  3.2844   3.8569  16.8852  17.4344
  3.7247   4.1055  18.5030  20.4508
  3.5291   4.1497  19.0548  20.6768
  2.7286   4.2978  19.6284  20.3541
  3.3700   4.0213  19.9197  20.0958
  3.4024   3.9193  19.6700  20.1155
  3.3587   3.8379  19.5131  20.0815
  3.2771   3.7670  19.3631  20.0439
  3.2419   3.6793  19.2145  20.0060
  3.4460   3.5297  19.0665  19.9683
  3.0836   3.5418  18.9200  19.9300
  3.0401   3.4641  18.7739  19.8922
  2.9968   3.3871  18.6284  19.8544
  2.9525   3.3110  18.4838  19.8166
  3.1736   3.1613  18.3394  19.7792
  2.8445   3.1662  18.1966  19.7412
  3.0441   3.0240  18.0537  19.7038
  2.7408   3.0226  17.9122  19.6659
  2.6872   2.9521  17.7711  19.6284
  2.8141   2.8319  17.6304  19.5911
  1.8726   3.0077  17.4920  19.5525
  2.0743   2.8662  17.3526  19.5154
  2.3470   2.7085  17.2137  19.4783
  2.4064   2.5960  17.0760  19.4411
  2.5218   2.4850  16.9389  19.4039
  2.4724   2.4209  16.8027  19.3666
  2.2453   2.4042  16.6674  19.3291
  2.2134   2.3348  16.5325  19.2919
  2.2928   2.2362  16.3982  19.2548
  2.2345   2.1746  16.2647  19.2176
  2.1790   2.1127  16.1318  19.1804
  2.0200   2.0782  15.9998  19.1431
  1.9673   2.0161  15.8683  19.1060
  1.9149   1.9544  15.7375  19.0688
  1.9450   1.8727  15.6073  19.0318
  1.8942   1.8133  15.4778  18.9948
  1.8397   1.7565  15.3491  18.9577
  1.7906   1.7000  15.2209  18.9206
  1.6584   1.6652  15.0936  18.8834
  1.6838   1.5906  14.9667  18.8465
  1.4063   1.5935  14.8408  18.8092
  0.9355   1.6432  14.7158  18.7716
  1.5066   1.4318  14.5903  18.7353
  1.4442   1.3823  14.4662  18.6982
  1.4285   1.3198  14.3427  18.6612
  1.3712   1.2683  14.2200  18.6241
  1.3179   1.2163  14.0980  18.5870
  1.2651   1.1646  13.9766  18.5499
  1.2305   1.1090  13.8559  18.5128
  1.1785   1.0580  13.7359  18.4756
  1.1296   1.0067  13.6165  18.4385
  1.0859   0.9547  13.4979  18.4013
  1.0367   0.9043  13.3799  18.3641
  0.9872   0.8545  13.2626  18.3268
  0.9363   0.8053  13.1460  18.2895
  0.8812   0.7575  13.0301  18.2522
  0.8173   0.7121  12.9148  18.2148
  0.7452   0.6689  12.8003  18.1774
  0.6698   0.6268  12.6864  18.1399
  0.5937   0.5852  12.5732  18.1024
  0.5178   0.5439  12.4608  18.0649
  0.4426   0.5028  12.3490  18.0273
  0.3683   0.4620  12.2379  17.9896
  0.2951   0.4214  12.1276  17.9519
  0.2242   0.3818  12.0179  17.9141
  0.2527   0.4069  11.9089  17.8765
  0.3586   0.4826  11.8005  17.8390
  0.3759   0.4996  11.6929  17.8012
  0.3902   0.5143  11.5860  17.7634
  0.2633   0.6553  11.4799  17.7254
  0.2851   0.6357  11.3744  17.6874
  0.3080   0.6153  11.2695  17.6493
  0.3248   0.6017  11.1654  17.6111
  0.3362   0.5937  11.0620  17.5729
  0.2974   0.6371  10.9593  17.5345
  0.3467   0.5907  10.8573  17.4961
  0.3530   0.5882  10.7560  17.4576
  0.3563   0.5887  10.6554  17.4191
  0.3596   0.5892  10.5555  17.3804
  0.3628   0.5897  10.4563  17.3417
  0.3660   0.5903  10.3578  17.3028
  0.3692   0.5909  10.2600  17.2639
  0.3724   0.5913  10.1629  17.2249
  0.3757   0.5917  10.0664  17.1858
  0.3961   0.5760   9.9706  17.1467
  0.3955   0.5801   9.8755  17.1074
  0.3997   0.5796   9.7810  17.0681
  0.4098   0.5738   9.6872  17.0287
  0.4211   0.5669   9.5940  16.9892
 -0.8536   1.7771   9.4971  16.9484
  0.4708   0.5161   9.4118  16.9101
  0.4954   0.5109   9.3207  16.8704
  0.5116   0.5005   9.2301  16.8306
  0.5305   0.4873   9.1401  16.7907
  0.5860   0.4336   9.0505  16.7508
  0.5921   0.4272   8.9617  16.7109
  0.5856   0.4020   8.8734  16.6708
  0.5189   0.3034   8.7852  16.6305
  0.4756   0.2739   8.6982  16.5905
  0.5427   0.3439   8.6126  16.5509
  0.4432   0.2349   8.5261  16.5106
  0.4367   0.2256   8.4411  16.4708
  0.4449   0.2334   8.3567  16.4312
  0.4620   0.2432   8.2729  16.3916
  0.4639   0.2559   8.1895  16.3521
  0.4777   0.2670   8.1065  16.3126
  0.4896   0.2785   8.0238  16.2733
  0.5017   0.2898   7.9414  16.2342
  0.5295   0.2989   7.8592  16.1952
 -1.0058   0.7637   7.7714  16.1537
  0.1926  -0.0564   7.6989  16.1201
  0.4353   0.2125   7.6224  16.0863
  0.2052  -0.0441   7.5443  16.0491
  0.2331  -0.0250   7.4653  16.0151
  0.2877   0.0447   7.3859  15.9815
  0.2710   0.0065   7.3061  15.9501
  0.3249   0.0832   7.2251  15.9220
  0.2167  -0.0411   7.1427  15.9015
  0.2103  -0.0457   7.0522  15.8934
  0.0000   0.0000   0.0000   0.0000
  1.4182  -1.0459  10.4903  12.6272
  1.5033  -1.0499  12.4020  14.4623
  1.4727  -0.9431  12.5524  14.8826
  1.4330  -0.8375  12.7654  14.9410
  1.3935  -0.7429  12.6488  15.0862
  1.3554  -0.6586  12.7038  15.1495
  1.3185  -0.5838  12.7239  15.2259
  1.2828  -0.5175  12.7612  15.2955
  1.2480  -0.4588  12.8071  15.3613
  1.2142  -0.4068  12.9408  15.3912
  1.1812  -0.3608  13.0536  15.4302
  1.1488  -0.3202  13.1211  15.4883
  1.1168  -0.2846  13.0282  15.6115
  1.0854  -0.2531  12.9735  15.7187
  1.0549  -0.2252  13.2321  15.7008
  1.0244  -0.2007  13.2580  15.7764
  0.9940  -0.1794  13.0829  15.9313
  0.9642  -0.1606  13.1148  16.0042
  0.9346  -0.1440  13.1486  16.0763
  0.9052  -0.1296  13.1755  16.1513
  0.8762  -0.1168  13.4272  16.1399
  0.8470  -0.1058  13.4383  16.2217
  0.8180  -0.0962  13.4509  16.3028
  0.7890  -0.0878  13.4650  16.3835
  0.7601  -0.0806  13.4803  16.4636
  0.7312  -0.0743  13.4968  16.5433
  0.7024  -0.0689  13.5143  16.6227
  0.6735  -0.0642  13.5327  16.7017
  0.6447  -0.0603  13.5518  16.7804
  0.6158  -0.0569  13.5717  16.8588
  0.5868  -0.0541  13.5921  16.9371
  0.5579  -0.0517  13.6130  17.0151
  0.5289  -0.0497  13.6343  17.0930
  0.4998  -0.0481  13.6559  17.1708
  0.4707  -0.0467  13.6777  17.2484
  0.4415  -0.0457  13.6997  17.3259
  0.4122  -0.0449  13.7217  17.4034
  0.3829  -0.0443  13.7438  17.4808
  0.3535  -0.0438  13.7658  17.5581
  0.3240  -0.0435  13.7876  17.6354
  0.2945  -0.0434  13.8093  17.7126
  0.2649  -0.0433  13.8307  17.7898
  0.2352  -0.0433  13.8519  17.8670
  0.2055  -0.0434  13.8727  17.9442
  0.1757  -0.0436  13.8932  18.0213
  0.1458  -0.0438  13.9132  18.0983
  0.1158  -0.0440  13.9328  18.1753
  0.0858  -0.0442  13.9518  18.2523
  0.0558  -0.0444  13.9704  18.3292
  0.0256  -0.0446  13.9883  18.4061
 -0.0045  -0.0447  14.0057  18.4828
 -0.0348  -0.0449  14.0224  18.5595
 -0.0651  -0.0449  14.0385  18.6361
 -0.0954  -0.0450  14.0539  18.7126
 -0.1258  -0.0449  14.0686  18.7889
 -0.1563  -0.0448  14.0826  18.8651
 -0.1868  -0.0445  14.0959  18.9412
 -0.2173  -0.0442  14.1083  19.0170
 -0.2479  -0.0437  14.1200  19.0927
 -0.2785  -0.0431  14.1308  19.1681
 -0.3092  -0.0424  14.1409  19.2433
 -0.3399  -0.0414  14.1501  19.3183
 -0.3706  -0.0403  14.1584  19.3929
 -0.4014  -0.0390  14.1659  19.4673
 -0.4322  -0.0375  14.1725  19.5413
 -0.4631  -0.0357  14.1782  19.6149
 -0.4940  -0.0337  14.1829  19.6882
 -0.5250  -0.0314  14.1868  19.7610
 -0.5560  -0.0287  14.1897  19.8335
 -0.5871  -0.0257  14.1917  19.9054
 -0.6182  -0.0223  14.1926  19.9769
 -0.6494  -0.0184  14.1927  20.0478
 -0.6807  -0.0141  14.1917  20.1182
 -0.7120  -0.0093  14.1897  20.1879
 -0.7434  -0.0039  14.1868  20.2571
 -0.7749   0.0021  14.1828  20.3256
 -0.8064   0.0088  14.1777  20.3933
 -0.8381   0.0162  14.1717  20.4604
 -0.8699   0.0245  14.1645  20.5267
 -0.9017   0.0337  14.1563  20.5921
 -0.9337   0.0439  14.1470  20.6567
 -0.9657   0.0552  14.1365  20.7204
 -0.9979   0.0677  14.1250  20.7832
 -1.0301   0.0816  14.1123  20.8449
 -1.0625   0.0970  14.0984  20.9056
 -1.0949   0.1140  14.0834  20.9652
 -1.1275   0.1328  14.0671  21.0236
 -1.1601   0.1536  14.0496  21.0808
 -1.1927   0.1765  14.0308  21.1366
 -1.2254   0.2020  14.0107  21.1910
 -1.2581   0.2300  13.9893  21.2439
 -1.2908   0.2611  13.9664  21.2952
 -1.3233   0.2954  13.9420  21.3446
 -1.3557   0.3334  13.9160  21.3921
 -1.3879   0.3753  13.8883  21.4374
 -1.4195   0.4217  13.8587  21.4802
 -1.4501   0.4729  13.8269  21.5199
 -1.4789   0.5294  13.7923  21.5557
 -1.5019   0.5911  13.7541  21.5862
  0.1075   0.3950  13.7487  19.3901
  0.1171   0.3413  13.6875  19.3723
  0.1271   0.2928  13.6281  19.3548
  0.1377   0.2493  13.5669  19.3373
  0.1485   0.2100  13.5086  19.3200
  0.1596   0.1747  13.4463  19.3028
  0.1709   0.1428  13.3864  19.2858
  0.1823   0.1142  13.3267  19.2690
  0.1936   0.0883  13.2649  19.2523
  0.2050   0.0651  13.2045  19.2358
  0.2162   0.0441  13.1673  19.2212
  0.2273   0.0252  13.0848  19.2034
  0.2382   0.0081  13.0235  19.1874
  0.2489  -0.0073  12.9630  19.1715
  0.2593  -0.0212  12.9027  19.1559
  0.2694  -0.0338  12.8423  19.1405
  0.2792  -0.0451  12.7820  19.1252
  0.2887  -0.0554  12.7217  19.1101
  0.2977  -0.0647  12.6615  19.0953
  0.3064  -0.0731  12.6014  19.0806
  0.3147  -0.0808  12.5413  19.0660
  0.3226  -0.0877  12.4813  19.0517
  0.3301  -0.0941  12.4214  19.0376
  0.3371  -0.0998  12.3618  19.0236
  0.3436  -0.1051  12.3025  19.0099
  0.3497  -0.1099  12.2440  18.9965
  0.3553  -0.1143  12.1874  18.9835
  0.3605  -0.1183  12.1356  18.9713
  0.3651  -0.1220  12.0963  18.9611
  0.3693  -0.1254  12.0062  18.9439
  0.3729  -0.1285  11.9452  18.9309
  0.3761  -0.1314  11.8847  18.9182
  0.3788  -0.1341  11.8246  18.9056
  0.3809  -0.1365  11.7649  18.8932
  0.3826  -0.1388  11.7054  18.8810
  0.3837  -0.1409  11.6461  18.8690
  0.3843  -0.1428  11.5868  18.8570
  0.3844  -0.1446  11.5276  18.8452
  0.3840  -0.1463  11.4808  18.8357
  0.3831  -0.1478  11.4092  18.8218
  0.3816  -0.1492  11.3501  18.8102
  0.3796  -0.1504  11.3225  18.8047
  0.3771  -0.1515  11.2704  18.7947
  0.3741  -0.1525  11.1888  18.7790
  0.3705  -0.1534  11.1200  18.7658
  0.3665  -0.1542  11.0567  18.7536
  0.3618  -0.1548  10.9952  18.7417
  0.3567  -0.1553  10.9359  18.7303
  0.3510  -0.1557  10.8766  18.7188
  0.3447  -0.1560  10.8172  18.7072
  0.3379  -0.1561  10.7577  18.6956
  0.3306  -0.1560  10.6982  18.6838
  0.3227  -0.1558  10.6385  18.6719
  0.3143  -0.1554  10.5787  18.6599
  0.3053  -0.1549  10.5188  18.6476
  0.2958  -0.1541  10.4587  18.6351
  0.2857  -0.1532  10.4073  18.6245
  0.2750  -0.1520  10.3491  18.6120
  0.2637  -0.1506  10.2888  18.5987
  0.2519  -0.1490  10.2369  18.5873
  0.2395  -0.1471  10.1636  18.5701
  0.2265  -0.1449  10.1018  18.5555
  0.2129  -0.1424  10.0408  18.5406
  0.1987  -0.1395   9.9777  18.5248
  0.1838  -0.1363   9.9174  18.5093
  0.1683  -0.1327   9.8537  18.4923
  0.1522  -0.1286   9.7898  18.4747
  0.1355  -0.1242   9.7256  18.4563
  0.1181  -0.1192   9.6608  18.4372
  0.1000  -0.1136   9.5956  18.4173
  0.0812  -0.1075   9.5298  18.3964
  0.0617  -0.1007   9.4632  18.3745
  0.0415  -0.0932   9.3960  18.3515
  0.0205  -0.0850   9.3279  18.3274
 -0.0012  -0.0759   9.2588  18.3020
 -0.0237  -0.0660   9.1888  18.2752
 -0.0471  -0.0550   9.1177  18.2470
 -0.0712  -0.0430   9.0453  18.2172
 -0.0962  -0.0297   8.9716  18.1857
  0.0000   0.0000   0.0000   0.0000
 -1.7713  -0.3046   1.7315  -3.1584
 -1.7141  -0.2482   1.5641  -2.4490
 -1.6570  -0.2014   1.4183  -1.8942
 -1.6002  -0.1623   1.2903  -1.4612
 -1.5438  -0.1296   1.1768  -1.1241
 -1.4880  -0.1021   1.0751  -0.8622
 -1.4328  -0.0789   0.9831  -0.6590
 -1.3783  -0.0591   0.8989  -0.5018
 -1.3244  -0.0423   0.8213  -0.3805
 -1.2713  -0.0279   0.7491  -0.2872
 -1.2190  -0.0154   0.6814  -0.2157
 -1.1675  -0.0046   0.6174  -0.1612
 -1.1167   0.0049   0.5568  -0.1200
 -1.0667   0.0132   0.4990  -0.0890
 -1.0176   0.0206   0.4436  -0.0661
 -0.9692   0.0271   0.3906  -0.0493
 -0.9216   0.0330   0.3395  -0.0374
 -0.8747   0.0383   0.2904  -0.0291
 -0.8287   0.0431   0.2429  -0.0237
 -0.7834   0.0474   0.1971  -0.0204
 -0.7389   0.0514   0.1529  -0.0188
 -0.6951   0.0551   0.1101  -0.0184
 -0.6521   0.0584   0.0688  -0.0189
 -0.6098   0.0615   0.0289  -0.0201
 -0.5683   0.0644  -0.0097  -0.0218
 -0.5275   0.0671  -0.0469  -0.0237
 -0.4874   0.0696  -0.0828  -0.0258
 -0.4481   0.0720  -0.1175  -0.0281
 -0.4094   0.0742  -0.1509  -0.0303
 -0.3715   0.0762  -0.1830  -0.0325
 -0.3342   0.0781  -0.2139  -0.0346
 -0.2977   0.0800  -0.2435  -0.0366
 -0.2618   0.0817  -0.2720  -0.0385
 -0.2267   0.0833  -0.2992  -0.0402
 -0.1922   0.0848  -0.3252  -0.0417
 -0.1584   0.0862  -0.3500  -0.0431
 -0.1253   0.0875  -0.3737  -0.0443
 -0.0928   0.0887  -0.3962  -0.0452
 -0.0610   0.0899  -0.4174  -0.0460
 -0.0299   0.0910  -0.4376  -0.0466
  0.0005   0.0920  -0.4565  -0.0470
  0.0303   0.0930  -0.4743  -0.0472
  0.0594   0.0939  -0.4910  -0.0472
  0.0879   0.0947  -0.5064  -0.0471
  0.1157   0.0955  -0.5208  -0.0467
  0.1428   0.0963  -0.5340  -0.0462
  0.1692   0.0969  -0.5461  -0.0455
  0.1950   0.0975  -0.5570  -0.0447
  0.2202   0.0981  -0.5668  -0.0437
  0.2447   0.0986  -0.5754  -0.0425
  0.2685   0.0991  -0.5830  -0.0412
  0.2916   0.0995  -0.5894  -0.0397
  0.3141   0.0999  -0.5946  -0.0382
  0.3359   0.1002  -0.5988  -0.0364
  0.3570   0.1005  -0.6018  -0.0346
  0.3775   0.1007  -0.6037  -0.0326
  0.3973   0.1009  -0.6045  -0.0306
  0.4164   0.1011  -0.6042  -0.0284
  0.4349   0.1012  -0.6027  -0.0261
  0.4526   0.1012  -0.6001  -0.0237
  0.4697   0.1012  -0.5964  -0.0213
  0.4861   0.1012  -0.5916  -0.0187
  0.5018   0.1011  -0.5856  -0.0161
  0.5168   0.1010  -0.5786  -0.0134
  0.5312   0.1009  -0.5703  -0.0107
  0.5448   0.1007  -0.5610  -0.0079
  0.5577   0.1004  -0.5505  -0.0051
  0.5699   0.1001  -0.5388  -0.0022
  0.5814   0.0998  -0.5260   0.0007
  0.5922   0.0994  -0.5121   0.0037
  0.6023   0.0990  -0.4970   0.0067
  0.6116   0.0985  -0.4808   0.0097
  0.6203   0.0980  -0.4633   0.0127
  0.6282   0.0974  -0.4447   0.0157
  0.6353   0.0967  -0.4249   0.0187
  0.6418   0.0961  -0.4040   0.0217
  0.6474   0.0953  -0.3818   0.0248
  0.6524   0.0945  -0.3584   0.0278
  0.6566   0.0937  -0.3338   0.0307
  0.6600   0.0928  -0.3079   0.0337
  0.6627   0.0918  -0.2809   0.0367
  0.6647   0.0908  -0.2525   0.0396
  0.6658   0.0897  -0.2229   0.0425
  0.6662   0.0885  -0.1921   0.0453
  0.6659   0.0872  -0.1599   0.0481
  0.6647   0.0858  -0.1264   0.0509
  0.6628   0.0844  -0.0916   0.0537
  0.6601   0.0828  -0.0555   0.0564
  0.6567   0.0811  -0.0180   0.0592
  0.6524   0.0793   0.0208   0.0619
  0.6473   0.0773   0.0611   0.0646
  0.6415   0.0751   0.1028   0.0673
  0.6349   0.0728   0.1459   0.0701
  0.6274   0.0701   0.1904   0.0730
  0.6192   0.0672   0.2364   0.0759
  0.6102   0.0639   0.2840   0.0791
  0.6004   0.0602   0.3330   0.0824
  0.5898   0.0560   0.3837   0.0861
  0.5784   0.0511   0.4359   0.0901
  0.5662   0.0455   0.4897   0.0947
  0.5532   0.0390   0.5451   0.1000
  0.5395   0.0313   0.6022   0.1061
  0.5250   0.0223   0.6610   0.1134
  0.5098   0.0115   0.7216   0.1221
  0.4938  -0.0014   0.7839   0.1326
  0.4770  -0.0169   0.8481   0.1453
  0.4596  -0.0357   0.9141   0.1609
  0.4416  -0.0585   0.9819   0.1801
  0.4229  -0.0863   1.0517   0.2037
  0.4036  -0.1202   1.1235   0.2329
  0.3839  -0.1618   1.1974   0.2690
  0.3637  -0.2129   1.2733   0.3138
  0.3432  -0.2759   1.3513   0.3693
  0.3225  -0.3535   1.4315   0.4381
  0.3017  -0.4494   1.5140   0.5235
  0.2811  -0.5681   1.5988   0.6293
  0.2607  -0.7150   1.6859   0.7604
  0.0000   0.0000   0.0000   0.0000
-19.0103  22.2522   1.6440  -0.1673
-19.2204  22.1815   1.6030  -0.1527
-19.4309  22.1068   1.5625  -0.1398
-19.6420  22.0282   1.5225  -0.1284
-19.8535  21.9458   1.4830  -0.1183
-20.0653  21.8597   1.4440  -0.1094
-20.2775  21.7698   1.4055  -0.1016
-20.4900  21.6764   1.3674  -0.0947
-20.7027  21.5795   1.3296  -0.0887
-20.9155  21.4791   1.2922  -0.0835
-21.1285  21.3754   1.2552  -0.0790
-21.3414  21.2684   1.2184  -0.0752
-21.5544  21.1583   1.1819  -0.0719
-21.7673  21.0449   1.1457  -0.0691
-21.9800  20.9286   1.1096  -0.0667
-22.1925  20.8093   1.0738  -0.0648
-22.4046  20.6871   1.0382  -0.0632
-22.6164  20.5621   1.0027  -0.0619
-22.8278  20.4344   0.9673  -0.0609
-23.0386  20.3041   0.9320  -0.0601
-23.2487  20.1712   0.8968  -0.0596
-23.4582  20.0359   0.8617  -0.0592
-23.6670  19.8982   0.8266  -0.0590
-23.8748  19.7581   0.7914  -0.0589
-24.0818  19.6159   0.7563  -0.0589
-24.2877  19.4715   0.7212  -0.0591
-24.4925  19.3251   0.6860  -0.0593
-24.6961  19.1767   0.6507  -0.0596
-24.8984  19.0265   0.6153  -0.0599
-25.0994  18.8744   0.5797  -0.0603
-25.2989  18.7207   0.5441  -0.0608
-25.4969  18.5653   0.5082  -0.0612
-25.6932  18.4084   0.4722  -0.0617
-25.8878  18.2500   0.4360  -0.0621
-26.0806  18.0902   0.3996  -0.0626
-26.2715  17.9291   0.3629  -0.0631
-26.4603  17.7668   0.3259  -0.0636
-26.6471  17.6033   0.2887  -0.0640
-26.8316  17.4388   0.2512  -0.0644
-27.0139  17.2733   0.2133  -0.0649
-27.1937  17.1069   0.1751  -0.0653
-27.3710  16.9397   0.1366  -0.0656
-27.5457  16.7717   0.0977  -0.0660
-27.7177  16.6029   0.0583  -0.0663
-27.8868  16.4336   0.0186  -0.0665
-28.0530  16.2637  -0.0215  -0.0668
-28.2161  16.0934  -0.0621  -0.0670
-28.3760  15.9226  -0.1031  -0.0672
-28.5327  15.7514  -0.1447  -0.0673
-28.6859  15.5799  -0.1867  -0.0674
-28.8357  15.4082  -0.2292  -0.0674
-28.9818  15.2363  -0.2722  -0.0674
-29.1241  15.0642  -0.3157  -0.0673
-29.2627  14.8920  -0.3598  -0.0672
-29.3973  14.7198  -0.4044  -0.0670
-29.5278  14.5475  -0.4496  -0.0668
-29.6543  14.3752  -0.4954  -0.0664
-29.7765  14.2029  -0.5418  -0.0660
-29.8945  14.0306  -0.5888  -0.0655
-30.0082  13.8584  -0.6363  -0.0649
-30.1176  13.6861  -0.6845  -0.0642
-30.2226  13.5139  -0.7334  -0.0633
-30.3232  13.3416  -0.7828  -0.0623
-30.4194  13.1692  -0.8329  -0.0612
-30.5113  12.9966  -0.8837  -0.0598
-30.5990  12.8239  -0.9351  -0.0582
-30.6824  12.6509  -0.9872  -0.0564
-30.7617  12.4776  -1.0400  -0.0543
-30.8369  12.3037  -1.0934  -0.0518
-30.9082  12.1294  -1.1475  -0.0490
-30.9758  11.9543  -1.2022  -0.0458
-31.0398  11.7783  -1.2577  -0.0421
-31.1003  11.6014  -1.3138  -0.0379
-31.1578  11.4232  -1.3706  -0.0330
-31.2123  11.2436  -1.4281  -0.0274
-31.2644  11.0624  -1.4863  -0.0211
-31.3143  10.8793  -1.5451  -0.0138
-31.3629  10.6937  -1.6046  -0.0055
-31.4095  10.5060  -1.6647   0.0039
  0.0000   0.0000   0.0000   0.0000
  1.1741  -3.5012  -3.2574   0.3024
  1.0886  -2.7987  -3.1279   0.2475
  1.0103  -2.2330  -3.0024   0.2039
  0.9385  -1.7781  -2.8807   0.1693
  0.8726  -1.4129  -2.7625   0.1416
  0.8119  -1.1199  -2.6476   0.1195
  0.7556  -0.8852  -2.5359   0.1017
  0.7030  -0.6975  -2.4272   0.0873
  0.6538  -0.5474  -2.3215   0.0756
  0.6073  -0.4277  -2.2186   0.0661
  0.5633  -0.3323  -2.1185   0.0582
  0.5214  -0.2564  -2.0209   0.0516
  0.4813  -0.1962  -1.9260   0.0460
  0.4429  -0.1486  -1.8335   0.0413
  0.4060  -0.1111  -1.7433   0.0372
  0.3705  -0.0817  -1.6555   0.0336
  0.3362  -0.0587  -1.5700   0.0304
  0.3030  -0.0409  -1.4866   0.0275
  0.2710  -0.0273  -1.4054   0.0250
  0.2399  -0.0170  -1.3262   0.0226
  0.2098  -0.0093  -1.2490   0.0204
  0.1807  -0.0037  -1.1738   0.0184
  0.1525   0.0003  -1.1005   0.0165
  0.1251   0.0029  -1.0290   0.0148
  0.0986   0.0045  -0.9594   0.0131
  0.0730   0.0053  -0.8915   0.0116
  0.0481   0.0055  -0.8254   0.0102
  0.0241   0.0052  -0.7609   0.0089
  0.0009   0.0046  -0.6981   0.0077
 -0.0215   0.0036  -0.6368   0.0066
 -0.0432   0.0025  -0.5772   0.0056
 -0.0641   0.0013  -0.5190   0.0047
 -0.0842  -0.0000  -0.4624   0.0039
 -0.1035  -0.0014  -0.4072   0.0032
 -0.1221  -0.0027  -0.3535   0.0027
 -0.1399  -0.0041  -0.3012   0.0022
 -0.1570  -0.0054  -0.2502   0.0018
 -0.1733  -0.0067  -0.2006   0.0016
 -0.1889  -0.0079  -0.1523   0.0014
 -0.2037  -0.0091  -0.1054   0.0014
 -0.2178  -0.0102  -0.0597   0.0015
 -0.2312  -0.0112  -0.0153   0.0016
 -0.2438  -0.0121   0.0279   0.0019
 -0.2557  -0.0130   0.0699   0.0023
 -0.2669  -0.0137   0.1106   0.0028
 -0.2773  -0.0144   0.1502   0.0034
 -0.2871  -0.0150   0.1885   0.0041
 -0.2961  -0.0155   0.2258   0.0049
 -0.3043  -0.0159   0.2619   0.0058
 -0.3119  -0.0163   0.2968   0.0068
 -0.3187  -0.0166   0.3306   0.0079
 -0.3248  -0.0167   0.3633   0.0090
 -0.3302  -0.0169   0.3950   0.0103
 -0.3349  -0.0169   0.4255   0.0116
 -0.3388  -0.0169   0.4549   0.0130
 -0.3420  -0.0168   0.4833   0.0144
 -0.3445  -0.0166   0.5105   0.0160
 -0.3463  -0.0164   0.5368   0.0176
 -0.3473  -0.0161   0.5619   0.0192
 -0.3476  -0.0157   0.5860   0.0210
 -0.3472  -0.0153   0.6090   0.0227
 -0.3460  -0.0148   0.6310   0.0245
 -0.3441  -0.0143   0.6519   0.0264
 -0.3415  -0.0138   0.6718   0.0283
 -0.3381  -0.0131   0.6907   0.0302
 -0.3340  -0.0125   0.7084   0.0321
 -0.3291  -0.0118   0.7252   0.0341
 -0.3234  -0.0110   0.7408   0.0360
 -0.3171  -0.0103   0.7554   0.0380
 -0.3099  -0.0095   0.7690   0.0400
 -0.3020  -0.0086   0.7815   0.0420
 -0.2933  -0.0077   0.7929   0.0439
 -0.2839  -0.0068   0.8033   0.0459
 -0.2736  -0.0059   0.8126   0.0478
 -0.2626  -0.0049   0.8208   0.0497
 -0.2508  -0.0040   0.8280   0.0515
 -0.2381  -0.0030   0.8340   0.0533
 -0.2247  -0.0020   0.8390   0.0551
 -0.2105  -0.0009   0.8428   0.0568
 -0.1954   0.0001   0.8455   0.0584
 -0.1795   0.0012   0.8472   0.0599
 -0.1628   0.0023   0.8477   0.0614
 -0.1452   0.0034   0.8471   0.0628
 -0.1267   0.0045   0.8453   0.0641
 -0.1074   0.0057   0.8424   0.0652
 -0.0873   0.0069   0.8384   0.0663
 -0.0662   0.0081   0.8331   0.0672
 -0.0443   0.0093   0.8268   0.0679
 -0.0214   0.0106   0.8192   0.0685
  0.0023   0.0119   0.8105   0.0688
  0.0270   0.0133   0.8005   0.0689
  0.0526   0.0148   0.7894   0.0688
  0.0792   0.0164   0.7771   0.0684
  0.1067   0.0181   0.7635   0.0675
  0.1352   0.0200   0.7488   0.0663
  0.1646   0.0222   0.7328   0.0646
  0.1951   0.0246   0.7156   0.0622
  0.2265   0.0274   0.6972   0.0591
  0.2590   0.0306   0.6776   0.0550
  0.2925   0.0344   0.6568   0.0499
  0.3270   0.0390   0.6349   0.0433
  0.3625   0.0445   0.6118   0.0350
  0.3991   0.0512   0.5876   0.0244
  0.4367   0.0593   0.5623   0.0112
  0.4754   0.0693   0.5361  -0.0056
  0.5152   0.0817   0.5091  -0.0267
  0.5560   0.0971   0.4813  -0.0535
  0.5979   0.1162   0.4530  -0.0873
  0.6408   0.1401   0.4243  -0.1302
  0.6848   0.1699   0.3957  -0.1847
  0.7297   0.2071   0.3674  -0.2540
  0.7757   0.2539   0.3401  -0.3422
  0.8226   0.3124   0.3144  -0.4547
  0.8705   0.3859   0.2911  -0.5985
  0.9192   0.4782   0.2714  -0.7824
  0.9686   0.5939   0.2567  -1.0179
  1.0188   0.7393   0.2490  -1.3201
  0.0000   0.0000   0.0000   0.0000
  0.5603   0.4286  21.6494  32.8902
  0.5657   0.3755  21.5521  32.8895
  0.5708   0.3276  21.4513  32.8888
  0.5756   0.2842  21.3469  32.8880
  0.5801   0.2450  21.2391  32.8873
  0.5844   0.2096  21.1278  32.8865
  0.5886   0.1776  21.0131  32.8856
  0.5926   0.1488  20.8949  32.8848
  0.5965   0.1228  20.7732  32.8839
  0.6003   0.0993  20.6482  32.8830
  0.6040   0.0782  20.5198  32.8821
  0.6077   0.0591  20.3880  32.8812
  0.6113   0.0420  20.2529  32.8802
  0.6148   0.0266  20.1145  32.8792
  0.6184   0.0128  19.9729  32.8782
  0.6220   0.0004  19.8280  32.8771
  0.6256  -0.0107  19.6801  32.8760
  0.6292  -0.0206  19.5290  32.8749
  0.6328  -0.0294  19.3749  32.8738
  0.6365  -0.0373  19.2177  32.8726
  0.6402  -0.0443  19.0577  32.8714
  0.6440  -0.0506  18.8947  32.8702
  0.6479  -0.0561  18.7289  32.8689
  0.6518  -0.0609  18.5604  32.8676
  0.6559  -0.0652  18.3892  32.8663
  0.6600  -0.0689  18.2153  32.8650
  0.6642  -0.0721  18.0388  32.8635
  0.6685  -0.0749  17.8599  32.8621
  0.6729  -0.0773  17.6786  32.8606
  0.6774  -0.0793  17.4949  32.8591
  0.6821  -0.0810  17.3089  32.8575
  0.6868  -0.0824  17.1208  32.8559
  0.6917  -0.0835  16.9306  32.8543
  0.6966  -0.0844  16.7383  32.8526
  0.7017  -0.0851  16.5441  32.8508
  0.7070  -0.0856  16.3481  32.8490
  0.7123  -0.0860  16.1503  32.8471
  0.7178  -0.0861  15.9508  32.8452
  0.7234  -0.0862  15.7498  32.8432
  0.7291  -0.0861  15.5473  32.8411
  0.7350  -0.0859  15.3434  32.8390
  0.7410  -0.0857  15.1382  32.8368
  0.7471  -0.0854  14.9319  32.8345
  0.7534  -0.0850  14.7245  32.8321
  0.7598  -0.0846  14.5162  32.8297
  0.7663  -0.0841  14.3070  32.8271
  0.7730  -0.0837  14.0971  32.8245
  0.7798  -0.0832  13.8866  32.8217
  0.7868  -0.0828  13.6756  32.8188
  0.7938  -0.0823  13.4642  32.8158
  0.8010  -0.0819  13.2526  32.8127
  0.8084  -0.0816  13.0408  32.8094
  0.8159  -0.0813  12.8291  32.8060
  0.8235  -0.0811  12.6174  32.8024
  0.8313  -0.0810  12.4060  32.7987
  0.8392  -0.0810  12.1950  32.7947
  0.8472  -0.0811  11.9846  32.7906
  0.8554  -0.0813  11.7747  32.7862
  0.8637  -0.0818  11.5657  32.7816
  0.8722  -0.0823  11.3576  32.7768
  0.8808  -0.0832  11.1505  32.7716
  0.8895  -0.0842  10.9447  32.7662
  0.8984  -0.0855  10.7401  32.7604
  0.9075  -0.0870  10.5371  32.7543
  0.9166  -0.0889  10.3356  32.7477
  0.9259  -0.0912  10.1359  32.7408
  0.9354  -0.0938   9.9380  32.7333
  0.9450  -0.0969   9.7422  32.7253
  0.9547  -0.1004   9.5484  32.7168
  0.9646  -0.1044   9.3569  32.7075
  0.9747  -0.1091   9.1678  32.6976
  0.9849  -0.1144   8.9811  32.6868
  0.9952  -0.1204   8.7970  32.6751
  1.0057  -0.1271   8.6155  32.6624
  1.0164  -0.1348   8.4368  32.6485
  1.0272  -0.1434   8.2609  32.6334
  1.0382  -0.1530   8.0878  32.6167
  1.0493  -0.1638   7.9175  32.5983
  1.0607  -0.1759   7.7502  32.5780
  0.0000   0.0000   0.0000   0.0000
 -0.2678   0.2910  -1.3797  -1.4677
 -0.2445   0.2344  -1.3801  -1.2072
 -0.2220   0.1893  -1.3768  -0.9973
 -0.2002   0.1533  -1.3704  -0.8279
 -0.1791   0.1245  -1.3615  -0.6909
 -0.1586   0.1017  -1.3506  -0.5799
 -0.1387   0.0834  -1.3381  -0.4898
 -0.1194   0.0690  -1.3242  -0.4166
 -0.1006   0.0574  -1.3094  -0.3569
 -0.0824   0.0483  -1.2938  -0.3081
 -0.0647   0.0410  -1.2775  -0.2680
 -0.0475   0.0353  -1.2608  -0.2351
 -0.0309   0.0308  -1.2437  -0.2080
 -0.0147   0.0272  -1.2264  -0.1854
  0.0010   0.0244  -1.2089  -0.1667
  0.0162   0.0221  -1.1912  -0.1509
  0.0310   0.0204  -1.1735  -0.1377
  0.0453   0.0190  -1.1557  -0.1264
  0.0591   0.0180  -1.1379  -0.1168
  0.0725   0.0172  -1.1201  -0.1085
  0.0854   0.0165  -1.1024  -0.1013
  0.0979   0.0160  -1.0846  -0.0950
  0.1100   0.0157  -1.0669  -0.0894
  0.1217   0.0154  -1.0492  -0.0844
  0.1329   0.0151  -1.0316  -0.0799
  0.1437   0.0149  -1.0140  -0.0758
  0.1541   0.0148  -0.9964  -0.0721
  0.1641   0.0146  -0.9789  -0.0686
  0.1737   0.0145  -0.9614  -0.0654
  0.1828   0.0144  -0.9439  -0.0624
  0.1916   0.0143  -0.9264  -0.0595
  0.2000   0.0142  -0.9089  -0.0569
  0.2080   0.0140  -0.8914  -0.0543
  0.2156   0.0139  -0.8739  -0.0519
  0.2228   0.0138  -0.8563  -0.0495
  0.2296   0.0136  -0.8388  -0.0473
  0.2361   0.0134  -0.8212  -0.0451
  0.2421   0.0133  -0.8035  -0.0430
  0.2478   0.0131  -0.7858  -0.0409
  0.2531   0.0128  -0.7681  -0.0389
  0.2581   0.0126  -0.7502  -0.0370
  0.2626   0.0124  -0.7323  -0.0351
  0.2668   0.0121  -0.7142  -0.0332
  0.2707   0.0118  -0.6961  -0.0314
  0.2741   0.0115  -0.6778  -0.0297
  0.2772   0.0112  -0.6594  -0.0279
  0.2800   0.0109  -0.6409  -0.0262
  0.2823   0.0105  -0.6222  -0.0245
  0.2843   0.0101  -0.6033  -0.0229
  0.2860   0.0097  -0.5843  -0.0213
  0.2873   0.0093  -0.5651  -0.0197
  0.2882   0.0089  -0.5456  -0.0181
  0.2888   0.0085  -0.5260  -0.0166
  0.2890   0.0080  -0.5062  -0.0151
  0.2889   0.0075  -0.4861  -0.0135
  0.2884   0.0070  -0.4657  -0.0121
  0.2876   0.0065  -0.4451  -0.0106
  0.2864   0.0060  -0.4243  -0.0092
  0.2848   0.0055  -0.4031  -0.0077
  0.2829   0.0049  -0.3817  -0.0063
  0.2807   0.0043  -0.3599  -0.0049
  0.2780   0.0037  -0.3378  -0.0036
  0.2751   0.0031  -0.3154  -0.0022
  0.2718   0.0025  -0.2926  -0.0008
  0.2681   0.0019  -0.2694   0.0005
  0.2641   0.0012  -0.2458   0.0018
  0.2597   0.0005  -0.2219   0.0031
  0.2549  -0.0002  -0.1975   0.0044
  0.2498  -0.0009  -0.1728   0.0057
  0.2444  -0.0016  -0.1475   0.0070
  0.2386  -0.0023  -0.1218   0.0083
  0.2324  -0.0031  -0.0956   0.0095
  0.2259  -0.0039  -0.0690   0.0108
  0.2190  -0.0046  -0.0418   0.0120
  0.2118  -0.0054  -0.0141   0.0132
  0.2042  -0.0063   0.0142   0.0144
  0.1962  -0.0071   0.0430   0.0156
  0.1879  -0.0079   0.0724   0.0168
  0.1792  -0.0088   0.1024   0.0179
  0.1702  -0.0097   0.1331   0.0191
  0.1607  -0.0106   0.1643   0.0202
  0.1510  -0.0115   0.1963   0.0213
  0.1408  -0.0124   0.2289   0.0224
  0.1303  -0.0134   0.2622   0.0235
  0.1194  -0.0144   0.2963   0.0246
  0.1081  -0.0154   0.3311   0.0256
  0.0965  -0.0164   0.3666   0.0267
  0.0844  -0.0174   0.4030   0.0277
  0.0720  -0.0185   0.4401   0.0287
  0.0593  -0.0196   0.4781   0.0297
  0.0461  -0.0208   0.5170   0.0307
  0.0326  -0.0220   0.5567   0.0317
  0.0186  -0.0232   0.5974   0.0327
  0.0043  -0.0245   0.6390   0.0337
 -0.0104  -0.0259   0.6816   0.0347
 -0.0255  -0.0273   0.7251   0.0358
 -0.0409  -0.0289   0.7697   0.0369
 -0.0568  -0.0306   0.8153   0.0381
 -0.0731  -0.0324   0.8620   0.0394
 -0.0897  -0.0344   0.9099   0.0408
 -0.1068  -0.0366   0.9588   0.0425
 -0.1242  -0.0390   1.0090   0.0444
 -0.1421  -0.0418   1.0603   0.0466
 -0.1603  -0.0450   1.1129   0.0492
 -0.1789  -0.0486   1.1668   0.0525
 -0.1980  -0.0529   1.2220   0.0564
 -0.2174  -0.0579   1.2785   0.0613
 -0.2372  -0.0638   1.3364   0.0673
 -0.2574  -0.0708   1.3958   0.0748
 -0.2780  -0.0793   1.4566   0.0842
 -0.2989  -0.0894   1.5190   0.0959
 -0.3202  -0.1017   1.5829   0.1107
 -0.3419  -0.1167   1.6485   0.1292
 -0.3639  -0.1349   1.7157   0.1524
 -0.3863  -0.1572   1.7846   0.1815
  0.0000   0.0000   0.0000   0.0000
-24.1293  25.9753   1.7825  -0.3137
-24.3612  25.8062   1.7438  -0.2873
-24.5926  25.6323   1.7057  -0.2637
-24.8235  25.4537   1.6682  -0.2426
-25.0538  25.2707   1.6311  -0.2238
-25.2833  25.0833   1.5944  -0.2070
-25.5120  24.8918   1.5582  -0.1920
-25.7397  24.6964   1.5222  -0.1788
-25.9664  24.4972   1.4866  -0.1670
-26.1918  24.2943   1.4512  -0.1565
-26.4158  24.0880   1.4161  -0.1473
-26.6384  23.8785   1.3812  -0.1392
-26.8594  23.6659   1.3464  -0.1320
-27.0785  23.4505   1.3117  -0.1258
-27.2958  23.2323   1.2771  -0.1203
-27.5110  23.0117   1.2425  -0.1155
-27.7240  22.7887   1.2080  -0.1113
-27.9346  22.5636   1.1735  -0.1077
-28.1426  22.3366   1.1389  -0.1046
-28.3480  22.1078   1.1042  -0.1019
-28.5504  21.8775   1.0694  -0.0996
-28.7498  21.6459   1.0345  -0.0976
-28.9459  21.4131   0.9994  -0.0960
-29.1386  21.1793   0.9641  -0.0946
-29.3277  20.9448   0.9286  -0.0934
-29.5130  20.7097   0.8929  -0.0924
-29.6944  20.4742   0.8568  -0.0916
-29.8716  20.2386   0.8205  -0.0909
-30.0445  20.0029   0.7838  -0.0904
-30.2129  19.7673   0.7468  -0.0899
-30.3768  19.5321   0.7094  -0.0895
-30.5360  19.2973   0.6716  -0.0892
-30.6904  19.0630   0.6333  -0.0889
-30.8402  18.8295   0.5946  -0.0887
-30.9851  18.5967   0.5555  -0.0885
-31.1254  18.3648   0.5158  -0.0884
-31.2611  18.1338   0.4756  -0.0882
-31.3924  17.9038   0.4348  -0.0880
-31.5193  17.6747   0.3935  -0.0879
-31.6423  17.4464   0.3516  -0.0877
-31.7629  17.2186   0.3090  -0.0875
-31.8847  16.9898   0.2658  -0.0873
-32.0199  16.7555   0.2219  -0.0871
-32.2145  16.4980   0.1769  -0.0868
-32.4860  16.2104   0.1308  -0.0865
-32.5443  16.0045   0.0851  -0.0862
-32.5688  15.8115   0.0389  -0.0858
-32.7664  15.5515  -0.0089  -0.0854
-32.4256  15.4995  -0.0549  -0.0850
-32.5867  15.2535  -0.1040  -0.0846
-32.8091  14.9835  -0.1541  -0.0840
-32.7632  14.8175  -0.2038  -0.0835
-32.7590  14.6353  -0.2546  -0.0830
-32.7589  14.4515  -0.3061  -0.0824
-32.7616  14.2667  -0.3585  -0.0818
-32.7658  14.0813  -0.4117  -0.0811
-32.7710  13.8955  -0.4657  -0.0805
-32.7766  13.7095  -0.5206  -0.0798
-32.7824  13.5233  -0.5762  -0.0790
-32.7882  13.3371  -0.6328  -0.0783
-32.7938  13.1508  -0.6901  -0.0774
-32.7992  12.9645  -0.7483  -0.0766
-32.8043  12.7781  -0.8073  -0.0756
-32.8091  12.5915  -0.8672  -0.0746
-32.8136  12.4048  -0.9279  -0.0735
-32.8179  12.2179  -0.9894  -0.0722
-32.8219  12.0307  -1.0517  -0.0709
-32.8256  11.8432  -1.1149  -0.0693
-32.8290  11.6553  -1.1788  -0.0676
-32.8322  11.4670  -1.2436  -0.0656
-32.8352  11.2781  -1.3091  -0.0634
-32.8380  11.0886  -1.3755  -0.0608
-32.8405  10.8984  -1.4426  -0.0579
-32.8429  10.7075  -1.5105  -0.0545
-32.8450  10.5158  -1.5791  -0.0506
-32.8471  10.3230  -1.6485  -0.0462
-32.8489  10.1293  -1.7186  -0.0410
-32.8507   9.9345  -1.7894  -0.0351
-32.8522   9.7385  -1.8609  -0.0283
  0.0000   0.0000   0.0000   0.0000
  0.4061  -3.4876  -3.2299   0.3653
  0.3527  -2.8181  -3.0982   0.3077
  0.3032  -2.2716  -2.9709   0.2559
  0.2580  -1.8277  -2.8477   0.2114
  0.2170  -1.4684  -2.7285   0.1742
  0.1800  -1.1785  -2.6131   0.1434
  0.1464  -0.9451  -2.5015   0.1182
  0.1159  -0.7574  -2.3934   0.0976
  0.0881  -0.6067  -2.2888   0.0808
  0.0625  -0.4858  -2.1875   0.0670
  0.0390  -0.3889  -2.0893   0.0556
  0.0172  -0.3114  -1.9942   0.0462
 -0.0031  -0.2493  -1.9020   0.0383
 -0.0221  -0.1998  -1.8126   0.0317
 -0.0399  -0.1602  -1.7259   0.0261
 -0.0566  -0.1287  -1.6419   0.0213
 -0.0724  -0.1036  -1.5603   0.0171
 -0.0873  -0.0837  -1.4812   0.0134
 -0.1013  -0.0680  -1.4043   0.0102
 -0.1146  -0.0555  -1.3297   0.0073
 -0.1273  -0.0457  -1.2573   0.0047
 -0.1392  -0.0380  -1.1869   0.0023
 -0.1504  -0.0320  -1.1186   0.0001
 -0.1611  -0.0273  -1.0522  -0.0018
 -0.1711  -0.0237  -0.9876  -0.0037
 -0.1806  -0.0210  -0.9248  -0.0054
 -0.1895  -0.0189  -0.8637  -0.0069
 -0.1978  -0.0174  -0.8044  -0.0083
 -0.2056  -0.0162  -0.7466  -0.0097
 -0.2128  -0.0154  -0.6904  -0.0109
 -0.2195  -0.0148  -0.6357  -0.0120
 -0.2257  -0.0144  -0.5825  -0.0130
 -0.2314  -0.0142  -0.5306  -0.0138
 -0.2365  -0.0140  -0.4802  -0.0146
 -0.2412  -0.0140  -0.4310  -0.0153
 -0.2453  -0.0140  -0.3832  -0.0159
 -0.2489  -0.0140  -0.3366  -0.0164
 -0.2521  -0.0140  -0.2912  -0.0167
 -0.2547  -0.0141  -0.2470  -0.0170
 -0.2568  -0.0141  -0.2039  -0.0172
 -0.2585  -0.0141  -0.1619  -0.0173
 -0.2596  -0.0141  -0.1210  -0.0172
 -0.2603  -0.0141  -0.0811  -0.0171
 -0.2605  -0.0141  -0.0423  -0.0169
 -0.2602  -0.0140  -0.0044  -0.0166
 -0.2594  -0.0140   0.0324  -0.0162
 -0.2581  -0.0138   0.0684  -0.0157
 -0.2563  -0.0137   0.1034  -0.0151
 -0.2540  -0.0135   0.1375  -0.0144
 -0.2512  -0.0134   0.1707  -0.0136
 -0.2480  -0.0131   0.2030  -0.0127
 -0.2442  -0.0129   0.2345  -0.0118
 -0.2399  -0.0126   0.2652  -0.0108
 -0.2352  -0.0123   0.2950  -0.0096
 -0.2299  -0.0120   0.3241  -0.0084
 -0.2241  -0.0117   0.3523  -0.0072
 -0.2178  -0.0113   0.3798  -0.0058
 -0.2110  -0.0109   0.4065  -0.0044
 -0.2037  -0.0105   0.4325  -0.0029
 -0.1959  -0.0101   0.4577  -0.0014
 -0.1875  -0.0096   0.4822   0.0002
 -0.1786  -0.0091   0.5059   0.0019
 -0.1692  -0.0087   0.5289   0.0036
 -0.1592  -0.0082   0.5512   0.0054
 -0.1486  -0.0076   0.5728   0.0072
 -0.1375  -0.0071   0.5937   0.0091
 -0.1259  -0.0066   0.6140   0.0110
 -0.1136  -0.0060   0.6335   0.0130
 -0.1008  -0.0054   0.6523   0.0150
 -0.0874  -0.0048   0.6704   0.0170
 -0.0734  -0.0042   0.6879   0.0191
 -0.0588  -0.0036   0.7046   0.0212
 -0.0436  -0.0030   0.7207   0.0233
 -0.0277  -0.0024   0.7361   0.0254
 -0.0112  -0.0018   0.7508   0.0275
  0.0059  -0.0011   0.7648   0.0297
  0.0237  -0.0005   0.7782   0.0318
  0.0422   0.0002   0.7909   0.0339
  0.0614   0.0008   0.8028   0.0361
  0.0812   0.0015   0.8141   0.0382
  0.1018   0.0022   0.8247   0.0403
  0.1231   0.0029   0.8346   0.0424
  0.1451   0.0035   0.8438   0.0444
  0.1679   0.0042   0.8522   0.0465
  0.1914   0.0050   0.8600   0.0484
  0.2158   0.0057   0.8671   0.0503
  0.2409   0.0064   0.8734   0.0522
  0.2669   0.0072   0.8790   0.0539
  0.2936   0.0080   0.8838   0.0556
  0.3213   0.0089   0.8880   0.0572
  0.3498   0.0098   0.8913   0.0586
  0.3792   0.0107   0.8940   0.0598
  0.4095   0.0118   0.8958   0.0609
  0.4408   0.0129   0.8969   0.0617
  0.4730   0.0142   0.8972   0.0622
  0.5062   0.0157   0.8968   0.0623
  0.5404   0.0175   0.8955   0.0620
  0.5755   0.0195   0.8935   0.0611
  0.6118   0.0219   0.8907   0.0594
  0.6491   0.0248   0.8871   0.0569
  0.6875   0.0283   0.8828   0.0533
  0.7270   0.0325   0.8777   0.0482
  0.7676   0.0377   0.8719   0.0414
  0.8094   0.0442   0.8654   0.0322
  0.8523   0.0522   0.8583   0.0202
  0.8964   0.0621   0.8506   0.0045
  0.9418   0.0745   0.8425  -0.0160
  0.9883   0.0899   0.8340  -0.0424
  1.0361   0.1093   0.8254  -0.0766
  1.0851   0.1335   0.8169  -0.1207
  1.1354   0.1638   0.8088  -0.1776
  1.1869   0.2018   0.8015  -0.2508
  1.2396   0.2493   0.7956  -0.3453
  1.2935   0.3087   0.7917  -0.4673
  1.3485   0.3828   0.7909  -0.6251
  1.4047   0.4750   0.7944  -0.8301
  0.0000   0.0000   0.0000   0.0000
  0.9470   0.4491  23.2291  32.9348
  0.9373   0.3945  23.1260  32.9320
  0.9276   0.3450  23.0246  32.9375
  0.9182   0.3000  22.8451  32.9489
  0.9087   0.2592  22.7518  32.8881
  0.8997   0.2223  22.6852  32.9303
  0.8907   0.1888  22.5679  32.9320
  0.8820   0.1584  22.4467  32.9328
  0.8736   0.1309  22.3217  32.9328
  0.8654   0.1061  22.1930  32.9321
  0.8574   0.0837  22.0607  32.9306
  0.8497   0.0635  21.9248  32.9284
  0.8423   0.0454  21.7859  32.9263
  0.8352   0.0290  21.6443  32.9250
  0.8283   0.0143  21.5004  32.9250
  0.8218   0.0011  21.3559  32.9298
  0.8154  -0.0108  21.1849  32.8951
  0.8093  -0.0214  21.0311  32.8932
  0.8036  -0.0309  20.8897  32.9208
  0.7982  -0.0394  20.7307  32.9195
  0.7930  -0.0469  20.5866  32.9465
  0.7881  -0.0536  20.4220  32.9452
  0.7834  -0.0595  20.2544  32.9432
  0.7791  -0.0648  20.0846  32.9419
  0.7749  -0.0694  19.9045  32.9236
  0.7711  -0.0735  19.7298  32.9222
  0.7675  -0.0770  19.5541  32.9236
  0.7642  -0.0800  19.3758  32.9245
  0.7612  -0.0826  19.2048  33.0298
  0.7584  -0.0851  19.0288  32.9603
  0.7558  -0.0871  18.8423  32.9577
  0.7535  -0.0889  18.6557  32.9594
  0.7513  -0.0903  18.4109  32.8691
  0.7495  -0.0914  18.2488  32.9018
  0.7480  -0.0923  18.0826  32.9598
  0.7466  -0.0931  17.8866  32.9570
  0.7455  -0.0936  17.6894  32.9548
  0.7446  -0.0940  17.4908  32.9532
  0.7439  -0.0943  17.2910  32.9519
  0.7434  -0.0944  17.0899  32.9510
  0.7432  -0.0944  16.8877  32.9503
  0.7431  -0.0944  16.6844  32.9499
  0.7433  -0.0942  16.4801  32.9496
  0.7436  -0.0940  16.2749  32.9495
  0.7441  -0.0936  16.0456  32.8977
  0.7446  -0.0932  15.8006  32.8312
  0.7458  -0.0931  15.6573  32.9557
  0.7469  -0.0928  15.4477  32.9523
  0.7482  -0.0926  15.2379  32.9492
  0.7496  -0.0923  15.0279  32.9464
  0.7512  -0.0920  14.8177  32.9438
  0.7530  -0.0918  14.6076  32.9415
  0.7549  -0.0916  14.3974  32.9391
  0.7570  -0.0915  14.1875  32.9369
  0.7592  -0.0915  13.9787  32.9370
  0.7616  -0.0916  13.7695  32.9348
  0.7641  -0.0918  13.5613  32.9339
  0.7668  -0.0921  13.3539  32.9333
  0.7695  -0.0927  13.1473  32.9329
  0.7725  -0.0933  12.9418  32.9327
  0.7755  -0.0942  12.7375  32.9327
  0.7787  -0.0953  12.5344  32.9329
  0.7820  -0.0967  12.3329  32.9334
  0.7854  -0.0983  12.1331  32.9343
  0.7889  -0.1002  11.9350  32.9356
  0.7926  -0.1025  11.7390  32.9374
  0.7963  -0.1052  11.5453  32.9398
  0.8002  -0.1083  11.3539  32.9428
  0.8042  -0.1119  11.1651  32.9465
  0.8083  -0.1160  10.9791  32.9512
  0.8124  -0.1206  10.7777  32.9125
  0.8167  -0.1260  10.5986  32.9207
  0.8211  -0.1319  10.4050  32.8867
  0.8256  -0.1387  10.2232  32.8754
  0.8303  -0.1465  10.0746  32.9330
  0.8350  -0.1552   9.8956  32.9117
  0.8399  -0.1651   9.7426  32.9433
  0.8448  -0.1765   9.5446  32.8611
  0.8496  -0.1903   9.3647  32.8130
  0.0000   0.0000   0.0000   0.0000
 -0.3130   0.3558  -1.3132  -1.1207
 -0.2884   0.2845  -1.3066  -0.9243
 -0.2646   0.2275  -1.2985  -0.7670
 -0.2415   0.1820  -1.2891  -0.6406
 -0.2190   0.1457  -1.2787  -0.5389
 -0.1972   0.1167  -1.2674  -0.4568
 -0.1760   0.0935  -1.2554  -0.3905
 -0.1554   0.0750  -1.2429  -0.3367
 -0.1354   0.0603  -1.2300  -0.2930
 -0.1159   0.0486  -1.2168  -0.2573
 -0.0970   0.0393  -1.2034  -0.2281
 -0.0787   0.0319  -1.1898  -0.2041
 -0.0608   0.0261  -1.1760  -0.1843
 -0.0435   0.0215  -1.1622  -0.1678
 -0.0267   0.0179  -1.1484  -0.1541
 -0.0104   0.0151  -1.1345  -0.1425
  0.0055   0.0128  -1.1206  -0.1326
  0.0208   0.0111  -1.1067  -0.1242
  0.0357   0.0098  -1.0928  -0.1170
  0.0501   0.0088  -1.0790  -0.1107
  0.0640   0.0080  -1.0651  -0.1051
  0.0775   0.0075  -1.0512  -0.1002
  0.0905   0.0070  -1.0374  -0.0958
  0.1030   0.0067  -1.0236  -0.0917
  0.1151   0.0065  -1.0097  -0.0881
  0.1268   0.0063  -0.9959  -0.0847
  0.1380   0.0062  -0.9821  -0.0816
  0.1488   0.0061  -0.9682  -0.0786
  0.1592   0.0060  -0.9543  -0.0759
  0.1691   0.0059  -0.9404  -0.0732
  0.1787   0.0059  -0.9265  -0.0707
  0.1878   0.0058  -0.9125  -0.0683
  0.1964   0.0057  -0.8984  -0.0660
  0.2047   0.0057  -0.8843  -0.0638
  0.2125   0.0056  -0.8701  -0.0617
  0.2200   0.0055  -0.8559  -0.0596
  0.2270   0.0053  -0.8415  -0.0575
  0.2337   0.0052  -0.8271  -0.0556
  0.2399   0.0050  -0.8125  -0.0536
  0.2457   0.0048  -0.7978  -0.0517
  0.2512   0.0046  -0.7830  -0.0499
  0.2562   0.0044  -0.7681  -0.0481
  0.2609   0.0042  -0.7530  -0.0463
  0.2652   0.0039  -0.7377  -0.0446
  0.2691   0.0036  -0.7223  -0.0429
  0.2726   0.0033  -0.7067  -0.0412
  0.2757   0.0029  -0.6909  -0.0395
  0.2784   0.0026  -0.6749  -0.0379
  0.2808   0.0022  -0.6587  -0.0363
  0.2828   0.0018  -0.6423  -0.0347
  0.2844   0.0014  -0.6256  -0.0332
  0.2856   0.0009  -0.6087  -0.0316
  0.2864   0.0005  -0.5915  -0.0301
  0.2869  -0.0000  -0.5740  -0.0286
  0.2870  -0.0005  -0.5563  -0.0272
  0.2868  -0.0011  -0.5383  -0.0257
  0.2862  -0.0016  -0.5199  -0.0243
  0.2852  -0.0022  -0.5013  -0.0229
  0.2838  -0.0028  -0.4823  -0.0215
  0.2821  -0.0034  -0.4629  -0.0201
  0.2800  -0.0040  -0.4432  -0.0187
  0.2776  -0.0047  -0.4231  -0.0173
  0.2747  -0.0053  -0.4027  -0.0160
  0.2716  -0.0060  -0.3818  -0.0147
  0.2680  -0.0067  -0.3605  -0.0133
  0.2641  -0.0075  -0.3388  -0.0120
  0.2599  -0.0082  -0.3166  -0.0107
  0.2552  -0.0090  -0.2939  -0.0095
  0.2503  -0.0098  -0.2708  -0.0082
  0.2449  -0.0106  -0.2472  -0.0069
  0.2392  -0.0114  -0.2231  -0.0057
  0.2331  -0.0122  -0.1984  -0.0045
  0.2267  -0.0131  -0.1732  -0.0032
  0.2200  -0.0139  -0.1474  -0.0020
  0.2128  -0.0148  -0.1211  -0.0008
  0.2053  -0.0157  -0.0941   0.0003
  0.1975  -0.0166  -0.0666   0.0015
  0.1893  -0.0176  -0.0383   0.0027
  0.1807  -0.0185  -0.0095   0.0038
  0.1718  -0.0195   0.0201   0.0049
  0.1625  -0.0205   0.0503   0.0060
  0.1529  -0.0215   0.0813   0.0071
  0.1429  -0.0225   0.1130   0.0082
  0.1325  -0.0235   0.1455   0.0093
  0.1218  -0.0245   0.1788   0.0103
  0.1108  -0.0256   0.2128   0.0113
  0.0994  -0.0267   0.2477   0.0124
  0.0876  -0.0278   0.2835   0.0134
  0.0755  -0.0289   0.3201   0.0143
  0.0630  -0.0300   0.3577   0.0153
  0.0502  -0.0311   0.3962   0.0163
  0.0370  -0.0323   0.4356   0.0173
  0.0235  -0.0335   0.4761   0.0183
  0.0096  -0.0347   0.5175   0.0192
 -0.0047  -0.0360   0.5600   0.0203
 -0.0192  -0.0373   0.6035   0.0213
 -0.0342  -0.0386   0.6482   0.0224
 -0.0494  -0.0399   0.6940   0.0236
 -0.0650  -0.0413   0.7410   0.0250
 -0.0810  -0.0428   0.7891   0.0264
 -0.0973  -0.0443   0.8385   0.0281
 -0.1139  -0.0459   0.8892   0.0301
 -0.1309  -0.0476   0.9411   0.0325
 -0.1481  -0.0494   0.9945   0.0353
 -0.1657  -0.0513   1.0491   0.0387
 -0.1837  -0.0535   1.1052   0.0430
 -0.2019  -0.0558   1.1628   0.0482
 -0.2205  -0.0583   1.2218   0.0547
 -0.2393  -0.0611   1.2824   0.0629
 -0.2585  -0.0643   1.3445   0.0732
 -0.2779  -0.0679   1.4083   0.0860
 -0.2977  -0.0721   1.4737   0.1022
 -0.3177  -0.0769   1.5409   0.1226
 -0.3380  -0.0825   1.6098   0.1482
 -0.3585  -0.0890   1.6805   0.1803
  0.0000   0.0000   0.0000   0.0000
-24.5779  25.6805   1.8068  -0.2886
-24.7648  25.5009   1.7670  -0.2647
-24.9514  25.3175   1.7277  -0.2434
-25.1375  25.1302   1.6889  -0.2244
-25.3231  24.9394   1.6504  -0.2076
-25.5081  24.7450   1.6123  -0.1927
-25.6923  24.5474   1.5746  -0.1795
-25.8758  24.3467   1.5371  -0.1679
-26.0583  24.1431   1.4999  -0.1576
-26.2399  23.9366   1.4629  -0.1485
-26.4204  23.7276   1.4261  -0.1406
-26.5998  23.5161   1.3894  -0.1336
-26.7779  23.3023   1.3529  -0.1275
-26.9546  23.0863   1.3165  -0.1222
-27.1300  22.8684   1.2801  -0.1176
-27.3038  22.6487   1.2438  -0.1136
-27.4759  22.4273   1.2075  -0.1101
-27.6464  22.2044   1.1711  -0.1071
-27.8151  21.9802   1.1348  -0.1046
-27.9819  21.7547   1.0983  -0.1025
-28.1467  21.5282   1.0618  -0.1006
-28.3095  21.3008   1.0251  -0.0991
-28.4702  21.0726   0.9883  -0.0979
-28.6287  20.8437   0.9513  -0.0968
-28.7849  20.6144   0.9141  -0.0960
-28.9387  20.3847   0.8768  -0.0953
-29.0901  20.1548   0.8392  -0.0948
-29.2391  19.9247   0.8013  -0.0943
-29.3854  19.6947   0.7631  -0.0940
-29.5291  19.4648   0.7247  -0.0938
-29.6701  19.2351   0.6859  -0.0936
-29.8084  19.0057   0.6468  -0.0935
-29.9438  18.7768   0.6074  -0.0934
-30.0763  18.5485   0.5676  -0.0934
-30.2058  18.3208   0.5274  -0.0933
-30.3323  18.0938   0.4868  -0.0933
-30.4557  17.8676   0.4458  -0.0933
-30.5760  17.6424   0.4043  -0.0933
-30.6930  17.4182   0.3624  -0.0932
-30.8068  17.1950   0.3200  -0.0932
-30.9172  16.9729   0.2772  -0.0931
-31.0242  16.7521   0.2338  -0.0930
-31.1278  16.5325   0.1900  -0.0929
-31.2278  16.3142   0.1456  -0.0927
-31.3243  16.0973   0.1007  -0.0925
-31.4172  15.8817   0.0553  -0.0923
-31.5065  15.6676   0.0093  -0.0920
-31.5922  15.4549  -0.0372  -0.0917
-31.6745  15.2436  -0.0843  -0.0913
-31.7534  15.0337  -0.1320  -0.0909
-31.8293  14.8251  -0.1803  -0.0905
-31.9025  14.6174  -0.2291  -0.0900
-31.9740  14.4106  -0.2786  -0.0894
-32.0451  14.2040  -0.3286  -0.0888
-32.1179  13.9967  -0.3793  -0.0882
-32.1966  13.7873  -0.4307  -0.0875
-32.2886  13.5727  -0.4827  -0.0867
-32.4094  13.3472  -0.5355  -0.0858
-32.7066  13.0537  -0.5893  -0.0849
-32.6413  12.9004  -0.6428  -0.0838
-32.6908  12.7026  -0.6973  -0.0825
-32.7488  12.5013  -0.7524  -0.0810
-32.8480  12.2836  -0.8083  -0.0792
-32.7731  12.1323  -0.8645  -0.0773
-32.6805  11.9883  -0.9212  -0.0751
-32.6916  11.8038  -0.9789  -0.0726
-32.7020  11.6192  -1.0372  -0.0699
-32.7116  11.4344  -1.0961  -0.0668
-32.7204  11.2493  -1.1557  -0.0634
-32.7284  11.0639  -1.2159  -0.0596
-32.7356  10.8782  -1.2768  -0.0554
-32.7419  10.6919  -1.3383  -0.0507
-32.7475  10.5051  -1.4004  -0.0453
-32.7523  10.3176  -1.4631  -0.0394
-32.7563  10.1293  -1.5264  -0.0327
-32.7596   9.9402  -1.5904  -0.0253
-32.7621   9.7502  -1.6549  -0.0171
-32.7638   9.5591  -1.7200  -0.0080
-32.7646   9.3670  -1.7857   0.0020
  0.0000   0.0000   0.0000   0.0000
  2.2861  -3.8905  -2.3713   0.2116
  2.1419  -3.0405  -2.2687   0.1698
  2.0034  -2.4009  -2.1709   0.1385
  1.8684  -1.9040  -2.0771   0.1144
  1.7361  -1.5119  -1.9865   0.0957
  1.6063  -1.2008  -1.8989   0.0809
  1.4792  -0.9536  -1.8140   0.0691
  1.3547  -0.7578  -1.7316   0.0597
  1.2330  -0.6034  -1.6516   0.0521
  1.1141  -0.4822  -1.5738   0.0460
  0.9978  -0.3879  -1.4983   0.0410
  0.8844  -0.3150  -1.4249   0.0370
  0.7737  -0.2593  -1.3534   0.0337
  0.6658  -0.2171  -1.2840   0.0310
  0.5607  -0.1856  -1.2164   0.0288
  0.4583  -0.1622  -1.1506   0.0270
  0.3588  -0.1450  -1.0867   0.0255
  0.2620  -0.1323  -1.0245   0.0243
  0.1679  -0.1228  -0.9639   0.0232
  0.0765  -0.1154  -0.9050   0.0224
 -0.0125  -0.1096  -0.8477   0.0217
 -0.0997  -0.1055  -0.7920   0.0211
 -0.1862  -0.1046  -0.7378   0.0206
 -0.2755  -0.1132  -0.6853   0.0202
 -0.3859  -0.1557  -0.6342   0.0198
 -0.4859  -0.0890  -0.5842   0.0195
 -0.5736  -0.0539  -0.5348   0.0196
 -0.6495  -0.0342  -0.4865   0.0199
 -0.7143  -0.0226  -0.4393   0.0203
 -0.7683  -0.0158  -0.3936   0.0207
 -0.8123  -0.0121  -0.3492   0.0212
 -0.8470  -0.0105  -0.3063   0.0215
 -0.8735  -0.0107  -0.2649   0.0219
 -0.8927  -0.0127  -0.2251   0.0221
 -0.9060  -0.0170  -0.1867   0.0224
 -0.9143  -0.0250  -0.1498   0.0226
 -0.9240  -0.0195  -0.1142   0.0229
 -0.9318  -0.0112  -0.0800   0.0232
 -0.9372  -0.0013  -0.0470   0.0235
 -0.9399   0.0108  -0.0151   0.0240
 -0.9398   0.0263   0.0159   0.0246
 -0.9367   0.0478   0.0460   0.0253
 -0.9303   0.0808   0.0756   0.0262
 -0.9226   0.0872   0.1047   0.0273
 -0.9136   0.0904   0.1327   0.0283
 -0.9030   0.0936   0.1599   0.0293
 -0.8912   0.0964   0.1860   0.0303
 -0.8781   0.0987   0.2113   0.0313
 -0.8638   0.1001   0.2358   0.0323
 -0.8486   0.1008   0.2593   0.0333
 -0.8324   0.1006   0.2820   0.0342
 -0.8154   0.0998   0.3039   0.0352
 -0.7976   0.0984   0.3250   0.0362
 -0.7791   0.0967   0.3453   0.0372
 -0.7598   0.0948   0.3648   0.0383
 -0.7399   0.0928   0.3834   0.0393
 -0.7193   0.0908   0.4013   0.0404
 -0.6981   0.0889   0.4183   0.0414
 -0.6763   0.0872   0.4346   0.0425
 -0.6538   0.0856   0.4500   0.0437
 -0.6308   0.0841   0.4647   0.0448
 -0.6070   0.0829   0.4786   0.0460
 -0.5827   0.0818   0.4918   0.0472
 -0.5577   0.0810   0.5041   0.0484
 -0.5320   0.0802   0.5157   0.0496
 -0.5057   0.0797   0.5265   0.0509
 -0.4787   0.0793   0.5365   0.0521
 -0.4511   0.0789   0.5458   0.0534
 -0.4227   0.0787   0.5542   0.0547
 -0.3936   0.0786   0.5620   0.0561
 -0.3638   0.0785   0.5689   0.0574
 -0.3332   0.0785   0.5751   0.0588
 -0.3019   0.0785   0.5804   0.0602
 -0.2698   0.0786   0.5850   0.0616
 -0.2369   0.0786   0.5889   0.0630
 -0.2031   0.0787   0.5919   0.0644
 -0.1685   0.0788   0.5942   0.0659
 -0.1331   0.0788   0.5956   0.0673
 -0.0968   0.0789   0.5963   0.0688
 -0.0596   0.0789   0.5962   0.0702
 -0.0215   0.0789   0.5952   0.0717
  0.0176   0.0788   0.5935   0.0732
  0.0577   0.0788   0.5909   0.0746
  0.0987   0.0787   0.5876   0.0761
  0.1407   0.0785   0.5834   0.0776
  0.1838   0.0783   0.5783   0.0790
  0.2280   0.0781   0.5724   0.0805
  0.2732   0.0778   0.5657   0.0819
  0.3195   0.0775   0.5581   0.0832
  0.3669   0.0771   0.5497   0.0846
  0.4155   0.0767   0.5404   0.0859
  0.4653   0.0762   0.5302   0.0870
  0.5162   0.0757   0.5191   0.0881
  0.5683   0.0751   0.5071   0.0891
  0.6217   0.0745   0.4943   0.0898
  0.6762   0.0738   0.4806   0.0903
  0.7320   0.0730   0.4660   0.0905
  0.7891   0.0723   0.4505   0.0902
  0.8474   0.0715   0.4342   0.0894
  0.9070   0.0707   0.4171   0.0879
  0.9678   0.0699   0.3991   0.0854
  1.0299   0.0691   0.3805   0.0816
  1.0932   0.0683   0.3612   0.0762
  1.1578   0.0676   0.3415   0.0687
  1.2236   0.0671   0.3213   0.0584
  1.2905   0.0667   0.3010   0.0445
  1.3587   0.0666   0.2808   0.0259
  1.4280   0.0668   0.2611   0.0012
  1.4984   0.0675   0.2423  -0.0315
  1.5700   0.0688   0.2251  -0.0747
  1.6427   0.0708   0.2102  -0.1315
  1.7164   0.0738   0.1986  -0.2060
  1.7912   0.0782   0.1912  -0.3043
  1.8671   0.0842   0.1897  -0.4358
  1.9439   0.0924   0.1969  -0.6122
  2.0217   0.1034   0.2170  -0.8479
  2.1001   0.1185   0.2555  -1.1528
  2.1789   0.1386   0.3269  -1.6661
  2.2604   0.1662   0.5120  -2.8505
  0.0000   0.0000   0.0000   0.0000
 -0.0190   0.0052  21.7152  32.8358
 -0.0108  -0.0022  21.5734  32.8332
 -0.0023  -0.0088  21.4287  32.8306
  0.0065  -0.0147  21.2810  32.8279
  0.0158  -0.0199  21.1305  32.8251
  0.0253  -0.0245  20.9772  32.8221
  0.0352  -0.0285  20.8211  32.8191
  0.0455  -0.0321  20.6622  32.8160
  0.0561  -0.0352  20.5007  32.8128
  0.0671  -0.0379  20.3367  32.8094
  0.0784  -0.0402  20.1701  32.8060
  0.0901  -0.0422  20.0010  32.8024
  0.1021  -0.0439  19.8295  32.7986
  0.1144  -0.0453  19.6557  32.7947
  0.1271  -0.0464  19.4797  32.7907
  0.1401  -0.0474  19.3014  32.7865
  0.1534  -0.0481  19.1210  32.7821
  0.1671  -0.0487  18.9385  32.7776
  0.1811  -0.0490  18.7541  32.7728
  0.1954  -0.0493  18.5677  32.7679
  0.2100  -0.0494  18.3796  32.7627
  0.2250  -0.0493  18.1896  32.7573
  0.2402  -0.0492  17.9980  32.7516
  0.2557  -0.0490  17.8048  32.7457
  0.2716  -0.0487  17.6100  32.7394
  0.2877  -0.0483  17.4139  32.7329
  0.3041  -0.0479  17.2163  32.7260
  0.3208  -0.0474  17.0176  32.7188
  0.3378  -0.0469  16.8176  32.7111
  0.3551  -0.0463  16.6165  32.7031
  0.3726  -0.0457  16.4144  32.6945
  0.3904  -0.0451  16.2113  32.6855
  0.4084  -0.0445  16.0075  32.6759
  0.4267  -0.0438  15.8028  32.6658
  0.4452  -0.0432  15.5975  32.6549
  0.4640  -0.0426  15.3916  32.6434
  0.4830  -0.0420  15.1852  32.6311
  0.5023  -0.0415  14.9783  32.6179
  0.5218  -0.0410  14.7711  32.6037
  0.5415  -0.0405  14.5636  32.5885
  0.5614  -0.0401  14.3558  32.5721
  0.5815  -0.0397  14.1480  32.5544
  0.6018  -0.0394  13.9400  32.5352
  0.6223  -0.0392  13.7320  32.5145
  0.6430  -0.0391  13.5240  32.4920
  0.6639  -0.0391  13.3160  32.4674
  0.6849  -0.0392  13.1080  32.4406
  0.7062  -0.0394  12.9001  32.4114
  0.7276  -0.0398  12.6923  32.3794
  0.7491  -0.0403  12.4845  32.3442
  0.7708  -0.0411  12.2767  32.3057
  0.7927  -0.0420  12.0688  32.2633
  0.8147  -0.0431  11.8608  32.2168
  0.8369  -0.0445  11.6526  32.1656
  0.8592  -0.0461  11.4441  32.1095
  0.8816  -0.0481  11.2353  32.0479
  0.9042  -0.0503  11.0261  31.9806
  0.9268  -0.0529  10.8164  31.9071
  0.9496  -0.0559  10.6062  31.8273
  0.9726  -0.0593  10.3954  31.7408
  0.9956  -0.0632  10.1842  31.6477
  1.0187  -0.0676   9.9726  31.5478
  1.0420  -0.0726   9.7606  31.4412
  1.0653  -0.0783   9.5485  31.3281
  1.0888  -0.0846   9.3363  31.2085
  1.1123  -0.0917   9.1243  31.0828
  1.1360  -0.0996   8.9126  30.9512
  1.1597  -0.1085   8.7014  30.8140
  1.1835  -0.1183   8.4909  30.6715
  1.2075  -0.1294   8.2812  30.5239
  1.2315  -0.1417   8.0727  30.3715
  1.2557  -0.1553   7.8652  30.2147
  1.2800  -0.1705   7.6592  30.0535
  1.3044  -0.1873   7.4545  29.8884
  1.3289  -0.2060   7.2515  29.7193
  1.3536  -0.2267   7.0501  29.5466
  1.3784  -0.2497   6.8504  29.3704
  1.4033  -0.2751   6.6526  29.1908
  1.4284  -0.3032   6.4566  29.0079
  0.0000   0.0000   0.0000   0.0000
 -1.6132   0.0303   2.3383  -5.4063
 -1.5281   0.0233   1.3804  -3.8043
 -1.4437   0.0198   0.6191  -2.5733
 -1.3605   0.0185   0.0345  -1.6468
 -1.2786   0.0188  -0.3971  -0.9732
 -1.1982   0.0200  -0.7018  -0.5087
 -1.1193   0.0218  -0.9067  -0.2120
 -1.0422   0.0239  -1.0385  -0.0413
 -0.9667   0.0262  -1.1235   0.0479
 -0.8930   0.0286  -1.1825   0.0948
 -0.8209   0.0310  -1.2269   0.1181
 -0.7506   0.0335  -1.2615   0.1284
 -0.6819   0.0359  -1.2890   0.1309
 -0.6149   0.0381  -1.3109   0.1291
 -0.5496   0.0403  -1.3283   0.1247
 -0.4860   0.0424  -1.3419   0.1187
 -0.4240   0.0444  -1.3524   0.1114
 -0.3636   0.0462  -1.3601   0.1053
 -0.3048   0.0479  -1.3654   0.0996
 -0.2476   0.0494  -1.3686   0.0942
 -0.1919   0.0508  -1.3699   0.0892
 -0.1379   0.0521  -1.3695   0.0846
 -0.0853   0.0533  -1.3677   0.0806
 -0.0344   0.0543  -1.3644   0.0771
  0.0151   0.0552  -1.3599   0.0741
  0.0631   0.0560  -1.3542   0.0716
  0.1096   0.0567  -1.3474   0.0695
  0.1546   0.0572  -1.3397   0.0679
  0.1981   0.0577  -1.3310   0.0666
  0.2402   0.0581  -1.3214   0.0656
  0.2808   0.0583  -1.3110   0.0649
  0.3200   0.0585  -1.2999   0.0644
  0.3578   0.0585  -1.2879   0.0641
  0.3942   0.0585  -1.2753   0.0640
  0.4292   0.0584  -1.2620   0.0641
  0.4628   0.0582  -1.2481   0.0642
  0.4950   0.0579  -1.2335   0.0645
  0.5258   0.0576  -1.2183   0.0648
  0.5553   0.0572  -1.2026   0.0652
  0.5834   0.0567  -1.1862   0.0657
  0.6101   0.0561  -1.1692   0.0662
  0.6355   0.0554  -1.1517   0.0668
  0.6595   0.0547  -1.1336   0.0673
  0.6822   0.0540  -1.1150   0.0679
  0.7036   0.0531  -1.0958   0.0686
  0.7237   0.0522  -1.0760   0.0692
  0.7424   0.0512  -1.0557   0.0699
  0.7598   0.0502  -1.0348   0.0705
  0.7759   0.0491  -1.0134   0.0712
  0.7907   0.0480  -0.9914   0.0718
  0.8042   0.0468  -0.9688   0.0725
  0.8164   0.0456  -0.9456   0.0731
  0.8273   0.0442  -0.9218   0.0738
  0.8368   0.0429  -0.8973   0.0744
  0.8451   0.0415  -0.8723   0.0751
  0.8521   0.0400  -0.8467   0.0757
  0.8578   0.0385  -0.8203   0.0763
  0.8622   0.0370  -0.7934   0.0769
  0.8653   0.0354  -0.7657   0.0775
  0.8671   0.0337  -0.7374   0.0781
  0.8676   0.0320  -0.7084   0.0787
  0.8668   0.0303  -0.6786   0.0793
  0.8647   0.0286  -0.6481   0.0798
  0.8614   0.0268  -0.6168   0.0804
  0.8567   0.0249  -0.5848   0.0809
  0.8508   0.0230  -0.5519   0.0815
  0.8435   0.0211  -0.5183   0.0820
  0.8350   0.0192  -0.4838   0.0825
  0.8251   0.0172  -0.4484   0.0830
  0.8140   0.0152  -0.4122   0.0835
  0.8015   0.0132  -0.3750   0.0840
  0.7878   0.0111  -0.3369   0.0844
  0.7727   0.0090  -0.2979   0.0849
  0.7564   0.0069  -0.2578   0.0854
  0.7387   0.0048  -0.2168   0.0858
  0.7197   0.0026  -0.1747   0.0862
  0.6993   0.0005  -0.1316   0.0866
  0.6777  -0.0017  -0.0874   0.0871
  0.6547  -0.0039  -0.0421   0.0874
  0.6304  -0.0061   0.0044   0.0878
  0.6047  -0.0083   0.0520   0.0882
  0.5777  -0.0106   0.1009   0.0885
  0.5494  -0.0128   0.1510   0.0888
  0.5197  -0.0151   0.2023   0.0891
  0.4886  -0.0173   0.2550   0.0894
  0.4562  -0.0196   0.3090   0.0896
  0.4224  -0.0219   0.3644   0.0898
  0.3873  -0.0242   0.4211   0.0900
  0.3507  -0.0265   0.4793   0.0901
  0.3128  -0.0288   0.5390   0.0901
  0.2735  -0.0312   0.6002   0.0901
  0.2327  -0.0335   0.6629   0.0899
  0.1906  -0.0359   0.7272   0.0897
  0.1471  -0.0384   0.7931   0.0894
  0.1021  -0.0409   0.8607   0.0888
  0.0557  -0.0435   0.9301   0.0881
  0.0079  -0.0462   1.0011   0.0872
 -0.0414  -0.0490   1.0740   0.0860
 -0.0921  -0.0520   1.1487   0.0845
 -0.1442  -0.0552   1.2252   0.0825
 -0.1978  -0.0586   1.3037   0.0801
 -0.2529  -0.0623   1.3842   0.0771
 -0.3094  -0.0665   1.4667   0.0733
 -0.3674  -0.0712   1.5513   0.0686
 -0.4269  -0.0764   1.6380   0.0628
 -0.4878  -0.0825   1.7268   0.0556
 -0.5502  -0.0895   1.8179   0.0468
 -0.6141  -0.0978   1.9113   0.0358
 -0.6794  -0.1076   2.0070   0.0223
 -0.7461  -0.1192   2.1051   0.0055
 -0.8143  -0.1332   2.2056  -0.0151
 -0.8839  -0.1501   2.3087  -0.0405
 -0.9548  -0.1705   2.4143  -0.0719
 -1.0271  -0.1954   2.5226  -0.1105
 -1.1007  -0.2256   2.6335  -0.1582
  0.0000   0.0000   0.0000   0.0000
-17.6864  28.5855   1.8957  -0.6854
-17.9788  28.4206   1.8444  -0.6146
-18.2717  28.2498   1.7943  -0.5510
-18.5651  28.0732   1.7453  -0.4938
-18.8587  27.8910   1.6973  -0.4425
-19.1526  27.7033   1.6504  -0.3964
-19.4465  27.5102   1.6044  -0.3551
-19.7403  27.3118   1.5593  -0.3181
-20.0339  27.1083   1.5150  -0.2850
-20.3271  26.8999   1.4715  -0.2554
-20.6198  26.6867   1.4288  -0.2290
-20.9119  26.4688   1.3868  -0.2054
-21.2031  26.2465   1.3453  -0.1844
-21.4934  26.0199   1.3045  -0.1656
-21.7826  25.7891   1.2642  -0.1490
-22.0704  25.5544   1.2244  -0.1342
-22.3568  25.3160   1.1851  -0.1212
-22.6417  25.0739   1.1462  -0.1096
-22.9247  24.8285   1.1076  -0.0994
-23.2059  24.5798   1.0693  -0.0904
-23.4850  24.3281   1.0313  -0.0825
-23.7618  24.0736   0.9935  -0.0756
-24.0363  23.8164   0.9560  -0.0695
-24.3083  23.5567   0.9186  -0.0642
-24.5776  23.2948   0.8813  -0.0596
-24.8441  23.0308   0.8441  -0.0556
-25.1076  22.7649   0.8069  -0.0522
-25.3680  22.4973   0.7698  -0.0492
-25.6252  22.2281   0.7326  -0.0466
-25.8789  21.9577   0.6953  -0.0444
-26.1291  21.6861   0.6580  -0.0426
-26.3756  21.4136   0.6205  -0.0410
-26.6183  21.1404   0.5829  -0.0397
-26.8570  20.8665   0.5451  -0.0386
-27.0915  20.5923   0.5071  -0.0377
-27.3217  20.3179   0.4688  -0.0369
-27.5475  20.0434   0.4302  -0.0363
-27.7686  19.7692   0.3913  -0.0358
-27.9850  19.4952   0.3521  -0.0354
-28.1964  19.2218   0.3125  -0.0352
-28.4027  18.9491   0.2726  -0.0349
-28.6037  18.6772   0.2321  -0.0348
-28.7992  18.4064   0.1913  -0.0347
-28.9890  18.1368   0.1499  -0.0346
-29.1730  17.8685   0.1081  -0.0347
-29.3510  17.6018   0.0657  -0.0347
-29.5227  17.3367   0.0228  -0.0348
-29.6881  17.0734  -0.0206  -0.0349
-29.8470  16.8121  -0.0647  -0.0351
-29.9993  16.5529  -0.1094  -0.0353
-30.1447  16.2958  -0.1547  -0.0355
-30.2834  16.0410  -0.2007  -0.0358
-30.4151  15.7886  -0.2474  -0.0361
-30.5399  15.5385  -0.2948  -0.0365
-30.6578  15.2909  -0.3429  -0.0370
-30.7690  15.0458  -0.3917  -0.0375
-30.8734  14.8030  -0.4413  -0.0381
-30.9713  14.5627  -0.4917  -0.0388
-31.0629  14.3247  -0.5428  -0.0396
-31.1483  14.0890  -0.5948  -0.0405
-31.2279  13.8555  -0.6475  -0.0415
-31.3020  13.6241  -0.7012  -0.0427
-31.3707  13.3947  -0.7556  -0.0440
-31.4345  13.1671  -0.8110  -0.0454
-31.4936  12.9412  -0.8672  -0.0470
-31.5484  12.7170  -0.9242  -0.0488
-31.5992  12.4942  -0.9822  -0.0509
-31.6462  12.2727  -1.0411  -0.0531
-31.6899  12.0524  -1.1009  -0.0555
-31.7304  11.8331  -1.1615  -0.0582
-31.7680  11.6147  -1.2232  -0.0612
-31.8031  11.3970  -1.2857  -0.0645
-31.8357  11.1799  -1.3492  -0.0680
-31.8661  10.9633  -1.4135  -0.0719
-31.8944  10.7471  -1.4789  -0.0761
-31.9208  10.5312  -1.5451  -0.0807
-31.9455  10.3154  -1.6123  -0.0856
-31.9685  10.0996  -1.6804  -0.0909
-31.9901   9.8837  -1.7495  -0.0967
  0.0000   0.0000   0.0000   0.0000
  0.0424  -3.3794  -2.8778   0.2760
 -0.0002  -2.7416  -2.7706   0.2362
 -0.0368  -2.2224  -2.6669   0.2043
 -0.0680  -1.8003  -2.5663   0.1787
 -0.0944  -1.4576  -2.4687   0.1580
 -0.1166  -1.1794  -2.3740   0.1411
 -0.1351  -0.9540  -2.2819   0.1273
 -0.1507  -0.7713  -2.1923   0.1159
 -0.1637  -0.6234  -2.1051   0.1063
 -0.1746  -0.5037  -2.0202   0.0983
 -0.1837  -0.4069  -1.9375   0.0914
 -0.1914  -0.3286  -1.8569   0.0855
 -0.1979  -0.2654  -1.7784   0.0802
 -0.2034  -0.2143  -1.7017   0.0755
 -0.2081  -0.1731  -1.6270   0.0713
 -0.2121  -0.1398  -1.5541   0.0675
 -0.2155  -0.1130  -1.4829   0.0639
 -0.2184  -0.0915  -1.4134   0.0606
 -0.2208  -0.0742  -1.3456   0.0574
 -0.2229  -0.0602  -1.2794   0.0545
 -0.2246  -0.0491  -1.2148   0.0516
 -0.2261  -0.0402  -1.1517   0.0488
 -0.2272  -0.0331  -1.0900   0.0462
 -0.2281  -0.0275  -1.0298   0.0436
 -0.2287  -0.0230  -0.9710   0.0411
 -0.2291  -0.0195  -0.9136   0.0387
 -0.2293  -0.0167  -0.8574   0.0364
 -0.2292  -0.0145  -0.8026   0.0341
 -0.2290  -0.0129  -0.7491   0.0319
 -0.2285  -0.0116  -0.6968   0.0297
 -0.2278  -0.0106  -0.6457   0.0276
 -0.2269  -0.0099  -0.5958   0.0256
 -0.2258  -0.0093  -0.5471   0.0236
 -0.2245  -0.0089  -0.4995   0.0217
 -0.2229  -0.0087  -0.4530   0.0198
 -0.2212  -0.0085  -0.4077   0.0180
 -0.2192  -0.0084  -0.3634   0.0163
 -0.2170  -0.0083  -0.3202   0.0146
 -0.2146  -0.0082  -0.2780   0.0130
 -0.2119  -0.0082  -0.2368   0.0115
 -0.2091  -0.0082  -0.1966   0.0101
 -0.2059  -0.0082  -0.1575   0.0087
 -0.2026  -0.0082  -0.1193   0.0074
 -0.1990  -0.0082  -0.0820   0.0063
 -0.1952  -0.0082  -0.0457   0.0051
 -0.1911  -0.0082  -0.0104   0.0041
 -0.1868  -0.0082   0.0241   0.0032
 -0.1822  -0.0081   0.0576   0.0024
 -0.1774  -0.0081   0.0903   0.0017
 -0.1722  -0.0080   0.1221   0.0010
 -0.1669  -0.0079   0.1530   0.0005
 -0.1612  -0.0078   0.1830   0.0001
 -0.1553  -0.0076   0.2123  -0.0002
 -0.1491  -0.0075   0.2406  -0.0005
 -0.1426  -0.0073   0.2682  -0.0006
 -0.1358  -0.0071   0.2950  -0.0005
 -0.1288  -0.0069   0.3210  -0.0004
 -0.1214  -0.0067   0.3462  -0.0002
 -0.1137  -0.0065   0.3706   0.0001
 -0.1057  -0.0063   0.3942   0.0006
 -0.0974  -0.0060   0.4172   0.0011
 -0.0888  -0.0057   0.4393   0.0017
 -0.0799  -0.0054   0.4608   0.0025
 -0.0706  -0.0051   0.4815   0.0033
 -0.0610  -0.0048   0.5015   0.0042
 -0.0510  -0.0045   0.5208   0.0053
 -0.0407  -0.0041   0.5394   0.0064
 -0.0301  -0.0038   0.5574   0.0075
 -0.0190  -0.0034   0.5746   0.0088
 -0.0077  -0.0030   0.5912   0.0102
  0.0041  -0.0026   0.6071   0.0116
  0.0162  -0.0022   0.6224   0.0131
  0.0288  -0.0018   0.6370   0.0146
  0.0417  -0.0014   0.6510   0.0162
  0.0550  -0.0010   0.6644   0.0178
  0.0688  -0.0005   0.6772   0.0195
  0.0829  -0.0001   0.6893   0.0213
  0.0975   0.0004   0.7008   0.0230
  0.1125   0.0008   0.7117   0.0248
  0.1280   0.0013   0.7220   0.0267
  0.1439   0.0018   0.7317   0.0285
  0.1603   0.0023   0.7408   0.0303
  0.1771   0.0028   0.7493   0.0322
  0.1944   0.0033   0.7572   0.0340
  0.2122   0.0038   0.7646   0.0358
  0.2305   0.0044   0.7713   0.0376
  0.2493   0.0050   0.7775   0.0393
  0.2686   0.0056   0.7831   0.0410
  0.2885   0.0062   0.7881   0.0426
  0.3088   0.0069   0.7926   0.0441
  0.3298   0.0077   0.7965   0.0455
  0.3512   0.0085   0.7998   0.0467
  0.3733   0.0094   0.8026   0.0478
  0.3959   0.0104   0.8048   0.0486
  0.4191   0.0116   0.8064   0.0490
  0.4429   0.0129   0.8076   0.0491
  0.4673   0.0145   0.8081   0.0487
  0.4923   0.0164   0.8082   0.0477
  0.5179   0.0186   0.8077   0.0460
  0.5442   0.0213   0.8067   0.0432
  0.5712   0.0245   0.8053   0.0393
  0.5988   0.0285   0.8034   0.0338
  0.6270   0.0334   0.8012   0.0263
  0.6560   0.0394   0.7985   0.0164
  0.6856   0.0469   0.7956   0.0033
  0.7159   0.0561   0.7925  -0.0138
  0.7470   0.0677   0.7893  -0.0360
  0.7787   0.0821   0.7862  -0.0648
  0.8111   0.1001   0.7834  -0.1018
  0.8443   0.1226   0.7810  -0.1494
  0.8782   0.1507   0.7795  -0.2106
  0.9127   0.1860   0.7792  -0.2891
  0.9480   0.2302   0.7807  -0.3898
  0.9839   0.2857   0.7847  -0.5188
  1.0205   0.3553   0.7920  -0.6842
  1.0578   0.4425   0.8037  -0.8963
  1.0957   0.5520   0.8214  -1.1683
  0.0000   0.0000   0.0000   0.0000
  0.6125   0.3646  22.9501  32.8784
  0.6131   0.3167  22.8310  32.8775
  0.6135   0.2734  22.7087  32.8766
  0.6139   0.2343  22.5831  32.8756
  0.6143   0.1990  22.4544  32.8746
  0.6147   0.1672  22.3225  32.8736
  0.6151   0.1385  22.1874  32.8726
  0.6156   0.1127  22.0491  32.8716
  0.6162   0.0895  21.9077  32.8705
  0.6168   0.0686  21.7632  32.8694
  0.6175   0.0498  21.6156  32.8682
  0.6183   0.0329  21.4650  32.8671
  0.6193   0.0177  21.3113  32.8659
  0.6203   0.0042  21.1546  32.8646
  0.6215  -0.0080  20.9950  32.8634
  0.6229  -0.0188  20.8325  32.8621
  0.6244  -0.0285  20.6671  32.8608
  0.6260  -0.0371  20.4988  32.8594
  0.6278  -0.0447  20.3278  32.8580
  0.6298  -0.0514  20.1540  32.8566
  0.6319  -0.0574  19.9776  32.8551
  0.6342  -0.0626  19.7985  32.8536
  0.6367  -0.0672  19.6168  32.8521
  0.6393  -0.0712  19.4325  32.8505
  0.6422  -0.0747  19.2459  32.8489
  0.6452  -0.0777  19.0567  32.8473
  0.6484  -0.0802  18.8653  32.8456
  0.6517  -0.0824  18.6715  32.8438
  0.6553  -0.0841  18.4755  32.8420
  0.6590  -0.0856  18.2774  32.8402
  0.6629  -0.0868  18.0772  32.8383
  0.6670  -0.0877  17.8749  32.8363
  0.6712  -0.0883  17.6707  32.8343
  0.6757  -0.0888  17.4647  32.8322
  0.6803  -0.0890  17.2568  32.8301
  0.6851  -0.0891  17.0473  32.8278
  0.6901  -0.0890  16.8361  32.8256
  0.6952  -0.0888  16.6234  32.8232
  0.7005  -0.0885  16.4092  32.8208
  0.7060  -0.0881  16.1937  32.8182
  0.7117  -0.0876  15.9769  32.8156
  0.7175  -0.0870  15.7590  32.8129
  0.7235  -0.0864  15.5400  32.8101
  0.7297  -0.0857  15.3200  32.8072
  0.7360  -0.0850  15.0991  32.8041
  0.7425  -0.0842  14.8775  32.8010
  0.7491  -0.0835  14.6553  32.7977
  0.7560  -0.0828  14.4325  32.7942
  0.7629  -0.0821  14.2093  32.7907
  0.7701  -0.0814  13.9858  32.7869
  0.7774  -0.0808  13.7621  32.7830
  0.7848  -0.0802  13.5383  32.7789
  0.7924  -0.0797  13.3146  32.7745
  0.8002  -0.0793  13.0911  32.7700
  0.8081  -0.0790  12.8679  32.7652
  0.8162  -0.0788  12.6452  32.7602
  0.8244  -0.0788  12.4230  32.7549
  0.8328  -0.0789  12.2016  32.7493
  0.8413  -0.0792  11.9810  32.7433
  0.8500  -0.0798  11.7614  32.7370
  0.8588  -0.0805  11.5429  32.7303
  0.8678  -0.0815  11.3257  32.7232
  0.8769  -0.0828  11.1099  32.7155
  0.8862  -0.0844  10.8956  32.7074
  0.8957  -0.0864  10.6830  32.6987
  0.9053  -0.0887  10.4722  32.6893
  0.9151  -0.0915  10.2633  32.6793
  0.9250  -0.0948  10.0565  32.6684
  0.9351  -0.0986   9.8518  32.6567
  0.9454  -0.1030   9.6494  32.6440
  0.9559  -0.1080   9.4493  32.6302
  0.9665  -0.1138   9.2517  32.6151
  0.9773  -0.1204   9.0567  32.5987
  0.9883  -0.1278   8.8642  32.5806
  0.9994  -0.1362   8.6744  32.5608
  1.0108  -0.1457   8.4873  32.5389
  1.0223  -0.1564   8.3029  32.5147
  1.0341  -0.1684   8.1211  32.4878
  1.0460  -0.1819   7.9418  32.4579
  0.0000   0.0000   0.0000   0.0000
 -0.1780   0.2641  -1.6971  -1.4227
 -0.1594   0.2139  -1.6819  -1.1667
 -0.1414   0.1739  -1.6638  -0.9609
 -0.1240   0.1419  -1.6435  -0.7949
 -0.1072   0.1164  -1.6213  -0.6609
 -0.0909   0.0961  -1.5977  -0.5525
 -0.0751   0.0798  -1.5730  -0.4645
 -0.0598   0.0669  -1.5476  -0.3930
 -0.0449   0.0566  -1.5216  -0.3347
 -0.0306   0.0484  -1.4952  -0.2871
 -0.0166   0.0418  -1.4686  -0.2480
 -0.0031   0.0366  -1.4419  -0.2159
  0.0100   0.0324  -1.4151  -0.1894
  0.0227   0.0291  -1.3885  -0.1673
  0.0350   0.0264  -1.3620  -0.1489
  0.0469   0.0243  -1.3356  -0.1335
  0.0584   0.0226  -1.3095  -0.1205
  0.0696   0.0213  -1.2836  -0.1095
  0.0803   0.0202  -1.2579  -0.1000
  0.0907   0.0193  -1.2325  -0.0919
  0.1007   0.0186  -1.2073  -0.0848
  0.1104   0.0180  -1.1824  -0.0786
  0.1197   0.0175  -1.1578  -0.0732
  0.1287   0.0171  -1.1335  -0.0683
  0.1373   0.0167  -1.1094  -0.0640
  0.1456   0.0164  -1.0856  -0.0600
  0.1535   0.0161  -1.0620  -0.0564
  0.1611   0.0159  -1.0386  -0.0532
  0.1684   0.0156  -1.0155  -0.0501
  0.1753   0.0154  -0.9925  -0.0473
  0.1819   0.0152  -0.9698  -0.0447
  0.1882   0.0150  -0.9473  -0.0422
  0.1942   0.0147  -0.9250  -0.0399
  0.1998   0.0145  -0.9028  -0.0376
  0.2052   0.0143  -0.8808  -0.0355
  0.2102   0.0141  -0.8589  -0.0335
  0.2149   0.0138  -0.8372  -0.0316
  0.2193   0.0136  -0.8155  -0.0298
  0.2234   0.0133  -0.7940  -0.0280
  0.2272   0.0130  -0.7726  -0.0263
  0.2307   0.0127  -0.7512  -0.0246
  0.2338   0.0124  -0.7300  -0.0231
  0.2367   0.0121  -0.7087  -0.0215
  0.2393   0.0118  -0.6876  -0.0200
  0.2416   0.0115  -0.6664  -0.0186
  0.2436   0.0112  -0.6453  -0.0171
  0.2453   0.0108  -0.6241  -0.0158
  0.2467   0.0104  -0.6030  -0.0144
  0.2478   0.0101  -0.5818  -0.0131
  0.2486   0.0097  -0.5606  -0.0118
  0.2492   0.0093  -0.5393  -0.0105
  0.2494   0.0088  -0.5179  -0.0093
  0.2494   0.0084  -0.4965  -0.0081
  0.2491   0.0080  -0.4750  -0.0069
  0.2484   0.0075  -0.4533  -0.0057
  0.2475   0.0071  -0.4316  -0.0046
  0.2464   0.0066  -0.4097  -0.0035
  0.2449   0.0061  -0.3876  -0.0023
  0.2431   0.0056  -0.3654  -0.0012
  0.2411   0.0051  -0.3430  -0.0001
  0.2388   0.0046  -0.3204   0.0009
  0.2362   0.0040  -0.2976   0.0020
  0.2333   0.0035  -0.2746   0.0030
  0.2301   0.0029  -0.2513   0.0041
  0.2266   0.0024  -0.2278   0.0051
  0.2229   0.0018  -0.2040   0.0061
  0.2189   0.0012  -0.1799   0.0071
  0.2145   0.0006  -0.1555   0.0081
  0.2099  -0.0000  -0.1308   0.0091
  0.2051  -0.0007  -0.1058   0.0101
  0.1999  -0.0013  -0.0804   0.0111
  0.1944  -0.0020  -0.0546   0.0120
  0.1887  -0.0026  -0.0285   0.0130
  0.1827  -0.0033  -0.0019   0.0140
  0.1763  -0.0040   0.0251   0.0149
  0.1697  -0.0047   0.0525   0.0159
  0.1628  -0.0054   0.0804   0.0168
  0.1556  -0.0062   0.1087   0.0177
  0.1481  -0.0069   0.1375   0.0186
  0.1404  -0.0077   0.1669   0.0195
  0.1323  -0.0084   0.1968   0.0204
  0.1239  -0.0092   0.2272   0.0213
  0.1153  -0.0100   0.2582   0.0222
  0.1063  -0.0108   0.2897   0.0231
  0.0971  -0.0117   0.3219   0.0239
  0.0875  -0.0125   0.3548   0.0248
  0.0777  -0.0134   0.3882   0.0256
  0.0675  -0.0143   0.4224   0.0264
  0.0570  -0.0153   0.4572   0.0273
  0.0463  -0.0162   0.4927   0.0281
  0.0352  -0.0172   0.5290   0.0289
  0.0238  -0.0183   0.5661   0.0296
  0.0122  -0.0194   0.6039   0.0304
  0.0002  -0.0205   0.6426   0.0312
 -0.0121  -0.0218   0.6820   0.0320
 -0.0248  -0.0231   0.7224   0.0328
 -0.0377  -0.0245   0.7636   0.0337
 -0.0509  -0.0260   0.8058   0.0345
 -0.0645  -0.0277   0.8488   0.0355
 -0.0783  -0.0296   0.8929   0.0365
 -0.0925  -0.0317   0.9379   0.0376
 -0.1070  -0.0341   0.9840   0.0389
 -0.1219  -0.0368   1.0311   0.0403
 -0.1370  -0.0399   1.0794   0.0421
 -0.1524  -0.0436   1.1287   0.0441
 -0.1682  -0.0478   1.1792   0.0466
 -0.1843  -0.0529   1.2309   0.0497
 -0.2006  -0.0590   1.2838   0.0534
 -0.2173  -0.0662   1.3379   0.0581
 -0.2343  -0.0750   1.3934   0.0640
 -0.2516  -0.0856   1.4501   0.0713
 -0.2691  -0.0986   1.5083   0.0805
 -0.2869  -0.1144   1.5678   0.0921
 -0.3050  -0.1338   1.6288   0.1066
 -0.3233  -0.1577   1.6913   0.1249
  0.0000   0.0000   0.0000   0.0000
-22.6534  25.2546   1.7608  -0.3689
-22.8859  25.0958   1.7207  -0.3360
-23.1180  24.9326   1.6812  -0.3065
-23.3496  24.7650   1.6422  -0.2801
-23.5805  24.5933   1.6038  -0.2565
-23.8106  24.4175   1.5658  -0.2353
-24.0399  24.2379   1.5283  -0.2164
-24.2683  24.0545   1.4911  -0.1996
-24.4956  23.8675   1.4543  -0.1845
-24.7217  23.6771   1.4177  -0.1712
-24.9465  23.4834   1.3815  -0.1593
-25.1698  23.2866   1.3454  -0.1487
-25.3916  23.0869   1.3096  -0.1394
-25.6117  22.8843   1.2738  -0.1311
-25.8300  22.6792   1.2383  -0.1239
-26.0463  22.4716   1.2027  -0.1174
-26.2605  22.2617   1.1673  -0.1118
-26.4725  22.0497   1.1318  -0.1069
-26.6821  21.8357   1.0964  -0.1026
-26.8892  21.6200   1.0609  -0.0988
-27.0937  21.4027   1.0253  -0.0955
-27.2953  21.1839   0.9897  -0.0927
-27.4940  20.9639   0.9539  -0.0902
-27.6895  20.7428   0.9180  -0.0881
-27.8818  20.5208   0.8818  -0.0863
-28.0707  20.2980   0.8455  -0.0848
-28.2560  20.0746   0.8089  -0.0834
-28.4376  19.8509   0.7721  -0.0823
-28.6152  19.6269   0.7350  -0.0813
-28.7888  19.4029   0.6976  -0.0805
-28.9581  19.1789   0.6599  -0.0798
-29.1231  18.9552   0.6218  -0.0793
-29.2835  18.7319   0.5833  -0.0788
-29.4391  18.5092   0.5444  -0.0783
-29.5899  18.2873   0.5052  -0.0780
-29.7357  18.0662   0.4655  -0.0777
-29.8764  17.8460   0.4253  -0.0774
-30.0118  17.6271   0.3846  -0.0771
-30.1418  17.4093   0.3435  -0.0769
-30.2664  17.1929   0.3018  -0.0767
-30.3855  16.9780   0.2596  -0.0765
-30.4991  16.7645   0.2169  -0.0763
-30.6071  16.5527   0.1736  -0.0761
-30.7097  16.3424   0.1297  -0.0759
-30.8067  16.1338   0.0852  -0.0757
-30.8984  15.9269   0.0401  -0.0755
-30.9849  15.7217  -0.0057  -0.0753
-31.0662  15.5181  -0.0521  -0.0750
-31.1426  15.3162  -0.0991  -0.0748
-31.2142  15.1158  -0.1468  -0.0746
-31.2812  14.9170  -0.1952  -0.0743
-31.3439  14.7197  -0.2443  -0.0741
-31.4024  14.5238  -0.2942  -0.0738
-31.4570  14.3292  -0.3447  -0.0735
-31.5079  14.1358  -0.3959  -0.0732
-31.5552  13.9436  -0.4479  -0.0729
-31.5994  13.7525  -0.5006  -0.0726
-31.6404  13.5624  -0.5540  -0.0723
-31.6786  13.3732  -0.6082  -0.0719
-31.7142  13.1847  -0.6631  -0.0715
-31.7472  12.9970  -0.7188  -0.0711
-31.7779  12.8099  -0.7753  -0.0707
-31.8065  12.6233  -0.8324  -0.0701
-31.8331  12.4372  -0.8904  -0.0696
-31.8578  12.2513  -0.9490  -0.0689
-31.8808  12.0658  -1.0085  -0.0681
-31.9021  11.8803  -1.0687  -0.0673
-31.9220  11.6949  -1.1296  -0.0663
-31.9404  11.5095  -1.1912  -0.0651
-31.9575  11.3240  -1.2536  -0.0637
-31.9734  11.1382  -1.3167  -0.0620
-31.9881  10.9521  -1.3805  -0.0601
-32.0018  10.7656  -1.4450  -0.0579
-32.0145  10.5785  -1.5102  -0.0552
-32.0262  10.3909  -1.5761  -0.0521
-32.0370  10.2025  -1.6427  -0.0485
-32.0470  10.0133  -1.7099  -0.0442
-32.0562   9.8232  -1.7778  -0.0393
-32.0646   9.6321  -1.8464  -0.0335
  0.0000   0.0000   0.0000   0.0000
  0.2026  -3.4440  -2.7018   0.4535
  0.1506  -2.7919  -2.6046   0.3653
  0.1051  -2.2618  -2.5102   0.2950
  0.0657  -1.8316  -2.4184   0.2389
  0.0316  -1.4829  -2.3292   0.1941
  0.0022  -1.2005  -2.2423   0.1583
 -0.0231  -0.9720  -2.1579   0.1296
 -0.0451  -0.7873  -2.0757   0.1064
 -0.0642  -0.6379  -1.9956   0.0877
 -0.0809  -0.5173  -1.9176   0.0726
 -0.0955  -0.4198  -1.8417   0.0602
 -0.1085  -0.3411  -1.7677   0.0500
 -0.1201  -0.2776  -1.6956   0.0416
 -0.1304  -0.2263  -1.6253   0.0345
 -0.1397  -0.1849  -1.5567   0.0286
 -0.1481  -0.1515  -1.4899   0.0236
 -0.1557  -0.1246  -1.4248   0.0192
 -0.1627  -0.1029  -1.3612   0.0155
 -0.1690  -0.0854  -1.2992   0.0122
 -0.1748  -0.0713  -1.2387   0.0092
 -0.1800  -0.0599  -1.1797   0.0066
 -0.1848  -0.0508  -1.1221   0.0042
 -0.1892  -0.0434  -1.0659   0.0020
 -0.1931  -0.0375  -1.0110   0.0000
 -0.1967  -0.0328  -0.9574  -0.0018
 -0.1999  -0.0290  -0.9051  -0.0035
 -0.2027  -0.0259  -0.8540  -0.0051
 -0.2052  -0.0234  -0.8041  -0.0065
 -0.2073  -0.0215  -0.7554  -0.0079
 -0.2091  -0.0199  -0.7077  -0.0091
 -0.2105  -0.0186  -0.6612  -0.0103
 -0.2116  -0.0175  -0.6158  -0.0113
 -0.2124  -0.0166  -0.5713  -0.0123
 -0.2128  -0.0159  -0.5279  -0.0132
 -0.2129  -0.0153  -0.4855  -0.0140
 -0.2127  -0.0148  -0.4440  -0.0147
 -0.2122  -0.0144  -0.4034  -0.0153
 -0.2113  -0.0140  -0.3638  -0.0158
 -0.2101  -0.0136  -0.3250  -0.0163
 -0.2086  -0.0133  -0.2871  -0.0166
 -0.2067  -0.0130  -0.2500  -0.0169
 -0.2045  -0.0127  -0.2138  -0.0171
 -0.2019  -0.0124  -0.1783  -0.0172
 -0.1991  -0.0121  -0.1437  -0.0172
 -0.1958  -0.0118  -0.1098  -0.0171
 -0.1923  -0.0115  -0.0766  -0.0169
 -0.1884  -0.0112  -0.0442  -0.0167
 -0.1841  -0.0108  -0.0124  -0.0163
 -0.1795  -0.0105   0.0186  -0.0159
 -0.1746  -0.0101   0.0490  -0.0154
 -0.1693  -0.0098   0.0786  -0.0148
 -0.1636  -0.0094   0.1077  -0.0142
 -0.1575  -0.0090   0.1361  -0.0134
 -0.1511  -0.0086   0.1638  -0.0126
 -0.1444  -0.0081   0.1910  -0.0117
 -0.1372  -0.0077   0.2175  -0.0108
 -0.1297  -0.0073   0.2434  -0.0097
 -0.1218  -0.0068   0.2688  -0.0086
 -0.1135  -0.0063   0.2936  -0.0074
 -0.1048  -0.0058   0.3178  -0.0062
 -0.0957  -0.0054   0.3414  -0.0049
 -0.0862  -0.0048   0.3645  -0.0035
 -0.0763  -0.0043   0.3870  -0.0020
 -0.0660  -0.0038   0.4090  -0.0005
 -0.0553  -0.0033   0.4305   0.0010
 -0.0442  -0.0027   0.4514   0.0026
 -0.0326  -0.0022   0.4718   0.0043
 -0.0206  -0.0016   0.4917   0.0060
 -0.0081  -0.0011   0.5111   0.0078
  0.0048  -0.0005   0.5300   0.0096
  0.0182   0.0000   0.5483   0.0114
  0.0320   0.0006   0.5662   0.0133
  0.0463   0.0012   0.5836   0.0152
  0.0611   0.0018   0.6005   0.0172
  0.0763   0.0024   0.6168   0.0192
  0.0921   0.0030   0.6327   0.0212
  0.1083   0.0035   0.6481   0.0232
  0.1251   0.0041   0.6630   0.0253
  0.1424   0.0047   0.6775   0.0274
  0.1602   0.0053   0.6914   0.0295
  0.1786   0.0059   0.7048   0.0315
  0.1975   0.0065   0.7178   0.0336
  0.2169   0.0072   0.7303   0.0357
  0.2369   0.0078   0.7423   0.0378
  0.2576   0.0084   0.7538   0.0399
  0.2787   0.0090   0.7649   0.0419
  0.3005   0.0097   0.7754   0.0439
  0.3229   0.0104   0.7855   0.0459
  0.3460   0.0111   0.7951   0.0477
  0.3696   0.0118   0.8042   0.0495
  0.3939   0.0127   0.8128   0.0512
  0.4189   0.0135   0.8209   0.0528
  0.4445   0.0145   0.8286   0.0542
  0.4708   0.0156   0.8357   0.0554
  0.4978   0.0168   0.8424   0.0563
  0.5255   0.0182   0.8487   0.0569
  0.5539   0.0198   0.8544   0.0571
  0.5831   0.0217   0.8597   0.0567
  0.6130   0.0241   0.8645   0.0556
  0.6436   0.0269   0.8689   0.0537
  0.6750   0.0303   0.8729   0.0507
  0.7072   0.0344   0.8765   0.0464
  0.7402   0.0396   0.8798   0.0402
  0.7739   0.0460   0.8827   0.0319
  0.8085   0.0539   0.8854   0.0207
  0.8438   0.0637   0.8879   0.0059
  0.8800   0.0761   0.8903  -0.0136
  0.9170   0.0915   0.8929  -0.0389
  0.9549   0.1108   0.8956  -0.0718
  0.9935   0.1350   0.8988  -0.1143
  1.0329   0.1653   0.9028  -0.1691
  1.0732   0.2034   0.9079  -0.2397
  1.1142   0.2513   0.9147  -0.3306
  1.1560   0.3113   0.9237  -0.4474
  1.1985   0.3867   0.9357  -0.5974
  1.2416   0.4814   0.9518  -0.7902
  0.0000   0.0000   0.0000   0.0000
