  0.0000   0.0000   0.0000
  0.0058   0.0025  -0.0430
  0.0118   0.0071  -0.0820
  0.0179   0.0118  -0.1232
  0.0240   0.0166  -0.1691
  0.0308   0.0207  -0.2180
  0.0375   0.0247  -0.2646
  0.0441   0.0287  -0.3097
  0.0506   0.0327  -0.3535
  0.0570   0.0366  -0.3960
  0.0635   0.0403  -0.4372
  0.0697   0.0441  -0.4770
  0.0758   0.0478  -0.5156
  0.0819   0.0515  -0.5529
  0.0879   0.0552  -0.5889
  0.0939   0.0586  -0.6238
  0.0997   0.0621  -0.6573
  0.1056   0.0655  -0.6897
  0.1113   0.0689  -0.7208
  0.1168   0.0723  -0.7507
  0.1224   0.0755  -0.7794
  0.1274   0.0792  -0.8067
  0.1325   0.0827  -0.8329
  0.1377   0.0859  -0.8580
  0.1429   0.0890  -0.8819
  0.1481   0.0920  -0.9047
  0.1532   0.0949  -0.9264
  0.1581   0.0979  -0.9469
  0.1630   0.1009  -0.9663
  0.1679   0.1037  -0.9847
  0.1727   0.1064  -1.0019
  0.1774   0.1091  -1.0181
  0.1820   0.1119  -1.0331
  0.1866   0.1145  -1.0470
  0.1910   0.1172  -1.0599
  0.1955   0.1197  -1.0718
  0.1998   0.1222  -1.0826
  0.2041   0.1247  -1.0924
  0.2084   0.1271  -1.1011
  0.2125   0.1295  -1.1089
  0.2166   0.1319  -1.1156
  0.2205   0.1343  -1.1214
  0.2241   0.1369  -1.1260
  0.2279   0.1391  -1.1298
  0.2318   0.1413  -1.1326
  0.2355   0.1434  -1.1345
  0.2392   0.1455  -1.1354
  0.2428   0.1475  -1.1353
  0.2464   0.1495  -1.1343
  0.2499   0.1515  -1.1324
  0.2533   0.1534  -1.1295
  0.2567   0.1553  -1.1257
  0.2600   0.1571  -1.1210
  0.2633   0.1589  -1.1153
  0.2665   0.1607  -1.1088
  0.2697   0.1624  -1.1014
  0.2727   0.1641  -1.0930
  0.2757   0.1657  -1.0838
  0.2787   0.1674  -1.0737
  0.2816   0.1690  -1.0627
  0.2843   0.1705  -1.0509
  0.2871   0.1721  -1.0381
  0.2897   0.1736  -1.0245
  0.2923   0.1751  -1.0101
  0.2948   0.1766  -0.9948
  0.2973   0.1781  -0.9787
  0.2997   0.1796  -0.9623
  0.3021   0.1810  -0.9462
  0.3045   0.1825  -0.9298
  0.3068   0.1840  -0.9131
  0.3090   0.1856  -0.8968
  0.3112   0.1872  -0.8799
  0.3134   0.1888  -0.8625
  0.3156   0.1903  -0.8446
  0.3177   0.1918  -0.8262
  0.3198   0.1934  -0.8077
  0.3218   0.1948  -0.7885
  0.3239   0.1963  -0.7689
  0.3258   0.1977  -0.7489
  0.3278   0.1991  -0.7285
  0.3297   0.2005  -0.7078
  0.3317   0.2019  -0.6866
  0.3335   0.2033  -0.6651
  0.3354   0.2047  -0.6431
  0.3372   0.2060  -0.6208
  0.3390   0.2074  -0.5981
  0.3407   0.2087  -0.5750
  0.3425   0.2100  -0.5515
  0.3442   0.2112  -0.5276
  0.3459   0.2125  -0.5033
  0.3467   0.2154  -0.4853
  0.3484   0.2165  -0.4600
  0.3500   0.2176  -0.4344
  0.3516   0.2187  -0.4083
  0.3532   0.2198  -0.3818
  0.3548   0.2208  -0.3546
  0.3564   0.2217  -0.3270
  0.3580   0.2226  -0.2989
  0.3595   0.2235  -0.2697
  0.3610   0.2243  -0.2398
  0.3625   0.2251  -0.2102
  0.3639   0.2259  -0.1793
  0.3653   0.2266  -0.1479
  0.3667   0.2274  -0.1163
  0.3680   0.2281  -0.0845
  0.3693   0.2288  -0.0524
  0.3706   0.2295  -0.0201
  0.3719   0.2302   0.0125
  0.3732   0.2309   0.0454
  0.3744   0.2316   0.0785
  0.3748   0.2334   0.1106
  0.3759   0.2339   0.1473
  0.3771   0.2345   0.1822
  0.3781   0.2349   0.2195
  0.3792   0.2354   0.2571
  0.3802   0.2359   0.2944
  0.3812   0.2364   0.3325
  0.3822   0.2369   0.3703
  0.3831   0.2373   0.4097
  0.3840   0.2378   0.4497
  0.3840   0.2378   0.4497
  0.3883   0.2333   0.4529
  0.3935   0.2297   0.4526
  0.3986   0.2266   0.4528
  0.4039   0.2236   0.4509
  0.4090   0.2208   0.4498
  0.4141   0.2182   0.4481
  0.4192   0.2157   0.4460
  0.4243   0.2133   0.4435
  0.4294   0.2111   0.4405
  0.4345   0.2089   0.4363
  0.4397   0.2068   0.4311
  0.4449   0.2047   0.4254
  0.4500   0.2028   0.4209
  0.4551   0.2011   0.4171
  0.4603   0.1993   0.4110
  0.4655   0.1975   0.4050
  0.4705   0.1960   0.4010
  0.4755   0.1945   0.3970
  0.4806   0.1932   0.3930
  0.4856   0.1918   0.3891
  0.4908   0.1904   0.3832
  0.4960   0.1891   0.3776
  0.5011   0.1879   0.3722
  0.5063   0.1867   0.3672
  0.5114   0.1856   0.3624
  0.5166   0.1846   0.3579
  0.5217   0.1836   0.3536
  0.5268   0.1827   0.3496
  0.5319   0.1819   0.3459
  0.5370   0.1811   0.3424
  0.5421   0.1804   0.3391
  0.5472   0.1797   0.3361
  0.5523   0.1791   0.3334
  0.5574   0.1785   0.3309
  0.5625   0.1780   0.3286
  0.5676   0.1776   0.3266
  0.5727   0.1772   0.3249
  0.5778   0.1769   0.3233
  0.5829   0.1766   0.3220
  0.5880   0.1764   0.3210
  0.5931   0.1762   0.3201
  0.5982   0.1761   0.3196
  0.6034   0.1761   0.3192
  0.6085   0.1761   0.3191
  0.6136   0.1761   0.3193
  0.6187   0.1763   0.3196
  0.6238   0.1764   0.3203
  0.6290   0.1767   0.3211
  0.6341   0.1770   0.3223
  0.6392   0.1773   0.3236
  0.6444   0.1777   0.3253
  0.6495   0.1782   0.3271
  0.6547   0.1787   0.3293
  0.6599   0.1793   0.3317
  0.6650   0.1799   0.3343
  0.6702   0.1806   0.3373
  0.6754   0.1814   0.3404
  0.6806   0.1822   0.3439
  0.6857   0.1831   0.3476
  0.6909   0.1841   0.3516
  0.6961   0.1851   0.3559
  0.7014   0.1861   0.3605
  0.7066   0.1873   0.3653
  0.7118   0.1885   0.3704
  0.7170   0.1897   0.3759
  0.7223   0.1911   0.3816
  0.7275   0.1925   0.3876
  0.7328   0.1939   0.3938
  0.7381   0.1954   0.4004
  0.7433   0.1970   0.4073
  0.7486   0.1987   0.4145
  0.7539   0.2004   0.4220
  0.7592   0.2022   0.4298
  0.7645   0.2040   0.4379
  0.7698   0.2060   0.4463
  0.7752   0.2080   0.4550
  0.7805   0.2100   0.4641
  0.7859   0.2122   0.4734
  0.7912   0.2144   0.4831
  0.7966   0.2167   0.4930
  0.8020   0.2190   0.5033
  0.8074   0.2215   0.5138
  0.8128   0.2240   0.5247
  0.8182   0.2265   0.5359
  0.8236   0.2292   0.5474
  0.8291   0.2319   0.5591
  0.8345   0.2348   0.5711
  0.8400   0.2377   0.5835
  0.8455   0.2407   0.5960
  0.8510   0.2437   0.6089
  0.8565   0.2469   0.6220
  0.8620   0.2501   0.6353
  0.8676   0.2535   0.6488
  0.8731   0.2569   0.6626
  0.8787   0.2605   0.6765
  0.8843   0.2641   0.6905
  0.8899   0.2678   0.7047
  0.8955   0.2717   0.7190
  0.9011   0.2756   0.7333
  0.9011   0.2756   0.7333
  0.9075   0.2768   0.7340
  0.9139   0.2779   0.7355
  0.9202   0.2789   0.7376
  0.9266   0.2799   0.7403
  0.9330   0.2809   0.7436
  0.9393   0.2818   0.7475
  0.9457   0.2827   0.7519
  0.9520   0.2835   0.7569
  0.9583   0.2844   0.7624
  0.9647   0.2852   0.7684
  0.9710   0.2860   0.7748
  0.9773   0.2867   0.7818
  0.9837   0.2875   0.7893
  0.9900   0.2882   0.7972
  0.9963   0.2889   0.8056
  1.0027   0.2896   0.8145
  1.0090   0.2903   0.8238
  1.0153   0.2910   0.8336
  1.0217   0.2917   0.8439
  1.0280   0.2924   0.8546
  1.0343   0.2931   0.8657
  1.0407   0.2937   0.8773
  1.0470   0.2944   0.8894
  1.0534   0.2951   0.9019
  1.0598   0.2958   0.9149
  1.0661   0.2964   0.9283
  1.0725   0.2971   0.9421
  1.0789   0.2978   0.9564
  1.0852   0.2985   0.9709
  1.0916   0.2992   0.9862
  1.0980   0.2999   1.0019
  1.1044   0.3007   1.0182
  1.1108   0.3014   1.0349
  1.1172   0.3022   1.0521
  1.1236   0.3029   1.0698
  1.1300   0.3037   1.0880
  1.1364   0.3045   1.1067
  1.1428   0.3054   1.1260
  1.1492   0.3062   1.1456
  1.1557   0.3071   1.1659
  1.1621   0.3079   1.1867
  1.1686   0.3088   1.2078
  1.1750   0.3098   1.2293
  1.1815   0.3107   1.2516
  1.1879   0.3117   1.2746
  1.1944   0.3127   1.2981
  1.2009   0.3137   1.3222
  1.2074   0.3148   1.3469
  1.2138   0.3159   1.3721
  1.2203   0.3170   1.3980
  1.2268   0.3182   1.4245
  1.2334   0.3194   1.4515
  1.2399   0.3206   1.4792
  1.2464   0.3219   1.5075
  1.2529   0.3232   1.5365
  1.2595   0.3246   1.5661
  1.2661   0.3260   1.5963
  1.2726   0.3274   1.6271
  1.2792   0.3289   1.6586
  1.2858   0.3305   1.6907
  1.2924   0.3321   1.7236
  1.2990   0.3337   1.7572
  1.3056   0.3354   1.7915
  1.3123   0.3372   1.8265
  1.3189   0.3390   1.8622
  1.3256   0.3408   1.8987
  1.3322   0.3428   1.9360
  1.3389   0.3447   1.9740
  1.3456   0.3468   2.0128
  1.3523   0.3489   2.0523
  1.3590   0.3511   2.0927
  1.3658   0.3534   2.1339
  1.3725   0.3557   2.1759
  1.3793   0.3582   2.2187
  1.3860   0.3607   2.2624
  1.3928   0.3632   2.3070
  1.3996   0.3659   2.3524
  1.4065   0.3687   2.3987
  1.4133   0.3715   2.4459
  1.4133   0.3715   2.4459
  1.4119   0.3578   2.4073
  1.4108   0.3450   2.3758
  1.4098   0.3329   2.3498
  1.4091   0.3214   2.3283
  1.4084   0.3104   2.3103
  1.4079   0.2997   2.2953
  1.4074   0.2893   2.2825
  1.4070   0.2791   2.2716
  1.4066   0.2691   2.2623
  1.4062   0.2592   2.2542
  1.4059   0.2494   2.2472
  1.4056   0.2397   2.2412
  1.4054   0.2300   2.2359
  1.4051   0.2204   2.2312
  1.4048   0.2109   2.2272
  1.4046   0.2013   2.2237
  1.4043   0.1918   2.2207
  1.4041   0.1823   2.2181
  1.4039   0.1728   2.2159
  1.4036   0.1633   2.2141
  1.4034   0.1538   2.2126
  1.4032   0.1444   2.2114
  1.4029   0.1349   2.2106
  1.4027   0.1254   2.2100
  1.4025   0.1159   2.2097
  1.4023   0.1065   2.2097
  1.4021   0.0970   2.2099
  1.4018   0.0875   2.2104
  1.4016   0.0780   2.2111
  1.4014   0.0685   2.2120
  1.4012   0.0590   2.2131
  1.4010   0.0495   2.2144
  1.4008   0.0400   2.2159
  1.4006   0.0305   2.2176
  1.4004   0.0210   2.2195
  1.4002   0.0115   2.2215
  1.4000   0.0020   2.2237
  1.3998  -0.0076   2.2261
  1.3996  -0.0171   2.2286
  1.3995  -0.0266   2.2312
  1.3993  -0.0361   2.2339
  1.3991  -0.0457   2.2368
  1.3990  -0.0552   2.2397
  1.3988  -0.0648   2.2428
  1.3987  -0.0743   2.2459
  1.3986  -0.0839   2.2492
  1.3984  -0.0935   2.2525
  1.3983  -0.1030   2.2558
  1.3982  -0.1126   2.2592
  1.3981  -0.1222   2.2627
  1.3980  -0.1318   2.2662
  1.3979  -0.1414   2.2698
  1.3978  -0.1510   2.2733
  1.3978  -0.1606   2.2769
  1.3977  -0.1702   2.2805
  1.3976  -0.1798   2.2841
  1.3976  -0.1894   2.2876
  1.3976  -0.1991   2.2912
  1.3975  -0.2087   2.2947
  1.3975  -0.2184   2.2982
  1.3975  -0.2280   2.3016
  1.3975  -0.2377   2.3050
  1.3976  -0.2474   2.3083
  1.3976  -0.2570   2.3116
  1.3976  -0.2667   2.3148
  1.3977  -0.2764   2.3179
  1.3977  -0.2861   2.3209
  1.3978  -0.2958   2.3238
  1.3979  -0.3056   2.3266
  1.3980  -0.3153   2.3292
  1.3981  -0.3251   2.3318
  1.3982  -0.3348   2.3342
  1.3983  -0.3446   2.3365
  1.3985  -0.3544   2.3386
  1.3986  -0.3642   2.3405
  1.3988  -0.3740   2.3423
  1.3989  -0.3838   2.3440
  1.3991  -0.3936   2.3454
  1.3993  -0.4034   2.3466
  1.3995  -0.4133   2.3477
  1.3997  -0.4232   2.3485
  1.4000  -0.4331   2.3491
  1.4002  -0.4430   2.3495
  1.4005  -0.4529   2.3497
  1.4007  -0.4628   2.3496
  1.4010  -0.4728   2.3493
  1.4013  -0.4827   2.3487
  1.4016  -0.4927   2.3479
  1.4019  -0.5027   2.3468
  1.4023  -0.5127   2.3454
  1.4026  -0.5227   2.3437
  1.4030  -0.5328   2.3418
  1.4034  -0.5429   2.3395
  1.4038  -0.5530   2.3369
  1.4042  -0.5631   2.3340
  1.4046  -0.5732   2.3308
  1.4050  -0.5834   2.3273
  1.4055  -0.5935   2.3234
  1.4059  -0.6037   2.3192
  1.4064  -0.6139   2.3147
  1.4069  -0.6242   2.3099
  1.4074  -0.6345   2.3047
  1.4079  -0.6448   2.2992
  1.4085  -0.6551   2.2934
  1.4090  -0.6654   2.2874
  1.4096  -0.6758   2.2810
  1.4102  -0.6862   2.2745
  1.4108  -0.6967   2.2678
  1.4114  -0.7071   2.2609
  1.4120  -0.7176   2.2540
  1.4127  -0.7282   2.2472
  1.4133  -0.7388   2.2405
  1.4140  -0.7494   2.2342
  1.4146  -0.7601   2.2285
  1.4153  -0.7708   2.2235
  1.4160  -0.7816   2.2196
  1.4166  -0.7925   2.2172
  1.4123  -0.7975   2.2603
  1.4093  -0.7813   2.1524
  1.4063  -0.7650   2.0460
  1.4033  -0.7487   1.9409
  1.4003  -0.7324   1.8371
  1.3973  -0.7160   1.7346
  1.3944  -0.6995   1.6333
  1.3915  -0.6830   1.5333
  1.3886  -0.6664   1.4345
  1.3858  -0.6498   1.3369
  1.3830  -0.6331   1.2405
  1.3802  -0.6164   1.1453
  1.3774  -0.5996   1.0512
  1.3747  -0.5828   0.9582
  1.3720  -0.5659   0.8663
  1.3693  -0.5490   0.7755
  1.3667  -0.5320   0.6857
  1.3641  -0.5150   0.5971
  1.3615  -0.4980   0.5094
  1.3590  -0.4808   0.4229
  1.3565  -0.4637   0.3373
  1.3541  -0.4465   0.2528
  1.3517  -0.4292   0.1692
  1.3493  -0.4119   0.0867
  1.3470  -0.3945   0.0052
  1.3448  -0.3771  -0.0754
  1.3426  -0.3597  -0.1550
  1.3404  -0.3422  -0.2336
  1.3383  -0.3247  -0.3112
  1.3363  -0.3071  -0.3879
  1.3343  -0.2895  -0.4636
  1.3323  -0.2719  -0.5384
  1.3304  -0.2542  -0.6123
  1.3286  -0.2364  -0.6852
  1.3268  -0.2186  -0.7572
  1.3251  -0.2008  -0.8282
  1.3235  -0.1830  -0.8983
  1.3219  -0.1651  -0.9675
  1.3204  -0.1471  -1.0358
  1.3189  -0.1292  -1.1032
  1.3175  -0.1112  -1.1696
  1.3162  -0.0931  -1.2352
  1.3149  -0.0751  -1.2999
  1.3137  -0.0569  -1.3636
  1.3126  -0.0388  -1.4265
  1.3115  -0.0206  -1.4884
  1.3105  -0.0024  -1.5495
  1.3096   0.0158  -1.6097
  1.3087   0.0341  -1.6690
  1.3080   0.0524  -1.7275
  1.3073   0.0707  -1.7851
  1.3066   0.0890  -1.8418
  1.3061   0.1074  -1.8976
  1.3056   0.1258  -1.9526
  1.3052   0.1443  -2.0068
  1.3049   0.1627  -2.0601
  1.3047   0.1812  -2.1126
  1.3045   0.1997  -2.1642
  1.3044   0.2182  -2.2150
  1.3044   0.2368  -2.2650
  1.3045   0.2553  -2.3142
  1.3046   0.2739  -2.3626
  1.3049   0.2925  -2.4102
  1.3052   0.3111  -2.4570
  1.3056   0.3298  -2.5030
  1.3060   0.3484  -2.5482
  1.3066   0.3671  -2.5927
  1.3072   0.3858  -2.6364
  1.3079   0.4045  -2.6794
  1.3087   0.4233  -2.7216
  1.3096   0.4420  -2.7631
  1.3106   0.4608  -2.8039
  1.3116   0.4796  -2.8439
  1.3127   0.4983  -2.8832
  1.3139   0.5172  -2.9217
  1.3152   0.5360  -2.9596
  1.3165   0.5548  -2.9967
  1.3179   0.5737  -3.0332
  1.3194   0.5926  -3.0689
  1.3209   0.6115  -3.1038
  1.3209   0.6115  -3.1038
  1.3173   0.5998  -3.0471
  1.3143   0.5886  -2.9974
  1.3117   0.5779  -2.9534
  1.3095   0.5675  -2.9143
  1.3075   0.5575  -2.8793
  1.3058   0.5476  -2.8479
  1.3043   0.5379  -2.8194
  1.3029   0.5284  -2.7934
  1.3017   0.5189  -2.7697
  1.3005   0.5095  -2.7480
  1.2994   0.5002  -2.7280
  1.2984   0.4909  -2.7095
  1.2974   0.4816  -2.6925
  1.2964   0.4722  -2.6767
  1.2955   0.4629  -2.6622
  1.2946   0.4536  -2.6487
  1.2938   0.4443  -2.6362
  1.2930   0.4349  -2.6246
  1.2921   0.4255  -2.6140
  1.2913   0.4161  -2.6042
  1.2906   0.4066  -2.5952
  1.2898   0.3971  -2.5870
  1.2891   0.3876  -2.5796
  1.2883   0.3781  -2.5728
  1.2876   0.3685  -2.5667
  1.2869   0.3589  -2.5613
  1.2862   0.3493  -2.5565
  1.2855   0.3396  -2.5522
  1.2848   0.3299  -2.5486
  1.2842   0.3202  -2.5456
  1.2835   0.3104  -2.5431
  1.2829   0.3006  -2.5411
  1.2823   0.2908  -2.5396
  1.2817   0.2810  -2.5386
  1.2812   0.2712  -2.5380
  1.2806   0.2613  -2.5380
  1.2801   0.2514  -2.5383
  1.2796   0.2415  -2.5391
  1.2791   0.2315  -2.5403
  1.2786   0.2216  -2.5418
  1.2781   0.2116  -2.5437
  1.2777   0.2016  -2.5460
  1.2773   0.1916  -2.5486
  1.2769   0.1816  -2.5516
  1.2765   0.1716  -2.5548
  1.2762   0.1616  -2.5584
  1.2759   0.1515  -2.5622
  1.2756   0.1415  -2.5663
  1.2753   0.1314  -2.5707
  1.2750   0.1213  -2.5753
  1.2748   0.1112  -2.5801
  1.2746   0.1012  -2.5851
  1.2744   0.0911  -2.5904
  1.2742   0.0810  -2.5958
  1.2741   0.0709  -2.6014
  1.2740   0.0608  -2.6072
  1.2739   0.0507  -2.6131
  1.2738   0.0406  -2.6192
  1.2737   0.0305  -2.6254
  1.2737   0.0203  -2.6318
  1.2737   0.0102  -2.6382
  1.2737   0.0001  -2.6448
  1.2737  -0.0100  -2.6515
  1.2738  -0.0201  -2.6582
  1.2738  -0.0302  -2.6650
  1.2739  -0.0403  -2.6719
  1.2740  -0.0504  -2.6789
  1.2741  -0.0605  -2.6859
  1.2743  -0.0706  -2.6929
  1.2744  -0.0807  -2.7000
  1.2746  -0.0908  -2.7071
  1.2748  -0.1009  -2.7143
  1.2750  -0.1110  -2.7214
  1.2752  -0.1211  -2.7286
  1.2754  -0.1312  -2.7357
  1.2756  -0.1412  -2.7429
  1.2759  -0.1513  -2.7500
  1.2762  -0.1614  -2.7571
  1.2764  -0.1715  -2.7642
  1.2767  -0.1816  -2.7713
  1.2770  -0.1916  -2.7783
  1.2773  -0.2017  -2.7853
  1.2777  -0.2118  -2.7922
  1.2780  -0.2219  -2.7991
  1.2783  -0.2319  -2.8059
  1.2787  -0.2420  -2.8126
  1.2791  -0.2521  -2.8193
  1.2794  -0.2622  -2.8259
  1.2798  -0.2723  -2.8325
  1.2802  -0.2823  -2.8389
  1.2806  -0.2924  -2.8453
  1.2810  -0.3025  -2.8516
  1.2814  -0.3126  -2.8578
  1.2818  -0.3227  -2.8639
  1.2822  -0.3328  -2.8699
  1.2827  -0.3429  -2.8758
  1.2831  -0.3531  -2.8816
  1.2835  -0.3632  -2.8874
  1.2840  -0.3733  -2.8930
  1.2844  -0.3835  -2.8986
  1.2849  -0.3936  -2.9041
  1.2853  -0.4038  -2.9096
  1.2858  -0.4139  -2.9151
  1.2863  -0.4241  -2.9205
  1.2868  -0.4344  -2.9260
  1.2873  -0.4446  -2.9316
  1.2878  -0.4549  -2.9374
  1.2884  -0.4651  -2.9433
  1.2889  -0.4755  -2.9497
  1.2895  -0.4858  -2.9565
  1.2902  -0.4963  -2.9640
  1.2908  -0.5068  -2.9724
  1.2916  -0.5173  -2.9820
  1.2924  -0.5280  -2.9932
  1.2933  -0.5388  -3.0065
  1.2943  -0.5498  -3.0225
  1.2954  -0.5611  -3.0420
  1.2980  -0.5662  -3.0824
  1.2987  -0.5545  -3.0377
  1.2994  -0.5428  -2.9926
  1.3003  -0.5313  -2.9473
  1.3012  -0.5198  -2.9016
  1.3022  -0.5085  -2.8556
  1.3033  -0.4972  -2.8093
  1.3045  -0.4859  -2.7627
  1.3057  -0.4748  -2.7157
  1.3070  -0.4637  -2.6683
  1.3083  -0.4526  -2.6206
  1.3098  -0.4416  -2.5726
  1.3113  -0.4307  -2.5241
  1.3128  -0.4198  -2.4752
  1.3145  -0.4089  -2.4259
  1.3162  -0.3981  -2.3762
  1.3179  -0.3873  -2.3260
  1.3197  -0.3766  -2.2753
  1.3216  -0.3658  -2.2241
  1.3235  -0.3551  -2.1724
  1.3255  -0.3445  -2.1201
  1.3275  -0.3338  -2.0673
  1.3295  -0.3232  -2.0139
  1.3317  -0.3126  -1.9599
  1.3338  -0.3020  -1.9053
  1.3360  -0.2914  -1.8501
  1.3383  -0.2808  -1.7941
  1.3406  -0.2703  -1.7375
  1.3429  -0.2598  -1.6802
  1.3453  -0.2492  -1.6221
  1.3477  -0.2387  -1.5633
  1.3501  -0.2282  -1.5037
  1.3526  -0.2177  -1.4433
  1.3551  -0.2071  -1.3820
  1.3577  -0.1966  -1.3200
  1.3602  -0.1861  -1.2570
  1.3629  -0.1756  -1.1932
  1.3655  -0.1651  -1.1285
  1.3681  -0.1546  -1.0628
  1.3708  -0.1440  -0.9962
  1.3735  -0.1335  -0.9286
  1.3763  -0.1230  -0.8601
  1.3790  -0.1124  -0.7905
  1.3818  -0.1018  -0.7199
  1.3846  -0.0913  -0.6482
  1.3874  -0.0807  -0.5754
  1.3903  -0.0701  -0.5016
  1.3931  -0.0594  -0.4266
  1.3960  -0.0488  -0.3506
  1.3989  -0.0381  -0.2733
  1.4018  -0.0274  -0.1950
  1.4047  -0.0167  -0.1154
  1.4077  -0.0060  -0.0346
  1.4107   0.0048   0.0474
  1.4137   0.0156   0.1306
  1.4167   0.0264   0.2151
  1.4197   0.0372   0.3008
  1.4227   0.0481   0.3878
  1.4258   0.0590   0.4761
  1.4289   0.0700   0.5656
  1.4320   0.0810   0.6565
  1.4351   0.0920   0.7487
  1.4382   0.1030   0.8423
  1.4414   0.1141   0.9372
  1.4446   0.1253   1.0334
  1.4478   0.1365   1.1310
  1.4510   0.1477   1.2299
  1.4543   0.1589   1.3303
  1.4575   0.1702   1.4320
  1.4608   0.1816   1.5350
  1.4642   0.1930   1.6395
  1.4675   0.2044   1.7454
  1.4709   0.2159   1.8526
  1.4743   0.2274   1.9613
  1.4778   0.2389   2.0713
  1.4813   0.2505   2.1828
  1.4848   0.2622   2.2957
  1.4883   0.2739   2.4099
  1.4919   0.2856   2.5256
  1.4955   0.2973   2.6427
  1.4955   0.2973   2.6427
  1.4943   0.2870   2.6427
  1.4931   0.2769   2.6449
  1.4921   0.2669   2.6489
  1.4911   0.2571   2.6543
  1.4901   0.2474   2.6608
  1.4892   0.2378   2.6681
  1.4884   0.2282   2.6761
  1.4875   0.2187   2.6846
  1.4868   0.2092   2.6934
  1.4860   0.1998   2.7025
  1.4853   0.1904   2.7118
  1.4846   0.1809   2.7212
  1.4840   0.1716   2.7307
  1.4833   0.1622   2.7402
  1.4827   0.1528   2.7496
  1.4821   0.1434   2.7590
  1.4816   0.1340   2.7684
  1.4810   0.1246   2.7777
  1.4805   0.1153   2.7868
  1.4800   0.1059   2.7959
  1.4795   0.0965   2.8048
  1.4790   0.0871   2.8136
  1.4786   0.0776   2.8223
  1.4781   0.0682   2.8309
  1.4777   0.0588   2.8393
  1.4773   0.0493   2.8475
  1.4769   0.0399   2.8557
  1.4765   0.0304   2.8636
  1.4761   0.0210   2.8714
  1.4758   0.0115   2.8791
  1.4754   0.0020   2.8866
  1.4751  -0.0075   2.8940
  1.4748  -0.0170   2.9012
  1.4745  -0.0266   2.9083
  1.4742  -0.0361   2.9152
  1.4739  -0.0456   2.9219
  1.4736  -0.0552   2.9285
  1.4733  -0.0648   2.9350
  1.4731  -0.0743   2.9412
  1.4728  -0.0839   2.9474
  1.4726  -0.0935   2.9533
  1.4724  -0.1031   2.9591
  1.4721  -0.1127   2.9648
  1.4719  -0.1224   2.9703
  1.4717  -0.1320   2.9756
  1.4715  -0.1417   2.9808
  1.4713  -0.1513   2.9858
  1.4712  -0.1610   2.9906
  1.4710  -0.1707   2.9953
  1.4708  -0.1804   2.9998
  1.4707  -0.1901   3.0042
  1.4705  -0.1998   3.0083
  1.4704  -0.2095   3.0124
  1.4702  -0.2193   3.0162
  1.4701  -0.2290   3.0199
  1.4700  -0.2388   3.0234
  1.4699  -0.2485   3.0267
  1.4698  -0.2583   3.0299
  1.4697  -0.2681   3.0328
  1.4696  -0.2779   3.0356
  1.4695  -0.2877   3.0383
  1.4694  -0.2975   3.0407
  1.4693  -0.3073   3.0430
  1.4693  -0.3172   3.0450
  1.4692  -0.3270   3.0469
  1.4692  -0.3369   3.0486
  1.4691  -0.3467   3.0501
  1.4691  -0.3566   3.0514
  1.4691  -0.3665   3.0526
  1.4691  -0.3764   3.0535
  1.4691  -0.3863   3.0542
  1.4691  -0.3962   3.0547
  1.4691  -0.4061   3.0550
  1.4691  -0.4161   3.0551
  1.4691  -0.4260   3.0550
  1.4691  -0.4360   3.0547
  1.4692  -0.4459   3.0541
  1.4692  -0.4559   3.0534
  1.4693  -0.4659   3.0524
  1.4694  -0.4759   3.0512
  1.4695  -0.4859   3.0497
  1.4696  -0.4959   3.0480
  1.4697  -0.5059   3.0461
  1.4698  -0.5159   3.0439
  1.4699  -0.5259   3.0415
  1.4701  -0.5360   3.0388
  1.4702  -0.5460   3.0359
  1.4704  -0.5561   3.0327
  1.4706  -0.5662   3.0292
  1.4708  -0.5763   3.0255
  1.4710  -0.5863   3.0215
  1.4712  -0.5964   3.0172
  1.4715  -0.6066   3.0126
  1.4717  -0.6167   3.0078
  1.4720  -0.6268   3.0026
  1.4723  -0.6370   2.9971
  1.4726  -0.6471   2.9913
  1.4729  -0.6573   2.9852
  1.4732  -0.6674   2.9788
  1.4736  -0.6776   2.9721
  1.4740  -0.6878   2.9650
  1.4744  -0.6980   2.9576
  1.4748  -0.7083   2.9498
  1.4752  -0.7185   2.9417
  1.4757  -0.7287   2.9333
  1.4761  -0.7390   2.9245
  1.4766  -0.7493   2.9153
  1.4771  -0.7596   2.9058
  1.4777  -0.7699   2.8960
  1.4782  -0.7802   2.8858
  1.4788  -0.7905   2.8754
  1.4794  -0.8009   2.8646
  1.4800  -0.8112   2.8536
  1.4806  -0.8216   2.8424
  1.4813  -0.8320   2.8311
  1.4721  -0.8383   2.8855
  1.4680  -0.8178   2.7626
  1.4640  -0.7973   2.6415
  1.4599  -0.7768   2.5222
  1.4560  -0.7562   2.4047
  1.4520  -0.7357   2.2890
  1.4481  -0.7151   2.1749
  1.4442  -0.6945   2.0625
  1.4404  -0.6739   1.9517
  1.4367  -0.6532   1.8426
  1.4329  -0.6326   1.7350
  1.4292  -0.6119   1.6290
  1.4256  -0.5913   1.5245
  1.4220  -0.5706   1.4215
  1.4185  -0.5499   1.3200
  1.4150  -0.5292   1.2200
  1.4116  -0.5085   1.1215
  1.4082  -0.4879   1.0244
  1.4049  -0.4672   0.9287
  1.4016  -0.4465   0.8345
  1.3984  -0.4258   0.7416
  1.3953  -0.4052   0.6502
  1.3922  -0.3845   0.5601
  1.3892  -0.3639   0.4714
  1.3863  -0.3432   0.3840
  1.3834  -0.3226   0.2980
  1.3806  -0.3020   0.2133
  1.3778  -0.2814   0.1300
  1.3751  -0.2608   0.0479
  1.3725  -0.2402  -0.0328
  1.3700  -0.2197  -0.1122
  1.3675  -0.1992  -0.1903
  1.3652  -0.1787  -0.2671
  1.3629  -0.1583  -0.3427
  1.3606  -0.1378  -0.4169
  1.3585  -0.1174  -0.4900
  1.3564  -0.0970  -0.5617
  1.3544  -0.0767  -0.6322
  1.3525  -0.0564  -0.7014
  1.3507  -0.0361  -0.7694
  1.3489  -0.0159  -0.8361
  1.3472   0.0043  -0.9016
  1.3457   0.0244  -0.9658
  1.3441   0.0445  -1.0287
  1.3427   0.0647  -1.0901
  1.3412   0.0848  -1.1498
  1.3399   0.1048  -1.2083
  1.3386   0.1248  -1.2658
  1.3374   0.1448  -1.3218
  1.3364   0.1646  -1.3777
  1.3355   0.1844  -1.4323
  1.3347   0.2042  -1.4851
  1.3339   0.2239  -1.5371
  1.3333   0.2435  -1.5881
  1.3327   0.2631  -1.6381
  1.3323   0.2825  -1.6870
  1.3320   0.3020  -1.7349
  1.3317   0.3213  -1.7816
  1.3316   0.3406  -1.8273
  1.3316   0.3598  -1.8720
  1.3316   0.3790  -1.9155
  1.3317   0.3981  -1.9579
  1.3320   0.4171  -1.9992
  1.3323   0.4361  -2.0394
  1.3326   0.4550  -2.0784
  1.3331   0.4738  -2.1164
  1.3336   0.4927  -2.1532
  1.3343   0.5114  -2.1889
  1.3350   0.5301  -2.2234
  1.3357   0.5488  -2.2568
  1.3366   0.5674  -2.2891
  1.3375   0.5859  -2.3202
  1.3384   0.6044  -2.3501
  1.3394   0.6229  -2.3789
  1.3405   0.6413  -2.4066
  1.3417   0.6596  -2.4331
  1.3429   0.6780  -2.4585
  1.3441   0.6962  -2.4827
  1.3454   0.7145  -2.5057
  1.3467   0.7327  -2.5276
  1.3467   0.7327  -2.5276
  1.3425   0.7218  -2.4741
  1.3389   0.7113  -2.4265
  1.3357   0.7011  -2.3841
  1.3330   0.6913  -2.3460
  1.3306   0.6817  -2.3116
  1.3285   0.6722  -2.2805
  1.3266   0.6628  -2.2522
  1.3249   0.6536  -2.2262
  1.3233   0.6444  -2.2024
  1.3219   0.6352  -2.1804
  1.3206   0.6261  -2.1601
  1.3193   0.6170  -2.1413
  1.3181   0.6078  -2.1239
  1.3169   0.5987  -2.1077
  1.3159   0.5896  -2.0926
  1.3148   0.5804  -2.0786
  1.3138   0.5712  -2.0656
  1.3128   0.5619  -2.0535
  1.3119   0.5527  -2.0423
  1.3109   0.5434  -2.0319
  1.3100   0.5341  -2.0222
  1.3092   0.5247  -2.0134
  1.3083   0.5153  -2.0052
  1.3075   0.5058  -1.9977
  1.3066   0.4964  -1.9909
  1.3058   0.4869  -1.9847
  1.3051   0.4773  -1.9792
  1.3043   0.4677  -1.9742
  1.3035   0.4581  -1.9697
  1.3028   0.4485  -1.9659
  1.3021   0.4388  -1.9625
  1.3014   0.4291  -1.9597
  1.3008   0.4194  -1.9573
  1.3001   0.4096  -1.9554
  1.2995   0.3998  -1.9539
  1.2989   0.3900  -1.9529
  1.2983   0.3802  -1.9523
  1.2977   0.3703  -1.9522
  1.2972   0.3604  -1.9524
  1.2967   0.3505  -1.9530
  1.2962   0.3406  -1.9539
  1.2957   0.3306  -1.9552
  1.2952   0.3207  -1.9568
  1.2948   0.3107  -1.9588
  1.2944   0.3007  -1.9610
  1.2940   0.2906  -1.9636
  1.2936   0.2806  -1.9664
  1.2933   0.2706  -1.9695
  1.2930   0.2605  -1.9729
  1.2927   0.2504  -1.9765
  1.2924   0.2403  -1.9803
  1.2921   0.2302  -1.9844
  1.2919   0.2201  -1.9887
  1.2917   0.2100  -1.9931
  1.2915   0.1998  -1.9978
  1.2913   0.1897  -2.0027
  1.2912   0.1795  -2.0077
  1.2911   0.1694  -2.0129
  1.2910   0.1592  -2.0182
  1.2909   0.1490  -2.0237
  1.2909   0.1388  -2.0294
  1.2908   0.1287  -2.0351
  1.2908   0.1185  -2.0410
  1.2908   0.1083  -2.0470
  1.2909   0.0981  -2.0531
  1.2909   0.0879  -2.0593
  1.2910   0.0776  -2.0656
  1.2911   0.0674  -2.0720
  1.2912   0.0572  -2.0784
  1.2914   0.0470  -2.0850
  1.2916   0.0368  -2.0916
  1.2917   0.0265  -2.0982
  1.2920   0.0163  -2.1049
  1.2922   0.0061  -2.1117
  1.2924  -0.0042  -2.1185
  1.2927  -0.0144  -2.1253
  1.2930  -0.0246  -2.1322
  1.2933  -0.0349  -2.1391
  1.2936  -0.0451  -2.1460
  1.2940  -0.0554  -2.1530
  1.2943  -0.0656  -2.1600
  1.2947  -0.0759  -2.1670
  1.2951  -0.0861  -2.1740
  1.2955  -0.0964  -2.1810
  1.2960  -0.1067  -2.1880
  1.2964  -0.1169  -2.1950
  1.2969  -0.1272  -2.2020
  1.2974  -0.1375  -2.2090
  1.2979  -0.1477  -2.2160
  1.2984  -0.1580  -2.2230
  1.2990  -0.1683  -2.2300
  1.2996  -0.1786  -2.2370
  1.3002  -0.1889  -2.2440
  1.3008  -0.1992  -2.2509
  1.3014  -0.2095  -2.2579
  1.3020  -0.2198  -2.2649
  1.3027  -0.2301  -2.2718
  1.3034  -0.2405  -2.2787
  1.3041  -0.2508  -2.2857
  1.3048  -0.2612  -2.2927
  1.3056  -0.2715  -2.2997
  1.3063  -0.2819  -2.3067
  1.3071  -0.2923  -2.3138
  1.3079  -0.3027  -2.3210
  1.3088  -0.3131  -2.3283
  1.3097  -0.3235  -2.3357
  1.3106  -0.3340  -2.3434
  1.3115  -0.3445  -2.3514
  1.3125  -0.3550  -2.3598
  1.3135  -0.3656  -2.3686
  1.3146  -0.3762  -2.3781
  1.3157  -0.3869  -2.3885
  1.3169  -0.3976  -2.3999
  1.3182  -0.4085  -2.4128
  1.3196  -0.4194  -2.4276
  1.3211  -0.4305  -2.4447
  1.3222  -0.4402  -2.5165
  1.3225  -0.4291  -2.4832
  1.3230  -0.4181  -2.4494
  1.3235  -0.4072  -2.4150
  1.3240  -0.3963  -2.3796
  1.3246  -0.3855  -2.3441
  1.3253  -0.3747  -2.3081
  1.3261  -0.3640  -2.2715
  1.3269  -0.3533  -2.2344
  1.3277  -0.3426  -2.1968
  1.3287  -0.3320  -2.1586
  1.3296  -0.3214  -2.1199
  1.3307  -0.3109  -2.0806
  1.3317  -0.3004  -2.0407
  1.3329  -0.2899  -2.0003
  1.3341  -0.2794  -1.9593
  1.3353  -0.2689  -1.9177
  1.3366  -0.2585  -1.8755
  1.3379  -0.2481  -1.8327
  1.3393  -0.2377  -1.7892
  1.3407  -0.2273  -1.7451
  1.3421  -0.2169  -1.7002
  1.3436  -0.2065  -1.6547
  1.3452  -0.1961  -1.6085
  1.3468  -0.1858  -1.5616
  1.3484  -0.1754  -1.5141
  1.3500  -0.1651  -1.4658
  1.3517  -0.1548  -1.4167
  1.3534  -0.1444  -1.3669
  1.3551  -0.1340  -1.3158
  1.3569  -0.1237  -1.2643
  1.3587  -0.1134  -1.2120
  1.3605  -0.1030  -1.1589
  1.3624  -0.0928  -1.1050
  1.3642  -0.0825  -1.0503
  1.3661  -0.0721  -0.9946
  1.3681  -0.0618  -0.9380
  1.3700  -0.0515  -0.8805
  1.3720  -0.0411  -0.8220
  1.3740  -0.0308  -0.7627
  1.3760  -0.0204  -0.7023
  1.3780  -0.0101  -0.6410
  1.3800   0.0003  -0.5787
  1.3821   0.0106  -0.5154
  1.3842   0.0210  -0.4510
  1.3862   0.0313  -0.3858
  1.3883   0.0417  -0.3195
  1.3904   0.0521  -0.2520
  1.3926   0.0625  -0.1834
  1.3947   0.0729  -0.1137
  1.3969   0.0834  -0.0429
  1.3990   0.0938   0.0291
  1.4012   0.1043   0.1022
  1.4034   0.1148   0.1764
  1.4056   0.1253   0.2518
  1.4078   0.1358   0.3284
  1.4100   0.1464   0.4062
  1.4122   0.1569   0.4852
  1.4145   0.1675   0.5654
  1.4167   0.1782   0.6469
  1.4190   0.1888   0.7295
  1.4213   0.1995   0.8135
  1.4235   0.2102   0.8987
  1.4258   0.2210   0.9852
  1.4282   0.2317   1.0730
  1.4305   0.2426   1.1620
  1.4329   0.2534   1.2524
  1.4352   0.2643   1.3441
  1.4376   0.2752   1.4371
  1.4400   0.2862   1.5314
  1.4425   0.2972   1.6270
  1.4449   0.3082   1.7239
  1.4474   0.3192   1.8221
  1.4499   0.3303   1.9216
  1.4524   0.3414   2.0223
  1.4549   0.3526   2.1246
  1.4575   0.3638   2.2281
  1.4601   0.3751   2.3330
  1.4627   0.3863   2.4391
  1.4654   0.3976   2.5464
  1.4654   0.3976   2.5464
  1.4643   0.3876   2.5473
  1.4633   0.3778   2.5500
  1.4624   0.3680   2.5542
  1.4615   0.3584   2.5596
  1.4606   0.3488   2.5658
  1.4597   0.3392   2.5727
  1.4589   0.3297   2.5802
  1.4581   0.3202   2.5881
  1.4574   0.3107   2.5962
  1.4566   0.3012   2.6046
  1.4559   0.2918   2.6132
  1.4552   0.2824   2.6219
  1.4545   0.2729   2.6306
  1.4539   0.2635   2.6393
  1.4533   0.2540   2.6481
  1.4527   0.2446   2.6568
  1.4521   0.2352   2.6655
  1.4515   0.2257   2.6741
  1.4510   0.2163   2.6827
  1.4504   0.2068   2.6912
  1.4499   0.1974   2.6996
  1.4494   0.1879   2.7079
  1.4489   0.1784   2.7161
  1.4484   0.1690   2.7242
  1.4480   0.1595   2.7322
  1.4475   0.1500   2.7401
  1.4471   0.1405   2.7479
  1.4467   0.1310   2.7556
  1.4463   0.1214   2.7631
  1.4459   0.1119   2.7706
  1.4455   0.1024   2.7779
  1.4452   0.0929   2.7852
  1.4448   0.0833   2.7923
  1.4445   0.0737   2.7993
  1.4441   0.0642   2.8061
  1.4438   0.0546   2.8129
  1.4435   0.0450   2.8195
  1.4432   0.0354   2.8260
  1.4429   0.0258   2.8324
  1.4426   0.0162   2.8387
  1.4423   0.0066   2.8448
  1.4421  -0.0030   2.8508
  1.4418  -0.0126   2.8567
  1.4415  -0.0223   2.8625
  1.4413  -0.0319   2.8681
  1.4411  -0.0416   2.8736
  1.4408  -0.0513   2.8789
  1.4406  -0.0609   2.8841
  1.4404  -0.0706   2.8892
  1.4402  -0.0803   2.8942
  1.4400  -0.0900   2.8990
  1.4398  -0.0997   2.9037
  1.4396  -0.1095   2.9082
  1.4395  -0.1192   2.9126
  1.4393  -0.1289   2.9168
  1.4391  -0.1387   2.9209
  1.4390  -0.1484   2.9248
  1.4388  -0.1582   2.9286
  1.4387  -0.1680   2.9322
  1.4385  -0.1777   2.9357
  1.4384  -0.1875   2.9390
  1.4383  -0.1973   2.9421
  1.4382  -0.2071   2.9451
  1.4381  -0.2170   2.9479
  1.4380  -0.2268   2.9506
  1.4379  -0.2366   2.9531
  1.4378  -0.2465   2.9554
  1.4377  -0.2563   2.9575
  1.4376  -0.2662   2.9594
  1.4375  -0.2760   2.9612
  1.4375  -0.2859   2.9628
  1.4374  -0.2958   2.9641
  1.4374  -0.3057   2.9653
  1.4374  -0.3156   2.9663
  1.4373  -0.3255   2.9671
  1.4373  -0.3354   2.9677
  1.4373  -0.3454   2.9680
  1.4373  -0.3553   2.9682
  1.4373  -0.3653   2.9682
  1.4373  -0.3752   2.9679
  1.4374  -0.3852   2.9674
  1.4374  -0.3951   2.9666
  1.4374  -0.4051   2.9657
  1.4375  -0.4151   2.9645
  1.4376  -0.4251   2.9630
  1.4377  -0.4351   2.9613
  1.4378  -0.4452   2.9593
  1.4379  -0.4552   2.9571
  1.4380  -0.4652   2.9546
  1.4381  -0.4753   2.9519
  1.4383  -0.4853   2.9488
  1.4384  -0.4954   2.9455
  1.4386  -0.5055   2.9419
  1.4388  -0.5156   2.9380
  1.4390  -0.5257   2.9338
  1.4392  -0.5358   2.9293
  1.4395  -0.5459   2.9244
  1.4397  -0.5561   2.9193
  1.4400  -0.5662   2.9138
  1.4403  -0.5764   2.9079
  1.4406  -0.5865   2.9017
  1.4410  -0.5967   2.8952
  1.4413  -0.6069   2.8883
  1.4417  -0.6171   2.8811
  1.4421  -0.6273   2.8734
  1.4425  -0.6376   2.8654
  1.4429  -0.6478   2.8570
  1.4434  -0.6580   2.8483
  1.4439  -0.6683   2.8392
  1.4444  -0.6786   2.8297
  1.4449  -0.6889   2.8198
  1.4455  -0.6992   2.8096
  1.4461  -0.7094   2.7990
  1.4467  -0.7197   2.7882
  1.4473  -0.7300   2.7771
  1.4382  -0.7358   2.8283
  1.4341  -0.7154   2.7083
  1.4301  -0.6950   2.5900
  1.4261  -0.6746   2.4735
  1.4222  -0.6542   2.3586
  1.4183  -0.6338   2.2453
  1.4145  -0.6134   2.1337
  1.4108  -0.5930   2.0236
  1.4071  -0.5726   1.9151
  1.4034  -0.5522   1.8081
  1.3999  -0.5318   1.7026
  1.3963  -0.5114   1.5985
  1.3929  -0.4910   1.4960
  1.3895  -0.4707   1.3948
  1.3862  -0.4504   1.2951
  1.3829  -0.4300   1.1968
  1.3797  -0.4097   1.0998
  1.3766  -0.3894   1.0042
  1.3735  -0.3692   0.9100
  1.3705  -0.3489   0.8171
  1.3675  -0.3287   0.7256
  1.3647  -0.3085   0.6354
  1.3619  -0.2883   0.5465
  1.3591  -0.2681   0.4589
  1.3565  -0.2480   0.3727
  1.3539  -0.2279   0.2877
  1.3514  -0.2078   0.2040
  1.3489  -0.1878   0.1216
  1.3466  -0.1678   0.0404
  1.3443  -0.1478  -0.0394
  1.3421  -0.1278  -0.1180
  1.3399  -0.1079  -0.1954
  1.3378  -0.0880  -0.2714
  1.3358  -0.0682  -0.3463
  1.3339  -0.0484  -0.4198
  1.3321  -0.0286  -0.4921
  1.3303  -0.0088  -0.5632
  1.3286   0.0109  -0.6331
  1.3270   0.0305  -0.7016
  1.3254   0.0502  -0.7690
  1.3240   0.0698  -0.8351
  1.3226   0.0893  -0.9000
  1.3212   0.1088  -0.9637
  1.3200   0.1283  -1.0261
  1.3188   0.1477  -1.0874
  1.3178   0.1671  -1.1474
  1.3167   0.1864  -1.2062
  1.3158   0.2057  -1.2637
  1.3150   0.2250  -1.3201
  1.3142   0.2442  -1.3753
  1.3135   0.2633  -1.4293
  1.3129   0.2824  -1.4821
  1.3123   0.3015  -1.5337
  1.3118   0.3205  -1.5840
  1.3114   0.3395  -1.6332
  1.3111   0.3585  -1.6812
  1.3108   0.3774  -1.7279
  1.3106   0.3962  -1.7734
  1.3105   0.4151  -1.8175
  1.3103   0.4340  -1.8597
  1.3103   0.4528  -1.9011
  1.3103   0.4715  -1.9414
  1.3104   0.4902  -1.9804
  1.3105   0.5089  -2.0181
  1.3108   0.5276  -2.0549
  1.3111   0.5461  -2.0910
  1.3116   0.5646  -2.1260
  1.3121   0.5830  -2.1599
  1.3126   0.6014  -2.1927
  1.3133   0.6197  -2.2245
  1.3140   0.6380  -2.2551
  1.3148   0.6563  -2.2847
  1.3156   0.6745  -2.3131
  1.3165   0.6927  -2.3405
  1.3175   0.7108  -2.3668
  1.3185   0.7289  -2.3920
  1.3196   0.7470  -2.4161
  1.3207   0.7650  -2.4392
  1.3219   0.7830  -2.4611
  1.3231   0.8010  -2.4820
  1.3231   0.8010  -2.4820
  1.3191   0.7879  -2.4345
  1.3158   0.7755  -2.3939
  1.3131   0.7636  -2.3586
  1.3108   0.7521  -2.3276
  1.3089   0.7410  -2.3003
  1.3073   0.7302  -2.2759
  1.3059   0.7196  -2.2541
  1.3046   0.7092  -2.2343
  1.3036   0.6989  -2.2165
  1.3026   0.6888  -2.2001
  1.3017   0.6788  -2.1851
  1.3008   0.6689  -2.1713
  1.3001   0.6590  -2.1586
  1.2993   0.6492  -2.1468
  1.2986   0.6394  -2.1358
  1.2979   0.6297  -2.1255
  1.2973   0.6200  -2.1160
  1.2966   0.6104  -2.1071
  1.2960   0.6008  -2.0989
  1.2954   0.5912  -2.0912
  1.2948   0.5817  -2.0841
  1.2942   0.5721  -2.0774
  1.2936   0.5626  -2.0713
  1.2929   0.5531  -2.0656
  1.2923   0.5436  -2.0601
  1.2917   0.5342  -2.0554
  1.2911   0.5249  -2.0514
  1.2906   0.5156  -2.0479
  1.2901   0.5063  -2.0450
  1.2896   0.4970  -2.0424
  1.2891   0.4877  -2.0403
  1.2886   0.4785  -2.0385
  1.2881   0.4692  -2.0371
  1.2876   0.4599  -2.0360
  1.2871   0.4506  -2.0353
  1.2867   0.4413  -2.0347
  1.2862   0.4319  -2.0346
  1.2858   0.4226  -2.0348
  1.2854   0.4132  -2.0353
  1.2850   0.4039  -2.0361
  1.2847   0.3945  -2.0373
  1.2843   0.3852  -2.0389
  1.2840   0.3758  -2.0409
  1.2838   0.3665  -2.0432
  1.2835   0.3571  -2.0457
  1.2832   0.3477  -2.0485
  1.2830   0.3383  -2.0515
  1.2828   0.3289  -2.0546
  1.2826   0.3195  -2.0580
  1.2824   0.3100  -2.0615
  1.2822   0.3005  -2.0651
  1.2820   0.2910  -2.0690
  1.2819   0.2815  -2.0729
  1.2817   0.2720  -2.0770
  1.2816   0.2624  -2.0812
  1.2815   0.2529  -2.0854
  1.2814   0.2433  -2.0898
  1.2813   0.2337  -2.0943
  1.2812   0.2240  -2.0988
  1.2811   0.2144  -2.1035
  1.2810   0.2047  -2.1082
  1.2809   0.1951  -2.1129
  1.2809   0.1854  -2.1177
  1.2808   0.1756  -2.1226
  1.2808   0.1659  -2.1275
  1.2808   0.1562  -2.1325
  1.2808   0.1464  -2.1374
  1.2808   0.1366  -2.1425
  1.2808   0.1268  -2.1475
  1.2809   0.1170  -2.1526
  1.2809   0.1071  -2.1576
  1.2810   0.0973  -2.1627
  1.2810   0.0874  -2.1678
  1.2811   0.0775  -2.1729
  1.2812   0.0676  -2.1779
  1.2813   0.0577  -2.1830
  1.2814   0.0478  -2.1881
  1.2815   0.0378  -2.1931
  1.2817   0.0279  -2.1981
  1.2818   0.0179  -2.2031
  1.2820   0.0079  -2.2080
  1.2822  -0.0021  -2.2129
  1.2824  -0.0122  -2.2178
  1.2826  -0.0222  -2.2226
  1.2828  -0.0323  -2.2273
  1.2831  -0.0424  -2.2321
  1.2833  -0.0525  -2.2367
  1.2836  -0.0626  -2.2413
  1.2839  -0.0727  -2.2459
  1.2842  -0.0829  -2.2503
  1.2845  -0.0930  -2.2547
  1.2849  -0.1032  -2.2591
  1.2853  -0.1134  -2.2633
  1.2856  -0.1237  -2.2675
  1.2860  -0.1339  -2.2716
  1.2865  -0.1442  -2.2757
  1.2869  -0.1545  -2.2796
  1.2874  -0.1648  -2.2835
  1.2879  -0.1751  -2.2873
  1.2884  -0.1854  -2.2910
  1.2889  -0.1958  -2.2947
  1.2895  -0.2062  -2.2983
  1.2900  -0.2166  -2.3019
  1.2906  -0.2271  -2.3054
  1.2913  -0.2376  -2.3090
  1.2919  -0.2481  -2.3125
  1.2926  -0.2586  -2.3162
  1.2933  -0.2692  -2.3200
  1.2941  -0.2799  -2.3240
  1.2949  -0.2906  -2.3284
  1.2957  -0.3014  -2.3332
  1.2966  -0.3124  -2.3386
  1.2975  -0.3234  -2.3450
  1.2985  -0.3346  -2.3525
  1.2996  -0.3461  -2.3618
  1.3008  -0.3578  -2.3733
  1.3020  -0.3699  -2.3879
  1.3035  -0.3826  -2.4076
  1.3052  -0.3967  -2.4388
  1.3039  -0.4074  -2.5146
  1.3066  -0.3967  -2.4765
  1.3093  -0.3860  -2.4381
  1.3121  -0.3754  -2.3992
  1.3149  -0.3648  -2.3599
  1.3178  -0.3543  -2.3202
  1.3208  -0.3437  -2.2800
  1.3238  -0.3332  -2.2394
  1.3269  -0.3228  -2.1982
  1.3300  -0.3123  -2.1566
  1.3332  -0.3019  -2.1144
  1.3364  -0.2915  -2.0716
  1.3397  -0.2812  -2.0283
  1.3431  -0.2708  -1.9844
  1.3464  -0.2605  -1.9399
  1.3499  -0.2502  -1.8948
  1.3534  -0.2399  -1.8491
  1.3569  -0.2296  -1.8027
  1.3605  -0.2194  -1.7557
  1.3641  -0.2092  -1.7079
  1.3677  -0.1990  -1.6595
  1.3714  -0.1888  -1.6104
  1.3752  -0.1786  -1.5605
  1.3789  -0.1684  -1.5099
  1.3828  -0.1583  -1.4585
  1.3866  -0.1481  -1.4064
  1.3905  -0.1380  -1.3535
  1.3945  -0.1279  -1.2997
  1.3984  -0.1178  -1.2452
  1.4024  -0.1077  -1.1898
  1.4065  -0.0976  -1.1336
  1.4106  -0.0875  -1.0765
  1.4147  -0.0774  -1.0185
  1.4188  -0.0674  -0.9597
  1.4230  -0.0573  -0.8999
  1.4273  -0.0472  -0.8393
  1.4315  -0.0372  -0.7777
  1.4358  -0.0271  -0.7152
  1.4401  -0.0171  -0.6518
  1.4445  -0.0070  -0.5874
  1.4489   0.0030  -0.5220
  1.4534   0.0131  -0.4557
  1.4578   0.0231  -0.3884
  1.4623   0.0331  -0.3202
  1.4669   0.0432  -0.2509
  1.4715   0.0532  -0.1807
  1.4761   0.0633  -0.1094
  1.4807   0.0733  -0.0372
  1.4854   0.0834   0.0361
  1.4901   0.0934   0.1104
  1.4949   0.1034   0.1856
  1.4997   0.1135   0.2619
  1.5045   0.1235   0.3391
  1.5094   0.1335   0.4174
  1.5143   0.1436   0.4967
  1.5193   0.1536   0.5770
  1.5242   0.1636   0.6582
  1.5292   0.1735   0.7404
  1.5343   0.1835   0.8237
  1.5394   0.1935   0.9078
  1.5445   0.2034   0.9930
  1.5496   0.2133   1.0791
  1.5548   0.2231   1.1661
  1.5600   0.2329   1.2541
  1.5653   0.2427   1.3430
  1.5705   0.2525   1.4329
  1.5758   0.2622   1.5237
  1.5811   0.2718   1.6154
  1.5865   0.2814   1.7080
  1.5919   0.2909   1.8015
  1.5972   0.3004   1.8959
  1.6027   0.3098   1.9912
  1.6081   0.3192   2.0875
  1.6135   0.3285   2.1847
  1.6190   0.3377   2.2827
  1.6245   0.3468   2.3817
  1.6300   0.3559   2.4816
  1.6355   0.3648   2.5825
  1.6410   0.3737   2.6843
  1.6465   0.3825   2.7870
  1.6465   0.3825   2.7870
  1.6442   0.3666   2.7303
  1.6422   0.3528   2.6931
  1.6405   0.3406   2.6711
  1.6390   0.3297   2.6609
  1.6376   0.3196   2.6591
  1.6364   0.3101   2.6631
  1.6353   0.3011   2.6710
  1.6343   0.2922   2.6812
  1.6333   0.2834   2.6927
  1.6324   0.2748   2.7049
  1.6315   0.2661   2.7176
  1.6307   0.2574   2.7306
  1.6299   0.2488   2.7438
  1.6291   0.2401   2.7571
  1.6283   0.2314   2.7704
  1.6276   0.2227   2.7837
  1.6269   0.2139   2.7970
  1.6263   0.2052   2.8102
  1.6256   0.1964   2.8234
  1.6250   0.1876   2.8365
  1.6245   0.1788   2.8495
  1.6239   0.1699   2.8624
  1.6234   0.1610   2.8751
  1.6229   0.1521   2.8878
  1.6225   0.1432   2.9003
  1.6220   0.1342   2.9126
  1.6216   0.1253   2.9249
  1.6212   0.1163   2.9369
  1.6209   0.1072   2.9488
  1.6206   0.0982   2.9606
  1.6203   0.0891   2.9722
  1.6200   0.0800   2.9836
  1.6197   0.0709   2.9948
  1.6195   0.0618   3.0059
  1.6193   0.0526   3.0168
  1.6191   0.0434   3.0275
  1.6189   0.0342   3.0380
  1.6188   0.0250   3.0483
  1.6186   0.0157   3.0584
  1.6185   0.0065   3.0683
  1.6184  -0.0028   3.0780
  1.6184  -0.0122   3.0875
  1.6183  -0.0215   3.0968
  1.6182  -0.0309   3.1059
  1.6182  -0.0403   3.1147
  1.6182  -0.0497   3.1234
  1.6182  -0.0591   3.1318
  1.6182  -0.0686   3.1400
  1.6182  -0.0781   3.1480
  1.6182  -0.0876   3.1557
  1.6182  -0.0971   3.1633
  1.6183  -0.1067   3.1705
  1.6183  -0.1163   3.1776
  1.6184  -0.1259   3.1844
  1.6185  -0.1355   3.1909
  1.6185  -0.1451   3.1973
  1.6186  -0.1548   3.2033
  1.6187  -0.1645   3.2091
  1.6188  -0.1742   3.2147
  1.6189  -0.1839   3.2200
  1.6190  -0.1937   3.2250
  1.6191  -0.2034   3.2298
  1.6192  -0.2132   3.2343
  1.6194  -0.2231   3.2386
  1.6195  -0.2329   3.2425
  1.6196  -0.2428   3.2462
  1.6197  -0.2526   3.2496
  1.6199  -0.2625   3.2528
  1.6200  -0.2725   3.2556
  1.6202  -0.2824   3.2582
  1.6203  -0.2924   3.2604
  1.6205  -0.3024   3.2624
  1.6206  -0.3124   3.2640
  1.6208  -0.3224   3.2654
  1.6209  -0.3324   3.2664
  1.6211  -0.3425   3.2672
  1.6213  -0.3525   3.2676
  1.6214  -0.3626   3.2676
  1.6216  -0.3727   3.2674
  1.6218  -0.3829   3.2668
  1.6220  -0.3930   3.2659
  1.6222  -0.4032   3.2646
  1.6224  -0.4133   3.2630
  1.6226  -0.4235   3.2610
  1.6228  -0.4337   3.2587
  1.6230  -0.4439   3.2560
  1.6233  -0.4542   3.2529
  1.6235  -0.4644   3.2494
  1.6238  -0.4746   3.2455
  1.6240  -0.4849   3.2413
  1.6243  -0.4952   3.2366
  1.6246  -0.5055   3.2315
  1.6249  -0.5158   3.2260
  1.6252  -0.5261   3.2201
  1.6255  -0.5364   3.2137
  1.6258  -0.5467   3.2069
  1.6262  -0.5570   3.1996
  1.6266  -0.5674   3.1918
  1.6270  -0.5777   3.1835
  1.6274  -0.5881   3.1748
  1.6278  -0.5985   3.1655
  1.6282  -0.6088   3.1557
  1.6287  -0.6192   3.1453
  1.6292  -0.6296   3.1344
  1.6297  -0.6401   3.1229
  1.6302  -0.6505   3.1108
  1.6307  -0.6609   3.0981
  1.6313  -0.6714   3.0848
  1.6319  -0.6819   3.0707
  1.6324  -0.6925   3.0560
  1.6330  -0.7031   3.0406
  1.6337  -0.7137   3.0243
  1.6343  -0.7244   3.0073
  1.6349  -0.7351   2.9895
  1.6355  -0.7460   2.9707
  1.6250  -0.7541   3.0419
  1.6203  -0.7361   2.9025
  1.6155  -0.7181   2.7655
  1.6108  -0.7000   2.6310
  1.6060  -0.6818   2.4989
  1.6013  -0.6635   2.3690
  1.5966  -0.6451   2.2413
  1.5919  -0.6267   2.1157
  1.5873  -0.6082   1.9923
  1.5826  -0.5897   1.8709
  1.5780  -0.5711   1.7515
  1.5734  -0.5524   1.6341
  1.5688  -0.5337   1.5186
  1.5642  -0.5150   1.4050
  1.5597  -0.4962   1.2932
  1.5551  -0.4773   1.1832
  1.5506  -0.4584   1.0751
  1.5462  -0.4395   0.9686
  1.5417  -0.4206   0.8639
  1.5373  -0.4016   0.7610
  1.5330  -0.3826   0.6596
  1.5286  -0.3636   0.5600
  1.5243  -0.3445   0.4620
  1.5201  -0.3254   0.3656
  1.5158  -0.3063   0.2708
  1.5117  -0.2872   0.1777
  1.5075  -0.2681   0.0861
  1.5034  -0.2489  -0.0039
  1.4994  -0.2297  -0.0924
  1.4954  -0.2106  -0.1794
  1.4914  -0.1914  -0.2648
  1.4875  -0.1722  -0.3486
  1.4837  -0.1530  -0.4310
  1.4799  -0.1338  -0.5119
  1.4762  -0.1146  -0.5912
  1.4725  -0.0954  -0.6691
  1.4688  -0.0762  -0.7455
  1.4653  -0.0570  -0.8205
  1.4618  -0.0378  -0.8939
  1.4583  -0.0186  -0.9660
  1.4549   0.0005  -1.0365
  1.4516   0.0197  -1.1057
  1.4483   0.0388  -1.1734
  1.4451   0.0579  -1.2396
  1.4420   0.0770  -1.3045
  1.4389   0.0961  -1.3680
  1.4359   0.1151  -1.4300
  1.4330   0.1342  -1.4907
  1.4301   0.1532  -1.5500
  1.4274   0.1721  -1.6079
  1.4246   0.1911  -1.6644
  1.4220   0.2100  -1.7197
  1.4194   0.2289  -1.7735
  1.4170   0.2477  -1.8261
  1.4145   0.2665  -1.8773
  1.4122   0.2852  -1.9272
  1.4100   0.3039  -1.9759
  1.4078   0.3226  -2.0232
  1.4057   0.3412  -2.0693
  1.4037   0.3598  -2.1141
  1.4017   0.3783  -2.1576
  1.3999   0.3968  -2.1999
  1.3981   0.4152  -2.2410
  1.3964   0.4336  -2.2809
  1.3947   0.4519  -2.3195
  1.3932   0.4702  -2.3569
  1.3917   0.4884  -2.3931
  1.3903   0.5065  -2.4281
  1.3890   0.5246  -2.4619
  1.3877   0.5427  -2.4945
  1.3865   0.5606  -2.5259
  1.3854   0.5786  -2.5561
  1.3843   0.5964  -2.5852
  1.3833   0.6143  -2.6131
  1.3824   0.6320  -2.6398
  1.3815   0.6497  -2.6654
  1.3807   0.6674  -2.6898
  1.3799   0.6849  -2.7130
  1.3792   0.7025  -2.7351
  1.3785   0.7199  -2.7561
  1.3785   0.7199  -2.7561
  1.3746   0.7090  -2.7062
  1.3712   0.6986  -2.6618
  1.3683   0.6885  -2.6221
  1.3658   0.6787  -2.5864
  1.3636   0.6691  -2.5542
  1.3616   0.6597  -2.5248
  1.3598   0.6504  -2.4980
  1.3582   0.6413  -2.4733
  1.3567   0.6321  -2.4506
  1.3553   0.6231  -2.4296
  1.3540   0.6141  -2.4101
  1.3528   0.6050  -2.3919
  1.3517   0.5960  -2.3750
  1.3506   0.5870  -2.3593
  1.3496   0.5779  -2.3445
  1.3486   0.5689  -2.3308
  1.3476   0.5598  -2.3179
  1.3466   0.5507  -2.3059
  1.3457   0.5415  -2.2947
  1.3448   0.5323  -2.2843
  1.3439   0.5231  -2.2745
  1.3431   0.5138  -2.2655
  1.3423   0.5045  -2.2572
  1.3414   0.4952  -2.2495
  1.3406   0.4858  -2.2424
  1.3398   0.4764  -2.2359
  1.3391   0.4669  -2.2300
  1.3383   0.4574  -2.2247
  1.3376   0.4479  -2.2198
  1.3369   0.4383  -2.2156
  1.3362   0.4287  -2.2118
  1.3355   0.4191  -2.2085
  1.3348   0.4094  -2.2056
  1.3342   0.3997  -2.2033
  1.3336   0.3900  -2.2014
  1.3330   0.3802  -2.1999
  1.3324   0.3704  -2.1988
  1.3318   0.3606  -2.1981
  1.3313   0.3507  -2.1978
  1.3307   0.3408  -2.1979
  1.3302   0.3309  -2.1984
  1.3297   0.3210  -2.1992
  1.3293   0.3111  -2.2003
  1.3288   0.3011  -2.2017
  1.3284   0.2911  -2.2035
  1.3280   0.2811  -2.2056
  1.3276   0.2710  -2.2079
  1.3273   0.2610  -2.2105
  1.3269   0.2509  -2.2134
  1.3266   0.2408  -2.2166
  1.3263   0.2307  -2.2199
  1.3261   0.2206  -2.2235
  1.3258   0.2105  -2.2273
  1.3256   0.2004  -2.2314
  1.3254   0.1902  -2.2356
  1.3252   0.1800  -2.2400
  1.3250   0.1699  -2.2446
  1.3249   0.1597  -2.2494
  1.3248   0.1495  -2.2543
  1.3247   0.1393  -2.2593
  1.3246   0.1291  -2.2646
  1.3246   0.1188  -2.2699
  1.3246   0.1086  -2.2754
  1.3246   0.0984  -2.2809
  1.3246   0.0881  -2.2866
  1.3246   0.0779  -2.2924
  1.3247   0.0676  -2.2983
  1.3248   0.0574  -2.3043
  1.3248   0.0471  -2.3103
  1.3250   0.0369  -2.3164
  1.3251   0.0266  -2.3226
  1.3253   0.0164  -2.3289
  1.3254   0.0061  -2.3352
  1.3256  -0.0042  -2.3416
  1.3259  -0.0144  -2.3480
  1.3261  -0.0247  -2.3544
  1.3263  -0.0350  -2.3609
  1.3266  -0.0453  -2.3674
  1.3269  -0.0555  -2.3739
  1.3272  -0.0658  -2.3805
  1.3275  -0.0761  -2.3871
  1.3279  -0.0864  -2.3937
  1.3282  -0.0966  -2.4003
  1.3286  -0.1069  -2.4069
  1.3290  -0.1172  -2.4136
  1.3294  -0.1275  -2.4202
  1.3298  -0.1378  -2.4268
  1.3303  -0.1481  -2.4335
  1.3307  -0.1583  -2.4401
  1.3312  -0.1686  -2.4467
  1.3317  -0.1789  -2.4534
  1.3322  -0.1892  -2.4600
  1.3327  -0.1995  -2.4666
  1.3333  -0.2098  -2.4732
  1.3338  -0.2201  -2.4798
  1.3344  -0.2304  -2.4864
  1.3350  -0.2407  -2.4931
  1.3356  -0.2510  -2.4997
  1.3362  -0.2613  -2.5063
  1.3369  -0.2716  -2.5130
  1.3375  -0.2820  -2.5197
  1.3382  -0.2923  -2.5265
  1.3389  -0.3026  -2.5333
  1.3396  -0.3130  -2.5403
  1.3404  -0.3234  -2.5474
  1.3411  -0.3337  -2.5547
  1.3419  -0.3441  -2.5622
  1.3427  -0.3546  -2.5701
  1.3436  -0.3650  -2.5784
  1.3445  -0.3755  -2.5872
  1.3454  -0.3861  -2.5968
  1.3464  -0.3967  -2.6072
  1.3475  -0.4074  -2.6188
  1.3486  -0.4182  -2.6320
  1.3498  -0.4291  -2.6470
  1.3512  -0.4402  -2.6646
  1.3527  -0.4515  -2.6853
  1.3539  -0.4605  -2.7521
  1.3545  -0.4493  -2.7174
  1.3551  -0.4383  -2.6821
  1.3558  -0.4273  -2.6462
  1.3565  -0.4163  -2.6097
  1.3573  -0.4055  -2.5728
  1.3582  -0.3946  -2.5352
  1.3591  -0.3839  -2.4972
  1.3601  -0.3731  -2.4585
  1.3611  -0.3624  -2.4193
  1.3623  -0.3518  -2.3796
  1.3634  -0.3412  -2.3393
  1.3646  -0.3306  -2.2984
  1.3659  -0.3200  -2.2569
  1.3672  -0.3095  -2.2148
  1.3686  -0.2990  -2.1721
  1.3700  -0.2885  -2.1287
  1.3715  -0.2781  -2.0848
  1.3730  -0.2676  -2.0401
  1.3746  -0.2572  -1.9948
  1.3762  -0.2468  -1.9488
  1.3778  -0.2364  -1.9021
  1.3795  -0.2261  -1.8547
  1.3812  -0.2157  -1.8066
  1.3830  -0.2054  -1.7577
  1.3848  -0.1950  -1.7081
  1.3866  -0.1847  -1.6577
  1.3885  -0.1744  -1.6064
  1.3904  -0.1641  -1.5544
  1.3923  -0.1538  -1.5015
  1.3943  -0.1435  -1.4478
  1.3963  -0.1332  -1.3932
  1.3983  -0.1229  -1.3377
  1.4004  -0.1126  -1.2813
  1.4024  -0.1023  -1.2239
  1.4045  -0.0921  -1.1657
  1.4066  -0.0818  -1.1064
  1.4088  -0.0715  -1.0462
  1.4109  -0.0612  -0.9850
  1.4131  -0.0509  -0.9228
  1.4153  -0.0406  -0.8596
  1.4175  -0.0303  -0.7953
  1.4197  -0.0200  -0.7299
  1.4220  -0.0097  -0.6634
  1.4242   0.0007  -0.5959
  1.4265   0.0110  -0.5272
  1.4288   0.0214  -0.4573
  1.4311   0.0317  -0.3863
  1.4334   0.0421  -0.3142
  1.4357   0.0525  -0.2408
  1.4380   0.0629  -0.1663
  1.4404   0.0734  -0.0905
  1.4427   0.0838  -0.0135
  1.4451   0.0943   0.0647
  1.4475   0.1048   0.1442
  1.4499   0.1153   0.2250
  1.4523   0.1259   0.3071
  1.4547   0.1365   0.3905
  1.4572   0.1471   0.4752
  1.4596   0.1577   0.5612
  1.4621   0.1684   0.6486
  1.4645   0.1790   0.7373
  1.4670   0.1898   0.8273
  1.4695   0.2005   0.9188
  1.4721   0.2113   1.0115
  1.4746   0.2221   1.1057
  1.4772   0.2330   1.2012
  1.4797   0.2439   1.2982
  1.4823   0.2548   1.3965
  1.4850   0.2658   1.4962
  1.4876   0.2768   1.5973
  1.4903   0.2878   1.6998
  1.4929   0.2989   1.8037
  1.4957   0.3100   1.9090
  1.4984   0.3212   2.0156
  1.5012   0.3323   2.1237
  1.5040   0.3436   2.2332
  1.5068   0.3548   2.3441
  1.5097   0.3661   2.4564
  1.5125   0.3774   2.5700
  1.5125   0.3774   2.5700
  1.5112   0.3671   2.5732
  1.5100   0.3571   2.5785
  1.5089   0.3473   2.5853
  1.5078   0.3376   2.5934
  1.5067   0.3279   2.6023
  1.5057   0.3184   2.6120
  1.5048   0.3089   2.6222
  1.5039   0.2995   2.6328
  1.5030   0.2901   2.6436
  1.5022   0.2807   2.6546
  1.5014   0.2714   2.6656
  1.5007   0.2621   2.6767
  1.5000   0.2527   2.6877
  1.4993   0.2434   2.6987
  1.4986   0.2341   2.7096
  1.4979   0.2248   2.7204
  1.4973   0.2155   2.7310
  1.4967   0.2062   2.7415
  1.4961   0.1968   2.7518
  1.4956   0.1875   2.7619
  1.4951   0.1781   2.7719
  1.4945   0.1688   2.7816
  1.4940   0.1594   2.7912
  1.4936   0.1500   2.8006
  1.4931   0.1406   2.8098
  1.4927   0.1312   2.8188
  1.4922   0.1218   2.8276
  1.4918   0.1124   2.8361
  1.4914   0.1030   2.8445
  1.4910   0.0935   2.8527
  1.4907   0.0841   2.8607
  1.4903   0.0746   2.8685
  1.4899   0.0651   2.8762
  1.4896   0.0556   2.8836
  1.4893   0.0461   2.8908
  1.4890   0.0366   2.8978
  1.4887   0.0271   2.9046
  1.4884   0.0175   2.9113
  1.4881   0.0080   2.9177
  1.4879  -0.0016   2.9240
  1.4876  -0.0112   2.9301
  1.4874  -0.0208   2.9359
  1.4871  -0.0304   2.9416
  1.4869  -0.0400   2.9471
  1.4867  -0.0496   2.9525
  1.4865  -0.0592   2.9576
  1.4863  -0.0689   2.9625
  1.4861  -0.0786   2.9673
  1.4859  -0.0882   2.9719
  1.4857  -0.0979   2.9763
  1.4856  -0.1076   2.9805
  1.4854  -0.1173   2.9845
  1.4852  -0.1270   2.9883
  1.4851  -0.1368   2.9920
  1.4850  -0.1465   2.9954
  1.4848  -0.1562   2.9987
  1.4847  -0.1660   3.0018
  1.4846  -0.1758   3.0047
  1.4845  -0.1856   3.0074
  1.4844  -0.1953   3.0099
  1.4843  -0.2052   3.0123
  1.4843  -0.2150   3.0144
  1.4842  -0.2248   3.0164
  1.4841  -0.2346   3.0182
  1.4841  -0.2445   3.0197
  1.4840  -0.2543   3.0211
  1.4840  -0.2642   3.0223
  1.4840  -0.2740   3.0233
  1.4839  -0.2839   3.0241
  1.4839  -0.2938   3.0247
  1.4839  -0.3037   3.0251
  1.4839  -0.3136   3.0253
  1.4839  -0.3236   3.0253
  1.4840  -0.3335   3.0251
  1.4840  -0.3434   3.0247
  1.4840  -0.3534   3.0240
  1.4841  -0.3633   3.0232
  1.4842  -0.3733   3.0221
  1.4842  -0.3833   3.0209
  1.4843  -0.3933   3.0194
  1.4844  -0.4032   3.0176
  1.4845  -0.4132   3.0157
  1.4846  -0.4233   3.0135
  1.4848  -0.4333   3.0111
  1.4849  -0.4433   3.0085
  1.4851  -0.4533   3.0056
  1.4852  -0.4634   3.0025
  1.4854  -0.4735   2.9991
  1.4856  -0.4835   2.9955
  1.4858  -0.4936   2.9916
  1.4860  -0.5037   2.9875
  1.4863  -0.5138   2.9831
  1.4865  -0.5239   2.9784
  1.4868  -0.5340   2.9734
  1.4871  -0.5441   2.9682
  1.4874  -0.5543   2.9627
  1.4877  -0.5644   2.9569
  1.4880  -0.5746   2.9508
  1.4883  -0.5847   2.9444
  1.4887  -0.5949   2.9378
  1.4891  -0.6051   2.9308
  1.4895  -0.6153   2.9234
  1.4899  -0.6255   2.9158
  1.4903  -0.6357   2.9079
  1.4908  -0.6460   2.8996
  1.4913  -0.6562   2.8910
  1.4917  -0.6665   2.8821
  1.4923  -0.6768   2.8728
  1.4928  -0.6871   2.8633
  1.4933  -0.6974   2.8534
  1.4939  -0.7078   2.8432
  1.4945  -0.7181   2.8328
  1.4950  -0.7285   2.8221
  1.4956  -0.7389   2.8112
  1.4963  -0.7493   2.8001
  1.4872  -0.7556   2.8540
  1.4831  -0.7366   2.7332
  1.4790  -0.7175   2.6142
  1.4750  -0.6984   2.4970
  1.4710  -0.6792   2.3816
  1.4671  -0.6600   2.2678
  1.4631  -0.6408   2.1557
  1.4593  -0.6215   2.0453
  1.4554  -0.6022   1.9364
  1.4516  -0.5828   1.8291
  1.4479  -0.5635   1.7234
  1.4442  -0.5441   1.6191
  1.4405  -0.5247   1.5164
  1.4369  -0.5053   1.4151
  1.4333  -0.4858   1.3153
  1.4298  -0.4664   1.2169
  1.4264  -0.4469   1.1199
  1.4229  -0.4274   1.0243
  1.4196  -0.4080   0.9301
  1.4163  -0.3885   0.8373
  1.4130  -0.3690   0.7459
  1.4099  -0.3495   0.6558
  1.4067  -0.3299   0.5670
  1.4037  -0.3104   0.4795
  1.4006  -0.2909   0.3934
  1.3977  -0.2714   0.3086
  1.3948  -0.2519   0.2251
  1.3920  -0.2324   0.1428
  1.3893  -0.2129   0.0619
  1.3866  -0.1934  -0.0178
  1.3840  -0.1739  -0.0962
  1.3814  -0.1545  -0.1733
  1.3790  -0.1350  -0.2492
  1.3766  -0.1156  -0.3239
  1.3742  -0.0962  -0.3973
  1.3720  -0.0768  -0.4694
  1.3698  -0.0574  -0.5404
  1.3677  -0.0381  -0.6101
  1.3657  -0.0187  -0.6786
  1.3638   0.0005  -0.7459
  1.3619   0.0198  -0.8120
  1.3601   0.0391  -0.8769
  1.3584   0.0583  -0.9406
  1.3568   0.0774  -1.0032
  1.3553   0.0966  -1.0645
  1.3538   0.1157  -1.1248
  1.3525   0.1348  -1.1838
  1.3512   0.1538  -1.2417
  1.3500   0.1728  -1.2984
  1.3489   0.1917  -1.3540
  1.3479   0.2106  -1.4085
  1.3470   0.2295  -1.4618
  1.3462   0.2483  -1.5140
  1.3454   0.2671  -1.5651
  1.3448   0.2858  -1.6150
  1.3442   0.3045  -1.6639
  1.3437   0.3231  -1.7115
  1.3433   0.3417  -1.7581
  1.3430   0.3602  -1.8036
  1.3427   0.3787  -1.8479
  1.3426   0.3972  -1.8911
  1.3425   0.4156  -1.9332
  1.3425   0.4339  -1.9742
  1.3426   0.4522  -2.0141
  1.3427   0.4705  -2.0528
  1.3429   0.4887  -2.0905
  1.3433   0.5069  -2.1270
  1.3436   0.5250  -2.1624
  1.3441   0.5431  -2.1967
  1.3446   0.5612  -2.2299
  1.3452   0.5792  -2.2619
  1.3458   0.5971  -2.2929
  1.3465   0.6151  -2.3227
  1.3473   0.6329  -2.3514
  1.3482   0.6508  -2.3791
  1.3490   0.6686  -2.4056
  1.3500   0.6864  -2.4310
  1.3510   0.7041  -2.4553
  1.3520   0.7218  -2.4785
  1.3531   0.7395  -2.5006
  1.3531   0.7395  -2.5006
  1.3492   0.7285  -2.4512
  1.3458   0.7179  -2.4076
  1.3428   0.7077  -2.3688
  1.3403   0.6977  -2.3341
  1.3381   0.6880  -2.3029
  1.3361   0.6784  -2.2746
  1.3343   0.6689  -2.2488
  1.3327   0.6596  -2.2252
  1.3312   0.6503  -2.2035
  1.3298   0.6411  -2.1835
  1.3286   0.6319  -2.1649
  1.3274   0.6227  -2.1477
  1.3262   0.6135  -2.1316
  1.3252   0.6044  -2.1166
  1.3241   0.5952  -2.1026
  1.3231   0.5860  -2.0895
  1.3222   0.5768  -2.0772
  1.3213   0.5675  -2.0657
  1.3204   0.5583  -2.0550
  1.3195   0.5490  -2.0449
  1.3186   0.5397  -2.0356
  1.3178   0.5303  -2.0269
  1.3170   0.5209  -2.0187
  1.3162   0.5115  -2.0112
  1.3154   0.5021  -2.0042
  1.3147   0.4926  -1.9978
  1.3139   0.4831  -1.9919
  1.3132   0.4735  -1.9865
  1.3125   0.4640  -1.9816
  1.3118   0.4544  -1.9772
  1.3111   0.4447  -1.9732
  1.3105   0.4351  -1.9697
  1.3098   0.4254  -1.9666
  1.3092   0.4157  -1.9639
  1.3086   0.4060  -1.9616
  1.3080   0.3962  -1.9597
  1.3074   0.3864  -1.9582
  1.3068   0.3766  -1.9570
  1.3063   0.3667  -1.9563
  1.3058   0.3569  -1.9558
  1.3053   0.3470  -1.9557
  1.3048   0.3371  -1.9559
  1.3043   0.3272  -1.9564
  1.3039   0.3172  -1.9572
  1.3034   0.3073  -1.9583
  1.3030   0.2973  -1.9597
  1.3027   0.2873  -1.9614
  1.3023   0.2773  -1.9633
  1.3019   0.2672  -1.9654
  1.3016   0.2572  -1.9678
  1.3013   0.2471  -1.9705
  1.3010   0.2371  -1.9733
  1.3008   0.2270  -1.9764
  1.3005   0.2169  -1.9797
  1.3003   0.2068  -1.9832
  1.3001   0.1967  -1.9869
  1.2999   0.1865  -1.9907
  1.2997   0.1764  -1.9947
  1.2996   0.1662  -1.9989
  1.2995   0.1561  -2.0033
  1.2994   0.1459  -2.0078
  1.2993   0.1357  -2.0124
  1.2993   0.1255  -2.0172
  1.2992   0.1153  -2.0221
  1.2992   0.1051  -2.0272
  1.2992   0.0949  -2.0323
  1.2993   0.0847  -2.0376
  1.2993   0.0745  -2.0430
  1.2994   0.0643  -2.0485
  1.2995   0.0540  -2.0541
  1.2996   0.0438  -2.0597
  1.2997   0.0335  -2.0655
  1.2999   0.0233  -2.0713
  1.3001   0.0131  -2.0773
  1.3003   0.0028  -2.0832
  1.3005  -0.0075  -2.0893
  1.3007  -0.0177  -2.0954
  1.3010  -0.0280  -2.1016
  1.3013  -0.0383  -2.1079
  1.3016  -0.0485  -2.1142
  1.3019  -0.0588  -2.1205
  1.3022  -0.0691  -2.1269
  1.3026  -0.0794  -2.1334
  1.3030  -0.0896  -2.1398
  1.3034  -0.0999  -2.1464
  1.3038  -0.1102  -2.1529
  1.3042  -0.1205  -2.1595
  1.3047  -0.1308  -2.1661
  1.3052  -0.1411  -2.1728
  1.3057  -0.1514  -2.1795
  1.3062  -0.1617  -2.1862
  1.3068  -0.1720  -2.1930
  1.3073  -0.1824  -2.1997
  1.3079  -0.1927  -2.2066
  1.3085  -0.2030  -2.2134
  1.3092  -0.2133  -2.2203
  1.3098  -0.2237  -2.2272
  1.3105  -0.2340  -2.2341
  1.3112  -0.2444  -2.2412
  1.3119  -0.2547  -2.2482
  1.3126  -0.2651  -2.2554
  1.3134  -0.2755  -2.2626
  1.3142  -0.2858  -2.2700
  1.3150  -0.2962  -2.2774
  1.3159  -0.3066  -2.2851
  1.3168  -0.3171  -2.2930
  1.3177  -0.3275  -2.3011
  1.3186  -0.3380  -2.3096
  1.3196  -0.3485  -2.3185
  1.3206  -0.3590  -2.3280
  1.3217  -0.3696  -2.3382
  1.3228  -0.3802  -2.3493
  1.3241  -0.3909  -2.3615
  1.3253  -0.4017  -2.3752
  1.3267  -0.4126  -2.3908
  1.3282  -0.4236  -2.4087
