  0.0000   0.0000   0.0000   0.0000
  0.0369   0.0654   0.0819  -0.0486
  0.0681   0.1393   0.1571  -0.0812
  0.1004   0.2170   0.2357  -0.1156
  0.1347   0.3013   0.3206  -0.1552
  0.1746   0.3838   0.4134  -0.2038
  0.2130   0.4634   0.5026  -0.2496
  0.2504   0.5408   0.5897  -0.2939
  0.2868   0.6165   0.6745  -0.3366
  0.3224   0.6901   0.7573  -0.3780
  0.3580   0.7607   0.8390  -0.4192
  0.3914   0.8308   0.9175  -0.4575
  0.4239   0.8991   0.9941  -0.4944
  0.4555   0.9656   1.0687  -0.5299
  0.4862   1.0302   1.1414  -0.5642
  0.5170   1.0920   1.2132  -0.5984
  0.5457   1.1532   1.2820  -0.6299
  0.5745   1.2116   1.3499  -0.6613
  0.6014   1.2694   1.4149  -0.6901
  0.6273   1.3255   1.4781  -0.7176
  0.6530   1.3793   1.5401  -0.7446
  0.6743   1.4352   1.5969  -0.7660
  0.6957   1.4884   1.6528  -0.7873
  0.7174   1.5386   1.7081  -0.8089
  0.7387   1.5865   1.7620  -0.8298
  0.7597   1.6321   1.8148  -0.8502
  0.7798   1.6761   1.8659  -0.8694
  0.7984   1.7194   1.9145  -0.8865
  0.8162   1.7611   1.9615  -0.9025
  0.8336   1.8007   2.0072  -0.9178
  0.8502   1.8388   2.0512  -0.9319
  0.8659   1.8755   2.0936  -0.9448
  0.8803   1.9110   2.1338  -0.9559
  0.8940   1.9451   2.1723  -0.9659
  0.9068   1.9777   2.2091  -0.9746
  0.9192   2.0085   2.2446  -0.9826
  0.9308   2.0378   2.2784  -0.9893
  0.9416   2.0657   2.3106  -0.9950
  0.9517   2.0922   2.3412  -0.9994
  0.9607   2.1177   2.3698  -1.0024
  0.9693   2.1414   2.3972  -1.0045
  0.9763   2.1647   2.4221  -1.0045
  0.9810   2.1884   2.4438  -1.0013
  0.9875   2.2080   2.4663  -1.0000
  0.9932   2.2263   2.4871  -0.9975
  0.9983   2.2430   2.5065  -0.9941
  1.0028   2.2584   2.5243  -0.9896
  1.0067   2.2724   2.5405  -0.9839
  1.0100   2.2850   2.5552  -0.9772
  1.0127   2.2962   2.5683  -0.9695
  1.0148   2.3059   2.5799  -0.9607
  1.0164   2.3143   2.5899  -0.9509
  1.0175   2.3213   2.5985  -0.9401
  1.0180   2.3270   2.6055  -0.9282
  1.0180   2.3312   2.6109  -0.9153
  1.0174   2.3341   2.6148  -0.9014
  1.0164   2.3356   2.6172  -0.8864
  1.0148   2.3358   2.6180  -0.8703
  1.0126   2.3348   2.6172  -0.8531
  1.0099   2.3325   2.6148  -0.8349
  1.0067   2.3290   2.6108  -0.8155
  1.0029   2.3242   2.6052  -0.7950
  0.9987   2.3182   2.5980  -0.7734
  0.9939   2.3109   2.5892  -0.7507
  0.9886   2.3024   2.5788  -0.7270
  0.9829   2.2927   2.5669  -0.7022
  0.9770   2.2827   2.5544  -0.6770
  0.9712   2.2732   2.5421  -0.6519
  0.9651   2.2633   2.5291  -0.6264
  0.9589   2.2530   2.5155  -0.6003
  0.9519   2.2446   2.5013  -0.5734
  0.9447   2.2352   2.4863  -0.5460
  0.9375   2.2248   2.4703  -0.5181
  0.9301   2.2135   2.4535  -0.4896
  0.9225   2.2014   2.4358  -0.4607
  0.9146   2.1895   2.4173  -0.4311
  0.9067   2.1761   2.3979  -0.4011
  0.8986   2.1620   2.3776  -0.3706
  0.8904   2.1473   2.3565  -0.3396
  0.8820   2.1319   2.3345  -0.3080
  0.8735   2.1159   2.3117  -0.2760
  0.8649   2.0993   2.2881  -0.2434
  0.8561   2.0821   2.2637  -0.2103
  0.8471   2.0642   2.2384  -0.1768
  0.8381   2.0457   2.2123  -0.1427
  0.8290   2.0263   2.1853  -0.1082
  0.8197   2.0063   2.1575  -0.0732
  0.8104   1.9857   2.1289  -0.0378
  0.8009   1.9643   2.0995  -0.0019
  0.7915   1.9422   2.0692   0.0345
  0.7756   1.9425   2.0414   0.0748
  0.7661   1.9182   2.0094   0.1120
  0.7566   1.8931   1.9766   0.1496
  0.7471   1.8672   1.9429   0.1875
  0.7376   1.8404   1.9085   0.2259
  0.7283   1.8119   1.8730   0.2647
  0.7189   1.7827   1.8367   0.3039
  0.7094   1.7524   1.7993   0.3436
  0.6999   1.7198   1.7600   0.3844
  0.6901   1.6861   1.7194   0.4259
  0.6804   1.6529   1.6789   0.4674
  0.6705   1.6173   1.6362   0.5101
  0.6605   1.5808   1.5926   0.5533
  0.6505   1.5439   1.5483   0.5969
  0.6405   1.5065   1.5033   0.6409
  0.6304   1.4687   1.4577   0.6852
  0.6203   1.4304   1.4113   0.7300
  0.6101   1.3917   1.3643   0.7751
  0.5999   1.3525   1.3167   0.8207
  0.5897   1.3128   1.2684   0.8665
  0.5734   1.2837   1.2158   0.9191
  0.5626   1.2370   1.1613   0.9683
  0.5521   1.1940   1.1094   1.0163
  0.5412   1.1462   1.0535   1.0665
  0.5303   1.0981   0.9970   1.1170
  0.5194   1.0504   0.9404   1.1676
  0.5084   1.0015   0.8825   1.2190
  0.4973   0.9532   0.8246   1.2706
  0.4860   0.9021   0.7640   1.3237
  0.4743   0.8502   0.7020   1.3779
  0.4743   0.8502   0.7020   1.3779
  0.7527  -0.5499   0.7195   1.3535
  1.0424  -1.9514   0.7445   1.3294
  1.3135  -3.2150   0.7680   1.3083
  1.5668  -4.3379   0.7949   1.2855
  1.8011  -5.3365   0.8194   1.2656
  2.0193  -6.2210   0.8448   1.2457
  2.2222  -7.0036   0.8703   1.2265
  2.4114  -7.6944   0.8962   1.2077
  2.5880  -8.3030   0.9225   1.1892
  2.7537  -8.8369   0.9508   1.1696
  2.9095  -9.3040   0.9807   1.1492
  3.0559  -9.7120   1.0113   1.1288
  3.1925 -10.0692   1.0395   1.1109
  3.3203 -10.3806   1.0660   1.0950
  3.4423 -10.6473   1.0966   1.0761
  3.5575 -10.8765   1.1269   1.0579
  3.6647 -11.0750   1.1531   1.0436
  3.7661 -11.2436   1.1792   1.0299
  3.8620 -11.3853   1.2050   1.0168
  3.9528 -11.5030   1.2305   1.0044
  4.0404 -11.5964   1.2598   0.9891
  4.1234 -11.6707   1.2885   0.9748
  4.2020 -11.7279   1.3165   0.9615
  4.2764 -11.7697   1.3438   0.9491
  4.3469 -11.7976   1.3705   0.9377
  4.4135 -11.8130   1.3965   0.9271
  4.4765 -11.8171   1.4220   0.9174
  4.5359 -11.8110   1.4468   0.9086
  4.5919 -11.7956   1.4710   0.9007
  4.6445 -11.7719   1.4946   0.8937
  4.6939 -11.7405   1.5176   0.8875
  4.7401 -11.7023   1.5401   0.8822
  4.7830 -11.6578   1.5619   0.8777
  4.8229 -11.6076   1.5831   0.8740
  4.8597 -11.5522   1.6038   0.8712
  4.8934 -11.4921   1.6239   0.8693
  4.9241 -11.4277   1.6433   0.8682
  4.9517 -11.3593   1.6622   0.8679
  4.9762 -11.2874   1.6805   0.8685
  4.9978 -11.2123   1.6982   0.8699
  5.0163 -11.1342   1.7153   0.8722
  5.0317 -11.0534   1.7317   0.8754
  5.0441 -10.9702   1.7476   0.8794
  5.0534 -10.8847   1.7628   0.8842
  5.0596 -10.7973   1.7774   0.8900
  5.0626 -10.7080   1.7914   0.8966
  5.0626 -10.6170   1.8047   0.9041
  5.0593 -10.5245   1.8174   0.9125
  5.0529 -10.4307   1.8294   0.9218
  5.0432 -10.3356   1.8407   0.9320
  5.0303 -10.2394   1.8513   0.9431
  5.0141 -10.1422   1.8613   0.9551
  4.9947 -10.0441   1.8705   0.9680
  4.9718  -9.9451   1.8790   0.9819
  4.9456  -9.8453   1.8868   0.9968
  4.9160  -9.7448   1.8939   1.0126
  4.8830  -9.6435   1.9002   1.0293
  4.8465  -9.5416   1.9057   1.0471
  4.8065  -9.4389   1.9104   1.0658
  4.7630  -9.3356   1.9144   1.0855
  4.7159  -9.2315   1.9176   1.1062
  4.6652  -9.1267   1.9199   1.1279
  4.6109  -9.0210   1.9214   1.1507
  4.5529  -8.9143   1.9221   1.1745
  4.4913  -8.8066   1.9219   1.1993
  4.4259  -8.6977   1.9208   1.2252
  4.3568  -8.5874   1.9189   1.2521
  4.2839  -8.4756   1.9161   1.2801
  4.2072  -8.3619   1.9123   1.3092
  4.1266  -8.2462   1.9076   1.3394
  4.0422  -8.1281   1.9020   1.3707
  3.9539  -8.0073   1.8955   1.4031
  3.8616  -7.8834   1.8879   1.4367
  3.7655  -7.7559   1.8794   1.4713
  3.6653  -7.6242   1.8699   1.5072
  3.5611  -7.4880   1.8594   1.5441
  3.4529  -7.3464   1.8479   1.5823
  3.3407  -7.1987   1.8353   1.6216
  3.2244  -7.0443   1.8217   1.6621
  3.1040  -6.8821   1.8071   1.7038
  2.9795  -6.7112   1.7914   1.7467
  2.8510  -6.5304   1.7746   1.7908
  2.7183  -6.3385   1.7567   1.8362
  2.5814  -6.1342   1.7378   1.8827
  2.4405  -5.9159   1.7177   1.9306
  2.2954  -5.6819   1.6965   1.9797
  2.1462  -5.4303   1.6743   2.0300
  1.9929  -5.1591   1.6509   2.0816
  1.8355  -4.8659   1.6264   2.1345
  1.6740  -4.5482   1.6008   2.1887
  1.5085  -4.2031   1.5740   2.2441
  1.3389  -3.8275   1.5462   2.3009
  1.1654  -3.4179   1.5173   2.3590
  0.9879  -2.9704   1.4873   2.4184
  0.8065  -2.4808   1.4562   2.4790
  0.6213  -1.9442   1.4241   2.5410
  0.4324  -1.3554   1.3910   2.6043
  0.2400  -0.7090   1.3569   2.6688
  0.0446   0.0009   1.3219   2.7346
  0.0446   0.0009   1.3219   2.7346
  0.0482   0.3370   1.2809   2.7703
  0.0648   0.6617   1.2851   2.7727
  0.0810   0.9512   1.2885   2.7761
  0.0971   1.2090   1.2910   2.7805
  0.1128   1.4382   1.2927   2.7859
  0.1281   1.6415   1.2936   2.7925
  0.1373   1.8086   1.2726   2.8155
  0.1521   1.9681   1.2718   2.8242
  0.1665   2.1092   1.2701   2.8340
  0.1805   2.2337   1.2676   2.8449
  0.1943   2.3432   1.2642   2.8570
  0.2077   2.4390   1.2599   2.8702
  0.2209   2.5225   1.2548   2.8846
  0.2187   2.5622   1.1945   2.9401
  0.2312   2.6245   1.1875   2.9569
  0.2434   2.6778   1.1794   2.9750
  0.2553   2.7229   1.1703   2.9944
  0.2669   2.7604   1.1603   3.0150
  0.2782   2.7913   1.1494   3.0369
  0.2893   2.8159   1.1374   3.0602
  0.3000   2.8350   1.1243   3.0847
  0.3104   2.8490   1.1102   3.1107
  0.3205   2.8584   1.0950   3.1381
  0.3304   2.8635   1.0786   3.1668
  0.3399   2.8649   1.0611   3.1971
  0.3491   2.8627   1.0424   3.2288
  0.3580   2.8574   1.0225   3.2620
  0.3666   2.8491   1.0013   3.2968
  0.3748   2.8382   0.9789   3.3331
  0.3828   2.8248   0.9552   3.3710
  0.3904   2.8093   0.9302   3.4104
  0.3977   2.7916   0.9039   3.4515
  0.4047   2.7721   0.8761   3.4943
  0.4113   2.7508   0.8470   3.5388
  0.4176   2.7278   0.8164   3.5849
  0.4235   2.7032   0.7843   3.6329
  0.4291   2.6772   0.7507   3.6827
  0.4343   2.6499   0.7155   3.7343
  0.4391   2.6212   0.6787   3.7878
  0.4436   2.5914   0.6402   3.8432
  0.4476   2.5604   0.6001   3.9005
  0.4513   2.5284   0.5582   3.9599
  0.4545   2.4954   0.5145   4.0213
  0.4573   2.4615   0.4691   4.0847
  0.4597   2.4266   0.4218   4.1503
  0.4617   2.3908   0.3726   4.2181
  0.4633   2.3542   0.3215   4.2880
  0.4644   2.3168   0.2683   4.3602
  0.4650   2.2785   0.2132   4.4347
  0.4652   2.2395   0.1560   4.5115
  0.4649   2.1997   0.0967   4.5908
  0.4642   2.1592   0.0352   4.6725
  0.4629   2.1180  -0.0285   4.7568
  0.4611   2.0761  -0.0945   4.8436
  0.4589   2.0334  -0.1629   4.9330
  0.4561   1.9902  -0.2335   5.0252
  0.4527   1.9462  -0.3067   5.1201
  0.4489   1.9015  -0.3823   5.2179
  0.4444   1.8562  -0.4605   5.3186
  0.4394   1.8102  -0.5413   5.4222
  0.4338   1.7634  -0.6247   5.5290
  0.4277   1.7160  -0.7109   5.6388
  0.4209   1.6678  -0.8000   5.7520
  0.4135   1.6189  -0.8918   5.8684
  0.4055   1.5692  -0.9867   5.9883
  0.3968   1.5189  -1.0845   6.1117
  0.3875   1.4678  -1.1855   6.2387
  0.3774   1.4160  -1.2896   6.3695
  0.3667   1.3637  -1.3970   6.5041
  0.3553   1.3109  -1.5077   6.6427
  0.3332   1.2299  -1.6640   6.8166
  0.2939   1.0975  -1.8960   7.0474
  0.2527   0.9581  -2.1369   7.2867
  0.2098   0.8107  -2.3861   7.5347
  0.1651   0.6541  -2.6440   7.7914
  0.1489   0.5757  -2.7784   7.9597
  0.1018   0.3997  -3.0498   8.2315
  0.0520   0.2078  -3.3343   8.5161
  0.0001   0.0004  -3.6291   8.8117
  0.0001   0.0004  -3.6291   8.8117
 -0.2592   0.8003  -3.1057   3.8503
 -0.5126   1.4438  -2.7117  -0.0605
 -0.7601   1.9643  -2.4256  -3.1325
 -1.0013   2.3883  -2.2273  -5.5386
 -1.2363   2.7361  -2.0991  -7.4185
 -1.4647   3.0242  -2.0261  -8.8837
 -1.6867   3.2650  -1.9958 -10.0230
 -1.9020   3.4687  -1.9982 -10.9063
 -2.1108   3.6430  -2.0252 -11.5887
 -2.3128   3.7941  -2.0705 -12.1137
 -2.5082   3.9267  -2.1290 -12.5151
 -2.6970   4.0448  -2.1967 -12.8195
 -2.8791   4.1512  -2.2706 -13.0478
 -3.0546   4.2484  -2.3480 -13.2162
 -3.2236   4.3382  -2.4273 -13.3375
 -3.3861   4.4220  -2.5069 -13.4217
 -3.5421   4.5010  -2.5856 -13.4766
 -3.6916   4.5761  -2.6627 -13.5083
 -3.8347   4.6481  -2.7373 -13.5216
 -3.9714   4.7175  -2.8091 -13.5203
 -4.1017   4.7848  -2.8775 -13.5074
 -4.2257   4.8505  -2.9424 -13.4851
 -4.3435   4.9147  -3.0034 -13.4554
 -4.4549   4.9778  -3.0603 -13.4197
 -4.5602   5.0399  -3.1132 -13.3791
 -4.6591   5.1013  -3.1618 -13.3346
 -4.7519   5.1620  -3.2061 -13.2867
 -4.8385   5.2222  -3.2461 -13.2362
 -4.9189   5.2821  -3.2817 -13.1835
 -4.9931   5.3416  -3.3129 -13.1289
 -5.0612   5.4009  -3.3397 -13.0727
 -5.1231   5.4601  -3.3622 -13.0151
 -5.1789   5.5192  -3.3803 -12.9563
 -5.2285   5.5784  -3.3940 -12.8965
 -5.2720   5.6375  -3.4034 -12.8357
 -5.3093   5.6968  -3.4085 -12.7741
 -5.3404   5.7563  -3.4093 -12.7118
 -5.3654   5.8159  -3.4058 -12.6487
 -5.3841   5.8758  -3.3981 -12.5849
 -5.3967   5.9360  -3.3861 -12.5204
 -5.4031   5.9965  -3.3700 -12.4553
 -5.4032   6.0574  -3.3497 -12.3896
 -5.3971   6.1187  -3.3252 -12.3232
 -5.3847   6.1803  -3.2967 -12.2561
 -5.3659   6.2425  -3.2640 -12.1884
 -5.3409   6.3050  -3.2273 -12.1199
 -5.3095   6.3680  -3.1866 -12.0507
 -5.2717   6.4314  -3.1418 -11.9806
 -5.2275   6.4952  -3.0931 -11.9096
 -5.1768   6.5593  -3.0404 -11.8375
 -5.1196   6.6237  -2.9838 -11.7641
 -5.0559   6.6882  -2.9233 -11.6894
 -4.9855   6.7528  -2.8589 -11.6131
 -4.9085   6.8172  -2.7907 -11.5348
 -4.8248   6.8811  -2.7186 -11.4542
 -4.7343   6.9443  -2.6428 -11.3709
 -4.6370   7.0064  -2.5631 -11.2842
 -4.5327   7.0668  -2.4798 -11.1935
 -4.4214   7.1247  -2.3927 -11.0978
 -4.3030   7.1794  -2.3020 -10.9961
 -4.1773   7.2296  -2.2076 -10.8869
 -4.0441   7.2740  -2.1097 -10.7685
 -3.9034   7.3106  -2.0082 -10.6387
 -3.7548   7.3372  -1.9032 -10.4948
 -3.5980   7.3508  -1.7947 -10.3334
 -3.4328   7.3475  -1.6829 -10.1503
 -3.2586   7.3225  -1.5677  -9.9401
 -3.0749   7.2697  -1.4493  -9.6963
 -2.8811   7.1812  -1.3278  -9.4105
 -2.6761   7.0472  -1.2032  -9.0724
 -2.4590   6.8548  -1.0758  -8.6691
 -2.2282   6.5881  -0.9456  -8.1844
 -1.9819   6.2265  -0.8131  -7.5981
 -1.7179   5.7441  -0.6784  -6.8851
 -1.4333   5.1077  -0.5420  -6.0137
 -1.1242   4.2755  -0.4046  -4.9448
 -0.7863   3.1945  -0.2671  -3.6293
 -0.4138   1.7975  -0.1310  -2.0064
  0.0001   0.0001   0.0016  -0.0002
  4.8692  -4.8471  -0.0150   0.0067
  4.8754  -4.6053   0.2299  -0.4528
  4.8802  -4.3654   0.4664  -0.8512
  4.8836  -4.1274   0.6947  -1.1974
  4.8855  -3.8911   0.9151  -1.4984
  4.8860  -3.6564   1.1276  -1.7601
  4.8849  -3.4233   1.3324  -1.9874
  4.8822  -3.1916   1.5297  -2.1843
  4.8778  -2.9613   1.7197  -2.3542
  4.8718  -2.7323   1.9025  -2.5001
  4.8640  -2.5045   2.0781  -2.6246
  4.8544  -2.2778   2.2467  -2.7299
  4.8430  -2.0522   2.4085  -2.8181
  4.8297  -1.8277   2.5634  -2.8909
  4.8146  -1.6040   2.7117  -2.9498
  4.7974  -1.3813   2.8534  -2.9964
  4.7784  -1.1595   2.9885  -3.0318
  4.7573  -0.9384   3.1171  -3.0571
  4.7342  -0.7181   3.2394  -3.0735
  4.7091  -0.4985   3.3553  -3.0819
  4.6818  -0.2796   3.4650  -3.0830
  4.6525  -0.0613   3.5684  -3.0777
  4.6211   0.1565   3.6657  -3.0666
  4.5876   0.3737   3.7569  -3.0503
  4.5519   0.5905   3.8420  -3.0295
  4.5140   0.8068   3.9211  -3.0046
  4.4741   1.0227   3.9942  -2.9762
  4.4319   1.2382   4.0613  -2.9446
  4.3876   1.4535   4.1226  -2.9102
  4.3411   1.6684   4.1779  -2.8734
  4.2925   1.8831   4.2274  -2.8345
  4.2417   2.0976   4.2711  -2.7938
  4.1888   2.3119   4.3090  -2.7516
  4.1337   2.5261   4.3412  -2.7080
  4.0764   2.7403   4.3676  -2.6634
  4.0171   2.9544   4.3883  -2.6179
  3.9556   3.1686   4.4034  -2.5718
  3.8919   3.3828   4.4128  -2.5250
  3.8262   3.5971   4.4165  -2.4779
  3.7584   3.8116   4.4147  -2.4306
  3.6885   4.0264   4.4072  -2.3831
  3.6166   4.2414   4.3942  -2.3355
  3.5426   4.4567   4.3757  -2.2880
  3.4666   4.6724   4.3516  -2.2407
  3.3885   4.8886   4.3220  -2.1935
  3.3085   5.1054   4.2870  -2.1466
  3.2264   5.3227   4.2464  -2.0999
  3.1423   5.5406   4.2004  -2.0536
  3.0563   5.7593   4.1490  -2.0076
  2.9683   5.9789   4.0922  -1.9619
  2.8784   6.1993   4.0300  -1.9166
  2.7865   6.4207   3.9624  -1.8715
  2.6926   6.6432   3.8895  -1.8268
  2.5968   6.8669   3.8112  -1.7822
  2.4991   7.0919   3.7276  -1.7377
  2.3994   7.3182   3.6387  -1.6934
  2.2977   7.5461   3.5446  -1.6489
  2.1941   7.7756   3.4452  -1.6043
  2.0885   8.0068   3.3406  -1.5594
  1.9810   8.2399   3.2308  -1.5139
  1.8714   8.4750   3.1158  -1.4678
  1.7597   8.7123   2.9956  -1.4208
  1.6461   8.9520   2.8704  -1.3726
  1.5303   9.1941   2.7400  -1.3229
  1.4123   9.4389   2.6046  -1.2715
  1.2922   9.6866   2.4642  -1.2179
  1.1699   9.9374   2.3187  -1.1618
  1.0453  10.1914   2.1684  -1.1028
  0.9183  10.4490   2.0131  -1.0404
  0.7888  10.7103   1.8529  -0.9741
  0.6569  10.9756   1.6880  -0.9033
  0.5223  11.2452   1.5183  -0.8277
  0.3850  11.5194   1.3439  -0.7465
  0.2449  11.7985   1.1648  -0.6594
  0.1018  12.0828   0.9812  -0.5659
 -0.0444  12.3728   0.7930  -0.4656
 -0.1938  12.6688   0.6005  -0.3584
 -0.3466  12.9712   0.4035  -0.2446
 -0.5031  13.2805   0.2023  -0.1245
 -0.6633  13.5973  -0.0032   0.0003
 -0.6633  13.5973  -0.0032   0.0003
  0.0591   7.3926  -0.6065   0.8899
  0.6363   2.5070  -1.1733   1.6394
  1.0857  -1.3084  -1.7065   2.2675
  1.4278  -4.2706  -2.2088   2.7946
  1.6821  -6.5608  -2.6821   3.2395
  1.8660  -8.3262  -3.1283   3.6191
  1.9941  -9.6840  -3.5487   3.9474
  2.0784 -10.7266  -3.9445   4.2358
  2.1283 -11.5260  -4.3169   4.4938
  2.1515 -12.1381  -4.6667   4.7286
  2.1536 -12.6061  -4.9947   4.9462
  2.1394 -12.9631  -5.3018   5.1510
  2.1124 -13.2346  -5.5887   5.3466
  2.0753 -13.4404  -5.8559   5.5357
  2.0301 -13.5955  -6.1042   5.7204
  1.9785 -13.7114  -6.3341   5.9024
  1.9218 -13.7970  -6.5461   6.0827
  1.8609 -13.8592  -6.7408   6.2623
  1.7966 -13.9030  -6.9187   6.4418
  1.7295 -13.9327  -7.0804   6.6217
  1.6601 -13.9512  -7.2263   6.8022
  1.5887 -13.9609  -7.3568   6.9836
  1.5156 -13.9636  -7.4726   7.1659
  1.4412 -13.9608  -7.5739   7.3492
  1.3656 -13.9534  -7.6614   7.5334
  1.2891 -13.9424  -7.7353   7.7186
  1.2117 -13.9284  -7.7962   7.9046
  1.1337 -13.9118  -7.8445   8.0914
  1.0551 -13.8929  -7.8806   8.2787
  0.9761 -13.8722  -7.9049   8.4665
  0.8969 -13.8498  -7.9178   8.6547
  0.8176 -13.8259  -7.9197   8.8431
  0.7382 -13.8005  -7.9111   9.0315
  0.6589 -13.7738  -7.8923   9.2198
  0.5798 -13.7458  -7.8637   9.4078
  0.5011 -13.7166  -7.8256   9.5955
  0.4229 -13.6863  -7.7785   9.7826
  0.3452 -13.6548  -7.7227   9.9690
  0.2683 -13.6221  -7.6585  10.1546
  0.1922 -13.5884  -7.5864  10.3391
  0.1172 -13.5534  -7.5067  10.5226
  0.0433 -13.5174  -7.4197  10.7047
 -0.0293 -13.4802  -7.3257  10.8854
 -0.1004 -13.4418  -7.2251  11.0645
 -0.1700 -13.4023  -7.1182  11.2418
 -0.2378 -13.3615  -7.0054  11.4172
 -0.3036 -13.3195  -6.8869  11.5905
 -0.3674 -13.2762  -6.7630  11.7616
 -0.4289 -13.2314  -6.6340  11.9301
 -0.4880 -13.1852  -6.5003  12.0959
 -0.5444 -13.1373  -6.3621  12.2588
 -0.5981 -13.0876  -6.2197  12.4184
 -0.6487 -13.0359  -6.0733  12.5743
 -0.6961 -12.9819  -5.9232  12.7263
 -0.7401 -12.9252  -5.7696  12.8737
 -0.7806 -12.8653  -5.6127  13.0159
 -0.8172 -12.8016  -5.4527  13.1522
 -0.8498 -12.7334  -5.2898  13.2816
 -0.8781 -12.6596  -5.1242  13.4030
 -0.9019 -12.5791  -4.9558  13.5148
 -0.9210 -12.4901  -4.7849  13.6152
 -0.9351 -12.3907  -4.6113  13.7016
 -0.9440 -12.2784  -4.4350  13.7711
 -0.9473 -12.1497  -4.2557  13.8197
 -0.9448 -12.0007  -4.0733  13.8423
 -0.9361 -11.8261  -3.8870  13.8324
 -0.9208 -11.6194  -3.6964  13.7818
 -0.8986 -11.3722  -3.5003  13.6797
 -0.8691 -11.0741  -3.2974  13.5123
 -0.8315 -10.7119  -3.0859  13.2618
 -0.7855 -10.2691  -2.8633  12.9054
 -0.7301  -9.7250  -2.6264  12.4132
 -0.6647  -9.0538  -2.3710  11.7472
 -0.5882  -8.2236  -2.0915  10.8576
 -0.4996  -7.1948  -1.7808   9.6802
 -0.3976  -5.9198  -1.4297   8.1316
 -0.2809  -4.3412  -1.0263   6.1035
 -0.1483  -2.3926  -0.5558   3.4545
  0.0012  -0.0002   0.0002   0.0003
 -0.0005  -0.0005  -0.0027   0.0060
 -0.0005  -0.0005  -0.0028   0.0060
 -0.0005  -0.0005  -0.0028   0.0060
 -0.0005  -0.0005  -0.0029   0.0060
 -0.0005  -0.0005  -0.0029   0.0060
 -0.0006  -0.0005  -0.0030   0.0061
  0.0357   0.0208  12.2275 -10.7067
 -0.0085   0.2745  12.1312 -10.4905
 -0.0508   0.5137  12.0357 -10.2765
 -0.0913   0.7365  11.9409 -10.0645
 -0.1300   0.9422  11.8467  -9.8543
 -0.1670   1.1306  11.7528  -9.6459
 -0.2024   1.3021  11.6592  -9.4391
 -0.2361   1.4575  11.5659  -9.2337
 -0.2684   1.5975  11.4725  -9.0296
 -0.2991   1.7231  11.3792  -8.8267
 -0.3284   1.8354  11.2856  -8.6249
 -0.3563   1.9353  11.1918  -8.4241
 -0.3828   2.0239  11.0976  -8.2241
 -0.4080   2.1021  11.0030  -8.0249
 -0.4318   2.1708  10.9078  -7.8264
 -0.4544   2.2309  10.8118  -7.6285
 -0.4757   2.2830  10.7151  -7.4311
 -0.4959   2.3281  10.6175  -7.2341
 -0.5148   2.3666  10.5188  -7.0375
 -0.5325   2.3993  10.4190  -6.8411
 -0.5491   2.4266  10.3180  -6.6449
 -0.5646   2.4491  10.2157  -6.4489
 -0.5789   2.4673  10.1119  -6.2529
 -0.5922   2.4815  10.0066  -6.0569
 -0.6044   2.4922   9.8996  -5.8608
 -0.6155   2.4996   9.7909  -5.6647
 -0.6257   2.5041   9.6803  -5.4684
 -0.6348   2.5060   9.5678  -5.2719
 -0.6429   2.5056   9.4532  -5.0751
 -0.6500   2.5029   9.3364  -4.8780
 -0.6562   2.4984   9.2174  -4.6805
 -0.6614   2.4920   9.0960  -4.4827
 -0.6657   2.4841   8.9721  -4.2844
 -0.6691   2.4746   8.8457  -4.0856
 -0.6716   2.4639   8.7166  -3.8864
 -0.6732   2.4519   8.5848  -3.6866
 -0.6739   2.4389   8.4502  -3.4863
 -0.6738   2.4247   8.3127  -3.2853
 -0.6728   2.4097   8.1721  -3.0837
 -0.6710   2.3937   8.0285  -2.8815
 -0.6684   2.3768   7.8818  -2.6786
 -0.6650   2.3592   7.7318  -2.4750
 -0.6608   2.3408   7.5785  -2.2707
 -0.6558   2.3216   7.4218  -2.0657
 -0.6500   2.3017   7.2618  -1.8599
 -0.6435   2.2811   7.0982  -1.6533
 -0.6362   2.2597   6.9311  -1.4459
 -0.6282   2.2376   6.7604  -1.2378
 -0.6195   2.2147   6.5861  -1.0287
 -0.6101   2.1909   6.4080  -0.8189
 -0.5999   2.1663   6.2263  -0.6082
 -0.5891   2.1408   6.0408  -0.3966
 -0.5775   2.1142   5.8516  -0.1841
 -0.5653   2.0866   5.6585   0.0293
 -0.5524   2.0579   5.4617   0.2436
 -0.5388   2.0278   5.2610   0.4589
 -0.5245   1.9964   5.0565   0.6751
 -0.5096   1.9634   4.8481   0.8923
 -0.4941   1.9287   4.6359   1.1105
 -0.4778   1.8922   4.4198   1.3297
 -0.4610   1.8535   4.1999   1.5500
 -0.4434   1.8125   3.9762   1.7713
 -0.4252   1.7689   3.7487   1.9938
 -0.4064   1.7225   3.5175   2.2173
 -0.3869   1.6727   3.2824   2.4420
 -0.3667   1.6194   3.0437   2.6679
 -0.3458   1.5620   2.8012   2.8950
 -0.3243   1.5000   2.5551   3.1234
 -0.3021   1.4328   2.3054   3.3531
 -0.2791   1.3596   2.0520   3.5841
 -0.2554   1.2798   1.7951   3.8166
 -0.2310   1.1923   1.5347   4.0504
 -0.2057   1.0959   1.2708   4.2858
 -0.1796   0.9893   1.0035   4.5228
 -0.1526   0.8706   0.7327   4.7614
 -0.1246   0.7378   0.4586   5.0017
 -0.0956   0.5882   0.1811   5.2438
 -0.0654   0.4185  -0.0998   5.4877
 -0.0340   0.2243  -0.3839   5.7336
 -0.0011   0.0004  -0.6714   5.9816
 -0.0011   0.0004  -0.6714   5.9816
 -0.2108   0.8138  -0.8662   3.3757
 -0.4112   1.4406  -1.0814   1.3004
 -0.6031   1.9303  -1.3150  -0.3237
 -0.7867   2.3136  -1.5629  -1.5835
 -0.9625   2.6147  -1.8210  -2.5534
 -1.1305   2.8524  -2.0854  -3.2956
 -1.2909   3.0411  -2.3526  -3.8603
 -1.4439   3.1921  -2.6199  -4.2878
 -1.5895   3.3139  -2.8849  -4.6098
 -1.7280   3.4131  -3.1458  -4.8509
 -1.8594   3.4948  -3.4013  -5.0305
 -1.9840   3.5627  -3.6503  -5.1633
 -2.1018   3.6198  -3.8919  -5.2607
 -2.2130   3.6684  -4.1256  -5.3312
 -2.3178   3.7102  -4.3508  -5.3816
 -2.4163   3.7465  -4.5674  -5.4168
 -2.5088   3.7784  -4.7751  -5.4406
 -2.5953   3.8067  -4.9736  -5.4556
 -2.6762   3.8319  -5.1631  -5.4641
 -2.7515   3.8546  -5.3433  -5.4676
 -2.8214   3.8752  -5.5142  -5.4671
 -2.8861   3.8939  -5.6759  -5.4635
 -2.9457   3.9110  -5.8285  -5.4574
 -3.0005   3.9267  -5.9718  -5.4491
 -3.0505   3.9412  -6.1060  -5.4391
 -3.0959   3.9547  -6.2311  -5.4274
 -3.1369   3.9671  -6.3472  -5.4143
 -3.1736   3.9788  -6.4543  -5.4000
 -3.2061   3.9897  -6.5525  -5.3845
 -3.2344   3.9999  -6.6418  -5.3678
 -3.2588   4.0095  -6.7223  -5.3502
 -3.2793   4.0185  -6.7941  -5.3317
 -3.2961   4.0271  -6.8572  -5.3123
 -3.3090   4.0351  -6.9116  -5.2923
 -3.3183   4.0428  -6.9575  -5.2716
 -3.3240   4.0501  -6.9949  -5.2504
 -3.3262   4.0570  -7.0237  -5.2289
 -3.3248   4.0636  -7.0441  -5.2070
 -3.3199   4.0699  -7.0561  -5.1850
 -3.3116   4.0758  -7.0597  -5.1630
 -3.2998   4.0815  -7.0549  -5.1410
 -3.2846   4.0869  -7.0417  -5.1191
 -3.2660   4.0919  -7.0202  -5.0975
 -3.2440   4.0967  -6.9904  -5.0762
 -3.2185   4.1013  -6.9522  -5.0553
 -3.1896   4.1055  -6.9056  -5.0349
 -3.1572   4.1095  -6.8506  -5.0151
 -3.1213   4.1132  -6.7872  -4.9958
 -3.0820   4.1165  -6.7153  -4.9771
 -3.0391   4.1196  -6.6349  -4.9591
 -2.9927   4.1222  -6.5458  -4.9417
 -2.9427   4.1245  -6.4481  -4.9250
 -2.8890   4.1264  -6.3416  -4.9088
 -2.8318   4.1277  -6.2263  -4.8931
 -2.7709   4.1285  -6.1019  -4.8779
 -2.7062   4.1285  -5.9685  -4.8629
 -2.6378   4.1277  -5.8258  -4.8481
 -2.5657   4.1258  -5.6737  -4.8331
 -2.4897   4.1226  -5.5120  -4.8177
 -2.4099   4.1177  -5.3407  -4.8014
 -2.3262   4.1107  -5.1594  -4.7837
 -2.2387   4.1011  -4.9681  -4.7640
 -2.1471   4.0880  -4.7664  -4.7412
 -2.0516   4.0705  -4.5542  -4.7143
 -1.9521   4.0472  -4.3313  -4.6816
 -1.8484   4.0164  -4.0974  -4.6412
 -1.7407   3.9760  -3.8524  -4.5904
 -1.6287   3.9230  -3.5959  -4.5259
 -1.5123   3.8537  -3.3279  -4.4433
 -1.3914   3.7629  -3.0480  -4.3367
 -1.2656   3.6444  -2.7562  -4.1987
 -1.1348   3.4896  -2.4524  -4.0196
 -0.9982   3.2876  -2.1364  -3.7869
 -0.8552   3.0244  -1.8084  -3.4844
 -0.7047   2.6820  -1.4684  -3.0914
 -0.5455   2.2382  -1.1167  -2.5818
 -0.3758   1.6658  -0.7539  -1.9231
  5.7441  -6.4378  -0.8231  -1.9082
  5.7610  -6.1235  -0.5219  -2.2474
  5.7763  -5.8133  -0.2315  -2.5435
  5.7897  -5.5069   0.0485  -2.8005
  5.8011  -5.2043   0.3183  -3.0222
  5.8104  -4.9051   0.5781  -3.2117
  5.8174  -4.6093   0.8283  -3.3722
  5.8222  -4.3168   1.0691  -3.5063
  5.8245  -4.0274   1.3006  -3.6166
  5.8242  -3.7409   1.5230  -3.7054
  5.8214  -3.4574   1.7367  -3.7746
  5.8159  -3.1766   1.9417  -3.8262
  5.8077  -2.8986   2.1382  -3.8618
  5.7966  -2.6231   2.3263  -3.8831
  5.7827  -2.3502   2.5063  -3.8915
  5.7658  -2.0798   2.6783  -3.8882
  5.7460  -1.8117   2.8423  -3.8745
  5.7232  -1.5459   2.9986  -3.8513
  5.6974  -1.2824   3.1472  -3.8196
  5.6686  -1.0211   3.2883  -3.7804
  5.6367  -0.7619   3.4218  -3.7344
  5.6017  -0.5048   3.5481  -3.6824
  5.5637  -0.2498   3.6670  -3.6250
  5.5226   0.0032   3.7788  -3.5628
  5.4784   0.2543   3.8835  -3.4964
  5.4312   0.5035   3.9811  -3.4262
  5.3810   0.7507   4.0718  -3.3528
  5.3279   0.9962   4.1557  -3.2765
  5.2717   1.2399   4.2327  -3.1977
  5.2127   1.4817   4.3030  -3.1168
  5.1508   1.7219   4.3665  -3.0341
  5.0861   1.9604   4.4235  -2.9498
  5.0185   2.1972   4.4738  -2.8642
  4.9483   2.4324   4.5177  -2.7776
  4.8754   2.6660   4.5550  -2.6901
  4.7998   2.8981   4.5859  -2.6020
  4.7218   3.1287   4.6104  -2.5135
  4.6412   3.3578   4.6286  -2.4247
  4.5582   3.5855   4.6405  -2.3358
  4.4728   3.8118   4.6460  -2.2469
  4.3852   4.0367   4.6454  -2.1581
  4.2953   4.2604   4.6385  -2.0696
  4.2033   4.4828   4.6255  -1.9815
  4.1092   4.7040   4.6063  -1.8940
  4.0131   4.9240   4.5811  -1.8070
  3.9150   5.1429   4.5497  -1.7208
  3.8150   5.3608   4.5123  -1.6353
  3.7133   5.5777   4.4688  -1.5508
  3.6097   5.7936   4.4193  -1.4672
  3.5045   6.0087   4.3639  -1.3847
  3.3977   6.2229   4.3025  -1.3034
  3.2893   6.4364   4.2351  -1.2233
  3.1793   6.6492   4.1618  -1.1446
  3.0680   6.8615   4.0826  -1.0673
  2.9552   7.0731   3.9975  -0.9915
  2.8410   7.2843   3.9065  -0.9174
  2.7256   7.4952   3.8097  -0.8449
  2.6088   7.7057   3.7070  -0.7743
  2.4909   7.9161   3.5985  -0.7055
  2.3717   8.1263   3.4842  -0.6388
  2.2514   8.3366   3.3641  -0.5742
  2.1300   8.5469   3.2382  -0.5120
  2.0074   8.7574   3.1065  -0.4521
  1.8837   8.9682   2.9691  -0.3947
  1.7590   9.1794   2.8259  -0.3401
  1.6332   9.3911   2.6770  -0.2883
  1.5063   9.6035   2.5224  -0.2396
  1.3783   9.8167   2.3621  -0.1941
  1.2493  10.0308   2.1960  -0.1521
  1.1192  10.2460   2.0243  -0.1137
  0.9880  10.4624   1.8470  -0.0793
  0.8557  10.6801   1.6639  -0.0490
  0.7222  10.8993   1.4753  -0.0233
  0.5876  11.1203   1.2809  -0.0023
  0.4517  11.3431   1.0810   0.0135
  0.3146  11.5680   0.8755   0.0238
  0.1761  11.7952   0.6643   0.0281
  0.0363  12.0249   0.4476   0.0259
 -0.1049  12.2572   0.2253   0.0169
 -0.2477  12.4925  -0.0026   0.0003
 -0.2477  12.4925  -0.0026   0.0003
  0.1129   7.3899  -0.5476   1.1077
  0.3863   3.3256  -1.0631   2.0289
  0.5815   0.1067  -1.5516   2.7885
  0.7097  -2.4319  -2.0149   3.4128
  0.7823  -4.4280  -2.4545   3.9262
  0.8099  -5.9940  -2.8718   4.3500
  0.8017  -7.2206  -3.2678   4.7024
  0.7653  -8.1800  -3.6434   4.9981
  0.7071  -8.9297  -3.9994   5.2493
  0.6322  -9.5147  -4.3365   5.4656
  0.5447  -9.9707  -4.6554   5.6548
  0.4480 -10.3254  -4.9566   5.8230
  0.3444 -10.6008  -5.2407   5.9751
  0.2362 -10.8138  -5.5082   6.1149
  0.1248 -10.9777  -5.7596   6.2453
  0.0116 -11.1030  -5.9953   6.3688
 -0.1026 -11.1977  -6.2158   6.4871
 -0.2168 -11.2683  -6.4214   6.6016
 -0.3306 -11.3197  -6.6126   6.7135
 -0.4434 -11.3558  -6.7897   6.8235
 -0.5548 -11.3796  -6.9530   6.9324
 -0.6646 -11.3936  -7.1031   7.0406
 -0.7724 -11.3995  -7.2400   7.1485
 -0.8780 -11.3989  -7.3643   7.2562
 -0.9813 -11.3930  -7.4762   7.3642
 -1.0822 -11.3825  -7.5759   7.4723
 -1.1804 -11.3683  -7.6639   7.5808
 -1.2759 -11.3510  -7.7404   7.6897
 -1.3685 -11.3309  -7.8056   7.7990
 -1.4582 -11.3084  -7.8599   7.9087
 -1.5449 -11.2839  -7.9034   8.0188
 -1.6285 -11.2575  -7.9365   8.1292
 -1.7088 -11.2295  -7.9594   8.2401
 -1.7859 -11.2000  -7.9724   8.3512
 -1.8596 -11.1691  -7.9757   8.4625
 -1.9298 -11.1369  -7.9695   8.5740
 -1.9965 -11.1036  -7.9540   8.6856
 -2.0596 -11.0691  -7.9295   8.7973
 -2.1189 -11.0337  -7.8962   8.9091
 -2.1745 -10.9972  -7.8542   9.0207
 -2.2262 -10.9599  -7.8039   9.1322
 -2.2738 -10.9216  -7.7453   9.2435
 -2.3174 -10.8825  -7.6787   9.3545
 -2.3568 -10.8425  -7.6043   9.4651
 -2.3920 -10.8017  -7.5222   9.5752
 -2.4227 -10.7602  -7.4327   9.6848
 -2.4490 -10.7178  -7.3359   9.7937
 -2.4707 -10.6746  -7.2319   9.9018
 -2.4877 -10.6305  -7.1209  10.0090
 -2.4999 -10.5855  -7.0032  10.1150
 -2.5071 -10.5395  -6.8787  10.2197
 -2.5093 -10.4924  -6.7477  10.3229
 -2.5063 -10.4441  -6.6104  10.4243
 -2.4981 -10.3942  -6.4667  10.5236
 -2.4844 -10.3426  -6.3168  10.6202
 -2.4651 -10.2888  -6.1609  10.7138
 -2.4402 -10.2324  -5.9990  10.8036
 -2.4094 -10.1728  -5.8312  10.8889
 -2.3726 -10.1091  -5.6576  10.9686
 -2.3298 -10.0404  -5.4780  11.0416
 -2.2806  -9.9653  -5.2926  11.1061
 -2.2249  -9.8823  -5.1013  11.1601
 -2.1626  -9.7892  -4.9039  11.2011
 -2.0934  -9.6834  -4.7003  11.2258
 -2.0172  -9.5615  -4.4901  11.2299
 -1.9337  -9.4195  -4.2730  11.2082
 -1.8427  -9.2519  -4.0484  11.1539
 -1.7438  -9.0521  -3.8156  11.0581
 -1.6367  -8.8117  -3.5734  10.9099
 -1.5212  -8.5202  -3.3207  10.6948
 -1.3967  -8.1643  -3.0555  10.3946
 -1.2626  -7.7275  -2.7756   9.9857
 -1.1186  -7.1895  -2.4779   9.4379
 -0.9638  -6.5248  -2.1586   8.7120
 -0.7974  -5.7027  -1.8124   7.7575
 -0.6186  -4.6859  -1.4330   6.5090
 -0.4266  -3.4306  -1.0120   4.8808
 -0.2202  -1.8866  -0.5387   2.7607
  0.0013  -0.0003   0.0003   0.0003
  0.0494   0.0217  11.5568  -9.2056
  0.0146   0.2481  11.4892  -9.0275
 -0.0188   0.4619  11.4216  -8.8500
 -0.0508   0.6616  11.3539  -8.6732
 -0.0815   0.8465  11.2859  -8.4968
 -0.1110   1.0168  11.2176  -8.3210
 -0.1391   1.1726  11.1489  -8.1455
 -0.1661   1.3147  11.0797  -7.9703
 -0.1919   1.4436  11.0098  -7.7953
 -0.2166   1.5604  10.9393  -7.6204
 -0.2402   1.6658  10.8680  -7.4456
 -0.2627   1.7608  10.7959  -7.2709
 -0.2842   1.8461  10.7227  -7.0961
 -0.3046   1.9225  10.6485  -6.9211
 -0.3240   1.9908  10.5732  -6.7460
 -0.3424   2.0518  10.4966  -6.5707
 -0.3599   2.1061  10.4187  -6.3951
 -0.3764   2.1543  10.3394  -6.2192
 -0.3919   2.1969  10.2585  -6.0429
 -0.4066   2.2345  10.1760  -5.8662
 -0.4203   2.2676  10.0918  -5.6890
 -0.4331   2.2966  10.0057  -5.5114
 -0.4451   2.3218   9.9178  -5.3332
 -0.4562   2.3436   9.8278  -5.1544
 -0.4665   2.3624   9.7357  -4.9750
 -0.4759   2.3785   9.6414  -4.7949
 -0.4845   2.3920   9.5448  -4.6142
 -0.4923   2.4032   9.4459  -4.4328
 -0.4994   2.4124   9.3444  -4.2506
 -0.5056   2.4197   9.2403  -4.0677
 -0.5111   2.4253   9.1335  -3.8839
 -0.5158   2.4294   9.0239  -3.6994
 -0.5198   2.4320   8.9115  -3.5140
 -0.5230   2.4333   8.7962  -3.3278
 -0.5255   2.4334   8.6777  -3.1407
 -0.5274   2.4324   8.5562  -2.9528
 -0.5285   2.4304   8.4314  -2.7639
 -0.5290   2.4274   8.3034  -2.5741
 -0.5287   2.4235   8.1720  -2.3834
 -0.5279   2.4187   8.0371  -2.1918
 -0.5263   2.4130   7.8988  -1.9992
 -0.5242   2.4066   7.7569  -1.8056
 -0.5214   2.3993   7.6113  -1.6111
 -0.5180   2.3912   7.4620  -1.4156
 -0.5139   2.3823   7.3090  -1.2192
 -0.5093   2.3725   7.1522  -1.0217
 -0.5041   2.3619   6.9916  -0.8233
 -0.4983   2.3504   6.8271  -0.6239
 -0.4919   2.3379   6.6586  -0.4235
 -0.4849   2.3244   6.4862  -0.2221
 -0.4774   2.3098   6.3098  -0.0196
 -0.4694   2.2940   6.1295   0.1838
 -0.4607   2.2769   5.9451   0.3882
 -0.4516   2.2584   5.7567   0.5937
 -0.4419   2.2383   5.5642   0.8002
 -0.4316   2.2165   5.3677   1.0077
 -0.4208   2.1929   5.1672   1.2163
 -0.4095   2.1671   4.9626   1.4259
 -0.3977   2.1391   4.7541   1.6366
 -0.3853   2.1085   4.5415   1.8484
 -0.3724   2.0750   4.3250   2.0612
 -0.3589   2.0384   4.1045   2.2751
 -0.3449   1.9982   3.8802   2.4902
 -0.3304   1.9542   3.6519   2.7063
 -0.3152   1.9057   3.4198   2.9237
 -0.2996   1.8523   3.1838   3.1422
 -0.2833   1.7934   2.9441   3.3619
 -0.2664   1.7284   2.7007   3.5829
 -0.2488   1.6564   2.4536   3.8051
 -0.2307   1.5766   2.2029   4.0287
 -0.2118   1.4880   1.9486   4.2536
 -0.1922   1.3893   1.6907   4.4799
 -0.1718   1.2793   1.4294   4.7076
 -0.1506   1.1563   1.1646   4.9369
 -0.1284   1.0182   0.8965   5.1677
 -0.1054   0.8629   0.6250   5.4001
 -0.0812   0.6874   0.3501   5.6343
 -0.0559   0.4882   0.0720   5.8701
 -0.0292   0.2610  -0.2094   6.1079
 -0.0010   0.0003  -0.4941   6.3476
 -0.0010   0.0003  -0.4941   6.3476
 -0.2206   0.7992  -0.6912   3.9416
 -0.4310   1.4245  -0.9049   2.0316
 -0.6327   1.9140  -1.1321   0.5145
 -0.8262   2.2973  -1.3696  -0.6912
 -1.0118   2.5976  -1.6141  -1.6502
 -1.1898   2.8329  -1.8629  -2.4135
 -1.3603   3.0177  -2.1136  -3.0217
 -1.5237   3.1628  -2.3642  -3.5066
 -1.6801   3.2771  -2.6132  -3.8936
 -1.8296   3.3673  -2.8590  -4.2025
 -1.9724   3.4387  -3.1008  -4.4492
 -2.1087   3.4955  -3.3375  -4.6463
 -2.2386   3.5410  -3.5686  -4.8035
 -2.3622   3.5776  -3.7935  -4.9288
 -2.4797   3.6073  -4.0118  -5.0285
 -2.5912   3.6318  -4.2231  -5.1074
 -2.6968   3.6521  -4.4273  -5.1694
 -2.7967   3.6693  -4.6240  -5.2179
 -2.8908   3.6840  -4.8132  -5.2551
 -2.9795   3.6969  -4.9948  -5.2832
 -3.0626   3.7084  -5.1686  -5.3037
 -3.1404   3.7188  -5.3345  -5.3179
 -3.2128   3.7283  -5.4926  -5.3268
 -3.2801   3.7373  -5.6428  -5.3313
 -3.3423   3.7459  -5.7850  -5.3321
 -3.3995   3.7541  -5.9192  -5.3296
 -3.4516   3.7621  -6.0454  -5.3243
 -3.4989   3.7699  -6.1636  -5.3166
 -3.5414   3.7777  -6.2737  -5.3068
 -3.5791   3.7853  -6.3758  -5.2951
 -3.6122   3.7929  -6.4698  -5.2817
 -3.6405   3.8005  -6.5556  -5.2669
 -3.6644   3.8080  -6.6333  -5.2507
 -3.6837   3.8156  -6.7028  -5.2334
 -3.6985   3.8231  -6.7641  -5.2149
 -3.7089   3.8306  -6.8172  -5.1955
 -3.7149   3.8382  -6.8620  -5.1752
 -3.7166   3.8457  -6.8984  -5.1540
 -3.7140   3.8531  -6.9265  -5.1322
 -3.7071   3.8606  -6.9461  -5.1096
 -3.6961   3.8680  -6.9572  -5.0865
 -3.6808   3.8753  -6.9598  -5.0628
 -3.6614   3.8826  -6.9537  -5.0386
 -3.6378   3.8897  -6.9390  -5.0139
 -3.6101   3.8968  -6.9155  -4.9889
 -3.5784   3.9037  -6.8831  -4.9635
 -3.5425   3.9104  -6.8418  -4.9378
 -3.5026   3.9169  -6.7915  -4.9118
 -3.4587   3.9232  -6.7320  -4.8855
 -3.4108   3.9292  -6.6633  -4.8590
 -3.3588   3.9349  -6.5853  -4.8322
 -3.3029   3.9401  -6.4978  -4.8052
 -3.2429   3.9448  -6.4007  -4.7779
 -3.1789   3.9488  -6.2939  -4.7503
 -3.1109   3.9521  -6.1772  -4.7223
 -3.0389   3.9545  -6.0505  -4.6938
 -2.9628   3.9557  -5.9137  -4.6645
 -2.8827   3.9555  -5.7666  -4.6344
 -2.7985   3.9535  -5.6090  -4.6030
 -2.7101   3.9493  -5.4408  -4.5701
 -2.6176   3.9425  -5.2618  -4.5350
 -2.5209   3.9322  -5.0718  -4.4971
 -2.4199   3.9177  -4.8706  -4.4555
 -2.3145   3.8978  -4.6581  -4.4090
 -2.2047   3.8713  -4.4340  -4.3564
 -2.0902   3.8363  -4.1982  -4.2956
 -1.9710   3.7907  -3.9504  -4.2244
 -1.8467   3.7316  -3.6905  -4.1397
 -1.7173   3.6556  -3.4182  -4.0378
 -1.5823   3.5580  -3.1335  -3.9138
 -1.4414   3.4332  -2.8360  -3.7615
 -1.2940   3.2739  -2.5258  -3.5733
 -1.1395   3.0707  -2.2027  -3.3394
 -0.9771   2.8119  -1.8667  -3.0473
 -0.8057   2.4826  -1.5178  -2.6814
 -0.6242   2.0639  -1.1561  -2.2221
 -0.4310   1.5318  -0.7820  -1.6443
 -0.2240   0.8563  -0.3959  -0.9168
  5.6373  -5.9171  -0.4621  -0.9024
  5.6585  -5.6055  -0.1823  -1.1664
  5.6777  -5.2977   0.0872  -1.3982
  5.6948  -4.9937   0.3468  -1.6019
  5.7098  -4.6932   0.5966  -1.7808
  5.7224  -4.3960   0.8370  -1.9375
  5.7327  -4.1022   1.0682  -2.0744
  5.7404  -3.8115   1.2904  -2.1935
  5.7455  -3.5238   1.5037  -2.2965
  5.7478  -3.2390   1.7085  -2.3852
  5.7474  -2.9571   1.9048  -2.4609
  5.7442  -2.6778   2.0929  -2.5250
  5.7379  -2.4012   2.2730  -2.5786
  5.7288  -2.1272   2.4451  -2.6227
  5.7165  -1.8557   2.6094  -2.6584
  5.7012  -1.5865   2.7661  -2.6865
  5.6828  -1.3197   2.9153  -2.7078
  5.6612  -1.0553   3.0571  -2.7230
  5.6365  -0.7930   3.1917  -2.7327
  5.6086  -0.5329   3.3191  -2.7376
  5.5774  -0.2750   3.4395  -2.7381
  5.5431  -0.0191   3.5530  -2.7347
  5.5057   0.2347   3.6597  -2.7279
  5.4650   0.4865   3.7596  -2.7180
  5.4212   0.7364   3.8529  -2.7054
  5.3742   0.9843   3.9396  -2.6903
  5.3242   1.2304   4.0198  -2.6732
  5.2710   1.4746   4.0936  -2.6541
  5.2149   1.7170   4.1611  -2.6335
  5.1557   1.9576   4.2224  -2.6113
  5.0936   2.1965   4.2774  -2.5879
  5.0287   2.4337   4.3262  -2.5634
  4.9608   2.6692   4.3690  -2.5379
  4.8902   2.9031   4.4058  -2.5116
  4.8169   3.1354   4.4365  -2.4846
  4.7410   3.3662   4.4614  -2.4570
  4.6624   3.5954   4.4803  -2.4288
  4.5813   3.8231   4.4934  -2.4001
  4.4978   4.0494   4.5006  -2.3710
  4.4119   4.2743   4.5021  -2.3416
  4.3236   4.4978   4.4978  -2.3119
  4.2332   4.7200   4.4878  -2.2819
  4.1405   4.9410   4.4722  -2.2516
  4.0457   5.1607   4.4508  -2.2211
  3.9489   5.3793   4.4238  -2.1903
  3.8502   5.5967   4.3912  -2.1593
  3.7495   5.8131   4.3530  -2.1281
  3.6470   6.0284   4.3092  -2.0966
  3.5428   6.2429   4.2598  -2.0648
  3.4368   6.4564   4.2049  -2.0327
  3.3292   6.6691   4.1444  -2.0001
  3.2200   6.8811   4.0783  -1.9672
  3.1093   7.0923   4.0068  -1.9337
  2.9971   7.3030   3.9297  -1.8996
  2.8834   7.5131   3.8471  -1.8648
  2.7684   7.7228   3.7590  -1.8293
  2.6520   7.9321   3.6653  -1.7928
  2.5343   8.1411   3.5662  -1.7553
  2.4154   8.3499   3.4615  -1.7165
  2.2952   8.5587   3.3514  -1.6763
  2.1738   8.7674   3.2357  -1.6345
  2.0512   8.9762   3.1145  -1.5909
  1.9274   9.1852   2.9878  -1.5452
  1.8024   9.3945   2.8556  -1.4971
  1.6763   9.6043   2.7179  -1.4463
  1.5491   9.8146   2.5747  -1.3925
  1.4207  10.0256   2.4260  -1.3351
  1.2911  10.2374   2.2719  -1.2739
  1.1604  10.4502   2.1122  -1.2083
  1.0284  10.6641   1.9470  -1.1377
  0.8952  10.8792   1.7764  -1.0616
  0.7608  11.0957   1.6003  -0.9793
  0.6251  11.3139   1.4187  -0.8900
  0.4881  11.5338   1.2318  -0.7930
  0.3497  11.7556   1.0394  -0.6874
  0.2098  11.9796   0.8416  -0.5724
  0.0685  12.2059   0.6385  -0.4469
 -0.0745  12.4348   0.4301  -0.3101
 -0.2191  12.6666   0.2163  -0.1612
 -0.3654  12.9014  -0.0027   0.0003
 -0.3654  12.9014  -0.0027   0.0003
  0.1200   7.7886  -0.6343   0.6772
  0.5156   3.6638  -1.2307   1.2531
  0.8285   0.3579  -1.7941   1.7460
  1.0686  -2.2783  -2.3264   2.1715
  1.2467  -4.3723  -2.8291   2.5425
  1.3727  -6.0306  -3.3039   2.8700
  1.4559  -7.3411  -3.7518   3.1628
  1.5040  -8.3750  -4.1741   3.4286
  1.5235  -9.1897  -4.5718   3.6732
  1.5199  -9.8313  -4.9457   3.9016
  1.4975 -10.3362  -5.2968   4.1179
  1.4598 -10.7335  -5.6257   4.3252
  1.4097 -11.0463  -5.9332   4.5260
  1.3495 -11.2925  -6.2200   4.7224
  1.2809 -11.4864  -6.4867   4.9159
  1.2054 -11.6394  -6.7339   5.1077
  1.1241 -11.7602  -6.9622   5.2989
  1.0380 -11.8558  -7.1721   5.4900
  0.9478 -11.9318  -7.3642   5.6816
  0.8541 -11.9923  -7.5390   5.8741
  0.7575 -12.0409  -7.6970   6.0677
  0.6583 -12.0802  -7.8387   6.2626
  0.5570 -12.1123  -7.9646   6.4589
  0.4537 -12.1388  -8.0752   6.6566
  0.3489 -12.1610  -8.1709   6.8557
  0.2427 -12.1800  -8.2522   7.0562
  0.1354 -12.1966  -8.3195   7.2580
  0.0272 -12.2113  -8.3733   7.4609
 -0.0818 -12.2247  -8.4140   7.6649
 -0.1913 -12.2371  -8.4421   7.8698
 -0.3011 -12.2487  -8.4579   8.0755
 -0.4111 -12.2598  -8.4619   8.2819
 -0.5211 -12.2704  -8.4544   8.4888
 -0.6308 -12.2806  -8.4360   8.6961
 -0.7401 -12.2903  -8.4070   8.9035
 -0.8487 -12.2995  -8.3677   9.1111
 -0.9566 -12.3080  -8.3186   9.3185
 -1.0633 -12.3158  -8.2600   9.5258
 -1.1688 -12.3225  -8.1924   9.7326
 -1.2728 -12.3278  -8.1160   9.9389
 -1.3750 -12.3316  -8.0313  10.1444
 -1.4751 -12.3334  -7.9386  10.3491
 -1.5730 -12.3329  -7.8383  10.5528
 -1.6682 -12.3296  -7.7307  10.7553
 -1.7606 -12.3229  -7.6161  10.9564
 -1.8497 -12.3126  -7.4949  11.1560
 -1.9353 -12.2979  -7.3675  11.3538
 -2.0170 -12.2783  -7.2340  11.5497
 -2.0945 -12.2532  -7.0949  11.7434
 -2.1673 -12.2221  -6.9505  11.9346
 -2.2350 -12.1843  -6.8010  12.1232
 -2.2973 -12.1393  -6.6467  12.3087
 -2.3537 -12.0863  -6.4880  12.4908
 -2.4037 -12.0248  -6.3250  12.6689
 -2.4470 -11.9541  -6.1581  12.8427
 -2.4829 -11.8737  -5.9874  13.0113
 -2.5112 -11.7828  -5.8133  13.1740
 -2.5312 -11.6808  -5.6358  13.3298
 -2.5424 -11.5667  -5.4552  13.4773
 -2.5443 -11.4398  -5.2715  13.6151
 -2.5365 -11.2988  -5.0849  13.7410
 -2.5184 -11.1425  -4.8954  13.8526
 -2.4894 -10.9692  -4.7028  13.9467
 -2.4490 -10.7766  -4.5072  14.0192
 -2.3966 -10.5621  -4.3081  14.0648
 -2.3318 -10.3222  -4.1051  14.0768
 -2.2537 -10.0523  -3.8975  14.0467
 -2.1619  -9.7470  -3.6845  13.9634
 -2.0557  -9.3989  -3.4646  13.8128
 -1.9343  -8.9992  -3.2362  13.5765
 -1.7969  -8.5364  -2.9967  13.2310
 -1.6428  -7.9965  -2.7431  12.7457
 -1.4709  -7.3620  -2.4712  12.0810
 -1.2801  -6.6113  -2.1754  11.1853
 -1.0694  -5.7181  -1.8486   9.9916
 -0.8373  -4.6509  -1.4813   8.4120
 -0.5825  -3.3719  -1.0616   6.3308
 -0.3035  -1.8377  -0.5740   3.5949
 -0.2598  -1.8155  11.5552  -9.1428
 -0.2999  -1.5671  11.4886  -8.9667
 -0.3383  -1.3165  11.4220  -8.7912
 -0.3748  -1.0697  11.3551  -8.6162
 -0.4095  -0.8306  11.2877  -8.4416
 -0.4427  -0.6016  11.2198  -8.2673
 -0.4742  -0.3844  11.1514  -8.0933
 -0.5041  -0.1796  11.0822  -7.9194
 -0.5325   0.0126  11.0121  -7.7456
 -0.5595   0.1923  10.9412  -7.5718
 -0.5851   0.3599  10.8693  -7.3980
 -0.6093   0.5159  10.7963  -7.2240
 -0.6321   0.6610  10.7221  -7.0499
 -0.6536   0.7959  10.6467  -6.8756
 -0.6738   0.9212  10.5699  -6.7010
 -0.6928   1.0377  10.4917  -6.5260
 -0.7105   1.1461  10.4120  -6.3507
 -0.7270   1.2470  10.3306  -6.1750
 -0.7423   1.3411  10.2476  -5.9988
 -0.7564   1.4288  10.1628  -5.8221
 -0.7694   1.5108  10.0761  -5.6448
 -0.7812   1.5876   9.9875  -5.4670
 -0.7919   1.6596   9.8968  -5.2885
 -0.8015   1.7272   9.8039  -5.1093
 -0.8100   1.7908   9.7088  -4.9295
 -0.8174   1.8509   9.6114  -4.7489
 -0.8237   1.9076   9.5116  -4.5676
 -0.8290   1.9613   9.4093  -4.3855
 -0.8333   2.0123   9.3044  -4.2026
 -0.8366   2.0608   9.1968  -4.0189
 -0.8388   2.1070   9.0865  -3.8343
 -0.8401   2.1511   8.9733  -3.6488
 -0.8404   2.1932   8.8572  -3.4624
 -0.8398   2.2336   8.7381  -3.2751
 -0.8383   2.2724   8.6159  -3.0868
 -0.8358   2.3096   8.4906  -2.8976
 -0.8325   2.3454   8.3620  -2.7074
 -0.8283   2.3799   8.2301  -2.5163
 -0.8232   2.4131   8.0948  -2.3241
 -0.8172   2.4451   7.9561  -2.1310
 -0.8105   2.4760   7.8138  -1.9368
 -0.8029   2.5057   7.6680  -1.7416
 -0.7945   2.5342   7.5185  -1.5453
 -0.7854   2.5617   7.3654  -1.3480
 -0.7754   2.5880   7.2086  -1.1496
 -0.7648   2.6131   7.0479  -0.9502
 -0.7534   2.6370   6.8835  -0.7497
 -0.7412   2.6596   6.7151  -0.5481
 -0.7284   2.6809   6.5429  -0.3454
 -0.7149   2.7007   6.3668  -0.1417
 -0.7007   2.7189   6.1867   0.0632
 -0.6859   2.7355   6.0026   0.2692
 -0.6704   2.7501   5.8146   0.4764
 -0.6543   2.7627   5.6225   0.6846
 -0.6375   2.7730   5.4264   0.8940
 -0.6202   2.7807   5.2264   1.1046
 -0.6022   2.7857   5.0223   1.3164
 -0.5837   2.7874   4.8142   1.5293
 -0.5646   2.7857   4.6020   1.7434
 -0.5449   2.7800   4.3859   1.9588
 -0.5246   2.7698   4.1658   2.1754
 -0.5038   2.7547   3.9418   2.3933
 -0.4824   2.7339   3.7137   2.6124
 -0.4604   2.7068   3.4818   2.8329
 -0.4378   2.6725   3.2460   3.0548
 -0.4146   2.6301   3.0063   3.2780
 -0.3908   2.5785   2.7627   3.5027
 -0.3664   2.5165   2.5153   3.7288
 -0.3413   2.4426   2.2642   3.9564
 -0.3155   2.3550   2.0092   4.1856
 -0.2889   2.2518   1.7506   4.4164
 -0.2616   2.1306   1.4882   4.6489
 -0.2333   1.9885   1.2222   4.8831
 -0.2041   1.8221   0.9524   5.1192
 -0.1739   1.6274   0.6790   5.3571
 -0.1424   1.3991   0.4020   5.5970
 -0.1096   1.1311   0.1212   5.8389
 -0.0753   0.8156  -0.1632   6.0830
 -0.0392   0.4428  -0.4514   6.3294
 -0.0010   0.0003  -0.7434   6.5781
 -0.0010   0.0003  -0.7434   6.5781
 -0.1499  -1.1672  -0.8792   3.8461
 -0.3015  -1.9789  -1.0358   1.6696
 -0.4541  -2.5430  -1.2103  -0.0621
 -0.6065  -2.9306  -1.3991  -1.4381
 -0.7575  -3.1899  -1.5985  -2.5300
 -0.9063  -3.3542  -1.8054  -3.3954
 -1.0525  -3.4473  -2.0167  -4.0799
 -1.1955  -3.4866  -2.2300  -4.6203
 -1.3350  -3.4851  -2.4433  -5.0458
 -1.4709  -3.4524  -2.6547  -5.3797
 -1.6029  -3.3958  -2.8631  -5.6406
 -1.7309  -3.3210  -3.0672  -5.8433
 -1.8549  -3.2323  -3.2662  -5.9996
 -1.9747  -3.1330  -3.4596  -6.1188
 -2.0904  -3.0257  -3.6466  -6.2085
 -2.2019  -2.9124  -3.8271  -6.2746
 -2.3092  -2.7947  -4.0005  -6.3219
 -2.4123  -2.6737  -4.1668  -6.3542
 -2.5113  -2.5504  -4.3258  -6.3744
 -2.6061  -2.4255  -4.4773  -6.3851
 -2.6967  -2.2995  -4.6213  -6.3882
 -2.7832  -2.1729  -4.7578  -6.3851
 -2.8656  -2.0459  -4.8866  -6.3771
 -2.9438  -1.9188  -5.0079  -6.3653
 -3.0179  -1.7918  -5.1216  -6.3503
 -3.0879  -1.6649  -5.2277  -6.3329
 -3.1539  -1.5383  -5.3262  -6.3135
 -3.2157  -1.4121  -5.4173  -6.2925
 -3.2734  -1.2861  -5.5008  -6.2703
 -3.3271  -1.1606  -5.5769  -6.2471
 -3.3766  -1.0355  -5.6456  -6.2232
 -3.4221  -0.9107  -5.7068  -6.1986
 -3.4634  -0.7862  -5.7607  -6.1735
 -3.5006  -0.6620  -5.8073  -6.1480
 -3.5337  -0.5381  -5.8465  -6.1222
 -3.5626  -0.4144  -5.8785  -6.0961
 -3.5874  -0.2909  -5.9031  -6.0698
 -3.6079  -0.1675  -5.9205  -6.0433
 -3.6242  -0.0440  -5.9307  -6.0167
 -3.6362   0.0796  -5.9336  -5.9898
 -3.6439   0.2034  -5.9293  -5.9628
 -3.6473   0.3276  -5.9178  -5.9357
 -3.6463   0.4523  -5.8990  -5.9083
 -3.6409   0.5779  -5.8729  -5.8807
 -3.6310   0.7045  -5.8396  -5.8529
 -3.6165   0.8326  -5.7990  -5.8248
 -3.5975   0.9626  -5.7511  -5.7963
 -3.5738   1.0951  -5.6959  -5.7674
 -3.5454   1.2307  -5.6333  -5.7381
 -3.5122   1.3705  -5.5632  -5.7082
 -3.4741   1.5155  -5.4857  -5.6776
 -3.4311   1.6672  -5.4007  -5.6463
 -3.3831   1.8274  -5.3080  -5.6140
 -3.3301   1.9984  -5.2077  -5.5807
 -3.2719   2.1830  -5.0996  -5.5460
 -3.2085   2.3849  -4.9836  -5.5098
 -3.1399   2.6084  -4.8596  -5.4717
 -3.0659   2.8591  -4.7276  -5.4313
 -2.9867   3.1439  -4.5872  -5.3883
 -2.9022   3.4715  -4.4385  -5.3419
 -2.8125   3.8523  -4.2811  -5.2916
 -2.7178   4.2996  -4.1148  -5.2365
 -2.6182   4.8293  -3.9394  -5.1755
 -2.5143   5.4614  -3.7546  -5.1072
 -2.4066   6.2200  -3.5601  -5.0301
 -2.2961   7.1354  -3.3553  -4.9422
 -2.1840   8.2457  -3.1399  -4.8407
 -2.0725   9.6029  -2.9131  -4.7226
 -1.9648  11.2894  -2.6741  -4.5837
 -1.8672  13.4844  -2.4210  -4.4190
 -1.8012  16.9761  -2.1460  -4.2240
 -1.7864  21.9308  -1.8470  -3.9914
 -1.8553  28.5661  -1.5213  -3.7129
 -2.0751  37.9150  -1.1575  -3.3812
 -2.5001  49.4008  -0.7599  -2.9828
 -3.0854  59.4256  -0.3626  -2.4927
 -3.4344  59.0677  -0.0550  -1.8663
 -2.4782  34.9301   0.0253  -1.0378
 -0.0568   0.0510   0.0021  -0.0006
 -0.3887   0.4236   0.0068  -0.0021
 -0.3891   0.4028   0.0068  -0.0021
 -0.3914   0.4062   0.0068  -0.0021
 -0.3932   0.4090   0.0068  -0.0022
 -0.3951   0.4120   0.0068  -0.0022
 -0.3970   0.4149   0.0068  -0.0022
 -0.3990   0.4179   0.0068  -0.0022
 -0.4009   0.4209   0.0068  -0.0023
 -0.4028   0.4239   0.0068  -0.0023
 -0.4048   0.4270   0.0068  -0.0023
 -0.4068   0.4300   0.0068  -0.0024
  5.9295  -6.2202  -0.0582   0.0118
  5.9460  -5.9052   0.1841  -0.4037
  5.9608  -5.5934   0.4201  -0.7746
  5.9738  -5.2847   0.6498  -1.1060
  5.9847  -4.9790   0.8731  -1.4022
  5.9935  -4.6763   1.0899  -1.6668
  6.0000  -4.3763   1.3001  -1.9031
  6.0041  -4.0790   1.5037  -2.1140
  6.0057  -3.7844   1.7006  -2.3021
  6.0046  -3.4924   1.8908  -2.4695
  6.0008  -3.2029   2.0742  -2.6184
  5.9942  -2.9159   2.2508  -2.7504
  5.9846  -2.6313   2.4205  -2.8672
  5.9721  -2.3491   2.5834  -2.9703
  5.9564  -2.0692   2.7394  -3.0608
  5.9376  -1.7916   2.8884  -3.1399
  5.9157  -1.5162   3.0306  -3.2088
  5.8905  -1.2431   3.1658  -3.2683
  5.8621  -0.9721   3.2940  -3.3192
  5.8304  -0.7033   3.4153  -3.3623
  5.7954  -0.4366   3.5297  -3.3983
  5.7571  -0.1720   3.6370  -3.4279
  5.7155   0.0905   3.7375  -3.4514
  5.6705   0.3509   3.8310  -3.4696
  5.6223   0.6094   3.9175  -3.4827
  5.5709   0.8658   3.9972  -3.4912
  5.5161   1.1203   4.0700  -3.4955
  5.4582   1.3728   4.1359  -3.4958
  5.3971   1.6234   4.1950  -3.4925
  5.3329   1.8721   4.2473  -3.4858
  5.2656   2.1189   4.2929  -3.4760
  5.1953   2.3638   4.3317  -3.4632
  5.1221   2.6069   4.3639  -3.4476
  5.0459   2.8483   4.3894  -3.4294
  4.9670   3.0878   4.4084  -3.4088
  4.8852   3.3257   4.4209  -3.3857
  4.8008   3.5619   4.4269  -3.3604
  4.7138   3.7964   4.4266  -3.3329
  4.6243   4.0293   4.4199  -3.3033
  4.5323   4.2606   4.4070  -3.2717
  4.4380   4.4904   4.3879  -3.2380
  4.3413   4.7188   4.3627  -3.2024
  4.2425   4.9457   4.3315  -3.1648
  4.1415   5.1713   4.2943  -3.1253
  4.0384   5.3955   4.2513  -3.0838
  3.9334   5.6186   4.2026  -3.0404
  3.8265   5.8404   4.1482  -2.9950
  3.7178   6.0611   4.0883  -2.9476
  3.6073   6.2808   4.0229  -2.8981
  3.4952   6.4995   3.9521  -2.8466
  3.3814   6.7173   3.8761  -2.7930
  3.2661   6.9343   3.7950  -2.7372
  3.1494   7.1506   3.7088  -2.6792
  3.0312   7.3663   3.6177  -2.6188
  2.9116   7.5814   3.5219  -2.5561
  2.7907   7.7961   3.4214  -2.4909
  2.6686   8.0105   3.3163  -2.4231
  2.5452   8.2246   3.2068  -2.3526
  2.4206   8.4386   3.0931  -2.2794
  2.2950   8.6526   2.9752  -2.2033
  2.1681   8.8668   2.8534  -2.1241
  2.0402   9.0812   2.7277  -2.0418
  1.9112   9.2960   2.5982  -1.9563
  1.7812   9.5113   2.4653  -1.8673
  1.6501   9.7273   2.3289  -1.7749
  1.5179   9.9441   2.1894  -1.6787
  1.3848  10.1620   2.0467  -1.5788
  1.2505  10.3809   1.9012  -1.4751
  1.1152  10.6013   1.7529  -1.3673
  0.9787  10.8231   1.6021  -1.2556
  0.8412  11.0466   1.4490  -1.1398
  0.7025  11.2721   1.2937  -1.0201
  0.5626  11.4997   1.1364  -0.8968
  0.4215  11.7297   0.9774  -0.7700
  0.2790  11.9622   0.8168  -0.6405
  0.1352  12.1976   0.6548  -0.5090
 -0.0100  12.4362   0.4916  -0.3769
 -0.1568  12.6781   0.3275  -0.2460
 -0.3051  12.9238   0.1625  -0.1190
 -0.4551  13.1735  -0.0030   0.0003
 -0.4551  13.1735  -0.0030   0.0003
  4.6043 -26.7953  -0.9310  -0.5674
  8.4094 -60.0486  -1.7898  -0.7963
  9.5892 -74.4500  -2.4741  -0.8646
  9.1149 -76.7624  -3.0395  -0.8479
  7.8646 -72.3146  -3.5259  -0.7831
  6.3954 -64.5151  -3.9594  -0.6891
  5.0159 -55.6431  -4.3595  -0.5760
  3.8615 -47.2401  -4.7403  -0.4488
  2.9567 -40.2289  -5.1109  -0.3106
  2.2430 -34.5059  -5.4706  -0.1627
  1.6750 -30.0013  -5.8191  -0.0061
  1.1969 -26.1445  -6.1512   0.1582
  0.7855 -22.7720  -6.4657   0.3297
  0.4247 -19.7635  -6.7618   0.5077
  0.1041 -17.0562  -7.0394   0.6917
 -0.1833 -14.6281  -7.2989   0.8811
 -0.4430 -12.4744  -7.5406   1.0755
 -0.6792 -10.5955  -7.7651   1.2744
 -0.8955  -8.9908  -7.9729   1.4773
 -1.0947  -7.6527  -8.1642   1.6838
 -1.2794  -6.5641  -8.3396   1.8936
 -1.4514  -5.6965  -8.4990   2.1062
 -1.6127  -5.0013  -8.6426   2.3214
 -1.7644  -4.4414  -8.7704   2.5388
 -1.9075  -3.9879  -8.8825   2.7582
 -2.0426  -3.6176  -8.9791   2.9794
 -2.1704  -3.3125  -9.0606   3.2022
 -2.2911  -3.0584  -9.1272   3.4264
 -2.4051  -2.8440  -9.1792   3.6517
 -2.5127  -2.6606  -9.2169   3.8781
 -2.6139  -2.5014  -9.2408   4.1054
 -2.7091  -2.3608  -9.2510   4.3333
 -2.7982  -2.2347  -9.2481   4.5617
 -2.8814  -2.1196  -9.2323   4.7905
 -2.9589  -2.0129  -9.2040   5.0195
 -3.0305  -1.9126  -9.1635   5.2486
 -3.0965  -1.8169  -9.1112   5.4776
 -3.1568  -1.7247  -9.0475   5.7064
 -3.2114  -1.6348  -8.9727   5.9349
 -3.2604  -1.5467  -8.8871   6.1631
 -3.3037  -1.4597  -8.7910   6.3909
 -3.3414  -1.3733  -8.6848   6.6181
 -3.3734  -1.2872  -8.5688   6.8449
 -3.3996  -1.2012  -8.4433   7.0713
 -3.4202  -1.1152  -8.3086   7.2972
 -3.4349  -1.0290  -8.1651   7.5229
 -3.4438  -0.9426  -8.0129   7.7485
 -3.4469  -0.8560  -7.8525   7.9744
 -3.4439  -0.7691  -7.6840   8.2010
 -3.4350  -0.6822  -7.5078   8.4287
 -3.4199  -0.5951  -7.3242   8.6583
 -3.3987  -0.5080  -7.1333   8.8907
 -3.3713  -0.4211  -6.9356   9.1271
 -3.3375  -0.3344  -6.7312   9.3691
 -3.2972  -0.2482  -6.5205   9.6187
 -3.2505  -0.1625  -6.3038   9.8783
 -3.1971  -0.0777  -6.0813  10.1512
 -3.1370   0.0062  -5.8536  10.4413
 -3.0702   0.0887  -5.6208  10.7540
 -2.9964   0.1697  -5.3835  11.0956
 -2.9156   0.2488  -5.1423  11.4745
 -2.8277   0.3257  -4.8979  11.9012
 -2.7327   0.4000  -4.6510  12.3892
 -2.6305   0.4712  -4.4027  12.9558
 -2.5211   0.5388  -4.1546  13.6235
 -2.4045   0.6023  -3.9085  14.4221
 -2.2807   0.6612  -3.6671  15.3917
 -2.1500   0.7147  -3.4342  16.5886
 -2.0126   0.7624  -3.2155  18.0960
 -1.8694   0.8032  -3.0206  20.0583
 -1.7210   0.8363  -2.8617  22.6131
 -1.5681   0.8606  -2.7546  25.8859
 -1.4126   0.8739  -2.7269  30.1486
 -1.2556   0.8728  -2.8106  35.5541
 -1.0955   0.8509  -3.0193  41.6680
 -0.9219   0.7954  -3.2829  46.5837
 -0.7126   0.6799  -3.3491  46.3561
 -0.4224   0.4526  -2.5697  33.4900
  0.0010  -0.0003  -0.0073   0.0094
 -0.0013  -0.0020  -0.3176   0.3764
 -0.0014  -0.0020  -0.3175   0.3579
 -0.0014  -0.0020  -0.3196   0.3608
 -0.0015  -0.0020  -0.3213   0.3632
 -0.0015  -0.0021  -0.3230   0.3657
 -0.0016  -0.0021  -0.3247   0.3682
 -0.0017  -0.0021  -0.3264   0.3707
 -0.0017  -0.0022  -0.3281   0.3732
 -0.0018  -0.0022  -0.3299   0.3757
 -0.0019  -0.0022  -0.3316   0.3782
 -0.0019  -0.0023  -0.3334   0.3808
 -0.0020  -0.0023  -0.3351   0.3834
 -0.0020  -0.0023  -0.3369   0.3860
 -0.0021  -0.0024  -0.3387   0.3886
 -0.0022  -0.0024  -0.3405   0.3912
 -0.0022  -0.0024  -0.3424   0.3939
  0.0491   0.0226  11.9764 -10.9902
  0.0958   0.4705  11.9278 -10.8150
  0.1385   0.8655  11.8788 -10.6400
  0.1771   1.2136  11.8293 -10.4651
  0.2117   1.5200  11.7793 -10.2904
  0.2424   1.7893  11.7288 -10.1157
  0.2694   2.0255  11.6777  -9.9409
  0.2926   2.2321  11.6260  -9.7660
  0.3123   2.4122  11.5735  -9.5910
  0.3286   2.5687  11.5203  -9.4156
  0.3416   2.7040  11.4662  -9.2400
  0.3514   2.8203  11.4112  -9.0640
  0.3582   2.9195  11.3552  -8.8875
  0.3621   3.0034  11.2981  -8.7106
  0.3633   3.0736  11.2398  -8.5331
  0.3619   3.1314  11.1803  -8.3550
  0.3580   3.1781  11.1195  -8.1762
  0.3518   3.2148  11.0572  -7.9966
  0.3433   3.2425  10.9933  -7.8164
  0.3328   3.2621  10.9278  -7.6353
  0.3202   3.2745  10.8606  -7.4533
  0.3059   3.2803  10.7915  -7.2704
  0.2898   3.2803  10.7205  -7.0866
  0.2720   3.2749  10.6473  -6.9018
  0.2528   3.2648  10.5720  -6.7159
  0.2322   3.2504  10.4945  -6.5290
  0.2103   3.2322  10.4145  -6.3410
  0.1873   3.2105  10.3319  -6.1519
  0.1632   3.1857  10.2468  -5.9616
  0.1382   3.1581  10.1589  -5.7701
  0.1123   3.1279  10.0681  -5.5774
  0.0857   3.0956   9.9743  -5.3835
  0.0584   3.0611   9.8774  -5.1883
  0.0307   3.0249   9.7773  -4.9918
  0.0025   2.9870   9.6739  -4.7941
 -0.0260   2.9477   9.5670  -4.5950
 -0.0548   2.9070   9.4565  -4.3947
 -0.0836   2.8651   9.3424  -4.1930
 -0.1124   2.8222   9.2244  -3.9900
 -0.1411   2.7783   9.1026  -3.7856
 -0.1697   2.7336   8.9767  -3.5800
 -0.1979   2.6881   8.8468  -3.3729
 -0.2257   2.6418   8.7127  -3.1646
 -0.2531   2.5949   8.5742  -2.9549
 -0.2798   2.5474   8.4315  -2.7439
 -0.3058   2.4993   8.2842  -2.5315
 -0.3310   2.4507   8.1324  -2.3179
 -0.3553   2.4015   7.9761  -2.1029
 -0.3785   2.3519   7.8150  -1.8867
 -0.4006   2.3017   7.6493  -1.6692
 -0.4215   2.2510   7.4787  -1.4504
 -0.4411   2.1998   7.3034  -1.2304
 -0.4592   2.1480   7.1232  -1.0091
 -0.4758   2.0956   6.9381  -0.7866
 -0.4907   2.0426   6.7482  -0.5630
 -0.5038   1.9887   6.5533  -0.3381
 -0.5151   1.9341   6.3535  -0.1121
 -0.5244   1.8786   6.1488   0.1151
 -0.5316   1.8220   5.9392   0.3433
 -0.5367   1.7643   5.7247   0.5727
 -0.5394   1.7053   5.5054   0.8032
 -0.5397   1.6448   5.2813   1.0347
 -0.5375   1.5826   5.0524   1.2674
 -0.5326   1.5186   4.8188   1.5010
 -0.5250   1.4526   4.5805   1.7357
 -0.5145   1.3841   4.3377   1.9715
 -0.5011   1.3131   4.0903   2.2083
 -0.4845   1.2392   3.8385   2.4460
 -0.4648   1.1621   3.5824   2.6848
 -0.4417   1.0814   3.3220   2.9247
 -0.4152   0.9967   3.0574   3.1655
 -0.3851   0.9078   2.7888   3.4074
 -0.3513   0.8142   2.5162   3.6504
 -0.3137   0.7156   2.2397   3.8944
 -0.2721   0.6115   1.9596   4.1395
 -0.2265   0.5016   1.6758   4.3857
 -0.1768   0.3857   1.3885   4.6330
 -0.1227   0.2636   1.0977   4.8815
 -0.0643   0.1351   0.8038   5.1312
 -0.0013   0.0003   0.5066   5.3822
 -0.0013   0.0003   0.5066   5.3822
 -0.0697   0.5755   1.8155 -28.8190
 -0.1451   1.0834   2.7646 -61.2881
 -0.2867   1.5196   2.1752 -72.2316
 -0.4819   1.8873   0.6302 -64.1299
 -0.6807   2.1937  -0.7592 -51.8492
 -0.8638   2.4460  -1.7842 -41.6477
 -1.0304   2.6536  -2.5605 -34.1022
 -1.1858   2.8255  -3.1895 -27.8367
 -1.3311   2.9687  -3.7177 -22.6836
 -1.4673   3.0889  -4.1770 -18.4938
 -1.5952   3.1907  -4.5885 -15.1245
 -1.7159   3.2778  -4.9646 -12.3616
 -1.8299   3.3531  -5.3129 -10.0619
 -1.9380   3.4190  -5.6381  -8.1281
 -2.0404   3.4774  -5.9432  -6.4880
 -2.1375   3.5297  -6.2304  -5.0874
 -2.2297   3.5772  -6.5011  -3.8847
 -2.3171   3.6208  -6.7564  -2.8479
 -2.3998   3.6613  -6.9970  -1.9523
 -2.4782   3.6992  -7.2236  -1.1789
 -2.5522   3.7350  -7.4367  -0.5129
 -2.6220   3.7692  -7.6368   0.0572
 -2.6877   3.8021  -7.8241   0.5401
 -2.7493   3.8338  -7.9991   0.9422
 -2.8069   3.8646  -8.1619   1.2682
 -2.8606   3.8947  -8.3129   1.5206
 -2.9103   3.9243  -8.4522   1.7001
 -2.9563   3.9533  -8.5788   1.8569
 -2.9986   3.9820  -8.6926   2.0009
 -3.0372   4.0103  -8.7936   2.1366
 -3.0723   4.0384  -8.8821   2.2661
 -3.1037   4.0663  -8.9580   2.3904
 -3.1315   4.0941  -9.0216   2.5111
 -3.1558   4.1218  -9.0728   2.6288
 -3.1765   4.1493  -9.1119   2.7445
 -3.1936   4.1769  -9.1389   2.8584
 -3.2072   4.2044  -9.1540   2.9709
 -3.2173   4.2319  -9.1572   3.0823
 -3.2238   4.2594  -9.1487   3.1927
 -3.2268   4.2870  -9.1286   3.3024
 -3.2262   4.3146  -9.0969   3.4113
 -3.2221   4.3422  -9.0537   3.5196
 -3.2145   4.3699  -8.9992   3.6272
 -3.2033   4.3976  -8.9335   3.7343
 -3.1886   4.4254  -8.8566   3.8407
 -3.1703   4.4532  -8.7686   3.9465
 -3.1484   4.4810  -8.6696   4.0516
 -3.1229   4.5087  -8.5597   4.1561
 -3.0938   4.5365  -8.4389   4.2598
 -3.0611   4.5641  -8.3074   4.3628
 -3.0248   4.5915  -8.1652   4.4649
 -2.9848   4.6187  -8.0124   4.5661
 -2.9411   4.6456  -7.8489   4.6663
 -2.8937   4.6719  -7.6750   4.7654
 -2.8425   4.6975  -7.4907   4.8632
 -2.7876   4.7223  -7.2959   4.9595
 -2.7288   4.7458  -7.0908   5.0540
 -2.6662   4.7678  -6.8755   5.1465
 -2.5996   4.7878  -6.6499   5.2365
 -2.5290   4.8052  -6.4142   5.3235
 -2.4544   4.8193  -6.1683   5.4068
 -2.3755   4.8291  -5.9123   5.4855
 -2.2924   4.8334  -5.6463   5.5586
 -2.2048   4.8309  -5.3703   5.6245
 -2.1126   4.8196  -5.0843   5.6814
 -2.0155   4.7971  -4.7883   5.7269
 -1.9133   4.7605  -4.4824   5.7577
 -1.8057   4.7059  -4.1666   5.7700
 -1.6922   4.6285  -3.8409   5.7581
 -1.5722   4.5224  -3.5053   5.7151
 -1.4452   4.3798  -3.1596   5.6313
 -1.3102   4.1911  -2.8039   5.4939
  5.4647  -6.2359  -2.8866   5.5135
  5.4959  -5.9323  -2.4818   4.0091
  5.5247  -5.6324  -2.0868   2.6751
  5.5509  -5.3363  -1.7022   1.4951
  5.5746  -5.0436  -1.3284   0.4545
  5.5956  -4.7542  -0.9656  -0.4602
  5.6139  -4.4681  -0.6139  -1.2610
  5.6295  -4.1849  -0.2732  -1.9587
  5.6422  -3.9047   0.0567  -2.5632
  5.6520  -3.6273   0.3758  -3.0834
  5.6588  -3.3526   0.6843  -3.5275
  5.6627  -3.0804   0.9826  -3.9027
  5.6635  -2.8108   1.2708  -4.2158
  5.6612  -2.5435   1.5490  -4.4727
  5.6559  -2.2786   1.8176  -4.6789
  5.6474  -2.0160   2.0765  -4.8394
  5.6357  -1.7555   2.3261  -4.9587
  5.6209  -1.4972   2.5665  -5.0408
  5.6029  -1.2410   2.7977  -5.0895
  5.5816  -0.9868   3.0200  -5.1081
  5.5571  -0.7346   3.2333  -5.0996
  5.5295  -0.4844   3.4377  -5.0669
  5.4986  -0.2360   3.6334  -5.0123
  5.4645   0.0104   3.8204  -4.9382
  5.4272   0.2551   3.9986  -4.8466
  5.3867   0.4979   4.1682  -4.7395
  5.3431   0.7390   4.3292  -4.6184
  5.2964   0.9783   4.4814  -4.4851
  5.2466   1.2159   4.6251  -4.3407
  5.1938   1.4519   4.7601  -4.1867
  5.1379   1.6861   4.8864  -4.0242
  5.0791   1.9188   5.0041  -3.8543
  5.0174   2.1498   5.1130  -3.6780
  4.9528   2.3792   5.2132  -3.4961
  4.8854   2.6071   5.3047  -3.3095
  4.8153   2.8334   5.3874  -3.1189
  4.7424   3.0582   5.4613  -2.9250
  4.6670   3.2816   5.5264  -2.7285
  4.5890   3.5035   5.5826  -2.5301
  4.5084   3.7239   5.6299  -2.3301
  4.4255   3.9430   5.6683  -2.1293
  4.3402   4.1607   5.6977  -1.9281
  4.2526   4.3771   5.7182  -1.7270
  4.1628   4.5923   5.7296  -1.5265
  4.0708   4.8061   5.7319  -1.3269
  3.9767   5.0188   5.7252  -1.1289
  3.8807   5.2303   5.7094  -0.9327
  3.7826   5.4407   5.6844  -0.7390
  3.6827   5.6500   5.6503  -0.5479
  3.5810   5.8582   5.6070  -0.3602
  3.4776   6.0656   5.5545  -0.1761
  3.3724   6.2719   5.4927   0.0038
  3.2657   6.4775   5.4217   0.1791
  3.1573   6.6822   5.3415   0.3493
  3.0475   6.8862   5.2520   0.5137
  2.9362   7.0895   5.1532   0.6720
  2.8235   7.2923   5.0452   0.8234
  2.7094   7.4945   4.9278   0.9673
  2.5941   7.6962   4.8011   1.1032
  2.4774   7.8976   4.6652   1.2302
  2.3596   8.0987   4.5199   1.3475
  2.2405   8.2996   4.3654   1.4544
  2.1203   8.5003   4.2016   1.5499
  1.9990   8.7011   4.0284   1.6331
  1.8766   8.9019   3.8461   1.7028
  1.7530   9.1029   3.6544   1.7580
  1.6285   9.3042   3.4535   1.7973
  1.5029   9.5059   3.2434   1.8194
  1.3762   9.7081   3.0240   1.8227
  1.2485   9.9110   2.7953   1.8056
  1.1198  10.1146   2.5575   1.7662
  0.9901  10.3192   2.3104   1.7026
  0.8593  10.5247   2.0541   1.6126
  0.7276  10.7315   1.7885   1.4936
  0.5947  10.9396   1.5137   1.3431
  0.4608  11.1492   1.2295   1.1579
  0.3258  11.3605   0.9359   0.9349
  0.1896  11.5736   0.6328   0.6705
  0.0523  11.7888   0.3201   0.3604
 -0.0861  12.0062  -0.0024   0.0003
 -0.0861  12.0062  -0.0024   0.0003
  0.2259   7.0244  -0.4953   0.8156
  0.4578   3.0302  -0.9609   1.5144
  0.6175  -0.1578  -1.4014   2.1152
  0.7148  -2.6926  -1.8185   2.6340
  0.7600  -4.7016  -2.2137   3.0845
  0.7626  -6.2891  -2.5884   3.4781
  0.7309  -7.5404  -2.9436   3.8247
  0.6723  -8.5240  -3.2802   4.1323
  0.5927  -9.2951  -3.5991   4.4080
  0.4972  -9.8976  -3.9008   4.6573
  0.3897 -10.3667  -4.1862   4.8850
  0.2734 -10.7300  -4.4557   5.0951
  0.1510 -11.0097  -4.7099   5.2908
  0.0244 -11.2229  -4.9493   5.4747
 -0.1046 -11.3836  -5.1743   5.6491
 -0.2348 -11.5025  -5.3853   5.8157
 -0.3651 -11.5881  -5.5828   5.9759
 -0.4948 -11.6471  -5.7671   6.1310
 -0.6233 -11.6849  -5.9386   6.2818
 -0.7499 -11.7057  -6.0977   6.4292
 -0.8743 -11.7126  -6.2446   6.5739
 -0.9962 -11.7084  -6.3797   6.7162
 -1.1152 -11.6952  -6.5032   6.8566
 -1.2313 -11.6744  -6.6156   6.9954
 -1.3441 -11.6474  -6.7170   7.1330
 -1.4536 -11.6153  -6.8078   7.2694
 -1.5596 -11.5787  -6.8882   7.4049
 -1.6620 -11.5385  -6.9584   7.5397
 -1.7607 -11.4951  -7.0187   7.6738
 -1.8556 -11.4489  -7.0694   7.8072
 -1.9466 -11.4002  -7.1107   7.9402
 -2.0336 -11.3493  -7.1428   8.0727
 -2.1166 -11.2965  -7.1659   8.2048
 -2.1954 -11.2418  -7.1803   8.3364
 -2.2701 -11.1856  -7.1861   8.4678
 -2.3405 -11.1278  -7.1836   8.5987
 -2.4066 -11.0686  -7.1730   8.7294
 -2.4683 -11.0081  -7.1543   8.8597
 -2.5255 -10.9464  -7.1280   8.9897
 -2.5781 -10.8835  -7.0940   9.1193
 -2.6262 -10.8195  -7.0525   9.2487
 -2.6695 -10.7544  -7.0039   9.3776
 -2.7081 -10.6882  -6.9481   9.5062
 -2.7418 -10.6211  -6.8854   9.6344
 -2.7706 -10.5529  -6.8160   9.7620
 -2.7943 -10.4838  -6.7399   9.8892
 -2.8130 -10.4137  -6.6573  10.0158
 -2.8265 -10.3425  -6.5683  10.1417
 -2.8348 -10.2703  -6.4732  10.2668
 -2.8377 -10.1970  -6.3719  10.3910
 -2.8352 -10.1225  -6.2647  10.5141
 -2.8272 -10.0467  -6.1516  10.6358
 -2.8135  -9.9694  -6.0327  10.7559
 -2.7942  -9.8903  -5.9082  10.8741
 -2.7690  -9.8091  -5.7780  10.9898
 -2.7379  -9.7256  -5.6424  11.1025
 -2.7008  -9.6391  -5.5013  11.2115
 -2.6576  -9.5492  -5.3548  11.3158
 -2.6081  -9.4549  -5.2029  11.4144
 -2.5523  -9.3553  -5.0455  11.5059
 -2.4900  -9.2492  -4.8826  11.5883
 -2.4210  -9.1350  -4.7141  11.6593
 -2.3454  -9.0108  -4.5399  11.7161
 -2.2627  -8.8743  -4.3597  11.7549
 -2.1730  -8.7224  -4.1731  11.7710
 -2.0761  -8.5515  -3.9796  11.7584
 -1.9716  -8.3571  -3.7788  11.7096
 -1.8594  -8.1335  -3.5696  11.6149
 -1.7392  -7.8739  -3.3510  11.4620
 -1.6107  -7.5697  -3.1215  11.2354
 -1.4734  -7.2103  -2.8793  10.9153
 -1.3271  -6.7830  -2.6219  10.4767
 -1.1712  -6.2719  -2.3463   9.8877
 -1.0051  -5.6577  -2.0484   9.1078
 -0.8283  -4.9166  -1.7232   8.0858
 -0.6400  -4.0197  -1.3644   6.7570
 -0.4394  -2.9317  -0.9642   5.0393
 -0.2259  -1.6094  -0.5131   2.8301
