  3.2844   3.8569  16.8852  17.4344
  3.7247   4.1055  18.5030  20.4508
  3.5291   4.1497  19.0548  20.6768
  2.7286   4.2978  19.6284  20.3541
  3.3700   4.0213  19.9197  20.0958
  3.4024   3.9193  19.6700  20.1155
  3.3587   3.8379  19.5131  20.0815
  3.2771   3.7670  19.3631  20.0439
  3.2419   3.6793  19.2145  20.0060
  3.4460   3.5297  19.0665  19.9683
  3.0836   3.5418  18.9200  19.9300
  3.0401   3.4641  18.7739  19.8922
  2.9968   3.3871  18.6284  19.8544
  2.9525   3.3110  18.4838  19.8166
  3.1736   3.1613  18.3394  19.7792
  2.8445   3.1662  18.1966  19.7412
  3.0441   3.0240  18.0537  19.7038
  2.7408   3.0226  17.9122  19.6659
  2.6872   2.9521  17.7711  19.6284
  2.8141   2.8319  17.6304  19.5911
  1.8726   3.0077  17.4920  19.5525
  2.0743   2.8662  17.3526  19.5154
  2.3470   2.7085  17.2137  19.4783
  2.4064   2.5960  17.0760  19.4411
  2.5218   2.4850  16.9389  19.4039
  2.4724   2.4209  16.8027  19.3666
  2.2453   2.4042  16.6674  19.3291
  2.2134   2.3348  16.5325  19.2919
  2.2928   2.2362  16.3982  19.2548
  2.2345   2.1746  16.2647  19.2176
  2.1790   2.1127  16.1318  19.1804
  2.0200   2.0782  15.9998  19.1431
  1.9673   2.0161  15.8683  19.1060
  1.9149   1.9544  15.7375  19.0688
  1.9450   1.8727  15.6073  19.0318
  1.8942   1.8133  15.4778  18.9948
  1.8397   1.7565  15.3491  18.9577
  1.7906   1.7000  15.2209  18.9206
  1.6584   1.6652  15.0936  18.8834
  1.6838   1.5906  14.9667  18.8465
  1.4063   1.5935  14.8408  18.8092
  0.9355   1.6432  14.7158  18.7716
  1.5066   1.4318  14.5903  18.7353
  1.4442   1.3823  14.4662  18.6982
  1.4285   1.3198  14.3427  18.6612
  1.3712   1.2683  14.2200  18.6241
  1.3179   1.2163  14.0980  18.5870
  1.2651   1.1646  13.9766  18.5499
  1.2305   1.1090  13.8559  18.5128
  1.1785   1.0580  13.7359  18.4756
  1.1296   1.0067  13.6165  18.4385
  1.0859   0.9547  13.4979  18.4013
  1.0367   0.9043  13.3799  18.3641
  0.9872   0.8545  13.2626  18.3268
  0.9363   0.8053  13.1460  18.2895
  0.8812   0.7575  13.0301  18.2522
  0.8173   0.7121  12.9148  18.2148
  0.7452   0.6689  12.8003  18.1774
  0.6698   0.6268  12.6864  18.1399
  0.5937   0.5852  12.5732  18.1024
  0.5178   0.5439  12.4608  18.0649
  0.4426   0.5028  12.3490  18.0273
  0.3683   0.4620  12.2379  17.9896
  0.2951   0.4214  12.1276  17.9519
  0.2242   0.3818  12.0179  17.9141
  0.2527   0.4069  11.9089  17.8765
  0.3586   0.4826  11.8005  17.8390
  0.3759   0.4996  11.6929  17.8012
  0.3902   0.5143  11.5860  17.7634
  0.2633   0.6553  11.4799  17.7254
  0.2851   0.6357  11.3744  17.6874
  0.3080   0.6153  11.2695  17.6493
  0.3248   0.6017  11.1654  17.6111
  0.3362   0.5937  11.0620  17.5729
  0.2974   0.6371  10.9593  17.5345
  0.3467   0.5907  10.8573  17.4961
  0.3530   0.5882  10.7560  17.4576
  0.3563   0.5887  10.6554  17.4191
  0.3596   0.5892  10.5555  17.3804
  0.3628   0.5897  10.4563  17.3417
  0.3660   0.5903  10.3578  17.3028
  0.3692   0.5909  10.2600  17.2639
  0.3724   0.5913  10.1629  17.2249
  0.3757   0.5917  10.0664  17.1858
  0.3961   0.5760   9.9706  17.1467
  0.3955   0.5801   9.8755  17.1074
  0.3997   0.5796   9.7810  17.0681
  0.4098   0.5738   9.6872  17.0287
  0.4211   0.5669   9.5940  16.9892
 -0.8536   1.7771   9.4971  16.9484
  0.4708   0.5161   9.4118  16.9101
  0.4954   0.5109   9.3207  16.8704
  0.5116   0.5005   9.2301  16.8306
  0.5305   0.4873   9.1401  16.7907
  0.5860   0.4336   9.0505  16.7508
  0.5921   0.4272   8.9617  16.7109
  0.5856   0.4020   8.8734  16.6708
  0.5189   0.3034   8.7852  16.6305
  0.4756   0.2739   8.6982  16.5905
  0.5427   0.3439   8.6126  16.5509
  0.4432   0.2349   8.5261  16.5106
  0.4367   0.2256   8.4411  16.4708
  0.4449   0.2334   8.3567  16.4312
  0.4620   0.2432   8.2729  16.3916
  0.4639   0.2559   8.1895  16.3521
  0.4777   0.2670   8.1065  16.3126
  0.4896   0.2785   8.0238  16.2733
  0.5017   0.2898   7.9414  16.2342
  0.5295   0.2989   7.8592  16.1952
 -1.0058   0.7637   7.7714  16.1537
  0.1926  -0.0564   7.6989  16.1201
  0.4353   0.2125   7.6224  16.0863
  0.2052  -0.0441   7.5443  16.0491
  0.2331  -0.0250   7.4653  16.0151
  0.2877   0.0447   7.3859  15.9815
  0.2710   0.0065   7.3061  15.9501
  0.3249   0.0832   7.2251  15.9220
  0.2167  -0.0411   7.1427  15.9015
  0.2103  -0.0457   7.0522  15.8934
  0.0000   0.0000   0.0000   0.0000
  1.4182  -1.0459  10.4903  12.6272
  1.5033  -1.0499  12.4020  14.4623
  1.4727  -0.9431  12.5524  14.8826
  1.4330  -0.8375  12.7654  14.9410
  1.3935  -0.7429  12.6488  15.0862
  1.3554  -0.6586  12.7038  15.1495
  1.3185  -0.5838  12.7239  15.2259
  1.2828  -0.5175  12.7612  15.2955
  1.2480  -0.4588  12.8071  15.3613
  1.2142  -0.4068  12.9408  15.3912
  1.1812  -0.3608  13.0536  15.4302
  1.1488  -0.3202  13.1211  15.4883
  1.1168  -0.2846  13.0282  15.6115
  1.0854  -0.2531  12.9735  15.7187
  1.0549  -0.2252  13.2321  15.7008
  1.0244  -0.2007  13.2580  15.7764
  0.9940  -0.1794  13.0829  15.9313
  0.9642  -0.1606  13.1148  16.0042
  0.9346  -0.1440  13.1486  16.0763
  0.9052  -0.1296  13.1755  16.1513
  0.8762  -0.1168  13.4272  16.1399
  0.8470  -0.1058  13.4383  16.2217
  0.8180  -0.0962  13.4509  16.3028
  0.7890  -0.0878  13.4650  16.3835
  0.7601  -0.0806  13.4803  16.4636
  0.7312  -0.0743  13.4968  16.5433
  0.7024  -0.0689  13.5143  16.6227
  0.6735  -0.0642  13.5327  16.7017
  0.6447  -0.0603  13.5518  16.7804
  0.6158  -0.0569  13.5717  16.8588
  0.5868  -0.0541  13.5921  16.9371
  0.5579  -0.0517  13.6130  17.0151
  0.5289  -0.0497  13.6343  17.0930
  0.4998  -0.0481  13.6559  17.1708
  0.4707  -0.0467  13.6777  17.2484
  0.4415  -0.0457  13.6997  17.3259
  0.4122  -0.0449  13.7217  17.4034
  0.3829  -0.0443  13.7438  17.4808
  0.3535  -0.0438  13.7658  17.5581
  0.3240  -0.0435  13.7876  17.6354
  0.2945  -0.0434  13.8093  17.7126
  0.2649  -0.0433  13.8307  17.7898
  0.2352  -0.0433  13.8519  17.8670
  0.2055  -0.0434  13.8727  17.9442
  0.1757  -0.0436  13.8932  18.0213
  0.1458  -0.0438  13.9132  18.0983
  0.1158  -0.0440  13.9328  18.1753
  0.0858  -0.0442  13.9518  18.2523
  0.0558  -0.0444  13.9704  18.3292
  0.0256  -0.0446  13.9883  18.4061
 -0.0045  -0.0447  14.0057  18.4828
 -0.0348  -0.0449  14.0224  18.5595
 -0.0651  -0.0449  14.0385  18.6361
 -0.0954  -0.0450  14.0539  18.7126
 -0.1258  -0.0449  14.0686  18.7889
 -0.1563  -0.0448  14.0826  18.8651
 -0.1868  -0.0445  14.0959  18.9412
 -0.2173  -0.0442  14.1083  19.0170
 -0.2479  -0.0437  14.1200  19.0927
 -0.2785  -0.0431  14.1308  19.1681
 -0.3092  -0.0424  14.1409  19.2433
 -0.3399  -0.0414  14.1501  19.3183
 -0.3706  -0.0403  14.1584  19.3929
 -0.4014  -0.0390  14.1659  19.4673
 -0.4322  -0.0375  14.1725  19.5413
 -0.4631  -0.0357  14.1782  19.6149
 -0.4940  -0.0337  14.1829  19.6882
 -0.5250  -0.0314  14.1868  19.7610
 -0.5560  -0.0287  14.1897  19.8335
 -0.5871  -0.0257  14.1917  19.9054
 -0.6182  -0.0223  14.1926  19.9769
 -0.6494  -0.0184  14.1927  20.0478
 -0.6807  -0.0141  14.1917  20.1182
 -0.7120  -0.0093  14.1897  20.1879
 -0.7434  -0.0039  14.1868  20.2571
 -0.7749   0.0021  14.1828  20.3256
 -0.8064   0.0088  14.1777  20.3933
 -0.8381   0.0162  14.1717  20.4604
 -0.8699   0.0245  14.1645  20.5267
 -0.9017   0.0337  14.1563  20.5921
 -0.9337   0.0439  14.1470  20.6567
 -0.9657   0.0552  14.1365  20.7204
 -0.9979   0.0677  14.1250  20.7832
 -1.0301   0.0816  14.1123  20.8449
 -1.0625   0.0970  14.0984  20.9056
 -1.0949   0.1140  14.0834  20.9652
 -1.1275   0.1328  14.0671  21.0236
 -1.1601   0.1536  14.0496  21.0808
 -1.1927   0.1765  14.0308  21.1366
 -1.2254   0.2020  14.0107  21.1910
 -1.2581   0.2300  13.9893  21.2439
 -1.2908   0.2611  13.9664  21.2952
 -1.3233   0.2954  13.9420  21.3446
 -1.3557   0.3334  13.9160  21.3921
 -1.3879   0.3753  13.8883  21.4374
 -1.4195   0.4217  13.8587  21.4802
 -1.4501   0.4729  13.8269  21.5199
 -1.4789   0.5294  13.7923  21.5557
 -1.5019   0.5911  13.7541  21.5862
  0.2575   0.2922   5.7137  11.8202
  0.2587   0.2552   8.6211  12.1109
  0.2588   0.2213   8.6766  12.2297
  0.2590   0.1906   8.7334  12.3488
  0.2591   0.1629   8.7856  12.4677
  0.2593   0.1378   8.8383  12.5868
  0.2590   0.1146   7.5712  12.5790
  0.2596   0.0952   8.9446  12.8253
  0.2597   0.0774   8.9926  12.9444
  0.2599   0.0611   9.0416  13.0636
  0.2601   0.0465   9.0909  13.1830
  0.2603   0.0331   9.1398  13.3023
  0.2605   0.0210   9.1885  13.4218
  0.2591   0.0090   5.8802  13.2203
  0.2607   0.0002   9.2784  13.6606
  0.2608  -0.0087   9.3205  13.7796
  0.2609  -0.0168   9.3644  13.8987
  0.2609  -0.0242   9.4083  14.0180
  0.2610  -0.0310   9.4516  14.1372
  0.2611  -0.0371   9.4939  14.2563
  0.2611  -0.0427   9.5349  14.3753
  0.2611  -0.0478   9.5744  14.4941
  0.2611  -0.0525   9.6127  14.6128
  0.2610  -0.0567   9.6500  14.7313
  0.2610  -0.0606   9.6864  14.8497
  0.2609  -0.0641   9.7219  14.9680
  0.2608  -0.0674   9.7567  15.0861
  0.2607  -0.0704   9.7908  15.2041
  0.2606  -0.0731   9.8241  15.3218
  0.2605  -0.0756   9.8566  15.4394
  0.2603  -0.0780   9.8911  15.5572
  0.2602  -0.0801   9.9224  15.6743
  0.2600  -0.0821   9.9503  15.7909
  0.2598  -0.0840   9.9800  15.9076
  0.2596  -0.0857  10.0082  16.0238
  0.2593  -0.0874  10.0345  16.1396
  0.2591  -0.0889  10.0586  16.2548
  0.2588  -0.0903  10.0818  16.3697
  0.2586  -0.0917  10.1040  16.4841
  0.2583  -0.0929  10.1252  16.5981
  0.2580  -0.0941  10.1454  16.7116
  0.2576  -0.0952  10.1650  16.8248
  0.2573  -0.0962  10.1829  16.9372
  0.2570  -0.0972  10.1997  17.0491
  0.2566  -0.0982  10.2155  17.1605
  0.2562  -0.0991  10.2299  17.2712
  0.2559  -0.0999  10.2433  17.3812
  0.2554  -0.1008  10.2555  17.4906
  0.2550  -0.1016  10.2665  17.5992
  0.2546  -0.1023  10.2763  17.7070
  0.2542  -0.1031  10.2848  17.8140
  0.2537  -0.1038  10.2912  17.9199
  0.2532  -0.1045  10.2977  18.0253
  0.2527  -0.1051  10.3020  18.1296
  0.2522  -0.1057  10.3045  18.2330
  0.2517  -0.1063  10.3069  18.3352
  0.2511  -0.1069  10.3068  18.4363
  0.2506  -0.1075  10.3063  18.5365
  0.2500  -0.1081  10.3035  18.6353
  0.2494  -0.1086  10.2994  18.7329
  0.2488  -0.1092  10.2938  18.8292
  0.2482  -0.1098  10.2873  18.9241
  0.2475  -0.1103  10.2785  19.0177
  0.2469  -0.1109  10.2686  19.1098
  0.2462  -0.1114  10.2568  19.2001
  0.2454  -0.1119  10.2437  19.2891
  0.2447  -0.1124  10.2291  19.3764
  0.2439  -0.1128  10.2127  19.4620
  0.2431  -0.1132  10.1947  19.5458
  0.2422  -0.1134  10.1758  19.6279
  0.2403  -0.1161   7.4670  19.0214
  0.2381  -0.1223   2.6128  17.6203
  0.2368  -0.1259   2.2642  17.5852
  0.2353  -0.1306   1.9398  17.5529
  0.2337  -0.1364   1.6174  17.5177
  0.2341  -0.1358  10.0366  20.1041
  0.2303  -0.1512   1.2079  17.4967
  0.2281  -0.1609   0.6181  17.3759
  0.2256  -0.1722   0.2286  17.3111
  0.0000   0.0000   0.0000   0.0000
 -2.3926   0.6970  -0.7546  -4.1510
 -2.3227   0.5541  -0.8577  -3.2899
 -2.2544   0.4418  -0.9262  -2.6129
 -2.1876   0.3537  -0.9672  -2.0804
 -2.1220   0.2844  -0.9866  -1.6614
 -2.0574   0.2299  -0.9890  -1.3312
 -1.9939   0.1870  -0.9783  -1.0704
 -1.9312   0.1533  -0.9576  -0.8641
 -1.8692   0.1266  -0.9291  -0.7003
 -1.8080   0.1056  -0.8948  -0.5699
 -1.7474   0.0889  -0.8562  -0.4656
 -1.6873   0.0757  -0.8144  -0.3819
 -1.6277   0.0652  -0.7704  -0.3143
 -1.5686   0.0569  -0.7248  -0.2594
 -1.5099   0.0502  -0.6783  -0.2145
 -1.4516   0.0449  -0.6311  -0.1776
 -1.3935   0.0406  -0.5837  -0.1469
 -1.3358   0.0372  -0.5364  -0.1213
 -1.2782   0.0345  -0.4892  -0.0997
 -1.2209   0.0324  -0.4425  -0.0812
 -1.1637   0.0307  -0.3962  -0.0653
 -1.1066   0.0293  -0.3505  -0.0515
 -1.0496   0.0284  -0.3055  -0.0393
 -0.9926   0.0277  -0.2612  -0.0286
 -0.9357   0.0272  -0.2177  -0.0189
 -0.8787   0.0270  -0.1749  -0.0102
 -0.8217   0.0270  -0.1329  -0.0023
 -0.7645   0.0272  -0.0917   0.0050
 -0.7073   0.0276  -0.0514   0.0117
 -0.6499   0.0281  -0.0119   0.0179
 -0.5923   0.0289   0.0269   0.0237
 -0.5345   0.0298   0.0648   0.0291
 -0.4764   0.0309   0.1018   0.0342
 -0.4181   0.0322   0.1381   0.0391
 -0.3594   0.0337   0.1736   0.0436
 -0.3004   0.0354   0.2083   0.0480
 -0.2411   0.0372   0.2422   0.0521
 -0.1813   0.0392   0.2754   0.0560
 -0.1211   0.0414   0.3078   0.0597
 -0.0604   0.0439   0.3395   0.0632
  0.0008   0.0465   0.3704   0.0666
  0.0625   0.0493   0.4006   0.0698
  0.1248   0.0523   0.4302   0.0729
  0.1876   0.0554   0.4590   0.0759
  0.2511   0.0588   0.4872   0.0788
  0.3152   0.0624   0.5148   0.0815
  0.3800   0.0661   0.5417   0.0842
  0.4455   0.0700   0.5680   0.0869
  0.5117   0.0741   0.5937   0.0895
  0.5787   0.0783   0.6188   0.0920
  0.6465   0.0826   0.6433   0.0946
  0.7151   0.0870   0.6674   0.0973
  0.7845   0.0915   0.6909   0.1000
  0.8548   0.0961   0.7139   0.1030
  0.9260   0.1006   0.7364   0.1061
  0.9982   0.1050   0.7584   0.1096
  1.0713   0.1092   0.7801   0.1135
  1.1454   0.1131   0.8013   0.1180
  1.2205   0.1167   0.8221   0.1233
  1.2967   0.1196   0.8426   0.1295
  1.3739   0.1217   0.8628   0.1369
  1.4522   0.1227   0.8827   0.1459
  1.5317   0.1223   0.9024   0.1568
  1.6123   0.1200   0.9218   0.1703
  1.6940   0.1153   0.9411   0.1869
  1.7770   0.1073   0.9603   0.2074
  1.8613   0.0954   0.9795   0.2329
  1.9468   0.0782   0.9988   0.2647
  2.0337   0.0543   1.0181   0.3042
  2.1219   0.0218   1.0378   0.3536
  2.2116  -0.0215   1.0578   0.4152
  2.3029  -0.0788   1.0784   0.4921
  2.3957  -0.1538   1.0997   0.5882
  2.4902  -0.2513   1.1220   0.7083
  2.5866  -0.3775   1.1455   0.8584
  2.6851  -0.5402   1.1706   1.0459
  2.7857  -0.7493   1.1977   1.2800
  2.8889  -1.0171   1.2272   1.5722
  2.9948  -1.3594   1.2597   1.9367
  0.0000   0.0000   0.0000   0.0000
 -6.7182  16.6289   1.2277  -0.4235
 -6.9334  16.6544   1.1762  -0.3679
 -7.1494  16.6777   1.1255  -0.3208
 -7.3660  16.6988   1.0755  -0.2806
 -7.5834  16.7175   1.0263  -0.2459
 -7.8015  16.7340   0.9777  -0.2159
 -8.0202  16.7482   0.9297  -0.1897
 -8.2395  16.7601   0.8823  -0.1668
 -8.4595  16.7697   0.8355  -0.1466
 -8.6800  16.7771   0.7891  -0.1289
 -8.9011  16.7821   0.7433  -0.1132
 -9.1228  16.7848   0.6980  -0.0994
 -9.3449  16.7852   0.6532  -0.0872
 -9.5675  16.7833   0.6088  -0.0765
 -9.7904  16.7791   0.5648  -0.0670
-10.0138  16.7726   0.5212  -0.0586
-10.2375  16.7638   0.4780  -0.0512
-10.4615  16.7527   0.4351  -0.0446
-10.6857  16.7393   0.3927  -0.0389
-10.9102  16.7236   0.3505  -0.0339
-11.1348  16.7056   0.3087  -0.0295
-11.3595  16.6853   0.2672  -0.0257
-11.5842  16.6628   0.2260  -0.0224
-11.8090  16.6380   0.1850  -0.0196
-12.0337  16.6109   0.1444  -0.0171
-12.2584  16.5815   0.1040  -0.0150
-12.4828  16.5499   0.0638  -0.0132
-12.7071  16.5161   0.0239  -0.0118
-12.9311  16.4801  -0.0157  -0.0105
-13.1548  16.4418  -0.0552  -0.0095
-13.3781  16.4013  -0.0945  -0.0087
-13.6010  16.3587  -0.1335  -0.0081
-13.8234  16.3138  -0.1724  -0.0076
-14.0452  16.2668  -0.2111  -0.0073
-14.2664  16.2177  -0.2496  -0.0071
-14.4870  16.1664  -0.2880  -0.0070
-14.7068  16.1129  -0.3262  -0.0070
-14.9258  16.0574  -0.3643  -0.0071
-15.1440  15.9997  -0.4023  -0.0072
-15.3612  15.9400  -0.4401  -0.0074
-15.5775  15.8781  -0.4779  -0.0077
-15.7927  15.8142  -0.5155  -0.0080
-16.0068  15.7483  -0.5530  -0.0084
-16.2198  15.6803  -0.5904  -0.0088
-16.4315  15.6102  -0.6278  -0.0092
-16.6420  15.5381  -0.6651  -0.0096
-16.8511  15.4640  -0.7023  -0.0101
-17.0587  15.3879  -0.7394  -0.0105
-17.2649  15.3097  -0.7765  -0.0110
-17.4696  15.2296  -0.8136  -0.0114
-17.6727  15.1474  -0.8506  -0.0118
-17.8741  15.0632  -0.8875  -0.0122
-18.0739  14.9770  -0.9245  -0.0125
-18.2718  14.8887  -0.9614  -0.0128
-18.4680  14.7985  -0.9983  -0.0130
-18.6622  14.7062  -1.0351  -0.0132
-18.8545  14.6118  -1.0720  -0.0133
-19.0448  14.5154  -1.1088  -0.0132
-19.2331  14.4168  -1.1456  -0.0131
-19.4193  14.3162  -1.1825  -0.0128
-19.6033  14.2134  -1.2193  -0.0123
-19.7852  14.1084  -1.2561  -0.0117
-19.9648  14.0012  -1.2929  -0.0108
-20.1421  13.8918  -1.3297  -0.0098
-20.3171  13.7801  -1.3665  -0.0084
-20.4897  13.6660  -1.4033  -0.0068
-20.6600  13.5495  -1.4401  -0.0049
-20.8278  13.4306  -1.4768  -0.0026
-20.9931  13.3091  -1.5136   0.0000
-21.1559  13.1851  -1.5503   0.0030
-21.3163  13.0583  -1.5870   0.0064
-21.4740  12.9288  -1.6237   0.0102
-21.6293  12.7964  -1.6604   0.0143
-21.7819  12.6610  -1.6970   0.0187
-21.9320  12.5226  -1.7335   0.0233
-22.0795  12.3809  -1.7700   0.0278
-22.2245  12.2360  -1.8064   0.0320
-22.3669  12.0875  -1.8427   0.0354
-22.5067  11.9355  -1.8789   0.0374
  0.0000   0.0000   0.0000   0.0000
  0.6240  -4.8586  -4.3153   0.8545
  0.4960  -3.7831  -4.1263   0.7166
  0.3848  -2.9334  -3.9421   0.5954
  0.2894  -2.2693  -3.7625   0.4927
  0.2079  -1.7537  -3.5873   0.4076
  0.1380  -1.3554  -3.4165   0.3380
  0.0777  -1.0486  -3.2498   0.2815
  0.0252  -0.8128  -3.0873   0.2358
 -0.0208  -0.6317  -2.9288   0.1988
 -0.0617  -0.4928  -2.7743   0.1690
 -0.0982  -0.3864  -2.6236   0.1447
 -0.1312  -0.3050  -2.4766   0.1250
 -0.1611  -0.2426  -2.3333   0.1088
 -0.1884  -0.1950  -2.1936   0.0955
 -0.2134  -0.1585  -2.0574   0.0845
 -0.2364  -0.1307  -1.9247   0.0752
 -0.2575  -0.1095  -1.7952   0.0674
 -0.2769  -0.0934  -1.6691   0.0609
 -0.2948  -0.0811  -1.5461   0.0553
 -0.3111  -0.0717  -1.4262   0.0505
 -0.3260  -0.0646  -1.3094   0.0464
 -0.3395  -0.0591  -1.1956   0.0429
 -0.3516  -0.0549  -1.0846   0.0400
 -0.3624  -0.0516  -0.9765   0.0375
 -0.3719  -0.0491  -0.8712   0.0354
 -0.3801  -0.0470  -0.7686   0.0337
 -0.3870  -0.0452  -0.6686   0.0324
 -0.3926  -0.0438  -0.5712   0.0314
 -0.3969  -0.0424  -0.4764   0.0307
 -0.3999  -0.0412  -0.3840   0.0304
 -0.4017  -0.0400  -0.2941   0.0303
 -0.4022  -0.0387  -0.2065   0.0306
 -0.4013  -0.0375  -0.1213   0.0312
 -0.3992  -0.0362  -0.0384   0.0320
 -0.3958  -0.0349   0.0422   0.0331
 -0.3910  -0.0335   0.1207   0.0345
 -0.3850  -0.0320   0.1969   0.0361
 -0.3776  -0.0304   0.2711   0.0380
 -0.3688  -0.0288   0.3431   0.0401
 -0.3587  -0.0271   0.4130   0.0425
 -0.3473  -0.0253   0.4809   0.0450
 -0.3345  -0.0234   0.5468   0.0478
 -0.3203  -0.0214   0.6107   0.0508
 -0.3047  -0.0194   0.6727   0.0539
 -0.2877  -0.0173   0.7326   0.0572
 -0.2693  -0.0151   0.7907   0.0606
 -0.2494  -0.0128   0.8469   0.0641
 -0.2281  -0.0103   0.9012   0.0677
 -0.2053  -0.0078   0.9536   0.0713
 -0.1810  -0.0052   1.0041   0.0750
 -0.1552  -0.0024   1.0529   0.0785
 -0.1279   0.0006   1.0998   0.0821
 -0.0991   0.0038   1.1449   0.0854
 -0.0687   0.0073   1.1882   0.0885
 -0.0367   0.0112   1.2297   0.0913
 -0.0032   0.0155   1.2695   0.0936
  0.0320   0.0204   1.3075   0.0953
  0.0688   0.0260   1.3438   0.0962
  0.1072   0.0325   1.3784   0.0961
  0.1473   0.0403   1.4114   0.0946
  0.1891   0.0495   1.4427   0.0915
  0.2325   0.0606   1.4725   0.0862
  0.2777   0.0741   1.5007   0.0781
  0.3246   0.0907   1.5275   0.0665
  0.3732   0.1111   1.5530   0.0503
  0.4236   0.1365   1.5772   0.0284
  0.4757   0.1681   1.6005  -0.0010
  0.5297   0.2075   1.6230  -0.0398
  0.5854   0.2568   1.6450  -0.0908
  0.6430   0.3185   1.6669  -0.1574
  0.7024   0.3959   1.6892  -0.2439
  0.7637   0.4930   1.7126  -0.3563
  0.8268   0.6145   1.7379  -0.5019
  0.8919   0.7664   1.7664  -0.6903
  0.9589   0.9558   1.7993  -0.9343
  1.0278   1.1906   1.8387  -1.2504
  1.0986   1.4797   1.8869  -1.6604
  1.1713   1.8320   1.9470  -2.1933
  1.2457   2.2544   2.0229  -2.8880
  0.0452  -0.0066  -0.1295  -0.0249
  0.0597  -0.0066  -0.1075  -0.0280
  0.0597  -0.0066  -0.1075  -0.0279
  0.0597  -0.0066  -0.1075  -0.0279
  0.0597  -0.0066  -0.1075  -0.0279
  0.0597  -0.0066  -0.1075  -0.0279
  0.0000   0.0000   0.0000   0.0000
  0.4414   0.1785  15.5929  29.1365
  0.4495   0.1649  15.4582  29.1388
  0.4574   0.1495  15.3215  29.1396
  0.4652   0.1335  15.1829  29.1387
  0.4728   0.1174  15.0423  29.1364
  0.4802   0.1017  14.8999  29.1326
  0.4876   0.0867  14.7556  29.1274
  0.4948   0.0725  14.6094  29.1208
  0.5019   0.0594  14.4615  29.1128
  0.5089   0.0473  14.3117  29.1035
  0.5159   0.0361  14.1602  29.0929
  0.5228   0.0260  14.0070  29.0810
  0.5296   0.0169  13.8521  29.0679
  0.5363   0.0086  13.6955  29.0536
  0.5431   0.0012  13.5374  29.0380
  0.5497  -0.0054  13.3776  29.0213
  0.5564  -0.0113  13.2163  29.0033
  0.5630  -0.0165  13.0535  28.9843
  0.5697  -0.0211  12.8892  28.9640
  0.5763  -0.0252  12.7234  28.9427
  0.5829  -0.0287  12.5563  28.9201
  0.5895  -0.0317  12.3879  28.8965
  0.5962  -0.0343  12.2181  28.8717
  0.6028  -0.0365  12.0471  28.8458
  0.6095  -0.0383  11.8749  28.8188
  0.6162  -0.0398  11.7015  28.7907
  0.6230  -0.0410  11.5271  28.7614
  0.6297  -0.0420  11.3515  28.7309
  0.6365  -0.0427  11.1750  28.6994
  0.6434  -0.0431  10.9975  28.6666
  0.6503  -0.0434  10.8191  28.6327
  0.6573  -0.0435  10.6398  28.5977
  0.6643  -0.0434  10.4598  28.5614
  0.6714  -0.0432  10.2791  28.5239
  0.6785  -0.0429  10.0976  28.4852
  0.6857  -0.0424   9.9156  28.4452
  0.6930  -0.0419   9.7330  28.4040
  0.7003  -0.0412   9.5499  28.3615
  0.7078  -0.0405   9.3664  28.3177
  0.7153  -0.0397   9.1826  28.2725
  0.7229  -0.0389   8.9984  28.2260
  0.7305  -0.0380   8.8141  28.1781
  0.7383  -0.0371   8.6295  28.1289
  0.7461  -0.0361   8.4448  28.0781
  0.7541  -0.0352   8.2602  28.0260
  0.7621  -0.0343   8.0755  27.9723
  0.7703  -0.0333   7.8910  27.9171
  0.7785  -0.0324   7.7066  27.8604
  0.7868  -0.0316   7.5224  27.8022
  0.7953  -0.0307   7.3386  27.7423
  0.8038  -0.0300   7.1551  27.6808
  0.8124  -0.0293   6.9721  27.6176
  0.8212  -0.0286   6.7895  27.5528
  0.8301  -0.0281   6.6075  27.4863
  0.8390  -0.0277   6.4262  27.4180
  0.8481  -0.0274   6.2455  27.3479
  0.8574  -0.0273   6.0656  27.2761
  0.8667  -0.0274   5.8865  27.2024
  0.8761  -0.0276   5.7082  27.1269
  0.8857  -0.0280   5.5309  27.0495
  0.8954  -0.0287   5.3546  26.9703
  0.9053  -0.0297   5.1792  26.8891
  0.9152  -0.0310   5.0050  26.8059
  0.9253  -0.0326   4.8319  26.7208
  0.9356  -0.0346   4.6599  26.6337
  0.9459  -0.0371   4.4892  26.5446
  0.9564  -0.0401   4.3197  26.4534
  0.9671  -0.0437   4.1515  26.3602
  0.9779  -0.0480   3.9846  26.2650
  0.9889  -0.0531   3.8191  26.1676
  1.0000  -0.0592   3.6549  26.0681
  1.0113  -0.0665   3.4921  25.9665
  1.0228  -0.0751   3.3308  25.8628
  1.0344  -0.0854   3.1708  25.7569
  1.0463  -0.0978   3.0123  25.6488
  1.0584  -0.1128   2.8552  25.5385
  1.0707  -0.1310   2.6995  25.4260
  1.0833  -0.1533   2.5452  25.3112
  1.0963  -0.1809   2.3924  25.1942
  0.0000   0.0000   0.0000   0.0000
 -1.6758   0.7535  -3.0657  -2.6476
 -1.6053   0.5793  -3.0134  -2.1468
 -1.5356   0.4517  -2.9524  -1.7212
 -1.4671   0.3527  -2.8839  -1.3765
 -1.3997   0.2765  -2.8095  -1.1010
 -1.3335   0.2178  -2.7305  -0.8828
 -1.2682   0.1728  -2.6482  -0.7112
 -1.2039   0.1382  -2.5637  -0.5767
 -1.1406   0.1116  -2.4776  -0.4716
 -1.0784   0.0912  -2.3906  -0.3894
 -1.0173   0.0755  -2.3033  -0.3252
 -0.9574   0.0634  -2.2159  -0.2748
 -0.8988   0.0541  -2.1287  -0.2351
 -0.8415   0.0468  -2.0419  -0.2037
 -0.7855   0.0411  -1.9556  -0.1786
 -0.7310   0.0367  -1.8700  -0.1584
 -0.6779   0.0332  -1.7850  -0.1419
 -0.6264   0.0304  -1.7009  -0.1282
 -0.5763   0.0282  -1.6175  -0.1167
 -0.5277   0.0264  -1.5348  -0.1067
 -0.4807   0.0250  -1.4530  -0.0980
 -0.4351   0.0238  -1.3720  -0.0903
 -0.3909   0.0229  -1.2919  -0.0832
 -0.3481   0.0221  -1.2125  -0.0767
 -0.3067   0.0215  -1.1340  -0.0706
 -0.2665   0.0210  -1.0563  -0.0649
 -0.2275   0.0206  -0.9795  -0.0594
 -0.1897   0.0203  -0.9034  -0.0541
 -0.1529   0.0201  -0.8282  -0.0491
 -0.1170   0.0199  -0.7538  -0.0443
 -0.0821   0.0198  -0.6801  -0.0396
 -0.0479   0.0198  -0.6073  -0.0351
 -0.0145   0.0198  -0.5351  -0.0308
  0.0183   0.0199  -0.4637  -0.0266
  0.0506   0.0200  -0.3930  -0.0226
  0.0824   0.0202  -0.3229  -0.0187
  0.1138   0.0203  -0.2534  -0.0150
  0.1449   0.0206  -0.1844  -0.0115
  0.1757   0.0208  -0.1160  -0.0081
  0.2064   0.0211  -0.0479  -0.0049
  0.2370   0.0215   0.0197  -0.0018
  0.2675   0.0218   0.0870   0.0012
  0.2981   0.0222   0.1541   0.0040
  0.3287   0.0226   0.2210   0.0068
  0.3594   0.0231   0.2879   0.0094
  0.3903   0.0236   0.3547   0.0119
  0.4214   0.0241   0.4215   0.0143
  0.4527   0.0246   0.4886   0.0167
  0.4843   0.0252   0.5559   0.0190
  0.5161   0.0257   0.6235   0.0212
  0.5482   0.0263   0.6915   0.0235
  0.5806   0.0269   0.7601   0.0256
  0.6134   0.0274   0.8293   0.0278
  0.6464   0.0279   0.8992   0.0300
  0.6798   0.0284   0.9699   0.0322
  0.7134   0.0288   1.0416   0.0345
  0.7473   0.0290   1.1143   0.0370
  0.7815   0.0291   1.1881   0.0395
  0.8158   0.0290   1.2632   0.0423
  0.8503   0.0285   1.3396   0.0454
  0.8848   0.0277   1.4175   0.0489
  0.9193   0.0263   1.4969   0.0530
  0.9538   0.0242   1.5781   0.0578
  0.9879   0.0212   1.6610   0.0636
  1.0218   0.0169   1.7458   0.0707
  1.0550   0.0110   1.8326   0.0796
  1.0876   0.0031   1.9215   0.0907
  1.1193  -0.0076   2.0126   0.1049
  1.1498  -0.0218   2.1060   0.1232
  1.1790  -0.0407   2.2017   0.1466
  1.2067  -0.0656   2.2998   0.1770
  1.2328  -0.0982   2.4004   0.2163
  1.2573  -0.1410   2.5033   0.2673
  1.2803  -0.1966   2.6088   0.3334
  1.3023  -0.2685   2.7166   0.4190
  1.3235  -0.3609   2.8268   0.5291
  1.3440  -0.4780   2.9395   0.6700
  0.0000   0.0000   0.0000   0.0000
 -6.6817  23.3121   1.3687  -0.2948
 -6.9595  23.2518   1.3096  -0.2576
 -7.2373  23.1885   1.2516  -0.2244
 -7.5152  23.1222   1.1947  -0.1945
 -7.7931  23.0528   1.1390  -0.1679
 -8.0710  22.9805   1.0842  -0.1440
 -8.3488  22.9052   1.0304  -0.1227
 -8.6265  22.8269   0.9775  -0.1037
 -8.9041  22.7457   0.9256  -0.0868
 -9.1815  22.6615   0.8745  -0.0717
 -9.4586  22.5744   0.8243  -0.0584
 -9.7355  22.4844   0.7749  -0.0465
-10.0119  22.3915   0.7262  -0.0360
-10.2879  22.2958   0.6783  -0.0268
-10.5634  22.1972   0.6311  -0.0186
-10.8384  22.0957   0.5846  -0.0115
-11.1127  21.9914   0.5387  -0.0052
-11.3863  21.8844   0.4935   0.0003
-11.6591  21.7746   0.4489   0.0050
-11.9310  21.6621   0.4049   0.0092
-12.2020  21.5469   0.3614   0.0127
-12.4720  21.4290   0.3185   0.0157
-12.7410  21.3086   0.2760   0.0183
-13.0087  21.1855   0.2341   0.0205
-13.2752  21.0600   0.1926   0.0224
-13.5404  20.9319   0.1516   0.0239
-13.8041  20.8014   0.1110   0.0251
-14.0664  20.6685   0.0708   0.0261
-14.3271  20.5333   0.0310   0.0268
-14.5862  20.3958  -0.0085   0.0274
-14.8435  20.2561  -0.0476   0.0277
-15.0990  20.1142  -0.0864   0.0280
-15.3527  19.9703  -0.1248   0.0280
-15.6044  19.8242  -0.1630   0.0280
-15.8540  19.6762  -0.2010   0.0278
-16.1016  19.5262  -0.2386   0.0276
-16.3470  19.3744  -0.2761   0.0272
-16.5901  19.2208  -0.3134   0.0268
-16.8309  19.0654  -0.3504   0.0263
-17.0693  18.9084  -0.3873   0.0257
-17.3053  18.7497  -0.4240   0.0251
-17.5388  18.5896  -0.4606   0.0244
-17.7697  18.4279  -0.4971   0.0236
-17.9979  18.2648  -0.5334   0.0227
-18.2235  18.1004  -0.5697   0.0218
-18.4463  17.9347  -0.6059   0.0209
-18.6663  17.7678  -0.6420   0.0199
-18.8834  17.5997  -0.6781   0.0188
-19.0976  17.4305  -0.7142   0.0176
-19.3089  17.2602  -0.7503   0.0163
-19.5172  17.0890  -0.7863   0.0150
-19.7224  16.9168  -0.8224   0.0136
-19.9245  16.7437  -0.8585   0.0121
-20.1235  16.5697  -0.8947   0.0105
-20.3194  16.3950  -0.9309   0.0087
-20.5120  16.2195  -0.9671   0.0069
-20.7014  16.0432  -1.0035   0.0049
-20.8875  15.8663  -1.0399   0.0028
-21.0704  15.6887  -1.0764   0.0006
-21.2499  15.5105  -1.1131  -0.0018
-21.4261  15.3317  -1.1498  -0.0044
-21.5990  15.1523  -1.1867  -0.0072
-21.7684  14.9723  -1.2238  -0.0102
-21.9345  14.7918  -1.2610  -0.0134
-22.0972  14.6108  -1.2983  -0.0168
-22.2565  14.4292  -1.3358  -0.0205
-22.4124  14.2470  -1.3735  -0.0245
-22.5648  14.0644  -1.4113  -0.0287
-22.7139  13.8811  -1.4493  -0.0333
-22.8595  13.6973  -1.4876  -0.0382
-23.0017  13.5129  -1.5260  -0.0435
-23.1405  13.3280  -1.5646  -0.0492
-23.2759  13.1423  -1.6034  -0.0554
-23.4079  12.9560  -1.6425  -0.0620
-23.5366  12.7690  -1.6817  -0.0691
-23.6620  12.5812  -1.7212  -0.0767
-23.7840  12.3926  -1.7609  -0.0850
-23.9027  12.2032  -1.8008  -0.0939
-24.0182  12.0128  -1.8409  -0.1035
  0.0000   0.0000   0.0000   0.0000
 -0.9896  -4.4225  -3.8670   1.0598
 -1.0365  -3.5188  -3.7143   0.8785
 -1.0716  -2.7957  -3.5654   0.7197
 -1.0955  -2.2212  -3.4203   0.5852
 -1.1096  -1.7669  -3.2786   0.4734
 -1.1156  -1.4088  -3.1404   0.3816
 -1.1147  -1.1270  -3.0055   0.3067
 -1.1083  -0.9052  -2.8737   0.2458
 -1.0974  -0.7308  -2.7450   0.1963
 -1.0830  -0.5934  -2.6193   0.1560
 -1.0657  -0.4851  -2.4965   0.1232
 -1.0460  -0.3996  -2.3765   0.0963
 -1.0245  -0.3319  -2.2591   0.0742
 -1.0015  -0.2782  -2.1444   0.0558
 -0.9773  -0.2353  -2.0323   0.0406
 -0.9520  -0.2011  -1.9225   0.0278
 -0.9259  -0.1735  -1.8152   0.0170
 -0.8990  -0.1513  -1.7101   0.0078
 -0.8715  -0.1331  -1.6072  -0.0001
 -0.8435  -0.1183  -1.5065  -0.0068
 -0.8149  -0.1059  -1.4078  -0.0126
 -0.7859  -0.0956  -1.3111  -0.0176
 -0.7565  -0.0869  -1.2163  -0.0220
 -0.7266  -0.0795  -1.1233  -0.0257
 -0.6963  -0.0731  -1.0321  -0.0289
 -0.6657  -0.0675  -0.9427  -0.0315
 -0.6346  -0.0625  -0.8548  -0.0338
 -0.6032  -0.0580  -0.7685  -0.0356
 -0.5714  -0.0540  -0.6838  -0.0370
 -0.5392  -0.0503  -0.6005  -0.0380
 -0.5066  -0.0468  -0.5186  -0.0386
 -0.4736  -0.0436  -0.4381  -0.0389
 -0.4401  -0.0406  -0.3588  -0.0389
 -0.4063  -0.0377  -0.2808  -0.0384
 -0.3720  -0.0350  -0.2040  -0.0377
 -0.3373  -0.0324  -0.1283  -0.0366
 -0.3021  -0.0299  -0.0538  -0.0352
 -0.2664  -0.0274   0.0197  -0.0334
 -0.2302  -0.0251   0.0922  -0.0313
 -0.1936  -0.0228   0.1637  -0.0289
 -0.1564  -0.0206   0.2343  -0.0262
 -0.1186  -0.0185   0.3040  -0.0232
 -0.0804  -0.0163   0.3729  -0.0200
 -0.0415  -0.0143   0.4409  -0.0164
 -0.0020  -0.0122   0.5082  -0.0125
  0.0380  -0.0102   0.5747  -0.0084
  0.0787  -0.0082   0.6405  -0.0041
  0.1201  -0.0062   0.7056   0.0005
  0.1621  -0.0042   0.7700   0.0053
  0.2049  -0.0022   0.8338   0.0102
  0.2483  -0.0001   0.8970   0.0153
  0.2925   0.0021   0.9596   0.0205
  0.3375   0.0044   1.0217   0.0257
  0.3832   0.0069   1.0833   0.0309
  0.4298   0.0097   1.1443   0.0360
  0.4772   0.0128   1.2049   0.0409
  0.5255   0.0163   1.2650   0.0454
  0.5747   0.0203   1.3247   0.0495
  0.6248   0.0251   1.3841   0.0529
  0.6759   0.0308   1.4431   0.0553
  0.7279   0.0377   1.5017   0.0566
  0.7809   0.0461   1.5601   0.0561
  0.8350   0.0564   1.6183   0.0536
  0.8901   0.0692   1.6764   0.0482
  0.9463   0.0852   1.7344   0.0393
  1.0036   0.1050   1.7924   0.0257
  1.0621   0.1299   1.8507   0.0061
  1.1218   0.1610   1.9092  -0.0211
  1.1827   0.2001   1.9684  -0.0582
  1.2448   0.2492   2.0284  -0.1079
  1.3082   0.3108   2.0895  -0.1738
  1.3730   0.3880   2.1524  -0.2605
  1.4392   0.4846   2.2175  -0.3740
  1.5068   0.6053   2.2857  -0.5221
  1.5758   0.7552   2.3580  -0.7150
  1.6465   0.9406   2.4356  -0.9660
  1.7187   1.1678   2.5204  -1.2930
  1.7926   1.4424   2.6144  -1.7202
  1.8681   1.7681   2.7205  -2.2808
  0.0000   0.0000   0.0000   0.0000
  0.4545   0.1511  15.5497  28.1178
  0.4604   0.1395  15.4033  28.1101
  0.4662   0.1265  15.2552  28.1013
  0.4720   0.1130  15.1054  28.0913
  0.4776   0.0995  14.9540  28.0803
  0.4833   0.0864  14.8009  28.0681
  0.4888   0.0739  14.6462  28.0548
  0.4944   0.0621  14.4899  28.0405
  0.4999   0.0512  14.3321  28.0251
  0.5054   0.0411  14.1727  28.0087
  0.5108   0.0319  14.0118  27.9913
  0.5163   0.0236  13.8494  27.9728
  0.5217   0.0160  13.6855  27.9534
  0.5272   0.0092  13.5203  27.9330
  0.5326   0.0031  13.3536  27.9115
  0.5380  -0.0023  13.1856  27.8891
  0.5435  -0.0071  13.0162  27.8657
  0.5490  -0.0113  12.8456  27.8413
  0.5545  -0.0150  12.6737  27.8159
  0.5600  -0.0182  12.5006  27.7895
  0.5655  -0.0210  12.3263  27.7621
  0.5711  -0.0234  12.1508  27.7337
  0.5767  -0.0254  11.9743  27.7043
  0.5824  -0.0271  11.7967  27.6739
  0.5881  -0.0284  11.6181  27.6424
  0.5938  -0.0295  11.4385  27.6099
  0.5996  -0.0304  11.2580  27.5763
  0.6054  -0.0310  11.0765  27.5417
  0.6113  -0.0314  10.8943  27.5059
  0.6172  -0.0316  10.7113  27.4691
  0.6232  -0.0317  10.5275  27.4311
  0.6292  -0.0316  10.3431  27.3920
  0.6353  -0.0314  10.1580  27.3517
  0.6415  -0.0311   9.9724  27.3102
  0.6477  -0.0306   9.7862  27.2675
  0.6540  -0.0301   9.5996  27.2236
  0.6604  -0.0295   9.4125  27.1784
  0.6668  -0.0288   9.2252  27.1319
  0.6733  -0.0281   9.0375  27.0841
  0.6799  -0.0274   8.8496  27.0350
  0.6866  -0.0266   8.6616  26.9846
  0.6933  -0.0257   8.4735  26.9327
  0.7002  -0.0249   8.2853  26.8794
  0.7071  -0.0241   8.0972  26.8247
  0.7141  -0.0233   7.9092  26.7686
  0.7211  -0.0225   7.7213  26.7109
  0.7283  -0.0218   7.5337  26.6517
  0.7355  -0.0211   7.3463  26.5910
  0.7429  -0.0204   7.1594  26.5287
  0.7503  -0.0199   6.9728  26.4649
  0.7578  -0.0194   6.7867  26.3994
  0.7655  -0.0190   6.6012  26.3322
  0.7732  -0.0188   6.4164  26.2634
  0.7810  -0.0186   6.2322  26.1929
  0.7890  -0.0187   6.0487  26.1206
  0.7970  -0.0189   5.8661  26.0466
  0.8051  -0.0193   5.6843  25.9709
  0.8134  -0.0200   5.5035  25.8933
  0.8218  -0.0209   5.3236  25.8140
  0.8302  -0.0220   5.1448  25.7328
  0.8388  -0.0236   4.9671  25.6498
  0.8475  -0.0254   4.7905  25.5649
  0.8564  -0.0277   4.6151  25.4782
  0.8653  -0.0304   4.4410  25.3895
  0.8744  -0.0337   4.2681  25.2989
  0.8836  -0.0375   4.0965  25.2064
  0.8930  -0.0420   3.9263  25.1120
  0.9025  -0.0473   3.7575  25.0156
  0.9121  -0.0534   3.5901  24.9172
  0.9219  -0.0605   3.4241  24.8168
  0.9319  -0.0688   3.2596  24.7145
  0.9420  -0.0784   3.0966  24.6101
  0.9523  -0.0896   2.9350  24.5037
  0.9628  -0.1028   2.7750  24.3953
  0.9735  -0.1181   2.6165  24.2849
  0.9844  -0.1363   2.4595  24.1724
  0.9956  -0.1578   2.3040  24.0579
  1.0070  -0.1835   2.1501  23.9412
  1.0188  -0.2145   1.9976  23.8225
  0.0000   0.0000   0.0000   0.0000
 -1.7795   0.7359  -2.8808  -2.4495
 -1.7082   0.5743  -2.8285  -1.9799
 -1.6391   0.4479  -2.7704  -1.6075
 -1.5718   0.3492  -2.7079  -1.3117
 -1.5061   0.2722  -2.6417  -1.0762
 -1.4421   0.2122  -2.5728  -0.8882
 -1.3795   0.1654  -2.5018  -0.7378
 -1.3182   0.1291  -2.4294  -0.6171
 -1.2582   0.1010  -2.3560  -0.5199
 -1.1995   0.0792  -2.2821  -0.4412
 -1.1419   0.0623  -2.2078  -0.3774
 -1.0854   0.0493  -2.1334  -0.3253
 -1.0299   0.0394  -2.0591  -0.2826
 -0.9755   0.0318  -1.9851  -0.2473
 -0.9221   0.0261  -1.9114  -0.2180
 -0.8695   0.0218  -1.8380  -0.1934
 -0.8179   0.0186  -1.7651  -0.1727
 -0.7671   0.0163  -1.6927  -0.1551
 -0.7172   0.0147  -1.6207  -0.1399
 -0.6681   0.0136  -1.5492  -0.1268
 -0.6197   0.0129  -1.4782  -0.1153
 -0.5721   0.0125  -1.4077  -0.1052
 -0.5252   0.0124  -1.3375  -0.0961
 -0.4789   0.0125  -1.2678  -0.0880
 -0.4334   0.0128  -1.1985  -0.0806
 -0.3884   0.0132  -1.1295  -0.0738
 -0.3441   0.0136  -1.0609  -0.0675
 -0.3003   0.0142  -0.9925  -0.0616
 -0.2571   0.0148  -0.9244  -0.0561
 -0.2145   0.0154  -0.8564  -0.0509
 -0.1723   0.0161  -0.7887  -0.0460
 -0.1306   0.0168  -0.7210  -0.0413
 -0.0894   0.0175  -0.6535  -0.0367
 -0.0486   0.0183  -0.5860  -0.0324
 -0.0083   0.0191  -0.5184  -0.0281
  0.0317   0.0199  -0.4509  -0.0240
  0.0713   0.0207  -0.3832  -0.0200
  0.1105   0.0215  -0.3154  -0.0162
  0.1494   0.0224  -0.2474  -0.0124
  0.1880   0.0232  -0.1792  -0.0086
  0.2263   0.0240  -0.1107  -0.0050
  0.2643   0.0249  -0.0419  -0.0014
  0.3021   0.0258   0.0273   0.0021
  0.3396   0.0266   0.0969   0.0056
  0.3769   0.0275   0.1670   0.0090
  0.4141   0.0283   0.2376   0.0123
  0.4510   0.0292   0.3088   0.0156
  0.4879   0.0300   0.3806   0.0189
  0.5246   0.0308   0.4531   0.0221
  0.5612   0.0316   0.5264   0.0253
  0.5977   0.0323   0.6004   0.0285
  0.6341   0.0330   0.6752   0.0316
  0.6705   0.0336   0.7510   0.0348
  0.7068   0.0341   0.8277   0.0380
  0.7431   0.0345   0.9054   0.0412
  0.7795   0.0348   0.9842   0.0444
  0.8159   0.0348   1.0641   0.0478
  0.8523   0.0347   1.1452   0.0513
  0.8888   0.0342   1.2275   0.0551
  0.9254   0.0334   1.3112   0.0591
  0.9622   0.0320   1.3963   0.0635
  0.9990   0.0300   1.4828   0.0685
  1.0361   0.0273   1.5708   0.0742
  1.0733   0.0236   1.6604   0.0808
  1.1108   0.0186   1.7517   0.0887
  1.1485   0.0120   1.8448   0.0982
  1.1865   0.0034   1.9396   0.1097
  1.2249  -0.0077   2.0364   0.1239
  1.2636  -0.0222   2.1351   0.1415
  1.3027  -0.0407   2.2359   0.1636
  1.3424  -0.0645   2.3388   0.1912
  1.3826  -0.0949   2.4440   0.2259
  1.4234  -0.1338   2.5516   0.2698
  1.4650  -0.1834   2.6616   0.3251
  1.5075  -0.2466   2.7741   0.3951
  1.5510  -0.3271   2.8893   0.4836
  1.5957  -0.4294   3.0073   0.5956
  1.6417  -0.5591   3.1281   0.7371
  0.0000   0.0000   0.0000   0.0000
 -5.2750  23.6760   1.1430  -0.2200
 -5.5630  23.5979   1.0872  -0.1930
 -5.8511  23.5166   1.0329  -0.1698
 -6.1393  23.4323   0.9798  -0.1498
 -6.4275  23.3449   0.9279  -0.1323
 -6.7158  23.2544   0.8771  -0.1169
 -7.0040  23.1609   0.8274  -0.1035
 -7.2922  23.0644   0.7788  -0.0916
 -7.5802  22.9649   0.7312  -0.0813
 -7.8681  22.8624   0.6845  -0.0722
 -8.1557  22.7570   0.6388  -0.0643
 -8.4431  22.6486   0.5939  -0.0574
 -8.7301  22.5373   0.5499  -0.0514
 -9.0167  22.4231   0.5066  -0.0463
 -9.3028  22.3060   0.4642  -0.0418
 -9.5883  22.1861   0.4224  -0.0380
 -9.8733  22.0634   0.3814  -0.0348
-10.1576  21.9379   0.3410  -0.0321
-10.4411  21.8097   0.3012  -0.0298
-10.7238  21.6788   0.2621  -0.0280
-11.0057  21.5453   0.2236  -0.0264
-11.2865  21.4091   0.1856  -0.0252
-11.5664  21.2703   0.1481  -0.0243
-11.8452  21.1290   0.1112  -0.0236
-12.1228  20.9852   0.0747  -0.0231
-12.3991  20.8390   0.0386  -0.0227
-12.6742  20.6903   0.0030  -0.0226
-12.9479  20.5394  -0.0321  -0.0225
-13.2201  20.3861  -0.0670  -0.0226
-13.4908  20.2306  -0.1014  -0.0227
-13.7600  20.0729  -0.1355  -0.0229
-14.0275  19.9131  -0.1693  -0.0232
-14.2934  19.7512  -0.2029  -0.0235
-14.5574  19.5873  -0.2361  -0.0239
-14.8197  19.4214  -0.2691  -0.0243
-15.0800  19.2537  -0.3018  -0.0247
-15.3385  19.0841  -0.3344  -0.0251
-15.5949  18.9127  -0.3668  -0.0256
-15.8493  18.7397  -0.3989  -0.0260
-16.1016  18.5650  -0.4310  -0.0264
-16.3518  18.3886  -0.4629  -0.0268
-16.5997  18.2108  -0.4947  -0.0272
-16.8455  18.0315  -0.5264  -0.0275
-17.0889  17.8507  -0.5580  -0.0279
-17.3300  17.6686  -0.5895  -0.0282
-17.5688  17.4852  -0.6210  -0.0284
-17.8052  17.3005  -0.6525  -0.0286
-18.0391  17.1146  -0.6840  -0.0288
-18.2706  16.9276  -0.7155  -0.0289
-18.4995  16.7394  -0.7470  -0.0290
-18.7259  16.5502  -0.7785  -0.0290
-18.9498  16.3600  -0.8101  -0.0289
-19.1711  16.1688  -0.8418  -0.0287
-19.3897  15.9767  -0.8735  -0.0285
-19.6057  15.7837  -0.9053  -0.0282
-19.8191  15.5898  -0.9373  -0.0277
-20.0297  15.3951  -0.9693  -0.0272
-20.2377  15.1996  -1.0015  -0.0265
-20.4429  15.0033  -1.0339  -0.0257
-20.6454  14.8062  -1.0664  -0.0247
-20.8451  14.6084  -1.0990  -0.0236
-21.0421  14.4099  -1.1319  -0.0222
-21.2363  14.2107  -1.1649  -0.0206
-21.4276  14.0108  -1.1981  -0.0188
-21.6162  13.8102  -1.2316  -0.0167
-21.8020  13.6089  -1.2652  -0.0142
-21.9850  13.4070  -1.2991  -0.0115
-22.1652  13.2043  -1.3332  -0.0083
-22.3425  13.0009  -1.3676  -0.0047
-22.5171  12.7967  -1.4022  -0.0006
-22.6888  12.5918  -1.4370   0.0040
-22.8577  12.3862  -1.4721   0.0092
-23.0238  12.1797  -1.5075   0.0150
-23.1872  11.9724  -1.5431   0.0215
-23.3477  11.7643  -1.5790   0.0287
-23.5054  11.5552  -1.6152   0.0366
-23.6604  11.3452  -1.6517   0.0453
-23.8127  11.1341  -1.6885   0.0545
-23.9622  10.9221  -1.7255   0.0640
  0.0000   0.0000   0.0000   0.0000
  0.2625  -4.2690  -4.5574   0.6577
  0.1660  -3.4165  -4.3580   0.5563
  0.0761  -2.7251  -4.1633   0.4715
 -0.0065  -2.1692  -3.9731   0.4006
 -0.0818  -1.7252  -3.7876   0.3415
 -0.1503  -1.3723  -3.6065   0.2924
 -0.2126  -1.0928  -3.4299   0.2517
 -0.2694  -0.8722  -3.2576   0.2178
 -0.3214  -0.6986  -3.0896   0.1896
 -0.3691  -0.5621  -2.9257   0.1662
 -0.4131  -0.4551  -2.7660   0.1466
 -0.4536  -0.3714  -2.6102   0.1301
 -0.4911  -0.3060  -2.4583   0.1163
 -0.5258  -0.2551  -2.3103   0.1046
 -0.5580  -0.2155  -2.1659   0.0947
 -0.5877  -0.1848  -2.0252   0.0862
 -0.6151  -0.1611  -1.8880   0.0789
 -0.6404  -0.1429  -1.7542   0.0726
 -0.6637  -0.1290  -1.6238   0.0673
 -0.6849  -0.1184  -1.4967   0.0626
 -0.7041  -0.1104  -1.3727   0.0586
 -0.7213  -0.1044  -1.2519   0.0552
 -0.7367  -0.1000  -1.1340   0.0523
 -0.7501  -0.0967  -1.0191   0.0498
 -0.7616  -0.0944  -0.9071   0.0478
 -0.7711  -0.0928  -0.7979   0.0462
 -0.7788  -0.0917  -0.6915   0.0450
 -0.7845  -0.0910  -0.5877   0.0441
 -0.7882  -0.0905  -0.4865   0.0436
 -0.7899  -0.0901  -0.3879   0.0434
 -0.7896  -0.0899  -0.2918   0.0436
 -0.7873  -0.0896  -0.1982   0.0441
 -0.7828  -0.0893  -0.1069   0.0449
 -0.7762  -0.0889  -0.0181   0.0460
 -0.7675  -0.0883   0.0685   0.0474
 -0.7564  -0.0875   0.1528   0.0492
 -0.7431  -0.0865   0.2348   0.0512
 -0.7275  -0.0852   0.3147   0.0535
 -0.7094  -0.0836   0.3924   0.0560
 -0.6889  -0.0817   0.4679   0.0588
 -0.6658  -0.0793   0.5413   0.0619
 -0.6402  -0.0766   0.6127   0.0652
 -0.6118  -0.0733   0.6819   0.0687
 -0.5808  -0.0696   0.7492   0.0724
 -0.5470  -0.0653   0.8144   0.0763
 -0.5103  -0.0604   0.8776   0.0804
 -0.4708  -0.0550   0.9389   0.0846
 -0.4282  -0.0489   0.9981   0.0889
 -0.3827  -0.0422   1.0554   0.0932
 -0.3340  -0.0349   1.1108   0.0976
 -0.2822  -0.0270   1.1643   0.1019
 -0.2273  -0.0184   1.2158   0.1062
 -0.1692  -0.0092   1.2654   0.1103
 -0.1078   0.0006   1.3131   0.1141
 -0.0432   0.0110   1.3589   0.1177
  0.0246   0.0221   1.4029   0.1207
  0.0958   0.0338   1.4450   0.1231
  0.1702   0.0461   1.4852   0.1247
  0.2479   0.0592   1.5237   0.1252
  0.3288   0.0732   1.5603   0.1243
  0.4130   0.0881   1.5952   0.1217
  0.5004   0.1043   1.6283   0.1167
  0.5911   0.1220   1.6598   0.1089
  0.6849   0.1417   1.6897   0.0974
  0.7820   0.1640   1.7181   0.0812
  0.8822   0.1894   1.7451   0.0589
  0.9857   0.2190   1.7709   0.0290
  1.0923   0.2538   1.7958  -0.0107
  1.2021   0.2953   1.8199  -0.0631
  1.3152   0.3452   1.8438  -0.1316
  1.4314   0.4058   1.8679  -0.2209
  1.5510   0.4797   1.8929  -0.3370
  1.6738   0.5700   1.9197  -0.4877
  1.8000   0.6807   1.9494  -0.6833
  1.9296   0.8162   1.9837  -0.9374
  2.0626   0.9817   2.0245  -1.2681
  2.1992   1.1828   2.0745  -1.6997
  2.3393   1.4250   2.1369  -2.2657
  0.0000   0.0000   0.0000   0.0000
  0.3860   0.1666  15.6832  27.1266
  0.3949   0.1691  15.5274  27.1305
  0.4036   0.1660  15.3701  27.1330
  0.4123   0.1591  15.2113  27.1342
  0.4208   0.1499  15.0509  27.1340
  0.4294   0.1394  14.8891  27.1324
  0.4378   0.1281  14.7258  27.1296
  0.4462   0.1167  14.5611  27.1255
  0.4545   0.1055  14.3950  27.1201
  0.4628   0.0946  14.2275  27.1134
  0.4711   0.0844  14.0587  27.1055
  0.4794   0.0747  13.8886  27.0964
  0.4876   0.0658  13.7172  27.0861
  0.4958   0.0576  13.5445  27.0745
  0.5040   0.0501  13.3706  27.0617
  0.5121   0.0433  13.1955  27.0477
  0.5203   0.0372  13.0192  27.0326
  0.5285   0.0317  12.8418  27.0162
  0.5366   0.0267  12.6633  26.9986
  0.5448   0.0223  12.4837  26.9798
  0.5529   0.0185  12.3030  26.9598
  0.5611   0.0151  12.1213  26.9385
  0.5693   0.0121  11.9387  26.9161
  0.5775   0.0096  11.7551  26.8924
  0.5856   0.0074  11.5706  26.8675
  0.5938   0.0056  11.3852  26.8413
  0.6021   0.0040  11.1990  26.8139
  0.6103   0.0028  11.0120  26.7851
  0.6186   0.0018  10.8243  26.7551
  0.6268   0.0010  10.6358  26.7238
  0.6351   0.0005  10.4468  26.6911
  0.6435   0.0001  10.2571  26.6571
  0.6518  -0.0001  10.0668  26.6218
  0.6602  -0.0002   9.8760  26.5850
  0.6686  -0.0001   9.6847  26.5469
  0.6771   0.0001   9.4930  26.5073
  0.6855   0.0004   9.3010  26.4663
  0.6941   0.0008   9.1086  26.4238
  0.7026   0.0013   8.9160  26.3799
  0.7112   0.0018   8.7231  26.3344
  0.7198   0.0024   8.5301  26.2874
  0.7285   0.0029   8.3370  26.2388
  0.7372   0.0035   8.1438  26.1886
  0.7460   0.0041   7.9507  26.1369
  0.7548   0.0047   7.7576  26.0835
  0.7637   0.0052   7.5646  26.0285
  0.7726   0.0057   7.3718  25.9718
  0.7815   0.0061   7.1793  25.9133
  0.7905   0.0064   6.9870  25.8532
  0.7996   0.0066   6.7951  25.7913
  0.8087   0.0067   6.6036  25.7277
  0.8179   0.0066   6.4126  25.6623
  0.8271   0.0064   6.2221  25.5950
  0.8364   0.0059   6.0322  25.5260
  0.8458   0.0052   5.8430  25.4550
  0.8552   0.0042   5.6544  25.3822
  0.8647   0.0028   5.4666  25.3075
  0.8743   0.0011   5.2795  25.2309
  0.8839  -0.0010   5.0933  25.1524
  0.8936  -0.0036   4.9080  25.0719
  0.9034  -0.0067   4.7236  24.9895
  0.9132  -0.0105   4.5402  24.9050
  0.9232  -0.0149   4.3578  24.8186
  0.9332  -0.0202   4.1765  24.7302
  0.9433  -0.0264   3.9963  24.6397
  0.9535  -0.0336   3.8172  24.5472
  0.9638  -0.0421   3.6393  24.4527
  0.9741  -0.0520   3.4626  24.3560
  0.9846  -0.0636   3.2870  24.2573
  0.9953  -0.0771   3.1128  24.1565
  1.0060  -0.0929   2.9397  24.0536
  1.0169  -0.1114   2.7680  23.9486
  1.0280  -0.1333   2.5975  23.8414
  1.0392  -0.1592   2.4283  23.7321
  1.0506  -0.1899   2.2604  23.6206
  1.0623  -0.2267   2.0937  23.5069
  1.0742  -0.2709   1.9284  23.3910
  1.0865  -0.3246   1.7643  23.2729
  1.0992  -0.3900   1.6014  23.1526
  0.0000   0.0000   0.0000   0.0000
 -1.4672  -1.1207  -2.6269  -2.7330
 -1.4316  -0.7796  -2.5858  -2.2123
 -1.3933  -0.5419  -2.5355  -1.7955
 -1.3534  -0.3719  -2.4778  -1.4618
 -1.3128  -0.2479  -2.4141  -1.1942
 -1.2717  -0.1557  -2.3460  -0.9793
 -1.2307  -0.0864  -2.2745  -0.8065
 -1.1898  -0.0338  -2.2006  -0.6672
 -1.1491   0.0065  -2.1251  -0.5548
 -1.1088   0.0374  -2.0486  -0.4637
 -1.0690   0.0612  -1.9716  -0.3897
 -1.0295   0.0795  -1.8945  -0.3293
 -0.9905   0.0935  -1.8175  -0.2800
 -0.9519   0.1043  -1.7409  -0.2394
 -0.9138   0.1125  -1.6650  -0.2058
 -0.8761   0.1187  -1.5897  -0.1780
 -0.8388   0.1234  -1.5152  -0.1547
 -0.8019   0.1268  -1.4416  -0.1351
 -0.7653   0.1293  -1.3689  -0.1185
 -0.7291   0.1310  -1.2970  -0.1043
 -0.6931   0.1322  -1.2262  -0.0921
 -0.6575   0.1328  -1.1562  -0.0815
 -0.6220   0.1331  -1.0871  -0.0723
 -0.5868   0.1332  -1.0190  -0.0640
 -0.5518   0.1330  -0.9517  -0.0567
 -0.5169   0.1327  -0.8852  -0.0501
 -0.4822   0.1322  -0.8196  -0.0442
 -0.4475   0.1316  -0.7547  -0.0387
 -0.4129   0.1310  -0.6906  -0.0337
 -0.3783   0.1304  -0.6272  -0.0290
 -0.3438   0.1297  -0.5644  -0.0246
 -0.3091   0.1290  -0.5023  -0.0204
 -0.2745   0.1283  -0.4408  -0.0165
 -0.2397   0.1276  -0.3798  -0.0127
 -0.2048   0.1269  -0.3193  -0.0091
 -0.1697   0.1263  -0.2594  -0.0057
 -0.1344   0.1257  -0.1998  -0.0023
 -0.0989   0.1252  -0.1406   0.0009
 -0.0631   0.1247  -0.0818   0.0041
 -0.0270   0.1244  -0.0233   0.0072
  0.0095   0.1241   0.0349   0.0102
  0.0463   0.1240   0.0929   0.0132
  0.0836   0.1241   0.1507   0.0162
  0.1213   0.1245   0.2084   0.0191
  0.1595   0.1250   0.2659   0.0220
  0.1983   0.1260   0.3234   0.0249
  0.2377   0.1274   0.3809   0.0278
  0.2777   0.1294   0.4383   0.0306
  0.3185   0.1320   0.4959   0.0335
  0.3599   0.1355   0.5535   0.0365
  0.4022   0.1402   0.6112   0.0394
  0.4454   0.1462   0.6692   0.0424
  0.4894   0.1540   0.7273   0.0455
  0.5345   0.1640   0.7857   0.0487
  0.5806   0.1768   0.8445   0.0520
  0.6278   0.1930   0.9036   0.0556
  0.6762   0.2134   0.9631   0.0593
  0.7258   0.2392   1.0231   0.0633
  0.7767   0.2716   1.0835   0.0677
  0.8289   0.3122   1.1446   0.0726
  0.8825   0.3630   1.2063   0.0781
  0.9375   0.4263   1.2687   0.0843
  0.9939   0.5050   1.3318   0.0914
  1.0516   0.6026   1.3958   0.0998
  1.1106   0.7234   1.4606   0.1096
  1.1706   0.8729   1.5265   0.1214
  1.2312   1.0588   1.5934   0.1356
  1.2918   1.2940   1.6616   0.1528
  1.3508   1.6073   1.7311   0.1740
  1.4043   2.0906   1.8023   0.2002
  1.4287   3.3218   1.8779   0.2326
  1.4249   4.7063   1.9576   0.2722
  1.3657   6.2887   2.0442   0.3199
  1.2331   8.8332   2.1423   0.3768
  1.0895  10.7973   2.2472   0.4452
  1.0823   9.3208   2.3466   0.5284
  1.5462  -0.5188   2.4161   0.6323
  3.0908 -22.5297   2.4203   0.7674
  6.7074 -31.7872   2.3051   0.9524
 -3.0978   0.1410   0.0956  -0.0305
  0.0634  -0.0226  -0.0725  -0.0161
  0.0586  -0.0008  -0.0741  -0.0160
  0.0628  -0.0010  -0.0743  -0.0160
  0.0627  -0.0009  -0.0743  -0.0160
  0.0627  -0.0009  -0.0743  -0.0160
  0.0626  -0.0009  -0.0743  -0.0160
  0.0625  -0.0009  -0.0743  -0.0160
  0.0625  -0.0008  -0.0743  -0.0160
  0.0624  -0.0008  -0.0743  -0.0160
  0.0623  -0.0008  -0.0743  -0.0160
 -6.4955  23.4572   0.8937  -0.3773
 -6.7718  23.4358   0.8668  -0.3376
 -7.0506  23.4076   0.8388  -0.3026
 -7.3317  23.3728   0.8096  -0.2718
 -7.6151  23.3314   0.7795  -0.2446
 -7.9006  23.2837   0.7484  -0.2205
 -8.1879  23.2298   0.7165  -0.1993
 -8.4769  23.1697   0.6837  -0.1804
 -8.7674  23.1036   0.6502  -0.1637
 -9.0593  23.0315   0.6160  -0.1488
 -9.3525  22.9537   0.5812  -0.1356
 -9.6466  22.8702   0.5458  -0.1239
 -9.9416  22.7812   0.5099  -0.1136
-10.2374  22.6867   0.4736  -0.1043
-10.5336  22.5869   0.4368  -0.0962
-10.8302  22.4818   0.3997  -0.0889
-11.1270  22.3716   0.3623  -0.0824
-11.4238  22.2565   0.3246  -0.0767
-11.7204  22.1365   0.2867  -0.0715
-12.0168  22.0118   0.2487  -0.0670
-12.3126  21.8825   0.2105  -0.0629
-12.6078  21.7487   0.1723  -0.0593
-12.9022  21.6105   0.1340  -0.0560
-13.1956  21.4682   0.0957  -0.0531
-13.4880  21.3218   0.0575  -0.0504
-13.7790  21.1714   0.0193  -0.0480
-14.0686  21.0172  -0.0188  -0.0458
-14.3566  20.8594  -0.0567  -0.0437
-14.6429  20.6981  -0.0944  -0.0419
-14.9274  20.5334  -0.1319  -0.0401
-15.2098  20.3655  -0.1691  -0.0384
-15.4901  20.1946  -0.2061  -0.0369
-15.7682  20.0207  -0.2428  -0.0353
-16.0439  19.8441  -0.2791  -0.0339
-16.3170  19.6648  -0.3151  -0.0324
-16.5875  19.4830  -0.3508  -0.0310
-16.8553  19.2990  -0.3860  -0.0296
-17.1202  19.1127  -0.4208  -0.0282
-17.3822  18.9244  -0.4551  -0.0268
-17.6411  18.7342  -0.4890  -0.0254
-17.8968  18.5423  -0.5224  -0.0239
-18.1494  18.3487  -0.5553  -0.0224
-18.3985  18.1537  -0.5877  -0.0209
-18.6443  17.9573  -0.6195  -0.0194
-18.8866  17.7597  -0.6508  -0.0178
-19.1253  17.5611  -0.6815  -0.0162
-19.3604  17.3614  -0.7117  -0.0145
-19.5918  17.1609  -0.7412  -0.0128
-19.8195  16.9597  -0.7701  -0.0110
-20.0433  16.7578  -0.7984  -0.0092
-20.2633  16.5555  -0.8261  -0.0073
-20.4793  16.3527  -0.8531  -0.0053
-20.6915  16.1496  -0.8795  -0.0034
-20.8996  15.9462  -0.9052  -0.0013
-21.1037  15.7427  -0.9302   0.0008
-21.3038  15.5392  -0.9545   0.0030
-21.4998  15.3356  -0.9781   0.0052
-21.6916  15.1321  -1.0010   0.0075
-21.8794  14.9288  -1.0232   0.0098
-22.0630  14.7257  -1.0446   0.0122
-22.2425  14.5228  -1.0652   0.0147
-22.4179  14.3202  -1.0850   0.0172
-22.5891  14.1179  -1.1041   0.0198
-22.7561  13.9160  -1.1223   0.0225
-22.9191  13.7145  -1.1397   0.0252
-23.0779  13.5134  -1.1562   0.0279
-23.2325  13.3128  -1.1718   0.0306
-23.3831  13.1125  -1.1866   0.0333
-23.5297  12.9128  -1.2004   0.0360
-23.6722  12.7134  -1.2133   0.0386
-23.8106  12.5145  -1.2251   0.0410
-23.9451  12.3160  -1.2360   0.0431
-24.0757  12.1178  -1.2458   0.0447
-24.2023  11.9201  -1.2545   0.0457
-24.3251  11.7226  -1.2621   0.0457
-24.4441  11.5255  -1.2685   0.0444
-24.5593  11.3286  -1.2738   0.0412
-24.6708  11.1318  -1.2778   0.0354
-24.7786  10.9352  -1.2805   0.0258
  0.0000   0.0000   0.0000   0.0000
 12.4235 -32.3398  -4.6417  -0.4854
  6.1886 -27.2593  -4.3743  -0.1894
  2.2092 -12.4044  -4.2055  -0.0416
 -0.2011  -2.6973  -4.0703   0.0344
 -1.5708   3.1140  -3.9370   0.0740
 -2.2456   6.3130  -3.7944   0.0949
 -2.4722   7.5817  -3.6414   0.1059
 -2.4374   7.4112  -3.4808   0.1114
 -2.2815   6.3052  -3.3163   0.1137
 -2.1307   5.2177  -3.1504   0.1145
 -1.9898   4.1452  -2.9855   0.1143
 -1.8991   3.5787  -2.8214   0.1135
 -1.8241   3.1502  -2.6598   0.1122
 -1.7609   2.8251  -2.5014   0.1106
 -1.7040   2.5525  -2.3468   0.1086
 -1.6496   2.2961  -2.1961   0.1063
 -1.5958   2.0408  -2.0495   0.1037
 -1.5412   1.7824  -1.9069   0.1009
 -1.4856   1.5227  -1.7683   0.0979
 -1.4289   1.2690  -1.6334   0.0948
 -1.3715   1.0308  -1.5020   0.0916
 -1.3134   0.8189  -1.3740   0.0885
 -1.2565   0.6532  -1.2491   0.0853
 -1.2008   0.5225  -1.1271   0.0823
 -1.1462   0.4194  -1.0081   0.0795
 -1.0927   0.3382  -0.8918   0.0768
 -1.0403   0.2742  -0.7784   0.0744
 -0.9887   0.2237  -0.6676   0.0721
 -0.9381   0.1839  -0.5595   0.0701
 -0.8883   0.1524  -0.4539   0.0683
 -0.8392   0.1276  -0.3508   0.0668
 -0.7907   0.1079  -0.2501   0.0655
 -0.7428   0.0923  -0.1517   0.0644
 -0.6953   0.0799  -0.0555   0.0637
 -0.6482   0.0702   0.0384   0.0632
 -0.6013   0.0624   0.1302   0.0629
 -0.5547   0.0562   0.2200   0.0630
 -0.5082   0.0513   0.3078   0.0634
 -0.4617   0.0474   0.3936   0.0641
 -0.4151   0.0443   0.4776   0.0651
 -0.3685   0.0418   0.5598   0.0664
 -0.3216   0.0397   0.6403   0.0681
 -0.2745   0.0381   0.7191   0.0702
 -0.2270   0.0367   0.7963   0.0727
 -0.1791   0.0355   0.8719   0.0756
 -0.1308   0.0345   0.9461   0.0791
 -0.0819   0.0337   1.0187   0.0831
 -0.0324   0.0329   1.0900   0.0877
  0.0177   0.0322   1.1600   0.0931
  0.0686   0.0315   1.2286   0.0994
  0.1202   0.0308   1.2961   0.1066
  0.1727   0.0301   1.3623   0.1151
  0.2261   0.0295   1.4274   0.1251
  0.2804   0.0287   1.4915   0.1369
  0.3358   0.0280   1.5545   0.1508
  0.3922   0.0271   1.6165   0.1675
  0.4498   0.0262   1.6775   0.1874
  0.5086   0.0252   1.7376   0.2116
  0.5686   0.0240   1.7968   0.2408
  0.6300   0.0227   1.8551   0.2766
  0.6927   0.0212   1.9125   0.3204
  0.7568   0.0195   1.9689   0.3745
  0.8225   0.0175   2.0242   0.4415
  0.8897   0.0153   2.0785   0.5252
  0.9585   0.0128   2.1313   0.6303
  1.0290   0.0100   2.1825   0.7635
  1.1012   0.0069   2.2315   0.9348
  1.1752   0.0035   2.2776   1.1589
  1.2508  -0.0002   2.3194   1.4609
  1.3280  -0.0042   2.3549   1.8979
  1.4067  -0.0084   2.3790   2.4621
  1.4864  -0.0130   2.3844   3.1393
  1.5662  -0.0186   2.3610   4.0635
  1.6451  -0.0266   2.2883   5.1156
  1.7208  -0.0410   2.1259   5.7349
  1.7901  -0.0720   1.8189   4.5458
  1.8519  -0.1388   1.3680  -0.2985
  1.9131  -0.2774   0.9252 -11.9101
  2.0005  -0.5531   0.9993 -30.4137
  0.1446   0.0172  -2.7907   0.0914
  0.0500  -0.0058  -0.1074  -0.0425
  0.0509  -0.0057  -0.1118  -0.0236
  0.0508  -0.0058  -0.1086  -0.0238
  0.0508  -0.0058  -0.1087  -0.0238
  0.0508  -0.0058  -0.1088  -0.0238
  0.0508  -0.0058  -0.1090  -0.0238
  0.0508  -0.0058  -0.1091  -0.0238
  0.0508  -0.0058  -0.1093  -0.0238
  0.0508  -0.0058  -0.1094  -0.0238
  0.0508  -0.0058  -0.1095  -0.0238
  0.0508  -0.0058  -0.1097  -0.0239
  0.0508  -0.0058  -0.1098  -0.0239
  0.0508  -0.0058  -0.1100  -0.0239
  0.0508  -0.0058  -0.1101  -0.0239
  0.0508  -0.0058  -0.1103  -0.0239
  1.1703   0.3357  19.4376  30.3871
  1.1284   0.2869  19.2168  30.3926
  1.0879   0.2437  18.9951  30.3968
  1.0489   0.2056  18.7727  30.3998
  1.0113   0.1718  18.5493  30.4015
  0.9752   0.1419  18.3252  30.4020
  0.9404   0.1153  18.1003  30.4014
  0.9070   0.0917  17.8745  30.3996
  0.8749   0.0707  17.6481  30.3968
  0.8441   0.0521  17.4208  30.3929
  0.8146   0.0356  17.1928  30.3880
  0.7864   0.0209  16.9641  30.3821
  0.7594   0.0078  16.7348  30.3752
  0.7337  -0.0038  16.5047  30.3674
  0.7091  -0.0140  16.2741  30.3587
  0.6857  -0.0231  16.0428  30.3490
  0.6635  -0.0312  15.8110  30.3385
  0.6425  -0.0382  15.5786  30.3272
  0.6226  -0.0445  15.3457  30.3149
  0.6038  -0.0499  15.1123  30.3019
  0.5862  -0.0547  14.8785  30.2880
  0.5696  -0.0589  14.6443  30.2732
  0.5542  -0.0624  14.4097  30.2576
  0.5399  -0.0655  14.1747  30.2412
  0.5266  -0.0681  13.9395  30.2238
  0.5145  -0.0704  13.7040  30.2057
  0.5034  -0.0722  13.4683  30.1866
  0.4934  -0.0737  13.2324  30.1667
  0.4844  -0.0749  12.9964  30.1458
  0.4766  -0.0758  12.7603  30.1240
  0.4698  -0.0764  12.5242  30.1012
  0.4641  -0.0768  12.2882  30.0774
  0.4594  -0.0770  12.0522  30.0526
  0.4558  -0.0770  11.8164  30.0267
  0.4533  -0.0769  11.5807  29.9997
  0.4519  -0.0765  11.3454  29.9716
  0.4516  -0.0761  11.1103  29.9423
  0.4523  -0.0754  10.8757  29.9118
  0.4541  -0.0747  10.6415  29.8800
  0.4570  -0.0738  10.4078  29.8469
  0.4610  -0.0729  10.1747  29.8124
  0.4660  -0.0719   9.9424  29.7765
  0.4722  -0.0707   9.7107  29.7391
  0.4795  -0.0695   9.4799  29.7002
  0.4879  -0.0683   9.2500  29.6598
  0.4973  -0.0670   9.0211  29.6177
  0.5079  -0.0656   8.7933  29.5739
  0.5196  -0.0642   8.5666  29.5283
  0.5324  -0.0628   8.3412  29.4809
  0.5464  -0.0614   8.1171  29.4317
  0.5614  -0.0599   7.8944  29.3806
  0.5776  -0.0585   7.6732  29.3274
  0.5949  -0.0571   7.4536  29.2722
  0.6134  -0.0557   7.2357  29.2149
  0.6330  -0.0544   7.0196  29.1555
  0.6537  -0.0531   6.8053  29.0939
  0.6755  -0.0519   6.5929  29.0300
  0.6985  -0.0508   6.3826  28.9638
  0.7226  -0.0499   6.1743  28.8952
  0.7479  -0.0490   5.9683  28.8243
  0.7743  -0.0483   5.7644  28.7509
  0.8019  -0.0478   5.5630  28.6750
  0.8306  -0.0475   5.3639  28.5966
  0.8604  -0.0474   5.1673  28.5156
  0.8914  -0.0475   4.9732  28.4321
  0.9235  -0.0480   4.7818  28.3460
  0.9568  -0.0487   4.5930  28.2573
  0.9912  -0.0498   4.4069  28.1659
  1.0267  -0.0512   4.2235  28.0719
  1.0634  -0.0530   4.0430  27.9752
  1.1013  -0.0551   3.8652  27.8759
  1.1402  -0.0577   3.6904  27.7739
  1.1804  -0.0608   3.5185  27.6693
  1.2216  -0.0642   3.3494  27.5620
  1.2640  -0.0680   3.1833  27.4520
  1.3075  -0.0722   3.0201  27.3395
  1.3521  -0.0767   2.8599  27.2243
  1.3978  -0.0814   2.7026  27.1065
  1.4447  -0.0861   2.5483  26.9862
  0.0000   0.0000   0.0000   0.0000
 -1.4316   0.5079  -2.1084 -32.4613
 -1.3609   0.4663  -4.0600 -30.9368
 -1.2819   0.4197  -4.9598 -10.7750
 -1.2014   0.3664  -4.9299   7.3538
 -1.1289   0.3097  -4.5391  11.5339
 -1.0666   0.2567  -4.1631   9.6699
 -1.0111   0.2124  -3.8672   7.1855
 -0.9595   0.1777  -3.6136   5.9874
 -0.9114   0.1497  -3.3923   4.9366
 -0.8660   0.1272  -3.1964   4.0222
 -0.8230   0.1090  -3.0200   3.2417
 -0.7819   0.0945  -2.8572   2.6642
 -0.7424   0.0830  -2.7052   2.2225
 -0.7044   0.0737  -2.5621   1.8731
 -0.6675   0.0662  -2.4264   1.5919
 -0.6318   0.0602  -2.2973   1.3622
 -0.5969   0.0554  -2.1739   1.1716
 -0.5627   0.0515  -2.0557   1.0112
 -0.5293   0.0484  -1.9420   0.8742
 -0.4964   0.0458  -1.8323   0.7551
 -0.4641   0.0438  -1.7263   0.6500
 -0.4321   0.0421  -1.6236   0.5557
 -0.4005   0.0407  -1.5236   0.4697
 -0.3693   0.0396  -1.4261   0.3898
 -0.3383   0.0387  -1.3306   0.3142
 -0.3075   0.0380  -1.2368   0.2412
 -0.2768   0.0374  -1.1441   0.1690
 -0.2462   0.0370  -1.0513   0.1442
 -0.2157   0.0367  -0.9592   0.1291
 -0.1853   0.0365  -0.8680   0.1185
 -0.1550   0.0364  -0.7775   0.1098
 -0.1248   0.0363  -0.6878   0.1023
 -0.0945   0.0363  -0.5988   0.0964
 -0.0643   0.0364  -0.5104   0.0914
 -0.0341   0.0365  -0.4226   0.0873
 -0.0039   0.0366  -0.3353   0.0837
  0.0264   0.0368  -0.2486   0.0806
  0.0567   0.0371  -0.1622   0.0780
  0.0871   0.0374  -0.0763   0.0757
  0.1176   0.0377   0.0093   0.0738
  0.1482   0.0380   0.0946   0.0721
  0.1789   0.0384   0.1796   0.0706
  0.2098   0.0389   0.2644   0.0694
  0.2408   0.0393   0.3490   0.0684
  0.2720   0.0398   0.4334   0.0675
  0.3033   0.0403   0.5177   0.0668
  0.3349   0.0409   0.6020   0.0664
  0.3666   0.0414   0.6861   0.0660
  0.3986   0.0419   0.7703   0.0658
  0.4309   0.0425   0.8544   0.0657
  0.4634   0.0430   0.9386   0.0658
  0.4962   0.0435   1.0229   0.0659
  0.5293   0.0439   1.1072   0.0661
  0.5627   0.0442   1.1917   0.0664
  0.5964   0.0444   1.2764   0.0667
  0.6304   0.0444   1.3612   0.0669
  0.6648   0.0442   1.4462   0.0670
  0.6996   0.0437   1.5315   0.0670
  0.7348   0.0429   1.6170   0.0667
  0.7704   0.0415   1.7028   0.0660
  0.8064   0.0395   1.7889   0.0647
  0.8428   0.0367   1.8752   0.0627
  0.8798   0.0329   1.9619   0.0598
  0.9172   0.0277   2.0490   0.0554
  0.9552   0.0209   2.1364   0.0494
  0.9937   0.0119   2.2241   0.0410
  1.0328   0.0003   2.3123   0.0297
  1.0726  -0.0148   2.4008   0.0145
  1.1131  -0.0341   2.4897  -0.0060
  1.1544  -0.0590   2.5790  -0.0333
  1.1966  -0.0908   2.6688  -0.0698
  1.2398  -0.1314   2.7590  -0.1188
  0.0000   0.0000   0.0000   0.0000
 -5.0179  21.9219   2.2126  -1.4072
 -5.2992  21.8828   2.1423  -1.2455
 -5.5807  21.8409   2.0728  -1.1000
 -5.8624  21.7959   2.0044  -0.9692
 -6.1442  21.7479   1.9369  -0.8515
 -6.4262  21.6970   1.8703  -0.7457
 -6.7082  21.6430   1.8046  -0.6506
 -6.9903  21.5861   1.7397  -0.5652
 -7.2724  21.5262   1.6756  -0.4884
 -7.5545  21.4634   1.6122  -0.4195
 -7.8364  21.3975   1.5495  -0.3577
 -8.1182  21.3287   1.4873  -0.3023
 -8.3998  21.2570   1.4258  -0.2526
 -8.6812  21.1823   1.3648  -0.2082
 -8.9622  21.1046   1.3042  -0.1684
 -9.2428  21.0241   1.2441  -0.1328
 -9.5230  20.9406   1.1843  -0.1010
 -9.8026  20.8543   1.1249  -0.0726
-10.0817  20.7651   1.0658  -0.0473
-10.3600  20.6731   1.0070  -0.0248
-10.6376  20.5782   0.9485  -0.0047
-10.9144  20.4806   0.8901   0.0131
-11.1903  20.3802   0.8320   0.0290
-11.4652  20.2772   0.7740   0.0430
-11.7390  20.1714   0.7162   0.0554
-12.0117  20.0630   0.6585   0.0664
-12.2831  19.9520   0.6009   0.0761
-12.5532  19.8384   0.5434   0.0846
-12.8219  19.7223   0.4860   0.0920
-13.0892  19.6038   0.4286   0.0985
-13.3549  19.4828   0.3713   0.1041
-13.6189  19.3595   0.3139   0.1090
-13.8812  19.2339   0.2566   0.1132
-14.1417  19.1060   0.1993   0.1168
-14.4004  18.9760   0.1420   0.1198
-14.6571  18.8438   0.0846   0.1222
-14.9117  18.7095   0.0272   0.1242
-15.1642  18.5732  -0.0302   0.1258
-15.4146  18.4350  -0.0878   0.1269
-15.6627  18.2949  -0.1454   0.1277
-15.9085  18.1529  -0.2032   0.1280
-16.1519  18.0092  -0.2610   0.1280
-16.3928  17.8638  -0.3189   0.1277
-16.6312  17.7168  -0.3770   0.1270
-16.8670  17.5682  -0.4353   0.1260
-17.1002  17.4181  -0.4936   0.1246
-17.3306  17.2666  -0.5522   0.1229
-17.5583  17.1136  -0.6109   0.1209
-17.7832  16.9594  -0.6698   0.1184
-18.0052  16.8039  -0.7289   0.1156
-18.2242  16.6471  -0.7882   0.1123
-18.4403  16.4893  -0.8477   0.1086
-18.6534  16.3303  -0.9074   0.1044
-18.8634  16.1703  -0.9674   0.0998
-19.0703  16.0093  -1.0276   0.0945
-19.2741  15.8474  -1.0881   0.0887
-19.4747  15.6845  -1.1488   0.0823
-19.6720  15.5208  -1.2097   0.0752
-19.8661  15.3563  -1.2710   0.0673
-20.0570  15.1910  -1.3325   0.0586
-20.2445  15.0250  -1.3943   0.0491
-20.4286  14.8582  -1.4563   0.0386
-20.6094  14.6907  -1.5187   0.0271
-20.7868  14.5226  -1.5814   0.0144
-20.9608  14.3538  -1.6444   0.0005
-21.1314  14.1844  -1.7077  -0.0147
-21.2985  14.0143  -1.7714  -0.0314
-21.4622  13.8437  -1.8354  -0.0497
-21.6224  13.6724  -1.8997  -0.0698
-21.7792  13.5005  -1.9643  -0.0917
-21.9324  13.3280  -2.0294  -0.1158
-22.0822  13.1549  -2.0947  -0.1421
-22.2285  12.9811  -2.1605  -0.1710
-22.3713  12.8066  -2.2267  -0.2026
-22.5107  12.6315  -2.2932  -0.2373
-22.6466  12.4556  -2.3602  -0.2753
-22.7790  12.2790  -2.4277  -0.3169
-22.9079  12.1017  -2.4956  -0.3626
-23.0334  11.9235  -2.5640  -0.4128
  0.0000   0.0000   0.0000   0.0000
 -1.3659  -4.3731  -3.4532   0.7864
 -1.3965  -3.5097  -3.3129   0.6721
 -1.4153  -2.8163  -3.1769   0.5748
 -1.4235  -2.2612  -3.0447   0.4922
 -1.4224  -1.8177  -2.9161   0.4222
 -1.4137  -1.4639  -2.7909   0.3628
 -1.3984  -1.1820  -2.6689   0.3125
 -1.3780  -0.9573  -2.5501   0.2698
 -1.3534  -0.7783  -2.4344   0.2336
 -1.3254  -0.6356  -2.3216   0.2028
 -1.2947  -0.5216  -2.2115   0.1765
 -1.2620  -0.4304  -2.1043   0.1541
 -1.2276  -0.3573  -1.9996   0.1348
 -1.1918  -0.2986  -1.8975   0.1182
 -1.1551  -0.2512  -1.7978   0.1038
 -1.1176  -0.2127  -1.7005   0.0912
 -1.0795  -0.1814  -1.6055   0.0803
 -1.0408  -0.1557  -1.5126   0.0706
 -1.0018  -0.1345  -1.4219   0.0621
 -0.9625  -0.1169  -1.3331   0.0546
 -0.9230  -0.1022  -1.2463   0.0479
 -0.8833  -0.0897  -1.1613   0.0420
 -0.8434  -0.0790  -1.0781   0.0367
 -0.8034  -0.0697  -0.9966   0.0320
 -0.7632  -0.0616  -0.9168   0.0279
 -0.7229  -0.0545  -0.8385   0.0242
 -0.6826  -0.0482  -0.7617   0.0210
 -0.6421  -0.0424  -0.6863   0.0182
 -0.6015  -0.0372  -0.6123   0.0158
 -0.5608  -0.0324  -0.5396   0.0138
 -0.5199  -0.0280  -0.4682   0.0122
 -0.4790  -0.0238  -0.3980   0.0110
 -0.4379  -0.0199  -0.3288   0.0101
 -0.3966  -0.0163  -0.2608   0.0095
 -0.3552  -0.0128  -0.1938   0.0093
 -0.3136  -0.0095  -0.1278   0.0095
 -0.2719  -0.0063  -0.0627   0.0099
 -0.2299  -0.0033   0.0016   0.0107
 -0.1878  -0.0003   0.0649   0.0118
 -0.1454   0.0025   0.1275   0.0132
 -0.1027   0.0052   0.1894   0.0149
 -0.0598   0.0078   0.2505   0.0170
 -0.0167   0.0104   0.3110   0.0192
  0.0268   0.0129   0.3709   0.0218
  0.0706   0.0153   0.4301   0.0247
  0.1147   0.0177   0.4889   0.0278
  0.1591   0.0201   0.5470   0.0311
  0.2039   0.0224   0.6048   0.0346
  0.2491   0.0248   0.6620   0.0383
  0.2947   0.0271   0.7189   0.0422
  0.3407   0.0295   0.7753   0.0462
  0.3872   0.0320   0.8315   0.0502
  0.4341   0.0347   0.8872   0.0543
  0.4815   0.0375   0.9427   0.0583
  0.5294   0.0406   0.9980   0.0621
  0.5779   0.0439   1.0530   0.0657
  0.6269   0.0477   1.1078   0.0689
  0.6765   0.0521   1.1625   0.0714
  0.7267   0.0572   1.2171   0.0732
  0.7776   0.0631   1.2715   0.0739
  0.8291   0.0702   1.3260   0.0731
  0.8813   0.0786   1.3804   0.0704
  0.9342   0.0889   1.4350   0.0652
  0.9878   0.1014   1.4897   0.0569
  1.0422   0.1166   1.5447   0.0445
  1.0973   0.1353   1.6000   0.0269
  1.1533   0.1582   1.6558   0.0026
  1.2102   0.1864   1.7123  -0.0302
  1.2679   0.2212   1.7696  -0.0739
  1.3266   0.2639   1.8280  -0.1313
  1.3862   0.3166   1.8879  -0.2063
  1.4469   0.3815   1.9497  -0.3035
  1.5086   0.4614   2.0140  -0.4289
  1.5714   0.5596   2.0814  -0.5903
  1.6354   0.6803   2.1531  -0.7971
  1.7007   0.8285   2.2300  -1.0616
  1.7672   1.0102   2.3139  -1.3991
  1.8351   1.2329   2.4064  -1.8289
  0.0000   0.0000   0.0000   0.0000
