  0.0000   0.0000   0.0000
  0.0058   0.0025  -0.0430
  0.0118   0.0071  -0.0820
  0.0179   0.0118  -0.1232
  0.0240   0.0166  -0.1691
  0.0308   0.0207  -0.2180
  0.0375   0.0247  -0.2646
  0.0441   0.0287  -0.3097
  0.0506   0.0327  -0.3535
  0.0570   0.0366  -0.3960
  0.0635   0.0403  -0.4372
  0.0697   0.0441  -0.4770
  0.0758   0.0478  -0.5156
  0.0819   0.0515  -0.5529
  0.0879   0.0552  -0.5889
  0.0939   0.0586  -0.6238
  0.0997   0.0621  -0.6573
  0.1056   0.0655  -0.6897
  0.1113   0.0689  -0.7208
  0.1168   0.0723  -0.7507
  0.1224   0.0755  -0.7794
  0.1274   0.0792  -0.8067
  0.1325   0.0827  -0.8329
  0.1377   0.0859  -0.8580
  0.1429   0.0890  -0.8819
  0.1481   0.0920  -0.9047
  0.1532   0.0949  -0.9264
  0.1581   0.0979  -0.9469
  0.1630   0.1009  -0.9663
  0.1679   0.1037  -0.9847
  0.1727   0.1064  -1.0019
  0.1774   0.1091  -1.0181
  0.1820   0.1119  -1.0331
  0.1866   0.1145  -1.0470
  0.1910   0.1172  -1.0599
  0.1955   0.1197  -1.0718
  0.1998   0.1222  -1.0826
  0.2041   0.1247  -1.0924
  0.2084   0.1271  -1.1011
  0.2125   0.1295  -1.1089
  0.2166   0.1319  -1.1156
  0.2205   0.1343  -1.1214
  0.2241   0.1369  -1.1260
  0.2279   0.1391  -1.1298
  0.2318   0.1413  -1.1326
  0.2355   0.1434  -1.1345
  0.2392   0.1455  -1.1354
  0.2428   0.1475  -1.1353
  0.2464   0.1495  -1.1343
  0.2499   0.1515  -1.1324
  0.2533   0.1534  -1.1295
  0.2567   0.1553  -1.1257
  0.2600   0.1571  -1.1210
  0.2633   0.1589  -1.1153
  0.2665   0.1607  -1.1088
  0.2697   0.1624  -1.1014
  0.2727   0.1641  -1.0930
  0.2757   0.1657  -1.0838
  0.2787   0.1674  -1.0737
  0.2816   0.1690  -1.0627
  0.2843   0.1705  -1.0509
  0.2871   0.1721  -1.0381
  0.2897   0.1736  -1.0245
  0.2923   0.1751  -1.0101
  0.2948   0.1766  -0.9948
  0.2973   0.1781  -0.9787
  0.2997   0.1796  -0.9623
  0.3021   0.1810  -0.9462
  0.3045   0.1825  -0.9298
  0.3068   0.1840  -0.9131
  0.3090   0.1856  -0.8968
  0.3112   0.1872  -0.8799
  0.3134   0.1888  -0.8625
  0.3156   0.1903  -0.8446
  0.3177   0.1918  -0.8262
  0.3198   0.1934  -0.8077
  0.3218   0.1948  -0.7885
  0.3239   0.1963  -0.7689
  0.3258   0.1977  -0.7489
  0.3278   0.1991  -0.7285
  0.3297   0.2005  -0.7078
  0.3317   0.2019  -0.6866
  0.3335   0.2033  -0.6651
  0.3354   0.2047  -0.6431
  0.3372   0.2060  -0.6208
  0.3390   0.2074  -0.5981
  0.3407   0.2087  -0.5750
  0.3425   0.2100  -0.5515
  0.3442   0.2112  -0.5276
  0.3459   0.2125  -0.5033
  0.3467   0.2154  -0.4853
  0.3484   0.2165  -0.4600
  0.3500   0.2176  -0.4344
  0.3516   0.2187  -0.4083
  0.3532   0.2198  -0.3818
  0.3548   0.2208  -0.3546
  0.3564   0.2217  -0.3270
  0.3580   0.2226  -0.2989
  0.3595   0.2235  -0.2697
  0.3610   0.2243  -0.2398
  0.3625   0.2251  -0.2102
  0.3639   0.2259  -0.1793
  0.3653   0.2266  -0.1479
  0.3667   0.2274  -0.1163
  0.3680   0.2281  -0.0845
  0.3693   0.2288  -0.0524
  0.3706   0.2295  -0.0201
  0.3719   0.2302   0.0125
  0.3732   0.2309   0.0454
  0.3744   0.2316   0.0785
  0.3748   0.2334   0.1106
  0.3759   0.2339   0.1473
  0.3771   0.2345   0.1822
  0.3781   0.2349   0.2195
  0.3792   0.2354   0.2571
  0.3802   0.2359   0.2944
  0.3812   0.2364   0.3325
  0.3822   0.2369   0.3703
  0.3831   0.2373   0.4097
  0.3840   0.2378   0.4497
  0.3840   0.2378   0.4497
  0.3883   0.2333   0.4529
  0.3935   0.2297   0.4526
  0.3986   0.2266   0.4528
  0.4039   0.2236   0.4509
  0.4090   0.2208   0.4498
  0.4141   0.2182   0.4481
  0.4192   0.2157   0.4460
  0.4243   0.2133   0.4435
  0.4294   0.2111   0.4405
  0.4345   0.2089   0.4363
  0.4397   0.2068   0.4311
  0.4449   0.2047   0.4254
  0.4500   0.2028   0.4209
  0.4551   0.2011   0.4171
  0.4603   0.1993   0.4110
  0.4655   0.1975   0.4050
  0.4705   0.1960   0.4010
  0.4755   0.1945   0.3970
  0.4806   0.1932   0.3930
  0.4856   0.1918   0.3891
  0.4908   0.1904   0.3832
  0.4960   0.1891   0.3776
  0.5011   0.1879   0.3722
  0.5063   0.1867   0.3672
  0.5114   0.1856   0.3624
  0.5166   0.1846   0.3579
  0.5217   0.1836   0.3536
  0.5268   0.1827   0.3496
  0.5319   0.1819   0.3459
  0.5370   0.1811   0.3424
  0.5421   0.1804   0.3391
  0.5472   0.1797   0.3361
  0.5523   0.1791   0.3334
  0.5574   0.1785   0.3309
  0.5625   0.1780   0.3286
  0.5676   0.1776   0.3266
  0.5727   0.1772   0.3249
  0.5778   0.1769   0.3233
  0.5829   0.1766   0.3220
  0.5880   0.1764   0.3210
  0.5931   0.1762   0.3201
  0.5982   0.1761   0.3196
  0.6034   0.1761   0.3192
  0.6085   0.1761   0.3191
  0.6136   0.1761   0.3193
  0.6187   0.1763   0.3196
  0.6238   0.1764   0.3203
  0.6290   0.1767   0.3211
  0.6341   0.1770   0.3223
  0.6392   0.1773   0.3236
  0.6444   0.1777   0.3253
  0.6495   0.1782   0.3271
  0.6547   0.1787   0.3293
  0.6599   0.1793   0.3317
  0.6650   0.1799   0.3343
  0.6702   0.1806   0.3373
  0.6754   0.1814   0.3404
  0.6806   0.1822   0.3439
  0.6857   0.1831   0.3476
  0.6909   0.1841   0.3516
  0.6961   0.1851   0.3559
  0.7014   0.1861   0.3605
  0.7066   0.1873   0.3653
  0.7118   0.1885   0.3704
  0.7170   0.1897   0.3759
  0.7223   0.1911   0.3816
  0.7275   0.1925   0.3876
  0.7328   0.1939   0.3938
  0.7381   0.1954   0.4004
  0.7433   0.1970   0.4073
  0.7486   0.1987   0.4145
  0.7539   0.2004   0.4220
  0.7592   0.2022   0.4298
  0.7645   0.2040   0.4379
  0.7698   0.2060   0.4463
  0.7752   0.2080   0.4550
  0.7805   0.2100   0.4641
  0.7859   0.2122   0.4734
  0.7912   0.2144   0.4831
  0.7966   0.2167   0.4930
  0.8020   0.2190   0.5033
  0.8074   0.2215   0.5138
  0.8128   0.2240   0.5247
  0.8182   0.2265   0.5359
  0.8236   0.2292   0.5474
  0.8291   0.2319   0.5591
  0.8345   0.2348   0.5711
  0.8400   0.2377   0.5835
  0.8455   0.2407   0.5960
  0.8510   0.2437   0.6089
  0.8565   0.2469   0.6220
  0.8620   0.2501   0.6353
  0.8676   0.2535   0.6488
  0.8731   0.2569   0.6626
  0.8787   0.2605   0.6765
  0.8843   0.2641   0.6905
  0.8899   0.2678   0.7047
  0.8955   0.2717   0.7190
  0.9011   0.2756   0.7333
  0.9011   0.2756   0.7333
  0.9038   0.2735   0.7553
  0.9079   0.2704   0.7551
  0.9120   0.2674   0.7554
  0.9162   0.2644   0.7561
  0.9204   0.2614   0.7572
  0.9247   0.2585   0.7588
  0.9283   0.2561   0.7711
  0.9326   0.2533   0.7734
  0.9370   0.2505   0.7762
  0.9414   0.2479   0.7794
  0.9458   0.2452   0.7829
  0.9502   0.2427   0.7869
  0.9547   0.2402   0.7912
  0.9577   0.2389   0.8222
  0.9623   0.2365   0.8273
  0.9669   0.2342   0.8328
  0.9716   0.2320   0.8387
  0.9763   0.2298   0.8450
  0.9810   0.2277   0.8517
  0.9858   0.2257   0.8588
  0.9906   0.2237   0.8662
  0.9955   0.2218   0.8741
  1.0004   0.2200   0.8824
  1.0053   0.2183   0.8912
  1.0103   0.2167   0.9004
  1.0153   0.2151   0.9100
  1.0204   0.2136   0.9200
  1.0255   0.2122   0.9305
  1.0307   0.2108   0.9415
  1.0359   0.2096   0.9529
  1.0411   0.2084   0.9648
  1.0464   0.2073   0.9772
  1.0518   0.2063   0.9900
  1.0572   0.2053   1.0034
  1.0626   0.2045   1.0172
  1.0681   0.2037   1.0316
  1.0736   0.2030   1.0465
  1.0791   0.2024   1.0620
  1.0848   0.2019   1.0780
  1.0904   0.2015   1.0945
  1.0961   0.2012   1.1117
  1.1019   0.2009   1.1294
  1.1077   0.2008   1.1477
  1.1135   0.2007   1.1667
  1.1194   0.2007   1.1862
  1.1253   0.2008   1.2064
  1.1313   0.2010   1.2272
  1.1373   0.2013   1.2487
  1.1434   0.2017   1.2708
  1.1495   0.2021   1.2936
  1.1557   0.2027   1.3172
  1.1619   0.2034   1.3414
  1.1682   0.2041   1.3663
  1.1745   0.2050   1.3920
  1.1809   0.2059   1.4184
  1.1873   0.2070   1.4455
  1.1938   0.2081   1.4735
  1.2003   0.2094   1.5022
  1.2069   0.2107   1.5317
  1.2135   0.2122   1.5621
  1.2202   0.2137   1.5933
  1.2269   0.2154   1.6253
  1.2337   0.2171   1.6582
  1.2405   0.2190   1.6920
  1.2474   0.2209   1.7267
  1.2543   0.2230   1.7623
  1.2613   0.2252   1.7989
  1.2683   0.2274   1.8364
  1.2754   0.2298   1.8748
  1.2825   0.2323   1.9143
  1.2887   0.2357   1.9745
  1.2932   0.2406   2.0700
  1.2977   0.2456   2.1687
  1.3021   0.2507   2.2706
  1.3064   0.2561   2.3756
  1.3139   0.2593   2.4217
  1.3182   0.2650   2.5313
  1.3225   0.2709   2.6461
  1.3266   0.2771   2.7646
  1.3266   0.2771   2.7646
  1.3240   0.2649   2.7342
  1.3217   0.2536   2.7126
  1.3197   0.2429   2.6980
  1.3178   0.2328   2.6887
  1.3161   0.2231   2.6835
  1.3145   0.2136   2.6812
  1.3130   0.2044   2.6813
  1.3117   0.1953   2.6831
  1.3104   0.1864   2.6861
  1.3092   0.1775   2.6899
  1.3081   0.1686   2.6944
  1.3071   0.1598   2.6992
  1.3061   0.1510   2.7042
  1.3051   0.1422   2.7092
  1.3043   0.1334   2.7142
  1.3034   0.1246   2.7191
  1.3027   0.1157   2.7238
  1.3019   0.1068   2.7283
  1.3012   0.0979   2.7325
  1.3006   0.0890   2.7365
  1.3000   0.0800   2.7401
  1.2995   0.0709   2.7434
  1.2989   0.0618   2.7464
  1.2985   0.0527   2.7491
  1.2980   0.0435   2.7514
  1.2976   0.0343   2.7534
  1.2973   0.0250   2.7551
  1.2970   0.0157   2.7564
  1.2967   0.0064   2.7574
  1.2965  -0.0030   2.7580
  1.2963  -0.0125   2.7583
  1.2961  -0.0219   2.7583
  1.2960  -0.0315   2.7580
  1.2959  -0.0410   2.7573
  1.2959  -0.0507   2.7563
  1.2959  -0.0603   2.7550
  1.2959  -0.0700   2.7534
  1.2960  -0.0798   2.7515
  1.2961  -0.0896   2.7492
  1.2963  -0.0994   2.7467
  1.2965  -0.1093   2.7438
  1.2967  -0.1192   2.7406
  1.2970  -0.1291   2.7372
  1.2973  -0.1391   2.7334
  1.2976  -0.1491   2.7293
  1.2980  -0.1592   2.7249
  1.2985  -0.1693   2.7202
  1.2989  -0.1795   2.7152
  1.2995  -0.1897   2.7099
  1.3000  -0.1999   2.7043
  1.3006  -0.2102   2.6984
  1.3013  -0.2205   2.6923
  1.3019  -0.2308   2.6858
  1.3027  -0.2412   2.6790
  1.3034  -0.2517   2.6719
  1.3043  -0.2621   2.6645
  1.3051  -0.2726   2.6569
  1.3060  -0.2832   2.6490
  1.3070  -0.2937   2.6408
  1.3079  -0.3044   2.6323
  1.3090  -0.3150   2.6236
  1.3100  -0.3257   2.6147
  1.3112  -0.3365   2.6056
  1.3123  -0.3473   2.5963
  1.3135  -0.3581   2.5869
  1.3148  -0.3690   2.5774
  1.3161  -0.3799   2.5680
  1.3174  -0.3908   2.5586
  1.3188  -0.4018   2.5494
  1.3202  -0.4129   2.5405
  1.3216  -0.4240   2.5321
  1.3231  -0.4351   2.5245
  1.3246  -0.4463   2.5179
  1.3261  -0.4576   2.5127
  1.3277  -0.4689   2.5092
  1.3293  -0.4803   2.5082
  1.3308  -0.4918   2.5102
  1.3324  -0.5033   2.5163
  1.3340  -0.5150   2.5275
  1.3340  -0.5171   2.5429
  1.3343  -0.5107   2.4379
  1.3347  -0.5040   2.3341
  1.3350  -0.4972   2.2314
  1.3353  -0.4903   2.1298
  1.3357  -0.4831   2.0292
  1.3360  -0.4759   1.9296
  1.3363  -0.4685   1.8309
  1.3366  -0.4609   1.7331
  1.3368  -0.4532   1.6362
  1.3371  -0.4454   1.5402
  1.3374  -0.4374   1.4450
  1.3376  -0.4293   1.3506
  1.3379  -0.4211   1.2571
  1.3382  -0.4127   1.1643
  1.3384  -0.4042   1.0723
  1.3387  -0.3956   0.9810
  1.3389  -0.3868   0.8905
  1.3392  -0.3779   0.8007
  1.3394  -0.3689   0.7116
  1.3397  -0.3598   0.6233
  1.3400  -0.3505   0.5357
  1.3403  -0.3411   0.4487
  1.3406  -0.3316   0.3624
  1.3409  -0.3219   0.2769
  1.3412  -0.3122   0.1920
  1.3415  -0.3023   0.1077
  1.3419  -0.2922   0.0242
  1.3422  -0.2821  -0.0587
  1.3426  -0.2718  -0.1410
  1.3430  -0.2614  -0.2226
  1.3435  -0.2509  -0.3036
  1.3439  -0.2403  -0.3839
  1.3444  -0.2295  -0.4636
  1.3449  -0.2186  -0.5427
  1.3455  -0.2076  -0.6211
  1.3460  -0.1965  -0.6989
  1.3466  -0.1852  -0.7761
  1.3473  -0.1738  -0.8527
  1.3480  -0.1624  -0.9287
  1.3487  -0.1507  -1.0041
  1.3494  -0.1390  -1.0788
  1.3502  -0.1272  -1.1530
  1.3511  -0.1152  -1.2266
  1.3519  -0.1031  -1.2995
  1.3529  -0.0909  -1.3719
  1.3538  -0.0786  -1.4438
  1.3548  -0.0662  -1.5150
  1.3559  -0.0537  -1.5856
  1.3570  -0.0410  -1.6557
  1.3582  -0.0282  -1.7253
  1.3594  -0.0153  -1.7942
  1.3607  -0.0024  -1.8626
  1.3620   0.0107  -1.9305
  1.3634   0.0240  -1.9978
  1.3648   0.0373  -2.0646
  1.3663   0.0507  -2.1308
  1.3679   0.0643  -2.1965
  1.3695   0.0779  -2.2616
  1.3712   0.0917  -2.3263
  1.3729   0.1055  -2.3904
  1.3747   0.1195  -2.4540
  1.3766   0.1336  -2.5171
  1.3785   0.1478  -2.5798
  1.3805   0.1621  -2.6419
  1.3825   0.1764  -2.7035
  1.3846   0.1909  -2.7647
  1.3868   0.2055  -2.8254
  1.3891   0.2202  -2.8856
  1.3914   0.2350  -2.9453
  1.3937   0.2499  -3.0047
  1.3962   0.2649  -3.0635
  1.3987   0.2800  -3.1219
  1.4013   0.2952  -3.1799
  1.4039   0.3105  -3.2375
  1.4066   0.3259  -3.2947
  1.4093   0.3414  -3.3515
  1.4122   0.3570  -3.4079
  1.4151   0.3727  -3.4639
  1.4180   0.3885  -3.5196
  1.4180   0.3885  -3.5196
  1.4134   0.3765  -3.4385
  1.4096   0.3654  -3.3686
  1.4063   0.3550  -3.3079
  1.4034   0.3451  -3.2549
  1.4009   0.3356  -3.2082
  1.3987   0.3264  -3.1666
  1.3966   0.3173  -3.1294
  1.3947   0.3084  -3.0960
  1.3930   0.2996  -3.0657
  1.3913   0.2908  -3.0381
  1.3897   0.2820  -3.0130
  1.3882   0.2732  -2.9901
  1.3867   0.2644  -2.9691
  1.3853   0.2555  -2.9500
  1.3840   0.2466  -2.9325
  1.3826   0.2376  -2.9165
  1.3813   0.2286  -2.9020
  1.3801   0.2194  -2.8889
  1.3789   0.2103  -2.8771
  1.3777   0.2011  -2.8665
  1.3766   0.1918  -2.8571
  1.3754   0.1824  -2.8488
  1.3744   0.1730  -2.8416
  1.3733   0.1635  -2.8355
  1.3723   0.1540  -2.8304
  1.3714   0.1444  -2.8262
  1.3705   0.1347  -2.8229
  1.3696   0.1250  -2.8206
  1.3688   0.1153  -2.8191
  1.3680   0.1055  -2.8184
  1.3673   0.0957  -2.8185
  1.3666   0.0858  -2.8194
  1.3659   0.0758  -2.8210
  1.3653   0.0659  -2.8232
  1.3648   0.0559  -2.8262
  1.3643   0.0458  -2.8298
  1.3639   0.0358  -2.8340
  1.3635   0.0257  -2.8387
  1.3631   0.0156  -2.8441
  1.3628   0.0054  -2.8499
  1.3626  -0.0048  -2.8563
  1.3624  -0.0150  -2.8631
  1.3622  -0.0252  -2.8704
  1.3622  -0.0354  -2.8782
  1.3621  -0.0457  -2.8863
  1.3621  -0.0560  -2.8948
  1.3622  -0.0663  -2.9037
  1.3623  -0.0766  -2.9130
  1.3625  -0.0869  -2.9225
  1.3627  -0.0972  -2.9324
  1.3630  -0.1075  -2.9426
  1.3633  -0.1179  -2.9531
  1.3637  -0.1283  -2.9639
  1.3641  -0.1386  -2.9749
  1.3646  -0.1490  -2.9862
  1.3651  -0.1594  -2.9977
  1.3657  -0.1698  -3.0095
  1.3663  -0.1802  -3.0215
  1.3670  -0.1907  -3.0338
  1.3677  -0.2011  -3.0463
  1.3685  -0.2115  -3.0591
  1.3693  -0.2220  -3.0722
  1.3702  -0.2325  -3.0856
  1.3711  -0.2429  -3.0993
  1.3720  -0.2534  -3.1135
  1.3731  -0.2640  -3.1282
  1.3742  -0.2745  -3.1435
  1.3753  -0.2851  -3.1595
  1.3765  -0.2957  -3.1765
  1.3778  -0.3063  -3.1945
  1.3792  -0.3170  -3.2140
  1.3807  -0.3277  -3.2352
  1.3823  -0.3386  -3.2586
  1.3840  -0.3495  -3.2849
  1.3858  -0.3605  -3.3147
  1.3878  -0.3718  -3.3491
  1.3901  -0.3832  -3.3893
  1.3926  -0.3950  -3.4368
  1.3954  -0.4072  -3.4936
  1.3953  -0.4172  -3.4934
  1.3952  -0.4271  -3.4934
  1.3952  -0.4370  -3.4934
  1.3951  -0.4469  -3.4934
  1.3950  -0.4569  -3.4934
  1.3949  -0.4668  -3.4934
  1.3972  -0.4722  -3.5353
  1.3972  -0.4627  -3.4726
  1.3972  -0.4532  -3.4095
  1.3973  -0.4438  -3.3460
  1.3974  -0.4344  -3.2820
  1.3976  -0.4251  -3.2177
  1.3978  -0.4158  -3.1528
  1.3981  -0.4066  -3.0875
  1.3984  -0.3974  -3.0217
  1.3988  -0.3883  -2.9554
  1.3993  -0.3792  -2.8886
  1.3998  -0.3702  -2.8214
  1.4003  -0.3611  -2.7536
  1.4009  -0.3522  -2.6853
  1.4015  -0.3432  -2.6165
  1.4022  -0.3343  -2.5472
  1.4029  -0.3254  -2.4773
  1.4037  -0.3166  -2.4069
  1.4045  -0.3077  -2.3359
  1.4054  -0.2989  -2.2643
  1.4063  -0.2902  -2.1922
  1.4072  -0.2814  -2.1195
  1.4082  -0.2727  -2.0462
  1.4092  -0.2640  -1.9723
  1.4103  -0.2553  -1.8977
  1.4114  -0.2466  -1.8226
  1.4126  -0.2380  -1.7468
  1.4138  -0.2293  -1.6703
  1.4150  -0.2207  -1.5932
  1.4163  -0.2121  -1.5154
  1.4176  -0.2035  -1.4369
  1.4189  -0.1949  -1.3577
  1.4203  -0.1864  -1.2778
  1.4217  -0.1778  -1.1972
  1.4231  -0.1693  -1.1159
  1.4246  -0.1607  -1.0338
  1.4261  -0.1522  -0.9510
  1.4276  -0.1437  -0.8674
  1.4292  -0.1352  -0.7831
  1.4308  -0.1267  -0.6980
  1.4325  -0.1182  -0.6121
  1.4341  -0.1097  -0.5253
  1.4358  -0.1012  -0.4378
  1.4375  -0.0928  -0.3495
  1.4393  -0.0843  -0.2603
  1.4411  -0.0758  -0.1704
  1.4429  -0.0673  -0.0795
  1.4448  -0.0589   0.0121
  1.4466  -0.0504   0.1046
  1.4486  -0.0419   0.1980
  1.4505  -0.0335   0.2922
  1.4525  -0.0250   0.3873
  1.4545  -0.0166   0.4833
  1.4565  -0.0081   0.5801
  1.4585   0.0003   0.6778
  1.4606   0.0088   0.7764
  1.4627   0.0172   0.8759
  1.4649   0.0257   0.9762
  1.4670   0.0341   1.0775
  1.4692   0.0426   1.1796
  1.4715   0.0510   1.2827
  1.4737   0.0594   1.3866
  1.4760   0.0679   1.4915
  1.4783   0.0763   1.5972
  1.4806   0.0847   1.7038
  1.4830   0.0931   1.8113
  1.4854   0.1016   1.9198
  1.4878   0.1100   2.0291
  1.4903   0.1184   2.1393
  1.4928   0.1267   2.2504
  1.4953   0.1351   2.3625
  1.4978   0.1435   2.4754
  1.5003   0.1518   2.5893
  1.5029   0.1602   2.7040
  1.5055   0.1685   2.8198
  1.5081   0.1768   2.9364
  1.5108   0.1850   3.0540
  1.5135   0.1933   3.1725
  1.5162   0.2015   3.2921
  1.5189   0.2096   3.4127
  1.5189   0.2096   3.4127
  1.5159   0.2002   3.4185
  1.5131   0.1910   3.4285
  1.5106   0.1821   3.4417
  1.5082   0.1733   3.4573
  1.5060   0.1648   3.4746
  1.5040   0.1563   3.4931
  1.5021   0.1479   3.5122
  1.5003   0.1395   3.5317
  1.4986   0.1312   3.5513
  1.4970   0.1228   3.5706
  1.4955   0.1145   3.5897
  1.4941   0.1061   3.6083
  1.4927   0.0976   3.6264
  1.4914   0.0891   3.6438
  1.4902   0.0806   3.6606
  1.4891   0.0720   3.6767
  1.4880   0.0633   3.6921
  1.4870   0.0546   3.7067
  1.4861   0.0458   3.7206
  1.4852   0.0370   3.7338
  1.4843   0.0281   3.7461
  1.4835   0.0192   3.7577
  1.4828   0.0102   3.7686
  1.4821   0.0011   3.7787
  1.4815  -0.0080   3.7881
  1.4809  -0.0172   3.7968
  1.4804  -0.0265   3.8047
  1.4799  -0.0357   3.8119
  1.4794  -0.0451   3.8184
  1.4790  -0.0545   3.8243
  1.4787  -0.0639   3.8294
  1.4784  -0.0734   3.8338
  1.4781  -0.0830   3.8376
  1.4779  -0.0926   3.8408
  1.4777  -0.1022   3.8432
  1.4776  -0.1119   3.8451
  1.4775  -0.1217   3.8463
  1.4775  -0.1315   3.8468
  1.4775  -0.1413   3.8468
  1.4775  -0.1512   3.8461
  1.4776  -0.1611   3.8449
  1.4778  -0.1711   3.8430
  1.4779  -0.1811   3.8406
  1.4782  -0.1912   3.8375
  1.4784  -0.2013   3.8339
  1.4788  -0.2114   3.8297
  1.4791  -0.2216   3.8249
  1.4796  -0.2319   3.8195
  1.4800  -0.2421   3.8136
  1.4805  -0.2525   3.8071
  1.4811  -0.2628   3.8000
  1.4817  -0.2732   3.7923
  1.4823  -0.2837   3.7841
  1.4830  -0.2942   3.7752
  1.4838  -0.3047   3.7658
  1.4846  -0.3153   3.7559
  1.4855  -0.3259   3.7453
  1.4864  -0.3366   3.7342
  1.4873  -0.3473   3.7224
  1.4884  -0.3581   3.7101
  1.4894  -0.3689   3.6971
  1.4906  -0.3798   3.6836
  1.4917  -0.3907   3.6694
  1.4930  -0.4017   3.6547
  1.4943  -0.4127   3.6394
  1.4956  -0.4238   3.6235
  1.4970  -0.4349   3.6070
  1.4985  -0.4461   3.5900
  1.5000  -0.4574   3.5725
  1.5016  -0.4687   3.5546
  1.5032  -0.4800   3.5363
  1.5048  -0.4914   3.5178
  1.5065  -0.5029   3.4992
  1.5083  -0.5145   3.4807
  1.5101  -0.5261   3.4625
  1.5119  -0.5377   3.4450
  1.5137  -0.5495   3.4286
  1.5092  -0.5551   3.4736
  1.5085  -0.5444   3.3371
  1.5077  -0.5336   3.2025
  1.5069  -0.5226   3.0698
  1.5061  -0.5116   2.9389
  1.5052  -0.5005   2.8097
  1.5043  -0.4893   2.6823
  1.5034  -0.4780   2.5566
  1.5025  -0.4666   2.4326
  1.5015  -0.4552   2.3101
  1.5005  -0.4436   2.1893
  1.4995  -0.4320   2.0700
  1.4984  -0.4203   1.9522
  1.4973  -0.4086   1.8360
  1.4962  -0.3967   1.7212
  1.4951  -0.3848   1.6079
  1.4940  -0.3728   1.4960
  1.4929  -0.3607   1.3856
  1.4917  -0.3485   1.2765
  1.4906  -0.3363   1.1688
  1.4894  -0.3240   1.0625
  1.4882  -0.3116   0.9575
  1.4870  -0.2992   0.8539
  1.4858  -0.2866   0.7516
  1.4847  -0.2740   0.6505
  1.4835  -0.2614   0.5508
  1.4823  -0.2486   0.4523
  1.4811  -0.2358   0.3551
  1.4799  -0.2229   0.2592
  1.4788  -0.2100   0.1645
  1.4776  -0.1970   0.0710
  1.4765  -0.1839  -0.0212
  1.4754  -0.1707  -0.1122
  1.4743  -0.1575  -0.2020
  1.4732  -0.1442  -0.2906
  1.4721  -0.1309  -0.3780
  1.4710  -0.1175  -0.4643
  1.4700  -0.1040  -0.5494
  1.4690  -0.0905  -0.6332
  1.4680  -0.0769  -0.7160
  1.4671  -0.0632  -0.7976
  1.4662  -0.0495  -0.8780
  1.4653  -0.0357  -0.9573
  1.4644  -0.0219  -1.0355
  1.4636  -0.0080  -1.1125
  1.4628   0.0059  -1.1884
  1.4621   0.0199  -1.2633
  1.4614   0.0339  -1.3370
  1.4607   0.0480  -1.4096
  1.4601   0.0622  -1.4811
  1.4595   0.0764  -1.5515
  1.4589   0.0906  -1.6209
  1.4584   0.1049  -1.6892
  1.4580   0.1192  -1.7564
  1.4575   0.1335  -1.8226
  1.4572   0.1479  -1.8877
  1.4568   0.1624  -1.9518
  1.4565   0.1769  -2.0148
  1.4563   0.1914  -2.0768
  1.4561   0.2059  -2.1378
  1.4560   0.2205  -2.1978
  1.4559   0.2351  -2.2568
  1.4558   0.2498  -2.3149
  1.4558   0.2644  -2.3719
  1.4559   0.2791  -2.4279
  1.4559   0.2939  -2.4830
  1.4561   0.3086  -2.5372
  1.4563   0.3234  -2.5904
  1.4565   0.3382  -2.6427
  1.4568   0.3531  -2.6940
  1.4571   0.3679  -2.7445
  1.4575   0.3828  -2.7940
  1.4579   0.3977  -2.8427
  1.4583   0.4126  -2.8905
  1.4588   0.4275  -2.9375
  1.4594   0.4424  -2.9836
  1.4600   0.4574  -3.0289
  1.4606   0.4723  -3.0734
  1.4613   0.4873  -3.1171
  1.4620   0.5023  -3.1600
  1.4620   0.5023  -3.1600
  1.4572   0.4919  -3.0869
  1.4531   0.4821  -3.0229
  1.4495   0.4728  -2.9667
  1.4464   0.4638  -2.9169
  1.4435   0.4551  -2.8725
  1.4410   0.4465  -2.8326
  1.4386   0.4381  -2.7965
  1.4364   0.4297  -2.7638
  1.4344   0.4214  -2.7339
  1.4325   0.4130  -2.7065
  1.4306   0.4046  -2.6813
  1.4289   0.3962  -2.6582
  1.4272   0.3878  -2.6368
  1.4255   0.3793  -2.6170
  1.4239   0.3707  -2.5988
  1.4224   0.3620  -2.5819
  1.4209   0.3533  -2.5664
  1.4195   0.3445  -2.5522
  1.4181   0.3356  -2.5392
  1.4167   0.3266  -2.5273
  1.4154   0.3176  -2.5165
  1.4141   0.3085  -2.5067
  1.4129   0.2993  -2.4980
  1.4117   0.2900  -2.4902
  1.4105   0.2807  -2.4834
  1.4094   0.2713  -2.4775
  1.4083   0.2618  -2.4725
  1.4073   0.2522  -2.4683
  1.4063   0.2426  -2.4650
  1.4054   0.2329  -2.4625
  1.4045   0.2231  -2.4607
  1.4036   0.2133  -2.4597
  1.4029   0.2035  -2.4594
  1.4021   0.1935  -2.4598
  1.4014   0.1835  -2.4610
  1.4008   0.1735  -2.4628
  1.4002   0.1634  -2.4652
  1.3997   0.1533  -2.4682
  1.3992   0.1431  -2.4719
  1.3988   0.1328  -2.4761
  1.3985   0.1226  -2.4809
  1.3982   0.1122  -2.4863
  1.3979   0.1019  -2.4922
  1.3978   0.0915  -2.4986
  1.3977   0.0810  -2.5055
  1.3976   0.0706  -2.5129
  1.3976   0.0601  -2.5208
  1.3977   0.0495  -2.5291
  1.3978   0.0390  -2.5379
  1.3981   0.0284  -2.5471
  1.3983   0.0178  -2.5567
  1.3987   0.0072  -2.5667
  1.3991  -0.0035  -2.5772
  1.3996  -0.0142  -2.5880
  1.4001  -0.0249  -2.5993
  1.4007  -0.0356  -2.6109
  1.4014  -0.0464  -2.6229
  1.4022  -0.0571  -2.6354
  1.4030  -0.0679  -2.6482
  1.4039  -0.0787  -2.6614
  1.4049  -0.0895  -2.6751
  1.4059  -0.1004  -2.6892
  1.4070  -0.1112  -2.7038
  1.4083  -0.1221  -2.7189
  1.4095  -0.1330  -2.7346
  1.4109  -0.1439  -2.7509
  1.4123  -0.1548  -2.7680
  1.4139  -0.1658  -2.7858
  1.4155  -0.1768  -2.8047
  1.4172  -0.1878  -2.8247
  1.4191  -0.1988  -2.8461
  1.4210  -0.2100  -2.8692
  1.4231  -0.2211  -2.8943
  1.4253  -0.2324  -2.9220
  1.4277  -0.2438  -2.9528
  1.4303  -0.2553  -2.9876
  1.4330  -0.2670  -3.0272
  1.4361  -0.2789  -3.0730
  1.4394  -0.2913  -3.1264
  1.4397  -0.3004  -3.1935
  1.4398  -0.2921  -3.1393
  1.4400  -0.2839  -3.0845
  1.4401  -0.2757  -3.0291
  1.4404  -0.2675  -2.9732
  1.4407  -0.2593  -2.9168
  1.4410  -0.2512  -2.8597
  1.4413  -0.2432  -2.8021
  1.4417  -0.2351  -2.7439
  1.4422  -0.2271  -2.6851
  1.4427  -0.2192  -2.6257
  1.4432  -0.2112  -2.5657
  1.4437  -0.2033  -2.5050
  1.4443  -0.1954  -2.4438
  1.4450  -0.1876  -2.3819
  1.4456  -0.1798  -2.3194
  1.4463  -0.1719  -2.2563
  1.4471  -0.1642  -2.1925
  1.4479  -0.1564  -2.1281
  1.4487  -0.1487  -2.0630
  1.4495  -0.1409  -1.9973
  1.4504  -0.1332  -1.9308
  1.4513  -0.1256  -1.8637
  1.4522  -0.1179  -1.7959
  1.4532  -0.1103  -1.7274
  1.4542  -0.1026  -1.6582
  1.4553  -0.0950  -1.5883
  1.4563  -0.0874  -1.5177
  1.4574  -0.0798  -1.4463
  1.4585  -0.0722  -1.3742
  1.4597  -0.0646  -1.3013
  1.4609  -0.0571  -1.2276
  1.4621  -0.0495  -1.1532
  1.4633  -0.0420  -1.0780
  1.4646  -0.0345  -1.0020
  1.4658  -0.0269  -0.9252
  1.4672  -0.0194  -0.8477
  1.4685  -0.0119  -0.7693
  1.4699  -0.0044  -0.6900
  1.4712   0.0031  -0.6100
  1.4726   0.0106  -0.5291
  1.4741   0.0181  -0.4473
  1.4755   0.0256  -0.3647
  1.4770   0.0331  -0.2813
  1.4785   0.0405  -0.1970
  1.4801   0.0480  -0.1118
  1.4816   0.0555  -0.0258
  1.4832   0.0630   0.0612
  1.4848   0.0705   0.1490
  1.4864   0.0779   0.2377
  1.4881   0.0854   0.3273
  1.4897   0.0929   0.4178
  1.4914   0.1003   0.5092
  1.4932   0.1078   0.6015
  1.4949   0.1153   0.6947
  1.4967   0.1227   0.7888
  1.4985   0.1302   0.8838
  1.5003   0.1376   0.9797
  1.5021   0.1451   1.0766
  1.5040   0.1526   1.1743
  1.5059   0.1600   1.2729
  1.5078   0.1675   1.3725
  1.5097   0.1749   1.4729
  1.5116   0.1823   1.5743
  1.5136   0.1898   1.6766
  1.5156   0.1972   1.7798
  1.5177   0.2046   1.8839
  1.5197   0.2120   1.9889
  1.5218   0.2194   2.0948
  1.5239   0.2268   2.2016
  1.5260   0.2342   2.3094
  1.5281   0.2415   2.4180
  1.5303   0.2489   2.5276
  1.5325   0.2562   2.6381
  1.5347   0.2635   2.7495
  1.5369   0.2708   2.8619
  1.5392   0.2780   2.9753
  1.5414   0.2852   3.0896
  1.5437   0.2924   3.2049
  1.5460   0.2995   3.3212
  1.5460   0.2995   3.3212
  1.5431   0.2902   3.3269
  1.5405   0.2812   3.3363
  1.5380   0.2724   3.3487
  1.5357   0.2637   3.3632
  1.5336   0.2551   3.3792
  1.5316   0.2466   3.3963
  1.5296   0.2382   3.4140
  1.5278   0.2297   3.4320
  1.5261   0.2213   3.4503
  1.5245   0.2129   3.4684
  1.5230   0.2045   3.4864
  1.5215   0.1960   3.5041
  1.5201   0.1876   3.5214
  1.5188   0.1791   3.5382
  1.5175   0.1705   3.5545
  1.5163   0.1619   3.5703
  1.5152   0.1533   3.5856
  1.5141   0.1446   3.6002
  1.5131   0.1359   3.6142
  1.5121   0.1271   3.6275
  1.5112   0.1183   3.6403
  1.5104   0.1094   3.6523
  1.5095   0.1004   3.6638
  1.5088   0.0914   3.6745
  1.5081   0.0824   3.6847
  1.5074   0.0733   3.6941
  1.5068   0.0642   3.7029
  1.5062   0.0550   3.7111
  1.5057   0.0457   3.7186
  1.5052   0.0364   3.7255
  1.5048   0.0270   3.7317
  1.5044   0.0176   3.7373
  1.5040   0.0082   3.7422
  1.5037  -0.0013   3.7465
  1.5035  -0.0109   3.7501
  1.5033  -0.0205   3.7531
  1.5031  -0.0302   3.7555
  1.5030  -0.0399   3.7573
  1.5029  -0.0496   3.7584
  1.5029  -0.0595   3.7589
  1.5030  -0.0693   3.7587
  1.5030  -0.0792   3.7579
  1.5032  -0.0892   3.7565
  1.5034  -0.0992   3.7545
  1.5036  -0.1092   3.7518
  1.5039  -0.1193   3.7486
  1.5042  -0.1295   3.7447
  1.5046  -0.1397   3.7401
  1.5050  -0.1499   3.7350
  1.5055  -0.1602   3.7292
  1.5060  -0.1705   3.7227
  1.5066  -0.1809   3.7157
  1.5073  -0.1914   3.7080
  1.5080  -0.2018   3.6997
  1.5087  -0.2124   3.6907
  1.5095  -0.2230   3.6811
  1.5104  -0.2336   3.6708
  1.5113  -0.2443   3.6599
  1.5123  -0.2550   3.6484
  1.5133  -0.2658   3.6361
  1.5144  -0.2766   3.6233
  1.5156  -0.2875   3.6098
  1.5168  -0.2984   3.5956
  1.5181  -0.3094   3.5808
  1.5194  -0.3205   3.5653
  1.5208  -0.3316   3.5493
  1.5223  -0.3428   3.5326
  1.5238  -0.3540   3.5153
  1.5254  -0.3653   3.4975
  1.5270  -0.3767   3.4792
  1.5287  -0.3881   3.4604
  1.5305  -0.3996   3.4413
  1.5323  -0.4112   3.4219
  1.5341  -0.4228   3.4025
  1.5361  -0.4346   3.3832
  1.5380  -0.4464   3.3642
  1.5400  -0.4583   3.3459
  1.5421  -0.4703   3.3287
  1.5378  -0.4758   3.3721
  1.5373  -0.4653   3.2341
  1.5368  -0.4547   3.0980
  1.5362  -0.4441   2.9637
  1.5356  -0.4334   2.8313
  1.5349  -0.4226   2.7006
  1.5342  -0.4117   2.5718
  1.5335  -0.4008   2.4446
  1.5327  -0.3898   2.3191
  1.5319  -0.3788   2.1953
  1.5311  -0.3676   2.0731
  1.5303  -0.3565   1.9525
  1.5294  -0.3452   1.8335
  1.5285  -0.3339   1.7160
  1.5275  -0.3225   1.6001
  1.5266  -0.3111   1.4857
  1.5256  -0.2996   1.3728
  1.5246  -0.2880   1.2614
  1.5236  -0.2764   1.1514
  1.5226  -0.2647   1.0429
  1.5215  -0.2529   0.9358
  1.5205  -0.2411   0.8301
  1.5194  -0.2292   0.7259
  1.5183  -0.2173   0.6230
  1.5173  -0.2053   0.5214
  1.5162  -0.1932   0.4213
  1.5151  -0.1811   0.3225
  1.5140  -0.1689   0.2250
  1.5129  -0.1567   0.1289
  1.5118  -0.1444   0.0341
  1.5107  -0.1320  -0.0595
  1.5097  -0.1196  -0.1517
  1.5086  -0.1071  -0.2426
  1.5075  -0.0946  -0.3323
  1.5065  -0.0820  -0.4207
  1.5054  -0.0694  -0.5078
  1.5044  -0.0567  -0.5936
  1.5034  -0.0439  -0.6783
  1.5024  -0.0311  -0.7617
  1.5014  -0.0182  -0.8438
  1.5004  -0.0053  -0.9247
  1.4995   0.0077  -1.0044
  1.4986   0.0207  -1.0829
  1.4977   0.0337  -1.1602
  1.4968   0.0468  -1.2363
  1.4959   0.0600  -1.3112
  1.4951   0.0732  -1.3850
  1.4943   0.0865  -1.4575
  1.4935   0.0998  -1.5289
  1.4928   0.1131  -1.5991
  1.4921   0.1265  -1.6681
  1.4914   0.1399  -1.7360
  1.4907   0.1534  -1.8027
  1.4901   0.1669  -1.8683
  1.4895   0.1805  -1.9328
  1.4890   0.1941  -1.9961
  1.4884   0.2077  -2.0583
  1.4880   0.2214  -2.1193
  1.4875   0.2351  -2.1793
  1.4871   0.2488  -2.2381
  1.4867   0.2626  -2.2958
  1.4863   0.2764  -2.3525
  1.4860   0.2903  -2.4080
  1.4857   0.3042  -2.4624
  1.4855   0.3181  -2.5158
  1.4853   0.3320  -2.5681
  1.4851   0.3460  -2.6193
  1.4850   0.3600  -2.6694
  1.4849   0.3740  -2.7185
  1.4848   0.3881  -2.7665
  1.4848   0.4022  -2.8134
  1.4848   0.4163  -2.8593
  1.4848   0.4305  -2.9042
  1.4849   0.4447  -2.9480
  1.4850   0.4589  -2.9908
  1.4851   0.4731  -3.0326
  1.4853   0.4874  -3.0733
  1.4855   0.5017  -3.1130
  1.4857   0.5161  -3.1517
  1.4860   0.5304  -3.1894
  1.4860   0.5304  -3.1894
  1.4813   0.5193  -3.1141
  1.4772   0.5089  -3.0476
  1.4736   0.4989  -2.9885
  1.4705   0.4894  -2.9357
  1.4677   0.4802  -2.8884
  1.4651   0.4712  -2.8457
  1.4628   0.4624  -2.8070
  1.4606   0.4536  -2.7718
  1.4586   0.4450  -2.7397
  1.4567   0.4363  -2.7103
  1.4549   0.4277  -2.6834
  1.4531   0.4191  -2.6586
  1.4515   0.4104  -2.6360
  1.4499   0.4017  -2.6151
  1.4483   0.3930  -2.5961
  1.4468   0.3842  -2.5786
  1.4453   0.3753  -2.5627
  1.4439   0.3664  -2.5483
  1.4425   0.3574  -2.5352
  1.4412   0.3484  -2.5235
  1.4399   0.3392  -2.5130
  1.4386   0.3301  -2.5037
  1.4374   0.3208  -2.4956
  1.4362   0.3115  -2.4886
  1.4350   0.3022  -2.4826
  1.4339   0.2927  -2.4777
  1.4329   0.2833  -2.4737
  1.4318   0.2737  -2.4707
  1.4309   0.2641  -2.4685
  1.4300   0.2545  -2.4673
  1.4291   0.2448  -2.4669
  1.4282   0.2351  -2.4673
  1.4275   0.2253  -2.4684
  1.4267   0.2155  -2.4703
  1.4261   0.2056  -2.4728
  1.4254   0.1957  -2.4761
  1.4249   0.1858  -2.4800
  1.4244   0.1758  -2.4845
  1.4239   0.1658  -2.4896
  1.4235   0.1557  -2.4952
  1.4232   0.1456  -2.5014
  1.4229   0.1355  -2.5081
  1.4226   0.1254  -2.5153
  1.4225   0.1152  -2.5230
  1.4224   0.1051  -2.5311
  1.4223   0.0948  -2.5397
  1.4223   0.0846  -2.5487
  1.4224   0.0744  -2.5580
  1.4226   0.0641  -2.5678
  1.4228   0.0538  -2.5779
  1.4230   0.0435  -2.5884
  1.4234   0.0332  -2.5992
  1.4238   0.0228  -2.6103
  1.4242   0.0124  -2.6218
  1.4248   0.0020  -2.6336
  1.4254  -0.0084  -2.6458
  1.4260  -0.0188  -2.6582
  1.4268  -0.0292  -2.6710
  1.4276  -0.0397  -2.6840
  1.4284  -0.0502  -2.6974
  1.4294  -0.0607  -2.7111
  1.4304  -0.0713  -2.7252
  1.4315  -0.0818  -2.7397
  1.4327  -0.0924  -2.7546
  1.4339  -0.1031  -2.7700
  1.4352  -0.1138  -2.7859
  1.4367  -0.1245  -2.8024
  1.4382  -0.1353  -2.8197
  1.4397  -0.1461  -2.8379
  1.4414  -0.1571  -2.8572
  1.4432  -0.1681  -2.8779
  1.4452  -0.1792  -2.9002
  1.4472  -0.1905  -2.9247
  1.4494  -0.2019  -2.9518
  1.4518  -0.2136  -2.9823
  1.4544  -0.2255  -3.0170
  1.4572  -0.2378  -3.0571
  1.4604  -0.2506  -3.1042
  1.4618  -0.2581  -3.1604
  1.4620  -0.2503  -3.1108
  1.4623  -0.2425  -3.0606
  1.4626  -0.2347  -3.0097
  1.4629  -0.2269  -2.9583
  1.4633  -0.2192  -2.9061
  1.4637  -0.2115  -2.8533
  1.4642  -0.2038  -2.7998
  1.4646  -0.1962  -2.7456
  1.4651  -0.1885  -2.6906
  1.4657  -0.1809  -2.6350
  1.4662  -0.1734  -2.5786
  1.4668  -0.1658  -2.5215
  1.4674  -0.1583  -2.4636
  1.4681  -0.1508  -2.4051
  1.4688  -0.1433  -2.3457
  1.4695  -0.1358  -2.2857
  1.4702  -0.1283  -2.2248
  1.4710  -0.1209  -2.1632
  1.4718  -0.1135  -2.1009
  1.4726  -0.1061  -2.0378
  1.4735  -0.0987  -1.9739
  1.4743  -0.0913  -1.9092
  1.4752  -0.0839  -1.8438
  1.4762  -0.0765  -1.7775
  1.4771  -0.0692  -1.7104
  1.4781  -0.0618  -1.6426
  1.4791  -0.0545  -1.5739
  1.4801  -0.0472  -1.5044
  1.4812  -0.0399  -1.4340
  1.4823  -0.0325  -1.3629
  1.4834  -0.0252  -1.2908
  1.4845  -0.0179  -1.2180
  1.4856  -0.0106  -1.1442
  1.4868  -0.0033  -1.0696
  1.4880   0.0040  -0.9941
  1.4892   0.0113  -0.9178
  1.4904   0.0186  -0.8405
  1.4917   0.0259  -0.7624
  1.4930   0.0332  -0.6833
  1.4943   0.0405  -0.6033
  1.4956   0.0478  -0.5225
  1.4969   0.0551  -0.4407
  1.4983   0.0624  -0.3579
  1.4997   0.0697  -0.2743
  1.5011   0.0770  -0.1896
  1.5025   0.0843  -0.1041
  1.5040   0.0916  -0.0176
  1.5054   0.0989   0.0699
  1.5069   0.1062   0.1583
  1.5084   0.1136   0.2476
  1.5099   0.1209   0.3380
  1.5115   0.1282   0.4293
  1.5131   0.1356   0.5216
  1.5146   0.1429   0.6148
  1.5163   0.1502   0.7091
  1.5179   0.1576   0.8043
  1.5195   0.1649   0.9005
  1.5212   0.1723   0.9977
  1.5229   0.1796   1.0958
  1.5246   0.1870   1.1950
  1.5264   0.1943   1.2952
  1.5281   0.2017   1.3963
  1.5299   0.2090   1.4985
  1.5317   0.2164   1.6017
  1.5335   0.2237   1.7058
  1.5353   0.2311   1.8110
  1.5372   0.2384   1.9172
  1.5390   0.2457   2.0245
  1.5409   0.2530   2.1327
  1.5428   0.2603   2.2420
  1.5448   0.2676   2.3524
  1.5467   0.2749   2.4638
  1.5486   0.2821   2.5763
  1.5506   0.2893   2.6900
  1.5526   0.2965   2.8048
  1.5546   0.3036   2.9207
  1.5566   0.3107   3.0379
  1.5586   0.3178   3.1564
  1.5606   0.3247   3.2763
  1.5606   0.3247   3.2763
  1.5574   0.3128   3.2898
  1.5546   0.3018   3.3043
  1.5520   0.2915   3.3195
  1.5496   0.2816   3.3354
  1.5474   0.2721   3.3517
  1.5454   0.2629   3.3682
  1.5435   0.2538   3.3848
  1.5418   0.2450   3.4013
  1.5402   0.2362   3.4176
  1.5386   0.2275   3.4335
  1.5372   0.2189   3.4491
  1.5358   0.2102   3.4642
  1.5345   0.2016   3.4789
  1.5333   0.1930   3.4930
  1.5321   0.1844   3.5065
  1.5310   0.1758   3.5194
  1.5300   0.1671   3.5318
  1.5290   0.1584   3.5435
  1.5281   0.1497   3.5546
  1.5272   0.1409   3.5651
  1.5264   0.1321   3.5749
  1.5256   0.1233   3.5842
  1.5249   0.1144   3.5928
  1.5242   0.1054   3.6008
  1.5236   0.0964   3.6082
  1.5230   0.0874   3.6150
  1.5224   0.0783   3.6212
  1.5219   0.0692   3.6269
  1.5215   0.0601   3.6319
  1.5211   0.0508   3.6363
  1.5207   0.0416   3.6402
  1.5204   0.0323   3.6435
  1.5201   0.0229   3.6462
  1.5198   0.0135   3.6484
  1.5196   0.0041   3.6500
  1.5195  -0.0054   3.6511
  1.5193  -0.0149   3.6517
  1.5193  -0.0245   3.6517
  1.5192  -0.0341   3.6511
  1.5192  -0.0437   3.6501
  1.5193  -0.0534   3.6485
  1.5194  -0.0632   3.6464
  1.5195  -0.0730   3.6437
  1.5197  -0.0828   3.6406
  1.5200  -0.0927   3.6369
  1.5202  -0.1026   3.6327
  1.5206  -0.1125   3.6280
  1.5209  -0.1225   3.6228
  1.5214  -0.1325   3.6170
  1.5218  -0.1426   3.6107
  1.5223  -0.1527   3.6039
  1.5229  -0.1629   3.5965
  1.5235  -0.1730   3.5885
  1.5242  -0.1833   3.5800
  1.5249  -0.1935   3.5708
  1.5257  -0.2038   3.5611
  1.5266  -0.2141   3.5506
  1.5275  -0.2244   3.5395
  1.5284  -0.2348   3.5276
  1.5295  -0.2451   3.5148
  1.5306  -0.2555   3.5012
  1.5318  -0.2658   3.4866
  1.5330  -0.2761   3.4709
  1.5344  -0.2863   3.4539
  1.5359  -0.2965   3.4355
  1.5374  -0.3066   3.4154
  1.5391  -0.3165   3.3934
  1.5409  -0.3262   3.3691
  1.5430  -0.3357   3.3419
  1.5452  -0.3447   3.3105
  1.5479  -0.3524   3.2693
  1.5511  -0.3588   3.2170
  1.5550  -0.3634   3.1519
  1.5598  -0.3653   3.0664
  1.5655  -0.3649   2.9640
  1.5710  -0.3657   2.8706
  1.5733  -0.3767   2.8521
  1.5678  -0.4116   3.0087
  1.5595  -0.4588   3.2426
  1.5582  -0.4670   3.2445
  1.5582  -0.4769   3.2446
  1.5581  -0.4868   3.2445
  1.5580  -0.4966   3.2445
  1.5579  -0.5065   3.2444
  1.5578  -0.5164   3.2443
  1.5577  -0.5263   3.2442
  1.5576  -0.5362   3.2442
  1.5576  -0.5460   3.2441
  1.5575  -0.5559   3.2440
  1.5574  -0.5658   3.2439
  1.5534  -0.5712   3.2876
  1.5526  -0.5603   3.1533
  1.5518  -0.5493   3.0204
  1.5510  -0.5381   2.8890
  1.5502  -0.5268   2.7590
  1.5494  -0.5154   2.6304
  1.5486  -0.5040   2.5033
  1.5477  -0.4924   2.3775
  1.5469  -0.4807   2.2532
  1.5460  -0.4690   2.1303
  1.5452  -0.4571   2.0088
  1.5443  -0.4451   1.8887
  1.5434  -0.4331   1.7700
  1.5425  -0.4210   1.6527
  1.5416  -0.4088   1.5369
  1.5406  -0.3965   1.4225
  1.5397  -0.3841   1.3095
  1.5388  -0.3716   1.1979
  1.5378  -0.3591   1.0877
  1.5368  -0.3464   0.9790
  1.5359  -0.3337   0.8717
  1.5349  -0.3210   0.7658
  1.5339  -0.3081   0.6613
  1.5329  -0.2952   0.5582
  1.5319  -0.2822   0.4566
  1.5309  -0.2691   0.3564
  1.5299  -0.2559   0.2576
  1.5290  -0.2427   0.1601
  1.5280  -0.2294   0.0641
  1.5270  -0.2161  -0.0304
  1.5260  -0.2026  -0.1236
  1.5251  -0.1892  -0.2155
  1.5241  -0.1756  -0.3059
  1.5232  -0.1620  -0.3949
  1.5223  -0.1483  -0.4826
  1.5214  -0.1346  -0.5689
  1.5205  -0.1208  -0.6538
  1.5196  -0.1070  -0.7374
  1.5187  -0.0931  -0.8197
  1.5179  -0.0792  -0.9006
  1.5171  -0.0652  -0.9802
  1.5163  -0.0511  -1.0584
  1.5156  -0.0371  -1.1354
  1.5149  -0.0229  -1.2111
  1.5142  -0.0088  -1.2856
  1.5135   0.0055  -1.3587
  1.5129   0.0197  -1.4306
  1.5123   0.0340  -1.5013
  1.5118   0.0483  -1.5708
  1.5113   0.0627  -1.6390
  1.5108   0.0771  -1.7061
  1.5104   0.0915  -1.7720
  1.5100   0.1060  -1.8368
  1.5096   0.1205  -1.9004
  1.5093   0.1350  -1.9629
  1.5091   0.1495  -2.0243
  1.5088   0.1640  -2.0846
  1.5087   0.1786  -2.1438
  1.5086   0.1932  -2.2020
  1.5085   0.2078  -2.2592
  1.5085   0.2225  -2.3154
  1.5085   0.2371  -2.3706
  1.5086   0.2518  -2.4249
  1.5087   0.2664  -2.4782
  1.5089   0.2811  -2.5306
  1.5092   0.2958  -2.5821
  1.5095   0.3105  -2.6328
  1.5099   0.3252  -2.6826
  1.5103   0.3400  -2.7316
  1.5107   0.3547  -2.7798
  1.5113   0.3694  -2.8272
  1.5119   0.3841  -2.8739
  1.5125   0.3989  -2.9199
  1.5132   0.4136  -2.9653
  1.5140   0.4283  -3.0100
  1.5148   0.4430  -3.0540
  1.5157   0.4577  -3.0976
  1.5166   0.4724  -3.1405
  1.5177   0.4871  -3.1831
  1.5187   0.5018  -3.2251
  1.5187   0.5018  -3.2251
  1.4950   0.4558  -2.9533
  1.4742   0.4185  -2.7166
  1.4633   0.3979  -2.5897
  1.4592   0.3880  -2.5352
  1.4594   0.3844  -2.5242
  1.4621   0.3841  -2.5371
  1.4658   0.3849  -2.5596
  1.4693   0.3852  -2.5815
  1.4721   0.3843  -2.5965
  1.4740   0.3821  -2.6051
  1.4752   0.3788  -2.6076
  1.4760   0.3747  -2.6076
  1.4764   0.3701  -2.6061
  1.4766   0.3650  -2.6037
  1.4765   0.3595  -2.6009
  1.4763   0.3536  -2.5977
  1.4760   0.3474  -2.5942
  1.4754   0.3408  -2.5904
  1.4748   0.3338  -2.5862
  1.4739   0.3265  -2.5817
  1.4730   0.3188  -2.5769
  1.4720   0.3109  -2.5721
  1.4709   0.3026  -2.5674
  1.4698   0.2942  -2.5630
  1.4687   0.2855  -2.5592
  1.4675   0.2767  -2.5559
  1.4664   0.2677  -2.5533
  1.4653   0.2585  -2.5515
  1.4642   0.2492  -2.5504
  1.4632   0.2398  -2.5501
  1.4622   0.2303  -2.5506
  1.4613   0.2207  -2.5518
  1.4604   0.2110  -2.5538
  1.4595   0.2012  -2.5566
  1.4587   0.1913  -2.5601
  1.4580   0.1813  -2.5644
  1.4574   0.1713  -2.5693
  1.4568   0.1611  -2.5749
  1.4563   0.1510  -2.5811
  1.4558   0.1407  -2.5879
  1.4554   0.1304  -2.5954
  1.4551   0.1201  -2.6034
  1.4548   0.1097  -2.6119
  1.4547   0.0993  -2.6210
  1.4546   0.0888  -2.6306
  1.4545   0.0783  -2.6406
  1.4546   0.0677  -2.6510
  1.4547   0.0572  -2.6619
  1.4549   0.0465  -2.6732
  1.4552   0.0359  -2.6848
  1.4555   0.0252  -2.6968
  1.4559   0.0145  -2.7092
  1.4564   0.0038  -2.7218
  1.4570  -0.0069  -2.7347
  1.4577  -0.0176  -2.7478
  1.4584  -0.0283  -2.7612
  1.4592  -0.0391  -2.7748
  1.4601  -0.0498  -2.7884
  1.4610  -0.0606  -2.8022
  1.4621  -0.0713  -2.8160
  1.4632  -0.0820  -2.8298
  1.4644  -0.0926  -2.8435
  1.4656  -0.1032  -2.8569
  1.4669  -0.1138  -2.8700
  1.4683  -0.1242  -2.8826
  1.4697  -0.1345  -2.8943
  1.4712  -0.1447  -2.9050
  1.4727  -0.1547  -2.9141
  1.4743  -0.1643  -2.9211
  1.4758  -0.1735  -2.9247
  1.4773  -0.1821  -2.9238
  1.4788  -0.1900  -2.9173
  1.4801  -0.1969  -2.9030
  1.4812  -0.2025  -2.8792
  1.4821  -0.2074  -2.8485
  1.4831  -0.2135  -2.8244
  1.4847  -0.2249  -2.8361
  1.4883  -0.2493  -2.9412
  1.4956  -0.2952  -3.2029
  1.4940  -0.3043  -3.1828
  1.4939  -0.3143  -3.1829
  1.4938  -0.3242  -3.1829
  1.4938  -0.3341  -3.1828
  1.4937  -0.3440  -3.1828
  1.4936  -0.3540  -3.1827
  1.4935  -0.3639  -3.1827
  1.4935  -0.3738  -3.1826
  1.4934  -0.3837  -3.1826
  1.4933  -0.3936  -3.1825
  1.4932  -0.4036  -3.1824
  1.4932  -0.4135  -3.1824
  1.4931  -0.4234  -3.1823
  1.4930  -0.4333  -3.1823
  1.4930  -0.4432  -3.1822
  1.4929  -0.4532  -3.1822
  1.4942  -0.4624  -3.2507
  1.4947  -0.4531  -3.2098
  1.4952  -0.4438  -3.1676
  1.4956  -0.4345  -3.1242
  1.4961  -0.4253  -3.0797
  1.4966  -0.4161  -3.0339
  1.4970  -0.4070  -2.9870
  1.4975  -0.3978  -2.9389
  1.4979  -0.3887  -2.8897
  1.4983  -0.3796  -2.8394
  1.4988  -0.3705  -2.7880
  1.4992  -0.3614  -2.7355
  1.4996  -0.3523  -2.6820
  1.5000  -0.3432  -2.6273
  1.5005  -0.3342  -2.5716
  1.5009  -0.3251  -2.5148
  1.5013  -0.3161  -2.4570
  1.5017  -0.3071  -2.3980
  1.5021  -0.2980  -2.3380
  1.5025  -0.2890  -2.2770
  1.5029  -0.2800  -2.2149
  1.5033  -0.2710  -2.1517
  1.5037  -0.2620  -2.0874
  1.5041  -0.2530  -2.0220
  1.5045  -0.2440  -1.9556
  1.5050  -0.2350  -1.8881
  1.5054  -0.2260  -1.8195
  1.5058  -0.2170  -1.7498
  1.5062  -0.2080  -1.6790
  1.5066  -0.1989  -1.6071
  1.5070  -0.1899  -1.5341
  1.5074  -0.1809  -1.4599
  1.5078  -0.1719  -1.3847
  1.5082  -0.1629  -1.3083
  1.5086  -0.1539  -1.2309
  1.5090  -0.1449  -1.1522
  1.5095  -0.1359  -1.0725
  1.5099  -0.1268  -0.9916
  1.5103  -0.1178  -0.9096
  1.5108  -0.1088  -0.8264
  1.5112  -0.0997  -0.7421
  1.5117  -0.0907  -0.6566
  1.5122  -0.0816  -0.5700
  1.5127  -0.0726  -0.4823
  1.5132  -0.0635  -0.3934
  1.5137  -0.0544  -0.3033
  1.5142  -0.0454  -0.2121
  1.5147  -0.0363  -0.1197
  1.5153  -0.0272  -0.0262
  1.5158  -0.0181   0.0684
  1.5164  -0.0090   0.1642
  1.5171   0.0001   0.2611
  1.5177   0.0092   0.3591
  1.5183   0.0183   0.4583
  1.5190   0.0275   0.5586
  1.5197   0.0366   0.6599
  1.5205   0.0457   0.7624
  1.5213   0.0549   0.8660
  1.5221   0.0640   0.9706
  1.5229   0.0731   1.0763
  1.5238   0.0823   1.1831
  1.5247   0.0914   1.2909
  1.5256   0.1005   1.3997
  1.5266   0.1096   1.5096
  1.5276   0.1188   1.6204
  1.5287   0.1279   1.7322
  1.5298   0.1370   1.8450
  1.5309   0.1461   1.9588
  1.5321   0.1551   2.0735
  1.5334   0.1642   2.1891
  1.5347   0.1732   2.3056
  1.5360   0.1823   2.4231
  1.5374   0.1913   2.5414
  1.5388   0.2002   2.6605
  1.5403   0.2092   2.7805
  1.5419   0.2181   2.9013
  1.5435   0.2270   3.0229
  1.5451   0.2359   3.1454
  1.5468   0.2447   3.2685
  1.5486   0.2534   3.3925
  1.5486   0.2534   3.3925
  1.5353   0.2125   3.1882
  1.5217   0.1742   3.0129
  1.5157   0.1576   2.9874
  1.5167   0.1595   3.0864
  1.5192   0.1650   3.2080
  1.5208   0.1680   3.3117
  1.5214   0.1681   3.3951
  1.5215   0.1666   3.4675
  1.5213   0.1638   3.5304
  1.5207   0.1599   3.5854
  1.5200   0.1552   3.6335
  1.5191   0.1497   3.6763
  1.5182   0.1437   3.7148
  1.5172   0.1372   3.7497
  1.5161   0.1304   3.7814
  1.5151   0.1233   3.8105
  1.5141   0.1160   3.8372
  1.5131   0.1084   3.8618
  1.5121   0.1006   3.8843
  1.5112   0.0926   3.9051
  1.5103   0.0844   3.9241
  1.5094   0.0761   3.9416
  1.5085   0.0676   3.9575
  1.5077   0.0590   3.9720
  1.5069   0.0503   3.9850
  1.5062   0.0414   3.9967
  1.5055   0.0324   4.0070
  1.5048   0.0233   4.0163
  1.5042   0.0141   4.0245
  1.5036   0.0049   4.0318
  1.5031  -0.0044   4.0382
  1.5027  -0.0138   4.0436
  1.5022  -0.0232   4.0481
  1.5019  -0.0328   4.0518
  1.5016  -0.0423   4.0546
  1.5013  -0.0520   4.0566
  1.5011  -0.0616   4.0577
  1.5010  -0.0714   4.0580
  1.5009  -0.0812   4.0576
  1.5009  -0.0911   4.0563
  1.5009  -0.1010   4.0543
  1.5010  -0.1109   4.0515
  1.5011  -0.1210   4.0479
  1.5013  -0.1310   4.0437
  1.5016  -0.1412   4.0386
  1.5019  -0.1513   4.0329
  1.5023  -0.1615   4.0265
  1.5027  -0.1718   4.0194
  1.5032  -0.1821   4.0115
  1.5038  -0.1925   4.0030
  1.5044  -0.2029   3.9939
  1.5051  -0.2133   3.9841
  1.5059  -0.2238   3.9736
  1.5067  -0.2343   3.9624
  1.5076  -0.2449   3.9507
  1.5086  -0.2555   3.9383
  1.5096  -0.2662   3.9252
  1.5107  -0.2769   3.9116
  1.5119  -0.2877   3.8973
  1.5131  -0.2985   3.8824
  1.5144  -0.3093   3.8668
  1.5157  -0.3202   3.8507
  1.5172  -0.3312   3.8339
  1.5186  -0.3422   3.8165
  1.5202  -0.3533   3.7985
  1.5218  -0.3644   3.7799
  1.5235  -0.3756   3.7607
  1.5252  -0.3869   3.7408
  1.5270  -0.3983   3.7203
  1.5288  -0.4098   3.6991
  1.5307  -0.4214   3.6772
  1.5326  -0.4332   3.6547
  1.5272  -0.4401   3.7072
  1.5270  -0.4325   3.5620
  1.5268  -0.4248   3.4196
  1.5265  -0.4168   3.2797
  1.5262  -0.4086   3.1422
  1.5258  -0.4002   3.0071
  1.5254  -0.3916   2.8743
  1.5250  -0.3829   2.7436
  1.5245  -0.3739   2.6150
  1.5239  -0.3649   2.4883
  1.5233  -0.3556   2.3636
  1.5227  -0.3463   2.2408
  1.5220  -0.3368   2.1198
  1.5213  -0.3271   2.0005
  1.5206  -0.3174   1.8829
  1.5198  -0.3075   1.7669
  1.5190  -0.2974   1.6525
  1.5182  -0.2873   1.5397
  1.5173  -0.2771   1.4285
  1.5164  -0.2667   1.3187
  1.5155  -0.2563   1.2104
  1.5145  -0.2457   1.1035
  1.5135  -0.2350   0.9981
  1.5125  -0.2243   0.8940
  1.5115  -0.2134   0.7914
  1.5104  -0.2024   0.6901
  1.5093  -0.1913   0.5901
  1.5082  -0.1802   0.4915
  1.5071  -0.1689   0.3942
  1.5060  -0.1576   0.2983
  1.5049  -0.1461   0.2036
  1.5037  -0.1346   0.1102
  1.5026  -0.1230   0.0182
  1.5014  -0.1113  -0.0726
  1.5003  -0.0995  -0.1621
  1.4991  -0.0876  -0.2504
  1.4980  -0.0756  -0.3373
  1.4968  -0.0635  -0.4230
  1.4956  -0.0514  -0.5074
  1.4945  -0.0392  -0.5906
  1.4934  -0.0269  -0.6724
  1.4922  -0.0145  -0.7531
  1.4911  -0.0020  -0.8324
  1.4900   0.0106  -0.9106
  1.4889   0.0232  -0.9874
  1.4879   0.0359  -1.0630
  1.4868   0.0487  -1.1374
  1.4858   0.0616  -1.2105
  1.4848   0.0745  -1.2824
  1.4838   0.0875  -1.3530
  1.4828   0.1006  -1.4224
  1.4819   0.1138  -1.4906
  1.4810   0.1270  -1.5575
  1.4801   0.1403  -1.6232
  1.4792   0.1537  -1.6877
  1.4784   0.1671  -1.7510
  1.4776   0.1806  -1.8130
  1.4769   0.1941  -1.8739
  1.4761   0.2078  -1.9335
  1.4754   0.2214  -1.9920
  1.4748   0.2351  -2.0493
  1.4741   0.2489  -2.1055
  1.4735   0.2628  -2.1604
  1.4730   0.2767  -2.2143
  1.4724   0.2906  -2.2670
  1.4719   0.3046  -2.3186
  1.4714   0.3186  -2.3691
  1.4710   0.3326  -2.4185
  1.4706   0.3467  -2.4669
  1.4702   0.3609  -2.5142
  1.4698   0.3750  -2.5604
  1.4695   0.3892  -2.6057
  1.4692   0.4035  -2.6500
  1.4689   0.4177  -2.6934
  1.4687   0.4320  -2.7358
  1.4685   0.4462  -2.7773
  1.4683   0.4605  -2.8180
  1.4681   0.4748  -2.8579
  1.4679   0.4891  -2.8969
  1.4677   0.5034  -2.9353
  1.4677   0.5034  -2.9353
  1.4629   0.4927  -2.8686
  1.4587   0.4826  -2.8101
  1.4550   0.4731  -2.7585
  1.4518   0.4639  -2.7127
  1.4489   0.4550  -2.6717
  1.4463   0.4463  -2.6349
  1.4439   0.4377  -2.6016
  1.4417   0.4292  -2.5713
  1.4397   0.4208  -2.5437
  1.4377   0.4124  -2.5183
  1.4359   0.4040  -2.4951
  1.4342   0.3955  -2.4737
  1.4326   0.3871  -2.4539
  1.4310   0.3785  -2.4357
  1.4295   0.3699  -2.4189
  1.4280   0.3613  -2.4034
  1.4266   0.3526  -2.3891
  1.4252   0.3438  -2.3759
  1.4239   0.3350  -2.3639
  1.4227   0.3260  -2.3529
  1.4214   0.3170  -2.3429
  1.4202   0.3080  -2.3338
  1.4191   0.2988  -2.3256
  1.4180   0.2896  -2.3183
  1.4170   0.2803  -2.3118
  1.4160   0.2710  -2.3062
  1.4150   0.2616  -2.3013
  1.4141   0.2521  -2.2972
  1.4132   0.2425  -2.2938
  1.4124   0.2329  -2.2912
  1.4116   0.2233  -2.2892
  1.4108   0.2135  -2.2879
  1.4102   0.2038  -2.2872
  1.4095   0.1939  -2.2872
  1.4089   0.1840  -2.2878
  1.4084   0.1741  -2.2889
  1.4079   0.1641  -2.2906
  1.4075   0.1541  -2.2929
  1.4071   0.1440  -2.2958
  1.4068   0.1339  -2.2991
  1.4065   0.1237  -2.3030
  1.4063   0.1135  -2.3073
  1.4061   0.1033  -2.3121
  1.4060   0.0930  -2.3174
  1.4059   0.0827  -2.3231
  1.4060   0.0723  -2.3293
  1.4060   0.0619  -2.3359
  1.4062   0.0515  -2.3430
  1.4063   0.0411  -2.3504
  1.4066   0.0306  -2.3582
  1.4069   0.0201  -2.3665
  1.4073   0.0096  -2.3751
  1.4077  -0.0010  -2.3841
  1.4082  -0.0115  -2.3935
  1.4088  -0.0221  -2.4033
  1.4094  -0.0327  -2.4134
  1.4101  -0.0434  -2.4239
  1.4109  -0.0540  -2.4348
  1.4117  -0.0647  -2.4462
  1.4126  -0.0754  -2.4579
  1.4135  -0.0861  -2.4700
  1.4146  -0.0968  -2.4826
  1.4157  -0.1076  -2.4957
  1.4169  -0.1183  -2.5094
  1.4181  -0.1291  -2.5236
  1.4194  -0.1399  -2.5384
  1.4209  -0.1508  -2.5541
  1.4224  -0.1617  -2.5705
  1.4239  -0.1726  -2.5880
  1.4256  -0.1836  -2.6067
  1.4274  -0.1946  -2.6268
  1.4293  -0.2057  -2.6485
  1.4313  -0.2169  -2.6723
  1.4334  -0.2282  -2.6986
  1.4357  -0.2397  -2.7280
  1.4382  -0.2513  -2.7612
  1.4409  -0.2632  -2.7991
  1.4438  -0.2754  -2.8427
