  0.0000   0.2565  -0.1200
  0.0000   0.2565  -0.1200
  0.0000   0.2565  -0.1200
  0.0000   0.2565  -0.1201
  0.0000   0.2565  -0.1202
  0.0001   0.2565  -0.1204
  0.0001   0.2566  -0.1206
  0.0001   0.2566  -0.1209
  0.0002   0.2566  -0.1212
  0.0002   0.2566  -0.1216
  0.0003   0.2567  -0.1220
  0.0003   0.2567  -0.1224
  0.0004   0.2568  -0.1229
  0.0005   0.2568  -0.1234
  0.0006   0.2569  -0.1239
  0.0007   0.2569  -0.1245
  0.0008   0.2570  -0.1252
  0.0009   0.2570  -0.1258
  0.0010   0.2571  -0.1265
  0.0011   0.2572  -0.1272
  0.0012   0.2572  -0.1280
  0.0013   0.2573  -0.1288
  0.0014   0.2574  -0.1296
  0.0016   0.2575  -0.1304
  0.0017   0.2576  -0.1313
  0.0018   0.2577  -0.1321
  0.0020   0.2578  -0.1330
  0.0021   0.2578  -0.1340
  0.0023   0.2579  -0.1349
  0.0025   0.2580  -0.1359
  0.0026   0.2581  -0.1369
  0.0028   0.2583  -0.1379
  0.0030   0.2584  -0.1389
  0.0032   0.2585  -0.1399
  0.0034   0.2586  -0.1410
  0.0035   0.2587  -0.1420
  0.0037   0.2588  -0.1431
  0.0039   0.2590  -0.1442
  0.0041   0.2591  -0.1453
  0.0044   0.2592  -0.1464
  0.0046   0.2593  -0.1475
  0.0048   0.2595  -0.1486
  0.0050   0.2596  -0.1497
  0.0052   0.2597  -0.1508
  0.0055   0.2599  -0.1520
  0.0057   0.2600  -0.1531
  0.0059   0.2602  -0.1542
  0.0062   0.2603  -0.1554
  0.0064   0.2605  -0.1565
  0.0067   0.2606  -0.1576
  0.0069   0.2608  -0.1588
  0.0072   0.2609  -0.1599
  0.0074   0.2611  -0.1610
  0.0077   0.2612  -0.1622
  0.0079   0.2614  -0.1633
  0.0082   0.2615  -0.1644
  0.0085   0.2617  -0.1655
  0.0087   0.2619  -0.1666
  0.0090   0.2620  -0.1677
  0.0093   0.2622  -0.1687
  0.0096   0.2624  -0.1698
  0.0099   0.2625  -0.1708
  0.0102   0.2627  -0.1719
  0.0104   0.2629  -0.1729
  0.0107   0.2631  -0.1739
  0.0110   0.2632  -0.1749
  0.0113   0.2634  -0.1759
  0.0116   0.2636  -0.1768
  0.0119   0.2638  -0.1778
  0.0122   0.2640  -0.1787
  0.0125   0.2641  -0.1796
  0.0128   0.2643  -0.1805
  0.0132   0.2645  -0.1814
  0.0135   0.2647  -0.1823
  0.0138   0.2649  -0.1831
  0.0141   0.2651  -0.1839
  0.0144   0.2653  -0.1848
  0.0147   0.2655  -0.1855
  0.0151   0.2657  -0.1863
  0.0154   0.2659  -0.1871
  0.0157   0.2661  -0.1878
  0.0161   0.2663  -0.1885
  0.0164   0.2665  -0.1892
  0.0167   0.2667  -0.1899
  0.0171   0.2669  -0.1905
  0.0174   0.2671  -0.1911
  0.0177   0.2673  -0.1917
  0.0181   0.2675  -0.1923
  0.0184   0.2677  -0.1928
  0.0188   0.2679  -0.1934
  0.0191   0.2681  -0.1939
  0.0195   0.2683  -0.1944
  0.0198   0.2686  -0.1948
  0.0202   0.2688  -0.1952
  0.0205   0.2690  -0.1957
  0.0209   0.2692  -0.1960
  0.0212   0.2694  -0.1964
  0.0216   0.2697  -0.1967
  0.0219   0.2699  -0.1970
  0.0223   0.2701  -0.1973
  0.0226   0.2703  -0.1975
  0.0230   0.2706  -0.1977
  0.0234   0.2708  -0.1979
  0.0237   0.2710  -0.1981
  0.0241   0.2712  -0.1982
  0.0245   0.2715  -0.1983
  0.0248   0.2717  -0.1983
  0.0252   0.2719  -0.1983
  0.0256   0.2722  -0.1983
  0.0260   0.2724  -0.1983
  0.0263   0.2726  -0.1982
  0.0267   0.2728  -0.1981
  0.0271   0.2731  -0.1979
  0.0275   0.2733  -0.1978
  0.0278   0.2736  -0.1975
  0.0282   0.2738  -0.1973
  0.0286   0.2740  -0.1970
  0.0290   0.2743  -0.1967
  0.0294   0.2745  -0.1963
  0.0297   0.2747  -0.1959
  0.0297   0.2747  -0.1959
  0.0301   0.2750  -0.1954
  0.0305   0.2752  -0.1950
  0.0309   0.2754  -0.1945
  0.0313   0.2757  -0.1941
  0.0317   0.2759  -0.1936
  0.0321   0.2761  -0.1932
  0.0325   0.2763  -0.1927
  0.0330   0.2765  -0.1923
  0.0334   0.2768  -0.1918
  0.0338   0.2770  -0.1914
  0.0342   0.2772  -0.1910
  0.0347   0.2774  -0.1905
  0.0351   0.2776  -0.1901
  0.0356   0.2778  -0.1897
  0.0360   0.2780  -0.1893
  0.0365   0.2782  -0.1889
  0.0370   0.2784  -0.1884
  0.0374   0.2786  -0.1880
  0.0379   0.2788  -0.1876
  0.0384   0.2790  -0.1873
  0.0389   0.2792  -0.1869
  0.0394   0.2794  -0.1865
  0.0399   0.2795  -0.1861
  0.0404   0.2797  -0.1857
  0.0409   0.2799  -0.1854
  0.0414   0.2801  -0.1850
  0.0419   0.2803  -0.1846
  0.0424   0.2805  -0.1843
  0.0429   0.2807  -0.1839
  0.0435   0.2808  -0.1836
  0.0440   0.2810  -0.1833
  0.0446   0.2812  -0.1829
  0.0451   0.2814  -0.1826
  0.0457   0.2816  -0.1822
  0.0462   0.2817  -0.1819
  0.0468   0.2819  -0.1816
  0.0473   0.2821  -0.1813
  0.0479   0.2823  -0.1809
  0.0485   0.2824  -0.1806
  0.0491   0.2826  -0.1803
  0.0497   0.2828  -0.1800
  0.0503   0.2830  -0.1796
  0.0509   0.2831  -0.1793
  0.0515   0.2833  -0.1790
  0.0521   0.2835  -0.1787
  0.0527   0.2837  -0.1784
  0.0533   0.2839  -0.1781
  0.0539   0.2840  -0.1777
  0.0545   0.2842  -0.1774
  0.0552   0.2844  -0.1771
  0.0558   0.2846  -0.1768
  0.0565   0.2847  -0.1764
  0.0571   0.2849  -0.1761
  0.0578   0.2851  -0.1758
  0.0584   0.2853  -0.1755
  0.0591   0.2855  -0.1751
  0.0598   0.2856  -0.1748
  0.0604   0.2858  -0.1744
  0.0611   0.2860  -0.1741
  0.0618   0.2862  -0.1737
  0.0625   0.2864  -0.1734
  0.0632   0.2866  -0.1730
  0.0639   0.2867  -0.1727
  0.0646   0.2869  -0.1723
  0.0653   0.2871  -0.1719
  0.0660   0.2873  -0.1716
  0.0668   0.2875  -0.1712
  0.0675   0.2877  -0.1708
  0.0682   0.2879  -0.1704
  0.0690   0.2881  -0.1700
  0.0697   0.2883  -0.1696
  0.0704   0.2885  -0.1692
  0.0712   0.2887  -0.1688
  0.0720   0.2889  -0.1683
  0.0727   0.2891  -0.1679
  0.0735   0.2893  -0.1674
  0.0743   0.2895  -0.1670
  0.0750   0.2897  -0.1665
  0.0758   0.2899  -0.1661
  0.0766   0.2901  -0.1656
  0.0774   0.2903  -0.1651
  0.0782   0.2906  -0.1646
  0.0790   0.2908  -0.1641
  0.0798   0.2910  -0.1635
  0.0807   0.2912  -0.1630
  0.0815   0.2915  -0.1625
  0.0823   0.2917  -0.1619
  0.0831   0.2919  -0.1613
  0.0840   0.2922  -0.1607
  0.0848   0.2924  -0.1601
  0.0857   0.2927  -0.1595
  0.0865   0.2929  -0.1589
  0.0874   0.2932  -0.1583
  0.0883   0.2934  -0.1576
  0.0891   0.2937  -0.1570
  0.0900   0.2939  -0.1563
  0.0909   0.2942  -0.1556
  0.0918   0.2945  -0.1549
  0.0927   0.2947  -0.1542
  0.0000   0.2947  -0.1542
  0.0009   0.2950  -0.1535
  0.0018   0.2952  -0.1527
  0.0027   0.2955  -0.1520
  0.0036   0.2958  -0.1512
  0.0045   0.2961  -0.1504
  0.0055   0.2963  -0.1497
  0.0064   0.2966  -0.1489
  0.0073   0.2969  -0.1481
  0.0083   0.2971  -0.1472
  0.0092   0.2974  -0.1464
  0.0101   0.2976  -0.1456
  0.0111   0.2979  -0.1447
  0.0120   0.2982  -0.1438
  0.0130   0.2984  -0.1429
  0.0139   0.2987  -0.1420
  0.0149   0.2989  -0.1411
  0.0159   0.2992  -0.1402
  0.0168   0.2994  -0.1392
  0.0178   0.2997  -0.1382
  0.0188   0.2999  -0.1372
  0.0198   0.3001  -0.1362
  0.0207   0.3004  -0.1352
  0.0217   0.3006  -0.1342
  0.0227   0.3009  -0.1331
  0.0237   0.3011  -0.1320
  0.0247   0.3013  -0.1309
  0.0257   0.3016  -0.1298
  0.0268   0.3018  -0.1286
  0.0278   0.3020  -0.1275
  0.0288   0.3023  -0.1263
  0.0298   0.3025  -0.1251
  0.0309   0.3027  -0.1238
  0.0319   0.3030  -0.1226
  0.0329   0.3032  -0.1213
  0.0340   0.3034  -0.1200
  0.0350   0.3036  -0.1186
  0.0361   0.3039  -0.1173
  0.0371   0.3041  -0.1159
  0.0382   0.3043  -0.1145
  0.0393   0.3045  -0.1130
  0.0403   0.3048  -0.1115
  0.0414   0.3050  -0.1100
  0.0425   0.3052  -0.1085
  0.0436   0.3054  -0.1069
  0.0447   0.3057  -0.1053
  0.0458   0.3059  -0.1037
  0.0469   0.3061  -0.1021
  0.0480   0.3063  -0.1004
  0.0491   0.3065  -0.0987
  0.0502   0.3068  -0.0969
  0.0513   0.3070  -0.0951
  0.0524   0.3072  -0.0933
  0.0536   0.3074  -0.0914
  0.0547   0.3077  -0.0895
  0.0559   0.3079  -0.0876
  0.0570   0.3081  -0.0856
  0.0582   0.3083  -0.0836
  0.0593   0.3086  -0.0815
  0.0605   0.3088  -0.0795
  0.0616   0.3090  -0.0773
  0.0628   0.3092  -0.0751
  0.0640   0.3095  -0.0729
  0.0652   0.3097  -0.0707
  0.0664   0.3099  -0.0683
  0.0675   0.3102  -0.0660
  0.0687   0.3104  -0.0636
  0.0699   0.3106  -0.0611
  0.0712   0.3109  -0.0586
  0.0724   0.3111  -0.0561
  0.0736   0.3113  -0.0535
  0.0748   0.3116  -0.0509
  0.0760   0.3118  -0.0482
  0.0773   0.3121  -0.0454
  0.0785   0.3123  -0.0426
  0.0798   0.3126  -0.0398
  0.0810   0.3128  -0.0368
  0.0823   0.3131  -0.0339
  0.0836   0.3133  -0.0308
  0.0848   0.3136  -0.0277
  0.0848   0.3136  -0.0277
  0.0861   0.3139  -0.0246
  0.0874   0.3141  -0.0215
  0.0886   0.3144  -0.0184
  0.0899   0.3146  -0.0154
  0.0912   0.3148  -0.0123
  0.0925   0.3150  -0.0093
  0.0937   0.3152  -0.0063
  0.0950   0.3154  -0.0034
  0.0963   0.3156  -0.0004
  0.0975   0.3157   0.0026
  0.0988   0.3159   0.0056
  0.1000   0.3160   0.0085
  0.1013   0.3162   0.0115
  0.1026   0.3163   0.0144
  0.1038   0.3164   0.0174
  0.1051   0.3165   0.0204
  0.1064   0.3166   0.0233
  0.1076   0.3167   0.0263
  0.1089   0.3168   0.0292
  0.1101   0.3169   0.0322
  0.1114   0.3170   0.0351
  0.1126   0.3170   0.0381
  0.1139   0.3171   0.0410
  0.1152   0.3171   0.0440
  0.1164   0.3171   0.0469
  0.1177   0.3172   0.0499
  0.1189   0.3172   0.0528
  0.1202   0.3172   0.0558
  0.1214   0.3172   0.0588
  0.1227   0.3171   0.0617
  0.1239   0.3171   0.0647
  0.1252   0.3171   0.0676
  0.1265   0.3170   0.0706
  0.1277   0.3170   0.0736
  0.1290   0.3169   0.0765
  0.1302   0.3168   0.0795
  0.1315   0.3168   0.0824
  0.1327   0.3167   0.0854
  0.1340   0.3166   0.0884
  0.1352   0.3164   0.0913
  0.1365   0.3163   0.0943
  0.1377   0.3162   0.0972
  0.1390   0.3161   0.1002
  0.1402   0.3159   0.1032
  0.1415   0.3157   0.1061
  0.1428   0.3156   0.1091
  0.1440   0.3154   0.1120
  0.1453   0.3152   0.1150
  0.1465   0.3150   0.1179
  0.1478   0.3148   0.1209
  0.1490   0.3146   0.1238
  0.1503   0.3143   0.1268
  0.1516   0.3141   0.1297
  0.1528   0.3138   0.1327
  0.1541   0.3136   0.1356
  0.1553   0.3133   0.1385
  0.1566   0.3130   0.1415
  0.1579   0.3127   0.1444
  0.1591   0.3124   0.1473
  0.1604   0.3121   0.1502
  0.1616   0.3118   0.1531
  0.1629   0.3114   0.1560
  0.1642   0.3111   0.1589
  0.1654   0.3107   0.1618
  0.1667   0.3104   0.1647
  0.1680   0.3100   0.1676
  0.1692   0.3096   0.1705
  0.1705   0.3092   0.1733
  0.1718   0.3088   0.1762
  0.1731   0.3084   0.1790
  0.1743   0.3079   0.1819
  0.1756   0.3075   0.1847
  0.1769   0.3070   0.1876
  0.1782   0.3066   0.1904
  0.1794   0.3061   0.1932
  0.1807   0.3056   0.1960
  0.1820   0.3051   0.1989
  0.1833   0.3046   0.2017
  0.1846   0.3041   0.2045
  0.1846   0.3041   0.2045
  0.1858   0.3035   0.2074
  0.1871   0.3030   0.2101
  0.1884   0.3025   0.2128
  0.1897   0.3020   0.2153
  0.1910   0.3015   0.2176
  0.1923   0.3010   0.2199
  0.1936   0.3005   0.2220
  0.1949   0.3000   0.2241
  0.1962   0.2995   0.2260
  0.1975   0.2991   0.2277
  0.1988   0.2986   0.2294
  0.2001   0.2982   0.2310
  0.2014   0.2978   0.2324
  0.2027   0.2973   0.2338
  0.2040   0.2969   0.2350
  0.2053   0.2965   0.2362
  0.2066   0.2961   0.2372
  0.2079   0.2957   0.2381
  0.2092   0.2954   0.2389
  0.2105   0.2950   0.2396
  0.2118   0.2946   0.2402
  0.2131   0.2943   0.2407
  0.2145   0.2940   0.2411
  0.2158   0.2936   0.2415
  0.2171   0.2933   0.2417
  0.2184   0.2930   0.2418
  0.2197   0.2927   0.2418
  0.2210   0.2924   0.2417
  0.2224   0.2922   0.2416
  0.2237   0.2919   0.2413
  0.2250   0.2917   0.2410
  0.2263   0.2914   0.2405
  0.2277   0.2912   0.2400
  0.2290   0.2910   0.2394
  0.2303   0.2908   0.2387
  0.2316   0.2906   0.2379
  0.2330   0.2904   0.2370
  0.2343   0.2902   0.2361
  0.2356   0.2901   0.2350
  0.2370   0.2899   0.2339
  0.2383   0.2898   0.2327
  0.2396   0.2897   0.2314
  0.2410   0.2896   0.2300
  0.2423   0.2895   0.2285
  0.2437   0.2894   0.2270
  0.2450   0.2893   0.2254
  0.2464   0.2893   0.2237
  0.2477   0.2892   0.2219
  0.2490   0.2892   0.2201
  0.2504   0.2892   0.2182
  0.2517   0.2892   0.2162
  0.2531   0.2892   0.2141
  0.2545   0.2892   0.2120
  0.2558   0.2892   0.2098
  0.2572   0.2893   0.2075
  0.2585   0.2893   0.2051
  0.2599   0.2894   0.2027
  0.2612   0.2895   0.2002
  0.2626   0.2896   0.1977
  0.2640   0.2897   0.1950
  0.2654   0.2899   0.1923
  0.2667   0.2900   0.1896
  0.2681   0.2902   0.1868
  0.2695   0.2903   0.1839
  0.2708   0.2905   0.1809
  0.2722   0.2907   0.1779
  0.2736   0.2909   0.1748
  0.2750   0.2912   0.1717
  0.2764   0.2914   0.1685
  0.2778   0.2917   0.1652
  0.2792   0.2919   0.1619
  0.2806   0.2922   0.1585
  0.2820   0.2925   0.1550
  0.2834   0.2928   0.1515
  0.2848   0.2932   0.1480
  0.2862   0.2935   0.1444
  0.2876   0.2939   0.1407
  0.2890   0.2943   0.1370
  0.2904   0.2947   0.1332
  0.2904   0.2947   0.1332
  0.2918   0.2951   0.1293
  0.2932   0.2955   0.1256
  0.2946   0.2958   0.1219
  0.2960   0.2962   0.1182
  0.2974   0.2966   0.1147
  0.2988   0.2969   0.1111
  0.3002   0.2973   0.1076
  0.3016   0.2976   0.1042
  0.3030   0.2980   0.1008
  0.3044   0.2983   0.0974
  0.3058   0.2986   0.0940
  0.3072   0.2989   0.0907
  0.3086   0.2992   0.0874
  0.3100   0.2995   0.0841
  0.3114   0.2997   0.0809
  0.3127   0.3000   0.0776
  0.3141   0.3003   0.0744
  0.3155   0.3005   0.0712
  0.3169   0.3008   0.0680
  0.3183   0.3010   0.0648
  0.3196   0.3012   0.0616
  0.3210   0.3014   0.0584
  0.3224   0.3016   0.0553
  0.3237   0.3018   0.0521
  0.3251   0.3020   0.0489
  0.3265   0.3022   0.0458
  0.3279   0.3023   0.0427
  0.3292   0.3025   0.0395
  0.3306   0.3026   0.0364
  0.3320   0.3028   0.0332
  0.3333   0.3029   0.0301
  0.3347   0.3030   0.0270
  0.3361   0.3031   0.0238
  0.3374   0.3032   0.0207
  0.3388   0.3033   0.0176
  0.3402   0.3034   0.0144
  0.3415   0.3035   0.0113
  0.3429   0.3035   0.0081
  0.3442   0.3036   0.0050
  0.3456   0.3036   0.0018
  0.3470   0.3036  -0.0014
  0.3483   0.3036  -0.0046
  0.3497   0.3037  -0.0077
  0.3510   0.3036  -0.0109
  0.3524   0.3036  -0.0141
  0.3538   0.3036  -0.0174
  0.3551   0.3036  -0.0206
  0.3565   0.3035  -0.0238
  0.3578   0.3035  -0.0270
  0.3592   0.3034  -0.0303
  0.3606   0.3033  -0.0335
  0.3619   0.3032  -0.0368
  0.3633   0.3031  -0.0401
  0.3646   0.3030  -0.0434
  0.3660   0.3029  -0.0467
  0.3674   0.3028  -0.0500
  0.3687   0.3027  -0.0533
  0.3701   0.3025  -0.0567
  0.3715   0.3023  -0.0600
  0.3728   0.3022  -0.0634
  0.3742   0.3020  -0.0668
  0.3755   0.3018  -0.0702
  0.3769   0.3016  -0.0736
  0.3783   0.3014  -0.0770
  0.3796   0.3012  -0.0804
  0.3810   0.3009  -0.0839
  0.3824   0.3007  -0.0873
  0.3838   0.3004  -0.0908
  0.3851   0.3002  -0.0943
  0.3865   0.2999  -0.0978
  0.3879   0.2996  -0.1013
  0.3892   0.2993  -0.1049
  0.3906   0.2990  -0.1084
  0.3920   0.2987  -0.1120
  0.3934   0.2984  -0.1156
  0.3948   0.2980  -0.1193
  0.3961   0.2977  -0.1230
  0.3975   0.2973  -0.1267
  0.3989   0.2969  -0.1304
  0.4003   0.2965  -0.1343
  0.4017   0.2961  -0.1381
  0.4031   0.2957  -0.1419
  0.4045   0.2953  -0.1457
  0.4059   0.2949  -0.1495
  0.4073   0.2944  -0.1534
  0.4087   0.2940  -0.1572
  0.4087   0.2940  -0.1572
  0.4100   0.2935  -0.1610
  0.4114   0.2931  -0.1648
  0.4128   0.2926  -0.1686
  0.4142   0.2922  -0.1722
  0.4156   0.2918  -0.1758
  0.4170   0.2914  -0.1793
  0.4184   0.2909  -0.1827
  0.4198   0.2905  -0.1861
  0.4212   0.2902  -0.1894
  0.4226   0.2898  -0.1926
  0.4240   0.2894  -0.1957
  0.4253   0.2890  -0.1988
  0.4267   0.2887  -0.2018
  0.4281   0.2883  -0.2047
  0.4295   0.2880  -0.2076
  0.4309   0.2877  -0.2103
  0.4323   0.2874  -0.2130
  0.4337   0.2870  -0.2157
  0.4351   0.2867  -0.2182
  0.4365   0.2865  -0.2207
  0.4379   0.2862  -0.2231
  0.4393   0.2859  -0.2254
  0.4407   0.2856  -0.2276
  0.4421   0.2854  -0.2297
  0.4435   0.2851  -0.2318
  0.4449   0.2849  -0.2338
  0.4462   0.2846  -0.2357
  0.4476   0.2844  -0.2375
  0.4490   0.2842  -0.2393
  0.4504   0.2840  -0.2409
  0.4518   0.2838  -0.2425
  0.4533   0.2836  -0.2440
  0.4547   0.2834  -0.2454
  0.4561   0.2832  -0.2467
  0.4575   0.2831  -0.2480
  0.4589   0.2829  -0.2491
  0.4603   0.2828  -0.2502
  0.4617   0.2826  -0.2512
  0.4631   0.2825  -0.2521
  0.4645   0.2824  -0.2528
  0.4659   0.2823  -0.2536
  0.4673   0.2822  -0.2542
  0.4688   0.2821  -0.2547
  0.4702   0.2820  -0.2551
  0.4716   0.2819  -0.2554
  0.4730   0.2818  -0.2557
  0.4744   0.2818  -0.2558
  0.4759   0.2817  -0.2559
  0.4773   0.2817  -0.2558
  0.4787   0.2816  -0.2557
  0.4802   0.2816  -0.2554
  0.4816   0.2816  -0.2551
  0.4830   0.2816  -0.2546
  0.4845   0.2815  -0.2541
  0.4859   0.2816  -0.2535
  0.4873   0.2816  -0.2527
  0.4888   0.2816  -0.2518
  0.4902   0.2816  -0.2509
  0.4917   0.2817  -0.2498
  0.4931   0.2817  -0.2487
  0.4945   0.2818  -0.2474
  0.4960   0.2818  -0.2460
  0.4975   0.2819  -0.2445
  0.4989   0.2820  -0.2429
  0.5004   0.2821  -0.2412
  0.5018   0.2822  -0.2394
  0.5033   0.2823  -0.2374
  0.5048   0.2824  -0.2354
  0.5062   0.2825  -0.2332
  0.5077   0.2826  -0.2309
  0.5092   0.2828  -0.2285
  0.5106   0.2829  -0.2260
  0.5121   0.2831  -0.2234
  0.5136   0.2832  -0.2206
  0.5151   0.2834  -0.2178
  0.5166   0.2836  -0.2148
  0.5180   0.2838  -0.2117
  0.5195   0.2840  -0.2084
  0.5210   0.2842  -0.2051
  0.5210   0.2842  -0.2051
  0.5225   0.2844  -0.2016
  0.5240   0.2846  -0.1981
  0.5255   0.2848  -0.1946
  0.5270   0.2850  -0.1911
  0.5285   0.2852  -0.1876
  0.5299   0.2853  -0.1841
  0.5314   0.2855  -0.1805
  0.5329   0.2856  -0.1769
  0.5344   0.2858  -0.1733
  0.5358   0.2859  -0.1697
  0.5373   0.2860  -0.1661
  0.5388   0.2862  -0.1624
  0.5403   0.2863  -0.1588
  0.5417   0.2864  -0.1551
  0.5432   0.2865  -0.1514
  0.5447   0.2865  -0.1477
  0.5461   0.2866  -0.1440
  0.5476   0.2867  -0.1402
  0.5491   0.2867  -0.1364
  0.5505   0.2868  -0.1327
  0.5520   0.2868  -0.1289
  0.5534   0.2869  -0.1251
  0.5549   0.2869  -0.1213
  0.5564   0.2869  -0.1175
  0.5578   0.2869  -0.1136
  0.5593   0.2869  -0.1098
  0.5607   0.2869  -0.1059
  0.5622   0.2869  -0.1021
  0.5636   0.2868  -0.0982
  0.5651   0.2868  -0.0944
  0.5666   0.2867  -0.0905
  0.5680   0.2867  -0.0866
  0.5695   0.2866  -0.0827
  0.5709   0.2865  -0.0789
  0.5724   0.2864  -0.0750
  0.5738   0.2863  -0.0711
  0.5753   0.2862  -0.0672
  0.5767   0.2861  -0.0633
  0.5782   0.2860  -0.0594
  0.5796   0.2858  -0.0555
  0.5811   0.2857  -0.0516
  0.5826   0.2855  -0.0477
  0.5840   0.2853  -0.0439
  0.5855   0.2852  -0.0400
  0.5869   0.2850  -0.0361
  0.5884   0.2848  -0.0322
  0.5898   0.2846  -0.0283
  0.5913   0.2843  -0.0245
  0.5927   0.2841  -0.0206
  0.5942   0.2839  -0.0168
  0.5957   0.2836  -0.0129
  0.5971   0.2834  -0.0091
  0.5986   0.2831  -0.0052
  0.6000   0.2828  -0.0014
  0.6015   0.2825   0.0024
  0.6029   0.2822   0.0062
  0.6044   0.2819   0.0100
  0.6059   0.2816   0.0138
  0.6073   0.2812   0.0176
  0.6088   0.2809   0.0213
  0.6103   0.2805   0.0251
  0.6117   0.2802   0.0288
  0.6132   0.2798   0.0325
  0.6147   0.2794   0.0362
  0.6161   0.2790   0.0399
  0.6176   0.2786   0.0436
  0.6191   0.2782   0.0473
  0.6205   0.2777   0.0509
  0.6220   0.2773   0.0546
  0.6235   0.2768   0.0582
  0.6250   0.2764   0.0618
  0.6265   0.2759   0.0653
  0.6279   0.2754   0.0689
  0.6294   0.2749   0.0724
  0.6309   0.2744   0.0760
  0.6324   0.2739   0.0795
  0.6339   0.2733   0.0830
  0.6354   0.2728   0.0864
  0.6369   0.2722   0.0899
  0.6369   0.2722   0.0899
  0.6384   0.2717   0.0934
  0.6398   0.2711   0.0967
  0.6413   0.2705   0.0999
  0.6428   0.2700   0.1030
  0.6443   0.2695   0.1060
  0.6458   0.2690   0.1088
  0.6473   0.2685   0.1115
  0.6488   0.2680   0.1140
  0.6502   0.2675   0.1165
  0.6517   0.2670   0.1188
  0.6532   0.2666   0.1210
  0.6547   0.2661   0.1231
  0.6561   0.2657   0.1250
  0.6576   0.2653   0.1268
  0.6591   0.2649   0.1286
  0.6606   0.2645   0.1302
  0.6620   0.2641   0.1317
  0.6635   0.2638   0.1331
  0.6650   0.2634   0.1343
  0.6665   0.2631   0.1355
  0.6679   0.2627   0.1366
  0.6694   0.2624   0.1375
  0.6709   0.2621   0.1384
  0.6723   0.2619   0.1391
  0.6738   0.2616   0.1397
  0.6753   0.2613   0.1403
  0.6767   0.2611   0.1407
  0.6782   0.2609   0.1411
  0.6796   0.2606   0.1413
  0.6811   0.2604   0.1415
  0.6826   0.2603   0.1416
  0.6840   0.2601   0.1415
  0.6855   0.2599   0.1414
  0.6869   0.2598   0.1412
  0.6884   0.2596   0.1409
  0.6898   0.2595   0.1405
  0.6913   0.2594   0.1400
  0.6927   0.2593   0.1395
  0.6942   0.2593   0.1388
  0.6956   0.2592   0.1381
  0.6971   0.2591   0.1373
  0.6985   0.2591   0.1364
  0.7000   0.2591   0.1354
  0.7014   0.2591   0.1344
  0.7029   0.2591   0.1332
  0.7043   0.2591   0.1320
  0.7057   0.2592   0.1308
  0.7072   0.2592   0.1294
  0.7086   0.2593   0.1280
  0.7101   0.2594   0.1265
  0.7115   0.2595   0.1249
  0.7129   0.2596   0.1233
  0.7144   0.2597   0.1216
  0.7158   0.2599   0.1198
  0.7173   0.2600   0.1180
  0.7187   0.2602   0.1161
  0.7201   0.2604   0.1141
  0.7216   0.2606   0.1121
  0.7230   0.2608   0.1100
  0.7245   0.2610   0.1079
  0.7259   0.2613   0.1057
  0.7273   0.2615   0.1034
  0.7288   0.2618   0.1011
  0.7302   0.2621   0.0987
  0.7317   0.2624   0.0963
  0.7331   0.2627   0.0938
  0.7345   0.2631   0.0912
  0.7360   0.2634   0.0887
  0.7374   0.2638   0.0860
  0.7389   0.2642   0.0833
  0.7403   0.2646   0.0806
  0.7417   0.2650   0.0778
  0.7432   0.2654   0.0749
  0.7446   0.2659   0.0720
  0.7461   0.2663   0.0691
  0.7475   0.2668   0.0661
  0.7490   0.2673   0.0631
  0.7504   0.2678   0.0601
  0.7518   0.2683   0.0570
  0.7518   0.2683   0.0570
  0.7533   0.2689   0.0538
  0.7547   0.2694   0.0507
  0.7562   0.2699   0.0477
  0.7576   0.2704   0.0448
  0.7590   0.2709   0.0419
  0.7605   0.2714   0.0391
  0.7619   0.2719   0.0363
  0.7633   0.2724   0.0335
  0.7647   0.2728   0.0308
  0.7662   0.2733   0.0281
  0.7676   0.2737   0.0254
  0.7690   0.2742   0.0228
  0.7704   0.2746   0.0202
  0.7718   0.2750   0.0176
  0.7732   0.2754   0.0150
  0.7746   0.2758   0.0125
  0.7760   0.2762   0.0099
  0.7774   0.2766   0.0074
  0.7789   0.2770   0.0049
  0.7803   0.2774   0.0024
  0.7817   0.2777  -0.0001
  0.7831   0.2781  -0.0026
  0.7845   0.2784  -0.0050
  0.7859   0.2788  -0.0075
  0.7872   0.2791  -0.0099
  0.7886   0.2794  -0.0124
  0.7900   0.2797  -0.0148
  0.7914   0.2800  -0.0172
  0.7928   0.2803  -0.0197
  0.7942   0.2806  -0.0221
  0.7956   0.2808  -0.0245
  0.7970   0.2811  -0.0269
  0.7984   0.2813  -0.0293
  0.7998   0.2816  -0.0318
  0.8012   0.2818  -0.0342
  0.8025   0.2820  -0.0366
  0.8039   0.2822  -0.0390
  0.8053   0.2824  -0.0415
  0.8067   0.2826  -0.0439
  0.8081   0.2828  -0.0463
  0.8095   0.2829  -0.0488
  0.8109   0.2831  -0.0512
  0.8122   0.2833  -0.0537
  0.8136   0.2834  -0.0561
  0.8150   0.2835  -0.0586
  0.8164   0.2836  -0.0611
  0.8178   0.2837  -0.0636
  0.8191   0.2838  -0.0661
  0.8205   0.2839  -0.0686
  0.8219   0.2840  -0.0711
  0.8233   0.2840  -0.0736
  0.8247   0.2841  -0.0761
  0.8261   0.2841  -0.0787
  0.8274   0.2842  -0.0812
  0.8288   0.2842  -0.0838
  0.8302   0.2842  -0.0864
  0.8316   0.2842  -0.0890
  0.8330   0.2842  -0.0916
  0.8344   0.2841  -0.0942
  0.8358   0.2841  -0.0968
  0.8372   0.2841  -0.0995
  0.8385   0.2840  -0.1021
  0.8399   0.2839  -0.1048
  0.8413   0.2839  -0.1075
  0.8427   0.2838  -0.1102
  0.8441   0.2837  -0.1129
  0.8455   0.2836  -0.1156
  0.8469   0.2834  -0.1184
  0.8483   0.2833  -0.1212
  0.8497   0.2832  -0.1240
  0.8511   0.2830  -0.1268
  0.8525   0.2828  -0.1296
  0.8539   0.2827  -0.1325
  0.8553   0.2825  -0.1353
  0.8567   0.2823  -0.1382
  0.8582   0.2821  -0.1412
  0.8596   0.2819  -0.1442
  0.8610   0.2816  -0.1472
  0.8624   0.2814  -0.1502
  0.8638   0.2811  -0.1534
  0.8653   0.2808  -0.1565
  0.8667   0.2806  -0.1596
  0.8681   0.2803  -0.1627
  0.8695   0.2800  -0.1658
  0.8710   0.2797  -0.1689
  0.8724   0.2794  -0.1721
  0.8724   0.2794  -0.1721
  0.8738   0.2790  -0.1752
  0.8752   0.2787  -0.1784
  0.8767   0.2784  -0.1814
  0.8781   0.2781  -0.1844
  0.8795   0.2778  -0.1873
  0.8809   0.2775  -0.1902
  0.8824   0.2772  -0.1930
  0.8838   0.2769  -0.1958
  0.8852   0.2767  -0.1984
  0.8866   0.2764  -0.2010
  0.8880   0.2762  -0.2036
  0.8895   0.2759  -0.2061
  0.8909   0.2757  -0.2085
  0.8923   0.2755  -0.2108
  0.8937   0.2753  -0.2131
  0.8952   0.2751  -0.2153
  0.8966   0.2749  -0.2175
  0.8980   0.2747  -0.2196
  0.8994   0.2745  -0.2216
  0.9009   0.2743  -0.2235
  0.9023   0.2742  -0.2254
  0.9037   0.2740  -0.2272
  0.9051   0.2738  -0.2289
  0.9065   0.2737  -0.2306
  0.9080   0.2736  -0.2322
  0.9094   0.2735  -0.2337
  0.9108   0.2733  -0.2352
  0.9123   0.2732  -0.2365
  0.9137   0.2731  -0.2378
  0.9151   0.2730  -0.2390
  0.9165   0.2730  -0.2402
  0.9180   0.2729  -0.2413
  0.9194   0.2728  -0.2423
  0.9208   0.2728  -0.2432
  0.9223   0.2727  -0.2440
  0.9237   0.2727  -0.2448
  0.9251   0.2726  -0.2455
  0.9266   0.2726  -0.2461
  0.9280   0.2726  -0.2466
  0.9294   0.2726  -0.2471
  0.9309   0.2726  -0.2474
  0.9323   0.2726  -0.2477
  0.9338   0.2726  -0.2479
  0.9352   0.2726  -0.2480
  0.9366   0.2726  -0.2481
  0.9381   0.2726  -0.2480
  0.9395   0.2727  -0.2479
  0.9410   0.2727  -0.2476
  0.9424   0.2728  -0.2473
  0.9439   0.2729  -0.2469
  0.9453   0.2729  -0.2465
  0.9468   0.2730  -0.2459
  0.9482   0.2731  -0.2452
  0.9497   0.2732  -0.2445
  0.9511   0.2733  -0.2436
  0.9526   0.2734  -0.2427
  0.9540   0.2735  -0.2417
  0.9555   0.2736  -0.2406
  0.9570   0.2738  -0.2394
  0.9584   0.2739  -0.2381
  0.9599   0.2741  -0.2367
  0.9613   0.2742  -0.2352
  0.9628   0.2744  -0.2336
  0.9643   0.2745  -0.2319
  0.9658   0.2747  -0.2301
  0.9672   0.2749  -0.2282
  0.9687   0.2751  -0.2263
  0.9702   0.2753  -0.2242
  0.9717   0.2755  -0.2220
  0.9731   0.2757  -0.2197
  0.9746   0.2759  -0.2174
  0.9761   0.2762  -0.2149
  0.9776   0.2764  -0.2123
  0.9791   0.2766  -0.2096
  0.9806   0.2769  -0.2068
  0.9820   0.2771  -0.2039
  0.9835   0.2774  -0.2009
  0.9850   0.2777  -0.1978
  0.9865   0.2779  -0.1946
  0.9865   0.2779  -0.1946
  0.9880   0.2782  -0.1913
  0.9895   0.2785  -0.1880
  0.9910   0.2788  -0.1846
  0.9925   0.2790  -0.1813
  0.9940   0.2793  -0.1779
  0.9955   0.2795  -0.1746
  0.9970   0.2797  -0.1712
  0.9985   0.2800  -0.1678
  0.9999   0.2802  -0.1643
  1.0014   0.2804  -0.1609
  1.0029   0.2806  -0.1575
  1.0044   0.2808  -0.1540
  1.0058   0.2809  -0.1505
  1.0073   0.2811  -0.1470
  1.0088   0.2813  -0.1435
  1.0103   0.2814  -0.1399
  1.0117   0.2816  -0.1364
  1.0132   0.2817  -0.1328
  1.0147   0.2818  -0.1293
  1.0161   0.2820  -0.1257
  1.0176   0.2821  -0.1221
  1.0191   0.2822  -0.1184
  1.0205   0.2823  -0.1148
  1.0220   0.2824  -0.1112
  1.0235   0.2824  -0.1075
  1.0249   0.2825  -0.1039
  1.0264   0.2826  -0.1002
  1.0278   0.2826  -0.0966
  1.0293   0.2826  -0.0929
  1.0308   0.2827  -0.0892
  1.0322   0.2827  -0.0855
  1.0337   0.2827  -0.0818
  1.0351   0.2827  -0.0781
  1.0366   0.2827  -0.0744
  1.0381   0.2827  -0.0707
  1.0395   0.2826  -0.0670
  1.0410   0.2826  -0.0632
  1.0424   0.2826  -0.0595
  1.0439   0.2825  -0.0558
  1.0453   0.2824  -0.0521
  1.0468   0.2824  -0.0484
  1.0483   0.2823  -0.0446
  1.0497   0.2822  -0.0409
  1.0512   0.2821  -0.0372
  1.0526   0.2820  -0.0335
  1.0541   0.2818  -0.0298
  1.0555   0.2817  -0.0260
  1.0570   0.2816  -0.0223
  1.0585   0.2814  -0.0186
  1.0599   0.2812  -0.0149
  1.0614   0.2811  -0.0112
  1.0628   0.2809  -0.0075
  1.0643   0.2807  -0.0039
  1.0658   0.2805  -0.0002
  1.0672   0.2802   0.0035
  1.0687   0.2800   0.0072
  1.0701   0.2798   0.0108
  1.0716   0.2795   0.0145
  1.0731   0.2793   0.0181
  1.0745   0.2790   0.0217
  1.0760   0.2787   0.0253
  1.0775   0.2784   0.0289
  1.0789   0.2781   0.0325
  1.0804   0.2778   0.0361
  1.0819   0.2775   0.0397
  1.0834   0.2771   0.0432
  1.0848   0.2768   0.0467
  1.0863   0.2764   0.0503
  1.0878   0.2761   0.0538
  1.0893   0.2757   0.0572
  1.0907   0.2753   0.0607
  1.0922   0.2749   0.0642
  1.0937   0.2745   0.0676
  1.0952   0.2741   0.0710
  1.0967   0.2736   0.0744
  1.0982   0.2732   0.0778
  1.0996   0.2727   0.0812
  1.1011   0.2722   0.0845
  1.1026   0.2717   0.0878
  1.1041   0.2713   0.0912
  1.1056   0.2707   0.0945
  1.1071   0.2702   0.0978
  1.1071   0.2702   0.0978
  1.1086   0.2697   0.1012
  1.1101   0.2692   0.1044
  1.1116   0.2687   0.1075
  1.1131   0.2682   0.1104
  1.1146   0.2677   0.1133
  1.1161   0.2672   0.1160
  1.1175   0.2668   0.1186
  1.1190   0.2663   0.1210
  1.1205   0.2659   0.1234
  1.1220   0.2655   0.1256
  1.1235   0.2650   0.1277
  1.1250   0.2647   0.1297
  1.1264   0.2643   0.1315
  1.1279   0.2639   0.1333
  1.1294   0.2635   0.1349
  1.1309   0.2632   0.1365
  1.1323   0.2629   0.1379
  1.1338   0.2625   0.1392
  1.1353   0.2622   0.1404
  1.1368   0.2619   0.1415
  1.1382   0.2617   0.1425
  1.1397   0.2614   0.1434
  1.1412   0.2611   0.1442
  1.1426   0.2609   0.1449
  1.1441   0.2607   0.1455
  1.1456   0.2605   0.1460
  1.1470   0.2603   0.1464
  1.1485   0.2601   0.1467
  1.1500   0.2599   0.1469
  1.1514   0.2598   0.1470
  1.1529   0.2596   0.1470
  1.1544   0.2595   0.1470
  1.1558   0.2594   0.1468
  1.1573   0.2593   0.1466
  1.1588   0.2592   0.1462
  1.1602   0.2591   0.1458
  1.1617   0.2590   0.1453
  1.1631   0.2590   0.1447
  1.1646   0.2589   0.1441
  1.1661   0.2589   0.1433
  1.1675   0.2589   0.1425
  1.1690   0.2589   0.1416
  1.1704   0.2589   0.1406
  1.1719   0.2590   0.1395
  1.1734   0.2590   0.1384
  1.1748   0.2591   0.1372
  1.1763   0.2592   0.1359
  1.1777   0.2593   0.1345
  1.1792   0.2594   0.1331
  1.1806   0.2595   0.1316
  1.1821   0.2596   0.1300
  1.1836   0.2598   0.1284
  1.1850   0.2599   0.1267
  1.1865   0.2601   0.1249
  1.1879   0.2603   0.1231
  1.1894   0.2605   0.1212
  1.1909   0.2607   0.1192
  1.1923   0.2610   0.1172
  1.1938   0.2612   0.1151
  1.1952   0.2615   0.1130
  1.1967   0.2617   0.1108
  1.1982   0.2620   0.1085
  1.1996   0.2623   0.1062
  1.2011   0.2627   0.1038
  1.2026   0.2630   0.1013
  1.2040   0.2633   0.0988
  1.2055   0.2637   0.0963
  1.2070   0.2641   0.0937
  1.2085   0.2645   0.0910
  1.2099   0.2649   0.0883
  1.2114   0.2653   0.0856
  1.2129   0.2657   0.0828
  1.2143   0.2662   0.0799
  1.2158   0.2667   0.0770
  1.2173   0.2671   0.0741
  1.2188   0.2676   0.0711
  1.2203   0.2681   0.0681
  1.2218   0.2687   0.0650
  1.2232   0.2692   0.0619
  1.2232   0.2692   0.0619
  1.2247   0.2697   0.0587
  1.2262   0.2703   0.0555
  1.2277   0.2708   0.0524
  1.2292   0.2713   0.0494
  1.2307   0.2718   0.0463
  1.2322   0.2723   0.0433
  1.2337   0.2728   0.0403
  1.2351   0.2732   0.0374
  1.2366   0.2737   0.0345
  1.2381   0.2741   0.0316
  1.2396   0.2745   0.0288
  1.2411   0.2749   0.0260
  1.2425   0.2753   0.0232
  1.2440   0.2757   0.0204
  1.2455   0.2761   0.0177
  1.2470   0.2765   0.0150
  1.2484   0.2768   0.0123
  1.2499   0.2772   0.0096
  1.2514   0.2775   0.0069
  1.2528   0.2779   0.0043
  1.2543   0.2782   0.0016
  1.2557   0.2786  -0.0010
  1.2572   0.2789  -0.0036
  1.2586   0.2792  -0.0061
  1.2601   0.2795  -0.0087
  1.2615   0.2798  -0.0113
  1.2630   0.2801  -0.0138
  1.2644   0.2804  -0.0164
  1.2659   0.2806  -0.0189
  1.2673   0.2809  -0.0214
  1.2687   0.2812  -0.0240
  1.2702   0.2814  -0.0265
  1.2716   0.2817  -0.0290
  1.2730   0.2819  -0.0315
  1.2745   0.2822  -0.0341
  1.2759   0.2824  -0.0366
  1.2773   0.2826  -0.0391
  1.2787   0.2828  -0.0416
  1.2802   0.2830  -0.0442
  1.2816   0.2832  -0.0467
  1.2830   0.2834  -0.0493
  1.2845   0.2836  -0.0518
  1.2859   0.2838  -0.0543
  1.2873   0.2839  -0.0569
  1.2887   0.2841  -0.0595
  1.2901   0.2842  -0.0620
  1.2916   0.2844  -0.0646
  1.2930   0.2845  -0.0672
  1.2944   0.2846  -0.0697
  1.2958   0.2847  -0.0723
  1.2972   0.2848  -0.0749
  1.2987   0.2849  -0.0775
  1.3001   0.2850  -0.0801
  1.3015   0.2850  -0.0827
  1.3029   0.2851  -0.0854
  1.3043   0.2851  -0.0880
  1.3057   0.2852  -0.0907
  1.3072   0.2852  -0.0933
  1.3086   0.2852  -0.0960
  1.3100   0.2852  -0.0987
  1.3114   0.2852  -0.1013
  1.3128   0.2852  -0.1040
  1.3143   0.2851  -0.1067
  1.3157   0.2851  -0.1095
  1.3171   0.2850  -0.1122
  1.3185   0.2850  -0.1149
  1.3200   0.2849  -0.1177
  1.3214   0.2848  -0.1205
  1.3228   0.2847  -0.1233
  1.3243   0.2846  -0.1261
  1.3257   0.2844  -0.1289
  1.3271   0.2843  -0.1318
  1.3286   0.2842  -0.1346
  1.3300   0.2840  -0.1375
  1.3315   0.2838  -0.1404
  1.3329   0.2836  -0.1434
  1.3344   0.2834  -0.1464
  1.3358   0.2832  -0.1494
  1.3373   0.2830  -0.1525
  1.3387   0.2827  -0.1556
  1.3402   0.2825  -0.1587
  1.3417   0.2822  -0.1618
  1.3431   0.2819  -0.1649
  1.3446   0.2817  -0.1681
  1.3461   0.2814  -0.1712
  1.3475   0.2811  -0.1743
  1.3490   0.2807  -0.1774
  1.3490   0.2807  -0.1774
  1.3505   0.2804  -0.1806
  1.3519   0.2801  -0.1838
  1.3534   0.2798  -0.1868
  1.3549   0.2795  -0.1898
  1.3563   0.2791  -0.1928
  1.3578   0.2789  -0.1957
  1.3593   0.2786  -0.1985
  1.3607   0.2783  -0.2013
  1.3622   0.2780  -0.2040
  1.3637   0.2778  -0.2067
  1.3651   0.2775  -0.2093
  1.3666   0.2773  -0.2118
  1.3681   0.2770  -0.2143
  1.3695   0.2768  -0.2167
  1.3710   0.2766  -0.2190
  1.3725   0.2764  -0.2213
  1.3740   0.2762  -0.2236
  1.3754   0.2760  -0.2257
  1.3769   0.2758  -0.2278
  1.3784   0.2756  -0.2298
  1.3799   0.2754  -0.2318
  1.3813   0.2753  -0.2337
  1.3828   0.2751  -0.2355
  1.3843   0.2749  -0.2373
  1.3858   0.2748  -0.2390
  1.3873   0.2747  -0.2406
  1.3888   0.2745  -0.2421
  1.3902   0.2744  -0.2436
  1.3917   0.2743  -0.2450
  1.3932   0.2742  -0.2464
  1.3947   0.2741  -0.2476
  1.3962   0.2740  -0.2488
  1.3977   0.2740  -0.2499
  1.3992   0.2739  -0.2510
  1.4007   0.2738  -0.2519
  1.4022   0.2738  -0.2528
  1.4037   0.2737  -0.2536
  1.4052   0.2737  -0.2544
  1.4067   0.2737  -0.2550
  1.4082   0.2736  -0.2556
  1.4097   0.2736  -0.2561
  1.4112   0.2736  -0.2565
  1.4127   0.2736  -0.2568
  1.4143   0.2736  -0.2571
  1.4158   0.2736  -0.2572
  1.4173   0.2736  -0.2573
  1.4188   0.2737  -0.2573
  1.4203   0.2737  -0.2572
  1.4219   0.2738  -0.2570
  1.4234   0.2738  -0.2567
  1.4249   0.2739  -0.2563
  1.4265   0.2739  -0.2559
  1.4280   0.2740  -0.2553
  1.4295   0.2741  -0.2546
  1.4311   0.2742  -0.2539
  1.4326   0.2743  -0.2531
  1.4342   0.2744  -0.2521
  1.4357   0.2745  -0.2511
  1.4373   0.2746  -0.2500
  1.4388   0.2747  -0.2487
  1.4404   0.2749  -0.2474
  1.4419   0.2750  -0.2460
  1.4435   0.2752  -0.2445
  1.4450   0.2753  -0.2428
  1.4466   0.2755  -0.2411
  1.4482   0.2756  -0.2393
  1.4497   0.2758  -0.2373
  1.4513   0.2760  -0.2353
  1.4529   0.2762  -0.2331
  1.4545   0.2764  -0.2308
  1.4560   0.2766  -0.2284
  1.4576   0.2768  -0.2259
  1.4592   0.2770  -0.2233
  1.4608   0.2773  -0.2206
  1.4624   0.2775  -0.2178
  1.4640   0.2777  -0.2148
  1.4656   0.2780  -0.2118
  1.4672   0.2782  -0.2086
  1.4688   0.2785  -0.2053
  1.4688   0.2785  -0.2053
  1.4704   0.2788  -0.2018
  1.4720   0.2790  -0.1985
  1.4736   0.2792  -0.1951
  1.4752   0.2795  -0.1917
  1.4768   0.2797  -0.1884
  1.4784   0.2799  -0.1850
  1.4800   0.2801  -0.1817
  1.4816   0.2802  -0.1783
  1.4831   0.2804  -0.1748
  1.4847   0.2806  -0.1714
  1.4863   0.2807  -0.1679
  1.4879   0.2809  -0.1644
  1.4894   0.2810  -0.1609
  1.4910   0.2811  -0.1573
  1.4926   0.2813  -0.1537
  1.4942   0.2814  -0.1501
  1.4957   0.2815  -0.1464
  1.4973   0.2816  -0.1428
  1.4989   0.2817  -0.1391
  1.5005   0.2818  -0.1353
  1.5020   0.2819  -0.1316
  1.5036   0.2819  -0.1278
  1.5052   0.2820  -0.1240
  1.5067   0.2821  -0.1202
  1.5083   0.2821  -0.1164
  1.5099   0.2822  -0.1126
  1.5114   0.2822  -0.1087
  1.5130   0.2822  -0.1049
  1.5146   0.2822  -0.1010
  1.5161   0.2823  -0.0971
  1.5177   0.2823  -0.0932
  1.5193   0.2822  -0.0893
  1.5208   0.2822  -0.0853
  1.5224   0.2822  -0.0814
  1.5240   0.2822  -0.0775
  1.5255   0.2821  -0.0735
  1.5271   0.2821  -0.0696
  1.5286   0.2820  -0.0656
  1.5302   0.2819  -0.0617
  1.5318   0.2819  -0.0577
  1.5333   0.2818  -0.0537
  1.5349   0.2817  -0.0498
  1.5365   0.2816  -0.0458
  1.5380   0.2814  -0.0419
  1.5396   0.2813  -0.0379
  1.5412   0.2812  -0.0340
  1.5427   0.2810  -0.0300
  1.5443   0.2809  -0.0261
  1.5459   0.2807  -0.0221
  1.5475   0.2805  -0.0182
  1.5490   0.2803  -0.0143
  1.5506   0.2801  -0.0104
  1.5522   0.2799  -0.0065
  1.5537   0.2797  -0.0026
  1.5553   0.2795   0.0013
  1.5569   0.2792   0.0052
  1.5585   0.2790   0.0091
  1.5600   0.2787   0.0129
  1.5616   0.2785   0.0168
  1.5632   0.2782   0.0206
  1.5648   0.2779   0.0244
  1.5664   0.2776   0.0282
  1.5679   0.2773   0.0320
  1.5695   0.2769   0.0357
  1.5711   0.2766   0.0395
  1.5727   0.2763   0.0432
  1.5743   0.2759   0.0469
  1.5759   0.2756   0.0506
  1.5775   0.2752   0.0543
  1.5791   0.2748   0.0580
  1.5807   0.2744   0.0616
  1.5822   0.2740   0.0652
  1.5838   0.2736   0.0688
  1.5854   0.2731   0.0724
  1.5870   0.2727   0.0759
  1.5886   0.2722   0.0794
  1.5903   0.2717   0.0829
  1.5903   0.2717   0.0829
  1.5919   0.2712   0.0865
  1.5935   0.2708   0.0898
  1.5950   0.2703   0.0931
  1.5966   0.2698   0.0962
  1.5982   0.2694   0.0991
  1.5998   0.2689   0.1019
  1.6014   0.2685   0.1046
  1.6030   0.2680   0.1071
  1.6046   0.2676   0.1095
  1.6062   0.2672   0.1118
  1.6078   0.2668   0.1140
  1.6094   0.2664   0.1160
  1.6110   0.2660   0.1179
  1.6126   0.2657   0.1197
  1.6142   0.2653   0.1214
  1.6157   0.2650   0.1229
  1.6173   0.2646   0.1244
  1.6189   0.2643   0.1257
  1.6205   0.2640   0.1269
  1.6221   0.2637   0.1280
  1.6237   0.2634   0.1290
  1.6252   0.2631   0.1299
  1.6268   0.2628   0.1307
  1.6284   0.2626   0.1314
  1.6300   0.2623   0.1319
  1.6315   0.2621   0.1324
  1.6331   0.2619   0.1328
  1.6347   0.2617   0.1331
  1.6362   0.2615   0.1333
  1.6378   0.2613   0.1334
  1.6394   0.2611   0.1334
  1.6410   0.2610   0.1333
  1.6425   0.2608   0.1331
  1.6441   0.2607   0.1328
  1.6456   0.2606   0.1325
  1.6472   0.2604   0.1320
  1.6488   0.2603   0.1315
  1.6503   0.2603   0.1309
  1.6519   0.2602   0.1302
  1.6534   0.2601   0.1294
  1.6550   0.2601   0.1285
  1.6565   0.2601   0.1276
  1.6581   0.2600   0.1266
  1.6597   0.2600   0.1255
  1.6612   0.2600   0.1243
  1.6628   0.2601   0.1231
  1.6643   0.2601   0.1217
  1.6659   0.2601   0.1204
  1.6674   0.2602   0.1189
  1.6689   0.2603   0.1174
  1.6705   0.2603   0.1158
  1.6720   0.2605   0.1141
  1.6736   0.2606   0.1124
  1.6751   0.2607   0.1106
  1.6767   0.2608   0.1087
  1.6782   0.2610   0.1068
  1.6797   0.2612   0.1048
  1.6813   0.2613   0.1027
  1.6828   0.2615   0.1006
  1.6844   0.2617   0.0985
  1.6859   0.2620   0.0962
  1.6874   0.2622   0.0940
  1.6890   0.2625   0.0916
  1.6905   0.2627   0.0892
  1.6920   0.2630   0.0868
  1.6936   0.2633   0.0843
  1.6951   0.2636   0.0818
  1.6966   0.2639   0.0792
  1.6982   0.2643   0.0765
  1.6997   0.2646   0.0738
  1.7013   0.2650   0.0711
  1.7028   0.2654   0.0683
  1.7043   0.2658   0.0654
  1.7059   0.2662   0.0626
  1.7074   0.2666   0.0596
  1.7089   0.2670   0.0566
  1.7105   0.2675   0.0536
  1.7120   0.2679   0.0506
  1.7135   0.2684   0.0475
  1.7135   0.2684   0.0475
  1.7150   0.2689   0.0443
  1.7166   0.2694   0.0412
  1.7181   0.2698   0.0382
  1.7196   0.2703   0.0353
  1.7211   0.2707   0.0324
  1.7226   0.2712   0.0295
  1.7241   0.2716   0.0267
  1.7256   0.2720   0.0239
  1.7271   0.2724   0.0212
  1.7286   0.2728   0.0185
  1.7301   0.2732   0.0158
  1.7316   0.2736   0.0132
  1.7331   0.2740   0.0106
  1.7346   0.2743   0.0080
  1.7361   0.2747   0.0054
  1.7376   0.2751   0.0029
  1.7391   0.2754   0.0003
  1.7406   0.2757  -0.0022
  1.7421   0.2761  -0.0046
  1.7435   0.2764  -0.0071
  1.7450   0.2767  -0.0096
  1.7465   0.2770  -0.0120
  1.7480   0.2773  -0.0145
  1.7494   0.2776  -0.0169
  1.7509   0.2779  -0.0193
  1.7524   0.2781  -0.0218
  1.7539   0.2784  -0.0242
  1.7553   0.2786  -0.0266
  1.7568   0.2789  -0.0290
  1.7583   0.2791  -0.0314
  1.7598   0.2793  -0.0338
  1.7612   0.2795  -0.0362
  1.7627   0.2797  -0.0386
  1.7642   0.2799  -0.0410
  1.7656   0.2801  -0.0434
  1.7671   0.2803  -0.0458
  1.7686   0.2804  -0.0483
  1.7700   0.2806  -0.0507
  1.7715   0.2807  -0.0531
  1.7730   0.2809  -0.0555
  1.7744   0.2810  -0.0580
  1.7759   0.2811  -0.0604
  1.7773   0.2812  -0.0629
  1.7788   0.2813  -0.0654
  1.7803   0.2814  -0.0678
  1.7817   0.2814  -0.0703
  1.7832   0.2815  -0.0728
  1.7847   0.2815  -0.0753
  1.7861   0.2816  -0.0778
  1.7876   0.2816  -0.0804
  1.7891   0.2816  -0.0829
  1.7905   0.2816  -0.0855
  1.7920   0.2816  -0.0880
  1.7935   0.2816  -0.0906
  1.7949   0.2816  -0.0932
  1.7964   0.2816  -0.0958
  1.7979   0.2815  -0.0984
  1.7994   0.2815  -0.1010
  1.8008   0.2814  -0.1037
  1.8023   0.2813  -0.1063
  1.8038   0.2812  -0.1090
  1.8053   0.2811  -0.1117
  1.8067   0.2810  -0.1144
  1.8082   0.2809  -0.1171
  1.8097   0.2808  -0.1198
  1.8112   0.2806  -0.1225
  1.8127   0.2805  -0.1253
  1.8142   0.2803  -0.1280
  1.8156   0.2802  -0.1308
  1.8171   0.2800  -0.1336
  1.8186   0.2798  -0.1364
  1.8201   0.2796  -0.1393
  1.8216   0.2794  -0.1421
  1.8231   0.2791  -0.1450
  1.8246   0.2789  -0.1479
  1.8261   0.2786  -0.1509
  1.8276   0.2784  -0.1538
  1.8291   0.2781  -0.1569
  1.8306   0.2778  -0.1599
  1.8321   0.2775  -0.1630
  1.8336   0.2772  -0.1662
  1.8336   0.2772  -0.1662
  1.8351   0.2769  -0.1693
  1.8366   0.2765  -0.1725
  1.8381   0.2762  -0.1755
  1.8397   0.2759  -0.1786
  1.8412   0.2756  -0.1815
  1.8427   0.2753  -0.1844
  1.8442   0.2750  -0.1873
  1.8457   0.2748  -0.1901
  1.8472   0.2745  -0.1928
  1.8487   0.2742  -0.1955
  1.8502   0.2740  -0.1981
  1.8517   0.2737  -0.2007
  1.8532   0.2735  -0.2032
  1.8547   0.2733  -0.2057
  1.8562   0.2731  -0.2080
  1.8577   0.2728  -0.2104
  1.8592   0.2726  -0.2126
  1.8607   0.2724  -0.2148
  1.8623   0.2723  -0.2170
  1.8638   0.2721  -0.2191
  1.8653   0.2719  -0.2211
  1.8668   0.2717  -0.2230
  1.8683   0.2716  -0.2249
  1.8698   0.2714  -0.2267
  1.8713   0.2713  -0.2285
  1.8728   0.2711  -0.2302
  1.8743   0.2710  -0.2318
  1.8758   0.2709  -0.2333
  1.8773   0.2708  -0.2348
  1.8788   0.2707  -0.2362
  1.8804   0.2706  -0.2375
  1.8819   0.2705  -0.2388
  1.8834   0.2704  -0.2400
  1.8849   0.2703  -0.2411
  1.8864   0.2703  -0.2422
  1.8879   0.2702  -0.2431
  1.8894   0.2701  -0.2440
  1.8910   0.2701  -0.2448
  1.8925   0.2701  -0.2456
  1.8940   0.2700  -0.2462
  1.8955   0.2700  -0.2468
  1.8970   0.2700  -0.2473
  1.8986   0.2700  -0.2477
  1.9001   0.2700  -0.2480
  1.9016   0.2700  -0.2483
  1.9031   0.2700  -0.2485
  1.9046   0.2700  -0.2485
  1.9062   0.2701  -0.2485
  1.9077   0.2701  -0.2484
  1.9092   0.2701  -0.2482
  1.9107   0.2702  -0.2480
  1.9123   0.2702  -0.2476
  1.9138   0.2703  -0.2472
  1.9153   0.2704  -0.2466
  1.9169   0.2705  -0.2460
  1.9184   0.2706  -0.2453
  1.9199   0.2707  -0.2444
  1.9215   0.2708  -0.2435
  1.9230   0.2709  -0.2425
  1.9246   0.2710  -0.2414
  1.9261   0.2711  -0.2402
  1.9276   0.2713  -0.2388
  1.9292   0.2714  -0.2374
  1.9307   0.2715  -0.2359
  1.9323   0.2717  -0.2343
  1.9338   0.2719  -0.2326
  1.9354   0.2720  -0.2307
  1.9369   0.2722  -0.2288
  1.9385   0.2724  -0.2268
  1.9400   0.2726  -0.2246
  1.9416   0.2728  -0.2224
  1.9431   0.2730  -0.2200
  1.9447   0.2732  -0.2175
  1.9462   0.2734  -0.2149
  1.9478   0.2737  -0.2122
  1.9494   0.2739  -0.2094
  1.9509   0.2742  -0.2065
  1.9525   0.2744  -0.2034
  1.9540   0.2747  -0.2002
  1.9540   0.2747  -0.2002
  1.9556   0.2749  -0.1970
  1.9572   0.2752  -0.1937
  1.9587   0.2754  -0.1903
  1.9603   0.2757  -0.1870
  1.9619   0.2759  -0.1837
  1.9634   0.2761  -0.1803
  1.9650   0.2764  -0.1769
  1.9665   0.2766  -0.1735
  1.9681   0.2768  -0.1701
  1.9696   0.2770  -0.1667
  1.9712   0.2771  -0.1632
  1.9727   0.2773  -0.1598
  1.9742   0.2775  -0.1563
  1.9758   0.2776  -0.1527
  1.9773   0.2778  -0.1492
  1.9789   0.2779  -0.1457
  1.9804   0.2780  -0.1421
  1.9819   0.2782  -0.1385
  1.9835   0.2783  -0.1349
  1.9850   0.2784  -0.1313
  1.9865   0.2785  -0.1277
  1.9881   0.2786  -0.1240
  1.9896   0.2786  -0.1204
  1.9911   0.2787  -0.1167
  1.9927   0.2788  -0.1130
  1.9942   0.2788  -0.1093
  1.9957   0.2789  -0.1056
  1.9972   0.2789  -0.1019
  1.9988   0.2789  -0.0982
  2.0003   0.2789  -0.0945
  2.0018   0.2790  -0.0908
  2.0033   0.2789  -0.0870
  2.0049   0.2789  -0.0833
  2.0064   0.2789  -0.0796
  2.0079   0.2789  -0.0758
  2.0094   0.2788  -0.0721
  2.0110   0.2788  -0.0683
  2.0125   0.2787  -0.0645
  2.0140   0.2787  -0.0608
  2.0155   0.2786  -0.0570
  2.0171   0.2785  -0.0533
  2.0186   0.2784  -0.0495
  2.0201   0.2783  -0.0457
  2.0216   0.2782  -0.0420
  2.0232   0.2780  -0.0382
  2.0247   0.2779  -0.0345
  2.0262   0.2777  -0.0307
  2.0277   0.2776  -0.0270
  2.0293   0.2774  -0.0232
  2.0308   0.2772  -0.0195
  2.0323   0.2770  -0.0158
  2.0338   0.2768  -0.0121
  2.0354   0.2766  -0.0083
  2.0369   0.2764  -0.0046
  2.0384   0.2762  -0.0009
  2.0399   0.2759   0.0027
  2.0415   0.2757   0.0064
  2.0430   0.2754   0.0101
  2.0445   0.2751   0.0138
  2.0461   0.2749   0.0174
  2.0476   0.2746   0.0210
  2.0491   0.2743   0.0247
  2.0507   0.2739   0.0283
  2.0522   0.2736   0.0319
  2.0537   0.2733   0.0354
  2.0553   0.2729   0.0390
  2.0568   0.2726   0.0426
  2.0584   0.2722   0.0461
  2.0599   0.2718   0.0496
  2.0615   0.2714   0.0531
  2.0630   0.2710   0.0566
  2.0646   0.2706   0.0600
  2.0661   0.2701   0.0635
  2.0677   0.2697   0.0669
  2.0677   0.2697   0.0669
  2.0692   0.2692   0.0704
  2.0708   0.2688   0.0737
  2.0723   0.2684   0.0769
  2.0739   0.2679   0.0799
  2.0754   0.2675   0.0829
  2.0770   0.2671   0.0857
  2.0785   0.2667   0.0884
  2.0800   0.2663   0.0909
  2.0816   0.2659   0.0933
  2.0831   0.2655   0.0956
  2.0847   0.2652   0.0978
  2.0862   0.2648   0.0999
  2.0878   0.2645   0.1018
  2.0893   0.2641   0.1037
  2.0908   0.2638   0.1054
  2.0924   0.2635   0.1070
  2.0939   0.2632   0.1085
  2.0954   0.2629   0.1099
  2.0970   0.2626   0.1112
  2.0985   0.2623   0.1124
  2.1000   0.2621   0.1134
  2.1016   0.2618   0.1144
  2.1031   0.2616   0.1153
  2.1046   0.2614   0.1160
  2.1062   0.2612   0.1167
  2.1077   0.2609   0.1173
  2.1092   0.2608   0.1177
  2.1107   0.2606   0.1181
  2.1123   0.2604   0.1184
  2.1138   0.2602   0.1186
  2.1153   0.2601   0.1186
  2.1168   0.2600   0.1186
  2.1183   0.2598   0.1186
  2.1198   0.2597   0.1184
  2.1214   0.2596   0.1181
  2.1229   0.2595   0.1177
  2.1244   0.2594   0.1173
  2.1259   0.2594   0.1168
  2.1274   0.2593   0.1162
  2.1289   0.2593   0.1155
  2.1304   0.2593   0.1147
  2.1319   0.2592   0.1139
  2.1334   0.2592   0.1129
  2.1349   0.2592   0.1119
  2.1364   0.2593   0.1108
  2.1380   0.2593   0.1097
  2.1395   0.2593   0.1084
  2.1410   0.2594   0.1071
  2.1425   0.2595   0.1058
  2.1440   0.2596   0.1043
  2.1454   0.2597   0.1028
  2.1469   0.2598   0.1012
  2.1484   0.2599   0.0996
  2.1499   0.2600   0.0979
  2.1514   0.2602   0.0961
  2.1529   0.2604   0.0942
  2.1544   0.2605   0.0923
  2.1559   0.2607   0.0904
  2.1574   0.2609   0.0883
  2.1589   0.2611   0.0862
  2.1604   0.2614   0.0841
  2.1619   0.2616   0.0819
  2.1634   0.2619   0.0796
  2.1649   0.2622   0.0773
  2.1663   0.2624   0.0749
  2.1678   0.2627   0.0725
  2.1693   0.2631   0.0700
  2.1708   0.2634   0.0675
  2.1723   0.2637   0.0649
  2.1738   0.2641   0.0623
  2.1753   0.2644   0.0596
  2.1768   0.2648   0.0569
  2.1782   0.2652   0.0541
  2.1797   0.2656   0.0513
  2.1812   0.2661   0.0485
  2.1827   0.2665   0.0455
  2.1842   0.2670   0.0426
  2.1857   0.2674   0.0396
  2.1872   0.2679   0.0366
  2.1872   0.2679   0.0366
  2.1887   0.2684   0.0335
  2.1901   0.2689   0.0305
  2.1916   0.2694   0.0276
  2.1931   0.2698   0.0247
  2.1946   0.2703   0.0219
  2.1960   0.2707   0.0191
  2.1975   0.2712   0.0163
  2.1990   0.2716   0.0136
  2.2004   0.2720   0.0110
  2.2019   0.2724   0.0083
  2.2034   0.2728   0.0057
  2.2048   0.2732   0.0031
  2.2063   0.2736   0.0005
  2.2077   0.2740  -0.0020
  2.2092   0.2744  -0.0045
  2.2106   0.2747  -0.0070
  2.2121   0.2751  -0.0095
  2.2135   0.2754  -0.0120
  2.2150   0.2758  -0.0145
  2.2164   0.2761  -0.0169
  2.2179   0.2764  -0.0193
  2.2193   0.2767  -0.0218
  2.2207   0.2770  -0.0242
  2.2222   0.2773  -0.0266
  2.2236   0.2776  -0.0290
  2.2250   0.2779  -0.0314
  2.2265   0.2782  -0.0338
  2.2279   0.2784  -0.0361
  2.2293   0.2787  -0.0385
  2.2308   0.2789  -0.0409
  2.2322   0.2791  -0.0433
  2.2336   0.2793  -0.0456
  2.2351   0.2795  -0.0480
  2.2365   0.2797  -0.0504
  2.2379   0.2799  -0.0527
  2.2394   0.2801  -0.0551
  2.2408   0.2803  -0.0575
  2.2422   0.2804  -0.0598
  2.2436   0.2806  -0.0622
  2.2451   0.2807  -0.0646
  2.2465   0.2808  -0.0670
  2.2479   0.2810  -0.0694
  2.2493   0.2811  -0.0718
  2.2508   0.2812  -0.0742
  2.2522   0.2812  -0.0766
  2.2536   0.2813  -0.0790
  2.2550   0.2814  -0.0814
  2.2565   0.2814  -0.0838
  2.2579   0.2815  -0.0863
  2.2593   0.2815  -0.0887
  2.2607   0.2815  -0.0912
  2.2622   0.2815  -0.0936
  2.2636   0.2815  -0.0961
  2.2650   0.2815  -0.0986
  2.2664   0.2815  -0.1011
  2.2679   0.2815  -0.1036
  2.2693   0.2814  -0.1061
  2.2707   0.2814  -0.1087
  2.2721   0.2813  -0.1112
  2.2736   0.2813  -0.1138
  2.2750   0.2812  -0.1163
  2.2764   0.2811  -0.1189
  2.2779   0.2810  -0.1215
  2.2793   0.2809  -0.1241
  2.2807   0.2807  -0.1268
  2.2822   0.2806  -0.1294
  2.2836   0.2804  -0.1321
  2.2850   0.2803  -0.1347
  2.2865   0.2801  -0.1374
  2.2879   0.2799  -0.1401
  2.2894   0.2797  -0.1429
  2.2908   0.2795  -0.1456
  2.2923   0.2793  -0.1484
  2.2937   0.2791  -0.1512
  2.2952   0.2789  -0.1540
  2.2966   0.2786  -0.1569
  2.2981   0.2783  -0.1598
  2.2995   0.2781  -0.1627
  2.3010   0.2778  -0.1657
