  3.2844   3.8569  16.8852  17.4344
  3.7247   4.1055  18.5030  20.4508
  3.5291   4.1497  19.0548  20.6768
  2.7286   4.2978  19.6284  20.3541
  3.3700   4.0213  19.9197  20.0958
  3.4024   3.9193  19.6700  20.1155
  3.3587   3.8379  19.5131  20.0815
  3.2771   3.7670  19.3631  20.0439
  3.2419   3.6793  19.2145  20.0060
  3.4460   3.5297  19.0665  19.9683
  3.0836   3.5418  18.9200  19.9300
  3.0401   3.4641  18.7739  19.8922
  2.9968   3.3871  18.6284  19.8544
  2.9525   3.3110  18.4838  19.8166
  3.1736   3.1613  18.3394  19.7792
  2.8445   3.1662  18.1966  19.7412
  3.0441   3.0240  18.0537  19.7038
  2.7408   3.0226  17.9122  19.6659
  2.6872   2.9521  17.7711  19.6284
  2.8141   2.8319  17.6304  19.5911
  1.8726   3.0077  17.4920  19.5525
  2.0743   2.8662  17.3526  19.5154
  2.3470   2.7085  17.2137  19.4783
  2.4064   2.5960  17.0760  19.4411
  2.5218   2.4850  16.9389  19.4039
  2.4724   2.4209  16.8027  19.3666
  2.2453   2.4042  16.6674  19.3291
  2.2134   2.3348  16.5325  19.2919
  2.2928   2.2362  16.3982  19.2548
  2.2345   2.1746  16.2647  19.2176
  2.1790   2.1127  16.1318  19.1804
  2.0200   2.0782  15.9998  19.1431
  1.9673   2.0161  15.8683  19.1060
  1.9149   1.9544  15.7375  19.0688
  1.9450   1.8727  15.6073  19.0318
  1.8942   1.8133  15.4778  18.9948
  1.8397   1.7565  15.3491  18.9577
  1.7906   1.7000  15.2209  18.9206
  1.6584   1.6652  15.0936  18.8834
  1.6838   1.5906  14.9667  18.8465
  1.4063   1.5935  14.8408  18.8092
  0.9355   1.6432  14.7158  18.7716
  1.5066   1.4318  14.5903  18.7353
  1.4442   1.3823  14.4662  18.6982
  1.4285   1.3198  14.3427  18.6612
  1.3712   1.2683  14.2200  18.6241
  1.3179   1.2163  14.0980  18.5870
  1.2651   1.1646  13.9766  18.5499
  1.2305   1.1090  13.8559  18.5128
  1.1785   1.0580  13.7359  18.4756
  1.1296   1.0067  13.6165  18.4385
  1.0859   0.9547  13.4979  18.4013
  1.0367   0.9043  13.3799  18.3641
  0.9872   0.8545  13.2626  18.3268
  0.9363   0.8053  13.1460  18.2895
  0.8812   0.7575  13.0301  18.2522
  0.8173   0.7121  12.9148  18.2148
  0.7452   0.6689  12.8003  18.1774
  0.6698   0.6268  12.6864  18.1399
  0.5937   0.5852  12.5732  18.1024
  0.5178   0.5439  12.4608  18.0649
  0.4426   0.5028  12.3490  18.0273
  0.3683   0.4620  12.2379  17.9896
  0.2951   0.4214  12.1276  17.9519
  0.2242   0.3818  12.0179  17.9141
  0.2527   0.4069  11.9089  17.8765
  0.3586   0.4826  11.8005  17.8390
  0.3759   0.4996  11.6929  17.8012
  0.3902   0.5143  11.5860  17.7634
  0.2633   0.6553  11.4799  17.7254
  0.2851   0.6357  11.3744  17.6874
  0.3080   0.6153  11.2695  17.6493
  0.3248   0.6017  11.1654  17.6111
  0.3362   0.5937  11.0620  17.5729
  0.2974   0.6371  10.9593  17.5345
  0.3467   0.5907  10.8573  17.4961
  0.3530   0.5882  10.7560  17.4576
  0.3563   0.5887  10.6554  17.4191
  0.3596   0.5892  10.5555  17.3804
  0.3628   0.5897  10.4563  17.3417
  0.3660   0.5903  10.3578  17.3028
  0.3692   0.5909  10.2600  17.2639
  0.3724   0.5913  10.1629  17.2249
  0.3757   0.5917  10.0664  17.1858
  0.3961   0.5760   9.9706  17.1467
  0.3955   0.5801   9.8755  17.1074
  0.3997   0.5796   9.7810  17.0681
  0.4098   0.5738   9.6872  17.0287
  0.4211   0.5669   9.5940  16.9892
 -0.8536   1.7771   9.4971  16.9484
  0.4708   0.5161   9.4118  16.9101
  0.4954   0.5109   9.3207  16.8704
  0.5116   0.5005   9.2301  16.8306
  0.5305   0.4873   9.1401  16.7907
  0.5860   0.4336   9.0505  16.7508
  0.5921   0.4272   8.9617  16.7109
  0.5856   0.4020   8.8734  16.6708
  0.5189   0.3034   8.7852  16.6305
  0.4756   0.2739   8.6982  16.5905
  0.5427   0.3439   8.6126  16.5509
  0.4432   0.2349   8.5261  16.5106
  0.4367   0.2256   8.4411  16.4708
  0.4449   0.2334   8.3567  16.4312
  0.4620   0.2432   8.2729  16.3916
  0.4639   0.2559   8.1895  16.3521
  0.4777   0.2670   8.1065  16.3126
  0.4896   0.2785   8.0238  16.2733
  0.5017   0.2898   7.9414  16.2342
  0.5295   0.2989   7.8592  16.1952
 -1.0058   0.7637   7.7714  16.1537
  0.1926  -0.0564   7.6989  16.1201
  0.4353   0.2125   7.6224  16.0863
  0.2052  -0.0441   7.5443  16.0491
  0.2331  -0.0250   7.4653  16.0151
  0.2877   0.0447   7.3859  15.9815
  0.2710   0.0065   7.3061  15.9501
  0.3249   0.0832   7.2251  15.9220
  0.2167  -0.0411   7.1427  15.9015
  0.2103  -0.0457   7.0522  15.8934
  0.0000   0.0000   0.0000   0.0000
  1.4182  -1.0459  10.4903  12.6272
  1.5033  -1.0499  12.4020  14.4623
  1.4727  -0.9431  12.5524  14.8826
  1.4330  -0.8375  12.7654  14.9410
  1.3935  -0.7429  12.6488  15.0862
  1.3554  -0.6586  12.7038  15.1495
  1.3185  -0.5838  12.7239  15.2259
  1.2828  -0.5175  12.7612  15.2955
  1.2480  -0.4588  12.8071  15.3613
  1.2142  -0.4068  12.9408  15.3912
  1.1812  -0.3608  13.0536  15.4302
  1.1488  -0.3202  13.1211  15.4883
  1.1168  -0.2846  13.0282  15.6115
  1.0854  -0.2531  12.9735  15.7187
  1.0549  -0.2252  13.2321  15.7008
  1.0244  -0.2007  13.2580  15.7764
  0.9940  -0.1794  13.0829  15.9313
  0.9642  -0.1606  13.1148  16.0042
  0.9346  -0.1440  13.1486  16.0763
  0.9052  -0.1296  13.1755  16.1513
  0.8762  -0.1168  13.4272  16.1399
  0.8470  -0.1058  13.4383  16.2217
  0.8180  -0.0962  13.4509  16.3028
  0.7890  -0.0878  13.4650  16.3835
  0.7601  -0.0806  13.4803  16.4636
  0.7312  -0.0743  13.4968  16.5433
  0.7024  -0.0689  13.5143  16.6227
  0.6735  -0.0642  13.5327  16.7017
  0.6447  -0.0603  13.5518  16.7804
  0.6158  -0.0569  13.5717  16.8588
  0.5868  -0.0541  13.5921  16.9371
  0.5579  -0.0517  13.6130  17.0151
  0.5289  -0.0497  13.6343  17.0930
  0.4998  -0.0481  13.6559  17.1708
  0.4707  -0.0467  13.6777  17.2484
  0.4415  -0.0457  13.6997  17.3259
  0.4122  -0.0449  13.7217  17.4034
  0.3829  -0.0443  13.7438  17.4808
  0.3535  -0.0438  13.7658  17.5581
  0.3240  -0.0435  13.7876  17.6354
  0.2945  -0.0434  13.8093  17.7126
  0.2649  -0.0433  13.8307  17.7898
  0.2352  -0.0433  13.8519  17.8670
  0.2055  -0.0434  13.8727  17.9442
  0.1757  -0.0436  13.8932  18.0213
  0.1458  -0.0438  13.9132  18.0983
  0.1158  -0.0440  13.9328  18.1753
  0.0858  -0.0442  13.9518  18.2523
  0.0558  -0.0444  13.9704  18.3292
  0.0256  -0.0446  13.9883  18.4061
 -0.0045  -0.0447  14.0057  18.4828
 -0.0348  -0.0449  14.0224  18.5595
 -0.0651  -0.0449  14.0385  18.6361
 -0.0954  -0.0450  14.0539  18.7126
 -0.1258  -0.0449  14.0686  18.7889
 -0.1563  -0.0448  14.0826  18.8651
 -0.1868  -0.0445  14.0959  18.9412
 -0.2173  -0.0442  14.1083  19.0170
 -0.2479  -0.0437  14.1200  19.0927
 -0.2785  -0.0431  14.1308  19.1681
 -0.3092  -0.0424  14.1409  19.2433
 -0.3399  -0.0414  14.1501  19.3183
 -0.3706  -0.0403  14.1584  19.3929
 -0.4014  -0.0390  14.1659  19.4673
 -0.4322  -0.0375  14.1725  19.5413
 -0.4631  -0.0357  14.1782  19.6149
 -0.4940  -0.0337  14.1829  19.6882
 -0.5250  -0.0314  14.1868  19.7610
 -0.5560  -0.0287  14.1897  19.8335
 -0.5871  -0.0257  14.1917  19.9054
 -0.6182  -0.0223  14.1926  19.9769
 -0.6494  -0.0184  14.1927  20.0478
 -0.6807  -0.0141  14.1917  20.1182
 -0.7120  -0.0093  14.1897  20.1879
 -0.7434  -0.0039  14.1868  20.2571
 -0.7749   0.0021  14.1828  20.3256
 -0.8064   0.0088  14.1777  20.3933
 -0.8381   0.0162  14.1717  20.4604
 -0.8699   0.0245  14.1645  20.5267
 -0.9017   0.0337  14.1563  20.5921
 -0.9337   0.0439  14.1470  20.6567
 -0.9657   0.0552  14.1365  20.7204
 -0.9979   0.0677  14.1250  20.7832
 -1.0301   0.0816  14.1123  20.8449
 -1.0625   0.0970  14.0984  20.9056
 -1.0949   0.1140  14.0834  20.9652
 -1.1275   0.1328  14.0671  21.0236
 -1.1601   0.1536  14.0496  21.0808
 -1.1927   0.1765  14.0308  21.1366
 -1.2254   0.2020  14.0107  21.1910
 -1.2581   0.2300  13.9893  21.2439
 -1.2908   0.2611  13.9664  21.2952
 -1.3233   0.2954  13.9420  21.3446
 -1.3557   0.3334  13.9160  21.3921
 -1.3879   0.3753  13.8883  21.4374
 -1.4195   0.4217  13.8587  21.4802
 -1.4501   0.4729  13.8269  21.5199
 -1.4789   0.5294  13.7923  21.5557
 -1.5019   0.5911  13.7541  21.5862
  0.0108   0.3853   8.4228  13.4243
  0.0287   0.3337   8.4174  13.4714
  0.0463   0.2887   8.4127  13.5188
  0.0637   0.2491   8.4093  13.5663
  0.0809   0.2140   8.3979  13.6128
  0.0977   0.1826   8.4243  13.6605
  0.1142   0.1547   8.4078  13.7105
  0.1304   0.1295   8.3783  13.7554
  0.1462   0.1069   8.3700  13.8030
  0.1615   0.0866   8.3614  13.8508
  0.1765   0.0683   8.3525  13.8987
  0.1910   0.0518   8.3433  13.9467
  0.2051   0.0369   8.3337  13.9950
  0.2188   0.0235   8.3453  14.0465
  0.2320   0.0113   8.3138  14.0920
  0.2447   0.0003   8.3034  14.1408
  0.2570  -0.0097   8.2930  14.1898
  0.2687  -0.0187   8.2817  14.2388
  0.2800  -0.0269   8.2705  14.2882
  0.2909  -0.0344   8.2580  14.3374
  0.3012  -0.0412   8.2471  14.3873
  0.3111  -0.0473   8.2350  14.4372
  0.3205  -0.0530   8.2226  14.4873
  0.3294  -0.0581   8.2098  14.5375
  0.3379  -0.0627   8.1968  14.5879
  0.3458  -0.0669   8.1835  14.6385
  0.3534  -0.0708   8.1699  14.6892
  0.3604  -0.0743   8.1560  14.7401
  0.3670  -0.0775   8.1418  14.7912
  0.3732  -0.0805   8.1272  14.8423
  0.3788  -0.0832   8.1123  14.8937
  0.3841  -0.0856   8.0971  14.9451
  0.3889  -0.0879   8.0815  14.9966
  0.3932  -0.0900   8.0656  15.0483
  0.3971  -0.0919   8.0493  15.1000
  0.4005  -0.0936   8.0326  15.1518
  0.4035  -0.0953   8.0156  15.2037
  0.4060  -0.0968   7.9982  15.2556
  0.4081  -0.0982   7.9804  15.3075
  0.4098  -0.0995   7.9622  15.3595
  0.4110  -0.1007   7.9436  15.4115
  0.4117  -0.1018   7.9246  15.4634
  0.4120  -0.1029   7.9051  15.5153
  0.4119  -0.1038   7.8852  15.5671
  0.4113  -0.1048   7.8648  15.6189
  0.4102  -0.1056   7.8440  15.6705
  0.4087  -0.1064   7.8226  15.7221
  0.4068  -0.1071   7.8008  15.7734
  0.4043  -0.1078   7.7785  15.8246
  0.4014  -0.1084   7.7556  15.8756
  0.3981  -0.1089   7.7322  15.9264
  0.3942  -0.1094   7.7082  15.9769
  0.3899  -0.1098   7.6836  16.0271
  0.3850  -0.1102   7.6584  16.0770
  0.3797  -0.1106   7.6325  16.1265
  0.3738  -0.1109   7.6059  16.1756
  0.3675  -0.1112   7.5787  16.2242
  0.3606  -0.1115   7.5507  16.2724
  0.3531  -0.1118   7.5221  16.3200
  0.3452  -0.1120   7.4926  16.3671
  0.3366  -0.1122   7.4726  16.4138
  0.3275  -0.1123   7.4178  16.4546
  0.3178  -0.1124   7.3934  16.5009
  0.3075  -0.1122   7.3876  16.5516
  0.2966  -0.1120   7.3661  16.5982
  0.2851  -0.1115   7.3379  16.6426
  0.2729  -0.1108   7.3183  16.6886
  0.2601  -0.1099   7.3299  16.7425
  0.2465  -0.1088   7.2467  16.7702
  0.2323  -0.1075   7.2105  16.8098
  0.2173  -0.1060   7.1433  16.8400
  0.2016  -0.1043   7.0722  16.8719
  0.1851  -0.1026   7.0142  16.9018
  0.1677  -0.1008   6.9679  16.9347
  0.1495  -0.0987   6.9871  16.9819
  0.1304  -0.0961   6.9576  17.0176
  0.1101  -0.0926   6.8190  17.0238
  0.0887  -0.0875   6.7658  17.0502
  0.0653  -0.0799   6.7106  17.0749
  0.0000   0.0000   0.0000   0.0000
 -3.0545   0.2827   1.1508  -4.1764
 -2.9462   0.2166   0.9747  -3.2101
 -2.8388   0.1667   0.8297  -2.4656
 -2.7325   0.1295   0.7096  -1.8935
 -2.6273   0.1019   0.6096  -1.4545
 -2.5234   0.0818   0.5254  -1.1180
 -2.4209   0.0674   0.4537  -0.8602
 -2.3197   0.0575   0.3920  -0.6627
 -2.2200   0.0509   0.3382  -0.5115
 -2.1217   0.0469   0.2908  -0.3957
 -2.0247   0.0449   0.2484  -0.3071
 -1.9292   0.0443   0.2103  -0.2392
 -1.8351   0.0447   0.1757  -0.1872
 -1.7423   0.0460   0.1441  -0.1474
 -1.6509   0.0478   0.1149  -0.1169
 -1.5608   0.0500   0.0880  -0.0935
 -1.4719   0.0525   0.0631  -0.0756
 -1.3844   0.0552   0.0400  -0.0618
 -1.2980   0.0580   0.0185  -0.0512
 -1.2129   0.0609  -0.0014  -0.0429
 -1.1289   0.0638  -0.0198  -0.0365
 -1.0461   0.0667  -0.0368  -0.0315
 -0.9645   0.0696  -0.0524  -0.0274
 -0.8839   0.0724  -0.0667  -0.0241
 -0.8044   0.0752  -0.0797  -0.0214
 -0.7260   0.0779  -0.0914  -0.0190
 -0.6486   0.0806  -0.1018  -0.0169
 -0.5722   0.0832  -0.1109  -0.0150
 -0.4968   0.0858  -0.1187  -0.0131
 -0.4223   0.0883  -0.1252  -0.0114
 -0.3488   0.0908  -0.1305  -0.0096
 -0.2763   0.0932  -0.1344  -0.0078
 -0.2046   0.0957  -0.1371  -0.0060
 -0.1338   0.0980  -0.1385  -0.0041
 -0.0639   0.1004  -0.1386  -0.0021
  0.0051   0.1027  -0.1374  -0.0001
  0.0734   0.1051  -0.1348   0.0020
  0.1408   0.1074  -0.1310   0.0041
  0.2074   0.1096  -0.1258   0.0064
  0.2732   0.1119  -0.1192   0.0087
  0.3383   0.1141  -0.1114   0.0111
  0.4026   0.1164  -0.1021   0.0136
  0.4662   0.1186  -0.0915   0.0161
  0.5291   0.1208  -0.0795   0.0187
  0.5912   0.1230  -0.0661   0.0214
  0.6527   0.1251  -0.0513   0.0241
  0.7135   0.1272  -0.0351   0.0269
  0.7736   0.1292  -0.0174   0.0298
  0.8331   0.1312   0.0017   0.0328
  0.8920   0.1331   0.0223   0.0358
  0.9503   0.1349   0.0444   0.0391
  1.0079   0.1366   0.0679   0.0424
  1.0650   0.1381   0.0930   0.0460
  1.1214   0.1394   0.1196   0.0498
  1.1773   0.1404   0.1478   0.0540
  1.2327   0.1411   0.1776   0.0585
  1.2875   0.1414   0.2089   0.0636
  1.3419   0.1412   0.2419   0.0693
  1.3957   0.1403   0.2765   0.0760
  1.4490   0.1386   0.3128   0.0837
  1.5018   0.1358   0.3507   0.0928
  1.5542   0.1317   0.3905   0.1037
  1.6062   0.1260   0.4319   0.1168
  1.6577   0.1182   0.4752   0.1329
  1.7089   0.1078   0.5203   0.1526
  1.7597   0.0940   0.5673   0.1769
  1.8102   0.0761   0.6163   0.2070
  1.8604   0.0529   0.6673   0.2444
  1.9104   0.0230   0.7204   0.2911
  1.9602  -0.0153   0.7756   0.3495
  2.0100  -0.0643   0.8332   0.4225
  2.0598  -0.1267   0.8931   0.5139
  2.1097  -0.2062   0.9557   0.6285
  2.1599  -0.3072   1.0210   0.7722
  2.2106  -0.4354   1.0893   0.9523
  2.2620  -0.5980   1.1608   1.1781
  2.3144  -0.8041   1.2358   1.4608
  2.3682  -1.0652   1.3146   1.8148
  2.4237  -1.3955   1.3975   2.2575
  0.0000   0.0000   0.0000   0.0000
 -4.2301  20.2859   1.0185  -0.4253
 -4.4816  20.2652   0.9646  -0.3765
 -4.7337  20.2422   0.9119  -0.3327
 -4.9864  20.2171   0.8602  -0.2934
 -5.2395  20.1898   0.8094  -0.2581
 -5.4932  20.1603   0.7596  -0.2266
 -5.7473  20.1286   0.7108  -0.1983
 -6.0020  20.0947   0.6628  -0.1731
 -6.2570  20.0586   0.6156  -0.1505
 -6.5125  20.0202   0.5693  -0.1303
 -6.7683  19.9797   0.5238  -0.1123
 -7.0245  19.9369   0.4790  -0.0963
 -7.2811  19.8919   0.4349  -0.0820
 -7.5378  19.8447   0.3916  -0.0693
 -7.7949  19.7953   0.3489  -0.0580
 -8.0521  19.7436   0.3069  -0.0480
 -8.3095  19.6897   0.2655  -0.0391
 -8.5669  19.6335   0.2247  -0.0312
 -8.8245  19.5752   0.1845  -0.0243
 -9.0821  19.5145   0.1449  -0.0181
 -9.3396  19.4517   0.1058  -0.0127
 -9.5970  19.3866   0.0672  -0.0080
 -9.8543  19.3193   0.0291  -0.0038
-10.1114  19.2498  -0.0085  -0.0001
-10.3683  19.1780  -0.0456   0.0031
-10.6248  19.1041  -0.0823   0.0058
-10.8810  19.0279  -0.1185   0.0083
-11.1368  18.9496  -0.1544   0.0104
-11.3920  18.8690  -0.1899   0.0122
-11.6468  18.7864  -0.2250   0.0137
-11.9009  18.7015  -0.2597   0.0150
-12.1544  18.6145  -0.2941   0.0161
-12.4071  18.5254  -0.3281   0.0171
-12.6591  18.4342  -0.3619   0.0178
-12.9102  18.3409  -0.3954   0.0185
-13.1604  18.2454  -0.4286   0.0190
-13.4096  18.1480  -0.4615   0.0194
-13.6577  18.0484  -0.4942   0.0197
-13.9048  17.9469  -0.5267   0.0199
-14.1506  17.8433  -0.5590   0.0200
-14.3953  17.7378  -0.5910   0.0200
-14.6386  17.6302  -0.6229   0.0200
-14.8806  17.5207  -0.6546   0.0199
-15.1211  17.4093  -0.6862   0.0198
-15.3601  17.2959  -0.7176   0.0196
-15.5976  17.1806  -0.7489   0.0193
-15.8335  17.0635  -0.7801   0.0190
-16.0676  16.9444  -0.8112   0.0187
-16.3001  16.8235  -0.8422   0.0183
-16.5307  16.7007  -0.8731   0.0179
-16.7594  16.5761  -0.9040   0.0174
-16.9862  16.4497  -0.9348   0.0168
-17.2109  16.3215  -0.9656   0.0162
-17.4337  16.1914  -0.9964   0.0156
-17.6543  16.0596  -1.0271   0.0149
-17.8727  15.9259  -1.0579   0.0142
-18.0889  15.7905  -1.0887   0.0134
-18.3028  15.6532  -1.1195   0.0125
-18.5143  15.5141  -1.1503   0.0116
-18.7235  15.3732  -1.1812   0.0106
-18.9302  15.2305  -1.2122   0.0096
-19.1344  15.0859  -1.2432   0.0085
-19.3360  14.9395  -1.2743   0.0073
-19.5350  14.7911  -1.3054   0.0061
-19.7314  14.6409  -1.3367   0.0048
-19.9251  14.4887  -1.3680   0.0034
-20.1160  14.3345  -1.3995   0.0020
-20.3042  14.1783  -1.4311   0.0005
-20.4896  14.0201  -1.4628  -0.0011
-20.6721  13.8597  -1.4946  -0.0027
-20.8517  13.6971  -1.5266  -0.0044
-21.0285  13.5323  -1.5587  -0.0061
-21.2023  13.3651  -1.5910  -0.0079
-21.3733  13.1955  -1.6234  -0.0098
-21.5412  13.0235  -1.6559  -0.0117
-21.7062  12.8489  -1.6887  -0.0136
-21.8683  12.6715  -1.7216  -0.0155
-22.0274  12.4914  -1.7546  -0.0175
-22.1836  12.3084  -1.7879  -0.0194
  0.0000   0.0000   0.0000   0.0000
  0.7594  -4.8258  -4.5007   0.7588
  0.6292  -3.7659  -4.3007   0.6417
  0.5146  -2.9248  -4.1059   0.5378
  0.4148  -2.2648  -3.9161   0.4491
  0.3281  -1.7509  -3.7313   0.3753
  0.2527  -1.3526  -3.5511   0.3146
  0.1867  -1.0452  -3.3756   0.2652
  0.1284  -0.8083  -3.2044   0.2251
  0.0765  -0.6262  -3.0376   0.1925
  0.0298  -0.4863  -2.8750   0.1660
 -0.0125  -0.3791  -2.7165   0.1444
 -0.0512  -0.2969  -2.5620   0.1267
 -0.0867  -0.2341  -2.4114   0.1121
 -0.1194  -0.1861  -2.2647   0.0999
 -0.1498  -0.1495  -2.1216   0.0897
 -0.1780  -0.1216  -1.9823   0.0810
 -0.2042  -0.1005  -1.8465   0.0737
 -0.2286  -0.0845  -1.7141   0.0674
 -0.2513  -0.0724  -1.5852   0.0619
 -0.2723  -0.0632  -1.4597   0.0572
 -0.2918  -0.0564  -1.3373   0.0531
 -0.3098  -0.0513  -1.2182   0.0496
 -0.3262  -0.0474  -1.1022   0.0465
 -0.3413  -0.0445  -0.9892   0.0439
 -0.3548  -0.0423  -0.8792   0.0417
 -0.3670  -0.0406  -0.7722   0.0399
 -0.3778  -0.0392  -0.6680   0.0384
 -0.3871  -0.0381  -0.5666   0.0373
 -0.3951  -0.0371  -0.4679   0.0365
 -0.4016  -0.0362  -0.3720   0.0360
 -0.4068  -0.0353  -0.2787   0.0358
 -0.4105  -0.0344  -0.1880   0.0360
 -0.4129  -0.0335  -0.0999   0.0364
 -0.4138  -0.0325  -0.0143   0.0371
 -0.4133  -0.0314   0.0689   0.0381
 -0.4114  -0.0303   0.1496   0.0394
 -0.4081  -0.0290   0.2279   0.0410
 -0.4033  -0.0277   0.3038   0.0428
 -0.3971  -0.0263   0.3775   0.0449
 -0.3895  -0.0248   0.4488   0.0472
 -0.3804  -0.0231   0.5178   0.0497
 -0.3698  -0.0214   0.5846   0.0524
 -0.3577  -0.0196   0.6492   0.0553
 -0.3441  -0.0177   0.7116   0.0584
 -0.3290  -0.0157   0.7718   0.0616
 -0.3124  -0.0136   0.8299   0.0649
 -0.2942  -0.0114   0.8858   0.0684
 -0.2745  -0.0091   0.9396   0.0719
 -0.2532  -0.0067   0.9913   0.0754
 -0.2303  -0.0041   1.0408   0.0790
 -0.2058  -0.0014   1.0884   0.0824
 -0.1797   0.0015   1.1338   0.0858
 -0.1520   0.0046   1.1772   0.0890
 -0.1226   0.0081   1.2185   0.0919
 -0.0916   0.0118   1.2579   0.0944
 -0.0588   0.0160   1.2952   0.0964
 -0.0244   0.0208   1.3305   0.0978
  0.0118   0.0262   1.3638   0.0983
  0.0497   0.0325   1.3952   0.0977
  0.0894   0.0399   1.4247   0.0957
  0.1309   0.0488   1.4523   0.0919
  0.1742   0.0594   1.4780   0.0859
  0.2192   0.0723   1.5020   0.0769
  0.2662   0.0880   1.5242   0.0642
  0.3149   0.1074   1.5449   0.0467
  0.3656   0.1313   1.5641   0.0232
  0.4182   0.1611   1.5821  -0.0080
  0.4726   0.1982   1.5990  -0.0491
  0.5290   0.2446   1.6152  -0.1028
  0.5874   0.3027   1.6311  -0.1727
  0.6478   0.3754   1.6471  -0.2635
  0.7102   0.4664   1.6641  -0.3810
  0.7747   0.5803   1.6827  -0.5329
  0.8413   0.7225   1.7043  -0.7293
  0.9101   0.8996   1.7302  -0.9833
  0.9811   1.1189   1.7624  -1.3118
  1.0544   1.3886   1.8034  -1.7375
  1.1299   1.7164   1.8562  -2.2899
  1.2077   2.1084   1.9248  -3.0088
  0.0590  -0.0079  -0.1528  -0.0306
  0.0715  -0.0079  -0.1285  -0.0337
  0.0715  -0.0079  -0.1285  -0.0337
  0.0715  -0.0079  -0.1285  -0.0337
  0.0715  -0.0079  -0.1285  -0.0337
  0.0715  -0.0079  -0.1285  -0.0337
  0.0715  -0.0079  -0.1285  -0.0337
  0.0000   0.0000   0.0000   0.0000
  0.4400   0.1076  14.0412  28.4395
  0.4503   0.0973  13.9205  28.4463
  0.4603   0.0877  13.7978  28.4515
  0.4700   0.0787  13.6732  28.4552
  0.4795   0.0703  13.5467  28.4575
  0.4887   0.0625  13.4183  28.4583
  0.4978   0.0552  13.2880  28.4577
  0.5066   0.0484  13.1559  28.4558
  0.5152   0.0421  13.0220  28.4526
  0.5237   0.0363  12.8863  28.4481
  0.5320   0.0309  12.7488  28.4424
  0.5402   0.0260  12.6096  28.4355
  0.5482   0.0214  12.4687  28.4273
  0.5560   0.0173  12.3261  28.4181
  0.5638   0.0135  12.1818  28.4077
  0.5714   0.0102  12.0359  28.3961
  0.5790   0.0071  11.8884  28.3835
  0.5864   0.0044  11.7394  28.3697
  0.5938   0.0019  11.5889  28.3548
  0.6011  -0.0002  11.4369  28.3389
  0.6083  -0.0021  11.2835  28.3219
  0.6155  -0.0037  11.1287  28.3037
  0.6226  -0.0051  10.9725  28.2845
  0.6296  -0.0062  10.8150  28.2642
  0.6366  -0.0072  10.6563  28.2428
  0.6436  -0.0079  10.4964  28.2204
  0.6505  -0.0085  10.3353  28.1968
  0.6575  -0.0089  10.1731  28.1721
  0.6644  -0.0092  10.0098  28.1463
  0.6713  -0.0093   9.8456  28.1194
  0.6782  -0.0093   9.6804  28.0913
  0.6851  -0.0092   9.5143  28.0620
  0.6921  -0.0089   9.3474  28.0316
  0.6990  -0.0086   9.1797  28.0000
  0.7060  -0.0082   9.0114  27.9672
  0.7130  -0.0077   8.8423  27.9331
  0.7200  -0.0072   8.6727  27.8979
  0.7271  -0.0066   8.5026  27.8613
  0.7342  -0.0060   8.3320  27.8234
  0.7413  -0.0053   8.1610  27.7843
  0.7486  -0.0046   7.9897  27.7438
  0.7558  -0.0039   7.8181  27.7019
  0.7632  -0.0032   7.6464  27.6586
  0.7706  -0.0025   7.4745  27.6139
  0.7781  -0.0019   7.3026  27.5678
  0.7857  -0.0013   7.1307  27.5202
  0.7933  -0.0007   6.9589  27.4711
  0.8011  -0.0002   6.7872  27.4205
  0.8089   0.0002   6.6158  27.3684
  0.8169   0.0005   6.4447  27.3146
  0.8249   0.0007   6.2739  27.2593
  0.8331   0.0008   6.1035  27.2023
  0.8413   0.0006   5.9337  27.1436
  0.8497   0.0003   5.7644  27.0833
  0.8582  -0.0002   5.5957  27.0212
  0.8669  -0.0009   5.4277  26.9574
  0.8756  -0.0020   5.2605  26.8918
  0.8845  -0.0034   5.0941  26.8244
  0.8936  -0.0051   4.9285  26.7552
  0.9027  -0.0073   4.7638  26.6841
  0.9121  -0.0099   4.6002  26.6112
  0.9216  -0.0131   4.4375  26.5363
  0.9312  -0.0169   4.2759  26.4596
  0.9410  -0.0213   4.1154  26.3808
  0.9510  -0.0265   3.9561  26.3001
  0.9611  -0.0326   3.7979  26.2174
  0.9714  -0.0397   3.6410  26.1327
  0.9819  -0.0478   3.4854  26.0459
  0.9926  -0.0572   3.3310  25.9571
  1.0035  -0.0680   3.1780  25.8662
  1.0147  -0.0803   3.0263  25.7732
  1.0260  -0.0944   2.8759  25.6780
  1.0376  -0.1104   2.7269  25.5807
  1.0494  -0.1286   2.5793  25.4812
  1.0614  -0.1492   2.4331  25.3796
  1.0738  -0.1726   2.2883  25.2757
  1.0864  -0.1990   2.1448  25.1696
  1.0993  -0.2288   2.0028  25.0613
  1.1126  -0.2623   1.8621  24.9507
  0.0000   0.0000   0.0000   0.0000
 -1.5606   0.7390  -2.9816  -2.7107
 -1.4949   0.5720  -2.9341  -2.2129
 -1.4299   0.4474  -2.8772  -1.7755
 -1.3658   0.3501  -2.8118  -1.4184
 -1.3027   0.2749  -2.7398  -1.1317
 -1.2404   0.2169  -2.6628  -0.9044
 -1.1789   0.1724  -2.5820  -0.7256
 -1.1183   0.1382  -2.4986  -0.5858
 -1.0585   0.1120  -2.4134  -0.4767
 -0.9996   0.0919  -2.3272  -0.3919
 -0.9416   0.0765  -2.2404  -0.3257
 -0.8848   0.0646  -2.1535  -0.2742
 -0.8292   0.0554  -2.0667  -0.2338
 -0.7748   0.0482  -1.9803  -0.2019
 -0.7217   0.0426  -1.8944  -0.1767
 -0.6700   0.0382  -1.8092  -0.1564
 -0.6197   0.0347  -1.7246  -0.1400
 -0.5709   0.0319  -1.6407  -0.1264
 -0.5236   0.0296  -1.5577  -0.1149
 -0.4777   0.0278  -1.4755  -0.1051
 -0.4334   0.0263  -1.3941  -0.0965
 -0.3906   0.0250  -1.3135  -0.0889
 -0.3492   0.0239  -1.2338  -0.0819
 -0.3092   0.0230  -1.1550  -0.0755
 -0.2705   0.0223  -1.0770  -0.0694
 -0.2331   0.0217  -0.9999  -0.0637
 -0.1969   0.0212  -0.9237  -0.0582
 -0.1619   0.0207  -0.8484  -0.0530
 -0.1279   0.0204  -0.7739  -0.0479
 -0.0948   0.0201  -0.7003  -0.0431
 -0.0627   0.0199  -0.6275  -0.0384
 -0.0313   0.0198  -0.5556  -0.0339
 -0.0006   0.0197  -0.4844  -0.0295
  0.0295   0.0197  -0.4141  -0.0254
  0.0590   0.0197  -0.3444  -0.0214
  0.0881   0.0197  -0.2755  -0.0175
  0.1169   0.0198  -0.2072  -0.0139
  0.1454   0.0200  -0.1396  -0.0103
  0.1737   0.0201  -0.0724  -0.0070
  0.2019   0.0203  -0.0058  -0.0038
  0.2300   0.0206   0.0604  -0.0008
  0.2580   0.0209   0.1262   0.0021
  0.2862   0.0212   0.1918   0.0049
  0.3144   0.0215   0.2571   0.0075
  0.3429   0.0219   0.3223   0.0101
  0.3715   0.0223   0.3875   0.0125
  0.4003   0.0228   0.4528   0.0148
  0.4294   0.0232   0.5181   0.0171
  0.4588   0.0237   0.5837   0.0193
  0.4885   0.0242   0.6496   0.0214
  0.5186   0.0247   0.7160   0.0235
  0.5489   0.0252   0.7828   0.0256
  0.5797   0.0257   0.8503   0.0277
  0.6107   0.0261   0.9185   0.0297
  0.6420   0.0265   0.9875   0.0319
  0.6737   0.0268   1.0575   0.0341
  0.7056   0.0270   1.1285   0.0364
  0.7378   0.0271   1.2007   0.0389
  0.7701   0.0269   1.2741   0.0416
  0.8026   0.0265   1.3489   0.0446
  0.8351   0.0256   1.4251   0.0480
  0.8675   0.0242   1.5030   0.0521
  0.8998   0.0221   1.5826   0.0569
  0.9318   0.0191   1.6639   0.0627
  0.9634   0.0149   1.7472   0.0699
  0.9944   0.0091   1.8326   0.0789
  1.0245   0.0012   1.9200   0.0903
  1.0536  -0.0094   2.0097   0.1049
  1.0814  -0.0236   2.1016   0.1237
  1.1077  -0.0425   2.1959   0.1480
  1.1323  -0.0674   2.2926   0.1796
  1.1551  -0.1001   2.3917   0.2206
  1.1760  -0.1431   2.4932   0.2739
  1.1951  -0.1992   2.5972   0.3432
  1.2128  -0.2719   2.7036   0.4330
  1.2293  -0.3655   2.8123   0.5490
  1.2450  -0.4849   2.9235   0.6974
  1.2590  -0.6362   3.0369   0.8850
  1.2664  -0.8315   3.1511   1.1166
  0.0000   0.0000   0.0000   0.0000
 -7.6518  24.0777   1.0555  -0.3172
 -7.9307  24.0032   1.0037  -0.2772
 -8.2094  23.9255   0.9532  -0.2460
 -8.4882  23.8446   0.9037  -0.2202
 -8.7668  23.7606   0.8553  -0.1982
 -9.0453  23.6735   0.8080  -0.1789
 -9.3237  23.5833   0.7615  -0.1619
 -9.6018  23.4900   0.7160  -0.1468
 -9.8798  23.3936   0.6714  -0.1334
-10.1574  23.2942   0.6277  -0.1216
-10.4347  23.1918   0.5847  -0.1111
-10.7116  23.0863   0.5425  -0.1019
-10.9880  22.9778   0.5011  -0.0938
-11.2639  22.8664   0.4603  -0.0866
-11.5392  22.7520   0.4203  -0.0803
-11.8139  22.6348   0.3809  -0.0749
-12.0879  22.5146   0.3421  -0.0701
-12.3611  22.3916   0.3040  -0.0660
-12.6335  22.2658   0.2664  -0.0624
-12.9049  22.1372   0.2293  -0.0594
-13.1754  22.0059   0.1928  -0.0567
-13.4448  21.8719   0.1567  -0.0545
-13.7131  21.7353   0.1212  -0.0526
-13.9802  21.5961   0.0860  -0.0511
-14.2460  21.4543   0.0514  -0.0498
-14.5104  21.3100   0.0171  -0.0487
-14.7735  21.1633  -0.0168  -0.0478
-15.0350  21.0142  -0.0504  -0.0472
-15.2950  20.8628  -0.0836  -0.0466
-15.5533  20.7092  -0.1165  -0.0462
-15.8099  20.5533  -0.1491  -0.0460
-16.0648  20.3953  -0.1814  -0.0458
-16.3178  20.2352  -0.2135  -0.0456
-16.5689  20.0730  -0.2454  -0.0456
-16.8181  19.9090  -0.2770  -0.0456
-17.0652  19.7430  -0.3084  -0.0456
-17.3102  19.5753  -0.3397  -0.0457
-17.5530  19.4058  -0.3708  -0.0458
-17.7936  19.2346  -0.4018  -0.0459
-18.0320  19.0618  -0.4326  -0.0460
-18.2680  18.8874  -0.4634  -0.0461
-18.5016  18.7116  -0.4940  -0.0461
-18.7328  18.5343  -0.5246  -0.0462
-18.9614  18.3557  -0.5552  -0.0462
-19.1876  18.1758  -0.5857  -0.0462
-19.4111  17.9947  -0.6162  -0.0462
-19.6320  17.8124  -0.6467  -0.0461
-19.8502  17.6290  -0.6772  -0.0459
-20.0657  17.4445  -0.7078  -0.0457
-20.2784  17.2591  -0.7384  -0.0454
-20.4882  17.0727  -0.7690  -0.0450
-20.6953  16.8854  -0.7998  -0.0446
-20.8994  16.6972  -0.8306  -0.0440
-21.1007  16.5083  -0.8615  -0.0433
-21.2989  16.3186  -0.8925  -0.0425
-21.4942  16.1281  -0.9237  -0.0415
-21.6865  15.9370  -0.9550  -0.0404
-21.8757  15.7453  -0.9864  -0.0390
-22.0618  15.5529  -1.0180  -0.0375
-22.2449  15.3599  -1.0498  -0.0358
-22.4248  15.1664  -1.0817  -0.0337
-22.6016  14.9723  -1.1138  -0.0314
-22.7752  14.7777  -1.1461  -0.0288
-22.9456  14.5826  -1.1786  -0.0258
-23.1129  14.3869  -1.2113  -0.0223
-23.2769  14.1908  -1.2442  -0.0184
-23.4377  13.9941  -1.2773  -0.0140
-23.5953  13.7969  -1.3106  -0.0090
-23.7497  13.5992  -1.3442  -0.0034
-23.9008  13.4010  -1.3779   0.0030
-24.0488  13.2022  -1.4118   0.0102
-24.1935  13.0029  -1.4460   0.0183
-24.3349  12.8029  -1.4803   0.0274
-24.4732  12.6023  -1.5149   0.0375
-24.6083  12.4010  -1.5496   0.0487
-24.7403  12.1990  -1.5845   0.0609
-24.8691  11.9962  -1.6196   0.0738
-24.9948  11.7926  -1.6549   0.0867
-25.1174  11.5881  -1.6903   0.0985
  0.0000   0.0000   0.0000   0.0000
 -0.5681  -4.5268  -4.2818   1.2221
 -0.6297  -3.5553  -4.0984   0.9330
 -0.6788  -2.7949  -3.9204   0.7223
 -0.7167  -2.2002  -3.7475   0.5650
 -0.7448  -1.7355  -3.5797   0.4452
 -0.7649  -1.3723  -3.4168   0.3525
 -0.7782  -1.0887  -3.2585   0.2798
 -0.7861  -0.8671  -3.1049   0.2222
 -0.7895  -0.6939  -2.9555   0.1761
 -0.7892  -0.5585  -2.8104   0.1389
 -0.7859  -0.4524  -2.6693   0.1087
 -0.7802  -0.3692  -2.5320   0.0839
 -0.7724  -0.3039  -2.3985   0.0635
 -0.7629  -0.2524  -2.2685   0.0465
 -0.7519  -0.2119  -2.1419   0.0323
 -0.7397  -0.1797  -2.0185   0.0204
 -0.7263  -0.1542  -1.8983   0.0102
 -0.7120  -0.1338  -1.7810   0.0016
 -0.6968  -0.1174  -1.6667  -0.0058
 -0.6807  -0.1041  -1.5550  -0.0122
 -0.6639  -0.0933  -1.4460  -0.0177
 -0.6463  -0.0844  -1.3396  -0.0224
 -0.6281  -0.0771  -1.2355  -0.0264
 -0.6091  -0.0709  -1.1338  -0.0299
 -0.5895  -0.0656  -1.0343  -0.0328
 -0.5693  -0.0610  -0.9369  -0.0352
 -0.5484  -0.0571  -0.8416  -0.0372
 -0.5269  -0.0535  -0.7482  -0.0387
 -0.5048  -0.0504  -0.6567  -0.0398
 -0.4820  -0.0475  -0.5670  -0.0405
 -0.4585  -0.0448  -0.4791  -0.0408
 -0.4345  -0.0423  -0.3928  -0.0407
 -0.4097  -0.0400  -0.3081  -0.0402
 -0.3844  -0.0377  -0.2249  -0.0394
 -0.3583  -0.0356  -0.1431  -0.0383
 -0.3316  -0.0335  -0.0628  -0.0368
 -0.3041  -0.0315   0.0161  -0.0349
 -0.2760  -0.0296   0.0938  -0.0327
 -0.2472  -0.0277   0.1702  -0.0302
 -0.2176  -0.0258   0.2454  -0.0273
 -0.1873  -0.0240   0.3194  -0.0241
 -0.1563  -0.0222   0.3923  -0.0207
 -0.1244  -0.0204   0.4641  -0.0169
 -0.0918  -0.0186   0.5349  -0.0128
 -0.0583  -0.0168   0.6047  -0.0085
 -0.0240  -0.0150   0.6734  -0.0039
  0.0111  -0.0133   0.7413   0.0009
  0.0472  -0.0115   0.8082   0.0059
  0.0841  -0.0096   0.8742   0.0112
  0.1220  -0.0077   0.9393   0.0165
  0.1608  -0.0057   1.0036   0.0220
  0.2006  -0.0036   1.0670   0.0276
  0.2414  -0.0013   1.1297   0.0331
  0.2833   0.0012   1.1915   0.0387
  0.3262   0.0039   1.2525   0.0441
  0.3702   0.0070   1.3128   0.0492
  0.4154   0.0106   1.3724   0.0540
  0.4617   0.0147   1.4312   0.0583
  0.5093   0.0197   1.4893   0.0618
  0.5580   0.0255   1.5468   0.0644
  0.6081   0.0327   1.6035   0.0656
  0.6594   0.0414   1.6597   0.0652
  0.7121   0.0520   1.7153   0.0626
  0.7662   0.0652   1.7703   0.0572
  0.8217   0.0816   1.8249   0.0481
  0.8787   0.1020   1.8791   0.0344
  0.9372   0.1275   1.9331   0.0146
  0.9972   0.1594   1.9870  -0.0128
  1.0588   0.1993   2.0410  -0.0501
  1.1221   0.2495   2.0955  -0.1000
  1.1870   0.3124   2.1507  -0.1662
  1.2537   0.3914   2.2073  -0.2535
  1.3221   0.4906   2.2658  -0.3682
  1.3923   0.6152   2.3271  -0.5186
  1.4644   0.7716   2.3924  -0.7165
  1.5384   0.9676   2.4632  -0.9780
  1.6144   1.2132   2.5417  -1.3266
  1.6923   1.5202   2.6302  -1.7975
  1.7726   1.9030   2.7284  -2.4453
  0.0365  -0.0054  -0.0994  -0.0184
  0.0472  -0.0052  -0.0856  -0.0211
  0.0472  -0.0052  -0.0856  -0.0211
  0.0472  -0.0052  -0.0856  -0.0211
  0.0472  -0.0052  -0.0856  -0.0211
  0.0472  -0.0052  -0.0856  -0.0211
  0.0472  -0.0052  -0.0856  -0.0211
  0.0000   0.0000   0.0000   0.0000
  0.9965   0.2427  15.4012  29.0923
  0.9858   0.2230  15.2698  29.0727
  0.9753   0.2007  15.1367  29.0517
  0.9650   0.1779  15.0018  29.0293
  0.9548   0.1559  14.8652  29.0055
  0.9448   0.1351  14.7270  28.9804
  0.9349   0.1157  14.5871  28.9540
  0.9252   0.0979  14.4457  28.9263
  0.9157   0.0815  14.3028  28.8973
  0.9063   0.0667  14.1583  28.8671
  0.8970   0.0533  14.0123  28.8357
  0.8879   0.0412  13.8649  28.8031
  0.8789   0.0303  13.7161  28.7694
  0.8701   0.0205  13.5660  28.7345
  0.8614   0.0118  13.4145  28.6985
  0.8529   0.0040  13.2617  28.6614
  0.8445  -0.0030  13.1077  28.6231
  0.8362  -0.0091  12.9525  28.5838
  0.8281  -0.0146  12.7961  28.5434
  0.8201  -0.0194  12.6386  28.5020
  0.8123  -0.0237  12.4800  28.4594
  0.8046  -0.0274  12.3203  28.4158
  0.7970  -0.0307  12.1597  28.3711
  0.7896  -0.0336  11.9982  28.3254
  0.7823  -0.0361  11.8357  28.2786
  0.7751  -0.0383  11.6724  28.2308
  0.7681  -0.0402  11.5083  28.1819
  0.7612  -0.0418  11.3435  28.1319
  0.7545  -0.0432  11.1780  28.0808
  0.7478  -0.0443  11.0118  28.0286
  0.7414  -0.0453  10.8450  27.9754
  0.7350  -0.0461  10.6777  27.9211
  0.7288  -0.0468  10.5099  27.8656
  0.7227  -0.0473  10.3417  27.8090
  0.7168  -0.0478  10.1732  27.7513
  0.7109  -0.0481  10.0043  27.6925
  0.7053  -0.0483   9.8351  27.6325
  0.6997  -0.0484   9.6658  27.5713
  0.6943  -0.0485   9.4963  27.5089
  0.6890  -0.0485   9.3268  27.4454
  0.6839  -0.0485   9.1572  27.3806
  0.6789  -0.0484   8.9877  27.3145
  0.6741  -0.0483   8.8183  27.2473
  0.6693  -0.0481   8.6491  27.1787
  0.6648  -0.0479   8.4801  27.1089
  0.6603  -0.0478   8.3114  27.0378
  0.6560  -0.0476   8.1430  26.9653
  0.6519  -0.0474   7.9750  26.8916
  0.6478  -0.0472   7.8075  26.8164
  0.6440  -0.0471   7.6406  26.7399
  0.6402  -0.0469   7.4742  26.6621
  0.6366  -0.0468   7.3085  26.5828
  0.6332  -0.0468   7.1435  26.5021
  0.6299  -0.0468   6.9793  26.4200
  0.6267  -0.0468   6.8159  26.3365
  0.6237  -0.0470   6.6534  26.2515
  0.6208  -0.0472   6.4919  26.1650
  0.6180  -0.0476   6.3313  26.0771
  0.6154  -0.0481   6.1718  25.9876
  0.6130  -0.0487   6.0133  25.8967
  0.6106  -0.0495   5.8560  25.8042
  0.6084  -0.0506   5.6999  25.7103
  0.6064  -0.0518   5.5450  25.6148
  0.6045  -0.0534   5.3914  25.5177
  0.6027  -0.0553   5.2391  25.4191
  0.6011  -0.0576   5.0882  25.3190
  0.5996  -0.0603   4.9386  25.2173
  0.5982  -0.0635   4.7904  25.1140
  0.5970  -0.0673   4.6437  25.0092
  0.5959  -0.0718   4.4984  24.9027
  0.5949  -0.0771   4.3546  24.7947
  0.5941  -0.0833   4.2122  24.6850
  0.5934  -0.0905   4.0714  24.5738
  0.5929  -0.0989   3.9321  24.4609
  0.5924  -0.1086   3.7943  24.3464
  0.5921  -0.1196   3.6581  24.2303
  0.5918  -0.1318   3.5234  24.1126
  0.5913  -0.1448   3.3902  23.9932
  0.5901  -0.1572   3.2586  23.8721
  0.0000   0.0000   0.0000   0.0000
 -1.7483   0.7610  -2.7408  -2.3428
 -1.6881   0.5779  -2.6867  -1.8941
 -1.6292   0.4392  -2.6280  -1.5348
 -1.5714   0.3339  -2.5657  -1.2468
 -1.5144   0.2540  -2.5004  -1.0163
 -1.4583   0.1934  -2.4327  -0.8319
 -1.4029   0.1474  -2.3633  -0.6846
 -1.3481   0.1125  -2.2927  -0.5672
 -1.2941   0.0861  -2.2212  -0.4736
 -1.2407   0.0660  -2.1492  -0.3989
 -1.1880   0.0508  -2.0771  -0.3393
 -1.1358   0.0393  -2.0049  -0.2916
 -1.0843   0.0306  -1.9329  -0.2532
 -1.0335   0.0240  -1.8613  -0.2221
 -0.9832   0.0190  -1.7900  -0.1968
 -0.9336   0.0152  -1.7192  -0.1759
 -0.8846   0.0124  -1.6490  -0.1586
 -0.8363   0.0103  -1.5793  -0.1440
 -0.7885   0.0088  -1.5102  -0.1315
 -0.7413   0.0077  -1.4416  -0.1207
 -0.6947   0.0069  -1.3736  -0.1112
 -0.6487   0.0064  -1.3062  -0.1028
 -0.6033   0.0061  -1.2394  -0.0951
 -0.5584   0.0060  -1.1730  -0.0882
 -0.5140   0.0060  -1.1072  -0.0817
 -0.4702   0.0061  -1.0418  -0.0757
 -0.4269   0.0063  -0.9769  -0.0700
 -0.3840   0.0066  -0.9124  -0.0646
 -0.3416   0.0069  -0.8482  -0.0595
 -0.2996   0.0073  -0.7845  -0.0546
 -0.2580   0.0078  -0.7210  -0.0500
 -0.2168   0.0083  -0.6578  -0.0455
 -0.1759   0.0089  -0.5948  -0.0412
 -0.1354   0.0095  -0.5320  -0.0370
 -0.0952   0.0101  -0.4694  -0.0330
 -0.0552   0.0108  -0.4069  -0.0292
 -0.0155   0.0115  -0.3444  -0.0255
  0.0240   0.0122  -0.2820  -0.0219
  0.0633   0.0130  -0.2196  -0.0184
  0.1025   0.0138  -0.1571  -0.0151
  0.1416   0.0146  -0.0945  -0.0119
  0.1806   0.0154  -0.0317  -0.0088
  0.2196   0.0163   0.0312  -0.0058
  0.2586   0.0172   0.0944  -0.0029
  0.2976   0.0181   0.1580  -0.0000
  0.3367   0.0191   0.2218   0.0027
  0.3759   0.0200   0.2861   0.0054
  0.4152   0.0210   0.3509   0.0080
  0.4547   0.0220   0.4161   0.0106
  0.4945   0.0230   0.4820   0.0131
  0.5346   0.0240   0.5484   0.0156
  0.5749   0.0250   0.6156   0.0180
  0.6157   0.0260   0.6834   0.0205
  0.6568   0.0269   0.7521   0.0230
  0.6985   0.0279   0.8217   0.0255
  0.7407   0.0288   0.8921   0.0281
  0.7834   0.0296   0.9636   0.0308
  0.8268   0.0302   1.0360   0.0337
  0.8710   0.0308   1.1096   0.0368
  0.9159   0.0311   1.1844   0.0403
  0.9618   0.0311   1.2604   0.0442
  1.0086   0.0307   1.3377   0.0488
  1.0564   0.0298   1.4163   0.0543
  1.1054   0.0281   1.4964   0.0608
  1.1556   0.0256   1.5780   0.0689
  1.2073   0.0218   1.6612   0.0789
  1.2605   0.0164   1.7460   0.0915
  1.3153   0.0089   1.8324   0.1073
  1.3721  -0.0014   1.9207   0.1275
  1.4309  -0.0154   2.0108   0.1531
  1.4920  -0.0341   2.1028   0.1857
  1.5558  -0.0592   2.1967   0.2272
  1.6225  -0.0924   2.2926   0.2798
  1.6927  -0.1363   2.3907   0.3464
  1.7668  -0.1939   2.4908   0.4300
  1.8454  -0.2688   2.5932   0.5344
  1.9293  -0.3652   2.6977   0.6633
  2.0194  -0.4872   2.8045   0.8208
  2.1164  -0.6379   2.9136   1.0102
  0.0751  -0.0054  -0.0818  -0.0166
  0.0748  -0.0059  -0.0788  -0.0163
  0.0748  -0.0059  -0.0788  -0.0163
  0.0000   0.0000   0.0000   0.0000
 -8.8896  23.7928   1.1200  -0.4773
 -9.1319  23.7088   1.0661  -0.4238
 -9.3740  23.6220   1.0134  -0.3758
 -9.6161  23.5322   0.9618  -0.3328
 -9.8581  23.4397   0.9111  -0.2945
-10.0999  23.3443   0.8615  -0.2601
-10.3415  23.2461   0.8129  -0.2295
-10.5828  23.1451   0.7651  -0.2022
-10.8239  23.0414   0.7183  -0.1778
-11.0645  22.9349   0.6723  -0.1561
-11.3048  22.8257   0.6272  -0.1368
-11.5445  22.7139   0.5828  -0.1197
-11.7837  22.5993   0.5392  -0.1044
-12.0223  22.4822   0.4963  -0.0909
-12.2602  22.3625   0.4542  -0.0789
-12.4973  22.2402   0.4127  -0.0683
-12.7336  22.1154   0.3718  -0.0589
-12.9690  21.9882   0.3316  -0.0507
-13.2034  21.8585   0.2919  -0.0434
-13.4368  21.7264   0.2529  -0.0370
-13.6691  21.5920   0.2143  -0.0313
-13.9002  21.4553   0.1763  -0.0264
-14.1299  21.3163   0.1388  -0.0221
-14.3584  21.1751   0.1017  -0.0183
-14.5854  21.0318   0.0651  -0.0150
-14.8110  20.8864   0.0289  -0.0121
-15.0349  20.7390  -0.0069  -0.0096
-15.2573  20.5896  -0.0423  -0.0075
-15.4779  20.4382  -0.0773  -0.0056
-15.6968  20.2850  -0.1120  -0.0040
-15.9138  20.1301  -0.1464  -0.0026
-16.1289  19.9733  -0.1805  -0.0015
-16.3420  19.8149  -0.2143  -0.0005
-16.5531  19.6549  -0.2478   0.0004
-16.7621  19.4933  -0.2811   0.0011
-16.9690  19.3302  -0.3142   0.0017
-17.1736  19.1656  -0.3471   0.0021
-17.3760  18.9997  -0.3798   0.0025
-17.5760  18.8325  -0.4124   0.0028
-17.7737  18.6640  -0.4448   0.0031
-17.9690  18.4943  -0.4770   0.0033
-18.1618  18.3235  -0.5092   0.0034
-18.3521  18.1516  -0.5412   0.0034
-18.5399  17.9786  -0.5732   0.0035
-18.7250  17.8047  -0.6051   0.0034
-18.9076  17.6298  -0.6369   0.0034
-19.0875  17.4540  -0.6687   0.0033
-19.2647  17.2774  -0.7005   0.0031
-19.4393  17.1000  -0.7323   0.0029
-19.6111  16.9218  -0.7641   0.0027
-19.7801  16.7429  -0.7959   0.0024
-19.9464  16.5633  -0.8277   0.0021
-20.1099  16.3830  -0.8596   0.0017
-20.2706  16.2021  -0.8916   0.0013
-20.4284  16.0205  -0.9236   0.0009
-20.5835  15.8384  -0.9557   0.0003
-20.7357  15.6557  -0.9879  -0.0003
-20.8851  15.4724  -1.0202  -0.0009
-21.0317  15.2886  -1.0526  -0.0016
-21.1754  15.1042  -1.0851  -0.0025
-21.3163  14.9192  -1.1178  -0.0034
-21.4545  14.7337  -1.1506  -0.0043
-21.5898  14.5476  -1.1835  -0.0054
-21.7223  14.3609  -1.2166  -0.0066
-21.8520  14.1736  -1.2499  -0.0080
-21.9790  13.9857  -1.2834  -0.0094
-22.1032  13.7971  -1.3170  -0.0111
-22.2248  13.6079  -1.3508  -0.0128
-22.3436  13.4180  -1.3848  -0.0148
-22.4598  13.2273  -1.4190  -0.0169
-22.5733  13.0357  -1.4534  -0.0193
-22.6843  12.8434  -1.4880  -0.0219
-22.7927  12.6501  -1.5228  -0.0247
-22.8986  12.4559  -1.5578  -0.0279
-23.0020  12.2606  -1.5930  -0.0313
-23.1029  12.0643  -1.6284  -0.0351
-23.2015  11.8668  -1.6640  -0.0393
-23.2977  11.6680  -1.6998  -0.0439
-23.3916  11.4679  -1.7358  -0.0490
  0.0000   0.0000   0.0000   0.0000
 12.5333   1.2763  -3.7721   1.0127
 11.2384  -0.1377  -3.6203   0.8305
  9.9173  -0.7233  -3.4614   0.6799
  8.6062  -0.9720  -3.3006   0.5564
  7.3221  -1.0901  -3.1402   0.4554
  6.0725  -1.1687  -2.9813   0.3729
  4.8579  -1.2828  -2.8249   0.3052
  3.7022  -1.3600  -2.6714   0.2497
  2.6135  -1.4066  -2.5215   0.2040
  1.5992  -1.4193  -2.3754   0.1663
  0.6654  -1.3929  -2.2335   0.1350
 -0.1838  -1.3238  -2.0960   0.1091
 -0.9468  -1.2119  -1.9631   0.0875
 -1.6274  -1.0644  -1.8348   0.0694
 -2.2382  -0.9074  -1.7110   0.0542
 -2.8180  -0.8562  -1.5917   0.0411
 -3.3320  -0.8128  -1.4770   0.0300
 -3.8075  -0.8632  -1.3672   0.0204
 -4.2278  -0.9489  -1.2623   0.0121
 -4.6198  -1.0894  -1.1623   0.0051
 -4.9995  -1.2445  -1.0668  -0.0008
 -5.2905  -1.2797  -0.9753  -0.0057
 -5.4996  -1.2000  -0.8876  -0.0094
 -5.6203  -1.0291  -0.8031  -0.0123
 -5.6589  -0.8043  -0.7219  -0.0144
 -5.6115  -0.5983  -0.6437  -0.0159
 -5.5093  -0.4181  -0.5683  -0.0169
 -5.3652  -0.2826  -0.4954  -0.0175
 -5.1931  -0.1836  -0.4247  -0.0177
 -5.0025  -0.1144  -0.3561  -0.0175
 -4.8002  -0.0678  -0.2893  -0.0170
 -4.5907  -0.0378  -0.2242  -0.0163
 -4.3772  -0.0197  -0.1607  -0.0152
 -4.1618  -0.0097  -0.0987  -0.0139
 -3.9460  -0.0051  -0.0381  -0.0123
 -3.7307  -0.0037   0.0213  -0.0105
 -3.5165  -0.0039   0.0793  -0.0084
 -3.3039  -0.0045   0.1362  -0.0061
 -3.0930  -0.0048   0.1919  -0.0036
 -2.8840  -0.0044   0.2466  -0.0009
 -2.6769  -0.0034   0.3002   0.0021
 -2.4716  -0.0016   0.3528   0.0052
 -2.2679   0.0009   0.4045   0.0085
 -2.0658   0.0039   0.4552   0.0120
 -1.8652   0.0072   0.5051   0.0157
 -1.6657   0.0109   0.5541   0.0196
 -1.4673   0.0149   0.6023   0.0236
 -1.2698   0.0190   0.6498   0.0277
 -1.0729   0.0232   0.6966   0.0320
 -0.8765   0.0276   0.7427   0.0363
 -0.6803   0.0320   0.7881   0.0408
 -0.4840   0.0365   0.8330   0.0452
 -0.2876   0.0411   0.8773   0.0496
 -0.0907   0.0458   0.9212   0.0539
  0.1069   0.0508   0.9645   0.0581
  0.3055   0.0559   1.0075   0.0620
  0.5052   0.0614   1.0501   0.0656
  0.7064   0.0673   1.0925   0.0686
  0.9094   0.0737   1.1346   0.0710
  1.1143   0.0809   1.1766   0.0723
  1.3216   0.0889   1.2184   0.0724
  1.5314   0.0980   1.2603   0.0708
  1.7442   0.1085   1.3023   0.0670
  1.9602   0.1207   1.3446   0.0602
  2.1798   0.1351   1.3872   0.0497
  2.4033   0.1522   1.4304   0.0344
  2.6312   0.1726   1.4743   0.0128
  2.8637   0.1969   1.5193  -0.0170
  3.1014   0.2263   1.5657  -0.0572
  3.3446   0.2617   1.6138  -0.1108
  3.5938   0.3048   1.6642  -0.1817
  3.8495   0.3575   1.7175  -0.2749
  4.1123   0.4229   1.7746  -0.3966
  4.3826   0.5055   1.8365  -0.5550
  4.6612   0.6126   1.9045  -0.7605
  4.9486   0.7568   1.9804  -1.0264
  5.2457   0.9610   2.0663  -1.3702
  5.5534   1.2680   2.1652  -1.8140
  5.8738   1.7608   2.2811  -2.3869
  0.0359  -0.0063  -0.0959  -0.0194
  0.0473  -0.0054  -0.0824  -0.0216
  0.0472  -0.0054  -0.0824  -0.0216
  0.0472  -0.0054  -0.0824  -0.0216
  0.0472  -0.0054  -0.0824  -0.0216
  0.0472  -0.0054  -0.0824  -0.0216
  0.0472  -0.0054  -0.0824  -0.0216
  0.0472  -0.0054  -0.0824  -0.0216
  0.0000   0.0000   0.0000   0.0000
 -0.4049  -0.5765  15.4866  28.2769
 -0.3732  -0.4972  15.3255  28.2631
 -0.3417  -0.4259  15.1626  28.2483
 -0.3104  -0.3618  14.9981  28.2324
 -0.2794  -0.3042  14.8319  28.2154
 -0.2485  -0.2525  14.6641  28.1975
 -0.2178  -0.2060  14.4946  28.1785
 -0.1873  -0.1643  14.3236  28.1585
 -0.1569  -0.1269  14.1511  28.1375
 -0.1267  -0.0934  13.9770  28.1156
 -0.0966  -0.0633  13.8014  28.0926
 -0.0667  -0.0364  13.6243  28.0686
 -0.0369  -0.0124  13.4458  28.0437
 -0.0072   0.0091  13.2658  28.0177
  0.0223   0.0283  13.0846  27.9907
  0.0516   0.0454  12.9019  27.9628
  0.0808   0.0606  12.7180  27.9337
  0.1099   0.0742  12.5328  27.9037
  0.1388   0.0862  12.3464  27.8726
  0.1675   0.0969  12.1588  27.8404
  0.1961   0.1064  11.9701  27.8072
  0.2245   0.1147  11.7803  27.7729
  0.2528   0.1221  11.5895  27.7374
  0.2810   0.1286  11.3977  27.7009
  0.3089   0.1342  11.2049  27.6632
  0.3368   0.1391  11.0112  27.6243
  0.3644   0.1434  10.8167  27.5842
  0.3919   0.1471  10.6214  27.5429
  0.4192   0.1503  10.4253  27.5004
  0.4464   0.1530  10.2286  27.4565
  0.4734   0.1552  10.0313  27.4114
  0.5002   0.1571   9.8334  27.3650
  0.5268   0.1586   9.6350  27.3172
  0.5533   0.1597   9.4361  27.2681
  0.5796   0.1606   9.2369  27.2175
  0.6058   0.1611   9.0373  27.1655
  0.6317   0.1614   8.8375  27.1121
  0.6575   0.1615   8.6375  27.0571
  0.6831   0.1612   8.4374  27.0006
  0.7085   0.1608   8.2373  26.9425
  0.7338   0.1600   8.0372  26.8829
  0.7588   0.1590   7.8371  26.8216
  0.7837   0.1578   7.6372  26.7586
  0.8084   0.1563   7.4375  26.6940
  0.8329   0.1544   7.2382  26.6276
  0.8572   0.1523   7.0392  26.5595
  0.8814   0.1498   6.8406  26.4896
  0.9053   0.1469   6.6425  26.4179
  0.9291   0.1436   6.4450  26.3443
  0.9527   0.1398   6.2482  26.2689
  0.9760   0.1356   6.0520  26.1916
  0.9992   0.1307   5.8567  26.1124
  1.0222   0.1252   5.6621  26.0312
  1.0451   0.1190   5.4685  25.9480
  1.0677   0.1120   5.2759  25.8629
  1.0902   0.1041   5.0843  25.7757
  1.1124   0.0952   4.8938  25.6865
  1.1345   0.0852   4.7045  25.5953
  1.1565   0.0739   4.5163  25.5020
  1.1782   0.0613   4.3295  25.4065
  1.1998   0.0471   4.1439  25.3090
  1.2212   0.0312   3.9598  25.2094
  1.2425   0.0133   3.7770  25.1077
  1.2636  -0.0066   3.5957  25.0038
  1.2846  -0.0290   3.4158  24.8977
  1.3055  -0.0540   3.2376  24.7895
  1.3263  -0.0819   3.0608  24.6792
  1.3469  -0.1131   2.8857  24.5666
  1.3676  -0.1479   2.7122  24.4519
  1.3881  -0.1867   2.5403  24.3350
  1.4087  -0.2300   2.3701  24.2160
  1.4292  -0.2781   2.2016  24.0947
  1.4498  -0.3318   2.0347  23.9712
  1.4704  -0.3914   1.8695  23.8456
  1.4911  -0.4577   1.7061  23.7178
  1.5119  -0.5314   1.5443  23.5877
  1.5329  -0.6132   1.3842  23.4555
  1.5540  -0.7040   1.2258  23.3211
  1.5754  -0.8048   1.0691  23.1844
  0.0000   0.0000   0.0000   0.0000
 -1.7195  -0.4967  -0.6405  -7.7218
 -1.6322  -0.3538  -1.3296  -6.1146
 -1.5448  -0.2384  -1.8899  -4.7501
 -1.4579  -0.1455  -2.3234  -3.5906
 -1.3719  -0.0707  -2.6360  -2.6146
 -1.2870  -0.0106  -2.8407  -1.8105
 -1.2037   0.0375  -2.9575  -1.1661
 -1.1222   0.0760  -3.0081  -0.6630
 -1.0425   0.1066  -3.0110  -0.2782
 -0.9649   0.1309  -2.9804   0.0114
 -0.8894   0.1500  -2.9264   0.2263
 -0.8160   0.1651  -2.8560   0.3834
 -0.7447   0.1769  -2.7742   0.4963
 -0.6757   0.1860  -2.6845   0.5755
 -0.6087   0.1929  -2.5893   0.6291
 -0.5438   0.1982  -2.4905   0.6634
 -0.4810   0.2021  -2.3894   0.6832
 -0.4203   0.2048  -2.2869   0.6922
 -0.3615   0.2067  -2.1837   0.6931
 -0.3047   0.2079  -2.0803   0.6880
 -0.2498   0.2086  -1.9771   0.6786
 -0.1968   0.2088  -1.8745   0.6662
 -0.1457   0.2087  -1.7724   0.6517
 -0.0963   0.2083  -1.6712   0.6358
 -0.0487   0.2078  -1.5709   0.6192
 -0.0029   0.2071  -1.4715   0.6023
  0.0413   0.2062  -1.3730   0.5853
  0.0838   0.2054  -1.2755   0.5687
  0.1246   0.2044  -1.1790   0.5525
  0.1639   0.2035  -1.0834   0.5368
  0.2016   0.2026  -0.9887   0.5218
  0.2378   0.2017  -0.8949   0.5075
  0.2725   0.2008  -0.8018   0.4940
  0.3057   0.1999  -0.7094   0.4812
  0.3376   0.1991  -0.6177   0.4691
  0.3680   0.1983  -0.5266   0.4578
  0.3970   0.1976  -0.4360   0.4472
  0.4247   0.1970  -0.3459   0.4373
  0.4511   0.1964  -0.2562   0.4280
  0.4762   0.1958  -0.1668   0.4194
  0.5001   0.1953  -0.0776   0.4114
  0.5226   0.1949   0.0113   0.4040
  0.5440   0.1945   0.1001   0.3972
  0.5641   0.1941   0.1888   0.3909
  0.5830   0.1938   0.2775   0.3851
  0.6008   0.1934   0.3662   0.3798
  0.6173   0.1931   0.4550   0.3749
  0.6327   0.1927   0.5440   0.3705
  0.6470   0.1923   0.6331   0.3664
  0.6601   0.1919   0.7225   0.3627
  0.6721   0.1913   0.8121   0.3593
  0.6830   0.1905   0.9021   0.3561
  0.6927   0.1895   0.9924   0.3531
  0.7013   0.1882   1.0832   0.3502
  0.7089   0.1865   1.1745   0.3473
  0.7153   0.1843   1.2662   0.3442
  0.7207   0.1815   1.3585   0.3408
  0.7249   0.1778   1.4514   0.3369
  0.7281   0.1730   1.5449   0.3322
  0.7302   0.1669   1.6390   0.3265
  0.7312   0.1591   1.7339   0.3193
  0.7312   0.1492   1.8294   0.3101
  0.7301   0.1365   1.9256   0.2985
  0.7280   0.1205   2.0225   0.2836
  0.7249   0.1003   2.1202   0.2644
  0.7209   0.0748   2.2185   0.2400
  0.7159   0.0428   2.3176   0.2088
  0.7100   0.0024   2.4174   0.1691
  0.7033  -0.0482   2.5178   0.1188
  0.6960  -0.1118   2.6188   0.0551
  0.6880  -0.1914   2.7204  -0.0252
  0.6798  -0.2912   2.8225  -0.1262
  0.6713  -0.4161   2.9249  -0.2531
  0.6629  -0.5724   3.0276  -0.4119
  0.6550  -0.7679   3.1304  -0.6106
  0.6480  -1.0123   3.2330  -0.8584
  0.6424  -1.3177   3.3351  -1.1673
  0.0000   0.0000   0.0000   0.0000
 -4.1185  23.4748   1.2739  -1.6613
 -4.4240  23.4116   1.2149  -1.4562
 -4.7297  23.3455   1.1571  -1.2720
 -5.0355  23.2765   1.1004  -1.1067
 -5.3416  23.2045   1.0451  -0.9585
 -5.6477  23.1295   0.9910  -0.8255
 -5.9539  23.0516   0.9382  -0.7063
 -6.2602  22.9707   0.8866  -0.5995
 -6.5665  22.8867   0.8361  -0.5039
 -6.8727  22.7997   0.7867  -0.4184
 -7.1789  22.7097   0.7384  -0.3420
 -7.4849  22.6167   0.6911  -0.2737
 -7.7907  22.5206   0.6448  -0.2127
 -8.0962  22.4215   0.5993  -0.1584
 -8.4014  22.3193   0.5546  -0.1099
 -8.7061  22.2141   0.5108  -0.0668
 -9.0104  22.1058   0.4677  -0.0285
 -9.3141  21.9945   0.4253   0.0055
 -9.6172  21.8801   0.3836   0.0357
 -9.9195  21.7628   0.3425   0.0625
-10.2210  21.6424   0.3019   0.0861
-10.5216  21.5190   0.2620   0.1070
-10.8212  21.3928   0.2226   0.1255
-11.1198  21.2635   0.1836   0.1417
-11.4172  21.1314   0.1451   0.1560
-11.7133  20.9964   0.1071   0.1685
-12.0081  20.8586   0.0695   0.1794
-12.3015  20.7180   0.0323   0.1890
-12.5933  20.5746  -0.0045   0.1973
-12.8836  20.4286  -0.0410   0.2045
-13.1721  20.2799  -0.0772   0.2106
-13.4589  20.1286  -0.1131   0.2159
-13.7438  19.9748  -0.1486   0.2204
-14.0267  19.8184  -0.1839   0.2242
-14.3075  19.6597  -0.2190   0.2273
-14.5863  19.4986  -0.2538   0.2298
-14.8628  19.3353  -0.2884   0.2317
-15.1370  19.1696  -0.3229   0.2332
-15.4088  19.0019  -0.3571   0.2342
-15.6782  18.8320  -0.3912   0.2348
-15.9450  18.6602  -0.4252   0.2350
-16.2092  18.4864  -0.4590   0.2347
-16.4708  18.3107  -0.4927   0.2341
-16.7296  18.1332  -0.5263   0.2330
-16.9855  17.9540  -0.5599   0.2316
-17.2386  17.7732  -0.5934   0.2297
-17.4887  17.5907  -0.6269   0.2274
-17.7358  17.4068  -0.6603   0.2246
-17.9798  17.2214  -0.6938   0.2214
-18.2206  17.0347  -0.7272   0.2176
-18.4583  16.8466  -0.7607   0.2133
-18.6927  16.6574  -0.7942   0.2083
-18.9238  16.4669  -0.8278   0.2026
-19.1516  16.2754  -0.8615   0.1962
-19.3759  16.0828  -0.8953   0.1889
-19.5968  15.8893  -0.9292   0.1807
-19.8142  15.6948  -0.9632   0.1715
-20.0281  15.4994  -0.9973   0.1611
-20.2383  15.3033  -1.0317   0.1494
-20.4450  15.1063  -1.0662   0.1364
-20.6481  14.9087  -1.1009   0.1218
-20.8474  14.7103  -1.1358   0.1054
-21.0431  14.5113  -1.1710   0.0872
-21.2350  14.3116  -1.2064   0.0667
-21.4232  14.1114  -1.2421   0.0439
-21.6076  13.9106  -1.2782   0.0185
-21.7883  13.7093  -1.3145  -0.0099
-21.9651  13.5074  -1.3512  -0.0415
-22.1382  13.3051  -1.3882  -0.0768
-22.3074  13.1022  -1.4256  -0.1161
-22.4728  12.8988  -1.4635  -0.1598
-22.6343  12.6949  -1.5018  -0.2085
-22.7921  12.4905  -1.5406  -0.2626
-22.9460  12.2856  -1.5799  -0.3229
-23.0962  12.0801  -1.6198  -0.3899
-23.2425  11.8741  -1.6603  -0.4644
-23.3851  11.6674  -1.7015  -0.5473
-23.5240  11.4602  -1.7435  -0.6394
-23.6591  11.2522  -1.7863  -0.7418
  0.0000   0.0000   0.0000   0.0000
 -0.9423  -4.9198  -4.7813  -0.8907
 -0.9858  -3.9105  -4.5649  -0.6300
 -1.0191  -3.1012  -4.3570  -0.4209
 -1.0428  -2.4549  -4.1563  -0.2534
 -1.0577  -1.9403  -3.9619  -0.1194
 -1.0653  -1.5315  -3.7731  -0.0123
 -1.0667  -1.2072  -3.5893   0.0730
 -1.0630  -0.9503  -3.4100   0.1408
 -1.0551  -0.7470  -3.2350   0.1944
 -1.0440  -0.5861  -3.0639   0.2365
 -1.0301  -0.4588  -2.8965   0.2693
 -1.0142  -0.3581  -2.7328   0.2947
 -0.9965  -0.2785  -2.5724   0.3140
 -0.9774  -0.2154  -2.4154   0.3283
 -0.9572  -0.1655  -2.2617   0.3387
 -0.9360  -0.1260  -2.1110   0.3459
 -0.9141  -0.0945  -1.9635   0.3505
 -0.8915  -0.0696  -1.8189   0.3530
 -0.8683  -0.0496  -1.6772   0.3539
 -0.8445  -0.0337  -1.5385   0.3533
 -0.8203  -0.0209  -1.4026   0.3517
 -0.7956  -0.0106  -1.2695   0.3492
 -0.7704  -0.0021  -1.1391   0.3460
 -0.7448   0.0048  -1.0116   0.3422
 -0.7187   0.0105  -0.8867   0.3380
 -0.6922   0.0153  -0.7646   0.3335
 -0.6652   0.0194  -0.6452   0.3286
 -0.6378   0.0230  -0.5284   0.3236
 -0.6099   0.0261  -0.4144   0.3184
 -0.5814   0.0289  -0.3030   0.3131
 -0.5525   0.0314  -0.1944   0.3078
 -0.5231   0.0338  -0.0885   0.3024
 -0.4931   0.0360   0.0147   0.2970
 -0.4626   0.0380   0.1151   0.2917
 -0.4315   0.0400   0.2127   0.2864
 -0.3998   0.0420   0.3075   0.2813
 -0.3675   0.0438   0.3994   0.2763
 -0.3346   0.0457   0.4885   0.2714
 -0.3011   0.0475   0.5747   0.2668
 -0.2668   0.0493   0.6579   0.2624
 -0.2320   0.0510   0.7381   0.2583
 -0.1964   0.0528   0.8153   0.2544
 -0.1601   0.0546   0.8895   0.2509
 -0.1230   0.0563   0.9606   0.2476
 -0.0852   0.0581   1.0285   0.2447
 -0.0467   0.0598   1.0934   0.2422
 -0.0073   0.0616   1.1550   0.2399
  0.0329   0.0634   1.2135   0.2379
  0.0739   0.0652   1.2688   0.2361
  0.1158   0.0671   1.3209   0.2346
  0.1586   0.0690   1.3697   0.2332
  0.2022   0.0710   1.4154   0.2318
  0.2468   0.0732   1.4578   0.2302
  0.2924   0.0755   1.4969   0.2285
  0.3389   0.0780   1.5329   0.2263
  0.3864   0.0807   1.5657   0.2235
  0.4349   0.0838   1.5953   0.2197
  0.4845   0.0872   1.6218   0.2147
  0.5351   0.0912   1.6451   0.2079
  0.5868   0.0959   1.6654   0.1990
  0.6396   0.1014   1.6827   0.1872
  0.6936   0.1079   1.6971   0.1719
  0.7488   0.1157   1.7085   0.1519
  0.8051   0.1252   1.7173   0.1262
  0.8627   0.1367   1.7235   0.0932
  0.9215   0.1508   1.7272   0.0511
  0.9816   0.1681   1.7288  -0.0024
  1.0431   0.1894   1.7284  -0.0703
  1.1058   0.2157   1.7266  -0.1562
  1.1700   0.2482   1.7236  -0.2647
  1.2357   0.2883   1.7202  -0.4016
  1.3028   0.3381   1.7172  -0.5741
  1.3715   0.3998   1.7155  -0.7914
  1.4418   0.4763   1.7164  -1.0650
  1.5139   0.5711   1.7216  -1.4095
  1.5877   0.6889   1.7330  -1.8429
  1.6635   0.8349   1.7533  -2.3882
  1.7413   1.0162   1.7853  -3.0740
  1.8213   1.2409   1.8325  -3.9356
  0.0446  -0.0051  -0.1306  -0.0168
  0.0478  -0.0053  -0.0869  -0.0209
  0.0000   0.0000   0.0000   0.0000
  0.4216   0.0705  15.9832  28.0076
  0.4297   0.0630  15.8364  28.0035
  0.4377   0.0560  15.6879  27.9982
  0.4456   0.0495  15.5376  27.9919
  0.4533   0.0435  15.3856  27.9844
  0.4610   0.0378  15.2319  27.9760
  0.4686   0.0326  15.0766  27.9664
  0.4761   0.0278  14.9195  27.9559
  0.4835   0.0233  14.7608  27.9444
  0.4908   0.0192  14.6005  27.9318
  0.4981   0.0155  14.4385  27.9183
  0.5054   0.0121  14.2750  27.9039
  0.5125   0.0090  14.1099  27.8885
  0.5197   0.0062  13.9432  27.8721
  0.5268   0.0037  13.7751  27.8548
  0.5338   0.0014  13.6054  27.8365
  0.5409  -0.0005  13.4342  27.8173
  0.5479  -0.0022  13.2616  27.7972
  0.5549  -0.0037  13.0876  27.7761
  0.5619  -0.0050  12.9122  27.7541
  0.5688  -0.0060  12.7354  27.7311
  0.5758  -0.0068  12.5573  27.7072
  0.5827  -0.0075  12.3780  27.6823
  0.5897  -0.0080  12.1974  27.6564
  0.5966  -0.0083  12.0155  27.6295
  0.6036  -0.0085  11.8325  27.6017
  0.6105  -0.0085  11.6484  27.5728
  0.6175  -0.0085  11.4631  27.5428
  0.6245  -0.0082  11.2768  27.5119
  0.6315  -0.0079  11.0895  27.4798
  0.6385  -0.0075  10.9013  27.4467
  0.6456  -0.0070  10.7121  27.4125
  0.6526  -0.0065  10.5221  27.3771
  0.6597  -0.0058  10.3313  27.3406
  0.6669  -0.0052  10.1396  27.3029
  0.6741  -0.0044   9.9473  27.2640
  0.6813  -0.0036   9.7544  27.2238
  0.6885  -0.0028   9.5608  27.1824
  0.6959  -0.0020   9.3667  27.1398
  0.7032  -0.0012   9.1721  27.0958
  0.7106  -0.0003   8.9771  27.0504
  0.7181   0.0005   8.7818  27.0037
  0.7256   0.0013   8.5861  26.9556
  0.7332   0.0020   8.3902  26.9060
  0.7408   0.0027   8.1942  26.8550
  0.7485   0.0034   7.9981  26.8024
  0.7563   0.0039   7.8019  26.7483
  0.7641   0.0044   7.6057  26.6927
  0.7720   0.0048   7.4097  26.6354
  0.7800   0.0050   7.2138  26.5765
  0.7881   0.0050   7.0182  26.5160
  0.7962   0.0049   6.8228  26.4537
  0.8045   0.0046   6.6279  26.3897
  0.8128   0.0040   6.4334  26.3240
  0.8212   0.0032   6.2394  26.2564
  0.8297   0.0021   6.0459  26.1870
  0.8383   0.0007   5.8532  26.1158
  0.8470  -0.0011   5.6611  26.0427
  0.8558  -0.0034   5.4698  25.9677
  0.8647  -0.0061   5.2793  25.8907
  0.8737  -0.0094   5.0897  25.8118
  0.8829  -0.0133   4.9011  25.7308
  0.8921  -0.0178   4.7135  25.6479
  0.9015  -0.0231   4.5269  25.5629
  0.9110  -0.0292   4.3415  25.4758
  0.9206  -0.0363   4.1572  25.3867
  0.9304  -0.0445   3.9741  25.2954
  0.9404  -0.0538   3.7923  25.2021
  0.9504  -0.0645   3.6118  25.1066
  0.9607  -0.0766   3.4326  25.0089
  0.9711  -0.0904   3.2548  24.9091
  0.9817  -0.1060   3.0784  24.8070
  0.9925  -0.1238   2.9034  24.7028
  1.0035  -0.1438   2.7298  24.5963
  1.0147  -0.1663   2.5577  24.4876
  1.0261  -0.1917   2.3871  24.3767
  1.0378  -0.2203   2.2179  24.2635
  1.0497  -0.2524   2.0503  24.1480
  1.0619  -0.2884   1.8841  24.0303
  0.0000   0.0000   0.0000   0.0000
 -1.6693   0.6701  -3.2611  -2.4806
 -1.6077   0.5580  -3.1823  -1.9564
 -1.5471   0.4565  -3.0982  -1.5613
 -1.4877   0.3693  -3.0104  -1.2585
 -1.4295   0.2968  -2.9202  -1.0231
 -1.3725   0.2376  -2.8288  -0.8383
 -1.3166   0.1901  -2.7366  -0.6918
 -1.2617   0.1521  -2.6444  -0.5750
 -1.2079   0.1220  -2.5526  -0.4811
 -1.1549   0.0983  -2.4613  -0.4054
 -1.1029   0.0797  -2.3709  -0.3439
 -1.0517   0.0651  -2.2814  -0.2938
 -1.0013   0.0537  -2.1930  -0.2527
 -0.9516   0.0448  -2.1058  -0.2189
 -0.9027   0.0379  -2.0198  -0.1908
 -0.8545   0.0326  -1.9349  -0.1674
 -0.8069   0.0286  -1.8513  -0.1477
 -0.7600   0.0255  -1.7688  -0.1310
 -0.7137   0.0231  -1.6875  -0.1167
 -0.6680   0.0214  -1.6072  -0.1045
 -0.6228   0.0202  -1.5281  -0.0938
 -0.5782   0.0193  -1.4499  -0.0845
 -0.5340   0.0187  -1.3727  -0.0762
 -0.4904   0.0184  -1.2964  -0.0688
 -0.4472   0.0182  -1.2209  -0.0621
 -0.4045   0.0182  -1.1462  -0.0560
 -0.3622   0.0183  -1.0722  -0.0505
 -0.3203   0.0186  -0.9990  -0.0453
 -0.2788   0.0189  -0.9263  -0.0405
 -0.2377   0.0193  -0.8542  -0.0359
 -0.1969   0.0198  -0.7826  -0.0316
 -0.1564   0.0203  -0.7114  -0.0276
 -0.1162   0.0209  -0.6406  -0.0237
 -0.0764   0.0216  -0.5702  -0.0199
 -0.0368   0.0222  -0.5000  -0.0163
  0.0026   0.0229  -0.4301  -0.0128
  0.0417   0.0237  -0.3603  -0.0094
  0.0807   0.0245  -0.2907  -0.0060
  0.1194   0.0253  -0.2211  -0.0028
  0.1579   0.0262  -0.1516   0.0004
  0.1963   0.0270  -0.0820   0.0035
  0.2346   0.0279  -0.0124   0.0066
  0.2727   0.0289   0.0574   0.0096
  0.3108   0.0298   0.1273   0.0126
  0.3487   0.0308   0.1974   0.0156
  0.3866   0.0318   0.2679   0.0185
  0.4244   0.0328   0.3386   0.0213
  0.4622   0.0337   0.4097   0.0242
  0.5000   0.0347   0.4813   0.0270
  0.5378   0.0357   0.5533   0.0298
  0.5756   0.0366   0.6258   0.0326
  0.6134   0.0375   0.6988   0.0354
  0.6513   0.0383   0.7725   0.0382
  0.6893   0.0391   0.8468   0.0411
  0.7273   0.0397   0.9219   0.0439
  0.7655   0.0402   0.9976   0.0469
  0.8037   0.0405   1.0742   0.0500
  0.8422   0.0405   1.1516   0.0532
  0.8807   0.0402   1.2300   0.0566
  0.9195   0.0395   1.3092   0.0604
  0.9584   0.0382   1.3894   0.0645
  0.9975   0.0363   1.4707   0.0692
  1.0369   0.0335   1.5531   0.0746
  1.0765   0.0297   1.6366   0.0809
  1.1164   0.0244   1.7212   0.0884
  1.1566   0.0175   1.8071   0.0974
  1.1972   0.0083   1.8943   0.1084
  1.2381  -0.0037   1.9828   0.1219
  1.2795  -0.0193   2.0726   0.1386
  1.3213  -0.0393   2.1639   0.1593
  1.3636  -0.0651   2.2566   0.1850
  1.4065  -0.0981   2.3509   0.2171
  1.4502  -0.1405   2.4467   0.2568
  1.4947  -0.1950   2.5442   0.3057
  0.0000   0.0000   0.0000   0.0000
 -5.0711  22.2084   1.7318  -0.2351
 -5.3462  22.1599   1.6658  -0.2022
 -5.6216  22.1085   1.6010  -0.1727
 -5.8974  22.0543   1.5372  -0.1462
 -6.1735  21.9972   1.4745  -0.1225
 -6.4497  21.9374   1.4128  -0.1014
 -6.7262  21.8747   1.3521  -0.0825
 -7.0029  21.8091   1.2923  -0.0656
 -7.2796  21.7407   1.2334  -0.0507
 -7.5564  21.6696   1.1753  -0.0374
 -7.8332  21.5955   1.1181  -0.0256
 -8.1099  21.5187   1.0616  -0.0152
 -8.3865  21.4390   1.0059  -0.0060
 -8.6629  21.3566   0.9509   0.0021
 -8.9391  21.2713   0.8967   0.0092
 -9.2149  21.1832   0.8431   0.0153
 -9.4904  21.0924   0.7901   0.0207
 -9.7654  20.9988   0.7378   0.0253
-10.0398  20.9025   0.6861   0.0293
-10.3137  20.8034   0.6349   0.0327
-10.5868  20.7016   0.5843   0.0356
-10.8592  20.5972   0.5343   0.0380
-11.1308  20.4901   0.4847   0.0401
-11.4014  20.3804   0.4357   0.0417
-11.6710  20.2681   0.3871   0.0430
-11.9396  20.1532   0.3390   0.0441
-12.2069  20.0358   0.2912   0.0448
-12.4730  19.9160   0.2439   0.0454
-12.7378  19.7937   0.1970   0.0457
-13.0012  19.6690   0.1505   0.0458
-13.2631  19.5420   0.1043   0.0458
-13.5234  19.4127   0.0584   0.0457
-13.7821  19.2811   0.0128   0.0454
-14.0390  19.1473  -0.0324   0.0450
-14.2941  19.0114  -0.0774   0.0445
-14.5473  18.8735  -0.1221   0.0440
-14.7986  18.7334  -0.1666   0.0433
-15.0479  18.5914  -0.2109   0.0425
-15.2950  18.4475  -0.2549   0.0417
-15.5400  18.3018  -0.2988   0.0408
-15.7827  18.1542  -0.3425   0.0399
-16.0231  18.0049  -0.3860   0.0389
-16.2611  17.8540  -0.4294   0.0378
-16.4967  17.7014  -0.4727   0.0366
-16.7298  17.5472  -0.5159   0.0354
-16.9603  17.3916  -0.5590   0.0341
-17.1882  17.2345  -0.6020   0.0328
-17.4134  17.0761  -0.6449   0.0314
-17.6358  16.9163  -0.6878   0.0298
-17.8555  16.7553  -0.7307   0.0282
-18.0724  16.5931  -0.7735   0.0265
-18.2863  16.4297  -0.8164   0.0247
-18.4973  16.2652  -0.8592   0.0228
-18.7054  16.0997  -0.9021   0.0208
-18.9104  15.9331  -0.9450   0.0186
-19.1124  15.7656  -0.9880   0.0163
-19.3112  15.5972  -1.0310   0.0138
-19.5070  15.4278  -1.0741   0.0112
-19.6995  15.2577  -1.1173   0.0084
-19.8889  15.0867  -1.1605   0.0053
-20.0750  14.9149  -1.2039   0.0021
-20.2579  14.7424  -1.2474  -0.0014
-20.4375  14.5691  -1.2910  -0.0051
-20.6139  14.3952  -1.3347  -0.0091
-20.7869  14.2205  -1.3786  -0.0134
-20.9566  14.0452  -1.4226  -0.0180
-21.1229  13.8691  -1.4668  -0.0230
-21.2859  13.6924  -1.5111  -0.0284
-21.4456  13.5150  -1.5556  -0.0341
-21.6018  13.3370  -1.6003  -0.0403
-21.7548  13.1582  -1.6452  -0.0470
-21.9043  12.9788  -1.6903  -0.0543
-22.0505  12.7986  -1.7356  -0.0620
-22.1934  12.6177  -1.7810  -0.0704
-22.3329  12.4359  -1.8267  -0.0795
-22.4691  12.2534  -1.8726  -0.0893
-22.6020  12.0701  -1.9187  -0.0999
-22.7316  11.8858  -1.9651  -0.1113
-22.8580  11.7006  -2.0117  -0.1237
  0.0000   0.0000   0.0000   0.0000
 -1.0226  -4.4136  -3.9042   0.9975
 -1.0661  -3.5140  -3.7498   0.8282
 -1.0986  -2.7937  -3.5993   0.6811
 -1.1207  -2.2210  -3.4524   0.5569
 -1.1336  -1.7676  -3.3090   0.4539
 -1.1387  -1.4098  -3.1690   0.3692
 -1.1374  -1.1278  -3.0322   0.3001
 -1.1308  -0.9058  -2.8986   0.2438
 -1.1198  -0.7309  -2.7681   0.1979
 -1.1055  -0.5931  -2.6405   0.1605
 -1.0883  -0.4843  -2.5159   0.1299
 -1.0689  -0.3983  -2.3941   0.1047
 -1.0477  -0.3302  -2.2750   0.0840
 -1.0250  -0.2760  -2.1585   0.0667
 -1.0011  -0.2328  -2.0447   0.0523
 -0.9763  -0.1982  -1.9333   0.0402
 -0.9505  -0.1703  -1.8243   0.0300
 -0.9241  -0.1477  -1.7176   0.0212
 -0.8970  -0.1293  -1.6132   0.0137
 -0.8693  -0.1141  -1.5109   0.0073
 -0.8411  -0.1015  -1.4107   0.0017
 -0.8125  -0.0910  -1.3126  -0.0031
 -0.7834  -0.0820  -1.2164  -0.0072
 -0.7539  -0.0744  -1.1220  -0.0108
 -0.7240  -0.0677  -1.0295  -0.0139
 -0.6937  -0.0619  -0.9388  -0.0165
 -0.6629  -0.0567  -0.8497  -0.0186
 -0.6318  -0.0520  -0.7623  -0.0203
 -0.6003  -0.0478  -0.6764  -0.0217
 -0.5684  -0.0439  -0.5920  -0.0226
 -0.5361  -0.0402  -0.5091  -0.0232
 -0.5034  -0.0369  -0.4276  -0.0235
 -0.4702  -0.0337  -0.3474  -0.0234
 -0.4366  -0.0306  -0.2685  -0.0229
 -0.4026  -0.0278  -0.1909  -0.0222
 -0.3681  -0.0250  -0.1144  -0.0211
 -0.3331  -0.0223  -0.0391  -0.0196
 -0.2977  -0.0198   0.0351  -0.0179
 -0.2617  -0.0173   0.1082  -0.0158
 -0.2252  -0.0149   0.1803  -0.0134
 -0.1882  -0.0126   0.2515  -0.0107
 -0.1507  -0.0103   0.3216  -0.0077
 -0.1126  -0.0081   0.3909  -0.0044
 -0.0739  -0.0059   0.4593  -0.0009
 -0.0346  -0.0038   0.5269   0.0029
  0.0053  -0.0017   0.5937   0.0070
  0.0459   0.0004   0.6597   0.0113
  0.0871   0.0025   0.7249   0.0158
  0.1290   0.0046   0.7895   0.0205
  0.1716   0.0067   0.8534   0.0254
  0.2149   0.0088   0.9166   0.0303
  0.2590   0.0111   0.9792   0.0354
  0.3038   0.0135   1.0412   0.0404
  0.3494   0.0160   1.1026   0.0455
  0.3959   0.0188   1.1634   0.0503
  0.4431   0.0219   1.2238   0.0550
  0.4913   0.0255   1.2836   0.0592
  0.5403   0.0295   1.3430   0.0629
  0.5903   0.0343   1.4020   0.0658
  0.6411   0.0400   1.4606   0.0678
  0.6930   0.0469   1.5188   0.0683
  0.7458   0.0552   1.5767   0.0671
  0.7997   0.0654   1.6344   0.0636
  0.8546   0.0781   1.6920   0.0571
  0.9105   0.0937   1.7494   0.0468
  0.9676   0.1131   1.8069   0.0315
  1.0258   0.1374   1.8646   0.0099
  1.0852   0.1677   1.9227  -0.0198
  1.1457   0.2056   1.9814  -0.0599
  1.2074   0.2530   2.0410  -0.1132
  1.2704   0.3123   2.1019  -0.1834
  1.3347   0.3864   2.1646  -0.2753
  1.4003   0.4790   2.2297  -0.3951
  1.4672   0.5942   2.2981  -0.5505
  1.5355   0.7372   2.3709  -0.7519
  1.6053   0.9137   2.4494  -1.0127
  1.6764   1.1298   2.5354  -1.3504
  1.7490   1.3916   2.6311  -1.7885
  1.8231   1.7033   2.7394  -2.3583
  0.0000   0.0000   0.0000   0.0000
