  0.0000   0.2565  -0.1200
  0.0000   0.2565  -0.1200
  0.0000   0.2565  -0.1200
  0.0000   0.2565  -0.1201
  0.0000   0.2565  -0.1202
  0.0001   0.2565  -0.1204
  0.0001   0.2566  -0.1206
  0.0001   0.2566  -0.1209
  0.0002   0.2566  -0.1212
  0.0002   0.2566  -0.1216
  0.0003   0.2567  -0.1220
  0.0003   0.2567  -0.1224
  0.0004   0.2568  -0.1229
  0.0005   0.2568  -0.1234
  0.0006   0.2569  -0.1239
  0.0007   0.2569  -0.1245
  0.0008   0.2570  -0.1252
  0.0009   0.2570  -0.1258
  0.0010   0.2571  -0.1265
  0.0011   0.2572  -0.1272
  0.0012   0.2572  -0.1280
  0.0013   0.2573  -0.1288
  0.0014   0.2574  -0.1296
  0.0016   0.2575  -0.1304
  0.0017   0.2576  -0.1313
  0.0018   0.2577  -0.1321
  0.0020   0.2578  -0.1330
  0.0021   0.2578  -0.1340
  0.0023   0.2579  -0.1349
  0.0025   0.2580  -0.1359
  0.0026   0.2581  -0.1369
  0.0028   0.2583  -0.1379
  0.0030   0.2584  -0.1389
  0.0032   0.2585  -0.1399
  0.0034   0.2586  -0.1410
  0.0035   0.2587  -0.1420
  0.0037   0.2588  -0.1431
  0.0039   0.2590  -0.1442
  0.0041   0.2591  -0.1453
  0.0044   0.2592  -0.1464
  0.0046   0.2593  -0.1475
  0.0048   0.2595  -0.1486
  0.0050   0.2596  -0.1497
  0.0052   0.2597  -0.1508
  0.0055   0.2599  -0.1520
  0.0057   0.2600  -0.1531
  0.0059   0.2602  -0.1542
  0.0062   0.2603  -0.1554
  0.0064   0.2605  -0.1565
  0.0067   0.2606  -0.1576
  0.0069   0.2608  -0.1588
  0.0072   0.2609  -0.1599
  0.0074   0.2611  -0.1610
  0.0077   0.2612  -0.1622
  0.0079   0.2614  -0.1633
  0.0082   0.2615  -0.1644
  0.0085   0.2617  -0.1655
  0.0087   0.2619  -0.1666
  0.0090   0.2620  -0.1677
  0.0093   0.2622  -0.1687
  0.0096   0.2624  -0.1698
  0.0099   0.2625  -0.1708
  0.0102   0.2627  -0.1719
  0.0104   0.2629  -0.1729
  0.0107   0.2631  -0.1739
  0.0110   0.2632  -0.1749
  0.0113   0.2634  -0.1759
  0.0116   0.2636  -0.1768
  0.0119   0.2638  -0.1778
  0.0122   0.2640  -0.1787
  0.0125   0.2641  -0.1796
  0.0128   0.2643  -0.1805
  0.0132   0.2645  -0.1814
  0.0135   0.2647  -0.1823
  0.0138   0.2649  -0.1831
  0.0141   0.2651  -0.1839
  0.0144   0.2653  -0.1848
  0.0147   0.2655  -0.1855
  0.0151   0.2657  -0.1863
  0.0154   0.2659  -0.1871
  0.0157   0.2661  -0.1878
  0.0161   0.2663  -0.1885
  0.0164   0.2665  -0.1892
  0.0167   0.2667  -0.1899
  0.0171   0.2669  -0.1905
  0.0174   0.2671  -0.1911
  0.0177   0.2673  -0.1917
  0.0181   0.2675  -0.1923
  0.0184   0.2677  -0.1928
  0.0188   0.2679  -0.1934
  0.0191   0.2681  -0.1939
  0.0195   0.2683  -0.1944
  0.0198   0.2686  -0.1948
  0.0202   0.2688  -0.1952
  0.0205   0.2690  -0.1957
  0.0209   0.2692  -0.1960
  0.0212   0.2694  -0.1964
  0.0216   0.2697  -0.1967
  0.0219   0.2699  -0.1970
  0.0223   0.2701  -0.1973
  0.0226   0.2703  -0.1975
  0.0230   0.2706  -0.1977
  0.0234   0.2708  -0.1979
  0.0237   0.2710  -0.1981
  0.0241   0.2712  -0.1982
  0.0245   0.2715  -0.1983
  0.0248   0.2717  -0.1983
  0.0252   0.2719  -0.1983
  0.0256   0.2722  -0.1983
  0.0260   0.2724  -0.1983
  0.0263   0.2726  -0.1982
  0.0267   0.2728  -0.1981
  0.0271   0.2731  -0.1979
  0.0275   0.2733  -0.1978
  0.0278   0.2736  -0.1975
  0.0282   0.2738  -0.1973
  0.0286   0.2740  -0.1970
  0.0290   0.2743  -0.1967
  0.0294   0.2745  -0.1963
  0.0297   0.2747  -0.1959
  0.0297   0.2747  -0.1959
  0.0301   0.2750  -0.1954
  0.0305   0.2752  -0.1950
  0.0309   0.2754  -0.1945
  0.0313   0.2757  -0.1941
  0.0317   0.2759  -0.1936
  0.0321   0.2761  -0.1932
  0.0325   0.2763  -0.1927
  0.0330   0.2765  -0.1923
  0.0334   0.2768  -0.1918
  0.0338   0.2770  -0.1914
  0.0342   0.2772  -0.1910
  0.0347   0.2774  -0.1905
  0.0351   0.2776  -0.1901
  0.0356   0.2778  -0.1897
  0.0360   0.2780  -0.1893
  0.0365   0.2782  -0.1889
  0.0370   0.2784  -0.1884
  0.0374   0.2786  -0.1880
  0.0379   0.2788  -0.1876
  0.0384   0.2790  -0.1873
  0.0389   0.2792  -0.1869
  0.0394   0.2794  -0.1865
  0.0399   0.2795  -0.1861
  0.0404   0.2797  -0.1857
  0.0409   0.2799  -0.1854
  0.0414   0.2801  -0.1850
  0.0419   0.2803  -0.1846
  0.0424   0.2805  -0.1843
  0.0429   0.2807  -0.1839
  0.0435   0.2808  -0.1836
  0.0440   0.2810  -0.1833
  0.0446   0.2812  -0.1829
  0.0451   0.2814  -0.1826
  0.0457   0.2816  -0.1822
  0.0462   0.2817  -0.1819
  0.0468   0.2819  -0.1816
  0.0473   0.2821  -0.1813
  0.0479   0.2823  -0.1809
  0.0485   0.2824  -0.1806
  0.0491   0.2826  -0.1803
  0.0497   0.2828  -0.1800
  0.0503   0.2830  -0.1796
  0.0509   0.2831  -0.1793
  0.0515   0.2833  -0.1790
  0.0521   0.2835  -0.1787
  0.0527   0.2837  -0.1784
  0.0533   0.2839  -0.1781
  0.0539   0.2840  -0.1777
  0.0545   0.2842  -0.1774
  0.0552   0.2844  -0.1771
  0.0558   0.2846  -0.1768
  0.0565   0.2847  -0.1764
  0.0571   0.2849  -0.1761
  0.0578   0.2851  -0.1758
  0.0584   0.2853  -0.1755
  0.0591   0.2855  -0.1751
  0.0598   0.2856  -0.1748
  0.0604   0.2858  -0.1744
  0.0611   0.2860  -0.1741
  0.0618   0.2862  -0.1737
  0.0625   0.2864  -0.1734
  0.0632   0.2866  -0.1730
  0.0639   0.2867  -0.1727
  0.0646   0.2869  -0.1723
  0.0653   0.2871  -0.1719
  0.0660   0.2873  -0.1716
  0.0668   0.2875  -0.1712
  0.0675   0.2877  -0.1708
  0.0682   0.2879  -0.1704
  0.0690   0.2881  -0.1700
  0.0697   0.2883  -0.1696
  0.0704   0.2885  -0.1692
  0.0712   0.2887  -0.1688
  0.0720   0.2889  -0.1683
  0.0727   0.2891  -0.1679
  0.0735   0.2893  -0.1674
  0.0743   0.2895  -0.1670
  0.0750   0.2897  -0.1665
  0.0758   0.2899  -0.1661
  0.0766   0.2901  -0.1656
  0.0774   0.2903  -0.1651
  0.0782   0.2906  -0.1646
  0.0790   0.2908  -0.1641
  0.0798   0.2910  -0.1635
  0.0807   0.2912  -0.1630
  0.0815   0.2915  -0.1625
  0.0823   0.2917  -0.1619
  0.0831   0.2919  -0.1613
  0.0840   0.2922  -0.1607
  0.0848   0.2924  -0.1601
  0.0857   0.2927  -0.1595
  0.0865   0.2929  -0.1589
  0.0874   0.2932  -0.1583
  0.0883   0.2934  -0.1576
  0.0891   0.2937  -0.1570
  0.0900   0.2939  -0.1563
  0.0909   0.2942  -0.1556
  0.0918   0.2945  -0.1549
  0.0927   0.2947  -0.1542
  0.0000   0.2947  -0.1542
  0.0009   0.2950  -0.1535
  0.0018   0.2952  -0.1527
  0.0027   0.2955  -0.1520
  0.0036   0.2958  -0.1512
  0.0045   0.2960  -0.1504
  0.0054   0.2963  -0.1497
  0.0063   0.2965  -0.1489
  0.0073   0.2967  -0.1481
  0.0082   0.2970  -0.1473
  0.0091   0.2972  -0.1465
  0.0100   0.2974  -0.1457
  0.0109   0.2976  -0.1449
  0.0119   0.2978  -0.1441
  0.0128   0.2980  -0.1432
  0.0137   0.2982  -0.1424
  0.0146   0.2984  -0.1415
  0.0156   0.2986  -0.1406
  0.0165   0.2988  -0.1397
  0.0174   0.2989  -0.1388
  0.0184   0.2991  -0.1379
  0.0193   0.2993  -0.1369
  0.0203   0.2994  -0.1360
  0.0212   0.2996  -0.1350
  0.0222   0.2998  -0.1340
  0.0231   0.2999  -0.1330
  0.0241   0.3001  -0.1320
  0.0251   0.3002  -0.1310
  0.0260   0.3004  -0.1300
  0.0270   0.3005  -0.1289
  0.0280   0.3007  -0.1278
  0.0290   0.3008  -0.1267
  0.0299   0.3009  -0.1256
  0.0309   0.3011  -0.1245
  0.0319   0.3012  -0.1233
  0.0329   0.3013  -0.1221
  0.0339   0.3015  -0.1209
  0.0349   0.3016  -0.1197
  0.0359   0.3017  -0.1185
  0.0369   0.3019  -0.1172
  0.0380   0.3020  -0.1159
  0.0390   0.3021  -0.1146
  0.0400   0.3022  -0.1132
  0.0410   0.3024  -0.1118
  0.0421   0.3025  -0.1104
  0.0431   0.3026  -0.1090
  0.0442   0.3027  -0.1075
  0.0452   0.3029  -0.1060
  0.0463   0.3030  -0.1044
  0.0473   0.3031  -0.1029
  0.0484   0.3033  -0.1012
  0.0495   0.3034  -0.0996
  0.0506   0.3035  -0.0979
  0.0516   0.3037  -0.0961
  0.0527   0.3038  -0.0943
  0.0538   0.3039  -0.0925
  0.0549   0.3041  -0.0906
  0.0560   0.3042  -0.0887
  0.0571   0.3044  -0.0867
  0.0583   0.3045  -0.0847
  0.0594   0.3047  -0.0826
  0.0605   0.3048  -0.0805
  0.0616   0.3050  -0.0783
  0.0628   0.3051  -0.0761
  0.0639   0.3053  -0.0738
  0.0651   0.3055  -0.0714
  0.0663   0.3056  -0.0690
  0.0674   0.3058  -0.0666
  0.0686   0.3060  -0.0641
  0.0698   0.3062  -0.0615
  0.0710   0.3064  -0.0589
  0.0722   0.3066  -0.0562
  0.0734   0.3068  -0.0534
  0.0746   0.3070  -0.0506
  0.0758   0.3072  -0.0476
  0.0770   0.3074  -0.0447
  0.0783   0.3076  -0.0416
  0.0795   0.3079  -0.0384
  0.0807   0.3081  -0.0351
  0.0820   0.3084  -0.0317
  0.0820   0.3084  -0.0317
  0.0832   0.3086  -0.0282
  0.0845   0.3088  -0.0248
  0.0857   0.3091  -0.0214
  0.0870   0.3093  -0.0180
  0.0882   0.3095  -0.0147
  0.0895   0.3097  -0.0114
  0.0907   0.3099  -0.0081
  0.0920   0.3101  -0.0048
  0.0932   0.3102  -0.0015
  0.0945   0.3104   0.0018
  0.0957   0.3105   0.0050
  0.0970   0.3107   0.0083
  0.0982   0.3108   0.0115
  0.0995   0.3109   0.0148
  0.1007   0.3110   0.0180
  0.1019   0.3111   0.0212
  0.1032   0.3112   0.0245
  0.1044   0.3113   0.0277
  0.1057   0.3114   0.0309
  0.1069   0.3115   0.0342
  0.1081   0.3115   0.0374
  0.1094   0.3116   0.0406
  0.1106   0.3116   0.0439
  0.1119   0.3116   0.0471
  0.1131   0.3117   0.0503
  0.1143   0.3117   0.0536
  0.1156   0.3117   0.0568
  0.1168   0.3117   0.0601
  0.1180   0.3117   0.0633
  0.1193   0.3116   0.0665
  0.1205   0.3116   0.0698
  0.1217   0.3115   0.0730
  0.1230   0.3115   0.0763
  0.1242   0.3114   0.0795
  0.1255   0.3114   0.0828
  0.1267   0.3113   0.0860
  0.1279   0.3112   0.0893
  0.1292   0.3111   0.0925
  0.1304   0.3110   0.0958
  0.1316   0.3108   0.0990
  0.1329   0.3107   0.1023
  0.1341   0.3106   0.1056
  0.1353   0.3104   0.1088
  0.1366   0.3103   0.1121
  0.1378   0.3101   0.1154
  0.1390   0.3099   0.1186
  0.1403   0.3097   0.1219
  0.1415   0.3095   0.1252
  0.1427   0.3093   0.1284
  0.1440   0.3091   0.1317
  0.1452   0.3088   0.1350
  0.1464   0.3086   0.1382
  0.1477   0.3083   0.1415
  0.1489   0.3081   0.1448
  0.1502   0.3078   0.1480
  0.1514   0.3075   0.1513
  0.1526   0.3072   0.1546
  0.1539   0.3069   0.1578
  0.1551   0.3066   0.1611
  0.1564   0.3063   0.1643
  0.1576   0.3059   0.1676
  0.1588   0.3056   0.1708
  0.1601   0.3052   0.1740
  0.1613   0.3049   0.1773
  0.1626   0.3045   0.1805
  0.1638   0.3041   0.1837
  0.1651   0.3037   0.1869
  0.1663   0.3033   0.1901
  0.1676   0.3029   0.1933
  0.1688   0.3024   0.1965
  0.1701   0.3020   0.1996
  0.1713   0.3015   0.2028
  0.1726   0.3011   0.2059
  0.1738   0.3006   0.2091
  0.1751   0.3001   0.2122
  0.1764   0.2996   0.2154
  0.1776   0.2991   0.2185
  0.1789   0.2986   0.2216
  0.1789   0.2986   0.2216
  0.1801   0.2980   0.2248
  0.1814   0.2975   0.2278
  0.1827   0.2970   0.2307
  0.1839   0.2965   0.2334
  0.1852   0.2960   0.2361
  0.1865   0.2955   0.2385
  0.1878   0.2950   0.2409
  0.1890   0.2945   0.2431
  0.1903   0.2941   0.2452
  0.1916   0.2936   0.2472
  0.1929   0.2932   0.2490
  0.1942   0.2928   0.2507
  0.1955   0.2923   0.2523
  0.1968   0.2919   0.2538
  0.1980   0.2915   0.2551
  0.1993   0.2912   0.2564
  0.2006   0.2908   0.2575
  0.2019   0.2904   0.2585
  0.2032   0.2901   0.2594
  0.2045   0.2897   0.2601
  0.2058   0.2894   0.2608
  0.2071   0.2891   0.2613
  0.2085   0.2888   0.2618
  0.2098   0.2885   0.2621
  0.2111   0.2882   0.2623
  0.2124   0.2879   0.2624
  0.2137   0.2876   0.2624
  0.2150   0.2874   0.2623
  0.2163   0.2871   0.2621
  0.2177   0.2869   0.2618
  0.2190   0.2867   0.2614
  0.2203   0.2865   0.2610
  0.2216   0.2863   0.2604
  0.2229   0.2861   0.2597
  0.2243   0.2859   0.2589
  0.2256   0.2858   0.2580
  0.2269   0.2856   0.2570
  0.2283   0.2855   0.2560
  0.2296   0.2854   0.2548
  0.2309   0.2853   0.2536
  0.2323   0.2852   0.2523
  0.2336   0.2851   0.2509
  0.2349   0.2850   0.2494
  0.2363   0.2850   0.2478
  0.2376   0.2849   0.2461
  0.2390   0.2849   0.2443
  0.2403   0.2849   0.2425
  0.2417   0.2849   0.2406
  0.2430   0.2849   0.2386
  0.2444   0.2849   0.2365
  0.2457   0.2849   0.2344
  0.2471   0.2850   0.2322
  0.2484   0.2850   0.2298
  0.2498   0.2851   0.2275
  0.2511   0.2852   0.2250
  0.2525   0.2853   0.2225
  0.2539   0.2854   0.2199
  0.2552   0.2856   0.2172
  0.2566   0.2857   0.2145
  0.2580   0.2859   0.2117
  0.2593   0.2860   0.2088
  0.2607   0.2862   0.2059
  0.2621   0.2864   0.2029
  0.2635   0.2866   0.1998
  0.2648   0.2869   0.1967
  0.2662   0.2871   0.1935
  0.2676   0.2874   0.1902
  0.2690   0.2876   0.1869
  0.2704   0.2879   0.1835
  0.2718   0.2882   0.1801
  0.2731   0.2886   0.1766
  0.2745   0.2889   0.1730
  0.2759   0.2892   0.1694
  0.2773   0.2896   0.1658
  0.2787   0.2900   0.1620
  0.2801   0.2904   0.1583
  0.2816   0.2908   0.1544
  0.2830   0.2912   0.1505
  0.2844   0.2916   0.1466
  0.2844   0.2916   0.1466
  0.2858   0.2921   0.1426
  0.2872   0.2925   0.1387
  0.2886   0.2930   0.1349
  0.2900   0.2934   0.1311
  0.2914   0.2938   0.1274
  0.2928   0.2942   0.1238
  0.2942   0.2946   0.1202
  0.2956   0.2950   0.1166
  0.2970   0.2953   0.1130
  0.2984   0.2957   0.1095
  0.2997   0.2961   0.1061
  0.3011   0.2964   0.1026
  0.3025   0.2967   0.0992
  0.3039   0.2971   0.0958
  0.3053   0.2974   0.0924
  0.3067   0.2977   0.0891
  0.3080   0.2980   0.0857
  0.3094   0.2983   0.0824
  0.3108   0.2986   0.0791
  0.3122   0.2989   0.0758
  0.3135   0.2991   0.0725
  0.3149   0.2994   0.0692
  0.3163   0.2997   0.0659
  0.3176   0.2999   0.0626
  0.3190   0.3001   0.0594
  0.3204   0.3003   0.0561
  0.3217   0.3006   0.0528
  0.3231   0.3008   0.0496
  0.3245   0.3009   0.0463
  0.3258   0.3011   0.0431
  0.3272   0.3013   0.0398
  0.3285   0.3015   0.0366
  0.3299   0.3016   0.0333
  0.3313   0.3018   0.0300
  0.3326   0.3019   0.0268
  0.3340   0.3020   0.0235
  0.3353   0.3021   0.0202
  0.3367   0.3022   0.0169
  0.3381   0.3023   0.0136
  0.3394   0.3024   0.0103
  0.3408   0.3025   0.0070
  0.3421   0.3025   0.0037
  0.3435   0.3026   0.0004
  0.3448   0.3026  -0.0029
  0.3462   0.3027  -0.0063
  0.3476   0.3027  -0.0096
  0.3489   0.3027  -0.0130
  0.3503   0.3027  -0.0164
  0.3516   0.3027  -0.0198
  0.3530   0.3027  -0.0232
  0.3543   0.3026  -0.0266
  0.3557   0.3026  -0.0300
  0.3570   0.3025  -0.0334
  0.3584   0.3025  -0.0368
  0.3598   0.3024  -0.0403
  0.3611   0.3023  -0.0438
  0.3625   0.3022  -0.0472
  0.3638   0.3021  -0.0507
  0.3652   0.3020  -0.0542
  0.3666   0.3019  -0.0578
  0.3679   0.3017  -0.0613
  0.3693   0.3016  -0.0648
  0.3706   0.3014  -0.0684
  0.3720   0.3013  -0.0720
  0.3734   0.3011  -0.0755
  0.3747   0.3009  -0.0791
  0.3761   0.3007  -0.0827
  0.3775   0.3005  -0.0864
  0.3788   0.3003  -0.0900
  0.3802   0.3001  -0.0937
  0.3816   0.2998  -0.0973
  0.3830   0.2996  -0.1010
  0.3843   0.2993  -0.1048
  0.3857   0.2990  -0.1085
  0.3871   0.2988  -0.1123
  0.3885   0.2985  -0.1160
  0.3898   0.2982  -0.1199
  0.3912   0.2978  -0.1237
  0.3926   0.2975  -0.1276
  0.3926   0.2975  -0.1276
  0.3940   0.2972  -0.1316
  0.3954   0.2968  -0.1355
  0.3968   0.2965  -0.1394
  0.3982   0.2962  -0.1432
  0.3995   0.2958  -0.1469
  0.4009   0.2955  -0.1505
  0.4023   0.2952  -0.1540
  0.4037   0.2949  -0.1575
  0.4051   0.2947  -0.1609
  0.4065   0.2944  -0.1643
  0.4079   0.2941  -0.1675
  0.4093   0.2939  -0.1707
  0.4107   0.2936  -0.1738
  0.4121   0.2934  -0.1769
  0.4135   0.2931  -0.1798
  0.4148   0.2929  -0.1827
  0.4162   0.2927  -0.1855
  0.4176   0.2924  -0.1883
  0.4190   0.2922  -0.1909
  0.4204   0.2920  -0.1935
  0.4218   0.2918  -0.1960
  0.4232   0.2917  -0.1984
  0.4246   0.2915  -0.2008
  0.4260   0.2913  -0.2030
  0.4274   0.2911  -0.2052
  0.4288   0.2910  -0.2073
  0.4302   0.2908  -0.2093
  0.4316   0.2907  -0.2112
  0.4330   0.2906  -0.2131
  0.4344   0.2904  -0.2149
  0.4358   0.2903  -0.2165
  0.4372   0.2902  -0.2181
  0.4386   0.2901  -0.2196
  0.4400   0.2900  -0.2211
  0.4414   0.2899  -0.2224
  0.4429   0.2898  -0.2237
  0.4443   0.2898  -0.2248
  0.4457   0.2897  -0.2259
  0.4471   0.2896  -0.2269
  0.4485   0.2896  -0.2278
  0.4499   0.2895  -0.2286
  0.4513   0.2895  -0.2293
  0.4528   0.2894  -0.2299
  0.4542   0.2894  -0.2305
  0.4556   0.2894  -0.2309
  0.4570   0.2894  -0.2312
  0.4584   0.2894  -0.2315
  0.4599   0.2894  -0.2316
  0.4613   0.2894  -0.2317
  0.4627   0.2894  -0.2317
  0.4642   0.2894  -0.2315
  0.4656   0.2895  -0.2313
  0.4670   0.2895  -0.2310
  0.4685   0.2896  -0.2305
  0.4699   0.2896  -0.2300
  0.4713   0.2897  -0.2294
  0.4728   0.2897  -0.2286
  0.4742   0.2898  -0.2278
  0.4757   0.2899  -0.2269
  0.4771   0.2900  -0.2258
  0.4786   0.2901  -0.2247
  0.4800   0.2902  -0.2234
  0.4815   0.2903  -0.2221
  0.4829   0.2904  -0.2206
  0.4844   0.2906  -0.2190
  0.4858   0.2907  -0.2174
  0.4873   0.2908  -0.2156
  0.4888   0.2910  -0.2137
  0.4902   0.2911  -0.2117
  0.4917   0.2913  -0.2095
  0.4932   0.2915  -0.2073
  0.4946   0.2916  -0.2050
  0.4961   0.2918  -0.2025
  0.4976   0.2920  -0.1999
  0.4991   0.2922  -0.1972
  0.5006   0.2924  -0.1944
  0.5020   0.2926  -0.1915
  0.5035   0.2928  -0.1885
  0.5050   0.2931  -0.1853
  0.5050   0.2931  -0.1853
  0.5065   0.2933  -0.1820
  0.5080   0.2935  -0.1788
  0.5095   0.2937  -0.1755
  0.5110   0.2940  -0.1722
  0.5124   0.2941  -0.1689
  0.5139   0.2943  -0.1656
  0.5154   0.2945  -0.1623
  0.5169   0.2947  -0.1589
  0.5183   0.2949  -0.1556
  0.5198   0.2950  -0.1522
  0.5213   0.2952  -0.1488
  0.5227   0.2953  -0.1454
  0.5242   0.2954  -0.1419
  0.5257   0.2955  -0.1385
  0.5271   0.2957  -0.1350
  0.5286   0.2958  -0.1316
  0.5301   0.2959  -0.1281
  0.5315   0.2959  -0.1246
  0.5330   0.2960  -0.1211
  0.5344   0.2961  -0.1176
  0.5359   0.2961  -0.1140
  0.5374   0.2962  -0.1105
  0.5388   0.2962  -0.1069
  0.5403   0.2963  -0.1033
  0.5417   0.2963  -0.0998
  0.5432   0.2963  -0.0962
  0.5446   0.2963  -0.0926
  0.5461   0.2963  -0.0890
  0.5475   0.2963  -0.0854
  0.5490   0.2963  -0.0818
  0.5504   0.2963  -0.0782
  0.5519   0.2962  -0.0745
  0.5533   0.2962  -0.0709
  0.5548   0.2961  -0.0673
  0.5562   0.2960  -0.0637
  0.5577   0.2960  -0.0600
  0.5591   0.2959  -0.0564
  0.5606   0.2958  -0.0528
  0.5620   0.2957  -0.0491
  0.5634   0.2956  -0.0455
  0.5649   0.2954  -0.0419
  0.5663   0.2953  -0.0382
  0.5678   0.2952  -0.0346
  0.5692   0.2950  -0.0310
  0.5707   0.2948  -0.0274
  0.5721   0.2947  -0.0238
  0.5736   0.2945  -0.0201
  0.5750   0.2943  -0.0165
  0.5765   0.2941  -0.0129
  0.5779   0.2939  -0.0093
  0.5794   0.2936  -0.0058
  0.5808   0.2934  -0.0022
  0.5823   0.2931   0.0014
  0.5837   0.2929   0.0050
  0.5852   0.2926   0.0085
  0.5866   0.2923   0.0121
  0.5881   0.2920   0.0156
  0.5895   0.2917   0.0191
  0.5910   0.2914   0.0226
  0.5925   0.2911   0.0261
  0.5939   0.2908   0.0296
  0.5954   0.2904   0.0331
  0.5968   0.2901   0.0366
  0.5983   0.2897   0.0400
  0.5998   0.2893   0.0435
  0.6012   0.2890   0.0469
  0.6027   0.2886   0.0503
  0.6042   0.2881   0.0537
  0.6056   0.2877   0.0570
  0.6071   0.2873   0.0604
  0.6086   0.2868   0.0637
  0.6101   0.2864   0.0671
  0.6115   0.2859   0.0704
  0.6130   0.2854   0.0737
  0.6145   0.2849   0.0769
  0.6160   0.2844   0.0802
  0.6175   0.2839   0.0834
  0.6189   0.2834   0.0867
  0.6204   0.2829   0.0899
  0.6204   0.2829   0.0899
  0.6219   0.2823   0.0931
  0.6234   0.2818   0.0962
  0.6249   0.2812   0.0992
  0.6264   0.2807   0.1021
  0.6279   0.2802   0.1048
  0.6294   0.2797   0.1074
  0.6308   0.2792   0.1100
  0.6323   0.2787   0.1124
  0.6338   0.2783   0.1146
  0.6353   0.2778   0.1168
  0.6367   0.2774   0.1189
  0.6382   0.2769   0.1208
  0.6397   0.2765   0.1227
  0.6412   0.2761   0.1244
  0.6426   0.2757   0.1261
  0.6441   0.2753   0.1276
  0.6456   0.2750   0.1290
  0.6471   0.2746   0.1303
  0.6485   0.2742   0.1316
  0.6500   0.2739   0.1327
  0.6515   0.2736   0.1337
  0.6529   0.2733   0.1346
  0.6544   0.2730   0.1355
  0.6558   0.2727   0.1362
  0.6573   0.2724   0.1368
  0.6588   0.2722   0.1374
  0.6602   0.2719   0.1378
  0.6617   0.2717   0.1382
  0.6631   0.2715   0.1385
  0.6646   0.2713   0.1387
  0.6660   0.2711   0.1388
  0.6675   0.2709   0.1388
  0.6690   0.2707   0.1387
  0.6704   0.2705   0.1385
  0.6719   0.2704   0.1383
  0.6733   0.2703   0.1380
  0.6748   0.2702   0.1375
  0.6762   0.2701   0.1371
  0.6777   0.2700   0.1365
  0.6791   0.2699   0.1358
  0.6806   0.2698   0.1351
  0.6820   0.2698   0.1343
  0.6835   0.2698   0.1334
  0.6849   0.2697   0.1324
  0.6864   0.2697   0.1314
  0.6878   0.2697   0.1303
  0.6892   0.2698   0.1291
  0.6907   0.2698   0.1278
  0.6921   0.2698   0.1265
  0.6936   0.2699   0.1251
  0.6950   0.2700   0.1236
  0.6965   0.2701   0.1221
  0.6979   0.2702   0.1205
  0.6994   0.2703   0.1188
  0.7008   0.2704   0.1170
  0.7023   0.2706   0.1152
  0.7037   0.2708   0.1133
  0.7052   0.2709   0.1114
  0.7066   0.2711   0.1094
  0.7081   0.2713   0.1073
  0.7095   0.2716   0.1052
  0.7110   0.2718   0.1030
  0.7124   0.2721   0.1007
  0.7139   0.2723   0.0984
  0.7153   0.2726   0.0961
  0.7168   0.2729   0.0936
  0.7183   0.2732   0.0911
  0.7197   0.2736   0.0886
  0.7212   0.2739   0.0860
  0.7226   0.2743   0.0833
  0.7241   0.2746   0.0806
  0.7256   0.2750   0.0779
  0.7270   0.2754   0.0750
  0.7285   0.2758   0.0722
  0.7300   0.2763   0.0692
  0.7314   0.2767   0.0662
  0.7329   0.2772   0.0632
  0.7344   0.2777   0.0601
  0.7359   0.2782   0.0570
  0.7359   0.2782   0.0570
  0.7373   0.2787   0.0538
  0.7388   0.2792   0.0507
  0.7403   0.2797   0.0475
  0.7418   0.2801   0.0444
  0.7433   0.2806   0.0413
  0.7447   0.2810   0.0382
  0.7462   0.2815   0.0352
  0.7477   0.2819   0.0322
  0.7492   0.2823   0.0292
  0.7507   0.2827   0.0263
  0.7521   0.2831   0.0234
  0.7536   0.2834   0.0205
  0.7551   0.2838   0.0176
  0.7565   0.2841   0.0148
  0.7580   0.2845   0.0120
  0.7595   0.2848   0.0092
  0.7609   0.2851   0.0065
  0.7624   0.2854   0.0038
  0.7638   0.2857   0.0011
  0.7653   0.2860  -0.0016
  0.7667   0.2863  -0.0042
  0.7682   0.2866  -0.0069
  0.7696   0.2869  -0.0095
  0.7711   0.2871  -0.0120
  0.7725   0.2874  -0.0146
  0.7740   0.2876  -0.0172
  0.7754   0.2879  -0.0197
  0.7768   0.2881  -0.0223
  0.7783   0.2883  -0.0248
  0.7797   0.2885  -0.0274
  0.7811   0.2887  -0.0299
  0.7825   0.2889  -0.0325
  0.7840   0.2891  -0.0350
  0.7854   0.2893  -0.0376
  0.7868   0.2895  -0.0401
  0.7882   0.2897  -0.0426
  0.7897   0.2899  -0.0452
  0.7911   0.2900  -0.0477
  0.7925   0.2902  -0.0503
  0.7939   0.2903  -0.0528
  0.7953   0.2905  -0.0554
  0.7968   0.2906  -0.0579
  0.7982   0.2907  -0.0605
  0.7996   0.2908  -0.0631
  0.8010   0.2909  -0.0656
  0.8024   0.2910  -0.0682
  0.8039   0.2911  -0.0708
  0.8053   0.2912  -0.0734
  0.8067   0.2913  -0.0760
  0.8081   0.2913  -0.0786
  0.8095   0.2914  -0.0812
  0.8109   0.2914  -0.0838
  0.8123   0.2914  -0.0864
  0.8138   0.2915  -0.0891
  0.8152   0.2915  -0.0917
  0.8166   0.2915  -0.0944
  0.8180   0.2915  -0.0970
  0.8194   0.2915  -0.0997
  0.8208   0.2914  -0.1024
  0.8222   0.2914  -0.1051
  0.8237   0.2913  -0.1078
  0.8251   0.2913  -0.1105
  0.8265   0.2912  -0.1132
  0.8279   0.2911  -0.1160
  0.8293   0.2910  -0.1187
  0.8308   0.2909  -0.1215
  0.8322   0.2908  -0.1243
  0.8336   0.2907  -0.1271
  0.8350   0.2906  -0.1299
  0.8365   0.2904  -0.1327
  0.8379   0.2902  -0.1356
  0.8393   0.2901  -0.1384
  0.8408   0.2899  -0.1413
  0.8422   0.2897  -0.1442
  0.8436   0.2895  -0.1472
  0.8451   0.2893  -0.1501
  0.8465   0.2890  -0.1531
  0.8480   0.2888  -0.1562
  0.8494   0.2885  -0.1593
  0.8509   0.2882  -0.1624
  0.8523   0.2879  -0.1655
  0.8538   0.2876  -0.1687
  0.8553   0.2873  -0.1718
  0.8567   0.2870  -0.1749
  0.8582   0.2866  -0.1780
  0.8596   0.2863  -0.1812
  0.8611   0.2859  -0.1843
  0.8611   0.2859  -0.1843
  0.8625   0.2856  -0.1875
  0.8640   0.2852  -0.1906
  0.8655   0.2848  -0.1937
  0.8669   0.2845  -0.1968
  0.8684   0.2841  -0.1997
  0.8698   0.2838  -0.2026
  0.8713   0.2835  -0.2055
  0.8728   0.2832  -0.2083
  0.8742   0.2829  -0.2110
  0.8757   0.2826  -0.2137
  0.8772   0.2823  -0.2163
  0.8786   0.2820  -0.2188
  0.8801   0.2817  -0.2213
  0.8816   0.2815  -0.2238
  0.8830   0.2812  -0.2261
  0.8845   0.2810  -0.2284
  0.8860   0.2807  -0.2307
  0.8875   0.2805  -0.2329
  0.8889   0.2803  -0.2350
  0.8904   0.2800  -0.2370
  0.8919   0.2798  -0.2390
  0.8934   0.2796  -0.2409
  0.8949   0.2794  -0.2428
  0.8963   0.2793  -0.2446
  0.8978   0.2791  -0.2463
  0.8993   0.2789  -0.2479
  0.9008   0.2788  -0.2495
  0.9023   0.2786  -0.2510
  0.9038   0.2785  -0.2525
  0.9053   0.2783  -0.2538
  0.9068   0.2782  -0.2551
  0.9083   0.2781  -0.2563
  0.9098   0.2780  -0.2575
  0.9113   0.2779  -0.2585
  0.9128   0.2778  -0.2595
  0.9143   0.2777  -0.2604
  0.9158   0.2776  -0.2613
  0.9173   0.2776  -0.2620
  0.9189   0.2775  -0.2627
  0.9204   0.2775  -0.2633
  0.9219   0.2774  -0.2638
  0.9234   0.2774  -0.2642
  0.9249   0.2774  -0.2646
  0.9265   0.2773  -0.2649
  0.9280   0.2773  -0.2650
  0.9295   0.2773  -0.2651
  0.9311   0.2773  -0.2651
  0.9326   0.2774  -0.2650
  0.9341   0.2774  -0.2648
  0.9357   0.2774  -0.2646
  0.9372   0.2774  -0.2642
  0.9388   0.2775  -0.2638
  0.9403   0.2775  -0.2632
  0.9419   0.2776  -0.2626
  0.9434   0.2777  -0.2618
  0.9450   0.2778  -0.2610
  0.9465   0.2778  -0.2601
  0.9481   0.2779  -0.2590
  0.9497   0.2780  -0.2579
  0.9512   0.2782  -0.2567
  0.9528   0.2783  -0.2553
  0.9544   0.2784  -0.2539
  0.9559   0.2785  -0.2523
  0.9575   0.2787  -0.2507
  0.9591   0.2788  -0.2489
  0.9607   0.2790  -0.2471
  0.9623   0.2792  -0.2451
  0.9639   0.2793  -0.2430
  0.9655   0.2795  -0.2408
  0.9671   0.2797  -0.2385
  0.9687   0.2799  -0.2361
  0.9703   0.2801  -0.2336
  0.9719   0.2803  -0.2309
  0.9735   0.2806  -0.2281
  0.9751   0.2808  -0.2253
  0.9767   0.2810  -0.2222
  0.9783   0.2813  -0.2191
  0.9799   0.2815  -0.2159
  0.9816   0.2818  -0.2125
  0.9816   0.2818  -0.2125
  0.9832   0.2820  -0.2090
  0.9848   0.2823  -0.2055
  0.9864   0.2825  -0.2020
  0.9881   0.2827  -0.1985
  0.9897   0.2830  -0.1950
  0.9913   0.2832  -0.1915
  0.9929   0.2834  -0.1879
  0.9945   0.2835  -0.1844
  0.9961   0.2837  -0.1808
  0.9977   0.2839  -0.1772
  0.9993   0.2840  -0.1736
  1.0009   0.2842  -0.1699
  1.0025   0.2843  -0.1662
  1.0041   0.2845  -0.1625
  1.0056   0.2846  -0.1588
  1.0072   0.2847  -0.1550
  1.0088   0.2848  -0.1513
  1.0104   0.2849  -0.1475
  1.0120   0.2850  -0.1437
  1.0136   0.2851  -0.1398
  1.0152   0.2852  -0.1360
  1.0168   0.2853  -0.1321
  1.0183   0.2853  -0.1282
  1.0199   0.2854  -0.1243
  1.0215   0.2855  -0.1204
  1.0231   0.2855  -0.1165
  1.0247   0.2855  -0.1126
  1.0262   0.2856  -0.1086
  1.0278   0.2856  -0.1046
  1.0294   0.2856  -0.1007
  1.0310   0.2856  -0.0967
  1.0326   0.2856  -0.0927
  1.0342   0.2856  -0.0887
  1.0357   0.2855  -0.0847
  1.0373   0.2855  -0.0807
  1.0389   0.2855  -0.0767
  1.0405   0.2854  -0.0727
  1.0421   0.2853  -0.0687
  1.0436   0.2853  -0.0646
  1.0452   0.2852  -0.0606
  1.0468   0.2851  -0.0566
  1.0484   0.2850  -0.0526
  1.0500   0.2849  -0.0486
  1.0515   0.2848  -0.0446
  1.0531   0.2846  -0.0405
  1.0547   0.2845  -0.0365
  1.0563   0.2843  -0.0325
  1.0579   0.2842  -0.0285
  1.0595   0.2840  -0.0246
  1.0611   0.2838  -0.0206
  1.0626   0.2837  -0.0166
  1.0642   0.2835  -0.0126
  1.0658   0.2833  -0.0087
  1.0674   0.2830  -0.0047
  1.0690   0.2828  -0.0008
  1.0706   0.2826   0.0031
  1.0722   0.2823   0.0070
  1.0738   0.2821   0.0109
  1.0754   0.2818   0.0148
  1.0770   0.2815   0.0186
  1.0786   0.2812   0.0225
  1.0802   0.2809   0.0263
  1.0818   0.2806   0.0301
  1.0834   0.2803   0.0339
  1.0850   0.2800   0.0377
  1.0866   0.2796   0.0414
  1.0882   0.2793   0.0452
  1.0898   0.2789   0.0489
  1.0914   0.2785   0.0526
  1.0931   0.2781   0.0563
  1.0947   0.2778   0.0599
  1.0963   0.2773   0.0635
  1.0979   0.2769   0.0671
  1.0995   0.2765   0.0707
  1.1012   0.2760   0.0743
  1.1028   0.2756   0.0778
  1.1044   0.2751   0.0813
  1.1060   0.2746   0.0848
  1.1077   0.2741   0.0883
  1.1077   0.2741   0.0883
  1.1093   0.2736   0.0918
  1.1109   0.2731   0.0952
  1.1125   0.2726   0.0984
  1.1141   0.2721   0.1015
  1.1158   0.2716   0.1044
  1.1174   0.2711   0.1073
  1.1190   0.2706   0.1099
  1.1206   0.2702   0.1125
  1.1222   0.2697   0.1149
  1.1239   0.2693   0.1172
  1.1255   0.2689   0.1193
  1.1271   0.2685   0.1213
  1.1287   0.2681   0.1232
  1.1303   0.2677   0.1250
  1.1319   0.2673   0.1267
  1.1335   0.2669   0.1283
  1.1351   0.2665   0.1297
  1.1368   0.2662   0.1310
  1.1384   0.2659   0.1322
  1.1400   0.2655   0.1334
  1.1416   0.2652   0.1343
  1.1432   0.2649   0.1352
  1.1448   0.2646   0.1360
  1.1464   0.2643   0.1367
  1.1480   0.2641   0.1373
  1.1496   0.2638   0.1378
  1.1512   0.2636   0.1381
  1.1528   0.2634   0.1384
  1.1543   0.2631   0.1386
  1.1559   0.2629   0.1387
  1.1575   0.2627   0.1387
  1.1591   0.2626   0.1386
  1.1607   0.2624   0.1384
  1.1623   0.2622   0.1381
  1.1639   0.2621   0.1378
  1.1655   0.2620   0.1373
  1.1670   0.2619   0.1368
  1.1686   0.2618   0.1362
  1.1702   0.2617   0.1354
  1.1718   0.2616   0.1347
  1.1734   0.2615   0.1338
  1.1749   0.2615   0.1328
  1.1765   0.2614   0.1318
  1.1781   0.2614   0.1307
  1.1797   0.2614   0.1295
  1.1812   0.2614   0.1283
  1.1828   0.2614   0.1269
  1.1844   0.2615   0.1255
  1.1859   0.2615   0.1240
  1.1875   0.2616   0.1225
  1.1891   0.2616   0.1209
  1.1906   0.2617   0.1192
  1.1922   0.2618   0.1175
  1.1938   0.2619   0.1156
  1.1953   0.2621   0.1138
  1.1969   0.2622   0.1118
  1.1984   0.2624   0.1098
  1.2000   0.2625   0.1078
  1.2016   0.2627   0.1056
  1.2031   0.2629   0.1034
  1.2047   0.2631   0.1012
  1.2062   0.2634   0.0989
  1.2078   0.2636   0.0965
  1.2093   0.2639   0.0941
  1.2109   0.2641   0.0917
  1.2124   0.2644   0.0891
  1.2140   0.2647   0.0866
  1.2156   0.2650   0.0840
  1.2171   0.2654   0.0813
  1.2187   0.2657   0.0786
  1.2202   0.2661   0.0758
  1.2218   0.2664   0.0730
  1.2233   0.2668   0.0701
  1.2249   0.2672   0.0672
  1.2264   0.2676   0.0642
  1.2280   0.2680   0.0612
  1.2295   0.2685   0.0582
  1.2311   0.2689   0.0551
  1.2326   0.2694   0.0519
  1.2326   0.2694   0.0519
  1.2342   0.2699   0.0487
  1.2357   0.2703   0.0456
  1.2373   0.2708   0.0426
  1.2388   0.2712   0.0396
  1.2403   0.2717   0.0367
  1.2418   0.2721   0.0338
  1.2434   0.2725   0.0310
  1.2449   0.2729   0.0282
  1.2464   0.2733   0.0254
  1.2479   0.2737   0.0227
  1.2494   0.2741   0.0200
  1.2509   0.2745   0.0174
  1.2524   0.2749   0.0147
  1.2540   0.2752   0.0121
  1.2555   0.2756   0.0095
  1.2570   0.2759   0.0070
  1.2585   0.2762   0.0044
  1.2600   0.2766   0.0019
  1.2615   0.2769  -0.0006
  1.2630   0.2772  -0.0031
  1.2645   0.2775  -0.0056
  1.2660   0.2778  -0.0081
  1.2674   0.2781  -0.0106
  1.2689   0.2784  -0.0130
  1.2704   0.2786  -0.0155
  1.2719   0.2789  -0.0179
  1.2734   0.2791  -0.0204
  1.2749   0.2794  -0.0228
  1.2764   0.2796  -0.0252
  1.2779   0.2798  -0.0277
  1.2794   0.2800  -0.0301
  1.2808   0.2802  -0.0325
  1.2823   0.2804  -0.0349
  1.2838   0.2806  -0.0374
  1.2853   0.2808  -0.0398
  1.2868   0.2810  -0.0422
  1.2883   0.2811  -0.0447
  1.2897   0.2813  -0.0471
  1.2912   0.2814  -0.0496
  1.2927   0.2815  -0.0520
  1.2942   0.2816  -0.0545
  1.2957   0.2817  -0.0570
  1.2971   0.2818  -0.0594
  1.2986   0.2819  -0.0619
  1.3001   0.2820  -0.0644
  1.3016   0.2820  -0.0669
  1.3031   0.2821  -0.0694
  1.3045   0.2821  -0.0720
  1.3060   0.2822  -0.0745
  1.3075   0.2822  -0.0771
  1.3090   0.2822  -0.0796
  1.3105   0.2822  -0.0822
  1.3120   0.2822  -0.0848
  1.3134   0.2822  -0.0874
  1.3149   0.2822  -0.0900
  1.3164   0.2821  -0.0926
  1.3179   0.2821  -0.0952
  1.3194   0.2820  -0.0978
  1.3209   0.2819  -0.1005
  1.3224   0.2819  -0.1032
  1.3239   0.2818  -0.1058
  1.3254   0.2817  -0.1085
  1.3268   0.2816  -0.1112
  1.3283   0.2814  -0.1140
  1.3298   0.2813  -0.1167
  1.3313   0.2812  -0.1194
  1.3328   0.2810  -0.1222
  1.3343   0.2808  -0.1250
  1.3358   0.2807  -0.1278
  1.3373   0.2805  -0.1306
  1.3388   0.2803  -0.1334
  1.3404   0.2801  -0.1363
  1.3419   0.2799  -0.1391
  1.3434   0.2796  -0.1420
  1.3449   0.2794  -0.1450
  1.3464   0.2791  -0.1479
  1.3479   0.2789  -0.1509
  1.3494   0.2786  -0.1539
  1.3510   0.2783  -0.1570
  1.3525   0.2780  -0.1602
  1.3540   0.2777  -0.1634
  1.3555   0.2773  -0.1665
  1.3571   0.2770  -0.1697
  1.3586   0.2766  -0.1728
  1.3586   0.2766  -0.1728
  1.3601   0.2763  -0.1761
  1.3616   0.2759  -0.1792
  1.3632   0.2755  -0.1823
  1.3647   0.2752  -0.1854
  1.3662   0.2749  -0.1884
  1.3677   0.2745  -0.1913
  1.3693   0.2742  -0.1942
  1.3708   0.2739  -0.1971
  1.3723   0.2736  -0.1998
  1.3738   0.2733  -0.2026
  1.3753   0.2730  -0.2052
  1.3769   0.2728  -0.2078
  1.3784   0.2725  -0.2104
  1.3799   0.2722  -0.2128
  1.3814   0.2720  -0.2153
  1.3829   0.2717  -0.2176
  1.3845   0.2715  -0.2199
  1.3860   0.2713  -0.2222
  1.3875   0.2710  -0.2243
  1.3890   0.2708  -0.2264
  1.3905   0.2706  -0.2285
  1.3920   0.2704  -0.2305
  1.3936   0.2702  -0.2324
  1.3951   0.2701  -0.2342
  1.3966   0.2699  -0.2360
  1.3981   0.2697  -0.2377
  1.3996   0.2696  -0.2394
  1.4011   0.2694  -0.2409
  1.4027   0.2693  -0.2424
  1.4042   0.2692  -0.2439
  1.4057   0.2690  -0.2452
  1.4072   0.2689  -0.2465
  1.4087   0.2688  -0.2477
  1.4102   0.2687  -0.2489
  1.4118   0.2686  -0.2500
  1.4133   0.2685  -0.2510
  1.4148   0.2685  -0.2519
  1.4163   0.2684  -0.2527
  1.4178   0.2683  -0.2535
  1.4194   0.2683  -0.2542
  1.4209   0.2683  -0.2548
  1.4224   0.2682  -0.2553
  1.4239   0.2682  -0.2557
  1.4255   0.2682  -0.2561
  1.4270   0.2682  -0.2563
  1.4285   0.2682  -0.2565
  1.4300   0.2682  -0.2566
  1.4315   0.2682  -0.2567
  1.4331   0.2682  -0.2566
  1.4346   0.2682  -0.2564
  1.4361   0.2683  -0.2562
  1.4377   0.2683  -0.2558
  1.4392   0.2683  -0.2554
  1.4407   0.2684  -0.2549
  1.4423   0.2685  -0.2543
  1.4438   0.2686  -0.2535
  1.4453   0.2686  -0.2527
  1.4468   0.2687  -0.2518
  1.4484   0.2688  -0.2508
  1.4499   0.2689  -0.2497
  1.4515   0.2690  -0.2485
  1.4530   0.2692  -0.2472
  1.4545   0.2693  -0.2458
  1.4561   0.2694  -0.2443
  1.4576   0.2696  -0.2427
  1.4592   0.2697  -0.2410
  1.4607   0.2699  -0.2392
  1.4622   0.2701  -0.2373
  1.4638   0.2703  -0.2352
  1.4653   0.2704  -0.2331
  1.4669   0.2706  -0.2308
  1.4684   0.2708  -0.2285
  1.4700   0.2711  -0.2260
  1.4715   0.2713  -0.2234
  1.4731   0.2715  -0.2207
  1.4746   0.2717  -0.2179
  1.4762   0.2720  -0.2149
  1.4778   0.2722  -0.2119
  1.4793   0.2725  -0.2087
  1.4793   0.2725  -0.2087
  1.4809   0.2727  -0.2054
  1.4824   0.2730  -0.2021
  1.4840   0.2732  -0.1988
  1.4855   0.2735  -0.1954
  1.4871   0.2737  -0.1921
  1.4886   0.2739  -0.1887
  1.4902   0.2741  -0.1853
  1.4917   0.2743  -0.1818
  1.4933   0.2745  -0.1784
  1.4948   0.2747  -0.1749
  1.4963   0.2749  -0.1714
  1.4979   0.2751  -0.1679
  1.4994   0.2752  -0.1644
  1.5009   0.2754  -0.1609
  1.5025   0.2755  -0.1573
  1.5040   0.2757  -0.1537
  1.5055   0.2758  -0.1501
  1.5070   0.2759  -0.1465
  1.5086   0.2760  -0.1428
  1.5101   0.2761  -0.1392
  1.5116   0.2762  -0.1355
  1.5131   0.2763  -0.1318
  1.5147   0.2764  -0.1282
  1.5162   0.2765  -0.1245
  1.5177   0.2765  -0.1207
  1.5192   0.2766  -0.1170
  1.5207   0.2766  -0.1133
  1.5223   0.2767  -0.1096
  1.5238   0.2767  -0.1058
  1.5253   0.2767  -0.1021
  1.5268   0.2767  -0.0983
  1.5283   0.2767  -0.0945
  1.5298   0.2767  -0.0908
  1.5314   0.2766  -0.0870
  1.5329   0.2766  -0.0832
  1.5344   0.2766  -0.0794
  1.5359   0.2765  -0.0756
  1.5374   0.2765  -0.0718
  1.5389   0.2764  -0.0681
  1.5404   0.2763  -0.0643
  1.5420   0.2762  -0.0605
  1.5435   0.2761  -0.0567
  1.5450   0.2760  -0.0529
  1.5465   0.2759  -0.0491
  1.5480   0.2757  -0.0453
  1.5495   0.2756  -0.0416
  1.5511   0.2754  -0.0378
  1.5526   0.2753  -0.0340
  1.5541   0.2751  -0.0303
  1.5556   0.2749  -0.0265
  1.5571   0.2747  -0.0227
  1.5586   0.2745  -0.0190
  1.5602   0.2743  -0.0153
  1.5617   0.2741  -0.0115
  1.5632   0.2739  -0.0078
  1.5647   0.2736  -0.0041
  1.5662   0.2734  -0.0004
  1.5678   0.2731   0.0033
  1.5693   0.2728   0.0070
  1.5708   0.2725   0.0107
  1.5723   0.2722   0.0143
  1.5739   0.2719   0.0180
  1.5754   0.2716   0.0216
  1.5769   0.2713   0.0252
  1.5785   0.2709   0.0288
  1.5800   0.2706   0.0324
  1.5815   0.2702   0.0360
  1.5831   0.2698   0.0395
  1.5846   0.2695   0.0431
  1.5861   0.2691   0.0466
  1.5877   0.2686   0.0501
  1.5892   0.2682   0.0536
  1.5907   0.2678   0.0571
  1.5923   0.2674   0.0605
  1.5923   0.2674   0.0605
  1.5938   0.2669   0.0640
  1.5954   0.2664   0.0673
  1.5969   0.2660   0.0706
  1.5985   0.2656   0.0737
  1.6000   0.2651   0.0766
  1.6015   0.2647   0.0794
  1.6031   0.2643   0.0821
  1.6046   0.2639   0.0847
  1.6061   0.2635   0.0872
  1.6077   0.2632   0.0895
  1.6092   0.2628   0.0917
  1.6107   0.2624   0.0939
  1.6123   0.2621   0.0958
  1.6138   0.2618   0.0977
  1.6153   0.2614   0.0995
  1.6169   0.2611   0.1011
  1.6184   0.2608   0.1026
  1.6199   0.2605   0.1041
  1.6214   0.2602   0.1054
  1.6230   0.2600   0.1066
  1.6245   0.2597   0.1077
  1.6260   0.2595   0.1087
  1.6275   0.2592   0.1096
  1.6291   0.2590   0.1104
  1.6306   0.2588   0.1111
  1.6321   0.2586   0.1117
  1.6336   0.2584   0.1122
  1.6351   0.2582   0.1126
  1.6366   0.2580   0.1129
  1.6381   0.2579   0.1132
  1.6397   0.2577   0.1133
  1.6412   0.2576   0.1133
  1.6427   0.2574   0.1133
  1.6442   0.2573   0.1131
  1.6457   0.2572   0.1129
  1.6472   0.2571   0.1126
  1.6487   0.2571   0.1122
  1.6502   0.2570   0.1117
  1.6517   0.2570   0.1111
  1.6532   0.2569   0.1105
  1.6547   0.2569   0.1098
  1.6562   0.2569   0.1089
  1.6577   0.2569   0.1081
  1.6592   0.2569   0.1071
  1.6607   0.2569   0.1060
  1.6622   0.2569   0.1049
  1.6637   0.2570   0.1037
  1.6652   0.2571   0.1025
  1.6667   0.2571   0.1011
  1.6682   0.2572   0.0997
  1.6697   0.2573   0.0983
  1.6711   0.2574   0.0967
  1.6726   0.2576   0.0951
  1.6741   0.2577   0.0934
  1.6756   0.2578   0.0917
  1.6771   0.2580   0.0899
  1.6786   0.2582   0.0880
  1.6801   0.2584   0.0861
  1.6815   0.2586   0.0841
  1.6830   0.2588   0.0821
  1.6845   0.2591   0.0800
  1.6860   0.2593   0.0778
  1.6875   0.2596   0.0756
  1.6890   0.2598   0.0733
  1.6904   0.2601   0.0710
  1.6919   0.2604   0.0686
  1.6934   0.2608   0.0661
  1.6949   0.2611   0.0637
  1.6964   0.2614   0.0611
  1.6979   0.2618   0.0585
  1.6993   0.2622   0.0559
  1.7008   0.2626   0.0532
  1.7023   0.2630   0.0505
  1.7038   0.2634   0.0477
  1.7053   0.2638   0.0449
  1.7068   0.2642   0.0420
  1.7082   0.2647   0.0391
  1.7097   0.2652   0.0362
  1.7112   0.2657   0.0332
  1.7112   0.2657   0.0332
  1.7127   0.2662   0.0301
  1.7142   0.2667   0.0272
  1.7156   0.2671   0.0243
  1.7171   0.2676   0.0214
  1.7186   0.2681   0.0186
  1.7200   0.2685   0.0159
  1.7215   0.2690   0.0132
  1.7230   0.2694   0.0105
  1.7244   0.2698   0.0079
  1.7259   0.2702   0.0053
  1.7273   0.2707   0.0027
  1.7288   0.2711   0.0001
  1.7302   0.2715  -0.0024
  1.7317   0.2718  -0.0049
  1.7331   0.2722  -0.0074
  1.7346   0.2726  -0.0099
  1.7360   0.2729  -0.0124
  1.7374   0.2733  -0.0148
  1.7389   0.2736  -0.0172
  1.7403   0.2740  -0.0197
  1.7418   0.2743  -0.0221
  1.7432   0.2746  -0.0244
  1.7446   0.2749  -0.0268
  1.7461   0.2752  -0.0292
  1.7475   0.2755  -0.0316
  1.7489   0.2758  -0.0339
  1.7504   0.2761  -0.0363
  1.7518   0.2763  -0.0386
  1.7532   0.2766  -0.0410
  1.7546   0.2768  -0.0433
  1.7561   0.2770  -0.0457
  1.7575   0.2773  -0.0480
  1.7589   0.2775  -0.0503
  1.7603   0.2777  -0.0527
  1.7618   0.2779  -0.0550
  1.7632   0.2781  -0.0573
  1.7646   0.2782  -0.0597
  1.7660   0.2784  -0.0620
  1.7675   0.2785  -0.0644
  1.7689   0.2787  -0.0667
  1.7703   0.2788  -0.0691
  1.7717   0.2789  -0.0714
  1.7731   0.2790  -0.0738
  1.7746   0.2791  -0.0761
  1.7760   0.2792  -0.0785
  1.7774   0.2793  -0.0809
  1.7788   0.2794  -0.0833
  1.7802   0.2794  -0.0857
  1.7817   0.2795  -0.0881
  1.7831   0.2795  -0.0905
  1.7845   0.2796  -0.0929
  1.7859   0.2796  -0.0953
  1.7873   0.2796  -0.0978
  1.7888   0.2796  -0.1002
  1.7902   0.2796  -0.1027
  1.7916   0.2795  -0.1052
  1.7930   0.2795  -0.1077
  1.7944   0.2795  -0.1101
  1.7959   0.2794  -0.1127
  1.7973   0.2793  -0.1152
  1.7987   0.2792  -0.1177
  1.8001   0.2792  -0.1203
  1.8016   0.2791  -0.1228
  1.8030   0.2789  -0.1254
  1.8044   0.2788  -0.1280
  1.8059   0.2787  -0.1306
  1.8073   0.2785  -0.1332
  1.8087   0.2784  -0.1359
  1.8102   0.2782  -0.1385
  1.8116   0.2780  -0.1412
  1.8130   0.2779  -0.1439
  1.8145   0.2777  -0.1466
  1.8159   0.2775  -0.1493
  1.8174   0.2772  -0.1521
  1.8188   0.2770  -0.1549
  1.8203   0.2768  -0.1577
  1.8217   0.2765  -0.1606
  1.8232   0.2762  -0.1635
  1.8232   0.2762  -0.1635
  1.8246   0.2759  -0.1665
  1.8261   0.2757  -0.1695
  1.8275   0.2754  -0.1724
  1.8290   0.2751  -0.1753
  1.8305   0.2749  -0.1781
  1.8319   0.2746  -0.1809
  1.8334   0.2744  -0.1836
  1.8348   0.2741  -0.1862
  1.8363   0.2739  -0.1888
  1.8378   0.2737  -0.1914
  1.8392   0.2735  -0.1939
  1.8407   0.2733  -0.1963
  1.8421   0.2731  -0.1987
  1.8436   0.2729  -0.2010
  1.8451   0.2727  -0.2033
  1.8465   0.2725  -0.2055
  1.8480   0.2724  -0.2076
  1.8495   0.2722  -0.2097
  1.8509   0.2720  -0.2118
  1.8524   0.2719  -0.2137
  1.8539   0.2718  -0.2156
  1.8553   0.2716  -0.2175
  1.8568   0.2715  -0.2192
  1.8583   0.2714  -0.2210
  1.8598   0.2713  -0.2226
  1.8612   0.2712  -0.2242
  1.8627   0.2711  -0.2257
  1.8642   0.2710  -0.2271
  1.8657   0.2709  -0.2285
  1.8671   0.2708  -0.2298
  1.8686   0.2708  -0.2311
  1.8701   0.2707  -0.2323
  1.8716   0.2706  -0.2334
  1.8731   0.2706  -0.2344
  1.8746   0.2706  -0.2353
  1.8760   0.2705  -0.2362
  1.8775   0.2705  -0.2370
  1.8790   0.2705  -0.2378
  1.8805   0.2705  -0.2384
  1.8820   0.2705  -0.2390
  1.8835   0.2705  -0.2395
  1.8850   0.2705  -0.2399
  1.8865   0.2705  -0.2403
  1.8880   0.2705  -0.2405
  1.8895   0.2706  -0.2407
  1.8910   0.2706  -0.2408
  1.8925   0.2706  -0.2408
  1.8940   0.2707  -0.2407
  1.8955   0.2708  -0.2406
  1.8970   0.2708  -0.2404
  1.8985   0.2709  -0.2400
  1.9000   0.2710  -0.2396
  1.9015   0.2711  -0.2391
  1.9030   0.2712  -0.2385
  1.9045   0.2713  -0.2378
  1.9060   0.2714  -0.2371
  1.9076   0.2715  -0.2362
  1.9091   0.2716  -0.2352
  1.9106   0.2717  -0.2342
  1.9121   0.2719  -0.2330
  1.9136   0.2720  -0.2318
  1.9152   0.2722  -0.2304
  1.9167   0.2723  -0.2290
  1.9182   0.2725  -0.2275
  1.9198   0.2727  -0.2258
  1.9213   0.2729  -0.2241
  1.9228   0.2730  -0.2222
  1.9244   0.2732  -0.2203
  1.9259   0.2734  -0.2182
  1.9274   0.2736  -0.2161
  1.9290   0.2739  -0.2138
  1.9305   0.2741  -0.2115
  1.9321   0.2743  -0.2090
  1.9336   0.2745  -0.2064
  1.9352   0.2748  -0.2037
  1.9367   0.2750  -0.2009
  1.9383   0.2753  -0.1980
  1.9398   0.2755  -0.1949
  1.9414   0.2758  -0.1918
  1.9414   0.2758  -0.1918
  1.9429   0.2761  -0.1885
  1.9445   0.2764  -0.1853
  1.9461   0.2766  -0.1820
  1.9476   0.2769  -0.1787
  1.9492   0.2771  -0.1754
  1.9507   0.2773  -0.1721
  1.9523   0.2776  -0.1687
  1.9538   0.2778  -0.1653
  1.9553   0.2780  -0.1620
  1.9569   0.2782  -0.1586
  1.9584   0.2784  -0.1551
  1.9600   0.2785  -0.1517
  1.9615   0.2787  -0.1482
  1.9630   0.2789  -0.1448
  1.9646   0.2790  -0.1413
  1.9661   0.2792  -0.1378
  1.9676   0.2793  -0.1342
  1.9692   0.2794  -0.1307
  1.9707   0.2796  -0.1271
  1.9722   0.2797  -0.1236
  1.9737   0.2798  -0.1200
  1.9753   0.2799  -0.1164
  1.9768   0.2800  -0.1127
  1.9783   0.2800  -0.1091
  1.9798   0.2801  -0.1055
  1.9814   0.2802  -0.1018
  1.9829   0.2802  -0.0982
  1.9844   0.2803  -0.0945
  1.9859   0.2803  -0.0908
  1.9874   0.2803  -0.0872
  1.9889   0.2803  -0.0835
  1.9905   0.2803  -0.0798
  1.9920   0.2803  -0.0761
  1.9935   0.2803  -0.0724
  1.9950   0.2803  -0.0686
  1.9965   0.2803  -0.0649
  1.9981   0.2802  -0.0612
  1.9996   0.2802  -0.0575
  2.0011   0.2801  -0.0538
  2.0026   0.2800  -0.0500
  2.0041   0.2800  -0.0463
  2.0056   0.2799  -0.0426
  2.0072   0.2798  -0.0389
  2.0087   0.2796  -0.0351
  2.0102   0.2795  -0.0314
  2.0117   0.2794  -0.0277
  2.0132   0.2793  -0.0240
  2.0147   0.2791  -0.0203
  2.0163   0.2789  -0.0166
  2.0178   0.2788  -0.0129
  2.0193   0.2786  -0.0092
  2.0208   0.2784  -0.0055
  2.0223   0.2782  -0.0018
  2.0239   0.2780   0.0019
  2.0254   0.2778   0.0055
  2.0269   0.2775   0.0092
  2.0284   0.2773   0.0128
  2.0299   0.2770   0.0164
  2.0315   0.2768   0.0201
  2.0330   0.2765   0.0237
  2.0345   0.2762   0.0273
  2.0361   0.2759   0.0309
  2.0376   0.2756   0.0344
  2.0391   0.2753   0.0380
  2.0406   0.2749   0.0415
  2.0422   0.2746   0.0451
  2.0437   0.2742   0.0486
  2.0452   0.2739   0.0521
  2.0468   0.2735   0.0555
  2.0483   0.2731   0.0590
  2.0499   0.2727   0.0624
  2.0514   0.2723   0.0659
  2.0530   0.2719   0.0693
  2.0545   0.2714   0.0726
  2.0560   0.2710   0.0760
  2.0560   0.2710   0.0760
  2.0576   0.2705   0.0794
  2.0591   0.2701   0.0827
  2.0607   0.2696   0.0858
  2.0622   0.2692   0.0888
  2.0638   0.2688   0.0916
  2.0653   0.2683   0.0944
  2.0669   0.2679   0.0970
  2.0684   0.2675   0.0995
  2.0699   0.2672   0.1019
  2.0715   0.2668   0.1041
  2.0730   0.2664   0.1062
  2.0745   0.2661   0.1083
  2.0761   0.2657   0.1101
  2.0776   0.2654   0.1119
  2.0792   0.2650   0.1136
  2.0807   0.2647   0.1152
  2.0822   0.2644   0.1166
  2.0838   0.2641   0.1179
  2.0853   0.2638   0.1192
  2.0868   0.2636   0.1203
  2.0883   0.2633   0.1213
  2.0899   0.2631   0.1222
  2.0914   0.2628   0.1230
  2.0929   0.2626   0.1237
  2.0944   0.2624   0.1244
  2.0960   0.2622   0.1249
  2.0975   0.2620   0.1253
  2.0990   0.2618   0.1256
  2.1005   0.2616   0.1258
  2.1021   0.2614   0.1260
  2.1036   0.2613   0.1260
  2.1051   0.2612   0.1260
  2.1066   0.2610   0.1258
  2.1081   0.2609   0.1256
  2.1096   0.2608   0.1253
  2.1111   0.2607   0.1249
  2.1126   0.2606   0.1244
  2.1142   0.2606   0.1238
  2.1157   0.2605   0.1232
  2.1172   0.2605   0.1224
  2.1187   0.2605   0.1216
  2.1202   0.2604   0.1207
  2.1217   0.2604   0.1198
  2.1232   0.2604   0.1187
  2.1247   0.2605   0.1176
  2.1262   0.2605   0.1164
  2.1277   0.2605   0.1151
  2.1292   0.2606   0.1138
  2.1307   0.2607   0.1124
  2.1322   0.2608   0.1109
  2.1337   0.2609   0.1093
  2.1352   0.2610   0.1077
  2.1367   0.2611   0.1060
  2.1382   0.2612   0.1043
  2.1397   0.2614   0.1024
  2.1412   0.2615   0.1006
  2.1427   0.2617   0.0986
  2.1442   0.2619   0.0966
  2.1456   0.2621   0.0945
  2.1471   0.2623   0.0924
  2.1486   0.2626   0.0902
  2.1501   0.2628   0.0880
  2.1516   0.2631   0.0857
  2.1531   0.2633   0.0833
  2.1546   0.2636   0.0809
  2.1561   0.2639   0.0785
  2.1576   0.2642   0.0760
  2.1591   0.2646   0.0734
  2.1606   0.2649   0.0708
  2.1620   0.2653   0.0681
  2.1635   0.2656   0.0654
  2.1650   0.2660   0.0627
  2.1665   0.2664   0.0598
  2.1680   0.2668   0.0570
  2.1695   0.2672   0.0541
  2.1710   0.2677   0.0512
  2.1725   0.2681   0.0482
  2.1740   0.2686   0.0452
  2.1755   0.2691   0.0421
  2.1755   0.2691   0.0421
  2.1769   0.2696   0.0390
  2.1784   0.2700   0.0360
  2.1799   0.2705   0.0330
  2.1814   0.2710   0.0301
  2.1829   0.2714   0.0272
  2.1843   0.2719   0.0244
  2.1858   0.2723   0.0216
  2.1873   0.2727   0.0189
  2.1887   0.2732   0.0162
  2.1902   0.2736   0.0135
  2.1917   0.2740   0.0109
  2.1931   0.2744   0.0083
  2.1946   0.2748   0.0057
  2.1960   0.2751   0.0031
  2.1975   0.2755   0.0005
  2.1990   0.2759  -0.0020
  2.2004   0.2762  -0.0045
  2.2019   0.2766  -0.0070
  2.2033   0.2769  -0.0095
  2.2048   0.2772  -0.0120
  2.2062   0.2776  -0.0144
  2.2076   0.2779  -0.0169
  2.2091   0.2782  -0.0193
  2.2105   0.2784  -0.0218
  2.2120   0.2787  -0.0242
  2.2134   0.2790  -0.0266
  2.2148   0.2793  -0.0290
  2.2163   0.2795  -0.0314
  2.2177   0.2798  -0.0338
  2.2192   0.2800  -0.0362
  2.2206   0.2802  -0.0386
  2.2220   0.2804  -0.0410
  2.2235   0.2806  -0.0434
  2.2249   0.2808  -0.0458
  2.2263   0.2810  -0.0482
  2.2277   0.2812  -0.0506
  2.2292   0.2814  -0.0530
  2.2306   0.2815  -0.0554
  2.2320   0.2817  -0.0578
  2.2335   0.2818  -0.0602
  2.2349   0.2819  -0.0626
  2.2363   0.2820  -0.0651
  2.2377   0.2821  -0.0675
  2.2392   0.2822  -0.0699
  2.2406   0.2823  -0.0723
  2.2420   0.2824  -0.0748
  2.2435   0.2824  -0.0772
  2.2449   0.2825  -0.0797
  2.2463   0.2825  -0.0822
  2.2477   0.2826  -0.0847
  2.2492   0.2826  -0.0871
  2.2506   0.2826  -0.0896
  2.2520   0.2826  -0.0922
  2.2535   0.2826  -0.0947
  2.2549   0.2826  -0.0972
  2.2563   0.2825  -0.0997
  2.2577   0.2825  -0.1023
  2.2592   0.2824  -0.1049
  2.2606   0.2824  -0.1074
  2.2620   0.2823  -0.1100
  2.2635   0.2822  -0.1126
  2.2649   0.2821  -0.1153
  2.2663   0.2820  -0.1179
  2.2678   0.2819  -0.1205
  2.2692   0.2818  -0.1232
  2.2707   0.2816  -0.1259
  2.2721   0.2815  -0.1286
  2.2735   0.2813  -0.1313
  2.2750   0.2811  -0.1340
  2.2764   0.2809  -0.1368
  2.2779   0.2807  -0.1395
  2.2793   0.2805  -0.1423
  2.2808   0.2803  -0.1451
  2.2822   0.2801  -0.1480
  2.2837   0.2799  -0.1508
  2.2851   0.2796  -0.1537
  2.2866   0.2793  -0.1567
  2.2881   0.2791  -0.1596
  2.2895   0.2788  -0.1626
