  0.0000   0.0000   0.0000   0.0000
  0.0369   0.0654   0.0819  -0.0486
  0.0681   0.1393   0.1571  -0.0812
  0.1004   0.2170   0.2357  -0.1156
  0.1347   0.3013   0.3206  -0.1552
  0.1746   0.3838   0.4134  -0.2038
  0.2130   0.4634   0.5026  -0.2496
  0.2504   0.5408   0.5897  -0.2939
  0.2868   0.6165   0.6745  -0.3366
  0.3224   0.6901   0.7573  -0.3780
  0.3580   0.7607   0.8390  -0.4192
  0.3914   0.8308   0.9175  -0.4575
  0.4239   0.8991   0.9941  -0.4944
  0.4555   0.9656   1.0687  -0.5299
  0.4862   1.0302   1.1414  -0.5642
  0.5170   1.0920   1.2132  -0.5984
  0.5457   1.1532   1.2820  -0.6299
  0.5745   1.2116   1.3499  -0.6613
  0.6014   1.2694   1.4149  -0.6901
  0.6273   1.3255   1.4781  -0.7176
  0.6530   1.3793   1.5401  -0.7446
  0.6743   1.4352   1.5969  -0.7660
  0.6957   1.4884   1.6528  -0.7873
  0.7174   1.5386   1.7081  -0.8089
  0.7387   1.5865   1.7620  -0.8298
  0.7597   1.6321   1.8148  -0.8502
  0.7798   1.6761   1.8659  -0.8694
  0.7984   1.7194   1.9145  -0.8865
  0.8162   1.7611   1.9615  -0.9025
  0.8336   1.8007   2.0072  -0.9178
  0.8502   1.8388   2.0512  -0.9319
  0.8659   1.8755   2.0936  -0.9448
  0.8803   1.9110   2.1338  -0.9559
  0.8940   1.9451   2.1723  -0.9659
  0.9068   1.9777   2.2091  -0.9746
  0.9192   2.0085   2.2446  -0.9826
  0.9308   2.0378   2.2784  -0.9893
  0.9416   2.0657   2.3106  -0.9950
  0.9517   2.0922   2.3412  -0.9994
  0.9607   2.1177   2.3698  -1.0024
  0.9693   2.1414   2.3972  -1.0045
  0.9763   2.1647   2.4221  -1.0045
  0.9810   2.1884   2.4438  -1.0013
  0.9875   2.2080   2.4663  -1.0000
  0.9932   2.2263   2.4871  -0.9975
  0.9983   2.2430   2.5065  -0.9941
  1.0028   2.2584   2.5243  -0.9896
  1.0067   2.2724   2.5405  -0.9839
  1.0100   2.2850   2.5552  -0.9772
  1.0127   2.2962   2.5683  -0.9695
  1.0148   2.3059   2.5799  -0.9607
  1.0164   2.3143   2.5899  -0.9509
  1.0175   2.3213   2.5985  -0.9401
  1.0180   2.3270   2.6055  -0.9282
  1.0180   2.3312   2.6109  -0.9153
  1.0174   2.3341   2.6148  -0.9014
  1.0164   2.3356   2.6172  -0.8864
  1.0148   2.3358   2.6180  -0.8703
  1.0126   2.3348   2.6172  -0.8531
  1.0099   2.3325   2.6148  -0.8349
  1.0067   2.3290   2.6108  -0.8155
  1.0029   2.3242   2.6052  -0.7950
  0.9987   2.3182   2.5980  -0.7734
  0.9939   2.3109   2.5892  -0.7507
  0.9886   2.3024   2.5788  -0.7270
  0.9829   2.2927   2.5669  -0.7022
  0.9770   2.2827   2.5544  -0.6770
  0.9712   2.2732   2.5421  -0.6519
  0.9651   2.2633   2.5291  -0.6264
  0.9589   2.2530   2.5155  -0.6003
  0.9519   2.2446   2.5013  -0.5734
  0.9447   2.2352   2.4863  -0.5460
  0.9375   2.2248   2.4703  -0.5181
  0.9301   2.2135   2.4535  -0.4896
  0.9225   2.2014   2.4358  -0.4607
  0.9146   2.1895   2.4173  -0.4311
  0.9067   2.1761   2.3979  -0.4011
  0.8986   2.1620   2.3776  -0.3706
  0.8904   2.1473   2.3565  -0.3396
  0.8820   2.1319   2.3345  -0.3080
  0.8735   2.1159   2.3117  -0.2760
  0.8649   2.0993   2.2881  -0.2434
  0.8561   2.0821   2.2637  -0.2103
  0.8471   2.0642   2.2384  -0.1768
  0.8381   2.0457   2.2123  -0.1427
  0.8290   2.0263   2.1853  -0.1082
  0.8197   2.0063   2.1575  -0.0732
  0.8104   1.9857   2.1289  -0.0378
  0.8009   1.9643   2.0995  -0.0019
  0.7915   1.9422   2.0692   0.0345
  0.7756   1.9425   2.0414   0.0748
  0.7661   1.9182   2.0094   0.1120
  0.7566   1.8931   1.9766   0.1496
  0.7471   1.8672   1.9429   0.1875
  0.7376   1.8404   1.9085   0.2259
  0.7283   1.8119   1.8730   0.2647
  0.7189   1.7827   1.8367   0.3039
  0.7094   1.7524   1.7993   0.3436
  0.6999   1.7198   1.7600   0.3844
  0.6901   1.6861   1.7194   0.4259
  0.6804   1.6529   1.6789   0.4674
  0.6705   1.6173   1.6362   0.5101
  0.6605   1.5808   1.5926   0.5533
  0.6505   1.5439   1.5483   0.5969
  0.6405   1.5065   1.5033   0.6409
  0.6304   1.4687   1.4577   0.6852
  0.6203   1.4304   1.4113   0.7300
  0.6101   1.3917   1.3643   0.7751
  0.5999   1.3525   1.3167   0.8207
  0.5897   1.3128   1.2684   0.8665
  0.5734   1.2837   1.2158   0.9191
  0.5626   1.2370   1.1613   0.9683
  0.5521   1.1940   1.1094   1.0163
  0.5412   1.1462   1.0535   1.0665
  0.5303   1.0981   0.9970   1.1170
  0.5194   1.0504   0.9404   1.1676
  0.5084   1.0015   0.8825   1.2190
  0.4973   0.9532   0.8246   1.2706
  0.4860   0.9021   0.7640   1.3237
  0.4743   0.8502   0.7020   1.3779
  0.4743   0.8502   0.7020   1.3779
  0.7527  -0.5499   0.7195   1.3535
  1.0424  -1.9514   0.7445   1.3294
  1.3135  -3.2150   0.7680   1.3083
  1.5668  -4.3379   0.7949   1.2855
  1.8011  -5.3365   0.8194   1.2656
  2.0193  -6.2210   0.8448   1.2457
  2.2222  -7.0036   0.8703   1.2265
  2.4114  -7.6944   0.8962   1.2077
  2.5880  -8.3030   0.9225   1.1892
  2.7537  -8.8369   0.9508   1.1696
  2.9095  -9.3040   0.9807   1.1492
  3.0559  -9.7120   1.0113   1.1288
  3.1925 -10.0692   1.0395   1.1109
  3.3203 -10.3806   1.0660   1.0950
  3.4423 -10.6473   1.0966   1.0761
  3.5575 -10.8765   1.1269   1.0579
  3.6647 -11.0750   1.1531   1.0436
  3.7661 -11.2436   1.1792   1.0299
  3.8620 -11.3853   1.2050   1.0168
  3.9528 -11.5030   1.2305   1.0044
  4.0404 -11.5964   1.2598   0.9891
  4.1234 -11.6707   1.2885   0.9748
  4.2020 -11.7279   1.3165   0.9615
  4.2764 -11.7697   1.3438   0.9491
  4.3469 -11.7976   1.3705   0.9377
  4.4135 -11.8130   1.3965   0.9271
  4.4765 -11.8171   1.4220   0.9174
  4.5359 -11.8110   1.4468   0.9086
  4.5919 -11.7956   1.4710   0.9007
  4.6445 -11.7719   1.4946   0.8937
  4.6939 -11.7405   1.5176   0.8875
  4.7401 -11.7023   1.5401   0.8822
  4.7830 -11.6578   1.5619   0.8777
  4.8229 -11.6076   1.5831   0.8740
  4.8597 -11.5522   1.6038   0.8712
  4.8934 -11.4921   1.6239   0.8693
  4.9241 -11.4277   1.6433   0.8682
  4.9517 -11.3593   1.6622   0.8679
  4.9762 -11.2874   1.6805   0.8685
  4.9978 -11.2123   1.6982   0.8699
  5.0163 -11.1342   1.7153   0.8722
  5.0317 -11.0534   1.7317   0.8754
  5.0441 -10.9702   1.7476   0.8794
  5.0534 -10.8847   1.7628   0.8842
  5.0596 -10.7973   1.7774   0.8900
  5.0626 -10.7080   1.7914   0.8966
  5.0626 -10.6170   1.8047   0.9041
  5.0593 -10.5245   1.8174   0.9125
  5.0529 -10.4307   1.8294   0.9218
  5.0432 -10.3356   1.8407   0.9320
  5.0303 -10.2394   1.8513   0.9431
  5.0141 -10.1422   1.8613   0.9551
  4.9947 -10.0441   1.8705   0.9680
  4.9718  -9.9451   1.8790   0.9819
  4.9456  -9.8453   1.8868   0.9968
  4.9160  -9.7448   1.8939   1.0126
  4.8830  -9.6435   1.9002   1.0293
  4.8465  -9.5416   1.9057   1.0471
  4.8065  -9.4389   1.9104   1.0658
  4.7630  -9.3356   1.9144   1.0855
  4.7159  -9.2315   1.9176   1.1062
  4.6652  -9.1267   1.9199   1.1279
  4.6109  -9.0210   1.9214   1.1507
  4.5529  -8.9143   1.9221   1.1745
  4.4913  -8.8066   1.9219   1.1993
  4.4259  -8.6977   1.9208   1.2252
  4.3568  -8.5874   1.9189   1.2521
  4.2839  -8.4756   1.9161   1.2801
  4.2072  -8.3619   1.9123   1.3092
  4.1266  -8.2462   1.9076   1.3394
  4.0422  -8.1281   1.9020   1.3707
  3.9539  -8.0073   1.8955   1.4031
  3.8616  -7.8834   1.8879   1.4367
  3.7655  -7.7559   1.8794   1.4713
  3.6653  -7.6242   1.8699   1.5072
  3.5611  -7.4880   1.8594   1.5441
  3.4529  -7.3464   1.8479   1.5823
  3.3407  -7.1987   1.8353   1.6216
  3.2244  -7.0443   1.8217   1.6621
  3.1040  -6.8821   1.8071   1.7038
  2.9795  -6.7112   1.7914   1.7467
  2.8510  -6.5304   1.7746   1.7908
  2.7183  -6.3385   1.7567   1.8362
  2.5814  -6.1342   1.7378   1.8827
  2.4405  -5.9159   1.7177   1.9306
  2.2954  -5.6819   1.6965   1.9797
  2.1462  -5.4303   1.6743   2.0300
  1.9929  -5.1591   1.6509   2.0816
  1.8355  -4.8659   1.6264   2.1345
  1.6740  -4.5482   1.6008   2.1887
  1.5085  -4.2031   1.5740   2.2441
  1.3389  -3.8275   1.5462   2.3009
  1.1654  -3.4179   1.5173   2.3590
  0.9879  -2.9704   1.4873   2.4184
  0.8065  -2.4808   1.4562   2.4790
  0.6213  -1.9442   1.4241   2.5410
  0.4324  -1.3554   1.3910   2.6043
  0.2400  -0.7090   1.3569   2.6688
  0.0446   0.0009   1.3219   2.7346
  0.0446   0.0009   1.3219   2.7346
  0.0767   0.2626   1.2931   2.7384
  0.1171   0.5182   1.2962   2.7195
  0.1516   0.7345   1.2813   2.7148
  0.1896   0.9361   1.2824   2.6991
  0.2266   1.1154   1.2828   2.6849
  0.2622   1.2750   1.2822   2.6723
  0.2967   1.4174   1.2807   2.6613
  0.3298   1.5445   1.2783   2.6519
  0.3615   1.6574   1.2742   2.6448
  0.3896   1.7531   1.2605   2.6456
  0.4148   1.8350   1.2403   2.6521
  0.4400   1.9103   1.2230   2.6574
  0.4660   1.9824   1.2126   2.6587
  0.4778   2.0167   1.1532   2.6966
  0.5020   2.0771   1.1428   2.7000
  0.5250   2.1319   1.1311   2.7052
  0.5467   2.1818   1.1182   2.7124
  0.5672   2.2273   1.1041   2.7215
  0.5866   2.2689   1.0887   2.7326
  0.6047   2.3072   1.0719   2.7457
  0.6171   2.3326   1.0373   2.7728
  0.6328   2.3647   1.0174   2.7903
  0.6473   2.3939   0.9960   2.8099
  0.6607   2.4205   0.9730   2.8317
  0.6729   2.4447   0.9483   2.8558
  0.6840   2.4669   0.9220   2.8821
  0.6939   2.4873   0.8940   2.9108
  0.7028   2.5061   0.8641   2.9418
  0.7106   2.5234   0.8325   2.9752
  0.7173   2.5394   0.7990   3.0110
  0.7230   2.5542   0.7636   3.0493
  0.7276   2.5679   0.7263   3.0901
  0.7313   2.5806   0.6869   3.1335
  0.7339   2.5924   0.6455   3.1794
  0.7356   2.6033   0.6021   3.2280
  0.7363   2.6134   0.5564   3.2792
  0.7361   2.6227   0.5086   3.3332
  0.7349   2.6311   0.4585   3.3899
  0.7329   2.6389   0.4061   3.4494
  0.7300   2.6460   0.3515   3.5118
  0.7262   2.6522   0.2944   3.5770
  0.7211   2.6565   0.2332   3.6464
  0.7155   2.6607   0.1705   3.7180
  0.7090   2.6639   0.1052   3.7928
  0.7017   2.6662   0.0372   3.8707
  0.6933   2.6667  -0.0348   3.9527
  0.6841   2.6662  -0.1096   4.0380
  0.6741   2.6644  -0.1873   4.1267
  0.6633   2.6613  -0.2680   4.2189
  0.6518   2.6565  -0.3518   4.3146
  0.6314   2.6272  -0.4723   4.4375
  0.6122   2.6013  -0.5880   4.5585
  0.5984   2.5909  -0.6815   4.6654
  0.5840   2.5784  -0.7781   4.7760
  0.5688   2.5634  -0.8783   4.8905
  0.5531   2.5456  -0.9820   5.0092
  0.5367   2.5247  -1.0895   5.1322
  0.5197   2.5004  -1.2007   5.2594
  0.5021   2.4725  -1.3156   5.3909
  0.4839   2.4405  -1.4343   5.5269
  0.4652   2.4041  -1.5571   5.6676
  0.4460   2.3627  -1.6840   5.8131
  0.4262   2.3159  -1.8150   5.9634
  0.4060   2.2632  -1.9504   6.1189
  0.3852   2.2039  -2.0903   6.2795
  0.3640   2.1373  -2.2347   6.4456
  0.3423   2.0626  -2.3841   6.6175
  0.3201   1.9791  -2.5383   6.7952
  0.2977   1.8861  -2.6972   6.9786
  0.2749   1.7827  -2.8610   7.1680
  0.2518   1.6678  -3.0299   7.3638
  0.2285   1.5404  -3.2041   7.5661
  0.2046   1.3983  -3.3850   7.7764
  0.1804   1.2412  -3.5718   7.9939
  0.1561   1.0679  -3.7639   8.2185
  0.0833   0.7224  -4.1802   8.6106
  0.0573   0.5073  -4.3877   8.8547
  0.0309   0.2692  -4.6005   9.1069
  0.0026   0.0026  -4.8220   9.3700
  0.0026   0.0026  -4.8220   9.3700
 -0.3725   0.3546  -4.0379   4.3601
 -0.7361   0.6266  -3.4073   0.5303
 -1.0873   0.8372  -2.9028  -2.3872
 -1.4257   1.0018  -2.4997  -4.6047
 -1.7509   1.1324  -2.1771  -6.2881
 -2.0628   1.2385  -1.9181  -7.5659
 -2.3612   1.3275  -1.7094  -8.5363
 -2.6462   1.4050  -1.5405  -9.2744
 -2.9180   1.4753  -1.4033  -9.8371
 -3.1765   1.5416  -1.2916 -10.2676
 -3.4220   1.6064  -1.2007 -10.5985
 -3.6547   1.6714  -1.1268 -10.8543
 -3.8748   1.7378  -1.0673 -11.0537
 -4.0824   1.8066  -1.0199 -11.2107
 -4.2778   1.8784  -0.9830 -11.3357
 -4.4612   1.9535  -0.9553 -11.4368
 -4.6328   2.0320  -0.9358 -11.5199
 -4.7929   2.1142  -0.9236 -11.5894
 -4.9416   2.1998  -0.9181 -11.6489
 -5.0791   2.2890  -0.9188 -11.7008
 -5.2058   2.3813  -0.9252 -11.7469
 -5.3217   2.4768  -0.9368 -11.7888
 -5.4271   2.5751  -0.9534 -11.8275
 -5.5223   2.6761  -0.9745 -11.8636
 -5.6073   2.7793  -1.0000 -11.8979
 -5.6825   2.8847  -1.0294 -11.9306
 -5.7480   2.9919  -1.0625 -11.9622
 -5.8040   3.1006  -1.0992 -11.9927
 -5.8508   3.2106  -1.1390 -12.0224
 -5.8885   3.3215  -1.1817 -12.0512
 -5.9174   3.4333  -1.2271 -12.0793
 -5.9375   3.5455  -1.2748 -12.1067
 -5.9493   3.6579  -1.3247 -12.1333
 -5.9527   3.7703  -1.3765 -12.1591
 -5.9481   3.8825  -1.4298 -12.1842
 -5.9355   3.9942  -1.4844 -12.2084
 -5.9153   4.1052  -1.5400 -12.2318
 -5.8876   4.2153  -1.5964 -12.2543
 -5.8526   4.3243  -1.6531 -12.2758
 -5.8104   4.4319  -1.7099 -12.2964
 -5.7613   4.5380  -1.7665 -12.3160
 -5.7055   4.6423  -1.8226 -12.3346
 -5.6431   4.7448  -1.8778 -12.3521
 -5.5743   4.8452  -1.9319 -12.3685
 -5.4993   4.9433  -1.9844 -12.3837
 -5.4183   5.0389  -2.0349 -12.3978
 -5.3314   5.1320  -2.0833 -12.4107
 -5.2388   5.2223  -2.1290 -12.4223
 -5.1408   5.3096  -2.1718 -12.4326
 -5.0374   5.3938  -2.2112 -12.4415
 -4.9288   5.4746  -2.2468 -12.4489
 -4.8152   5.5520  -2.2783 -12.4548
 -4.6967   5.6255  -2.3052 -12.4588
 -4.5735   5.6951  -2.3272 -12.4608
 -4.4458   5.7605  -2.3438 -12.4606
 -4.3137   5.8213  -2.3547 -12.4576
 -4.1773   5.8771  -2.3592 -12.4514
 -4.0367   5.9275  -2.3572 -12.4414
 -3.8921   5.9719  -2.3480 -12.4265
 -3.7436   6.0097  -2.3312 -12.4056
 -3.5912   6.0401  -2.3065 -12.3772
 -3.4351   6.0619  -2.2733 -12.3393
 -3.2753   6.0738  -2.2312 -12.2894
 -3.1119   6.0743  -2.1797 -12.2242
 -2.9448   6.0611  -2.1183 -12.1395
 -2.7740   6.0315  -2.0467 -12.0298
 -2.5995   5.9823  -1.9642 -11.8883
 -2.4209   5.9089  -1.8706 -11.7060
 -2.2383   5.8058  -1.7652 -11.4716
 -2.0511   5.6661  -1.6476 -11.1707
 -1.8589   5.4805  -1.5175 -10.7848
 -1.6610   5.2377  -1.3743 -10.2905
 -1.4566   4.9227  -1.2178  -9.6581
 -1.2446   4.5169  -1.0475  -8.8497
 -1.0234   3.9961  -0.8634  -7.8178
 -0.7911   3.3294  -0.6656  -6.5021
 -0.5452   2.4774  -0.4544  -4.8271
 -0.2827   1.3894  -0.2312  -2.6987
  4.5439  -5.5698  -0.2817  -2.6870
  4.5766  -5.2749  -0.0169  -2.6861
  4.6079  -4.9835   0.2382  -2.6750
  4.6377  -4.6954   0.4840  -2.6584
  4.6658  -4.4103   0.7206  -2.6392
  4.6922  -4.1282   0.9481  -2.6193
  4.7167  -3.8489   1.1669  -2.5995
  4.7393  -3.5723   1.3771  -2.5803
  4.7597  -3.2982   1.5787  -2.5620
  4.7779  -3.0266   1.7721  -2.5447
  4.7938  -2.7573   1.9573  -2.5282
  4.8073  -2.4903   2.1346  -2.5125
  4.8184  -2.2254   2.3039  -2.4976
  4.8268  -1.9625   2.4655  -2.4833
  4.8327  -1.7017   2.6195  -2.4696
  4.8358  -1.4427   2.7661  -2.4565
  4.8362  -1.1856   2.9053  -2.4437
  4.8338  -0.9302   3.0373  -2.4313
  4.8285  -0.6765   3.1622  -2.4192
  4.8203  -0.4244   3.2801  -2.4075
  4.8092  -0.1739   3.3911  -2.3960
  4.7951   0.0751   3.4953  -2.3847
  4.7780   0.3227   3.5929  -2.3736
  4.7579   0.5688   3.6839  -2.3626
  4.7349   0.8137   3.7685  -2.3519
  4.7088   1.0572   3.8466  -2.3412
  4.6797   1.2995   3.9185  -2.3307
  4.6475   1.5406   3.9841  -2.3203
  4.6124   1.7805   4.0436  -2.3099
  4.5743   2.0194   4.0971  -2.2996
  4.5332   2.2571   4.1446  -2.2894
  4.4892   2.4939   4.1862  -2.2791
  4.4422   2.7297   4.2219  -2.2688
  4.3923   2.9645   4.2519  -2.2585
  4.3396   3.1985   4.2761  -2.2482
  4.2840   3.4316   4.2947  -2.2377
  4.2256   3.6640   4.3076  -2.2272
  4.1645   3.8956   4.3151  -2.2164
  4.1006   4.1265   4.3170  -2.2055
  4.0341   4.3567   4.3134  -2.1944
  3.9649   4.5863   4.3045  -2.1830
  3.8931   4.8154   4.2902  -2.1714
  3.8188   5.0440   4.2705  -2.1593
  3.7420   5.2722   4.2455  -2.1469
  3.6628   5.5000   4.2153  -2.1340
  3.5811   5.7274   4.1798  -2.1206
  3.4971   5.9546   4.1391  -2.1066
  3.4107   6.1816   4.0932  -2.0919
  3.3221   6.4085   4.0422  -2.0765
  3.2313   6.6354   3.9860  -2.0603
  3.1383   6.8622   3.9247  -2.0432
  3.0431   7.0892   3.8584  -2.0251
  2.9459   7.3164   3.7869  -2.0057
  2.8465   7.5438   3.7104  -1.9852
  2.7451   7.7716   3.6288  -1.9632
  2.6417   7.9999   3.5422  -1.9396
  2.5364   8.2287   3.4506  -1.9143
  2.4290   8.4582   3.3539  -1.8870
  2.3197   8.6885   3.2523  -1.8576
  2.2085   8.9196   3.1457  -1.8257
  2.0954   9.1518   3.0341  -1.7912
  1.9803   9.3851   2.9176  -1.7537
  1.8633   9.6198   2.7961  -1.7128
  1.7445   9.8558   2.6697  -1.6684
  1.6237  10.0935   2.5383  -1.6198
  1.5009  10.3328   2.4021  -1.5667
  1.3762  10.5741   2.2610  -1.5086
  1.2495  10.8175   2.1150  -1.4449
  1.1208  11.0632   1.9642  -1.3750
  0.9900  11.3113   1.8086  -1.2983
  0.8571  11.5622   1.6482  -1.2140
  0.7221  11.8160   1.4831  -1.1214
  0.5848  12.0729   1.3132  -1.0197
  0.4451  12.3333   1.1387  -0.9079
  0.3031  12.5974   0.9596  -0.7854
  0.1585  12.8655   0.7759  -0.6513
  0.0114  13.1378   0.5878  -0.5053
 -0.1385  13.4149   0.3951  -0.3472
 -0.2913  13.6970   0.1981  -0.1779
 -0.4470  13.9844  -0.0033   0.0003
 -0.4470  13.9844  -0.0033   0.0003
  0.2226   8.0157  -0.6958   0.6098
  0.7666   3.3036  -1.3453   1.1464
  1.1980  -0.3849  -1.9550   1.6153
  1.5332  -3.2545  -2.5276   2.0265
  1.7889  -5.4771  -3.0654   2.3907
  1.9799  -7.1931  -3.5703   2.7179
  2.1191  -8.5147  -4.0442   3.0169
  2.2170  -9.5306  -4.4883   3.2949
  2.2821 -10.3103  -4.9041   3.5577
  2.3212 -10.9075  -5.2925   3.8097
  2.3396 -11.3642  -5.6548   4.0548
  2.3414 -11.7126  -5.9917   4.2954
  2.3300 -11.9775  -6.3042   4.5337
  2.3076 -12.1780  -6.5931   4.7713
  2.2764 -12.3289  -6.8592   5.0092
  2.2379 -12.4415  -7.1032   5.2481
  2.1931 -12.5244  -7.3258   5.4887
  2.1431 -12.5844  -7.5277   5.7312
  2.0885 -12.6265  -7.7097   5.9758
  2.0300 -12.6547  -7.8723   6.2226
  1.9680 -12.6720  -8.0162   6.4715
  1.9029 -12.6807  -8.1420   6.7225
  1.8350 -12.6825  -8.2504   6.9753
  1.7647 -12.6789  -8.3419   7.2298
  1.6921 -12.6709  -8.4171   7.4858
  1.6174 -12.6593  -8.4767   7.7431
  1.5409 -12.6445  -8.5212   8.0014
  1.4627 -12.6272  -8.5512   8.2605
  1.3830 -12.6076  -8.5673   8.5201
  1.3020 -12.5860  -8.5700   8.7800
  1.2198 -12.5626  -8.5598   9.0400
  1.1365 -12.5374  -8.5375   9.2997
  1.0524 -12.5106  -8.5034   9.5590
  0.9675 -12.4822  -8.4581   9.8177
  0.8821 -12.4524  -8.4021  10.0754
  0.7963 -12.4210  -8.3360  10.3319
  0.7103 -12.3881  -8.2603  10.5871
  0.6241 -12.3538  -8.1755  10.8407
  0.5381 -12.3179  -8.0821  11.0925
  0.4524 -12.2806  -7.9806  11.3422
  0.3672 -12.2417  -7.8714  11.5897
  0.2826 -12.2012  -7.7551  11.8347
  0.1988 -12.1592  -7.6322  12.0771
  0.1161 -12.1156  -7.5030  12.3165
  0.0346 -12.0703  -7.3681  12.5529
 -0.0454 -12.0234  -7.2278  12.7861
 -0.1237 -11.9748  -7.0827  13.0156
 -0.2002 -11.9243  -6.9332  13.2414
 -0.2746 -11.8721  -6.7796  13.4633
 -0.3466 -11.8179  -6.6224  13.6808
 -0.4161 -11.7616  -6.4620  13.8937
 -0.4827 -11.7032  -6.2988  14.1018
 -0.5463 -11.6423  -6.1330  14.3044
 -0.6065 -11.5789  -5.9651  14.5013
 -0.6632 -11.5126  -5.7954  14.6919
 -0.7160 -11.4429  -5.6243  14.8754
 -0.7647 -11.3695  -5.4519  15.0510
 -0.8090 -11.2916  -5.2785  15.2177
 -0.8485 -11.2085  -5.1044  15.3741
 -0.8831 -11.1191  -4.9297  15.5186
 -0.9124 -11.0221  -4.7545  15.6490
 -0.9360 -10.9158  -4.5788  15.7627
 -0.9537 -10.7980  -4.4026  15.8562
 -0.9651 -10.6661  -4.2257  15.9250
 -0.9697 -10.5166  -4.0476  15.9634
 -0.9673 -10.3451  -3.8679  15.9640
 -0.9573 -10.1460  -3.6857  15.9174
 -0.9393  -9.9125  -3.4999  15.8113
 -0.9128  -9.6357  -3.3087  15.6296
 -0.8772  -9.3045  -3.1100  15.3520
 -0.8317  -8.9050  -2.9008  14.9518
 -0.7758  -8.4195  -2.6772  14.3942
 -0.7084  -7.8264  -2.4338  13.6346
 -0.6285  -7.0984  -2.1639  12.6147
 -0.5351  -6.2021  -1.8585  11.2586
 -0.4269  -5.0966  -1.5061   9.4680
 -0.3023  -3.7333  -1.0920   7.1145
 -0.1600  -2.0555  -0.5978   4.0312
  0.0015  -0.0003  -0.0003   0.0001
  0.0265   0.0206  12.6764 -10.3036
  0.0276   0.3090  12.5647 -10.0793
  0.0293   0.5717  12.4533  -9.8573
  0.0315   0.8103  12.3423  -9.6372
  0.0341   1.0263  12.2314  -9.4190
  0.0370   1.2215  12.1207  -9.2026
  0.0401   1.3972  12.0099  -8.9878
  0.0435   1.5552  11.8990  -8.7745
  0.0470   1.6968  11.7879  -8.5625
  0.0507   1.8235  11.6764  -8.3518
  0.0545   1.9365  11.5645  -8.1422
  0.0583   2.0369  11.4521  -7.9338
  0.0622   2.1261  11.3391  -7.7262
  0.0661   2.2048  11.2253  -7.5196
  0.0700   2.2742  11.1107  -7.3137
  0.0739   2.3350  10.9952  -7.1086
  0.0778   2.3881  10.8787  -6.9041
  0.0816   2.4342  10.7611  -6.7001
  0.0854   2.4739  10.6422  -6.4967
  0.0891   2.5079  10.5220  -6.2937
  0.0927   2.5366  10.4005  -6.0910
  0.0962   2.5607  10.2774  -5.8886
  0.0997   2.5804  10.1528  -5.6865
  0.1030   2.5963  10.0265  -5.4846
  0.1062   2.6087   9.8985  -5.2828
  0.1092   2.6180   9.7686  -5.0811
  0.1122   2.6243   9.6368  -4.8795
  0.1150   2.6281   9.5029  -4.6779
  0.1176   2.6296   9.3670  -4.4762
  0.1201   2.6289   9.2289  -4.2745
  0.1224   2.6263   9.0886  -4.0727
  0.1245   2.6219   8.9459  -3.8707
  0.1265   2.6159   8.8008  -3.6685
  0.1283   2.6084   8.6533  -3.4661
  0.1299   2.5996   8.5032  -3.2635
  0.1313   2.5896   8.3505  -3.0606
  0.1325   2.5784   8.1952  -2.8574
  0.1335   2.5662   8.0371  -2.6539
  0.1343   2.5529   7.8763  -2.4501
  0.1348   2.5387   7.7127  -2.2458
  0.1352   2.5236   7.5461  -2.0412
  0.1353   2.5076   7.3766  -1.8362
  0.1353   2.4908   7.2042  -1.6307
  0.1349   2.4731   7.0287  -1.4247
  0.1344   2.4546   6.8502  -1.2183
  0.1336   2.4352   6.6687  -1.0114
  0.1326   2.4150   6.4840  -0.8039
  0.1314   2.3939   6.2962  -0.5959
  0.1299   2.3718   6.1052  -0.3874
  0.1282   2.3488   5.9110  -0.1782
  0.1262   2.3247   5.7137   0.0316
  0.1240   2.2994   5.5131   0.2420
  0.1216   2.2730   5.3094   0.4530
  0.1189   2.2452   5.1024   0.6648
  0.1160   2.2159   4.8923   0.8772
  0.1129   2.1851   4.6789   1.0904
  0.1095   2.1525   4.4623   1.3044
  0.1059   2.1180   4.2425   1.5191
  0.1021   2.0813   4.0195   1.7347
  0.0980   2.0423   3.7933   1.9511
  0.0938   2.0007   3.5640   2.1685
  0.0894   1.9562   3.3316   2.3868
  0.0847   1.9085   3.0960   2.6060
  0.0799   1.8572   2.8573   2.8263
  0.0749   1.8019   2.6155   3.0477
  0.0698   1.7423   2.3707   3.2702
  0.0646   1.6777   2.1228   3.4939
  0.0592   1.6076   1.8720   3.7188
  0.0538   1.5314   1.6181   3.9450
  0.0483   1.4484   1.3613   4.1726
  0.0428   1.3577   1.1016   4.4016
  0.0372   1.2585   0.8390   4.6321
  0.0317   1.1498   0.5734   4.8642
  0.0264   1.0304   0.3051   5.0980
  0.0211   0.8990   0.0338   5.3336
  0.0160   0.7540  -0.2403   5.5710
  0.0112   0.5938  -0.5172   5.8103
  0.0067   0.4164  -0.7969   6.0517
  0.0027   0.2194  -1.0794   6.2953
 -0.0009   0.0004  -1.3648   6.5412
 -0.0009   0.0004  -1.3648   6.5412
 -0.2241   1.0547  -1.4672   3.7064
 -0.4398   1.8888  -1.6025   1.4576
 -0.6489   2.5478  -1.7648  -0.3249
 -0.8518   3.0684  -1.9482  -1.7371
 -1.0488   3.4793  -2.1472  -2.8553
 -1.2400   3.8037  -2.3572  -3.7404
 -1.4257   4.0596  -2.5742  -4.4409
 -1.6059   4.2614  -2.7950  -4.9950
 -1.7806   4.4205  -3.0169  -5.4331
 -1.9500   4.5457  -3.2378  -5.7793
 -2.1142   4.6442  -3.4558  -6.0525
 -2.2730   4.7214  -3.6697  -6.2680
 -2.4267   4.7818  -3.8784  -6.4376
 -2.5753   4.8289  -4.0811  -6.5707
 -2.7186   4.8653  -4.2771  -6.6749
 -2.8569   4.8932  -4.4660  -6.7560
 -2.9902   4.9144  -4.6473  -6.8187
 -3.1184   4.9301  -4.8208  -6.8667
 -3.2415   4.9416  -4.9863  -6.9031
 -3.3597   4.9495  -5.1436  -6.9301
 -3.4728   4.9546  -5.2927  -6.9496
 -3.5810   4.9574  -5.4335  -6.9631
 -3.6842   4.9584  -5.5659  -6.9717
 -3.7824   4.9579  -5.6900  -6.9765
 -3.8757   4.9562  -5.8057  -6.9781
 -3.9640   4.9536  -5.9131  -6.9772
 -4.0474   4.9501  -6.0121  -6.9742
 -4.1258   4.9460  -6.1029  -6.9695
 -4.1992   4.9414  -6.1855  -6.9634
 -4.2676   4.9364  -6.2598  -6.9562
 -4.3310   4.9311  -6.3260  -6.9481
 -4.3894   4.9255  -6.3841  -6.9392
 -4.4428   4.9198  -6.4340  -6.9297
 -4.4911   4.9140  -6.4760  -6.9196
 -4.5344   4.9082  -6.5099  -6.9090
 -4.5725   4.9023  -6.5359  -6.8980
 -4.6055   4.8965  -6.5539  -6.8866
 -4.6333   4.8908  -6.5640  -6.8750
 -4.6559   4.8852  -6.5663  -6.8630
 -4.6733   4.8798  -6.5607  -6.8508
 -4.6854   4.8746  -6.5473  -6.8383
 -4.6922   4.8696  -6.5260  -6.8255
 -4.6935   4.8648  -6.4969  -6.8125
 -4.6895   4.8603  -6.4601  -6.7992
 -4.6799   4.8560  -6.4154  -6.7856
 -4.6648   4.8521  -6.3629  -6.7717
 -4.6441   4.8485  -6.3026  -6.7574
 -4.6177   4.8451  -6.2345  -6.7428
 -4.5856   4.8421  -6.1585  -6.7277
 -4.5476   4.8393  -6.0747  -6.7122
 -4.5037   4.8367  -5.9830  -6.6960
 -4.4538   4.8344  -5.8834  -6.6791
 -4.3979   4.8321  -5.7758  -6.6614
 -4.3357   4.8298  -5.6602  -6.6426
 -4.2672   4.8274  -5.5365  -6.6226
 -4.1923   4.8247  -5.4048  -6.6011
 -4.1109   4.8214  -5.2648  -6.5778
 -4.0228   4.8173  -5.1166  -6.5521
 -3.9279   4.8119  -4.9602  -6.5237
 -3.8261   4.8046  -4.7953  -6.4916
 -3.7170   4.7950  -4.6220  -6.4552
 -3.6007   4.7820  -4.4402  -6.4134
 -3.4767   4.7646  -4.2497  -6.3646
 -3.3450   4.7415  -4.0506  -6.3073
 -3.2051   4.7108  -3.8426  -6.2391
 -3.0568   4.6703  -3.6258  -6.1575
 -2.8996   4.6172  -3.4000  -6.0589
 -2.7331   4.5479  -3.1652  -5.9390
 -2.5568   4.4577  -2.9213  -5.7922
 -2.3699   4.3409  -2.6683  -5.6118
 -2.1717   4.1902  -2.4061  -5.3890
 -1.9612   3.9962  -2.1348  -5.1130
 -1.7371   3.7473  -1.8544  -4.7703
 -1.4981   3.4289  -1.5651  -4.3436
 -1.2422   3.0228  -1.2670  -3.8119
 -0.9675   2.5066  -0.9607  -3.1485
 -0.6711   1.8529  -0.6465  -2.3205
 -0.3502   1.0293  -0.3255  -1.2876
 -0.0015   0.0002   0.0012  -0.0002
  5.5595  -6.0386  -0.0389   0.0104
  5.5584  -5.7359   0.2193  -0.5570
  5.5558  -5.4370   0.4682  -1.0585
  5.5517  -5.1417   0.7082  -1.5002
  5.5459  -4.8499   0.9392  -1.8877
  5.5384  -4.5614   1.1616  -2.2263
  5.5291  -4.2760   1.3754  -2.5206
  5.5179  -3.9936   1.5809  -2.7748
  5.5048  -3.7142   1.7783  -2.9927
  5.4896  -3.4374   1.9677  -3.1779
  5.4723  -3.1634   2.1492  -3.3335
  5.4529  -2.8918   2.3231  -3.4624
  5.4313  -2.6227   2.4895  -3.5672
  5.4074  -2.3560   2.6485  -3.6502
  5.3812  -2.0915   2.8002  -3.7137
  5.3528  -1.8292   2.9449  -3.7595
  5.3219  -1.5690   3.0826  -3.7894
  5.2887  -1.3109   3.2133  -3.8051
  5.2531  -1.0547   3.3373  -3.8079
  5.2150  -0.8004   3.4546  -3.7993
  5.1745  -0.5479   3.5652  -3.7804
  5.1316  -0.2972   3.6693  -3.7522
  5.0862  -0.0482   3.7670  -3.7158
  5.0383   0.1992   3.8583  -3.6721
  4.9880   0.4449   3.9432  -3.6219
  4.9353   0.6891   4.0220  -3.5660
  4.8801   0.9319   4.0945  -3.5049
  4.8226   1.1731   4.1609  -3.4393
  4.7626   1.4130   4.2211  -3.3698
  4.7002   1.6515   4.2754  -3.2968
  4.6355   1.8887   4.3237  -3.2208
  4.5685   2.1247   4.3660  -3.1423
  4.4992   2.3595   4.4024  -3.0616
  4.4276   2.5931   4.4329  -2.9790
  4.3538   2.8257   4.4576  -2.8949
  4.2778   3.0571   4.4766  -2.8096
  4.1996   3.2876   4.4898  -2.7232
  4.1194   3.5171   4.4972  -2.6362
  4.0370   3.7458   4.4990  -2.5485
  3.9527   3.9735   4.4951  -2.4606
  3.8663   4.2006   4.4856  -2.3725
  3.7780   4.4268   4.4705  -2.2844
  3.6877   4.6524   4.4498  -2.1965
  3.5956   4.8775   4.4236  -2.1089
  3.5017   5.1019   4.3919  -2.0218
  3.4060   5.3259   4.3547  -1.9352
  3.3085   5.5495   4.3120  -1.8493
  3.2093   5.7728   4.2639  -1.7642
  3.1085   5.9958   4.2104  -1.6800
  3.0060   6.2186   4.1515  -1.5969
  2.9019   6.4413   4.0872  -1.5148
  2.7962   6.6640   4.0176  -1.4338
  2.6890   6.8868   3.9427  -1.3542
  2.5803   7.1097   3.8625  -1.2759
  2.4700   7.3329   3.7770  -1.1990
  2.3583   7.5564   3.6862  -1.1236
  2.2452   7.7804   3.5903  -1.0497
  2.1306   8.0050   3.4891  -0.9776
  2.0145   8.2302   3.3827  -0.9071
  1.8971   8.4563   3.2712  -0.8385
  1.7782   8.6833   3.1546  -0.7718
  1.6579   8.9113   3.0328  -0.7070
  1.5362   9.1406   2.9060  -0.6443
  1.4130   9.3711   2.7741  -0.5837
  1.2883   9.6032   2.6372  -0.5254
  1.1622   9.8369   2.4952  -0.4694
  1.0346  10.0724   2.3483  -0.4158
  0.9054  10.3100   2.1964  -0.3647
  0.7747  10.5497   2.0396  -0.3163
  0.6424  10.7917   1.8778  -0.2707
  0.5083  11.0364   1.7112  -0.2279
  0.3726  11.2839   1.5398  -0.1882
  0.2350  11.5344   1.3635  -0.1517
  0.0956  11.7882   1.1824  -0.1184
 -0.0459  12.0455   0.9966  -0.0887
 -0.1893  12.3067   0.8060  -0.0627
 -0.3350  12.5720   0.6108  -0.0405
 -0.4829  12.8417   0.4109  -0.0225
 -0.6332  13.1162   0.2063  -0.0088
 -0.7861  13.3959  -0.0028   0.0003
 -0.7861  13.3959  -0.0028   0.0003
  0.0813  13.5461  -0.3275   0.7114
  0.9502  12.7227  -0.6525   1.3037
  1.7948  11.2624  -0.9745   1.8012
  2.5990   9.3930  -1.2912   2.2230
  3.3519   7.2699  -1.6011   2.5848
  4.0466   4.9982  -1.9032   2.8988
  4.6787   2.6486  -2.1968   3.1751
  5.2453   0.2679  -2.4816   3.4217
  5.7452  -2.1141  -2.7574   3.6449
  6.1780  -4.4792  -3.0242   3.8499
  6.5435  -6.8167  -3.2819   4.0407
  6.8424  -9.1205  -3.5306   4.2208
  7.0749 -11.3856  -3.7703   4.3926
  7.2412 -13.6061  -4.0011   4.5583
  7.3410 -15.7721  -4.2230   4.7196
  7.3737 -17.8683  -4.4358   4.8778
  7.3379 -19.8721  -4.6395   5.0340
  7.2323 -21.7555  -4.8338   5.1889
  7.0540 -23.4654  -5.0181   5.3434
  6.8004 -24.9392  -5.1918   5.4979
  6.4712 -26.1100  -5.3541   5.6527
  6.0698 -26.9255  -5.5043   5.8082
  5.6061 -27.3753  -5.6418   5.9643
  5.0946 -27.5006  -5.7671   6.1213
  4.5506 -27.3697  -5.8806   6.2792
  3.9873 -27.0505  -5.9830   6.4381
  3.4144 -26.5970  -6.0750   6.5982
  2.8393 -26.0481  -6.1570   6.7594
  2.2672 -25.4324  -6.2296   6.9218
  1.7023 -24.7716  -6.2930   7.0854
  1.1477 -24.0824  -6.3478   7.2502
  0.6061 -23.3780  -6.3942   7.4163
  0.0792 -22.6681  -6.4325   7.5836
 -0.4313 -21.9601  -6.4631   7.7521
 -0.9243 -21.2588  -6.4860   7.9219
 -1.3990 -20.5675  -6.5017   8.0930
 -1.8546 -19.8879  -6.5102   8.2653
 -2.2907 -19.2208  -6.5117   8.4390
 -2.7068 -18.5664  -6.5065   8.6140
 -3.1025 -17.9244  -6.4946   8.7903
 -3.4774 -17.2941  -6.4762   8.9680
 -3.8313 -16.6750  -6.4514   9.1470
 -4.1639 -16.0660  -6.4204   9.3274
 -4.4748 -15.4664  -6.3832   9.5092
 -4.7638 -14.8753  -6.3400   9.6924
 -5.0307 -14.2920  -6.2908   9.8769
 -5.2751 -13.7159  -6.2358  10.0628
 -5.4967 -13.1463  -6.1749  10.2500
 -5.6955 -12.5827  -6.1083  10.4384
 -5.8710 -12.0248  -6.0361  10.6279
 -6.0231 -11.4722  -5.9583  10.8184
 -6.1515 -10.9247  -5.8749  11.0097
 -6.2560 -10.3822  -5.7859  11.2016
 -6.3364  -9.8446  -5.6914  11.3937
 -6.3925  -9.3118  -5.5914  11.5855
 -6.4241  -8.7840  -5.4859  11.7766
 -6.4310  -8.2613  -5.3748  11.9660
 -6.4131  -7.7439  -5.2581  12.1529
 -6.3701  -7.2321  -5.1357  12.3359
 -6.3020  -6.7262  -5.0074  12.5133
 -6.2085  -6.2267  -4.8732  12.6831
 -6.0895  -5.7342  -4.7326  12.8424
 -5.9449  -5.2493  -4.5856  12.9877
 -5.7745  -4.7727  -4.4316  13.1145
 -5.5782  -4.3053  -4.2700  13.2170
 -5.3559  -3.8483  -4.1003  13.2880
 -5.1075  -3.4029  -3.9215  13.3178
 -4.8327  -2.9707  -3.7325  13.2947
 -4.5315  -2.5535  -3.5316  13.2032
 -4.2036  -2.1534  -3.3169  13.0239
 -3.8488  -1.7732  -3.0858  12.7319
 -3.4670  -1.4159  -2.8352  12.2956
 -3.0578  -1.0854  -2.5607  11.6746
 -2.6208  -0.7862  -2.2570  10.8178
 -2.1557  -0.5239  -1.9174   9.6598
 -1.6617  -0.3051  -1.5333   8.1182
 -1.1383  -0.1381  -1.0945   6.0881
 -0.5844  -0.0325  -0.5881   3.4376
  0.0010  -0.0003   0.0006   0.0004
  0.0012  -0.0000  -0.0021   0.0058
  0.0012   0.0000  -0.0021   0.0058
  0.0012   0.0000  -0.0022   0.0058
  0.0012   0.0000  -0.0022   0.0058
  0.0012   0.0000  -0.0023   0.0059
  0.0012   0.0000  -0.0023   0.0059
  0.0011   0.0000  -0.0024   0.0059
  0.0011   0.0000  -0.0024   0.0059
  0.0476   0.0201  11.9083  -9.3752
 -0.0413  -0.5083  11.8333  -9.1857
 -0.1276  -0.9572  11.7590  -8.9973
 -0.2112  -1.3347  11.6853  -8.8100
 -0.2923  -1.6480  11.6120  -8.6234
 -0.3709  -1.9035  11.5388  -8.4376
 -0.4468  -2.1072  11.4658  -8.2524
 -0.5203  -2.2643  11.3926  -8.0678
 -0.5911  -2.3795  11.3192  -7.8835
 -0.6592  -2.4573  11.2453  -7.6995
 -0.7247  -2.5013  11.1709  -7.5157
 -0.7875  -2.5151  11.0958  -7.3321
 -0.8476  -2.5019  11.0198  -7.1485
 -0.9049  -2.4644  10.9429  -6.9649
 -0.9594  -2.4052  10.8648  -6.7812
 -1.0111  -2.3266  10.7855  -6.5973
 -1.0601  -2.2305  10.7049  -6.4131
 -1.1062  -2.1189  10.6227  -6.2286
 -1.1496  -1.9935  10.5388  -6.0438
 -1.1901  -1.8556  10.4532  -5.8586
 -1.2279  -1.7067  10.3657  -5.6728
 -1.2630  -1.5480  10.2762  -5.4866
 -1.2954  -1.3805  10.1846  -5.2998
 -1.3250  -1.2052  10.0907  -5.1123
 -1.3520  -1.0230   9.9944  -4.9242
 -1.3764  -0.8348   9.8956  -4.7354
 -1.3982  -0.6412   9.7942  -4.5459
 -1.4174  -0.4428   9.6901  -4.3557
 -1.4342  -0.2403   9.5832  -4.1646
 -1.4485  -0.0343   9.4733  -3.9727
 -1.4604   0.1749   9.3604  -3.7800
 -1.4699   0.3868   9.2443  -3.5865
 -1.4771   0.6009   9.1250  -3.3920
 -1.4821   0.8169   9.0024  -3.1966
 -1.4849   1.0344   8.8763  -3.0003
 -1.4855   1.2530   8.7466  -2.8031
 -1.4840   1.4725   8.6134  -2.6049
 -1.4805   1.6925   8.4764  -2.4058
 -1.4750   1.9128   8.3357  -2.2057
 -1.4677   2.1329   8.1911  -2.0046
 -1.4584   2.3527   8.0426  -1.8025
 -1.4474   2.5717   7.8901  -1.5994
 -1.4346   2.7897   7.7336  -1.3953
 -1.4201   3.0062   7.5729  -1.1902
 -1.4040   3.2211   7.4081  -0.9842
 -1.3864   3.4337   7.2391  -0.7771
 -1.3673   3.6438   7.0658  -0.5690
 -1.3467   3.8508   6.8882  -0.3598
 -1.3248   4.0543   6.7064  -0.1497
 -1.3015   4.2536   6.5202   0.0615
 -1.2770   4.4483   6.3296   0.2736
 -1.2513   4.6375   6.1347   0.4868
 -1.2244   4.8205   5.9353   0.7010
 -1.1964   4.9966   5.7316   0.9163
 -1.1674   5.1647   5.5235   1.1325
 -1.1373   5.3239   5.3111   1.3499
 -1.1063   5.4729   5.0942   1.5682
 -1.0742   5.6105   4.8730   1.7876
 -1.0413   5.7353   4.6475   2.0081
 -1.0074   5.8456   4.4176   2.2297
 -0.9726   5.9397   4.1834   2.4524
 -0.9368   6.0156   3.9450   2.6761
 -0.9001   6.0711   3.7023   2.9011
 -0.8624   6.1038   3.4554   3.1271
 -0.8236   6.1108   3.2044   3.3544
 -0.7836   6.0893   2.9491   3.5829
 -0.7424   6.0357   2.6898   3.8127
 -0.6999   5.9464   2.4264   4.0437
 -0.6558   5.8171   2.1589   4.2761
 -0.6100   5.6433   1.8873   4.5099
 -0.5623   5.4198   1.6118   4.7452
 -0.5124   5.1410   1.3323   4.9819
 -0.4602   4.8005   1.0488   5.2202
 -0.4053   4.3913   0.7613   5.4602
 -0.3474   3.9057   0.4698   5.7019
 -0.2861   3.3353   0.1743   5.9454
 -0.2212   2.6705  -0.1251   6.1908
 -0.1523   1.9009  -0.4286   6.4382
 -0.0791   1.0151  -0.7361   6.6878
 -0.0013   0.0004  -1.0478   6.9395
 -0.0013   0.0004  -1.0478   6.9395
 -0.2300  -1.3646  -0.9223   0.7524
 -0.4569  -2.3791  -0.8845  -4.1538
 -0.6809  -3.1159  -0.9319  -8.0005
 -0.9010  -3.6323  -1.0563 -10.9701
 -1.1160  -3.9739  -1.2472 -13.2140
 -1.3248  -4.1766  -1.4928 -14.8594
 -1.5265  -4.2691  -1.7815 -16.0142
 -1.7203  -4.2743  -2.1024 -16.7712
 -1.9057  -4.2103  -2.4456 -17.2104
 -2.0823  -4.0914  -2.8026 -17.4004
 -2.2495  -3.9293  -3.1663 -17.3990
 -2.4073  -3.7330  -3.5308 -17.2546
 -2.5554  -3.5100  -3.8918 -17.0061
 -2.6939  -3.2660  -4.2457 -16.6846
 -2.8227  -3.0057  -4.5901 -16.3139
 -2.9419  -2.7328  -4.9234 -15.9120
 -3.0517  -2.4502  -5.2444 -15.4920
 -3.1521  -2.1602  -5.5524 -15.0627
 -3.2435  -1.8647  -5.8471 -14.6302
 -3.3260  -1.5651  -6.1284 -14.1978
 -3.3998  -1.2625  -6.3963 -13.7671
 -3.4653  -0.9579  -6.6508 -13.3383
 -3.5226  -0.6520  -6.8920 -12.9109
 -3.5720  -0.3451  -7.1201 -12.4838
 -3.6138  -0.0379  -7.3351 -12.0559
 -3.6482   0.2695  -7.5369 -11.6262
 -3.6754   0.5768  -7.7255 -11.1939
 -3.6956   0.8840  -7.9010 -10.7585
 -3.7091   1.1908  -8.0632 -10.3199
 -3.7161   1.4974  -8.2120  -9.8780
 -3.7168   1.8037  -8.3475  -9.4333
 -3.7114   2.1098  -8.4694  -8.9861
 -3.7003   2.4157  -8.5779  -8.5369
 -3.6835   2.7216  -8.6728  -8.0864
 -3.6614   3.0277  -8.7542  -7.6352
 -3.6341   3.3340  -8.8221  -7.1838
 -3.6019   3.6407  -8.8765  -6.7329
 -3.5650   3.9480  -8.9174  -6.2828
 -3.5238   4.2561  -8.9449  -5.8341
 -3.4783   4.5653  -8.9591  -5.3872
 -3.4289   4.8757  -8.9600  -4.9424
 -3.3759   5.1877  -8.9476  -4.4998
 -3.3194   5.5013  -8.9222  -4.0599
 -3.2597   5.8169  -8.8836  -3.6226
 -3.1971   6.1348  -8.8322  -3.1882
 -3.1319   6.4551  -8.7678  -2.7567
 -3.0643   6.7782  -8.6907  -2.3281
 -2.9945   7.1042  -8.6008  -1.9026
 -2.9230   7.4334  -8.4984  -1.4802
 -2.8499   7.7660  -8.3834  -1.0608
 -2.7755   8.1021  -8.2560  -0.6446
 -2.7001   8.4419  -8.1163  -0.2316
 -2.6241   8.7854  -7.9643   0.1781
 -2.5476   9.1326  -7.8000   0.5843
 -2.4710   9.4832  -7.6237   0.9867
 -2.3946   9.8370  -7.4354   1.3851
 -2.3186  10.1933  -7.2351   1.7790
 -2.2434  10.5514  -7.0230   2.1677
 -2.1691  10.9101  -6.7990   2.5503
 -2.0960  11.2677  -6.5634   2.9259
 -2.0244  11.6219  -6.3161   3.2929
 -1.9542  11.9699  -6.0573   3.6496
 -1.8858  12.3075  -5.7871   3.9936
 -1.8190  12.6295  -5.5055   4.3219
 -1.7536  12.9292  -5.2127   4.6308
 -1.6896  13.1976  -4.9087   4.9155
 -1.6263  13.4233  -4.5937   5.1702
 -1.5630  13.5917  -4.2678   5.3873
 -1.4986  13.6839  -3.9311   5.5577
 -1.4314  13.6758  -3.5837   5.6696
 -1.3594  13.5366  -3.2257   5.7086
 -1.2795  13.2273  -2.8573   5.6568
 -1.1880  12.6981  -2.4786   5.4916
 -1.0796  11.8864  -2.0896   5.1855
 -0.9480  10.7127  -1.6906   4.7038
 -0.7850   9.0776  -1.2817   4.0039
 -0.5809   6.8564  -0.8631   3.0329
 -0.3239   3.8945  -0.4353   1.7252
 -0.0010   0.0002   0.0008  -0.0002
  6.0535  -6.7627  -0.0636   0.0152
  6.0887  -6.4374   0.2022  -1.2692
  6.1214  -6.1165   0.4580  -2.3859
  6.1515  -5.7998   0.7038  -3.3515
  6.1789  -5.4871   0.9395  -4.1815
  6.2035  -5.1782   1.1651  -4.8896
  6.2252  -4.8729   1.3809  -5.4882
  6.2440  -4.5711   1.5871  -5.9885
  6.2596  -4.2725   1.7841  -6.4005
  6.2722  -3.9770   1.9722  -6.7336
  6.2816  -3.6846   2.1517  -6.9958
  6.2876  -3.3950   2.3230  -7.1947
  6.2904  -3.1082   2.4862  -7.3369
  6.2898  -2.8241   2.6417  -7.4284
  6.2857  -2.5426   2.7897  -7.4747
  6.2782  -2.2636   2.9305  -7.4807
  6.2672  -1.9869   3.0642  -7.4507
  6.2526  -1.7127   3.1912  -7.3886
  6.2344  -1.4406   3.3114  -7.2982
  6.2127  -1.1709   3.4251  -7.1824
  6.1873  -0.9032   3.5324  -7.0443
  6.1584  -0.6377   3.6335  -6.8862
  6.1258  -0.3743   3.7283  -6.7107
  6.0897  -0.1128   3.8171  -6.5197
  6.0500   0.1466   3.8998  -6.3150
  6.0067   0.4041   3.9766  -6.0984
  5.9599   0.6597   4.0475  -5.8713
  5.9096   0.9134   4.1126  -5.6351
  5.8559   1.1653   4.1719  -5.3909
  5.7987   1.4153   4.2255  -5.1398
  5.7382   1.6636   4.2734  -4.8828
  5.6744   1.9101   4.3156  -4.6207
  5.6073   2.1549   4.3522  -4.3544
  5.5370   2.3980   4.3832  -4.0845
  5.4636   2.6394   4.4086  -3.8117
  5.3871   2.8792   4.4284  -3.5365
  5.3076   3.1174   4.4428  -3.2594
  5.2253   3.3539   4.4516  -2.9810
  5.1401   3.5890   4.4550  -2.7017
  5.0522   3.8225   4.4528  -2.4220
  4.9616   4.0545   4.4453  -2.1421
  4.8684   4.2851   4.4323  -1.8625
  4.7727   4.5143   4.4139  -1.5837
  4.6746   4.7422   4.3901  -1.3058
  4.5742   4.9687   4.3609  -1.0294
  4.4715   5.1939   4.3264  -0.7548
  4.3667   5.4179   4.2865  -0.4824
  4.2598   5.6407   4.2413  -0.2125
  4.1509   5.8624   4.1907   0.0543
  4.0400   6.0830   4.1348   0.3176
  3.9274   6.3026   4.0736   0.5769
  3.8129   6.5212   4.0071   0.8316
  3.6968   6.7389   3.9353   1.0812
  3.5791   6.9558   3.8582   1.3249
  3.4599   7.1720   3.7759   1.5621
  3.3391   7.3875   3.6883   1.7919
  3.2170   7.6024   3.5954   2.0135
  3.0935   7.8167   3.4972   2.2257
  2.9687   8.0306   3.3938   2.4276
  2.8426   8.2442   3.2852   2.6178
  2.7154   8.4575   3.1713   2.7950
  2.5870   8.6706   3.0522   2.9577
  2.4575   8.8837   2.9278   3.1040
  2.3270   9.0969   2.7982   3.2321
  2.1954   9.3102   2.6634   3.3399
  2.0629   9.5238   2.5234   3.4250
  1.9293   9.7378   2.3781   3.4847
  1.7948   9.9524   2.2276   3.5160
  1.6594  10.1676   2.0718   3.5157
  1.5231  10.3836   1.9108   3.4801
  1.3858  10.6005   1.7446   3.4050
  1.2477  10.8186   1.5730   3.2860
  1.1087  11.0380   1.3961   3.1180
  0.9687  11.2588   1.2137   2.8951
  0.8279  11.4812   1.0259   2.6113
  0.6862  11.7054   0.8323   2.2594
  0.5435  11.9317   0.6330   1.8316
  0.3999  12.1601   0.4276   1.3192
  0.2553  12.3911   0.2157   0.7124
  0.1098  12.6247  -0.0029   0.0003
  0.1098  12.6247  -0.0029   0.0003
  0.6314   5.8407  -0.7214  -1.3365
  1.0276   0.5226  -1.3941  -2.3220
  1.3092  -3.6011  -2.0266  -3.0254
  1.4920  -6.7639  -2.6230  -3.5016
  1.5929  -9.1615  -3.1862  -3.7948
  1.6281 -10.9548  -3.7187  -3.9403
  1.6117 -12.2741  -4.2222  -3.9665
  1.5555 -13.2238  -4.6982  -3.8961
  1.4694 -13.8870  -5.1478  -3.7475
  1.3613 -14.3290  -5.5719  -3.5354
  1.2374 -14.6013  -5.9713  -3.2717
  1.1026 -14.7441  -6.3468  -2.9661
  0.9606 -14.7886  -6.6990  -2.6261
  0.8144 -14.7593  -7.0284  -2.2581
  0.6661 -14.6749  -7.3355  -1.8671
  0.5175 -14.5500  -7.6208  -1.4572
  0.3698 -14.3959  -7.8847  -1.0317
  0.2240 -14.2210  -8.1278  -0.5932
  0.0807 -14.0321  -8.3504  -0.1440
 -0.0596 -13.8340  -8.5530   0.3143
 -0.1964 -13.6305  -8.7360   0.7801
 -0.3296 -13.4245  -8.8998   1.2524
 -0.4589 -13.2180  -9.0448   1.7303
 -0.5842 -13.0125  -9.1714   2.2128
 -0.7055 -12.8091  -9.2800   2.6996
 -0.8226 -12.6084  -9.3712   3.1899
 -0.9356 -12.4111  -9.4452   3.6835
 -1.0444 -12.2173  -9.5025   4.1800
 -1.1491 -12.0272  -9.5436   4.6791
 -1.2496 -11.8408  -9.5688   5.1806
 -1.3459 -11.6581  -9.5787   5.6843
 -1.4381 -11.4790  -9.5737   6.1900
 -1.5261 -11.3033  -9.5543   6.6976
 -1.6099 -11.1309  -9.5208   7.2070
 -1.6896 -10.9615  -9.4739   7.7180
 -1.7650 -10.7950  -9.4139   8.2305
 -1.8363 -10.6313  -9.3414   8.7444
 -1.9033 -10.4700  -9.2569   9.2596
 -1.9661 -10.3110  -9.1608   9.7759
 -2.0245 -10.1542  -9.0538  10.2932
 -2.0787  -9.9994  -8.9364  10.8113
 -2.1285  -9.8463  -8.8090  11.3302
 -2.1739  -9.6949  -8.6724  11.8495
 -2.2149  -9.5450  -8.5270  12.3691
 -2.2513  -9.3965  -8.3734  12.8887
 -2.2832  -9.2492  -8.2122  13.4082
 -2.3105  -9.1030  -8.0441  13.9272
 -2.3331  -8.9577  -7.8696  14.4454
 -2.3509  -8.8134  -7.6894  14.9625
 -2.3639  -8.6697  -7.5041  15.4779
 -2.3720  -8.5267  -7.3144  15.9913
 -2.3751  -8.3841  -7.1209  16.5021
 -2.3732  -8.2417  -6.9242  17.0096
 -2.3661  -8.0995  -6.7250  17.5129
 -2.3537  -7.9571  -6.5239  18.0110
 -2.3360  -7.8143  -6.3216  18.5027
 -2.3128  -7.6709  -6.1187  18.9864
 -2.2841  -7.5263  -5.9157  19.4602
 -2.2497  -7.3802  -5.7131  19.9216
 -2.2095  -7.2319  -5.5115  20.3675
 -2.1634  -7.0807  -5.3113  20.7940
 -2.1112  -6.9258  -5.1126  21.1962
 -2.0527  -6.7660  -4.9157  21.5676
 -1.9879  -6.5999  -4.7206  21.9003
 -1.9164  -6.4257  -4.5268  22.1840
 -1.8382  -6.2414  -4.3338  22.4056
 -1.7529  -6.0442  -4.1406  22.5485
 -1.6602  -5.8307  -3.9455  22.5916
 -1.5599  -5.5967  -3.7462  22.5079
 -1.4515  -5.3370  -3.5396  22.2632
 -1.3346  -5.0450  -3.3214  21.8141
 -1.2086  -4.7127  -3.0857  21.1053
 -1.0730  -4.3299  -2.8250  20.0668
 -0.9268  -3.8840  -2.5297  18.6100
 -0.7692  -3.3591  -2.1875  16.6232
 -0.5991  -2.7358  -1.7832  13.9659
 -0.4151  -1.9897  -1.2985  10.4628
 -0.2156  -1.0904  -0.7121   5.8965
  0.0011  -0.0003  -0.0004   0.0004
  0.0007  -0.0005  -0.0095   0.0144
  0.0007  -0.0005  -0.0095   0.0143
  0.0007  -0.0005  -0.0095   0.0143
  0.0006  -0.0005  -0.0096   0.0144
  0.0006  -0.0005  -0.0096   0.0144
  0.0463   0.0235  11.9520 -10.5463
  0.0056   0.1521  11.8794 -10.3551
 -0.0334   0.2721  11.8075 -10.1652
 -0.0707   0.3844  11.7362  -9.9768
 -0.1063   0.4896  11.6653  -9.7895
 -0.1404   0.5884  11.5948  -9.6032
 -0.1729   0.6814  11.5245  -9.4180
 -0.2039   0.7691  11.4544  -9.2336
 -0.2334   0.8520  11.3843  -9.0499
 -0.2615   0.9306  11.3142  -8.8669
 -0.2882   1.0053  11.2440  -8.6844
 -0.3136   1.0763  11.1735  -8.5023
 -0.3376   1.1441  11.1027  -8.3207
 -0.3603   1.2089  11.0314  -8.1393
 -0.3817   1.2711  10.9595  -7.9580
 -0.4019   1.3308  10.8870  -7.7769
 -0.4209   1.3883  10.8137  -7.5959
 -0.4387   1.4438  10.7395  -7.4147
 -0.4553   1.4974  10.6644  -7.2335
 -0.4708   1.5494  10.5882  -7.0521
 -0.4852   1.5999  10.5107  -6.8705
 -0.4985   1.6490  10.4320  -6.6885
 -0.5108   1.6969  10.3518  -6.5062
 -0.5220   1.7435  10.2701  -6.3235
 -0.5323   1.7892  10.1868  -6.1403
 -0.5415   1.8338  10.1017  -5.9566
 -0.5498   1.8776  10.0147  -5.7723
 -0.5571   1.9205   9.9258  -5.5873
 -0.5636   1.9627   9.8348  -5.4018
 -0.5691   2.0041   9.7415  -5.2155
 -0.5738   2.0449   9.6460  -5.0284
 -0.5776   2.0850   9.5480  -4.8406
 -0.5806   2.1244   9.4475  -4.6520
 -0.5828   2.1633   9.3443  -4.4625
 -0.5842   2.2015   9.2384  -4.2721
 -0.5848   2.2391   9.1295  -4.0808
 -0.5847   2.2761   9.0177  -3.8885
 -0.5839   2.3124   8.9029  -3.6953
 -0.5823   2.3481   8.7848  -3.5011
 -0.5801   2.3830   8.6634  -3.3059
 -0.5772   2.4172   8.5387  -3.1097
 -0.5736   2.4506   8.4105  -2.9124
 -0.5694   2.4831   8.2786  -2.7140
 -0.5646   2.5147   8.1432  -2.5146
 -0.5592   2.5452   8.0039  -2.3141
 -0.5532   2.5746   7.8608  -2.1124
 -0.5467   2.6027   7.7139  -1.9097
 -0.5396   2.6294   7.5629  -1.7058
 -0.5319   2.6545   7.4078  -1.5008
 -0.5237   2.6780   7.2486  -1.2946
 -0.5150   2.6995   7.0853  -1.0873
 -0.5058   2.7189   6.9177  -0.8788
 -0.4961   2.7359   6.7458  -0.6692
 -0.4859   2.7503   6.5695  -0.4584
 -0.4753   2.7617   6.3889  -0.2464
 -0.4641   2.7699   6.2038  -0.0333
 -0.4524   2.7744   6.0144   0.1810
 -0.4403   2.7750   5.8204   0.3965
 -0.4277   2.7710   5.6220   0.6132
 -0.4146   2.7620   5.4191   0.8311
 -0.4010   2.7475   5.2117   1.0502
 -0.3869   2.7268   4.9999   1.2705
 -0.3723   2.6993   4.7835   1.4920
 -0.3571   2.6641   4.5626   1.7148
 -0.3414   2.6205   4.3373   1.9388
 -0.3250   2.5675   4.1076   2.1640
 -0.3081   2.5041   3.8734   2.3905
 -0.2904   2.4291   3.6349   2.6183
 -0.2720   2.3413   3.3920   2.8474
 -0.2529   2.2393   3.1448   3.0779
 -0.2329   2.1215   2.8934   3.3097
 -0.2120   1.9862   2.6377   3.5429
 -0.1902   1.8316   2.3778   3.7775
 -0.1672   1.6555   2.1138   4.0136
 -0.1431   1.4556   1.8457   4.2511
 -0.1178   1.2294   1.5736   4.4903
 -0.0910   0.9741   1.2974   4.7310
 -0.0628   0.6865   1.0174   4.9734
 -0.0329   0.3632   0.7334   5.2174
 -0.0012   0.0003   0.4455   5.4633
 -0.0012   0.0003   0.4455   5.4633
 -0.1922   0.7364   0.1453   2.9253
 -0.3772   1.3511  -0.1688   1.0407
 -0.5558   1.8554  -0.4906  -0.3802
 -0.7280   2.2646  -0.8153  -1.4636
 -0.8937   2.5945  -1.1396  -2.2958
 -1.0532   2.8595  -1.4605  -2.9377
 -1.2065   3.0722  -1.7763  -3.4338
 -1.3538   3.2428  -2.0852  -3.8167
 -1.4952   3.3801  -2.3863  -4.1113
 -1.6310   3.4908  -2.6787  -4.3366
 -1.7612   3.5805  -2.9617  -4.5074
 -1.8859   3.6536  -3.2350  -4.6350
 -2.0052   3.7136  -3.4983  -4.7286
 -2.1194   3.7632  -3.7513  -4.7953
 -2.2284   3.8046  -3.9939  -4.8406
 -2.3323   3.8396  -4.2262  -4.8689
 -2.4313   3.8694  -4.4480  -4.8839
 -2.5254   3.8951  -4.6596  -4.8882
 -2.6147   3.9176  -4.8608  -4.8841
 -2.6993   3.9375  -5.0518  -4.8733
 -2.7792   3.9553  -5.2328  -4.8573
 -2.8546   3.9715  -5.4037  -4.8371
 -2.9254   3.9864  -5.5647  -4.8136
 -2.9917   4.0003  -5.7160  -4.7876
 -3.0535   4.0133  -5.8575  -4.7595
 -3.1110   4.0256  -5.9895  -4.7298
 -3.1642   4.0373  -6.1120  -4.6989
 -3.2131   4.0486  -6.2252  -4.6671
 -3.2577   4.0596  -6.3290  -4.6345
 -3.2981   4.0703  -6.4236  -4.6014
 -3.3343   4.0807  -6.5091  -4.5679
 -3.3663   4.0910  -6.5856  -4.5341
 -3.3943   4.1011  -6.6530  -4.5002
 -3.4181   4.1112  -6.7115  -4.4661
 -3.4379   4.1211  -6.7612  -4.4320
 -3.4537   4.1311  -6.8020  -4.3979
 -3.4654   4.1410  -6.8340  -4.3638
 -3.4731   4.1509  -6.8572  -4.3298
 -3.4768   4.1608  -6.8717  -4.2960
 -3.4765   4.1707  -6.8775  -4.2622
 -3.4723   4.1806  -6.8746  -4.2286
 -3.4641   4.1906  -6.8630  -4.1952
 -3.4519   4.2006  -6.8427  -4.1620
 -3.4358   4.2107  -6.8138  -4.1289
 -3.4158   4.2207  -6.7761  -4.0961
 -3.3918   4.2308  -6.7297  -4.0634
 -3.3639   4.2409  -6.6746  -4.0310
 -3.3321   4.2510  -6.6108  -3.9987
 -3.2963   4.2610  -6.5382  -3.9666
 -3.2565   4.2709  -6.4567  -3.9346
 -3.2128   4.2806  -6.3664  -3.9028
 -3.1650   4.2902  -6.2671  -3.8710
 -3.1133   4.2994  -6.1590  -3.8392
 -3.0576   4.3081  -6.0418  -3.8074
 -2.9978   4.3163  -5.9155  -3.7754
 -2.9340   4.3237  -5.7801  -3.7430
 -2.8660   4.3302  -5.6355  -3.7102
 -2.7940   4.3353  -5.4816  -3.6767
 -2.7177   4.3387  -5.3184  -3.6421
 -2.6373   4.3400  -5.1458  -3.6061
 -2.5525   4.3386  -4.9636  -3.5682
 -2.4634   4.3337  -4.7719  -3.5278
 -2.3699   4.3243  -4.5705  -3.4840
 -2.2718   4.3092  -4.3593  -3.4360
 -2.1691   4.2869  -4.1383  -3.3822
 -2.0615   4.2555  -3.9074  -3.3213
 -1.9489   4.2125  -3.6665  -3.2510
 -1.8311   4.1547  -3.4156  -3.1688
 -1.7077   4.0783  -3.1545  -3.0715
 -1.5784   3.9782  -2.8834  -2.9551
 -1.4426   3.8481  -2.6021  -2.8146
 -1.2999   3.6799  -2.3107  -2.6441
 -1.1495   3.4630  -2.0092  -2.4365
 -0.9903   3.1842  -1.6978  -2.1834
  5.6047  -6.0806  -1.7742  -2.1668
  5.6270  -5.7806  -1.4300  -2.5423
  5.6474  -5.4841  -1.0973  -2.8696
  5.6659  -5.1911  -0.7757  -3.1531
  5.6823  -4.9013  -0.4650  -3.3969
  5.6964  -4.6146  -0.1648  -3.6045
  5.7083  -4.3310   0.1250  -3.7792
  5.7178  -4.0501   0.4048  -3.9241
  5.7247  -3.7721   0.6747  -4.0420
  5.7291  -3.4967   0.9349  -4.1353
  5.7308  -3.2238   1.1858  -4.2063
  5.7298  -2.9535   1.4273  -4.2572
  5.7260  -2.6855   1.6598  -4.2897
  5.7194  -2.4198   1.8834  -4.3058
  5.7099  -2.1564   2.0981  -4.3069
  5.6974  -1.8952   2.3042  -4.2944
  5.6819  -1.6361   2.5018  -4.2698
  5.6635  -1.3791   2.6909  -4.2343
  5.6419  -1.1240   2.8718  -4.1888
  5.6174  -0.8710   3.0444  -4.1345
  5.5897  -0.6198   3.2088  -4.0722
  5.5590  -0.3706   3.3652  -4.0028
  5.5252  -0.1231   3.5137  -3.9271
  5.4883   0.1225   3.6542  -3.8457
  5.4484   0.3663   3.7869  -3.7593
  5.4054   0.6085   3.9119  -3.6684
  5.3593   0.8489   4.0291  -3.5737
  5.3103   1.0877   4.1386  -3.4755
  5.2582   1.3248   4.2406  -3.3744
  5.2033   1.5603   4.3349  -3.2708
  5.1454   1.7942   4.4218  -3.1650
  5.0847   2.0266   4.5012  -3.0574
  5.0211   2.2575   4.5731  -2.9483
  4.9548   2.4868   4.6376  -2.8380
  4.8858   2.7147   4.6948  -2.7268
  4.8141   2.9412   4.7446  -2.6150
  4.7399   3.1663   4.7871  -2.5028
  4.6631   3.3900   4.8224  -2.3903
  4.5838   3.6124   4.8504  -2.2779
  4.5021   3.8335   4.8712  -2.1657
  4.4181   4.0533   4.8847  -2.0539
  4.3318   4.2719   4.8912  -1.9427
  4.2432   4.4893   4.8904  -1.8322
  4.1526   4.7056   4.8826  -1.7226
  4.0598   4.9207   4.8676  -1.6141
  3.9650   5.1349   4.8456  -1.5068
  3.8683   5.3480   4.8165  -1.4009
  3.7698   5.5601   4.7803  -1.2964
  3.6693   5.7713   4.7371  -1.1937
  3.5672   5.9817   4.6869  -1.0927
  3.4633   6.1913   4.6297  -0.9937
  3.3578   6.4001   4.5656  -0.8968
  3.2508   6.6083   4.4945  -0.8022
  3.1422   6.8159   4.4164  -0.7100
  3.0321   7.0229   4.3314  -0.6203
  2.9206   7.2295   4.2395  -0.5334
  2.8077   7.4356   4.1407  -0.4494
  2.6935   7.6415   4.0350  -0.3686
  2.5780   7.8471   3.9224  -0.2910
  2.4613   8.0526   3.8030  -0.2170
  2.3433   8.2580   3.6768  -0.1467
  2.2241   8.4634   3.5437  -0.0803
  2.1038   8.6690   3.4038  -0.0182
  1.9823   8.8748   3.2572   0.0393
  1.8597   9.0809   3.1037   0.0921
  1.7360   9.2875   2.9435   0.1398
  1.6111   9.4947   2.7765   0.1820
  1.4852   9.7025   2.6029   0.2183
  1.3582   9.9112   2.4224   0.2484
  1.2300  10.1208   2.2353   0.2717
  1.1007  10.3314   2.0415   0.2879
  0.9703  10.5434   1.8410   0.2963
  0.8388  10.7567   1.6339   0.2964
  0.7061  10.9715   1.4200   0.2875
  0.5721  11.1881   1.1996   0.2690
  0.4370  11.4065   0.9724   0.2399
  0.3005  11.6271   0.7387   0.1995
  0.1627  11.8499   0.4982   0.1468
  0.0235  12.0752   0.2512   0.0808
 -0.1172  12.3032  -0.0026   0.0003
 -0.1172  12.3032  -0.0026   0.0003
  0.2376   7.2107  -0.5443   1.0601
  0.5058   3.1519  -1.0569   1.9432
  0.6961  -0.0647  -1.5427   2.6738
  0.8197  -2.6031  -2.0035   3.2770
  0.8880  -4.6000  -2.4409   3.7758
  0.9114  -6.1672  -2.8561   4.1904
  0.8990  -7.3948  -3.2503   4.5376
  0.8586  -8.3550  -3.6242   4.8313
  0.7964  -9.1050  -3.9787   5.0828
  0.7177  -9.6899  -4.3144   5.3013
  0.6264 -10.1451  -4.6321   5.4941
  0.5259 -10.4987  -4.9324   5.6669
  0.4187 -10.7724  -5.2156   5.8242
  0.3068 -10.9832  -5.4824   5.9698
  0.1920 -11.1447  -5.7333   6.1065
  0.0753 -11.2671  -5.9686   6.2364
 -0.0421 -11.3587  -6.1887   6.3614
 -0.1596 -11.4259  -6.3942   6.4828
 -0.2765 -11.4737  -6.5853   6.6016
 -0.3923 -11.5059  -6.7625   6.7187
 -0.5066 -11.5257  -6.9260   6.8346
 -0.6191 -11.5354  -7.0762   6.9499
 -0.7296 -11.5370  -7.2135   7.0648
 -0.8378 -11.5319  -7.3382   7.1797
 -0.9436 -11.5212  -7.4506   7.2947
 -1.0468 -11.5060  -7.5509   7.4100
 -1.1472 -11.4869  -7.6395   7.5257
 -1.2448 -11.4645  -7.7166   7.6418
 -1.3395 -11.4393  -7.7825   7.7582
 -1.4312 -11.4116  -7.8376   7.8752
 -1.5196 -11.3817  -7.8820   7.9925
 -1.6049 -11.3499  -7.9160   8.1102
 -1.6869 -11.3164  -7.9398   8.2283
 -1.7655 -11.2813  -7.9537   8.3467
 -1.8406 -11.2447  -7.9580   8.4653
 -1.9121 -11.2068  -7.9528   8.5842
 -1.9800 -11.1676  -7.9384   8.7033
 -2.0442 -11.1273  -7.9149   8.8224
 -2.1046 -11.0859  -7.8827   8.9416
 -2.1610 -11.0434  -7.8419   9.0607
 -2.2135 -11.0000  -7.7927   9.1797
 -2.2619 -10.9556  -7.7353   9.2986
 -2.3062 -10.9102  -7.6699   9.4172
 -2.3462 -10.8640  -7.5967   9.5355
 -2.3818 -10.8169  -7.5158   9.6533
 -2.4130 -10.7690  -7.4275   9.7706
 -2.4396 -10.7202  -7.3319   9.8872
 -2.4616 -10.6705  -7.2292  10.0031
 -2.4788 -10.6199  -7.1195  10.1181
 -2.4911 -10.5684  -7.0030  10.2319
 -2.4985 -10.5157  -6.8798  10.3444
 -2.5007 -10.4619  -6.7501  10.4554
 -2.4977 -10.4068  -6.6139  10.5646
 -2.4894 -10.3502  -6.4715  10.6715
 -2.4756 -10.2916  -6.3230  10.7758
 -2.4563 -10.2309  -6.1683  10.8769
 -2.4312 -10.1675  -6.0077  10.9741
 -2.4003 -10.1008  -5.8411  11.0666
 -2.3633 -10.0300  -5.6687  11.1533
 -2.3203  -9.9540  -5.4903  11.2329
 -2.2709  -9.8717  -5.3061  11.3037
 -2.2150  -9.7813  -5.1159  11.3635
 -2.1526  -9.6809  -4.9196  11.4096
 -2.0833  -9.5678  -4.7170  11.4387
 -2.0070  -9.4387  -4.5077  11.4463
 -1.9234  -9.2897  -4.2914  11.4269
 -1.8323  -9.1154  -4.0675  11.3735
 -1.7335  -8.9094  -3.8351  11.2770
 -1.6266  -8.6635  -3.5933  11.1259
 -1.5112  -8.3677  -3.3406  10.9056
 -1.3870  -8.0091  -3.0751  10.5973
 -1.2534  -7.5719  -2.7946  10.1769
 -1.1099  -7.0365  -2.4959   9.6138
 -0.9558  -6.3787  -2.1749   8.8682
 -0.7904  -5.5689  -1.8266   7.8894
 -0.6129  -4.5715  -1.4444   6.6118
 -0.4223  -3.3441  -1.0200   4.9503
 -0.2179  -1.8381  -0.5428   2.7946
 -0.1652  -1.8148  11.3751  -9.0320
 -0.1931  -1.4675  11.3151  -8.8629
 -0.2194  -1.1483  11.2550  -8.6942
 -0.2441  -0.8547  11.1945  -8.5259
 -0.2674  -0.5845  11.1336  -8.3580
 -0.2893  -0.3359  11.0723  -8.1903
 -0.3100  -0.1069  11.0104  -8.0228
 -0.3296   0.1042  10.9480  -7.8555
 -0.3479   0.2987  10.8848  -7.6883
 -0.3652   0.4782  10.8209  -7.5210
 -0.3815   0.6438  10.7562  -7.3537
 -0.3968   0.7969  10.6906  -7.1863
 -0.4111   0.9383  10.6239  -7.0187
 -0.4245   1.0692  10.5562  -6.8508
 -0.4370   1.1904  10.4872  -6.6827
 -0.4486   1.3029  10.4170  -6.5143
 -0.4594   1.4072  10.3455  -6.3454
 -0.4694   1.5042  10.2725  -6.1762
 -0.4785   1.5944  10.1979  -6.0065
 -0.4869   1.6785  10.1218  -5.8362
 -0.4945   1.7570  10.0439  -5.6654
 -0.5014   1.8304   9.9641  -5.4940
 -0.5075   1.8991   9.8825  -5.3220
 -0.5129   1.9636   9.7988  -5.1493
 -0.5177   2.0242   9.7131  -4.9760
 -0.5217   2.0812   9.6251  -4.8019
 -0.5251   2.1350   9.5349  -4.6270
 -0.5279   2.1858   9.4422  -4.4513
 -0.5300   2.2340   9.3471  -4.2749
 -0.5315   2.2796   9.2494  -4.0975
 -0.5324   2.3229   9.1490  -3.9194
 -0.5327   2.3642   9.0459  -3.7403
 -0.5324   2.4034   8.9399  -3.5603
 -0.5316   2.4409   8.8310  -3.3795
 -0.5302   2.4767   8.7191  -3.1976
 -0.5283   2.5109   8.6040  -3.0149
 -0.5259   2.5437   8.4858  -2.8311
 -0.5230   2.5750   8.3643  -2.6464
 -0.5196   2.6049   8.2394  -2.4607
 -0.5157   2.6336   8.1111  -2.2739
 -0.5113   2.6609   7.9793  -2.0862
 -0.5065   2.6870   7.8440  -1.8974
 -0.5013   2.7118   7.7050  -1.7076
 -0.4956   2.7353   7.5623  -1.5168
 -0.4895   2.7575   7.4159  -1.3250
 -0.4830   2.7783   7.2657  -1.1321
 -0.4760   2.7977   7.1116  -0.9381
 -0.4687   2.8156   6.9536  -0.7431
 -0.4611   2.8318   6.7917  -0.5471
 -0.4530   2.8463   6.6258  -0.3500
 -0.4446   2.8589   6.4559  -0.1518
 -0.4358   2.8695   6.2820   0.0474
 -0.4267   2.8778   6.1040   0.2477
 -0.4173   2.8836   5.9220   0.4491
 -0.4075   2.8867   5.7359   0.6515
 -0.3973   2.8868   5.5457   0.8550
 -0.3868   2.8835   5.3513   1.0596
 -0.3760   2.8765   5.1529   1.2653
 -0.3648   2.8654   4.9505   1.4721
 -0.3533   2.8497   4.7439   1.6799
 -0.3414   2.8288   4.5333   1.8889
 -0.3292   2.8023   4.3186   2.0991
 -0.3165   2.7693   4.0999   2.3103
 -0.3035   2.7292   3.8772   2.5228
 -0.2900   2.6812   3.6506   2.7364
 -0.2761   2.6243   3.4200   2.9512
 -0.2616   2.5574   3.1856   3.1672
 -0.2467   2.4793   2.9472   3.3845
 -0.2311   2.3889   2.7051   3.6030
 -0.2150   2.2845   2.4591   3.8229
 -0.1981   2.1646   2.2094   4.0441
 -0.1805   2.0273   1.9560   4.2667
 -0.1621   1.8705   1.6990   4.4908
 -0.1427   1.6921   1.4383   4.7163
 -0.1224   1.4893   1.1740   4.9433
 -0.1009   1.2595   0.9062   5.1720
 -0.0781   0.9994   0.6348   5.4023
 -0.0540   0.7055   0.3600   5.6344
 -0.0284   0.3739   0.0817   5.8682
 -0.0011   0.0003  -0.2000   6.1039
 -0.0011   0.0003  -0.2000   6.1039
 -0.2117   0.7065  -0.4177   3.6885
 -0.4151   1.2946  -0.6515   1.7848
 -0.6111   1.7760  -0.8982   0.2805
 -0.7998   2.1657  -1.1543  -0.9104
 -0.9814   2.4792  -1.4167  -1.8546
 -1.1559   2.7307  -1.6826  -2.6038
 -1.3236   2.9321  -1.9498  -3.1986
 -1.4845   3.0936  -2.2163  -3.6708
 -1.6388   3.2234  -2.4804  -4.0456
 -1.7866   3.3282  -2.7409  -4.3427
 -1.9282   3.4133  -2.9966  -4.5779
 -2.0635   3.4828  -3.2469  -4.7636
 -2.1927   3.5402  -3.4908  -4.9097
 -2.3159   3.5880  -3.7281  -5.0241
 -2.4333   3.6284  -3.9581  -5.1130
 -2.5449   3.6629  -4.1807  -5.1814
 -2.6508   3.6929  -4.3955  -5.2332
 -2.7511   3.7192  -4.6024  -5.2716
 -2.8460   3.7428  -4.8013  -5.2990
 -2.9354   3.7642  -4.9919  -5.3175
 -3.0196   3.7839  -5.1742  -5.3287
 -3.0984   3.8022  -5.3482  -5.3338
 -3.1722   3.8195  -5.5138  -5.3339
 -3.2408   3.8360  -5.6710  -5.3297
 -3.3044   3.8519  -5.8197  -5.3221
 -3.3630   3.8672  -5.9599  -5.3114
 -3.4168   3.8822  -6.0916  -5.2982
 -3.4657   3.8968  -6.2149  -5.2828
 -3.5099   3.9112  -6.3296  -5.2654
 -3.5493   3.9255  -6.4357  -5.2464
 -3.5841   3.9395  -6.5333  -5.2260
 -3.6143   3.9535  -6.6224  -5.2042
 -3.6399   3.9674  -6.7028  -5.1813
 -3.6610   3.9811  -6.7747  -5.1573
 -3.6777   3.9949  -6.8379  -5.1325
 -3.6899   4.0086  -6.8925  -5.1068
 -3.6978   4.0222  -6.9384  -5.0804
 -3.7013   4.0358  -6.9755  -5.0533
 -3.7004   4.0494  -7.0039  -5.0256
 -3.6954   4.0629  -7.0236  -4.9974
 -3.6860   4.0764  -7.0344  -4.9687
 -3.6725   4.0898  -7.0363  -4.9396
 -3.6547   4.1032  -7.0292  -4.9101
 -3.6328   4.1165  -7.0132  -4.8803
 -3.6068   4.1298  -6.9881  -4.8502
 -3.5766   4.1429  -6.9539  -4.8199
 -3.5424   4.1559  -6.9104  -4.7894
 -3.5040   4.1687  -6.8577  -4.7586
 -3.4616   4.1813  -6.7957  -4.7277
 -3.4151   4.1937  -6.7241  -4.6966
 -3.3645   4.2057  -6.6431  -4.6653
 -3.3099   4.2174  -6.5524  -4.6338
 -3.2512   4.2285  -6.4519  -4.6021
 -3.1885   4.2390  -6.3416  -4.5701
 -3.1217   4.2487  -6.2214  -4.5378
 -3.0509   4.2575  -6.0910  -4.5049
 -2.9760   4.2651  -5.9504  -4.4714
 -2.8970   4.2711  -5.7995  -4.4369
 -2.8138   4.2753  -5.6381  -4.4012
 -2.7265   4.2771  -5.4661  -4.3639
 -2.6350   4.2760  -5.2833  -4.3244
 -2.5392   4.2712  -5.0895  -4.2820
 -2.4391   4.2618  -4.8847  -4.2360
 -2.3346   4.2465  -4.6686  -4.1850
 -2.2255   4.2239  -4.4412  -4.1277
 -2.1118   4.1921  -4.2022  -4.0623
 -1.9932   4.1486  -3.9515  -3.9863
 -1.8696   4.0905  -3.6889  -3.8968
 -1.7406   4.0138  -3.4143  -3.7901
 -1.6060   3.9138  -3.1275  -3.6614
 -1.4652   3.7841  -2.8286  -3.5049
 -1.3178   3.6168  -2.5173  -3.3133
 -1.1629   3.4019  -2.1936  -3.0774
 -0.9998   3.1262  -1.8576  -2.7864
 -0.8271   2.7728  -1.5093  -2.4273
  5.6390  -5.9707  -1.5846  -2.4111
  5.6627  -5.6710  -1.2541  -2.6952
  5.6845  -5.3749  -0.9348  -2.9422
  5.7043  -5.0822  -0.6264  -3.1554
  5.7219  -4.7927  -0.3287  -3.3379
  5.7373  -4.5063  -0.0413  -3.4925
  5.7504  -4.2228   0.2360  -3.6218
  5.7610  -3.9422   0.5035  -3.7280
  5.7690  -3.6644   0.7612  -3.8134
  5.7744  -3.3892   1.0095  -3.8798
  5.7771  -3.1165   1.2486  -3.9290
  5.7771  -2.8463   1.4785  -3.9627
  5.7742  -2.5785   1.6995  -3.9822
  5.7683  -2.3129   1.9118  -3.9891
  5.7596  -2.0497   2.1154  -3.9844
  5.7478  -1.7885   2.3106  -3.9693
  5.7330  -1.5295   2.4974  -3.9448
  5.7151  -1.2726   2.6759  -3.9120
  5.6941  -1.0176   2.8463  -3.8715
  5.6700  -0.7646   3.0087  -3.8242
  5.6428  -0.5136   3.1632  -3.7709
  5.6124  -0.2644   3.3098  -3.7121
  5.5789  -0.0170   3.4486  -3.6484
  5.5423   0.2286   3.5798  -3.5804
  5.5026   0.4724   3.7034  -3.5086
  5.4597   0.7146   3.8195  -3.4335
  5.4138   0.9550   3.9281  -3.3553
  5.3648   1.1937   4.0293  -3.2746
  5.3128   1.4308   4.1233  -3.1916
  5.2578   1.6664   4.2099  -3.1068
  5.1999   1.9003   4.2893  -3.0202
  5.1391   2.1327   4.3616  -2.9323
  5.0754   2.3636   4.4268  -2.8433
  5.0090   2.5931   4.4849  -2.7534
  4.9397   2.8210   4.5360  -2.6628
  4.8679   3.0476   4.5801  -2.5716
  4.7933   3.2727   4.6173  -2.4802
  4.7163   3.4965   4.6476  -2.3885
  4.6367   3.7190   4.6710  -2.2968
  4.5547   3.9402   4.6876  -2.2053
  4.4703   4.1601   4.6974  -2.1140
  4.3837   4.3789   4.7005  -2.0230
  4.2948   4.5964   4.6968  -1.9326
  4.2037   4.8128   4.6864  -1.8427
  4.1106   5.0282   4.6693  -1.7536
  4.0154   5.2425   4.6456  -1.6653
  3.9182   5.4557   4.6153  -1.5778
  3.8192   5.6681   4.5783  -1.4914
  3.7184   5.8795   4.5347  -1.4061
  3.6157   6.0901   4.4846  -1.3220
  3.5114   6.3000   4.4279  -1.2391
  3.4054   6.5091   4.3647  -1.1577
  3.2979   6.7175   4.2950  -1.0777
  3.1888   6.9253   4.2188  -0.9993
  3.0782   7.1327   4.1361  -0.9225
  2.9662   7.3395   4.0469  -0.8476
  2.8529   7.5460   3.9513  -0.7745
  2.7381   7.7522   3.8492  -0.7034
  2.6221   7.9582   3.7407  -0.6344
  2.5048   8.1641   3.6258  -0.5676
  2.3863   8.3699   3.5045  -0.5033
  2.2666   8.5758   3.3768  -0.4414
  2.1457   8.7818   3.2427  -0.3821
  2.0236   8.9880   3.1022  -0.3257
  1.9004   9.1947   2.9554  -0.2723
  1.7761   9.4018   2.8022  -0.2220
  1.6507   9.6095   2.6427  -0.1751
  1.5241   9.8179   2.4769  -0.1317
  1.3964  10.0272   2.3048  -0.0922
  1.2676  10.2374   2.1263  -0.0567
  1.1377  10.4487   1.9416  -0.0256
  1.0066  10.6614   1.7506   0.0009
  0.8743  10.8754   1.5533   0.0225
  0.7408  11.0910   1.3498   0.0388
  0.6061  11.3084   1.1400   0.0493
  0.4701  11.5277   0.9239   0.0538
  0.3328  11.7492   0.7016   0.0516
  0.1940  11.9730   0.4731   0.0424
  0.0539  12.1993   0.2383   0.0255
 -0.0878  12.4284  -0.0027   0.0003
 -0.0878  12.4284  -0.0027   0.0003
  0.2889   7.2618  -0.5668   0.9869
  0.5766   3.1455  -1.1003   1.8109
  0.7843  -0.1147  -1.6055   2.4949
  0.9233  -2.6856  -2.0844   3.0623
  1.0052  -4.7062  -2.5385   3.5344
  1.0408  -6.2904  -2.9691   3.9297
  1.0394  -7.5301  -3.3773   4.2639
  1.0088  -8.4985  -3.7642   4.5499
  0.9556  -9.2539  -4.1305   4.7981
  0.8849  -9.8421  -4.4770   5.0168
  0.8010 -10.2992  -4.8044   5.2128
  0.7071 -10.6535  -5.1133   5.3914
  0.6060 -10.9270  -5.4042   5.5567
  0.4997 -11.1372  -5.6778   5.7120
  0.3898 -11.2975  -5.9345   5.8598
  0.2775 -11.4185  -6.1748   6.0023
  0.1640 -11.5084  -6.3991   6.1409
  0.0500 -11.5737  -6.6079   6.2769
 -0.0639 -11.6194  -6.8016   6.4111
 -0.1772 -11.6494  -6.9805   6.5443
 -0.2894 -11.6669  -7.1451   6.6770
 -0.4003 -11.6742  -7.2958   6.8096
 -0.5095 -11.6732  -7.4328   6.9424
 -0.6169 -11.6654  -7.5565   7.0755
 -0.7223 -11.6520  -7.6674   7.2090
 -0.8254 -11.6340  -7.7656   7.3432
 -0.9263 -11.6119  -7.8515   7.4780
 -1.0246 -11.5865  -7.9255   7.6133
 -1.1203 -11.5581  -7.9879   7.7493
 -1.2134 -11.5271  -8.0388   7.8859
 -1.3036 -11.4939  -8.0787   8.0229
 -1.3910 -11.4586  -8.1078   8.1605
 -1.4754 -11.4214  -8.1265   8.2984
 -1.5566 -11.3826  -8.1348   8.4367
 -1.6347 -11.3422  -8.1333   8.5752
 -1.7095 -11.3003  -8.1220   8.7139
 -1.7810 -11.2570  -8.1012   8.8528
 -1.8489 -11.2125  -8.0713   8.9916
 -1.9133 -11.1667  -8.0324   9.1304
 -1.9741 -11.1198  -7.9848   9.2690
 -2.0311 -11.0718  -7.9287   9.4073
 -2.0842 -11.0227  -7.8644   9.5453
 -2.1333 -10.9726  -7.7920   9.6828
 -2.1783 -10.9215  -7.7118   9.8198
 -2.2192 -10.8694  -7.6240   9.9562
 -2.2557 -10.8164  -7.5288  10.0917
 -2.2878 -10.7624  -7.4264  10.2263
 -2.3154 -10.7074  -7.3170  10.3598
 -2.3383 -10.6514  -7.2007  10.4921
 -2.3565 -10.5944  -7.0779  10.6230
 -2.3697 -10.5363  -6.9486  10.7522
 -2.3779 -10.4769  -6.8130  10.8794
 -2.3809 -10.4162  -6.6713  11.0044
 -2.3787 -10.3538  -6.5235  11.1268
 -2.3709 -10.2896  -6.3700  11.2460
 -2.3576 -10.2232  -6.2107  11.3615
 -2.3386 -10.1541  -6.0458  11.4727
 -2.3136 -10.0817  -5.8754  11.5784
 -2.2826 -10.0052  -5.6995  11.6778
 -2.2454  -9.9236  -5.5182  11.7693
 -2.2019  -9.8358  -5.3314  11.8511
 -2.1517  -9.7400  -5.1391  11.9211
 -2.0948  -9.6344  -4.9411  11.9763
 -2.0309  -9.5163  -4.7374  12.0132
 -1.9599  -9.3825  -4.5274  12.0271
 -1.8815  -9.2290  -4.3109  12.0123
 -1.7953  -9.0507  -4.0872  11.9612
 -1.7012  -8.8412  -3.8554  11.8644
 -1.5988  -8.5925  -3.6145  11.7098
 -1.4877  -8.2946  -3.3629  11.4818
 -1.3674  -7.9350  -3.0986  11.1607
 -1.2375  -7.4981  -2.8192  10.7210
 -1.0974  -6.9645  -2.5213  10.1302
 -0.9464  -6.3104  -2.2005   9.3466
 -0.7837  -5.5068  -1.8514   8.3163
 -0.6086  -4.5186  -1.4670   6.9701
 -0.4199  -3.3041  -1.0381   5.2186
 -0.2170  -1.8154  -0.5537   2.9457
  0.0012  -0.0003   0.0001   0.0002
