  0.6500  -1.5690   0.6000  -1.8000
  0.6500  -1.5690   0.6000  -1.8000
  0.6500  -1.5689   0.6001  -1.8000
  0.6501  -1.5688   0.6002  -1.8001
  0.6502  -1.5686   0.6005  -1.8002
  0.6503  -1.5683   0.6008  -1.8004
  0.6505  -1.5679   0.6012  -1.8006
  0.6507  -1.5674   0.6017  -1.8009
  0.6510  -1.5669   0.6023  -1.8011
  0.6513  -1.5663   0.6030  -1.8015
  0.6516  -1.5656   0.6037  -1.8019
  0.6519  -1.5648   0.6046  -1.8023
  0.6523  -1.5640   0.6055  -1.8027
  0.6528  -1.5631   0.6065  -1.8032
  0.6532  -1.5621   0.6076  -1.8038
  0.6537  -1.5611   0.6087  -1.8043
  0.6542  -1.5600   0.6099  -1.8049
  0.6548  -1.5589   0.6112  -1.8056
  0.6553  -1.5576   0.6125  -1.8062
  0.6559  -1.5564   0.6140  -1.8069
  0.6566  -1.5550   0.6154  -1.8076
  0.6572  -1.5537   0.6170  -1.8084
  0.6579  -1.5522   0.6186  -1.8091
  0.6586  -1.5507   0.6202  -1.8099
  0.6593  -1.5492   0.6219  -1.8107
  0.6600  -1.5476   0.6237  -1.8116
  0.6608  -1.5460   0.6255  -1.8124
  0.6616  -1.5443   0.6274  -1.8133
  0.6624  -1.5426   0.6293  -1.8142
  0.6632  -1.5408   0.6312  -1.8151
  0.6640  -1.5390   0.6333  -1.8160
  0.6649  -1.5372   0.6353  -1.8169
  0.6658  -1.5353   0.6374  -1.8179
  0.6666  -1.5334   0.6395  -1.8188
  0.6675  -1.5315   0.6417  -1.8198
  0.6684  -1.5295   0.6439  -1.8208
  0.6694  -1.5275   0.6462  -1.8217
  0.6703  -1.5254   0.6484  -1.8227
  0.6712  -1.5234   0.6507  -1.8237
  0.6722  -1.5213   0.6531  -1.8247
  0.6731  -1.5192   0.6555  -1.8257
  0.6741  -1.5170   0.6579  -1.8267
  0.6751  -1.5149   0.6603  -1.8277
  0.6761  -1.5127   0.6627  -1.8287
  0.6771  -1.5105   0.6652  -1.8297
  0.6780  -1.5082   0.6677  -1.8307
  0.6790  -1.5060   0.6702  -1.8317
  0.6800  -1.5037   0.6727  -1.8327
  0.6811  -1.5015   0.6752  -1.8337
  0.6821  -1.4992   0.6778  -1.8347
  0.6831  -1.4969   0.6804  -1.8357
  0.6841  -1.4946   0.6830  -1.8366
  0.6851  -1.4923   0.6855  -1.8376
  0.6861  -1.4899   0.6881  -1.8385
  0.6871  -1.4876   0.6907  -1.8394
  0.6882  -1.4853   0.6934  -1.8403
  0.6892  -1.4829   0.6960  -1.8412
  0.6902  -1.4806   0.6986  -1.8421
  0.6912  -1.4783   0.7012  -1.8430
  0.6922  -1.4759   0.7038  -1.8439
  0.6932  -1.4736   0.7064  -1.8447
  0.6942  -1.4713   0.7090  -1.8455
  0.6952  -1.4689   0.7117  -1.8463
  0.6962  -1.4666   0.7143  -1.8471
  0.6972  -1.4643   0.7168  -1.8478
  0.6982  -1.4620   0.7194  -1.8486
  0.6992  -1.4597   0.7220  -1.8493
  0.7002  -1.4574   0.7245  -1.8499
  0.7012  -1.4552   0.7271  -1.8506
  0.7021  -1.4529   0.7296  -1.8512
  0.7031  -1.4507   0.7321  -1.8518
  0.7040  -1.4484   0.7346  -1.8524
  0.7050  -1.4462   0.7371  -1.8529
  0.7059  -1.4439   0.7396  -1.8535
  0.7068  -1.4417   0.7420  -1.8539
  0.7078  -1.4395   0.7445  -1.8544
  0.7087  -1.4373   0.7469  -1.8548
  0.7096  -1.4352   0.7493  -1.8552
  0.7105  -1.4330   0.7517  -1.8556
  0.7114  -1.4309   0.7540  -1.8559
  0.7123  -1.4287   0.7564  -1.8563
  0.7131  -1.4266   0.7587  -1.8565
  0.7140  -1.4245   0.7610  -1.8568
  0.7148  -1.4224   0.7632  -1.8570
  0.7157  -1.4204   0.7655  -1.8572
  0.7165  -1.4183   0.7677  -1.8573
  0.7174  -1.4163   0.7699  -1.8574
  0.7182  -1.4143   0.7720  -1.8575
  0.7190  -1.4123   0.7741  -1.8575
  0.7198  -1.4103   0.7762  -1.8575
  0.7206  -1.4084   0.7783  -1.8575
  0.7214  -1.4064   0.7804  -1.8574
  0.7221  -1.4045   0.7824  -1.8573
  0.7229  -1.4026   0.7843  -1.8572
  0.7236  -1.4008   0.7863  -1.8570
  0.7244  -1.3989   0.7882  -1.8567
  0.7251  -1.3971   0.7901  -1.8565
  0.7258  -1.3953   0.7919  -1.8562
  0.7265  -1.3936   0.7937  -1.8558
  0.7272  -1.3919   0.7955  -1.8554
  0.7279  -1.3902   0.7972  -1.8550
  0.7286  -1.3885   0.7989  -1.8545
  0.7293  -1.3869   0.8005  -1.8540
  0.7299  -1.3853   0.8021  -1.8535
  0.7306  -1.3838   0.8036  -1.8529
  0.7312  -1.3823   0.8051  -1.8522
  0.7318  -1.3808   0.8066  -1.8516
  0.7325  -1.3794   0.8080  -1.8508
  0.7331  -1.3780   0.8094  -1.8501
  0.7337  -1.3766   0.8107  -1.8492
  0.7343  -1.3753   0.8120  -1.8484
  0.7348  -1.3740   0.8132  -1.8474
  0.7354  -1.3728   0.8143  -1.8465
  0.7360  -1.3716   0.8154  -1.8455
  0.7365  -1.3705   0.8165  -1.8444
  0.7370  -1.3694   0.8175  -1.8433
  0.7375  -1.3683   0.8184  -1.8421
  0.7381  -1.3673   0.8193  -1.8409
  0.7386  -1.3664   0.8201  -1.8396
  0.7390  -1.3655   0.8209  -1.8383
  0.7390  -1.3655   0.8209  -1.8383
  0.7395  -1.3646   0.8216  -1.8369
  0.7403  -1.3652   0.8223  -1.8356
  0.7413  -1.3671   0.8231  -1.8342
  0.7426  -1.3703   0.8238  -1.8329
  0.7442  -1.3747   0.8246  -1.8316
  0.7460  -1.3800   0.8255  -1.8304
  0.7480  -1.3862   0.8263  -1.8291
  0.7502  -1.3932   0.8272  -1.8279
  0.7526  -1.4009   0.8281  -1.8267
  0.7552  -1.4092   0.8290  -1.8255
  0.7580  -1.4181   0.8299  -1.8243
  0.7609  -1.4274   0.8309  -1.8232
  0.7640  -1.4371   0.8319  -1.8221
  0.7671  -1.4471   0.8330  -1.8210
  0.7705  -1.4575   0.8340  -1.8199
  0.7739  -1.4682   0.8351  -1.8188
  0.7775  -1.4790   0.8363  -1.8177
  0.7811  -1.4901   0.8374  -1.8167
  0.7849  -1.5014   0.8386  -1.8156
  0.7888  -1.5127   0.8398  -1.8146
  0.7927  -1.5243   0.8410  -1.8136
  0.7967  -1.5358   0.8423  -1.8126
  0.8009  -1.5475   0.8436  -1.8117
  0.8051  -1.5592   0.8449  -1.8107
  0.8094  -1.5710   0.8462  -1.8098
  0.8137  -1.5828   0.8476  -1.8088
  0.8181  -1.5946   0.8490  -1.8079
  0.8226  -1.6064   0.8504  -1.8070
  0.8271  -1.6183   0.8519  -1.8061
  0.8317  -1.6300   0.8533  -1.8052
  0.8364  -1.6418   0.8548  -1.8043
  0.8411  -1.6536   0.8564  -1.8034
  0.8458  -1.6653   0.8579  -1.8025
  0.8506  -1.6769   0.8595  -1.8016
  0.8554  -1.6885   0.8610  -1.8007
  0.8603  -1.7001   0.8626  -1.7999
  0.8652  -1.7116   0.8643  -1.7990
  0.8701  -1.7230   0.8659  -1.7981
  0.8750  -1.7344   0.8676  -1.7973
  0.8800  -1.7456   0.8693  -1.7964
  0.8850  -1.7569   0.8710  -1.7955
  0.8900  -1.7680   0.8727  -1.7947
  0.8951  -1.7790   0.8744  -1.7938
  0.9001  -1.7900   0.8761  -1.7929
  0.9051  -1.8009   0.8779  -1.7920
  0.9102  -1.8117   0.8797  -1.7911
  0.9153  -1.8224   0.8815  -1.7902
  0.9203  -1.8330   0.8833  -1.7893
  0.9254  -1.8435   0.8851  -1.7884
  0.9304  -1.8540   0.8869  -1.7875
  0.9355  -1.8643   0.8888  -1.7866
  0.9405  -1.8746   0.8906  -1.7856
  0.9455  -1.8847   0.8925  -1.7847
  0.9505  -1.8947   0.8944  -1.7837
  0.9555  -1.9047   0.8962  -1.7827
  0.9604  -1.9145   0.8981  -1.7817
  0.9654  -1.9243   0.9000  -1.7807
  0.9702  -1.9339   0.9019  -1.7797
  0.9751  -1.9435   0.9038  -1.7786
  0.9799  -1.9529   0.9057  -1.7776
  0.9847  -1.9622   0.9076  -1.7765
  0.9894  -1.9715   0.9096  -1.7754
  0.9940  -1.9806   0.9115  -1.7742
  0.9987  -1.9896   0.9134  -1.7731
  1.0032  -1.9985   0.9153  -1.7719
  1.0077  -2.0073   0.9172  -1.7707
  1.0121  -2.0160   0.9192  -1.7695
  1.0165  -2.0246   0.9211  -1.7682
  1.0208  -2.0331   0.9230  -1.7670
  1.0250  -2.0415   0.9249  -1.7657
  1.0291  -2.0497   0.9268  -1.7643
  1.0331  -2.0578   0.9287  -1.7629
  1.0371  -2.0658   0.9306  -1.7615
  1.0410  -2.0737   0.9325  -1.7601
  1.0447  -2.0815   0.9344  -1.7586
  1.0484  -2.0891   0.9363  -1.7571
  1.0519  -2.0966   0.9381  -1.7556
  1.0554  -2.1039   0.9400  -1.7540
  1.0587  -2.1111   0.9418  -1.7524
  1.0620  -2.1182   0.9436  -1.7507
  1.0651  -2.1251   0.9454  -1.7490
  1.0680  -2.1318   0.9472  -1.7473
  1.0709  -2.1383   0.9490  -1.7455
  1.0736  -2.1446   0.9508  -1.7436
  1.0762  -2.1508   0.9525  -1.7418
  1.0786  -2.1567   0.9542  -1.7398
  1.0809  -2.1624   0.9559  -1.7378
  1.0831  -2.1678   0.9576  -1.7358
  1.0851  -2.1730   0.9592  -1.7337
  1.0869  -2.1778   0.9609  -1.7316
  1.0886  -2.1824   0.9625  -1.7294
  1.0901  -2.1866   0.9640  -1.7272
  1.0914  -2.1904   0.9656  -1.7249
  1.0926  -2.1938   0.9671  -1.7225
  1.0936  -2.1968   0.9686  -1.7201
  1.0944  -2.1993   0.9700  -1.7176
  1.0950  -2.2012   0.9715  -1.7151
  1.0954  -2.2026   0.9729  -1.7125
  1.0957  -2.2033   0.9742  -1.7098
  1.0957  -2.2033   0.9742  -1.7098
  1.0957  -2.2033   0.9755  -1.7071
  1.0958  -2.2030   0.9768  -1.7043
  1.0959  -2.2025   0.9781  -1.7016
  1.0961  -2.2018   0.9794  -1.6989
  1.0963  -2.2008   0.9807  -1.6962
  1.0965  -2.1997   0.9820  -1.6935
  1.0968  -2.1985   0.9832  -1.6908
  1.0971  -2.1970   0.9845  -1.6882
  1.0974  -2.1955   0.9858  -1.6855
  1.0978  -2.1938   0.9871  -1.6829
  1.0981  -2.1921   0.9883  -1.6802
  1.0986  -2.1902   0.9896  -1.6776
  1.0990  -2.1883   0.9908  -1.6749
  1.0995  -2.1864   0.9920  -1.6723
  1.0999  -2.1843   0.9932  -1.6696
  1.1004  -2.1823   0.9943  -1.6669
  1.1010  -2.1801   0.9954  -1.6642
  1.1015  -2.1779   0.9966  -1.6615
  1.1021  -2.1757   0.9977  -1.6587
  1.1027  -2.1735   0.9987  -1.6560
  1.1033  -2.1711   0.9998  -1.6533
  1.1039  -2.1688   1.0009  -1.6505
  1.1045  -2.1664   1.0019  -1.6477
  1.1052  -2.1641   1.0029  -1.6449
  1.1058  -2.1616   1.0038  -1.6420
  1.1065  -2.1592   1.0048  -1.6392
  1.1072  -2.1567   1.0057  -1.6363
  1.1079  -2.1542   1.0066  -1.6334
  1.1086  -2.1517   1.0075  -1.6305
  1.1093  -2.1492   1.0083  -1.6275
  1.1100  -2.1467   1.0091  -1.6245
  1.1107  -2.1441   1.0099  -1.6214
  1.1115  -2.1415   1.0106  -1.6183
  1.1122  -2.1390   1.0113  -1.6152
  1.1129  -2.1364   1.0119  -1.6120
  1.1137  -2.1338   1.0125  -1.6088
  1.1144  -2.1312   1.0131  -1.6055
  1.1151  -2.1285   1.0136  -1.6022
  1.1159  -2.1259   1.0141  -1.5988
  1.1166  -2.1233   1.0145  -1.5953
  1.1173  -2.1206   1.0148  -1.5918
  1.1181  -2.1180   1.0151  -1.5882
  1.1188  -2.1153   1.0153  -1.5846
  1.1195  -2.1126   1.0155  -1.5809
  1.1202  -2.1100   1.0156  -1.5771
  1.1209  -2.1073   1.0156  -1.5732
  1.1216  -2.1046   1.0156  -1.5693
  1.1223  -2.1020   1.0155  -1.5652
  1.1230  -2.0993   1.0153  -1.5611
  1.1236  -2.0967   1.0150  -1.5569
  1.1243  -2.0940   1.0147  -1.5526
  1.1249  -2.0914   1.0142  -1.5481
  1.1255  -2.0888   1.0136  -1.5436
  1.1261  -2.0862   1.0130  -1.5389
  1.1267  -2.0836   1.0122  -1.5341
  1.1273  -2.0810   1.0113  -1.5292
  1.1278  -2.0785   1.0103  -1.5242
  1.1284  -2.0760   1.0092  -1.5191
  1.1289  -2.0735   1.0080  -1.5138
  1.1294  -2.0710   1.0067  -1.5085
  1.1299  -2.0686   1.0053  -1.5029
  1.1303  -2.0662   1.0037  -1.4973
  1.1308  -2.0638   1.0020  -1.4914
  1.1312  -2.0615   1.0002  -1.4855
  1.1316  -2.0592   0.9983  -1.4794
  1.1320  -2.0570   0.9962  -1.4731
  1.1324  -2.0549   0.9939  -1.4666
  1.1327  -2.0528   0.9916  -1.4600
  1.1330  -2.0508   0.9890  -1.4532
  1.1333  -2.0489   0.9863  -1.4462
  1.1336  -2.0472   0.9835  -1.4391
  1.1338  -2.0455   0.9804  -1.4317
  1.1341  -2.0440   0.9772  -1.4241
  1.1343  -2.0426   0.9738  -1.4164
  1.1345  -2.0413   0.9703  -1.4084
  1.1346  -2.0402   0.9665  -1.4002
  1.1347  -2.0395   0.9623  -1.3915
  1.1348  -2.0390   0.9579  -1.3827
  1.1348  -2.0387   0.9533  -1.3736
  1.1348  -2.0387   0.9533  -1.3736
  1.1348  -2.0387   0.9485  -1.3642
  1.1344  -2.0384   0.9445  -1.3599
  1.1337  -2.0378   0.9411  -1.3593
  1.1326  -2.0369   0.9382  -1.3617
  1.1312  -2.0359   0.9357  -1.3663
  1.1294  -2.0348   0.9335  -1.3726
  1.1274  -2.0336   0.9316  -1.3802
  1.1250  -2.0322   0.9299  -1.3887
  1.1223  -2.0308   0.9283  -1.3980
  1.1194  -2.0293   0.9269  -1.4078
  1.1163  -2.0278   0.9256  -1.4181
  1.1128  -2.0262   0.9244  -1.4287
  1.1092  -2.0245   0.9233  -1.4395
  1.1053  -2.0228   0.9222  -1.4506
  1.1012  -2.0210   0.9212  -1.4618
  1.0969  -2.0191   0.9202  -1.4731
  1.0925  -2.0171   0.9193  -1.4846
  1.0878  -2.0151   0.9183  -1.4961
  1.0831  -2.0130   0.9174  -1.5077
  1.0781  -2.0108   0.9165  -1.5193
  1.0730  -2.0085   0.9156  -1.5310
  1.0678  -2.0061   0.9147  -1.5428
  1.0625  -2.0037   0.9137  -1.5546
  1.0571  -2.0011   0.9128  -1.5664
  1.0516  -1.9984   0.9118  -1.5783
  1.0460  -1.9956   0.9108  -1.5902
  1.0403  -1.9927   0.9098  -1.6021
  1.0345  -1.9897   0.9087  -1.6141
  1.0287  -1.9866   0.9076  -1.6260
  1.0229  -1.9834   0.9065  -1.6381
  1.0170  -1.9801   0.9053  -1.6501
  1.0111  -1.9767   0.9041  -1.6622
  1.0051  -1.9731   0.9028  -1.6743
  0.9992  -1.9695   0.9015  -1.6864
  0.9932  -1.9657   0.9001  -1.6986
  0.9873  -1.9618   0.8986  -1.7108
  0.9813  -1.9578   0.8972  -1.7230
  0.9754  -1.9537   0.8956  -1.7352
  0.9695  -1.9495   0.8940  -1.7475
  0.9637  -1.9452   0.8924  -1.7598
  0.9579  -1.9408   0.8907  -1.7720
  0.9521  -1.9362   0.8889  -1.7844
  0.9464  -1.9316   0.8871  -1.7967
  0.9408  -1.9268   0.8852  -1.8091
  0.9352  -1.9220   0.8833  -1.8214
  0.9297  -1.9170   0.8813  -1.8338
  0.9243  -1.9120   0.8792  -1.8462
  0.9189  -1.9069   0.8772  -1.8586
  0.9137  -1.9016   0.8750  -1.8710
  0.9086  -1.8963   0.8729  -1.8835
  0.9035  -1.8909   0.8707  -1.8959
  0.8986  -1.8855   0.8684  -1.9084
  0.8938  -1.8799   0.8661  -1.9208
  0.8891  -1.8743   0.8638  -1.9333
  0.8845  -1.8686   0.8615  -1.9457
  0.8801  -1.8628   0.8591  -1.9582
  0.8757  -1.8570   0.8568  -1.9706
  0.8716  -1.8511   0.8544  -1.9831
  0.8675  -1.8452   0.8521  -1.9955
  0.8636  -1.8392   0.8497  -2.0080
  0.8599  -1.8332   0.8474  -2.0204
  0.8563  -1.8272   0.8451  -2.0328
  0.8529  -1.8211   0.8428  -2.0451
  0.8496  -1.8151   0.8406  -2.0574
  0.8465  -1.8090   0.8384  -2.0696
  0.8435  -1.8029   0.8363  -2.0817
  0.8408  -1.7969   0.8342  -2.0938
  0.8382  -1.7909   0.8323  -2.1057
  0.8357  -1.7850   0.8304  -2.1174
  0.8335  -1.7792   0.8286  -2.1288
  0.8315  -1.7735   0.8270  -2.1400
  0.8296  -1.7680   0.8255  -2.1508
  0.8279  -1.7628   0.8241  -2.1611
  0.8265  -1.7579   0.8229  -2.1707
  0.8252  -1.7534   0.8218  -2.1796
  0.8242  -1.7494   0.8210  -2.1874
  0.8234  -1.7460   0.8203  -2.1939
  0.8229  -1.7436   0.8199  -2.1987
  0.8229  -1.7436   0.8199  -2.1987
  0.8274  -1.7491   0.8196  -2.2014
  0.8320  -1.7544   0.8196  -2.2041
  0.8366  -1.7594   0.8198  -2.2068
  0.8412  -1.7641   0.8203  -2.2094
  0.8459  -1.7685   0.8210  -2.2121
  0.8506  -1.7726   0.8219  -2.2147
  0.8553  -1.7765   0.8231  -2.2173
  0.8601  -1.7800   0.8245  -2.2199
  0.8648  -1.7833   0.8261  -2.2224
  0.8696  -1.7864   0.8278  -2.2250
  0.8744  -1.7891   0.8298  -2.2275
  0.8792  -1.7916   0.8319  -2.2300
  0.8840  -1.7938   0.8342  -2.2325
  0.8888  -1.7958   0.8367  -2.2350
  0.8937  -1.7975   0.8393  -2.2375
  0.8985  -1.7990   0.8421  -2.2399
  0.9033  -1.8001   0.8450  -2.2424
  0.9082  -1.8011   0.8480  -2.2448
  0.9130  -1.8017   0.8512  -2.2472
  0.9178  -1.8022   0.8545  -2.2496
  0.9226  -1.8023   0.8579  -2.2520
  0.9274  -1.8023   0.8614  -2.2544
  0.9322  -1.8019   0.8650  -2.2568
  0.9370  -1.8014   0.8686  -2.2592
  0.9417  -1.8006   0.8724  -2.2615
  0.9464  -1.7995   0.8763  -2.2639
  0.9511  -1.7982   0.8802  -2.2662
  0.9557  -1.7967   0.8842  -2.2685
  0.9603  -1.7949   0.8882  -2.2708
  0.9649  -1.7929   0.8923  -2.2731
  0.9695  -1.7906   0.8964  -2.2754
  0.9739  -1.7881   0.9006  -2.2777
  0.9784  -1.7854   0.9048  -2.2799
  0.9828  -1.7824   0.9091  -2.2822
  0.9871  -1.7792   0.9134  -2.2845
  0.9914  -1.7758   0.9177  -2.2867
  0.9956  -1.7721   0.9220  -2.2889
  0.9998  -1.7682   0.9263  -2.2911
  1.0039  -1.7641   0.9306  -2.2933
  1.0079  -1.7597   0.9349  -2.2955
  1.0119  -1.7552   0.9392  -2.2977
  1.0158  -1.7503   0.9435  -2.2999
  1.0196  -1.7453   0.9478  -2.3021
  1.0233  -1.7400   0.9520  -2.3042
  1.0270  -1.7345   0.9563  -2.3063
  1.0306  -1.7288   0.9604  -2.3085
  1.0341  -1.7228   0.9646  -2.3106
  1.0375  -1.7167   0.9687  -2.3127
  1.0408  -1.7103   0.9727  -2.3147
  1.0441  -1.7036   0.9767  -2.3168
  1.0472  -1.6968   0.9806  -2.3188
  1.0502  -1.6897   0.9845  -2.3209
  1.0532  -1.6824   0.9883  -2.3229
  1.0560  -1.6748   0.9920  -2.3248
  1.0588  -1.6670   0.9956  -2.3268
  1.0614  -1.6590   0.9991  -2.3287
  1.0639  -1.6508   1.0026  -2.3307
  1.0664  -1.6424   1.0059  -2.3326
  1.0687  -1.6337   1.0092  -2.3344
  1.0709  -1.6247   1.0123  -2.3362
  1.0730  -1.6156   1.0154  -2.3380
  1.0750  -1.6062   1.0183  -2.3398
  1.0768  -1.5966   1.0211  -2.3415
  1.0786  -1.5867   1.0238  -2.3432
  1.0802  -1.5766   1.0263  -2.3448
  1.0817  -1.5663   1.0287  -2.3463
  1.0831  -1.5557   1.0310  -2.3479
  1.0843  -1.5449   1.0331  -2.3493
  1.0855  -1.5338   1.0350  -2.3507
  1.0865  -1.5225   1.0369  -2.3520
  1.0873  -1.5110   1.0385  -2.3532
  1.0880  -1.4992   1.0400  -2.3543
  1.0886  -1.4871   1.0413  -2.3553
  1.0891  -1.4748   1.0424  -2.3562
  1.0894  -1.4622   1.0434  -2.3570
  1.0895  -1.4493   1.0442  -2.3577
  1.0895  -1.4362   1.0448  -2.3582
  1.0894  -1.4227   1.0452  -2.3585
  1.0891  -1.4090   1.0454  -2.3587
  1.0891  -1.4090   1.0454  -2.3587
  1.0887  -1.3951   1.0453  -2.3587
  1.0889  -1.3870   1.0447  -2.3581
  1.0896  -1.3837   1.0433  -2.3569
  1.0908  -1.3841   1.0414  -2.3553
  1.0924  -1.3874   1.0388  -2.3533
  1.0942  -1.3929   1.0358  -2.3509
  1.0961  -1.4000   1.0322  -2.3482
  1.0983  -1.4086   1.0281  -2.3452
  1.1005  -1.4181   1.0237  -2.3419
  1.1028  -1.4284   1.0188  -2.3383
  1.1051  -1.4393   1.0135  -2.3345
  1.1074  -1.4507   1.0078  -2.3305
  1.1098  -1.4624   1.0018  -2.3262
  1.1121  -1.4744   0.9955  -2.3216
  1.1144  -1.4865   0.9889  -2.3169
  1.1167  -1.4989   0.9821  -2.3119
  1.1189  -1.5113   0.9750  -2.3066
  1.1211  -1.5238   0.9676  -2.3011
  1.1233  -1.5364   0.9601  -2.2954
  1.1253  -1.5490   0.9524  -2.2894
  1.1274  -1.5617   0.9445  -2.2832
  1.1293  -1.5744   0.9365  -2.2767
  1.1312  -1.5871   0.9284  -2.2700
  1.1331  -1.5997   0.9201  -2.2630
  1.1348  -1.6124   0.9118  -2.2558
  1.1365  -1.6251   0.9034  -2.2483
  1.1382  -1.6377   0.8949  -2.2406
  1.1397  -1.6504   0.8864  -2.2326
  1.1412  -1.6630   0.8778  -2.2243
  1.1425  -1.6756   0.8692  -2.2158
  1.1438  -1.6882   0.8607  -2.2070
  1.1451  -1.7008   0.8521  -2.1980
  1.1462  -1.7133   0.8436  -2.1887
  1.1473  -1.7258   0.8351  -2.1791
  1.1482  -1.7383   0.8266  -2.1693
  1.1491  -1.7508   0.8182  -2.1592
  1.1499  -1.7632   0.8099  -2.1489
  1.1506  -1.7756   0.8016  -2.1383
  1.1512  -1.7879   0.7934  -2.1274
  1.1518  -1.8002   0.7853  -2.1164
  1.1522  -1.8125   0.7774  -2.1050
  1.1526  -1.8248   0.7695  -2.0934
  1.1529  -1.8370   0.7617  -2.0816
  1.1531  -1.8491   0.7541  -2.0695
  1.1532  -1.8612   0.7466  -2.0572
  1.1532  -1.8733   0.7392  -2.0446
  1.1532  -1.8853   0.7320  -2.0319
  1.1531  -1.8973   0.7249  -2.0188
  1.1529  -1.9092   0.7180  -2.0056
  1.1526  -1.9211   0.7112  -1.9921
  1.1522  -1.9329   0.7046  -1.9785
  1.1518  -1.9447   0.6981  -1.9646
  1.1513  -1.9564   0.6918  -1.9505
  1.1508  -1.9680   0.6857  -1.9362
  1.1502  -1.9796   0.6797  -1.9217
  1.1495  -1.9911   0.6739  -1.9070
  1.1488  -2.0026   0.6683  -1.8921
  1.1480  -2.0139   0.6629  -1.8770
  1.1472  -2.0252   0.6576  -1.8618
  1.1464  -2.0364   0.6525  -1.8464
  1.1455  -2.0475   0.6475  -1.8309
  1.1446  -2.0586   0.6428  -1.8153
  1.1436  -2.0695   0.6382  -1.7995
  1.1427  -2.0803   0.6338  -1.7837
  1.1417  -2.0910   0.6296  -1.7677
  1.1408  -2.1015   0.6255  -1.7518
  1.1398  -2.1118   0.6217  -1.7358
  1.1388  -2.1220   0.6180  -1.7199
  1.1379  -2.1319   0.6145  -1.7041
  1.1370  -2.1415   0.6112  -1.6884
  1.1361  -2.1508   0.6081  -1.6731
  1.1353  -2.1597   0.6052  -1.6581
  1.1345  -2.1681   0.6025  -1.6437
  1.1338  -2.1760   0.6001  -1.6301
  1.1332  -2.1831   0.5979  -1.6175
  1.1326  -2.1893   0.5960  -1.6062
  1.1322  -2.1944   0.5945  -1.5968
  1.1319  -2.1981   0.5934  -1.5897
  1.1317  -2.2001   0.5928  -1.5856
  1.1317  -2.2001   0.5928  -1.5856
  1.1318  -2.2001   0.6055  -1.5959
  1.1318  -2.1998   0.6181  -1.6060
  1.1318  -2.1992   0.6305  -1.6159
  1.1318  -2.1984   0.6429  -1.6255
  1.1319  -2.1974   0.6551  -1.6349
  1.1319  -2.1962   0.6672  -1.6441
  1.1320  -2.1948   0.6792  -1.6531
  1.1320  -2.1932   0.6911  -1.6619
  1.1321  -2.1915   0.7029  -1.6704
  1.1321  -2.1897   0.7146  -1.6788
  1.1322  -2.1878   0.7262  -1.6869
  1.1322  -2.1857   0.7376  -1.6949
  1.1323  -2.1836   0.7490  -1.7026
  1.1323  -2.1814   0.7602  -1.7101
  1.1324  -2.1791   0.7713  -1.7174
  1.1325  -2.1768   0.7823  -1.7245
  1.1326  -2.1744   0.7932  -1.7314
  1.1326  -2.1720   0.8039  -1.7381
  1.1327  -2.1695   0.8146  -1.7446
  1.1328  -2.1670   0.8251  -1.7509
  1.1329  -2.1645   0.8355  -1.7570
  1.1330  -2.1619   0.8458  -1.7629
  1.1331  -2.1593   0.8559  -1.7686
  1.1332  -2.1567   0.8659  -1.7741
  1.1333  -2.1541   0.8758  -1.7794
  1.1334  -2.1515   0.8856  -1.7845
  1.1335  -2.1489   0.8953  -1.7893
  1.1337  -2.1462   0.9048  -1.7940
  1.1338  -2.1436   0.9141  -1.7985
  1.1339  -2.1410   0.9234  -1.8028
  1.1340  -2.1384   0.9324  -1.8068
  1.1341  -2.1357   0.9414  -1.8107
  1.1343  -2.1331   0.9502  -1.8144
  1.1344  -2.1305   0.9588  -1.8178
  1.1345  -2.1279   0.9673  -1.8211
  1.1347  -2.1253   0.9757  -1.8242
  1.1348  -2.1227   0.9839  -1.8270
  1.1349  -2.1202   0.9919  -1.8297
  1.1351  -2.1176   0.9998  -1.8321
  1.1352  -2.1151   1.0075  -1.8344
  1.1353  -2.1126   1.0151  -1.8364
  1.1355  -2.1101   1.0224  -1.8382
  1.1356  -2.1076   1.0296  -1.8399
  1.1357  -2.1051   1.0367  -1.8413
  1.1359  -2.1026   1.0435  -1.8425
  1.1360  -2.1002   1.0502  -1.8435
  1.1361  -2.0978   1.0567  -1.8443
  1.1363  -2.0954   1.0630  -1.8449
  1.1364  -2.0930   1.0691  -1.8453
  1.1365  -2.0907   1.0750  -1.8455
  1.1366  -2.0883   1.0807  -1.8455
  1.1368  -2.0860   1.0862  -1.8452
  1.1369  -2.0838   1.0915  -1.8448
  1.1370  -2.0815   1.0966  -1.8441
  1.1371  -2.0793   1.1015  -1.8432
  1.1372  -2.0771   1.1062  -1.8421
  1.1374  -2.0750   1.1107  -1.8408
  1.1375  -2.0729   1.1149  -1.8393
  1.1376  -2.0708   1.1189  -1.8376
  1.1377  -2.0687   1.1227  -1.8356
  1.1377  -2.0667   1.1263  -1.8335
  1.1378  -2.0648   1.1296  -1.8311
  1.1379  -2.0629   1.1327  -1.8285
  1.1380  -2.0610   1.1356  -1.8256
  1.1381  -2.0592   1.1382  -1.8226
  1.1381  -2.0575   1.1405  -1.8193
  1.1382  -2.0558   1.1427  -1.8158
  1.1383  -2.0542   1.1445  -1.8121
  1.1383  -2.0527   1.1462  -1.8082
  1.1384  -2.0512   1.1475  -1.8040
  1.1384  -2.0498   1.1486  -1.7996
  1.1385  -2.0486   1.1495  -1.7950
  1.1385  -2.0474   1.1500  -1.7901
  1.1385  -2.0464   1.1503  -1.7850
  1.1385  -2.0455   1.1504  -1.7797
  1.1385  -2.0448   1.1501  -1.7741
  1.1386  -2.0442   1.1496  -1.7683
  1.1386  -2.0437   1.1488  -1.7622
  1.1386  -2.0435   1.1477  -1.7559
  1.1386  -2.0435   1.1477  -1.7559
  1.1386  -2.0435   1.1464  -1.7494
  1.1383  -2.0425   1.1449  -1.7457
  1.1379  -2.0406   1.1433  -1.7442
  1.1373  -2.0380   1.1415  -1.7446
  1.1364  -2.0350   1.1396  -1.7463
  1.1354  -2.0315   1.1374  -1.7491
  1.1341  -2.0277   1.1351  -1.7529
  1.1327  -2.0236   1.1325  -1.7573
  1.1311  -2.0194   1.1297  -1.7623
  1.1293  -2.0149   1.1267  -1.7678
  1.1274  -2.0104   1.1235  -1.7735
  1.1252  -2.0058   1.1200  -1.7796
  1.1230  -2.0010   1.1163  -1.7859
  1.1205  -1.9962   1.1125  -1.7923
  1.1180  -1.9914   1.1084  -1.7989
  1.1152  -1.9866   1.1041  -1.8055
  1.1124  -1.9817   1.0996  -1.8123
  1.1094  -1.9767   1.0950  -1.8191
  1.1063  -1.9718   1.0902  -1.8260
  1.1030  -1.9669   1.0852  -1.8329
  1.0997  -1.9619   1.0800  -1.8398
  1.0962  -1.9570   1.0747  -1.8468
  1.0926  -1.9520   1.0693  -1.8537
  1.0889  -1.9471   1.0637  -1.8607
  1.0852  -1.9421   1.0581  -1.8677
  1.0813  -1.9371   1.0523  -1.8747
  1.0773  -1.9322   1.0463  -1.8816
  1.0733  -1.9272   1.0403  -1.8886
  1.0691  -1.9223   1.0342  -1.8956
  1.0649  -1.9173   1.0280  -1.9025
  1.0607  -1.9124   1.0218  -1.9095
  1.0563  -1.9075   1.0155  -1.9164
  1.0520  -1.9026   1.0091  -1.9234
  1.0475  -1.8976   1.0026  -1.9303
  1.0430  -1.8927   0.9962  -1.9372
  1.0385  -1.8878   0.9896  -1.9441
  1.0339  -1.8829   0.9831  -1.9510
  1.0293  -1.8780   0.9766  -1.9579
  1.0247  -1.8731   0.9700  -1.9648
  1.0200  -1.8682   0.9634  -1.9717
  1.0153  -1.8634   0.9569  -1.9785
  1.0107  -1.8585   0.9503  -1.9854
  1.0060  -1.8536   0.9438  -1.9922
  1.0013  -1.8488   0.9373  -1.9990
  0.9966  -1.8439   0.9308  -2.0058
  0.9919  -1.8390   0.9244  -2.0126
  0.9872  -1.8342   0.9181  -2.0193
  0.9826  -1.8293   0.9118  -2.0261
  0.9780  -1.8245   0.9055  -2.0328
  0.9734  -1.8196   0.8994  -2.0396
  0.9688  -1.8148   0.8933  -2.0463
  0.9643  -1.8100   0.8873  -2.0530
  0.9599  -1.8051   0.8814  -2.0597
  0.9555  -1.8003   0.8756  -2.0663
  0.9512  -1.7955   0.8700  -2.0730
  0.9469  -1.7906   0.8644  -2.0796
  0.9427  -1.7858   0.8590  -2.0862
  0.9386  -1.7810   0.8538  -2.0928
  0.9346  -1.7762   0.8487  -2.0993
  0.9306  -1.7714   0.8437  -2.1058
  0.9268  -1.7666   0.8389  -2.1123
  0.9231  -1.7618   0.8343  -2.1188
  0.9195  -1.7570   0.8298  -2.1252
  0.9160  -1.7522   0.8256  -2.1316
  0.9127  -1.7475   0.8215  -2.1379
  0.9095  -1.7428   0.8177  -2.1441
  0.9064  -1.7381   0.8141  -2.1503
  0.9035  -1.7335   0.8107  -2.1563
  0.9008  -1.7289   0.8075  -2.1623
  0.8982  -1.7245   0.8046  -2.1681
  0.8959  -1.7201   0.8019  -2.1737
  0.8937  -1.7159   0.7995  -2.1791
  0.8917  -1.7120   0.7974  -2.1842
  0.8900  -1.7082   0.7955  -2.1889
  0.8885  -1.7048   0.7940  -2.1933
  0.8872  -1.7018   0.7927  -2.1971
  0.8863  -1.6992   0.7917  -2.2002
  0.8856  -1.6974   0.7911  -2.2026
  0.8853  -1.6964   0.7908  -2.2039
  0.8853  -1.6964   0.7908  -2.2039
  0.8908  -1.7024   0.7907  -2.2038
  0.8964  -1.7081   0.7909  -2.2044
  0.9019  -1.7136   0.7914  -2.2055
  0.9075  -1.7187   0.7921  -2.2070
  0.9130  -1.7236   0.7931  -2.2089
  0.9186  -1.7281   0.7942  -2.2111
  0.9241  -1.7324   0.7956  -2.2136
  0.9296  -1.7364   0.7972  -2.2164
  0.9351  -1.7401   0.7990  -2.2194
  0.9406  -1.7436   0.8009  -2.2225
  0.9461  -1.7467   0.8031  -2.2259
  0.9515  -1.7496   0.8054  -2.2293
  0.9570  -1.7522   0.8079  -2.2329
  0.9624  -1.7546   0.8105  -2.2366
  0.9677  -1.7567   0.8133  -2.2403
  0.9731  -1.7585   0.8163  -2.2440
  0.9784  -1.7601   0.8194  -2.2478
  0.9837  -1.7614   0.8226  -2.2516
  0.9890  -1.7624   0.8259  -2.2554
  0.9942  -1.7632   0.8294  -2.2592
  0.9994  -1.7638   0.8329  -2.2630
  1.0045  -1.7641   0.8366  -2.2668
  1.0096  -1.7641   0.8404  -2.2705
  1.0146  -1.7639   0.8442  -2.2742
  1.0196  -1.7635   0.8482  -2.2778
  1.0245  -1.7628   0.8522  -2.2813
  1.0294  -1.7619   0.8563  -2.2848
  1.0342  -1.7607   0.8604  -2.2883
  1.0390  -1.7593   0.8647  -2.2917
  1.0437  -1.7576   0.8689  -2.2950
  1.0483  -1.7557   0.8733  -2.2982
  1.0529  -1.7536   0.8776  -2.3013
  1.0574  -1.7513   0.8820  -2.3044
  1.0618  -1.7487   0.8865  -2.3074
  1.0662  -1.7458   0.8909  -2.3102
  1.0705  -1.7428   0.8954  -2.3131
  1.0747  -1.7395   0.8999  -2.3158
  1.0788  -1.7360   0.9044  -2.3184
  1.0828  -1.7322   0.9089  -2.3210
  1.0868  -1.7283   0.9134  -2.3234
  1.0906  -1.7241   0.9179  -2.3258
  1.0944  -1.7196   0.9223  -2.3281
  1.0981  -1.7150   0.9268  -2.3303
  1.1017  -1.7101   0.9312  -2.3324
  1.1052  -1.7050   0.9356  -2.3344
  1.1086  -1.6997   0.9400  -2.3363
  1.1119  -1.6941   0.9443  -2.3382
  1.1151  -1.6884   0.9485  -2.3400
  1.1182  -1.6824   0.9527  -2.3416
  1.1212  -1.6761   0.9569  -2.3432
  1.1241  -1.6697   0.9610  -2.3448
  1.1269  -1.6630   0.9650  -2.3462
  1.1296  -1.6561   0.9689  -2.3475
  1.1322  -1.6490   0.9728  -2.3488
  1.1347  -1.6417   0.9766  -2.3500
  1.1370  -1.6341   0.9803  -2.3511
  1.1393  -1.6264   0.9839  -2.3522
  1.1414  -1.6184   0.9873  -2.3532
  1.1434  -1.6101   0.9907  -2.3541
  1.1453  -1.6017   0.9940  -2.3549
  1.1471  -1.5930   0.9972  -2.3557
  1.1488  -1.5841   1.0002  -2.3564
  1.1503  -1.5749   1.0031  -2.3570
  1.1517  -1.5656   1.0059  -2.3576
  1.1530  -1.5560   1.0085  -2.3581
  1.1542  -1.5461   1.0110  -2.3586
  1.1552  -1.5361   1.0134  -2.3590
  1.1561  -1.5257   1.0155  -2.3594
  1.1569  -1.5152   1.0176  -2.3597
  1.1575  -1.5044   1.0195  -2.3600
  1.1580  -1.4934   1.0212  -2.3602
  1.1584  -1.4821   1.0227  -2.3604
  1.1586  -1.4705   1.0241  -2.3605
  1.1587  -1.4588   1.0253  -2.3607
  1.1587  -1.4467   1.0263  -2.3608
  1.1585  -1.4344   1.0271  -2.3608
  1.1582  -1.4218   1.0277  -2.3609
  1.1577  -1.4090   1.0281  -2.3609
  1.1570  -1.3959   1.0283  -2.3609
  1.1570  -1.3959   1.0283  -2.3609
  1.1563  -1.3825   1.0283  -2.3609
  1.1563  -1.3689   1.0280  -2.3602
  1.1573  -1.3562   1.0273  -2.3589
  1.1591  -1.3450   1.0263  -2.3571
  1.1617  -1.3356   1.0250  -2.3548
  1.1650  -1.3283   1.0234  -2.3523
  1.1691  -1.3233   1.0215  -2.3494
  1.1738  -1.3206   1.0193  -2.3462
  1.1790  -1.3204   1.0169  -2.3428
  1.1847  -1.3225   1.0141  -2.3391
  1.1909  -1.3270   1.0111  -2.3353
  1.1975  -1.3338   1.0078  -2.3312
  1.2043  -1.3429   1.0043  -2.3270
  1.2114  -1.3543   1.0005  -2.3226
  1.2186  -1.3679   0.9965  -2.3181
  1.2260  -1.3837   0.9923  -2.3133
  1.2333  -1.4015   0.9878  -2.3085
  1.2407  -1.4214   0.9832  -2.3034
  1.2479  -1.4432   0.9784  -2.2982
  1.2550  -1.4666   0.9733  -2.2929
  1.2618  -1.4916   0.9682  -2.2874
  1.2682  -1.5177   0.9628  -2.2817
  1.2743  -1.5446   0.9573  -2.2759
  1.2799  -1.5720   0.9517  -2.2700
  1.2850  -1.5995   0.9459  -2.2639
  1.2896  -1.6268   0.9400  -2.2576
  1.2935  -1.6539   0.9340  -2.2511
  1.2970  -1.6805   0.9279  -2.2445
  1.2998  -1.7065   0.9218  -2.2378
  1.3021  -1.7320   0.9156  -2.2309
  1.3038  -1.7567   0.9093  -2.2238
  1.3049  -1.7808   0.9029  -2.2165
  1.3055  -1.8042   0.8965  -2.2091
  1.3056  -1.8269   0.8901  -2.2015
  1.3052  -1.8488   0.8836  -2.1938
  1.3042  -1.8701   0.8771  -2.1858
  1.3028  -1.8907   0.8706  -2.1778
  1.3010  -1.9106   0.8641  -2.1695
  1.2987  -1.9298   0.8576  -2.1611
  1.2960  -1.9483   0.8511  -2.1524
  1.2929  -1.9663   0.8446  -2.1436
  1.2894  -1.9836   0.8381  -2.1347
  1.2856  -2.0002   0.8317  -2.1255
  1.2814  -2.0163   0.8253  -2.1162
  1.2769  -2.0318   0.8189  -2.1067
  1.2722  -2.0466   0.8125  -2.0970
  1.2671  -2.0609   0.8063  -2.0871
  1.2619  -2.0746   0.8000  -2.0771
  1.2564  -2.0878   0.7938  -2.0668
  1.2507  -2.1004   0.7877  -2.0564
  1.2448  -2.1124   0.7817  -2.0457
  1.2388  -2.1239   0.7757  -2.0349
  1.2326  -2.1348   0.7699  -2.0239
  1.2264  -2.1452   0.7641  -2.0127
  1.2200  -2.1550   0.7584  -2.0013
  1.2137  -2.1643   0.7528  -1.9897
  1.2072  -2.1731   0.7473  -1.9780
  1.2008  -2.1814   0.7419  -1.9660
  1.1944  -2.1891   0.7367  -1.9538
  1.1880  -2.1964   0.7315  -1.9415
  1.1817  -2.2031   0.7265  -1.9290
  1.1755  -2.2093   0.7217  -1.9163
  1.1694  -2.2150   0.7169  -1.9035
  1.1635  -2.2203   0.7123  -1.8905
  1.1577  -2.2251   0.7079  -1.8774
  1.1521  -2.2294   0.7036  -1.8641
  1.1468  -2.2332   0.6995  -1.8509
  1.1417  -2.2366   0.6956  -1.8375
  1.1368  -2.2396   0.6919  -1.8242
  1.1323  -2.2421   0.6884  -1.8110
  1.1281  -2.2443   0.6850  -1.7980
  1.1242  -2.2461   0.6820  -1.7853
  1.1208  -2.2475   0.6791  -1.7730
  1.1177  -2.2486   0.6766  -1.7613
  1.1151  -2.2494   0.6743  -1.7505
  1.1129  -2.2499   0.6724  -1.7408
  1.1113  -2.2502   0.6709  -1.7327
  1.1101  -2.2503   0.6698  -1.7266
  1.1096  -2.2504   0.6692  -1.7232
  1.1096  -2.2504   0.6692  -1.7232
  1.1096  -2.2504   0.6692  -1.7232
  1.1096  -2.2504   0.6692  -1.7232
  1.1096  -2.2504   0.6692  -1.7232
  1.1096  -2.2504   0.6692  -1.7232
  1.1096  -2.2504   0.6692  -1.7232
  1.1096  -2.2504   0.6692  -1.7232
  1.1096  -2.2504   0.6692  -1.7232
  1.1096  -2.2504   0.6692  -1.7232
  1.1096  -2.2503   0.6811  -1.7325
  1.1096  -2.2509   0.6929  -1.7417
  1.1094  -2.2518   0.7047  -1.7507
  1.1092  -2.2531   0.7163  -1.7595
  1.1089  -2.2548   0.7280  -1.7681
  1.1086  -2.2567   0.7395  -1.7766
  1.1081  -2.2588   0.7510  -1.7848
  1.1076  -2.2611   0.7623  -1.7929
  1.1070  -2.2634   0.7737  -1.8008
  1.1063  -2.2659   0.7849  -1.8085
  1.1056  -2.2684   0.7961  -1.8160
  1.1048  -2.2709   0.8072  -1.8233
  1.1040  -2.2734   0.8182  -1.8305
  1.1031  -2.2759   0.8291  -1.8374
  1.1021  -2.2783   0.8400  -1.8442
  1.1011  -2.2806   0.8508  -1.8508
  1.1001  -2.2828   0.8615  -1.8572
  1.0989  -2.2850   0.8721  -1.8635
  1.0978  -2.2870   0.8827  -1.8695
  1.0966  -2.2888   0.8931  -1.8754
  1.0954  -2.2905   0.9035  -1.8810
  1.0941  -2.2921   0.9138  -1.8865
  1.0928  -2.2935   0.9239  -1.8918
  1.0915  -2.2947   0.9340  -1.8969
  1.0901  -2.2957   0.9440  -1.9019
  1.0888  -2.2965   0.9539  -1.9066
  1.0874  -2.2972   0.9637  -1.9111
  1.0860  -2.2976   0.9734  -1.9155
  1.0845  -2.2978   0.9830  -1.9197
  1.0831  -2.2979   0.9925  -1.9236
  1.0816  -2.2977   1.0018  -1.9274
  1.0801  -2.2973   1.0111  -1.9310
  1.0787  -2.2967   1.0202  -1.9344
  1.0772  -2.2959   1.0292  -1.9376
  1.0757  -2.2949   1.0381  -1.9406
  1.0742  -2.2936   1.0468  -1.9434
  1.0727  -2.2921   1.0554  -1.9460
  1.0712  -2.2904   1.0639  -1.9484
  1.0698  -2.2885   1.0722  -1.9506
  1.0683  -2.2864   1.0804  -1.9526
  1.0668  -2.2840   1.0885  -1.9544
  1.0654  -2.2815   1.0964  -1.9560
  1.0640  -2.2787   1.1041  -1.9574
  1.0625  -2.2757   1.1117  -1.9586
  1.0611  -2.2725   1.1191  -1.9596
  1.0597  -2.2690   1.1263  -1.9604
  1.0584  -2.2654   1.1334  -1.9609
  1.0570  -2.2615   1.1403  -1.9613
  1.0557  -2.2575   1.1470  -1.9614
  1.0544  -2.2532   1.1535  -1.9614
  1.0531  -2.2488   1.1598  -1.9611
  1.0519  -2.2441   1.1660  -1.9606
  1.0507  -2.2393   1.1719  -1.9599
  1.0495  -2.2343   1.1776  -1.9590
  1.0483  -2.2291   1.1832  -1.9579
  1.0472  -2.2238   1.1885  -1.9565
  1.0460  -2.2184   1.1936  -1.9550
  1.0450  -2.2127   1.1984  -1.9532
  1.0439  -2.2070   1.2031  -1.9512
  1.0429  -2.2012   1.2075  -1.9489
  1.0420  -2.1952   1.2117  -1.9465
  1.0410  -2.1892   1.2156  -1.9438
  1.0401  -2.1831   1.2193  -1.9409
  1.0393  -2.1770   1.2228  -1.9378
  1.0384  -2.1709   1.2260  -1.9344
  1.0376  -2.1648   1.2289  -1.9308
  1.0369  -2.1588   1.2316  -1.9270
  1.0362  -2.1528   1.2341  -1.9230
  1.0355  -2.1470   1.2362  -1.9187
  1.0349  -2.1414   1.2381  -1.9142
  1.0344  -2.1360   1.2397  -1.9095
  1.0339  -2.1308   1.2410  -1.9045
  1.0334  -2.1260   1.2421  -1.8992
  1.0330  -2.1216   1.2429  -1.8938
  1.0327  -2.1177   1.2433  -1.8881
  1.0324  -2.1144   1.2435  -1.8821
  1.0321  -2.1117   1.2434  -1.8760
  1.0320  -2.1098   1.2429  -1.8695
  1.0319  -2.1088   1.2422  -1.8628
  1.0319  -2.1088   1.2422  -1.8628
  1.0319  -2.1088   1.2412  -1.8559
  1.0317  -2.1102   1.2402  -1.8551
  1.0312  -2.1126   1.2394  -1.8593
  1.0305  -2.1157   1.2384  -1.8673
  1.0296  -2.1193   1.2374  -1.8783
  1.0285  -2.1233   1.2361  -1.8915
  1.0272  -2.1275   1.2346  -1.9063
  1.0257  -2.1317   1.2328  -1.9223
  1.0240  -2.1360   1.2307  -1.9391
  1.0220  -2.1402   1.2283  -1.9563
  1.0200  -2.1443   1.2255  -1.9737
  1.0177  -2.1482   1.2223  -1.9911
  1.0153  -2.1520   1.2188  -2.0084
  1.0128  -2.1555   1.2149  -2.0254
  1.0101  -2.1587   1.2107  -2.0421
  1.0072  -2.1617   1.2061  -2.0584
  1.0043  -2.1645   1.2011  -2.0743
  1.0012  -2.1669   1.1959  -2.0898
  0.9981  -2.1691   1.1903  -2.1049
  0.9948  -2.1709   1.1845  -2.1195
  0.9915  -2.1725   1.1784  -2.1337
  0.9881  -2.1738   1.1720  -2.1474
  0.9847  -2.1747   1.1653  -2.1608
  0.9811  -2.1754   1.1584  -2.1737
  0.9776  -2.1757   1.1513  -2.1862
  0.9739  -2.1758   1.1440  -2.1982
  0.9703  -2.1755   1.1364  -2.2099
  0.9666  -2.1749   1.1287  -2.2211
  0.9629  -2.1740   1.1208  -2.2318
  0.9592  -2.1728   1.1128  -2.2421
  0.9555  -2.1713   1.1045  -2.2520
  0.9518  -2.1695   1.0962  -2.2614
  0.9481  -2.1674   1.0877  -2.2704
  0.9444  -2.1650   1.0791  -2.2790
  0.9407  -2.1623   1.0705  -2.2871
  0.9370  -2.1593   1.0617  -2.2947
  0.9334  -2.1559   1.0529  -2.3019
  0.9298  -2.1523   1.0440  -2.3086
  0.9262  -2.1483   1.0351  -2.3149
  0.9227  -2.1441   1.0262  -2.3207
  0.9192  -2.1395   1.0172  -2.3261
  0.9158  -2.1347   1.0082  -2.3311
  0.9124  -2.1295   0.9993  -2.3356
  0.9091  -2.1240   0.9904  -2.3396
  0.9058  -2.1181   0.9815  -2.3432
  0.9026  -2.1120   0.9727  -2.3464
  0.8995  -2.1056   0.9639  -2.3492
  0.8965  -2.0988   0.9552  -2.3515
  0.8935  -2.0917   0.9466  -2.3534
  0.8905  -2.0842   0.9381  -2.3549
  0.8877  -2.0765   0.9297  -2.3560
  0.8849  -2.0684   0.9215  -2.3566
  0.8822  -2.0599   0.9133  -2.3568
  0.8796  -2.0511   0.9054  -2.3567
  0.8770  -2.0420   0.8976  -2.3561
  0.8746  -2.0325   0.8900  -2.3551
  0.8722  -2.0227   0.8825  -2.3537
  0.8699  -2.0125   0.8753  -2.3519
  0.8676  -2.0019   0.8683  -2.3497
  0.8654  -1.9910   0.8615  -2.3472
  0.8633  -1.9798   0.8549  -2.3443
  0.8613  -1.9681   0.8486  -2.3410
  0.8594  -1.9562   0.8425  -2.3373
  0.8575  -1.9439   0.8367  -2.3333
  0.8557  -1.9312   0.8312  -2.3290
  0.8539  -1.9183   0.8260  -2.3244
  0.8522  -1.9051   0.8211  -2.3195
  0.8506  -1.8917   0.8165  -2.3143
  0.8490  -1.8781   0.8122  -2.3089
  0.8475  -1.8644   0.8083  -2.3034
  0.8461  -1.8507   0.8047  -2.2977
  0.8447  -1.8372   0.8015  -2.2920
  0.8435  -1.8240   0.7986  -2.2863
  0.8423  -1.8113   0.7962  -2.2808
  0.8412  -1.7994   0.7941  -2.2756
  0.8402  -1.7887   0.7924  -2.2709
  0.8395  -1.7796   0.7911  -2.2669
  0.8389  -1.7727   0.7902  -2.2639
  0.8386  -1.7688   0.7898  -2.2622
  0.8386  -1.7688   0.7898  -2.2622
  0.8446  -1.7756   0.7897  -2.2622
  0.8507  -1.7820   0.7899  -2.2634
  0.8568  -1.7882   0.7904  -2.2658
  0.8630  -1.7940   0.7911  -2.2692
  0.8691  -1.7995   0.7921  -2.2733
  0.8754  -1.8046   0.7932  -2.2782
  0.8816  -1.8095   0.7946  -2.2837
  0.8878  -1.8141   0.7962  -2.2897
  0.8941  -1.8183   0.7980  -2.2961
  0.9004  -1.8223   0.7999  -2.3028
  0.9066  -1.8260   0.8021  -2.3098
  0.9129  -1.8294   0.8044  -2.3170
  0.9192  -1.8325   0.8069  -2.3244
  0.9255  -1.8353   0.8095  -2.3318
  0.9318  -1.8379   0.8123  -2.3393
  0.9381  -1.8401   0.8153  -2.3468
  0.9443  -1.8421   0.8183  -2.3542
  0.9506  -1.8438   0.8215  -2.3616
  0.9568  -1.8453   0.8248  -2.3689
  0.9630  -1.8465   0.8283  -2.3761
  0.9692  -1.8474   0.8318  -2.3831
  0.9754  -1.8480   0.8354  -2.3900
  0.9815  -1.8484   0.8391  -2.3967
  0.9876  -1.8485   0.8430  -2.4032
  0.9936  -1.8483   0.8469  -2.4096
  0.9997  -1.8479   0.8508  -2.4157
  1.0056  -1.8473   0.8549  -2.4215
  1.0115  -1.8464   0.8590  -2.4272
  1.0174  -1.8452   0.8632  -2.4326
  1.0232  -1.8438   0.8674  -2.4377
  1.0289  -1.8421   0.8717  -2.4426
  1.0346  -1.8402   0.8760  -2.4472
  1.0402  -1.8380   0.8803  -2.4515
  1.0457  -1.8356   0.8847  -2.4556
  1.0512  -1.8330   0.8891  -2.4594
  1.0566  -1.8301   0.8936  -2.4630
  1.0619  -1.8270   0.8980  -2.4662
  1.0671  -1.8237   0.9025  -2.4692
  1.0723  -1.8201   0.9069  -2.4719
  1.0773  -1.8162   0.9114  -2.4743
  1.0823  -1.8122   0.9158  -2.4765
  1.0871  -1.8079   0.9202  -2.4784
  1.0919  -1.8034   0.9247  -2.4799
  1.0966  -1.7987   0.9290  -2.4812
  1.1012  -1.7937   0.9334  -2.4823
  1.1056  -1.7885   0.9377  -2.4830
  1.1100  -1.7831   0.9420  -2.4835
  1.1143  -1.7774   0.9463  -2.4837
  1.1184  -1.7716   0.9505  -2.4837
  1.1224  -1.7655   0.9546  -2.4833
  1.1264  -1.7592   0.9587  -2.4828
  1.1302  -1.7527   0.9627  -2.4819
  1.1339  -1.7459   0.9666  -2.4809
  1.1375  -1.7390   0.9705  -2.4795
  1.1409  -1.7318   0.9742  -2.4780
  1.1443  -1.7244   0.9779  -2.4762
  1.1475  -1.7168   0.9815  -2.4742
  1.1506  -1.7090   0.9850  -2.4719
  1.1535  -1.7010   0.9884  -2.4695
  1.1564  -1.6927   0.9917  -2.4669
  1.1591  -1.6843   0.9949  -2.4641
  1.1617  -1.6756   0.9979  -2.4611
  1.1641  -1.6667   1.0008  -2.4580
  1.1665  -1.6576   1.0036  -2.4548
  1.1687  -1.6483   1.0063  -2.4515
  1.1707  -1.6388   1.0088  -2.4480
  1.1727  -1.6290   1.0112  -2.4446
  1.1745  -1.6191   1.0134  -2.4410
  1.1761  -1.6089   1.0155  -2.4375
  1.1776  -1.5985   1.0174  -2.4340
  1.1790  -1.5879   1.0192  -2.4306
  1.1803  -1.5771   1.0207  -2.4274
  1.1814  -1.5661   1.0221  -2.4242
  1.1823  -1.5548   1.0233  -2.4213
  1.1832  -1.5433   1.0244  -2.4187
  1.1839  -1.5316   1.0252  -2.4165
  1.1844  -1.5197   1.0258  -2.4146
  1.1848  -1.5075   1.0263  -2.4133
  1.1851  -1.4951   1.0265  -2.4126
  1.1851  -1.4951   1.0265  -2.4126
  1.1852  -1.4825   1.0265  -2.4126
  1.1858  -1.4767   1.0258  -2.4139
  1.1868  -1.4762   1.0244  -2.4163
  1.1881  -1.4798   1.0223  -2.4193
  1.1896  -1.4865   1.0197  -2.4228
  1.1912  -1.4957   1.0165  -2.4266
  1.1929  -1.5066   1.0128  -2.4305
  1.1945  -1.5189   1.0086  -2.4345
  1.1960  -1.5321   1.0039  -2.4384
  1.1975  -1.5460   0.9987  -2.4421
  1.1988  -1.5604   0.9932  -2.4457
  1.2001  -1.5750   0.9872  -2.4489
  1.2012  -1.5897   0.9809  -2.4519
  1.2022  -1.6045   0.9742  -2.4545
  1.2030  -1.6192   0.9671  -2.4568
  1.2036  -1.6339   0.9598  -2.4587
  1.2041  -1.6485   0.9522  -2.4601
  1.2045  -1.6629   0.9443  -2.4611
  1.2047  -1.6771   0.9362  -2.4617
  1.2048  -1.6911   0.9278  -2.4619
  1.2048  -1.7050   0.9193  -2.4616
  1.2046  -1.7186   0.9105  -2.4608
  1.2042  -1.7320   0.9016  -2.4595
  1.2038  -1.7452   0.8926  -2.4578
  1.2032  -1.7582   0.8834  -2.4556
  1.2025  -1.7710   0.8741  -2.4529
  1.2017  -1.7837   0.8647  -2.4497
  1.2007  -1.7961   0.8553  -2.4460
  1.1997  -1.8083   0.8458  -2.4418
  1.1985  -1.8203   0.8363  -2.4372
  1.1973  -1.8322   0.8267  -2.4320
  1.1959  -1.8438   0.8171  -2.4263
  1.1945  -1.8553   0.8075  -2.4201
  1.1930  -1.8666   0.7980  -2.4134
  1.1914  -1.8777   0.7885  -2.4062
  1.1897  -1.8887   0.7790  -2.3985
  1.1879  -1.8995   0.7696  -2.3903
  1.1861  -1.9101   0.7602  -2.3815
  1.1842  -1.9206   0.7510  -2.3723
  1.1822  -1.9309   0.7418  -2.3625
  1.1802  -1.9410   0.7328  -2.3522
  1.1781  -1.9510   0.7238  -2.3414
  1.1760  -1.9609   0.7150  -2.3300
  1.1738  -1.9706   0.7063  -2.3182
  1.1716  -1.9801   0.6978  -2.3058
  1.1693  -1.9895   0.6894  -2.2929
  1.1671  -1.9988   0.6812  -2.2795
  1.1647  -2.0079   0.6732  -2.2656
  1.1624  -2.0168   0.6653  -2.2512
  1.1601  -2.0257   0.6576  -2.2362
  1.1577  -2.0343   0.6501  -2.2207
  1.1553  -2.0428   0.6428  -2.2047
  1.1529  -2.0512   0.6357  -2.1882
  1.1506  -2.0595   0.6288  -2.1712
  1.1482  -2.0676   0.6220  -2.1537
  1.1459  -2.0755   0.6155  -2.1357
  1.1435  -2.0833   0.6092  -2.1172
  1.1412  -2.0910   0.6031  -2.0982
  1.1389  -2.0985   0.5972  -2.0787
  1.1367  -2.1059   0.5914  -2.0588
  1.1345  -2.1132   0.5859  -2.0384
  1.1323  -2.1202   0.5806  -2.0177
  1.1302  -2.1272   0.5755  -1.9965
  1.1281  -2.1339   0.5706  -1.9749
  1.1261  -2.1405   0.5659  -1.9530
  1.1242  -2.1470   0.5613  -1.9308
  1.1224  -2.1532   0.5570  -1.9084
  1.1206  -2.1592   0.5529  -1.8859
  1.1190  -2.1651   0.5489  -1.8633
  1.1174  -2.1707   0.5452  -1.8408
  1.1160  -2.1760   0.5416  -1.8185
  1.1146  -2.1810   0.5383  -1.7967
  1.1134  -2.1858   0.5352  -1.7756
  1.1124  -2.1901   0.5324  -1.7555
  1.1114  -2.1940   0.5299  -1.7369
  1.1107  -2.1973   0.5277  -1.7203
  1.1101  -2.2001   0.5259  -1.7063
  1.1096  -2.2021   0.5246  -1.6958
  1.1094  -2.2031   0.5239  -1.6899
  1.1094  -2.2031   0.5239  -1.6899
  1.1094  -2.2031   0.5239  -1.6899
  1.1094  -2.2032   0.5239  -1.6899
  1.1094  -2.2032   0.5239  -1.6899
  1.1094  -2.2032   0.5239  -1.6899
  1.1094  -2.2032   0.5239  -1.6899
  1.1095  -2.2031   0.5358  -1.7004
  1.1095  -2.2030   0.5477  -1.7108
  1.1094  -2.2027   0.5595  -1.7210
  1.1094  -2.2023   0.5712  -1.7309
  1.1093  -2.2018   0.5829  -1.7407
  1.1091  -2.2012   0.5945  -1.7503
  1.1090  -2.2006   0.6060  -1.7597
  1.1088  -2.1998   0.6175  -1.7690
  1.1085  -2.1989   0.6289  -1.7780
  1.1083  -2.1980   0.6402  -1.7869
  1.1080  -2.1970   0.6514  -1.7956
  1.1077  -2.1959   0.6626  -1.8041
  1.1073  -2.1948   0.6737  -1.8124
  1.1070  -2.1936   0.6847  -1.8205
  1.1066  -2.1923   0.6957  -1.8285
  1.1062  -2.1910   0.7066  -1.8363
  1.1058  -2.1896   0.7174  -1.8439
  1.1053  -2.1881   0.7281  -1.8513
  1.1049  -2.1866   0.7388  -1.8585
  1.1044  -2.1851   0.7494  -1.8656
  1.1039  -2.1835   0.7599  -1.8724
  1.1034  -2.1818   0.7703  -1.8791
  1.1029  -2.1801   0.7807  -1.8856
  1.1024  -2.1784   0.7909  -1.8920
  1.1018  -2.1766   0.8011  -1.8981
  1.1013  -2.1748   0.8112  -1.9041
  1.1007  -2.1729   0.8212  -1.9098
  1.1002  -2.1710   0.8312  -1.9154
  1.0996  -2.1690   0.8410  -1.9208
  1.0991  -2.1670   0.8507  -1.9260
  1.0985  -2.1650   0.8604  -1.9311
  1.0979  -2.1629   0.8699  -1.9359
  1.0973  -2.1608   0.8794  -1.9406
  1.0967  -2.1586   0.8887  -1.9450
  1.0962  -2.1564   0.8980  -1.9493
  1.0956  -2.1542   0.9071  -1.9534
  1.0950  -2.1519   0.9161  -1.9573
  1.0944  -2.1496   0.9250  -1.9610
  1.0938  -2.1472   0.9338  -1.9645
  1.0932  -2.1448   0.9425  -1.9678
  1.0927  -2.1424   0.9510  -1.9709
  1.0921  -2.1400   0.9594  -1.9738
  1.0915  -2.1375   0.9677  -1.9765
  1.0910  -2.1350   0.9758  -1.9790
  1.0904  -2.1324   0.9838  -1.9813
  1.0898  -2.1299   0.9917  -1.9834
  1.0893  -2.1272   0.9994  -1.9853
  1.0888  -2.1246   1.0070  -1.9871
  1.0882  -2.1220   1.0144  -1.9886
  1.0877  -2.1193   1.0216  -1.9898
  1.0872  -2.1166   1.0287  -1.9909
  1.0867  -2.1139   1.0356  -1.9918
  1.0862  -2.1111   1.0424  -1.9925
  1.0857  -2.1084   1.0490  -1.9929
  1.0852  -2.1056   1.0553  -1.9932
  1.0848  -2.1029   1.0615  -1.9932
  1.0843  -2.1001   1.0676  -1.9930
  1.0839  -2.0973   1.0734  -1.9926
  1.0834  -2.0945   1.0790  -1.9920
  1.0830  -2.0918   1.0844  -1.9912
  1.0826  -2.0890   1.0896  -1.9901
  1.0822  -2.0863   1.0946  -1.9889
  1.0819  -2.0836   1.0994  -1.9874
  1.0815  -2.0809   1.1040  -1.9857
  1.0812  -2.0783   1.1083  -1.9837
  1.0808  -2.0757   1.1124  -1.9816
  1.0805  -2.0732   1.1163  -1.9792
  1.0802  -2.0708   1.1199  -1.9766
  1.0800  -2.0685   1.1233  -1.9737
  1.0797  -2.0662   1.1265  -1.9706
  1.0795  -2.0641   1.1294  -1.9673
  1.0793  -2.0621   1.1320  -1.9638
  1.0791  -2.0603   1.1344  -1.9600
  1.0789  -2.0586   1.1365  -1.9560
  1.0788  -2.0572   1.1383  -1.9517
  1.0787  -2.0559   1.1399  -1.9472
  1.0786  -2.0550   1.1412  -1.9425
  1.0785  -2.0543   1.1422  -1.9375
  1.0785  -2.0539   1.1430  -1.9323
  1.0785  -2.0539   1.1430  -1.9323
  1.0785  -2.0539   1.1434  -1.9269
  1.0783  -2.0532   1.1436  -1.9239
  1.0779  -2.0518   1.1434  -1.9229
  1.0773  -2.0500   1.1429  -1.9233
  1.0766  -2.0477   1.1421  -1.9247
  1.0757  -2.0451   1.1409  -1.9270
  1.0747  -2.0423   1.1395  -1.9300
  1.0735  -2.0392   1.1377  -1.9334
  1.0721  -2.0359   1.1356  -1.9372
  1.0706  -2.0326   1.1332  -1.9413
  1.0690  -2.0291   1.1306  -1.9457
  1.0672  -2.0255   1.1276  -1.9502
  1.0653  -2.0218   1.1244  -1.9548
  1.0633  -2.0181   1.1209  -1.9595
  1.0612  -2.0144   1.1171  -1.9643
  1.0590  -2.0106   1.1131  -1.9692
  1.0567  -2.0067   1.1089  -1.9740
  1.0542  -2.0029   1.1044  -1.9789
  1.0517  -1.9990   1.0998  -1.9838
  1.0491  -1.9950   1.0949  -1.9887
  1.0464  -1.9911   1.0899  -1.9936
  1.0436  -1.9871   1.0846  -1.9984
  1.0407  -1.9832   1.0792  -2.0033
  1.0378  -1.9792   1.0737  -2.0081
  1.0348  -1.9752   1.0679  -2.0129
  1.0318  -1.9712   1.0621  -2.0176
  1.0287  -1.9672   1.0561  -2.0224
  1.0255  -1.9631   1.0500  -2.0271
  1.0223  -1.9591   1.0438  -2.0317
  1.0190  -1.9550   1.0374  -2.0364
  1.0157  -1.9509   1.0310  -2.0410
  1.0124  -1.9469   1.0245  -2.0455
  1.0090  -1.9428   1.0179  -2.0501
  1.0056  -1.9387   1.0113  -2.0546
  1.0022  -1.9346   1.0046  -2.0590
  0.9988  -1.9304   0.9978  -2.0635
  0.9953  -1.9263   0.9910  -2.0679
  0.9919  -1.9222   0.9842  -2.0722
  0.9884  -1.9180   0.9773  -2.0766
  0.9849  -1.9138   0.9704  -2.0809
  0.9814  -1.9097   0.9635  -2.0851
  0.9780  -1.9055   0.9567  -2.0893
  0.9745  -1.9013   0.9498  -2.0935
  0.9710  -1.8971   0.9430  -2.0977
  0.9676  -1.8929   0.9362  -2.1018
  0.9642  -1.8887   0.9294  -2.1059
  0.9608  -1.8844   0.9226  -2.1100
  0.9574  -1.8802   0.9160  -2.1140
  0.9541  -1.8759   0.9094  -2.1180
  0.9508  -1.8717   0.9028  -2.1220
  0.9476  -1.8674   0.8964  -2.1259
  0.9443  -1.8631   0.8900  -2.1298
  0.9412  -1.8588   0.8837  -2.1337
  0.9381  -1.8545   0.8776  -2.1375
  0.9350  -1.8502   0.8715  -2.1413
  0.9320  -1.8459   0.8656  -2.1451
  0.9291  -1.8416   0.8598  -2.1489
  0.9262  -1.8373   0.8542  -2.1526
  0.9234  -1.8329   0.8487  -2.1562
  0.9207  -1.8286   0.8434  -2.1599
  0.9181  -1.8243   0.8383  -2.1635
  0.9155  -1.8199   0.8333  -2.1671
  0.9130  -1.8156   0.8285  -2.1706
  0.9107  -1.8113   0.8240  -2.1741
  0.9084  -1.8069   0.8196  -2.1775
  0.9062  -1.8027   0.8155  -2.1809
  0.9042  -1.7984   0.8115  -2.1842
  0.9022  -1.7942   0.8079  -2.1875
  0.9004  -1.7900   0.8045  -2.1906
  0.8987  -1.7860   0.8013  -2.1937
  0.8971  -1.7820   0.7984  -2.1967
  0.8957  -1.7781   0.7958  -2.1995
  0.8944  -1.7745   0.7935  -2.2021
  0.8932  -1.7710   0.7915  -2.2046
  0.8932  -1.7710   0.7915  -2.2046
  0.8988  -1.7771   0.7897  -2.2067
  0.9044  -1.7829   0.7883  -2.2093
  0.9101  -1.7883   0.7872  -2.2121
  0.9158  -1.7935   0.7864  -2.2153
  0.9214  -1.7984   0.7860  -2.2187
  0.9271  -1.8030   0.7858  -2.2223
  0.9328  -1.8074   0.7859  -2.2261
  0.9386  -1.8114   0.7863  -2.2300
  0.9443  -1.8152   0.7870  -2.2340
  0.9500  -1.8187   0.7879  -2.2382
  0.9557  -1.8219   0.7891  -2.2424
  0.9615  -1.8249   0.7905  -2.2466
  0.9672  -1.8276   0.7922  -2.2509
  0.9729  -1.8300   0.7941  -2.2552
  0.9786  -1.8321   0.7962  -2.2595
  0.9843  -1.8340   0.7985  -2.2638
  0.9900  -1.8357   0.8010  -2.2681
  0.9957  -1.8370   0.8037  -2.2723
  1.0013  -1.8382   0.8066  -2.2765
  1.0069  -1.8390   0.8096  -2.2807
  1.0125  -1.8397   0.8128  -2.2847
  1.0181  -1.8400   0.8162  -2.2887
  1.0236  -1.8402   0.8197  -2.2927
  1.0291  -1.8400   0.8233  -2.2965
  1.0345  -1.8397   0.8271  -2.3003
  1.0400  -1.8391   0.8310  -2.3039
  1.0453  -1.8382   0.8351  -2.3075
  1.0506  -1.8371   0.8392  -2.3110
  1.0559  -1.8358   0.8435  -2.3144
  1.0611  -1.8342   0.8478  -2.3176
  1.0662  -1.8324   0.8522  -2.3208
  1.0713  -1.8304   0.8567  -2.3238
  1.0763  -1.8282   0.8613  -2.3268
  1.0813  -1.8257   0.8659  -2.3296
  1.0862  -1.8230   0.8706  -2.3324
  1.0910  -1.8200   0.8754  -2.3350
  1.0957  -1.8168   0.8801  -2.3375
  1.1004  -1.8135   0.8850  -2.3399
  1.1050  -1.8098   0.8898  -2.3421
  1.1095  -1.8060   0.8947  -2.3443
  1.1139  -1.8020   0.8996  -2.3464
  1.1182  -1.7977   0.9045  -2.3483
  1.1225  -1.7932   0.9094  -2.3501
  1.1266  -1.7885   0.9142  -2.3519
  1.1307  -1.7836   0.9191  -2.3535
  1.1346  -1.7784   0.9240  -2.3550
  1.1385  -1.7731   0.9288  -2.3564
  1.1423  -1.7675   0.9336  -2.3577
  1.1460  -1.7618   0.9383  -2.3589
  1.1495  -1.7558   0.9430  -2.3600
  1.1530  -1.7496   0.9476  -2.3610
  1.1563  -1.7432   0.9522  -2.3619
  1.1596  -1.7366   0.9567  -2.3627
  1.1627  -1.7298   0.9611  -2.3634
  1.1658  -1.7227   0.9654  -2.3640
  1.1687  -1.7155   0.9697  -2.3645
  1.1715  -1.7081   0.9738  -2.3650
  1.1742  -1.7004   0.9778  -2.3653
  1.1768  -1.6926   0.9817  -2.3656
  1.1792  -1.6845   0.9856  -2.3659
  1.1816  -1.6763   0.9892  -2.3660
  1.1838  -1.6678   0.9928  -2.3661
  1.1859  -1.6591   0.9962  -2.3661
  1.1879  -1.6503   0.9994  -2.3661
  1.1897  -1.6412   1.0025  -2.3660
  1.1915  -1.6319   1.0055  -2.3658
  1.1931  -1.6224   1.0083  -2.3656
  1.1946  -1.6127   1.0109  -2.3654
  1.1959  -1.6028   1.0133  -2.3652
  1.1972  -1.5927   1.0155  -2.3649
  1.1983  -1.5823   1.0176  -2.3646
  1.1992  -1.5718   1.0194  -2.3643
  1.2001  -1.5610   1.0210  -2.3640
  1.2008  -1.5501   1.0225  -2.3637
  1.2014  -1.5389   1.0237  -2.3635
  1.2018  -1.5275   1.0246  -2.3632
  1.2021  -1.5158   1.0254  -2.3630
  1.2023  -1.5040   1.0259  -2.3629
  1.2023  -1.4919   1.0261  -2.3628
  1.2023  -1.4919   1.0261  -2.3628
  1.2022  -1.4796   1.0261  -2.3628
  1.2024  -1.4724   1.0256  -2.3617
  1.2029  -1.4693   1.0245  -2.3598
  1.2036  -1.4693   1.0230  -2.3571
  1.2044  -1.4719   1.0210  -2.3538
  1.2053  -1.4765   1.0185  -2.3501
  1.2062  -1.4827   1.0157  -2.3459
  1.2071  -1.4901   1.0124  -2.3413
  1.2080  -1.4984   1.0088  -2.3365
  1.2088  -1.5075   1.0048  -2.3314
  1.2095  -1.5172   1.0005  -2.3261
  1.2101  -1.5274   0.9959  -2.3206
  1.2106  -1.5379   0.9909  -2.3150
  1.2111  -1.5486   0.9857  -2.3091
  1.2114  -1.5596   0.9802  -2.3032
  1.2116  -1.5708   0.9745  -2.2971
  1.2116  -1.5820   0.9685  -2.2908
  1.2116  -1.5934   0.9623  -2.2845
  1.2114  -1.6048   0.9560  -2.2780
  1.2112  -1.6163   0.9494  -2.2714
  1.2108  -1.6278   0.9426  -2.2647
  1.2103  -1.6393   0.9357  -2.2578
  1.2096  -1.6509   0.9286  -2.2509
  1.2089  -1.6624   0.9214  -2.2438
  1.2081  -1.6739   0.9141  -2.2366
  1.2071  -1.6855   0.9066  -2.2293
  1.2061  -1.6970   0.8991  -2.2219
  1.2049  -1.7085   0.8914  -2.2144
  1.2037  -1.7199   0.8837  -2.2068
  1.2023  -1.7314   0.8759  -2.1990
  1.2009  -1.7428   0.8681  -2.1911
  1.1994  -1.7541   0.8602  -2.1831
  1.1978  -1.7655   0.8523  -2.1750
  1.1961  -1.7768   0.8443  -2.1668
  1.1943  -1.7881   0.8364  -2.1585
  1.1925  -1.7993   0.8284  -2.1500
  1.1906  -1.8105   0.8205  -2.1414
  1.1886  -1.8217   0.8125  -2.1327
  1.1866  -1.8328   0.8046  -2.1239
  1.1845  -1.8439   0.7967  -2.1149
  1.1823  -1.8550   0.7889  -2.1059
  1.1801  -1.8660   0.7811  -2.0967
  1.1778  -1.8769   0.7734  -2.0874
  1.1755  -1.8878   0.7657  -2.0780
  1.1732  -1.8987   0.7581  -2.0684
  1.1708  -1.9095   0.7506  -2.0588
  1.1684  -1.9203   0.7432  -2.0490
  1.1659  -1.9310   0.7358  -2.0391
  1.1635  -1.9417   0.7286  -2.0291
  1.1610  -1.9523   0.7215  -2.0190
  1.1585  -1.9629   0.7145  -2.0088
  1.1560  -1.9734   0.7076  -1.9984
  1.1535  -1.9838   0.7008  -1.9880
  1.1510  -1.9942   0.6942  -1.9774
  1.1485  -2.0046   0.6878  -1.9667
  1.1460  -2.0149   0.6814  -1.9560
  1.1436  -2.0251   0.6753  -1.9451
  1.1412  -2.0353   0.6693  -1.9341
  1.1388  -2.0454   0.6634  -1.9231
  1.1364  -2.0554   0.6577  -1.9119
  1.1341  -2.0654   0.6523  -1.9007
  1.1318  -2.0752   0.6470  -1.8894
  1.1296  -2.0850   0.6418  -1.8780
  1.1274  -2.0947   0.6369  -1.8666
  1.1253  -2.1043   0.6322  -1.8552
  1.1233  -2.1137   0.6277  -1.8437
  1.1214  -2.1230   0.6234  -1.8323
  1.1196  -2.1321   0.6193  -1.8209
  1.1179  -2.1410   0.6155  -1.8096
  1.1162  -2.1497   0.6119  -1.7985
  1.1147  -2.1581   0.6086  -1.7876
  1.1133  -2.1661   0.6055  -1.7770
  1.1121  -2.1736   0.6027  -1.7668
  1.1110  -2.1807   0.6002  -1.7572
  1.1100  -2.1871   0.5980  -1.7483
  1.1092  -2.1926   0.5962  -1.7404
  1.1086  -2.1972   0.5948  -1.7338
  1.1082  -2.2005   0.5937  -1.7289
  1.1082  -2.2005   0.5937  -1.7289
  1.1080  -2.2024   0.6051  -1.7379
  1.1078  -2.2038   0.6164  -1.7468
  1.1076  -2.2050   0.6277  -1.7555
  1.1074  -2.2058   0.6389  -1.7640
  1.1071  -2.2064   0.6500  -1.7724
  1.1068  -2.2067   0.6611  -1.7806
  1.1065  -2.2069   0.6721  -1.7886
  1.1062  -2.2067   0.6830  -1.7964
  1.1058  -2.2065   0.6939  -1.8041
  1.1055  -2.2060   0.7047  -1.8116
  1.1051  -2.2053   0.7155  -1.8190
  1.1047  -2.2045   0.7262  -1.8262
  1.1043  -2.2036   0.7368  -1.8332
  1.1038  -2.2025   0.7474  -1.8400
  1.1034  -2.2013   0.7579  -1.8467
  1.1030  -2.2000   0.7683  -1.8532
  1.1025  -2.1986   0.7786  -1.8596
  1.1020  -2.1971   0.7889  -1.8658
  1.1015  -2.1955   0.7991  -1.8718
  1.1011  -2.1938   0.8092  -1.8776
  1.1006  -2.1921   0.8193  -1.8833
  1.1001  -2.1903   0.8292  -1.8888
  1.0996  -2.1884   0.8391  -1.8941
  1.0990  -2.1864   0.8489  -1.8992
  1.0985  -2.1844   0.8586  -1.9042
  1.0980  -2.1823   0.8682  -1.9090
  1.0975  -2.1802   0.8778  -1.9136
  1.0969  -2.1780   0.8872  -1.9181
  1.0964  -2.1757   0.8966  -1.9224
  1.0959  -2.1735   0.9058  -1.9265
  1.0954  -2.1711   0.9150  -1.9304
  1.0948  -2.1688   0.9240  -1.9341
  1.0943  -2.1664   0.9329  -1.9377
  1.0938  -2.1639   0.9418  -1.9411
  1.0932  -2.1614   0.9505  -1.9443
  1.0927  -2.1589   0.9591  -1.9473
  1.0922  -2.1564   0.9676  -1.9501
  1.0917  -2.1538   0.9760  -1.9528
  1.0911  -2.1512   0.9842  -1.9552
  1.0906  -2.1486   0.9923  -1.9575
  1.0901  -2.1459   1.0003  -1.9596
  1.0896  -2.1432   1.0081  -1.9615
  1.0891  -2.1405   1.0158  -1.9632
  1.0886  -2.1378   1.0234  -1.9647
  1.0881  -2.1350   1.0308  -1.9660
  1.0876  -2.1322   1.0381  -1.9672
  1.0872  -2.1295   1.0452  -1.9681
  1.0867  -2.1266   1.0521  -1.9688
  1.0862  -2.1238   1.0589  -1.9694
  1.0858  -2.1210   1.0656  -1.9697
  1.0853  -2.1181   1.0720  -1.9699
  1.0849  -2.1152   1.0783  -1.9698
  1.0845  -2.1124   1.0844  -1.9696
  1.0840  -2.1095   1.0903  -1.9691
  1.0836  -2.1066   1.0961  -1.9685
  1.0832  -2.1037   1.1016  -1.9676
  1.0829  -2.1008   1.1070  -1.9666
  1.0825  -2.0979   1.1121  -1.9653
  1.0821  -2.0951   1.1171  -1.9638
  1.0818  -2.0922   1.1218  -1.9622
  1.0814  -2.0894   1.1263  -1.9603
  1.0811  -2.0866   1.1307  -1.9582
  1.0808  -2.0838   1.1348  -1.9559
  1.0805  -2.0811   1.1386  -1.9533
  1.0802  -2.0784   1.1423  -1.9506
  1.0799  -2.0758   1.1457  -1.9477
  1.0796  -2.0732   1.1489  -1.9445
  1.0794  -2.0707   1.1518  -1.9411
  1.0792  -2.0684   1.1545  -1.9375
  1.0789  -2.0661   1.1570  -1.9337
  1.0787  -2.0639   1.1592  -1.9296
  1.0786  -2.0619   1.1612  -1.9254
  1.0784  -2.0600   1.1629  -1.9209
  1.0783  -2.0583   1.1643  -1.9162
  1.0781  -2.0568   1.1655  -1.9112
  1.0780  -2.0556   1.1664  -1.9060
  1.0780  -2.0546   1.1670  -1.9006
  1.0779  -2.0539   1.1674  -1.8950
  1.0779  -2.0535   1.1675  -1.8891
  1.0779  -2.0535   1.1675  -1.8891
  1.0779  -2.0535   1.1673  -1.8830
  1.0777  -2.0528   1.1668  -1.8793
  1.0773  -2.0515   1.1662  -1.8776
  1.0766  -2.0497   1.1653  -1.8773
  1.0758  -2.0476   1.1641  -1.8782
  1.0749  -2.0451   1.1627  -1.8800
  1.0737  -2.0423   1.1610  -1.8826
  1.0724  -2.0394   1.1591  -1.8858
  1.0709  -2.0363   1.1569  -1.8895
  1.0693  -2.0331   1.1544  -1.8936
  1.0675  -2.0298   1.1516  -1.8979
  1.0655  -2.0263   1.1487  -1.9025
  1.0635  -2.0229   1.1454  -1.9072
  1.0613  -2.0193   1.1419  -1.9122
  1.0590  -2.0157   1.1382  -1.9172
  1.0565  -2.0121   1.1342  -1.9223
  1.0540  -2.0084   1.1300  -1.9275
  1.0513  -2.0048   1.1257  -1.9327
  1.0486  -2.0010   1.1210  -1.9380
  1.0457  -1.9973   1.1162  -1.9433
  1.0428  -1.9935   1.1113  -1.9486
  1.0398  -1.9897   1.1061  -1.9539
  1.0367  -1.9859   1.1007  -1.9593
  1.0335  -1.9821   1.0952  -1.9646
  1.0303  -1.9783   1.0895  -1.9699
  1.0270  -1.9744   1.0837  -1.9752
  1.0236  -1.9706   1.0778  -1.9806
  1.0202  -1.9667   1.0717  -1.9859
  1.0167  -1.9628   1.0655  -1.9911
  1.0132  -1.9589   1.0591  -1.9964
  1.0097  -1.9550   1.0527  -2.0016
  1.0061  -1.9510   1.0462  -2.0069
  1.0025  -1.9471   1.0395  -2.0121
  0.9988  -1.9431   1.0328  -2.0173
  0.9952  -1.9391   1.0261  -2.0224
  0.9915  -1.9351   1.0192  -2.0275
  0.9878  -1.9311   1.0123  -2.0327
  0.9841  -1.9271   1.0054  -2.0377
  0.9804  -1.9230   0.9984  -2.0428
  0.9767  -1.9190   0.9914  -2.0478
  0.9730  -1.9149   0.9844  -2.0528
  0.9693  -1.9109   0.9774  -2.0578
  0.9656  -1.9068   0.9703  -2.0627
  0.9620  -1.9027   0.9633  -2.0676
  0.9584  -1.8986   0.9563  -2.0725
  0.9548  -1.8944   0.9493  -2.0774
  0.9512  -1.8903   0.9423  -2.0822
  0.9476  -1.8861   0.9354  -2.0870
  0.9441  -1.8820   0.9286  -2.0917
  0.9407  -1.8778   0.9218  -2.0965
  0.9373  -1.8736   0.9150  -2.1012
  0.9339  -1.8694   0.9084  -2.1058
  0.9306  -1.8652   0.9019  -2.1105
  0.9273  -1.8609   0.8954  -2.1151
  0.9241  -1.8567   0.8891  -2.1196
  0.9210  -1.8524   0.8828  -2.1242
  0.9180  -1.8482   0.8767  -2.1287
  0.9150  -1.8439   0.8708  -2.1331
  0.9121  -1.8396   0.8650  -2.1376
  0.9093  -1.8354   0.8594  -2.1420
  0.9066  -1.8311   0.8539  -2.1463
  0.9039  -1.8268   0.8486  -2.1507
  0.9014  -1.8225   0.8435  -2.1549
  0.8989  -1.8183   0.8386  -2.1592
  0.8966  -1.8140   0.8340  -2.1634
  0.8944  -1.8098   0.8295  -2.1675
  0.8923  -1.8056   0.8253  -2.1716
  0.8903  -1.8015   0.8214  -2.1755
  0.8884  -1.7974   0.8177  -2.1794
  0.8867  -1.7934   0.8143  -2.1832
  0.8851  -1.7895   0.8111  -2.1869
  0.8836  -1.7857   0.8083  -2.1904
  0.8823  -1.7821   0.8058  -2.1937
  0.8811  -1.7787   0.8036  -2.1968
  0.8801  -1.7755   0.8017  -2.1996
  0.8801  -1.7755   0.8017  -2.1996
  0.8858  -1.7815   0.8002  -2.2020
  0.8914  -1.7872   0.7989  -2.2047
  0.8971  -1.7925   0.7980  -2.2076
  0.9028  -1.7976   0.7973  -2.2108
  0.9085  -1.8024   0.7970  -2.2141
  0.9143  -1.8069   0.7970  -2.2176
  0.9200  -1.8111   0.7972  -2.2212
  0.9258  -1.8151   0.7977  -2.2250
  0.9315  -1.8188   0.7985  -2.2288
  0.9373  -1.8221   0.7995  -2.2327
  0.9431  -1.8253   0.8007  -2.2366
  0.9489  -1.8281   0.8022  -2.2405
  0.9546  -1.8307   0.8039  -2.2445
  0.9604  -1.8330   0.8058  -2.2485
  0.9662  -1.8350   0.8079  -2.2525
  0.9719  -1.8368   0.8102  -2.2565
  0.9777  -1.8384   0.8127  -2.2604
  0.9834  -1.8396   0.8154  -2.2643
  0.9891  -1.8407   0.8183  -2.2682
  0.9947  -1.8414   0.8213  -2.2720
  1.0004  -1.8419   0.8244  -2.2758
  1.0060  -1.8422   0.8278  -2.2795
  1.0116  -1.8422   0.8312  -2.2832
  1.0171  -1.8420   0.8348  -2.2867
  1.0226  -1.8415   0.8385  -2.2902
  1.0281  -1.8408   0.8423  -2.2937
  1.0335  -1.8398   0.8462  -2.2970
  1.0389  -1.8386   0.8503  -2.3003
  1.0442  -1.8372   0.8544  -2.3035
  1.0494  -1.8356   0.8586  -2.3066
  1.0546  -1.8337   0.8629  -2.3096
  1.0598  -1.8315   0.8672  -2.3126
  1.0648  -1.8292   0.8717  -2.3154
  1.0698  -1.8266   0.8762  -2.3182
  1.0748  -1.8237   0.8807  -2.3208
  1.0797  -1.8207   0.8853  -2.3234
  1.0844  -1.8174   0.8899  -2.3259
  1.0892  -1.8139   0.8945  -2.3283
  1.0938  -1.8102   0.8992  -2.3306
  1.0984  -1.8063   0.9039  -2.3328
  1.1028  -1.8021   0.9086  -2.3349
  1.1072  -1.7977   0.9133  -2.3369
  1.1115  -1.7931   0.9180  -2.3388
  1.1157  -1.7883   0.9227  -2.3407
  1.1198  -1.7833   0.9273  -2.3424
  1.1238  -1.7780   0.9320  -2.3441
  1.1278  -1.7726   0.9366  -2.3457
  1.1316  -1.7669   0.9412  -2.3472
  1.1353  -1.7610   0.9457  -2.3486
  1.1389  -1.7550   0.9502  -2.3499
  1.1424  -1.7487   0.9546  -2.3511
  1.1458  -1.7421   0.9590  -2.3523
  1.1491  -1.7354   0.9633  -2.3534
  1.1523  -1.7285   0.9675  -2.3544
  1.1554  -1.7214   0.9716  -2.3553
  1.1584  -1.7140   0.9757  -2.3561
  1.1612  -1.7065   0.9796  -2.3569
  1.1639  -1.6987   0.9835  -2.3576
  1.1666  -1.6908   0.9872  -2.3582
  1.1691  -1.6826   0.9909  -2.3588
  1.1715  -1.6742   0.9944  -2.3593
  1.1737  -1.6657   0.9977  -2.3598
  1.1759  -1.6569   1.0010  -2.3601
  1.1779  -1.6479   1.0041  -2.3605
  1.1798  -1.6387   1.0070  -2.3607
  1.1816  -1.6293   1.0098  -2.3610
  1.1832  -1.6197   1.0125  -2.3611
  1.1847  -1.6099   1.0150  -2.3613
  1.1861  -1.5998   1.0173  -2.3614
  1.1874  -1.5896   1.0194  -2.3614
  1.1885  -1.5792   1.0213  -2.3614
  1.1896  -1.5685   1.0231  -2.3614
  1.1904  -1.5576   1.0246  -2.3614
  1.1912  -1.5465   1.0260  -2.3614
  1.1918  -1.5352   1.0271  -2.3613
  1.1922  -1.5237   1.0281  -2.3613
  1.1926  -1.5119   1.0288  -2.3612
  1.1928  -1.5000   1.0292  -2.3612
  1.1928  -1.4878   1.0295  -2.3612
  1.1928  -1.4878   1.0295  -2.3612
  1.1927  -1.4753   1.0295  -2.3612
  1.1930  -1.4681   1.0289  -2.3602
  1.1936  -1.4649   1.0278  -2.3584
  1.1944  -1.4650   1.0262  -2.3559
  1.1953  -1.4677   1.0241  -2.3528
  1.1963  -1.4724   1.0216  -2.3493
  1.1974  -1.4787   1.0186  -2.3453
  1.1984  -1.4863   1.0152  -2.3411
  1.1994  -1.4948   1.0115  -2.3365
  1.2004  -1.5040   1.0073  -2.3317
  1.2012  -1.5139   1.0029  -2.3267
  1.2020  -1.5242   0.9980  -2.3215
  1.2028  -1.5348   0.9929  -2.3161
  1.2034  -1.5457   0.9875  -2.3105
  1.2039  -1.5569   0.9819  -2.3048
  1.2042  -1.5682   0.9759  -2.2990
  1.2045  -1.5796   0.9697  -2.2930
  1.2047  -1.5911   0.9633  -2.2868
  1.2047  -1.6027   0.9567  -2.2806
  1.2047  -1.6143   0.9499  -2.2741
  1.2045  -1.6259   0.9430  -2.2676
  1.2042  -1.6376   0.9358  -2.2609
  1.2038  -1.6493   0.9285  -2.2541
  1.2033  -1.6610   0.9211  -2.2472
  1.2027  -1.6726   0.9135  -2.2401
  1.2020  -1.6843   0.9059  -2.2329
  1.2011  -1.6959   0.8981  -2.2255
  1.2002  -1.7075   0.8902  -2.2181
  1.1992  -1.7191   0.8823  -2.2104
  1.1981  -1.7307   0.8743  -2.2027
  1.1969  -1.7422   0.8663  -2.1948
  1.1955  -1.7537   0.8582  -2.1868
  1.1942  -1.7651   0.8501  -2.1786
  1.1927  -1.7766   0.8420  -2.1703
  1.1911  -1.7879   0.8338  -2.1619
  1.1895  -1.7993   0.8257  -2.1533
  1.1878  -1.8106   0.8176  -2.1446
  1.1860  -1.8218   0.8095  -2.1358
  1.1841  -1.8331   0.8014  -2.1268
  1.1822  -1.8442   0.7934  -2.1176
  1.1803  -1.8553   0.7854  -2.1084
  1.1782  -1.8664   0.7775  -2.0990
  1.1761  -1.8774   0.7696  -2.0894
  1.1740  -1.8884   0.7618  -2.0797
  1.1718  -1.8993   0.7541  -2.0699
  1.1696  -1.9102   0.7465  -2.0600
  1.1674  -1.9210   0.7389  -2.0499
  1.1651  -1.9318   0.7315  -2.0396
  1.1628  -1.9425   0.7242  -2.0293
  1.1604  -1.9531   0.7170  -2.0188
  1.1581  -1.9637   0.7099  -2.0082
  1.1557  -1.9743   0.7030  -1.9974
  1.1533  -1.9847   0.6962  -1.9865
  1.1509  -1.9952   0.6895  -1.9755
  1.1486  -2.0055   0.6830  -1.9644
  1.1462  -2.0158   0.6766  -1.9531
  1.1438  -2.0260   0.6704  -1.9418
  1.1415  -2.0362   0.6643  -1.9303
  1.1392  -2.0463   0.6585  -1.9187
  1.1369  -2.0563   0.6528  -1.9071
  1.1346  -2.0662   0.6472  -1.8953
  1.1324  -2.0760   0.6419  -1.8834
  1.1303  -2.0858   0.6368  -1.8715
  1.1282  -2.0954   0.6318  -1.8595
  1.1262  -2.1049   0.6271  -1.8475
  1.1242  -2.1143   0.6226  -1.8355
  1.1223  -2.1235   0.6183  -1.8235
  1.1205  -2.1326   0.6142  -1.8115
  1.1188  -2.1414   0.6103  -1.7997
  1.1172  -2.1500   0.6067  -1.7880
  1.1157  -2.1583   0.6033  -1.7765
  1.1144  -2.1662   0.6002  -1.7653
  1.1131  -2.1737   0.5974  -1.7546
  1.1120  -2.1807   0.5949  -1.7445
  1.1111  -2.1870   0.5927  -1.7351
  1.1103  -2.1925   0.5908  -1.7268
  1.1097  -2.1970   0.5894  -1.7198
  1.1093  -2.2003   0.5883  -1.7146
  1.1091  -2.2022   0.5878  -1.7117
