  0.0000   0.0000   0.0000
  0.0058   0.0025  -0.0430
  0.0118   0.0071  -0.0820
  0.0179   0.0118  -0.1232
  0.0240   0.0166  -0.1691
  0.0308   0.0207  -0.2180
  0.0375   0.0247  -0.2646
  0.0441   0.0287  -0.3097
  0.0506   0.0327  -0.3535
  0.0570   0.0366  -0.3960
  0.0635   0.0403  -0.4372
  0.0697   0.0441  -0.4770
  0.0758   0.0478  -0.5156
  0.0819   0.0515  -0.5529
  0.0879   0.0552  -0.5889
  0.0939   0.0586  -0.6238
  0.0997   0.0621  -0.6573
  0.1056   0.0655  -0.6897
  0.1113   0.0689  -0.7208
  0.1168   0.0723  -0.7507
  0.1224   0.0755  -0.7794
  0.1274   0.0792  -0.8067
  0.1325   0.0827  -0.8329
  0.1377   0.0859  -0.8580
  0.1429   0.0890  -0.8819
  0.1481   0.0920  -0.9047
  0.1532   0.0949  -0.9264
  0.1581   0.0979  -0.9469
  0.1630   0.1009  -0.9663
  0.1679   0.1037  -0.9847
  0.1727   0.1064  -1.0019
  0.1774   0.1091  -1.0181
  0.1820   0.1119  -1.0331
  0.1866   0.1145  -1.0470
  0.1910   0.1172  -1.0599
  0.1955   0.1197  -1.0718
  0.1998   0.1222  -1.0826
  0.2041   0.1247  -1.0924
  0.2084   0.1271  -1.1011
  0.2125   0.1295  -1.1089
  0.2166   0.1319  -1.1156
  0.2205   0.1343  -1.1214
  0.2241   0.1369  -1.1260
  0.2279   0.1391  -1.1298
  0.2318   0.1413  -1.1326
  0.2355   0.1434  -1.1345
  0.2392   0.1455  -1.1354
  0.2428   0.1475  -1.1353
  0.2464   0.1495  -1.1343
  0.2499   0.1515  -1.1324
  0.2533   0.1534  -1.1295
  0.2567   0.1553  -1.1257
  0.2600   0.1571  -1.1210
  0.2633   0.1589  -1.1153
  0.2665   0.1607  -1.1088
  0.2697   0.1624  -1.1014
  0.2727   0.1641  -1.0930
  0.2757   0.1657  -1.0838
  0.2787   0.1674  -1.0737
  0.2816   0.1690  -1.0627
  0.2843   0.1705  -1.0509
  0.2871   0.1721  -1.0381
  0.2897   0.1736  -1.0245
  0.2923   0.1751  -1.0101
  0.2948   0.1766  -0.9948
  0.2973   0.1781  -0.9787
  0.2997   0.1796  -0.9623
  0.3021   0.1810  -0.9462
  0.3045   0.1825  -0.9298
  0.3068   0.1840  -0.9131
  0.3090   0.1856  -0.8968
  0.3112   0.1872  -0.8799
  0.3134   0.1888  -0.8625
  0.3156   0.1903  -0.8446
  0.3177   0.1918  -0.8262
  0.3198   0.1934  -0.8077
  0.3218   0.1948  -0.7885
  0.3239   0.1963  -0.7689
  0.3258   0.1977  -0.7489
  0.3278   0.1991  -0.7285
  0.3297   0.2005  -0.7078
  0.3317   0.2019  -0.6866
  0.3335   0.2033  -0.6651
  0.3354   0.2047  -0.6431
  0.3372   0.2060  -0.6208
  0.3390   0.2074  -0.5981
  0.3407   0.2087  -0.5750
  0.3425   0.2100  -0.5515
  0.3442   0.2112  -0.5276
  0.3459   0.2125  -0.5033
  0.3467   0.2154  -0.4853
  0.3484   0.2165  -0.4600
  0.3500   0.2176  -0.4344
  0.3516   0.2187  -0.4083
  0.3532   0.2198  -0.3818
  0.3548   0.2208  -0.3546
  0.3564   0.2217  -0.3270
  0.3580   0.2226  -0.2989
  0.3595   0.2235  -0.2697
  0.3610   0.2243  -0.2398
  0.3625   0.2251  -0.2102
  0.3639   0.2259  -0.1793
  0.3653   0.2266  -0.1479
  0.3667   0.2274  -0.1163
  0.3680   0.2281  -0.0845
  0.3693   0.2288  -0.0524
  0.3706   0.2295  -0.0201
  0.3719   0.2302   0.0125
  0.3732   0.2309   0.0454
  0.3744   0.2316   0.0785
  0.3748   0.2334   0.1106
  0.3759   0.2339   0.1473
  0.3771   0.2345   0.1822
  0.3781   0.2349   0.2195
  0.3792   0.2354   0.2571
  0.3802   0.2359   0.2944
  0.3812   0.2364   0.3325
  0.3822   0.2369   0.3703
  0.3831   0.2373   0.4097
  0.3840   0.2378   0.4497
  0.3840   0.2378   0.4497
  0.3883   0.2333   0.4529
  0.3935   0.2297   0.4526
  0.3986   0.2266   0.4528
  0.4039   0.2236   0.4509
  0.4090   0.2208   0.4498
  0.4141   0.2182   0.4481
  0.4192   0.2157   0.4460
  0.4243   0.2133   0.4435
  0.4294   0.2111   0.4405
  0.4345   0.2089   0.4363
  0.4397   0.2068   0.4311
  0.4449   0.2047   0.4254
  0.4500   0.2028   0.4209
  0.4551   0.2011   0.4171
  0.4603   0.1993   0.4110
  0.4655   0.1975   0.4050
  0.4705   0.1960   0.4010
  0.4755   0.1945   0.3970
  0.4806   0.1932   0.3930
  0.4856   0.1918   0.3891
  0.4908   0.1904   0.3832
  0.4960   0.1891   0.3776
  0.5011   0.1879   0.3722
  0.5063   0.1867   0.3672
  0.5114   0.1856   0.3624
  0.5166   0.1846   0.3579
  0.5217   0.1836   0.3536
  0.5268   0.1827   0.3496
  0.5319   0.1819   0.3459
  0.5370   0.1811   0.3424
  0.5421   0.1804   0.3391
  0.5472   0.1797   0.3361
  0.5523   0.1791   0.3334
  0.5574   0.1785   0.3309
  0.5625   0.1780   0.3286
  0.5676   0.1776   0.3266
  0.5727   0.1772   0.3249
  0.5778   0.1769   0.3233
  0.5829   0.1766   0.3220
  0.5880   0.1764   0.3210
  0.5931   0.1762   0.3201
  0.5982   0.1761   0.3196
  0.6034   0.1761   0.3192
  0.6085   0.1761   0.3191
  0.6136   0.1761   0.3193
  0.6187   0.1763   0.3196
  0.6238   0.1764   0.3203
  0.6290   0.1767   0.3211
  0.6341   0.1770   0.3223
  0.6392   0.1773   0.3236
  0.6444   0.1777   0.3253
  0.6495   0.1782   0.3271
  0.6547   0.1787   0.3293
  0.6599   0.1793   0.3317
  0.6650   0.1799   0.3343
  0.6702   0.1806   0.3373
  0.6754   0.1814   0.3404
  0.6806   0.1822   0.3439
  0.6857   0.1831   0.3476
  0.6909   0.1841   0.3516
  0.6961   0.1851   0.3559
  0.7014   0.1861   0.3605
  0.7066   0.1873   0.3653
  0.7118   0.1885   0.3704
  0.7170   0.1897   0.3759
  0.7223   0.1911   0.3816
  0.7275   0.1925   0.3876
  0.7328   0.1939   0.3938
  0.7381   0.1954   0.4004
  0.7433   0.1970   0.4073
  0.7486   0.1987   0.4145
  0.7539   0.2004   0.4220
  0.7592   0.2022   0.4298
  0.7645   0.2040   0.4379
  0.7698   0.2060   0.4463
  0.7752   0.2080   0.4550
  0.7805   0.2100   0.4641
  0.7859   0.2122   0.4734
  0.7912   0.2144   0.4831
  0.7966   0.2167   0.4930
  0.8020   0.2190   0.5033
  0.8074   0.2215   0.5138
  0.8128   0.2240   0.5247
  0.8182   0.2265   0.5359
  0.8236   0.2292   0.5474
  0.8291   0.2319   0.5591
  0.8345   0.2348   0.5711
  0.8400   0.2377   0.5835
  0.8455   0.2407   0.5960
  0.8510   0.2437   0.6089
  0.8565   0.2469   0.6220
  0.8620   0.2501   0.6353
  0.8676   0.2535   0.6488
  0.8731   0.2569   0.6626
  0.8787   0.2605   0.6765
  0.8843   0.2641   0.6905
  0.8899   0.2678   0.7047
  0.8955   0.2717   0.7190
  0.9011   0.2756   0.7333
  0.9011   0.2756   0.7333
  0.9019   0.2694   0.7510
  0.9037   0.2628   0.7531
  0.9050   0.2565   0.7640
  0.9070   0.2501   0.7673
  0.9090   0.2438   0.7710
  0.9111   0.2377   0.7752
  0.9132   0.2317   0.7800
  0.9154   0.2259   0.7852
  0.9177   0.2202   0.7913
  0.9198   0.2148   0.8021
  0.9218   0.2097   0.8161
  0.9240   0.2047   0.8286
  0.9265   0.1997   0.8377
  0.9276   0.1957   0.8707
  0.9303   0.1910   0.8798
  0.9331   0.1864   0.8894
  0.9360   0.1820   0.8996
  0.9389   0.1777   0.9103
  0.9420   0.1736   0.9215
  0.9451   0.1697   0.9334
  0.9478   0.1662   0.9538
  0.9510   0.1626   0.9669
  0.9543   0.1592   0.9808
  0.9577   0.1559   0.9952
  0.9612   0.1528   1.0104
  0.9647   0.1499   1.0262
  0.9684   0.1471   1.0427
  0.9721   0.1446   1.0599
  0.9758   0.1421   1.0779
  0.9797   0.1399   1.0966
  0.9836   0.1378   1.1160
  0.9876   0.1359   1.1362
  0.9917   0.1341   1.1572
  0.9959   0.1326   1.1789
  1.0001   0.1312   1.2015
  1.0044   0.1299   1.2249
  1.0088   0.1289   1.2491
  1.0133   0.1280   1.2742
  1.0178   0.1273   1.3001
  1.0225   0.1268   1.3269
  1.0272   0.1264   1.3545
  1.0319   0.1262   1.3839
  1.0368   0.1262   1.4137
  1.0417   0.1264   1.4445
  1.0468   0.1268   1.4762
  1.0518   0.1273   1.5096
  1.0570   0.1280   1.5440
  1.0622   0.1289   1.5794
  1.0675   0.1300   1.6159
  1.0729   0.1313   1.6536
  1.0774   0.1333   1.7084
  1.0822   0.1353   1.7606
  1.0879   0.1371   1.8017
  1.0936   0.1391   1.8438
  1.0994   0.1412   1.8872
  1.1052   0.1436   1.9319
  1.1112   0.1461   1.9778
  1.1172   0.1488   2.0251
  1.1233   0.1517   2.0736
  1.1295   0.1547   2.1235
  1.1358   0.1580   2.1748
  1.1421   0.1614   2.2274
  1.1485   0.1650   2.2814
  1.1550   0.1689   2.3370
  1.1616   0.1728   2.3940
  1.1683   0.1770   2.4525
  1.1750   0.1814   2.5128
  1.1818   0.1860   2.5746
  1.1887   0.1907   2.6379
  1.1957   0.1957   2.7028
  1.2028   0.2008   2.7693
  1.2100   0.2061   2.8374
  1.2172   0.2117   2.9079
  1.2245   0.2174   2.9803
  1.2319   0.2234   3.0541
  1.2337   0.2331   3.2335
  1.2413   0.2395   3.3123
  1.2490   0.2462   3.3924
  1.2568   0.2531   3.4753
  1.2568   0.2531   3.4753
  1.2547   0.2401   3.4270
  1.2529   0.2281   3.3889
  1.2514   0.2169   3.3586
  1.2502   0.2064   3.3343
  1.2490   0.1962   3.3149
  1.2481   0.1864   3.2991
  1.2472   0.1769   3.2862
  1.2463   0.1675   3.2756
  1.2456   0.1582   3.2669
  1.2449   0.1490   3.2597
  1.2442   0.1399   3.2537
  1.2435   0.1308   3.2488
  1.2429   0.1217   3.2447
  1.2424   0.1126   3.2413
  1.2418   0.1036   3.2386
  1.2413   0.0945   3.2365
  1.2408   0.0854   3.2348
  1.2403   0.0762   3.2336
  1.2398   0.0671   3.2328
  1.2393   0.0579   3.2324
  1.2389   0.0487   3.2323
  1.2385   0.0394   3.2325
  1.2380   0.0302   3.2330
  1.2377   0.0209   3.2337
  1.2373   0.0115   3.2347
  1.2369   0.0022   3.2359
  1.2366  -0.0072   3.2372
  1.2363  -0.0166   3.2387
  1.2360  -0.0261   3.2404
  1.2358  -0.0356   3.2422
  1.2355  -0.0451   3.2440
  1.2353  -0.0547   3.2460
  1.2351  -0.0643   3.2480
  1.2350  -0.0739   3.2500
  1.2348  -0.0835   3.2520
  1.2347  -0.0932   3.2541
  1.2346  -0.1029   3.2561
  1.2346  -0.1127   3.2580
  1.2345  -0.1224   3.2599
  1.2346  -0.1322   3.2616
  1.2346  -0.1421   3.2633
  1.2347  -0.1520   3.2648
  1.2348  -0.1619   3.2661
  1.2349  -0.1718   3.2673
  1.2351  -0.1818   3.2682
  1.2353  -0.1918   3.2689
  1.2355  -0.2019   3.2693
  1.2358  -0.2119   3.2695
  1.2361  -0.2221   3.2694
  1.2365  -0.2322   3.2690
  1.2369  -0.2424   3.2682
  1.2373  -0.2527   3.2670
  1.2378  -0.2630   3.2655
  1.2383  -0.2733   3.2636
  1.2388  -0.2836   3.2613
  1.2394  -0.2940   3.2585
  1.2401  -0.3045   3.2552
  1.2407  -0.3150   3.2515
  1.2415  -0.3255   3.2473
  1.2422  -0.3361   3.2427
  1.2430  -0.3468   3.2375
  1.2439  -0.3575   3.2318
  1.2448  -0.3682   3.2256
  1.2457  -0.3790   3.2189
  1.2467  -0.3899   3.2118
  1.2477  -0.4007   3.2042
  1.2488  -0.4117   3.1962
  1.2500  -0.4227   3.1879
  1.2511  -0.4337   3.1793
  1.2524  -0.4448   3.1707
  1.2537  -0.4559   3.1621
  1.2550  -0.4671   3.1537
  1.2565  -0.4782   3.1459
  1.2580  -0.4894   3.1390
  1.2595  -0.5006   3.1335
  1.2611  -0.5117   3.1299
  1.2629  -0.5228   3.1291
  1.2647  -0.5338   3.1319
  1.2613  -0.5378   3.1666
  1.2638  -0.5282   3.0265
  1.2663  -0.5185   2.8882
  1.2688  -0.5088   2.7515
  1.2712  -0.4989   2.6164
  1.2735  -0.4890   2.4829
  1.2758  -0.4791   2.3510
  1.2781  -0.4690   2.2205
  1.2803  -0.4589   2.0916
  1.2825  -0.4488   1.9641
  1.2846  -0.4385   1.8382
  1.2866  -0.4282   1.7136
  1.2887  -0.4178   1.5905
  1.2906  -0.4074   1.4688
  1.2926  -0.3969   1.3486
  1.2945  -0.3862   1.2297
  1.2964  -0.3756   1.1122
  1.2982  -0.3648   0.9961
  1.3000  -0.3540   0.8813
  1.3018  -0.3431   0.7678
  1.3036  -0.3321   0.6557
  1.3053  -0.3210   0.5448
  1.3070  -0.3098   0.4353
  1.3087  -0.2986   0.3271
  1.3104  -0.2873   0.2201
  1.3120  -0.2759   0.1144
  1.3136  -0.2644   0.0099
  1.3152  -0.2529  -0.0934
  1.3169  -0.2412  -0.1954
  1.3184  -0.2295  -0.2962
  1.3200  -0.2177  -0.3958
  1.3216  -0.2058  -0.4942
  1.3232  -0.1938  -0.5914
  1.3247  -0.1818  -0.6875
  1.3263  -0.1697  -0.7824
  1.3279  -0.1574  -0.8761
  1.3294  -0.1452  -0.9687
  1.3310  -0.1328  -1.0602
  1.3326  -0.1203  -1.1506
  1.3341  -0.1078  -1.2398
  1.3357  -0.0952  -1.3279
  1.3373  -0.0825  -1.4150
  1.3389  -0.0697  -1.5009
  1.3405  -0.0569  -1.5858
  1.3421  -0.0439  -1.6696
  1.3438  -0.0309  -1.7524
  1.3454  -0.0179  -1.8340
  1.3471  -0.0047  -1.9147
  1.3488   0.0085  -1.9943
  1.3505   0.0218  -2.0728
  1.3522   0.0352  -2.1504
  1.3540   0.0487  -2.2269
  1.3557   0.0622  -2.3024
  1.3575   0.0758  -2.3770
  1.3593   0.0894  -2.4505
  1.3612   0.1032  -2.5230
  1.3630   0.1170  -2.5946
  1.3649   0.1309  -2.6652
  1.3669   0.1448  -2.7348
  1.3688   0.1588  -2.8034
  1.3708   0.1729  -2.8711
  1.3728   0.1871  -2.9379
  1.3748   0.2013  -3.0037
  1.3769   0.2156  -3.0686
  1.3789   0.2299  -3.1326
  1.3811   0.2443  -3.1957
  1.3832   0.2588  -3.2578
  1.3854   0.2733  -3.3191
  1.3876   0.2879  -3.3794
  1.3898   0.3026  -3.4389
  1.3921   0.3173  -3.4974
  1.3944   0.3321  -3.5551
  1.3967   0.3470  -3.6120
  1.3991   0.3619  -3.6679
  1.4015   0.3769  -3.7230
  1.4039   0.3920  -3.7773
  1.4064   0.4071  -3.8307
  1.4089   0.4222  -3.8833
  1.4114   0.4375  -3.9351
  1.4139   0.4528  -3.9861
  1.4139   0.4528  -3.9861
  1.4090   0.4410  -3.9017
  1.4049   0.4301  -3.8282
  1.4015   0.4199  -3.7640
  1.3985   0.4102  -3.7075
  1.3959   0.4009  -3.6575
  1.3936   0.3918  -3.6128
  1.3915   0.3830  -3.5728
  1.3896   0.3742  -3.5367
  1.3878   0.3655  -3.5041
  1.3861   0.3568  -3.4744
  1.3845   0.3481  -3.4475
  1.3829   0.3394  -3.4229
  1.3814   0.3307  -3.4006
  1.3800   0.3219  -3.3804
  1.3786   0.3130  -3.3620
  1.3772   0.3041  -3.3454
  1.3759   0.2951  -3.3305
  1.3746   0.2860  -3.3172
  1.3733   0.2769  -3.3054
  1.3721   0.2677  -3.2950
  1.3709   0.2584  -3.2859
  1.3698   0.2491  -3.2782
  1.3687   0.2397  -3.2717
  1.3676   0.2302  -3.2664
  1.3665   0.2206  -3.2623
  1.3655   0.2110  -3.2592
  1.3646   0.2014  -3.2572
  1.3637   0.1916  -3.2562
  1.3628   0.1819  -3.2561
  1.3620   0.1720  -3.2570
  1.3612   0.1622  -3.2587
  1.3605   0.1522  -3.2612
  1.3598   0.1423  -3.2646
  1.3592   0.1323  -3.2686
  1.3587   0.1223  -3.2734
  1.3582   0.1122  -3.2788
  1.3577   0.1021  -3.2849
  1.3573   0.0920  -3.2915
  1.3569   0.0818  -3.2987
  1.3567   0.0717  -3.3064
  1.3564   0.0615  -3.3147
  1.3562   0.0513  -3.3233
  1.3561   0.0410  -3.3325
  1.3560   0.0308  -3.3420
  1.3560   0.0205  -3.3518
  1.3560   0.0103  -3.3621
  1.3561  -0.0000  -3.3726
  1.3562  -0.0103  -3.3834
  1.3564  -0.0206  -3.3945
  1.3566  -0.0309  -3.4059
  1.3569  -0.0413  -3.4174
  1.3572  -0.0516  -3.4292
  1.3576  -0.0619  -3.4412
  1.3580  -0.0723  -3.4533
  1.3584  -0.0827  -3.4656
  1.3589  -0.0930  -3.4781
  1.3595  -0.1034  -3.4907
  1.3601  -0.1138  -3.5034
  1.3607  -0.1242  -3.5163
  1.3614  -0.1346  -3.5293
  1.3621  -0.1450  -3.5425
  1.3628  -0.1554  -3.5558
  1.3636  -0.1659  -3.5693
  1.3644  -0.1764  -3.5831
  1.3653  -0.1869  -3.5972
  1.3662  -0.1974  -3.6116
  1.3672  -0.2080  -3.6265
  1.3682  -0.2186  -3.6420
  1.3693  -0.2292  -3.6583
  1.3704  -0.2399  -3.6756
  1.3716  -0.2507  -3.6942
  1.3729  -0.2617  -3.7144
  1.3743  -0.2727  -3.7367
  1.3758  -0.2839  -3.7618
  1.3774  -0.2953  -3.7905
  1.3793  -0.3070  -3.8238
  1.3813  -0.3190  -3.8630
  1.3836  -0.3315  -3.9098
  1.3862  -0.3447  -3.9664
  1.3902  -0.3469  -3.9853
  1.3900  -0.3389  -3.9150
  1.3899  -0.3309  -3.8443
  1.3898  -0.3230  -3.7732
  1.3898  -0.3151  -3.7017
  1.3898  -0.3073  -3.6297
  1.3899  -0.2995  -3.5573
  1.3900  -0.2917  -3.4845
  1.3902  -0.2840  -3.4112
  1.3904  -0.2763  -3.3376
  1.3906  -0.2687  -3.2634
  1.3909  -0.2610  -3.1889
  1.3912  -0.2534  -3.1139
  1.3916  -0.2459  -3.0385
  1.3920  -0.2383  -2.9626
  1.3925  -0.2308  -2.8862
  1.3930  -0.2233  -2.8094
  1.3935  -0.2158  -2.7322
  1.3941  -0.2084  -2.6544
  1.3947  -0.2009  -2.5762
  1.3954  -0.1935  -2.4974
  1.3961  -0.1861  -2.4182
  1.3968  -0.1787  -2.3385
  1.3976  -0.1713  -2.2582
  1.3984  -0.1639  -2.1774
  1.3993  -0.1566  -2.0961
  1.4001  -0.1492  -2.0142
  1.4011  -0.1419  -1.9318
  1.4020  -0.1346  -1.8488
  1.4030  -0.1273  -1.7653
  1.4040  -0.1200  -1.6812
  1.4051  -0.1127  -1.5964
  1.4062  -0.1054  -1.5111
  1.4073  -0.0981  -1.4252
  1.4085  -0.0908  -1.3387
  1.4096  -0.0835  -1.2516
  1.4109  -0.0763  -1.1638
  1.4121  -0.0690  -1.0754
  1.4134  -0.0618  -0.9864
  1.4147  -0.0545  -0.8967
  1.4161  -0.0473  -0.8063
  1.4174  -0.0400  -0.7153
  1.4188  -0.0328  -0.6236
  1.4203  -0.0255  -0.5313
  1.4217  -0.0183  -0.4382
  1.4232  -0.0110  -0.3445
  1.4248  -0.0038  -0.2501
  1.4263   0.0034  -0.1550
  1.4279   0.0107  -0.0592
  1.4295   0.0179   0.0373
  1.4311   0.0251   0.1345
  1.4328   0.0324   0.2325
  1.4345   0.0396   0.3311
  1.4362   0.0468   0.4305
  1.4380   0.0541   0.5306
  1.4398   0.0613   0.6314
  1.4416   0.0685   0.7329
  1.4434   0.0758   0.8352
  1.4453   0.0830   0.9382
  1.4472   0.0902   1.0420
  1.4491   0.0974   1.1464
  1.4510   0.1047   1.2516
  1.4530   0.1119   1.3576
  1.4550   0.1191   1.4643
  1.4570   0.1263   1.5717
  1.4591   0.1335   1.6799
  1.4612   0.1407   1.7889
  1.4633   0.1479   1.8986
  1.4654   0.1551   2.0090
  1.4675   0.1623   2.1202
  1.4697   0.1694   2.2322
  1.4719   0.1766   2.3449
  1.4741   0.1837   2.4584
  1.4764   0.1909   2.5727
  1.4787   0.1980   2.6878
  1.4809   0.2051   2.8036
  1.4833   0.2122   2.9203
  1.4856   0.2192   3.0378
  1.4879   0.2263   3.1561
  1.4903   0.2333   3.2753
  1.4903   0.2333   3.2753
  1.4875   0.2238   3.2754
  1.4849   0.2146   3.2804
  1.4825   0.2056   3.2890
  1.4803   0.1969   3.3004
  1.4781   0.1883   3.3138
  1.4761   0.1798   3.3285
  1.4743   0.1713   3.3442
  1.4725   0.1629   3.3604
  1.4708   0.1546   3.3769
  1.4692   0.1462   3.3935
  1.4676   0.1378   3.4099
  1.4662   0.1294   3.4260
  1.4648   0.1209   3.4418
  1.4634   0.1125   3.4571
  1.4622   0.1039   3.4719
  1.4610   0.0954   3.4860
  1.4598   0.0868   3.4996
  1.4587   0.0781   3.5126
  1.4577   0.0694   3.5249
  1.4567   0.0607   3.5365
  1.4557   0.0519   3.5475
  1.4548   0.0430   3.5577
  1.4540   0.0341   3.5673
  1.4532   0.0251   3.5763
  1.4525   0.0161   3.5845
  1.4518   0.0070   3.5921
  1.4511  -0.0022   3.5990
  1.4505  -0.0114   3.6052
  1.4500  -0.0206   3.6108
  1.4495  -0.0299   3.6158
  1.4490  -0.0393   3.6201
  1.4486  -0.0487   3.6237
  1.4483  -0.0582   3.6268
  1.4480  -0.0677   3.6292
  1.4477  -0.0773   3.6310
  1.4475  -0.0869   3.6322
  1.4473  -0.0966   3.6328
  1.4472  -0.1063   3.6328
  1.4471  -0.1161   3.6322
  1.4471  -0.1259   3.6310
  1.4472  -0.1358   3.6292
  1.4472  -0.1457   3.6269
  1.4474  -0.1557   3.6240
  1.4476  -0.1657   3.6205
  1.4478  -0.1758   3.6165
  1.4481  -0.1859   3.6119
  1.4485  -0.1961   3.6068
  1.4489  -0.2063   3.6011
  1.4493  -0.2166   3.5948
  1.4499  -0.2269   3.5880
  1.4504  -0.2373   3.5806
  1.4511  -0.2477   3.5727
  1.4518  -0.2582   3.5643
  1.4525  -0.2687   3.5553
  1.4533  -0.2793   3.5457
  1.4542  -0.2899   3.5356
  1.4551  -0.3006   3.5250
  1.4561  -0.3113   3.5138
  1.4572  -0.3221   3.5020
  1.4583  -0.3329   3.4897
  1.4595  -0.3438   3.4769
  1.4607  -0.3547   3.4635
  1.4620  -0.3657   3.4496
  1.4634  -0.3768   3.4352
  1.4648  -0.3879   3.4203
  1.4663  -0.3991   3.4050
  1.4679  -0.4103   3.3891
  1.4695  -0.4216   3.3729
  1.4712  -0.4330   3.3564
  1.4730  -0.4444   3.3395
  1.4748  -0.4559   3.3226
  1.4767  -0.4675   3.3055
  1.4787  -0.4792   3.2886
  1.4807  -0.4909   3.2720
  1.4828  -0.5027   3.2559
  1.4850  -0.5146   3.2408
  1.4871  -0.5266   3.2270
  1.4894  -0.5387   3.2150
  1.4917  -0.5508   3.2054
  1.4898  -0.5546   3.2342
  1.4885  -0.5439   3.1099
  1.4872  -0.5332   2.9874
  1.4860  -0.5223   2.8665
  1.4847  -0.5113   2.7473
  1.4834  -0.5002   2.6296
  1.4822  -0.4890   2.5134
  1.4809  -0.4777   2.3987
  1.4796  -0.4663   2.2854
  1.4784  -0.4548   2.1734
  1.4771  -0.4433   2.0629
  1.4759  -0.4316   1.9536
  1.4746  -0.4199   1.8456
  1.4734  -0.4081   1.7389
  1.4722  -0.3962   1.6334
  1.4709  -0.3842   1.5291
  1.4697  -0.3721   1.4260
  1.4686  -0.3600   1.3241
  1.4674  -0.3478   1.2233
  1.4662  -0.3355   1.1236
  1.4651  -0.3231   1.0250
  1.4640  -0.3107   0.9276
  1.4629  -0.2982   0.8312
  1.4618  -0.2856   0.7358
  1.4608  -0.2729   0.6415
  1.4598  -0.2602   0.5483
  1.4588  -0.2474   0.4560
  1.4578  -0.2345   0.3648
  1.4569  -0.2216   0.2746
  1.4560  -0.2086   0.1853
  1.4552  -0.1955   0.0971
  1.4543  -0.1823   0.0098
  1.4536  -0.1691  -0.0765
  1.4528  -0.1559  -0.1619
  1.4521  -0.1425  -0.2463
  1.4514  -0.1291  -0.3297
  1.4508  -0.1157  -0.4123
  1.4502  -0.1021  -0.4939
  1.4497  -0.0885  -0.5746
  1.4492  -0.0749  -0.6544
  1.4488  -0.0612  -0.7333
  1.4484  -0.0474  -0.8112
  1.4481  -0.0336  -0.8883
  1.4478  -0.0197  -0.9645
  1.4476  -0.0058  -1.0399
  1.4474   0.0082  -1.1143
  1.4473   0.0223  -1.1879
  1.4472   0.0364  -1.2607
  1.4472   0.0505  -1.3325
  1.4473   0.0647  -1.4036
  1.4474   0.0790  -1.4738
  1.4476   0.0933  -1.5432
  1.4478   0.1076  -1.6117
  1.4481   0.1220  -1.6795
  1.4485   0.1365  -1.7464
  1.4489   0.1510  -1.8125
  1.4494   0.1655  -1.8778
  1.4499   0.1801  -1.9424
  1.4506   0.1947  -2.0061
  1.4512   0.2094  -2.0691
  1.4520   0.2241  -2.1314
  1.4528   0.2388  -2.1929
  1.4536   0.2536  -2.2536
  1.4546   0.2684  -2.3136
  1.4555   0.2833  -2.3729
  1.4566   0.2982  -2.4314
  1.4577   0.3131  -2.4893
  1.4589   0.3280  -2.5464
  1.4601   0.3430  -2.6029
  1.4614   0.3580  -2.6587
  1.4628   0.3731  -2.7138
  1.4642   0.3882  -2.7683
  1.4657   0.4033  -2.8221
  1.4673   0.4184  -2.8753
  1.4689   0.4336  -2.9278
  1.4705   0.4488  -2.9798
  1.4723   0.4640  -3.0312
  1.4740   0.4792  -3.0820
  1.4759   0.4945  -3.1322
  1.4777   0.5098  -3.1819
  1.4777   0.5098  -3.1819
  1.4797   0.4969  -3.1658
  1.4809   0.4836  -3.1441
  1.4813   0.4702  -3.1190
  1.4813   0.4569  -3.0916
  1.4809   0.4438  -3.0630
  1.4802   0.4310  -3.0337
  1.4792   0.4184  -3.0039
  1.4779   0.4062  -2.9741
  1.4764   0.3943  -2.9444
  1.4746   0.3827  -2.9147
  1.4727   0.3714  -2.8853
  1.4706   0.3604  -2.8560
  1.4683   0.3498  -2.8271
  1.4658   0.3394  -2.7984
  1.4631   0.3293  -2.7702
  1.4603   0.3195  -2.7426
  1.4575   0.3100  -2.7157
  1.4545   0.3008  -2.6897
  1.4515   0.2919  -2.6651
  1.4486   0.2834  -2.6422
  1.4458   0.2752  -2.6217
  1.4432   0.2675  -2.6039
  1.4408   0.2600  -2.5889
  1.4386   0.2529  -2.5766
  1.4367   0.2459  -2.5668
  1.4349   0.2391  -2.5589
  1.4333   0.2323  -2.5526
  1.4318   0.2255  -2.5478
  1.4304   0.2187  -2.5442
  1.4291   0.2118  -2.5417
  1.4279   0.2049  -2.5401
  1.4268   0.1979  -2.5393
  1.4257   0.1908  -2.5393
  1.4247   0.1836  -2.5399
  1.4237   0.1763  -2.5411
  1.4228   0.1688  -2.5428
  1.4220   0.1612  -2.5451
  1.4211   0.1535  -2.5478
  1.4203   0.1457  -2.5510
  1.4196   0.1377  -2.5546
  1.4189   0.1296  -2.5586
  1.4182   0.1214  -2.5630
  1.4176   0.1130  -2.5678
  1.4170   0.1045  -2.5730
  1.4165   0.0959  -2.5785
  1.4160   0.0871  -2.5844
  1.4156   0.0782  -2.5906
  1.4152   0.0692  -2.5972
  1.4149   0.0600  -2.6041
  1.4146   0.0508  -2.6113
  1.4145   0.0414  -2.6189
  1.4144   0.0318  -2.6268
  1.4143   0.0222  -2.6350
  1.4144   0.0124  -2.6437
  1.4145   0.0025  -2.6526
  1.4147  -0.0075  -2.6620
  1.4150  -0.0177  -2.6717
  1.4154  -0.0279  -2.6818
  1.4160  -0.0383  -2.6923
  1.4166  -0.0488  -2.7033
  1.4173  -0.0594  -2.7147
  1.4182  -0.0701  -2.7267
  1.4192  -0.0810  -2.7392
  1.4203  -0.0920  -2.7523
  1.4216  -0.1031  -2.7660
  1.4230  -0.1143  -2.7805
  1.4245  -0.1257  -2.7959
  1.4262  -0.1373  -2.8121
  1.4281  -0.1490  -2.8294
  1.4301  -0.1609  -2.8480
  1.4323  -0.1731  -2.8680
  1.4347  -0.1854  -2.8898
  1.4372  -0.1981  -2.9135
  1.4400  -0.2112  -2.9398
  1.4430  -0.2247  -2.9690
  1.4462  -0.2387  -3.0018
  1.4496  -0.2533  -3.0391
  1.4533  -0.2688  -3.0820
  1.4573  -0.2852  -3.1316
  1.4573  -0.2951  -3.1315
  1.4572  -0.3050  -3.1315
  1.4571  -0.3149  -3.1315
  1.4571  -0.3248  -3.1315
  1.4570  -0.3347  -3.1314
  1.4570  -0.3446  -3.1314
  1.4569  -0.3545  -3.1314
  1.4568  -0.3644  -3.1314
  1.4568  -0.3736  -3.1985
  1.4575  -0.3654  -3.1405
  1.4582  -0.3572  -3.0825
  1.4589  -0.3489  -3.0245
  1.4598  -0.3406  -2.9663
  1.4607  -0.3323  -2.9080
  1.4617  -0.3240  -2.8495
  1.4627  -0.3156  -2.7908
  1.4638  -0.3073  -2.7317
  1.4649  -0.2989  -2.6723
  1.4661  -0.2905  -2.6125
  1.4674  -0.2822  -2.5522
  1.4686  -0.2738  -2.4915
  1.4700  -0.2654  -2.4304
  1.4714  -0.2571  -2.3687
  1.4728  -0.2487  -2.3064
  1.4742  -0.2404  -2.2436
  1.4758  -0.2320  -2.1802
  1.4773  -0.2237  -2.1161
  1.4789  -0.2154  -2.0514
  1.4805  -0.2071  -1.9860
  1.4821  -0.1988  -1.9200
  1.4838  -0.1905  -1.8532
  1.4856  -0.1822  -1.7857
  1.4873  -0.1739  -1.7175
  1.4891  -0.1657  -1.6485
  1.4909  -0.1574  -1.5787
  1.4928  -0.1492  -1.5081
  1.4947  -0.1410  -1.4367
  1.4966  -0.1328  -1.3645
  1.4985  -0.1245  -1.2915
  1.5005  -0.1163  -1.2176
  1.5025  -0.1081  -1.1428
  1.5045  -0.0999  -1.0672
  1.5066  -0.0917  -0.9906
  1.5087  -0.0836  -0.9132
  1.5108  -0.0754  -0.8349
  1.5130  -0.0672  -0.7556
  1.5152  -0.0590  -0.6754
  1.5174  -0.0509  -0.5943
  1.5196  -0.0427  -0.5123
  1.5219  -0.0346  -0.4292
  1.5241  -0.0264  -0.3453
  1.5265  -0.0182  -0.2603
  1.5288  -0.0101  -0.1744
  1.5312  -0.0019  -0.0875
  1.5336   0.0062   0.0003
  1.5360   0.0144   0.0892
  1.5385   0.0225   0.1791
  1.5410   0.0307   0.2699
  1.5435   0.0388   0.3618
  1.5460   0.0469   0.4546
  1.5486   0.0551   0.5485
  1.5512   0.0632   0.6434
  1.5539   0.0713   0.7394
  1.5565   0.0794   0.8363
  1.5592   0.0876   0.9343
  1.5619   0.0956   1.0334
  1.5647   0.1037   1.1334
  1.5675   0.1118   1.2346
  1.5703   0.1199   1.3367
  1.5731   0.1279   1.4400
  1.5760   0.1359   1.5443
  1.5788   0.1439   1.6498
  1.5818   0.1519   1.7563
  1.5847   0.1598   1.8640
  1.5877   0.1677   1.9728
  1.5907   0.1755   2.0827
  1.5937   0.1833   2.1938
  1.5967   0.1911   2.3062
  1.5998   0.1988   2.4197
  1.6029   0.2064   2.5346
  1.6060   0.2139   2.6507
  1.6091   0.2214   2.7682
  1.6122   0.2288   2.8871
  1.6153   0.2361   3.0074
  1.6185   0.2432   3.1292
  1.6216   0.2503   3.2526
  1.6248   0.2572   3.3777
  1.6279   0.2639   3.5045
  1.6279   0.2639   3.5045
  1.6230   0.2488   3.4951
  1.6186   0.2352   3.4933
  1.6147   0.2230   3.4979
  1.6112   0.2120   3.5078
  1.6080   0.2018   3.5219
  1.6052   0.1923   3.5393
  1.6027   0.1834   3.5595
  1.6005   0.1750   3.5815
  1.5984   0.1669   3.6049
  1.5966   0.1590   3.6291
  1.5949   0.1514   3.6536
  1.5934   0.1438   3.6781
  1.5921   0.1363   3.7023
  1.5908   0.1287   3.7260
  1.5897   0.1212   3.7489
  1.5886   0.1136   3.7709
  1.5876   0.1060   3.7921
  1.5867   0.0983   3.8123
  1.5859   0.0905   3.8314
  1.5851   0.0827   3.8496
  1.5844   0.0748   3.8668
  1.5838   0.0667   3.8830
  1.5832   0.0586   3.8982
  1.5827   0.0505   3.9125
  1.5823   0.0422   3.9259
  1.5819   0.0339   3.9384
  1.5815   0.0254   3.9500
  1.5812   0.0169   3.9607
  1.5810   0.0084   3.9705
  1.5808  -0.0003   3.9794
  1.5807  -0.0090   3.9875
  1.5806  -0.0178   3.9946
  1.5805  -0.0266   4.0009
  1.5806  -0.0356   4.0062
  1.5806  -0.0446   4.0107
  1.5807  -0.0537   4.0143
  1.5809  -0.0628   4.0170
  1.5811  -0.0720   4.0188
  1.5814  -0.0813   4.0197
  1.5817  -0.0907   4.0197
  1.5821  -0.1001   4.0189
  1.5825  -0.1096   4.0172
  1.5830  -0.1191   4.0146
  1.5835  -0.1287   4.0111
  1.5841  -0.1384   4.0068
  1.5848  -0.1481   4.0017
  1.5855  -0.1578   3.9957
  1.5862  -0.1677   3.9889
  1.5870  -0.1775   3.9812
  1.5879  -0.1875   3.9728
  1.5888  -0.1974   3.9635
  1.5897  -0.2074   3.9534
  1.5908  -0.2175   3.9426
  1.5918  -0.2276   3.9309
  1.5930  -0.2377   3.9185
  1.5942  -0.2479   3.9053
  1.5954  -0.2582   3.8914
  1.5967  -0.2684   3.8767
  1.5981  -0.2787   3.8613
  1.5995  -0.2891   3.8451
  1.6010  -0.2995   3.8282
  1.6025  -0.3100   3.8106
  1.6041  -0.3205   3.7923
  1.6057  -0.3311   3.7733
  1.6074  -0.3417   3.7537
  1.6091  -0.3524   3.7335
  1.6108  -0.3633   3.7127
  1.6126  -0.3743   3.6914
  1.6143  -0.3854   3.6697
  1.6161  -0.3967   3.6477
  1.6179  -0.4082   3.6254
  1.6196  -0.4201   3.6031
  1.6213  -0.4323   3.5810
  1.6229  -0.4449   3.5593
  1.6244  -0.4582   3.5383
  1.6257  -0.4721   3.5186
  1.6268  -0.4869   3.5006
  1.6276  -0.5029   3.4850
  1.6280  -0.5201   3.4728
  1.6243  -0.5257   3.5164
  1.6235  -0.5166   3.3688
  1.6227  -0.5073   3.2240
  1.6219  -0.4978   3.0820
  1.6210  -0.4881   2.9425
  1.6202  -0.4782   2.8056
  1.6192  -0.4682   2.6711
  1.6183  -0.4580   2.5389
  1.6173  -0.4477   2.4089
  1.6163  -0.4372   2.2811
  1.6153  -0.4266   2.1553
  1.6143  -0.4158   2.0315
  1.6132  -0.4049   1.9096
  1.6121  -0.3940   1.7896
  1.6109  -0.3829   1.6714
  1.6098  -0.3716   1.5549
  1.6086  -0.3603   1.4402
  1.6074  -0.3489   1.3272
  1.6061  -0.3374   1.2157
  1.6049  -0.3258   1.1059
  1.6036  -0.3141   0.9977
  1.6023  -0.3023   0.8909
  1.6010  -0.2904   0.7857
  1.5997  -0.2784   0.6820
  1.5984  -0.2663   0.5798
  1.5971  -0.2542   0.4789
  1.5957  -0.2419   0.3795
  1.5944  -0.2296   0.2815
  1.5930  -0.2172   0.1849
  1.5916  -0.2047   0.0897
  1.5903  -0.1922  -0.0042
  1.5889  -0.1795  -0.0967
  1.5876  -0.1668  -0.1879
  1.5862  -0.1540  -0.2778
  1.5849  -0.1412  -0.3664
  1.5835  -0.1282  -0.4537
  1.5822  -0.1153  -0.5397
  1.5809  -0.1022  -0.6245
  1.5796  -0.0891  -0.7080
  1.5783  -0.0759  -0.7902
  1.5770  -0.0626  -0.8711
  1.5758  -0.0493  -0.9509
  1.5745  -0.0359  -1.0294
  1.5733  -0.0224  -1.1067
  1.5721  -0.0089  -1.1827
  1.5710   0.0046  -1.2576
  1.5699   0.0182  -1.3313
  1.5688   0.0319  -1.4037
  1.5677   0.0456  -1.4751
  1.5666   0.0593  -1.5452
  1.5656   0.0731  -1.6142
  1.5646   0.0870  -1.6820
  1.5637   0.1009  -1.7487
  1.5628   0.1148  -1.8143
  1.5619   0.1288  -1.8787
  1.5610   0.1428  -1.9421
  1.5602   0.1568  -2.0044
  1.5594   0.1709  -2.0655
  1.5587   0.1850  -2.1257
  1.5580   0.1991  -2.1848
  1.5573   0.2132  -2.2428
  1.5567   0.2274  -2.2998
  1.5561   0.2415  -2.3559
  1.5555   0.2557  -2.4110
  1.5550   0.2699  -2.4651
  1.5545   0.2841  -2.5183
  1.5540   0.2983  -2.5706
  1.5536   0.3125  -2.6220
  1.5532   0.3267  -2.6725
  1.5528   0.3409  -2.7223
  1.5525   0.3550  -2.7713
  1.5521   0.3692  -2.8195
  1.5519   0.3833  -2.8671
  1.5516   0.3974  -2.9140
  1.5513   0.4114  -2.9602
  1.5511   0.4254  -3.0060
  1.5509   0.4393  -3.0512
  1.5507   0.4532  -3.0960
  1.5505   0.4670  -3.1404
  1.5503   0.4808  -3.1845
  1.5503   0.4808  -3.1845
  1.5434   0.4675  -3.1073
  1.5377   0.4556  -3.0393
  1.5328   0.4448  -2.9789
  1.5287   0.4348  -2.9249
  1.5251   0.4255  -2.8764
  1.5220   0.4167  -2.8324
  1.5192   0.4082  -2.7923
  1.5167   0.4000  -2.7557
  1.5144   0.3919  -2.7220
  1.5123   0.3839  -2.6911
  1.5104   0.3760  -2.6625
  1.5085   0.3681  -2.6361
  1.5068   0.3601  -2.6118
  1.5052   0.3522  -2.5893
  1.5036   0.3441  -2.5687
  1.5021   0.3360  -2.5497
  1.5006   0.3278  -2.5323
  1.4992   0.3195  -2.5165
  1.4978   0.3111  -2.5021
  1.4965   0.3026  -2.4892
  1.4952   0.2940  -2.4776
  1.4939   0.2853  -2.4673
  1.4927   0.2765  -2.4584
  1.4916   0.2676  -2.4506
  1.4905   0.2586  -2.4441
  1.4894   0.2495  -2.4387
  1.4884   0.2403  -2.4345
  1.4874   0.2310  -2.4313
  1.4865   0.2216  -2.4292
  1.4857   0.2122  -2.4280
  1.4849   0.2026  -2.4278
  1.4841   0.1930  -2.4286
  1.4835   0.1834  -2.4302
  1.4829   0.1736  -2.4327
  1.4823   0.1638  -2.4360
  1.4818   0.1540  -2.4400
  1.4814   0.1440  -2.4448
  1.4811   0.1341  -2.4503
  1.4808   0.1241  -2.4564
  1.4806   0.1140  -2.4632
  1.4805   0.1039  -2.4705
  1.4804   0.0938  -2.4784
  1.4804   0.0837  -2.4868
  1.4805   0.0735  -2.4957
  1.4807   0.0633  -2.5050
  1.4809   0.0531  -2.5147
  1.4812   0.0428  -2.5248
  1.4816   0.0326  -2.5353
  1.4820   0.0223  -2.5460
  1.4826   0.0120  -2.5571
  1.4831   0.0018  -2.5684
  1.4838  -0.0085  -2.5800
  1.4845  -0.0188  -2.5918
  1.4853  -0.0291  -2.6038
  1.4861  -0.0394  -2.6160
  1.4870  -0.0497  -2.6283
  1.4880  -0.0600  -2.6408
  1.4890  -0.0703  -2.6534
  1.4900  -0.0806  -2.6663
  1.4911  -0.0909  -2.6792
  1.4923  -0.1013  -2.6924
  1.4935  -0.1116  -2.7057
  1.4948  -0.1220  -2.7193
  1.4961  -0.1324  -2.7332
  1.4975  -0.1428  -2.7474
  1.4989  -0.1533  -2.7621
  1.5003  -0.1638  -2.7774
  1.5018  -0.1745  -2.7935
  1.5034  -0.1852  -2.8106
  1.5050  -0.1961  -2.8290
  1.5067  -0.2072  -2.8490
  1.5085  -0.2185  -2.8711
  1.5104  -0.2302  -2.8959
  1.5125  -0.2421  -2.9242
  1.5147  -0.2546  -2.9569
  1.5171  -0.2677  -2.9952
  1.5198  -0.2815  -3.0406
  1.5228  -0.2962  -3.0950
  1.5263  -0.3121  -3.1608
  1.5262  -0.3220  -3.1603
  1.5261  -0.3319  -3.1603
  1.5260  -0.3418  -3.1602
  1.5260  -0.3517  -3.1602
  1.5259  -0.3616  -3.1602
  1.5277  -0.3693  -3.2181
  1.5266  -0.3607  -3.1645
  1.5256  -0.3522  -3.1105
  1.5247  -0.3437  -3.0559
  1.5238  -0.3352  -3.0009
  1.5230  -0.3268  -2.9453
  1.5222  -0.3183  -2.8893
  1.5215  -0.3100  -2.8327
  1.5208  -0.3016  -2.7756
  1.5202  -0.2933  -2.7179
  1.5197  -0.2850  -2.6597
  1.5191  -0.2767  -2.6009
  1.5187  -0.2684  -2.5415
  1.5183  -0.2602  -2.4816
  1.5179  -0.2520  -2.4211
  1.5176  -0.2438  -2.3600
  1.5173  -0.2356  -2.2982
  1.5170  -0.2275  -2.2359
  1.5168  -0.2194  -2.1729
  1.5167  -0.2112  -2.1092
  1.5166  -0.2031  -2.0449
  1.5165  -0.1951  -1.9799
  1.5164  -0.1870  -1.9143
  1.5164  -0.1789  -1.8479
  1.5165  -0.1709  -1.7809
  1.5166  -0.1629  -1.7131
  1.5167  -0.1548  -1.6446
  1.5168  -0.1468  -1.5754
  1.5170  -0.1388  -1.5054
  1.5172  -0.1308  -1.4346
  1.5174  -0.1229  -1.3631
  1.5177  -0.1149  -1.2907
  1.5180  -0.1069  -1.2176
  1.5183  -0.0990  -1.1436
  1.5187  -0.0910  -1.0688
  1.5191  -0.0831  -0.9932
  1.5195  -0.0751  -0.9167
  1.5199  -0.0672  -0.8394
  1.5204  -0.0593  -0.7612
  1.5209  -0.0513  -0.6821
  1.5214  -0.0434  -0.6021
  1.5220  -0.0355  -0.5212
  1.5225  -0.0276  -0.4394
  1.5231  -0.0196  -0.3567
  1.5237  -0.0117  -0.2730
  1.5244  -0.0038  -0.1884
  1.5251   0.0041  -0.1028
  1.5257   0.0121  -0.0163
  1.5265   0.0200   0.0712
  1.5272   0.0279   0.1597
  1.5279   0.0359   0.2492
  1.5287   0.0438   0.3397
  1.5295   0.0517   0.4311
  1.5303   0.0597   0.5236
  1.5312   0.0676   0.6171
  1.5321   0.0756   0.7116
  1.5329   0.0835   0.8071
  1.5339   0.0915   0.9037
  1.5348   0.0994   1.0013
  1.5357   0.1074   1.0999
  1.5367   0.1153   1.1996
  1.5377   0.1233   1.3003
  1.5388   0.1312   1.4020
  1.5398   0.1392   1.5048
  1.5409   0.1471   1.6087
  1.5420   0.1551   1.7136
  1.5431   0.1630   1.8196
  1.5442   0.1709   1.9267
  1.5454   0.1788   2.0348
  1.5465   0.1868   2.1440
  1.5477   0.1946   2.2543
  1.5490   0.2025   2.3656
  1.5502   0.2104   2.4781
  1.5515   0.2182   2.5916
  1.5527   0.2260   2.7063
  1.5540   0.2338   2.8221
  1.5554   0.2416   2.9390
  1.5567   0.2493   3.0571
  1.5580   0.2570   3.1763
  1.5594   0.2646   3.2967
  1.5594   0.2646   3.2967
  1.5563   0.2552   3.3080
  1.5535   0.2463   3.3233
  1.5508   0.2377   3.3414
  1.5484   0.2292   3.3612
  1.5461   0.2209   3.3822
  1.5440   0.2126   3.4037
  1.5420   0.2043   3.4255
  1.5401   0.1961   3.4472
  1.5383   0.1879   3.4687
  1.5366   0.1796   3.4898
  1.5350   0.1713   3.5104
  1.5334   0.1629   3.5304
  1.5320   0.1545   3.5497
  1.5306   0.1461   3.5683
  1.5293   0.1376   3.5861
  1.5281   0.1291   3.6032
  1.5269   0.1205   3.6195
  1.5258   0.1118   3.6351
  1.5248   0.1031   3.6498
  1.5238   0.0944   3.6637
  1.5229   0.0856   3.6769
  1.5220   0.0767   3.6893
  1.5212   0.0678   3.7009
  1.5204   0.0588   3.7117
  1.5197   0.0497   3.7218
  1.5190   0.0406   3.7311
  1.5184   0.0315   3.7397
  1.5179   0.0223   3.7476
  1.5173   0.0130   3.7547
  1.5169   0.0037   3.7612
  1.5165  -0.0057   3.7669
  1.5161  -0.0151   3.7720
  1.5158  -0.0245   3.7763
  1.5155  -0.0341   3.7800
  1.5152  -0.0436   3.7830
  1.5151  -0.0533   3.7854
  1.5149  -0.0629   3.7871
  1.5148  -0.0727   3.7882
  1.5148  -0.0824   3.7886
  1.5148  -0.0922   3.7884
  1.5149  -0.1021   3.7876
  1.5150  -0.1120   3.7861
  1.5151  -0.1220   3.7840
  1.5153  -0.1320   3.7813
  1.5156  -0.1420   3.7781
  1.5159  -0.1521   3.7742
  1.5162  -0.1623   3.7697
  1.5166  -0.1724   3.7646
  1.5171  -0.1827   3.7589
  1.5176  -0.1929   3.7526
  1.5182  -0.2033   3.7457
  1.5188  -0.2136   3.7382
  1.5194  -0.2240   3.7302
  1.5201  -0.2345   3.7215
  1.5209  -0.2450   3.7123
  1.5217  -0.2555   3.7025
  1.5226  -0.2661   3.6921
  1.5235  -0.2767   3.6811
  1.5245  -0.2874   3.6696
  1.5256  -0.2982   3.6575
  1.5267  -0.3089   3.6447
  1.5278  -0.3198   3.6315
  1.5290  -0.3306   3.6176
  1.5303  -0.3416   3.6032
  1.5316  -0.3525   3.5883
  1.5330  -0.3636   3.5729
  1.5344  -0.3747   3.5569
  1.5359  -0.3858   3.5405
  1.5374  -0.3970   3.5237
  1.5390  -0.4083   3.5065
  1.5406  -0.4196   3.4890
  1.5423  -0.4310   3.4713
  1.5440  -0.4425   3.4535
  1.5457  -0.4541   3.4357
  1.5409  -0.4605   3.4854
  1.5404  -0.4515   3.3509
  1.5398  -0.4424   3.2183
  1.5392  -0.4332   3.0875
  1.5385  -0.4238   2.9585
  1.5378  -0.4144   2.8313
  1.5371  -0.4049   2.7058
  1.5363  -0.3952   2.5819
  1.5355  -0.3855   2.4596
  1.5347  -0.3756   2.3389
  1.5338  -0.3657   2.2197
  1.5329  -0.3557   2.1021
  1.5320  -0.3455   1.9859
  1.5310  -0.3353   1.8712
  1.5300  -0.3250   1.7580
  1.5290  -0.3146   1.6461
  1.5279  -0.3041   1.5357
  1.5269  -0.2936   1.4266
  1.5258  -0.2829   1.3189
  1.5246  -0.2722   1.2126
  1.5235  -0.2613   1.1076
  1.5224  -0.2504   1.0038
  1.5212  -0.2394   0.9014
  1.5200  -0.2283   0.8003
  1.5188  -0.2171   0.7004
  1.5176  -0.2059   0.6018
  1.5164  -0.1945   0.5045
  1.5152  -0.1831   0.4084
  1.5140  -0.1716   0.3136
  1.5128  -0.1600   0.2199
  1.5116  -0.1483   0.1275
  1.5103  -0.1366   0.0363
  1.5091  -0.1247  -0.0537
  1.5079  -0.1128  -0.1425
  1.5067  -0.1008  -0.2301
  1.5056  -0.0888  -0.3165
  1.5044  -0.0766  -0.4017
  1.5032  -0.0644  -0.4858
  1.5021  -0.0521  -0.5687
  1.5010  -0.0398  -0.6504
  1.4999  -0.0273  -0.7310
  1.4988  -0.0148  -0.8104
  1.4977  -0.0022  -0.8886
  1.4967   0.0104  -0.9657
  1.4957   0.0231  -1.0417
  1.4947   0.0359  -1.1166
  1.4937   0.0488  -1.1903
  1.4928   0.0617  -1.2629
  1.4919   0.0747  -1.3343
  1.4911   0.0877  -1.4047
  1.4902   0.1008  -1.4739
  1.4894   0.1140  -1.5421
  1.4887   0.1272  -1.6091
  1.4879   0.1405  -1.6751
  1.4873   0.1538  -1.7399
  1.4866   0.1672  -1.8037
  1.4860   0.1807  -1.8664
  1.4854   0.1942  -1.9281
  1.4849   0.2077  -1.9887
  1.4844   0.2213  -2.0482
  1.4840   0.2349  -2.1067
  1.4835   0.2486  -2.1641
  1.4832   0.2624  -2.2206
  1.4829   0.2761  -2.2760
  1.4826   0.2899  -2.3304
  1.4823   0.3038  -2.3838
  1.4821   0.3177  -2.4363
  1.4820   0.3316  -2.4877
  1.4818   0.3456  -2.5382
  1.4818   0.3596  -2.5877
  1.4817   0.3736  -2.6363
  1.4817   0.3877  -2.6840
  1.4818   0.4017  -2.7308
  1.4819   0.4159  -2.7766
  1.4820   0.4300  -2.8216
  1.4821   0.4441  -2.8658
  1.4823   0.4583  -2.9090
  1.4825   0.4725  -2.9515
  1.4828   0.4867  -2.9931
  1.4831   0.5009  -3.0340
  1.4831   0.5009  -3.0340
  1.4783   0.4905  -2.9615
  1.4742   0.4806  -2.8980
  1.4706   0.4712  -2.8421
  1.4674   0.4622  -2.7926
  1.4646   0.4534  -2.7484
  1.4620   0.4448  -2.7087
  1.4596   0.4364  -2.6728
  1.4574   0.4280  -2.6402
  1.4553   0.4196  -2.6104
  1.4534   0.4112  -2.5831
  1.4515   0.4029  -2.5580
  1.4497   0.3945  -2.5348
  1.4480   0.3860  -2.5134
  1.4464   0.3775  -2.4937
  1.4448   0.3689  -2.4755
  1.4432   0.3603  -2.4586
  1.4418   0.3515  -2.4431
  1.4403   0.3427  -2.4289
  1.4389   0.3339  -2.4158
  1.4375   0.3249  -2.4039
  1.4362   0.3159  -2.3931
  1.4349   0.3068  -2.3833
  1.4337   0.2976  -2.3745
  1.4325   0.2884  -2.3667
  1.4314   0.2790  -2.3598
  1.4303   0.2696  -2.3538
  1.4292   0.2602  -2.3487
  1.4282   0.2506  -2.3445
  1.4272   0.2410  -2.3411
  1.4263   0.2314  -2.3384
  1.4254   0.2216  -2.3366
  1.4246   0.2118  -2.3355
  1.4238   0.2020  -2.3351
  1.4231   0.1921  -2.3354
  1.4224   0.1821  -2.3365
  1.4218   0.1721  -2.3381
  1.4213   0.1621  -2.3405
  1.4208   0.1519  -2.3434
  1.4203   0.1418  -2.3469
  1.4199   0.1316  -2.3511
  1.4196   0.1213  -2.3558
  1.4193   0.1110  -2.3610
  1.4191   0.1007  -2.3668
  1.4190   0.0904  -2.3731
  1.4189   0.0800  -2.3799
  1.4189   0.0695  -2.3871
  1.4189   0.0591  -2.3949
  1.4190   0.0486  -2.4031
  1.4192   0.0381  -2.4117
  1.4194   0.0275  -2.4208
  1.4197   0.0169  -2.4303
  1.4201   0.0063  -2.4402
  1.4205  -0.0043  -2.4506
  1.4210  -0.0149  -2.4613
  1.4216  -0.0256  -2.4724
  1.4222  -0.0363  -2.4840
  1.4229  -0.0470  -2.4959
  1.4237  -0.0577  -2.5082
  1.4245  -0.0684  -2.5209
  1.4255  -0.0792  -2.5341
  1.4265  -0.0900  -2.5476
  1.4275  -0.1008  -2.5617
  1.4287  -0.1116  -2.5762
  1.4299  -0.1224  -2.5912
  1.4312  -0.1332  -2.6069
  1.4326  -0.1441  -2.6231
  1.4341  -0.1550  -2.6401
  1.4356  -0.1659  -2.6580
  1.4373  -0.1769  -2.6768
  1.4390  -0.1879  -2.6969
  1.4409  -0.1989  -2.7183
  1.4428  -0.2100  -2.7414
  1.4449  -0.2211  -2.7666
  1.4472  -0.2324  -2.7944
  1.4496  -0.2438  -2.8253
  1.4522  -0.2553  -2.8601
  1.4550  -0.2670  -2.8999
  1.4580  -0.2790  -2.9457
  1.4580  -0.2893  -3.0207
  1.4582  -0.2814  -2.9709
  1.4585  -0.2736  -2.9206
  1.4588  -0.2658  -2.8695
  1.4591  -0.2581  -2.8178
  1.4595  -0.2504  -2.7655
  1.4599  -0.2428  -2.7126
  1.4603  -0.2352  -2.6590
  1.4608  -0.2276  -2.6047
  1.4613  -0.2201  -2.5499
  1.4618  -0.2126  -2.4943
  1.4624  -0.2051  -2.4382
  1.4630  -0.1977  -2.3814
  1.4637  -0.1903  -2.3239
  1.4644  -0.1829  -2.2658
  1.4651  -0.1756  -2.2070
  1.4658  -0.1682  -2.1476
  1.4666  -0.1609  -2.0875
  1.4674  -0.1536  -2.0267
  1.4683  -0.1463  -1.9652
  1.4691  -0.1391  -1.9030
  1.4700  -0.1319  -1.8402
  1.4710  -0.1246  -1.7766
  1.4719  -0.1174  -1.7123
  1.4729  -0.1103  -1.6472
  1.4739  -0.1031  -1.5815
  1.4750  -0.0959  -1.5150
  1.4760  -0.0888  -1.4477
  1.4771  -0.0816  -1.3797
  1.4782  -0.0745  -1.3109
  1.4794  -0.0674  -1.2414
  1.4805  -0.0603  -1.1710
  1.4817  -0.0532  -1.0999
  1.4829  -0.0461  -1.0279
  1.4842  -0.0390  -0.9552
  1.4854  -0.0319  -0.8816
  1.4867  -0.0249  -0.8072
  1.4880  -0.0178  -0.7319
  1.4893  -0.0107  -0.6558
  1.4907  -0.0037  -0.5789
  1.4920   0.0034  -0.5011
  1.4934   0.0104  -0.4224
  1.4948   0.0175  -0.3428
  1.4962   0.0245  -0.2624
  1.4977   0.0316  -0.1810
  1.4991   0.0386  -0.0988
  1.5006   0.0457  -0.0157
  1.5021   0.0527   0.0684
  1.5037   0.0598   0.1533
  1.5052   0.0668   0.2392
  1.5068   0.0739   0.3260
  1.5084   0.0809   0.4137
  1.5100   0.0879   0.5024
  1.5116   0.0950   0.5920
  1.5132   0.1020   0.6825
  1.5149   0.1091   0.7740
  1.5166   0.1161   0.8665
  1.5183   0.1232   0.9598
  1.5200   0.1302   1.0542
  1.5217   0.1372   1.1494
  1.5235   0.1443   1.2457
  1.5253   0.1513   1.3429
  1.5271   0.1583   1.4410
  1.5289   0.1653   1.5402
  1.5307   0.1724   1.6403
  1.5326   0.1794   1.7413
  1.5345   0.1864   1.8434
  1.5364   0.1934   1.9464
  1.5383   0.2003   2.0504
  1.5402   0.2073   2.1554
  1.5422   0.2142   2.2614
  1.5441   0.2211   2.3684
  1.5461   0.2280   2.4764
  1.5481   0.2349   2.5854
  1.5502   0.2418   2.6954
  1.5522   0.2486   2.8065
  1.5542   0.2554   2.9187
  1.5563   0.2621   3.0320
  1.5583   0.2688   3.1463
  1.5604   0.2755   3.2618
  1.5604   0.2755   3.2618
  1.5575   0.2661   3.2693
  1.5548   0.2571   3.2803
  1.5523   0.2483   3.2940
  1.5500   0.2396   3.3097
  1.5478   0.2311   3.3269
  1.5457   0.2227   3.3450
  1.5438   0.2143   3.3638
  1.5420   0.2060   3.3829
  1.5402   0.1977   3.4021
  1.5386   0.1893   3.4212
  1.5370   0.1810   3.4401
  1.5355   0.1726   3.4587
  1.5341   0.1642   3.4768
  1.5328   0.1557   3.4945
  1.5315   0.1473   3.5116
  1.5303   0.1387   3.5282
  1.5291   0.1301   3.5441
  1.5280   0.1215   3.5594
  1.5269   0.1128   3.5741
  1.5260   0.1041   3.5880
  1.5250   0.0953   3.6013
  1.5241   0.0865   3.6140
  1.5233   0.0776   3.6259
  1.5225   0.0687   3.6372
  1.5218   0.0597   3.6477
  1.5211   0.0506   3.6576
  1.5205   0.0415   3.6668
  1.5199   0.0323   3.6753
  1.5193   0.0231   3.6831
  1.5188   0.0138   3.6902
  1.5184   0.0045   3.6967
  1.5180  -0.0049   3.7024
  1.5176  -0.0143   3.7075
  1.5173  -0.0238   3.7120
  1.5171  -0.0333   3.7157
  1.5168  -0.0429   3.7188
  1.5167  -0.0526   3.7213
  1.5166  -0.0623   3.7230
  1.5165  -0.0720   3.7242
  1.5165  -0.0818   3.7246
  1.5165  -0.0916   3.7245
  1.5166  -0.1015   3.7236
  1.5167  -0.1115   3.7221
  1.5169  -0.1215   3.7200
  1.5171  -0.1315   3.7172
  1.5174  -0.1416   3.7138
  1.5177  -0.1518   3.7098
  1.5181  -0.1619   3.7051
  1.5186  -0.1722   3.6997
  1.5190  -0.1825   3.6937
  1.5196  -0.1928   3.6871
  1.5202  -0.2032   3.6798
  1.5208  -0.2136   3.6719
  1.5216  -0.2241   3.6633
  1.5223  -0.2346   3.6541
  1.5231  -0.2452   3.6443
  1.5240  -0.2558   3.6338
  1.5250  -0.2665   3.6226
  1.5260  -0.2773   3.6108
  1.5270  -0.2880   3.5983
  1.5281  -0.2989   3.5852
  1.5293  -0.3098   3.5715
  1.5305  -0.3207   3.5571
  1.5318  -0.3317   3.5421
  1.5332  -0.3427   3.5264
  1.5346  -0.3539   3.5101
  1.5361  -0.3650   3.4933
  1.5376  -0.3763   3.4759
  1.5392  -0.3876   3.4579
  1.5409  -0.3989   3.4395
  1.5426  -0.4104   3.4208
  1.5443  -0.4219   3.4017
  1.5461  -0.4334   3.3824
  1.5480  -0.4451   3.3630
  1.5499  -0.4569   3.3439
  1.5451  -0.4631   3.3931
  1.5446  -0.4540   3.2589
  1.5441  -0.4447   3.1265
  1.5435  -0.4354   2.9960
  1.5429  -0.4259   2.8672
  1.5423  -0.4164   2.7401
  1.5416  -0.4067   2.6147
  1.5409  -0.3970   2.4910
  1.5401  -0.3872   2.3688
  1.5393  -0.3773   2.2482
  1.5385  -0.3673   2.1292
  1.5376  -0.3572   2.0117
  1.5367  -0.3470   1.8957
  1.5358  -0.3368   1.7811
  1.5349  -0.3264   1.6680
  1.5339  -0.3160   1.5563
  1.5329  -0.3055   1.4460
  1.5319  -0.2949   1.3372
  1.5308  -0.2842   1.2296
  1.5298  -0.2735   1.1235
  1.5287  -0.2626   1.0186
  1.5276  -0.2517   0.9151
  1.5265  -0.2407   0.8129
  1.5254  -0.2296   0.7120
  1.5242  -0.2184   0.6124
  1.5231  -0.2072   0.5141
  1.5219  -0.1959   0.4170
  1.5208  -0.1845   0.3212
  1.5196  -0.1730   0.2266
  1.5185  -0.1614   0.1333
  1.5173  -0.1498   0.0412
  1.5162  -0.1381  -0.0497
  1.5150  -0.1263  -0.1394
  1.5139  -0.1144  -0.2279
  1.5128  -0.1025  -0.3152
  1.5116  -0.0905  -0.4012
  1.5105  -0.0784  -0.4862
  1.5094  -0.0663  -0.5699
  1.5084  -0.0540  -0.6524
  1.5073  -0.0417  -0.7338
  1.5063  -0.0294  -0.8141
  1.5052  -0.0169  -0.8932
  1.5042  -0.0044  -0.9711
  1.5033   0.0081  -1.0479
  1.5023   0.0208  -1.1235
  1.5014   0.0335  -1.1980
  1.5005   0.0462  -1.2714
  1.4996   0.0590  -1.3437
  1.4988   0.0719  -1.4149
  1.4980   0.0849  -1.4849
  1.4972   0.0979  -1.5538
  1.4965   0.1109  -1.6217
  1.4958   0.1240  -1.6884
  1.4951   0.1372  -1.7541
  1.4945   0.1504  -1.8187
  1.4939   0.1636  -1.8822
  1.4934   0.1770  -1.9446
  1.4928   0.1903  -2.0060
  1.4924   0.2037  -2.0663
  1.4919   0.2172  -2.1256
  1.4915   0.2307  -2.1838
  1.4912   0.2442  -2.2410
  1.4909   0.2578  -2.2972
  1.4906   0.2714  -2.3524
  1.4904   0.2851  -2.4065
  1.4902   0.2988  -2.4597
  1.4900   0.3125  -2.5118
  1.4899   0.3263  -2.5630
  1.4898   0.3401  -2.6132
  1.4898   0.3540  -2.6625
  1.4898   0.3678  -2.7108
  1.4899   0.3817  -2.7582
  1.4899   0.3957  -2.8047
  1.4901   0.4096  -2.8502
  1.4902   0.4236  -2.8949
  1.4904   0.4376  -2.9386
  1.4907   0.4516  -2.9815
  1.4909   0.4656  -3.0236
  1.4912   0.4797  -3.0648
  1.4916   0.4938  -3.1052
  1.4916   0.4938  -3.1052
  1.4867   0.4832  -3.0312
  1.4826   0.4733  -2.9663
  1.4790   0.4638  -2.9092
  1.4758   0.4548  -2.8586
  1.4729   0.4460  -2.8133
  1.4703   0.4374  -2.7727
  1.4679   0.4289  -2.7360
  1.4657   0.4205  -2.7026
  1.4636   0.4121  -2.6720
  1.4616   0.4038  -2.6441
  1.4598   0.3954  -2.6184
  1.4580   0.3870  -2.5947
  1.4563   0.3785  -2.5729
  1.4546   0.3700  -2.5527
  1.4530   0.3614  -2.5342
  1.4515   0.3528  -2.5171
  1.4500   0.3441  -2.5013
  1.4485   0.3353  -2.4869
  1.4471   0.3264  -2.4737
  1.4457   0.3175  -2.4618
  1.4444   0.3084  -2.4509
  1.4431   0.2993  -2.4411
  1.4419   0.2902  -2.4324
  1.4407   0.2809  -2.4247
  1.4395   0.2716  -2.4179
  1.4384   0.2622  -2.4122
  1.4374   0.2527  -2.4073
  1.4363   0.2432  -2.4033
  1.4354   0.2336  -2.4001
  1.4344   0.2239  -2.3978
  1.4336   0.2142  -2.3963
  1.4327   0.2044  -2.3955
  1.4320   0.1945  -2.3955
  1.4312   0.1846  -2.3963
  1.4306   0.1747  -2.3977
  1.4300   0.1647  -2.3998
  1.4294   0.1546  -2.4025
  1.4289   0.1445  -2.4059
  1.4285   0.1344  -2.4099
  1.4281   0.1242  -2.4145
  1.4278   0.1139  -2.4196
  1.4275   0.1037  -2.4253
  1.4273   0.0933  -2.4315
  1.4272   0.0830  -2.4383
  1.4271   0.0726  -2.4455
  1.4271   0.0622  -2.4532
  1.4271   0.0518  -2.4614
  1.4272   0.0413  -2.4700
  1.4274   0.0308  -2.4790
  1.4276   0.0203  -2.4885
  1.4280   0.0097  -2.4984
  1.4283  -0.0009  -2.5087
  1.4288  -0.0115  -2.5194
  1.4293  -0.0221  -2.5304
  1.4298  -0.0327  -2.5418
  1.4305  -0.0434  -2.5536
  1.4312  -0.0541  -2.5658
  1.4320  -0.0648  -2.5784
  1.4328  -0.0755  -2.5913
  1.4337  -0.0862  -2.6047
  1.4347  -0.0969  -2.6184
  1.4358  -0.1077  -2.6326
  1.4369  -0.1185  -2.6472
  1.4381  -0.1293  -2.6623
  1.4394  -0.1401  -2.6780
  1.4408  -0.1510  -2.6944
  1.4422  -0.1618  -2.7114
  1.4437  -0.1727  -2.7293
  1.4454  -0.1837  -2.7481
  1.4471  -0.1947  -2.7681
  1.4489  -0.2057  -2.7895
  1.4509  -0.2168  -2.8126
  1.4529  -0.2280  -2.8378
  1.4551  -0.2393  -2.8656
  1.4575  -0.2507  -2.8966
  1.4601  -0.2623  -2.9316
  1.4628  -0.2741  -2.9716
  1.4659  -0.2862  -3.0178
  1.4692  -0.2987  -3.0718
