  0.0000  -0.1269  -0.1208
  0.0010  -0.1270  -0.1208
  0.0020  -0.1271  -0.1208
  0.0030  -0.1272  -0.1209
  0.0040  -0.1273  -0.1209
  0.0051  -0.1274  -0.1210
  0.0061  -0.1274  -0.1210
  0.0071  -0.1275  -0.1211
  0.0082  -0.1276  -0.1212
  0.0092  -0.1277  -0.1213
  0.0103  -0.1277  -0.1214
  0.0113  -0.1278  -0.1215
  0.0124  -0.1278  -0.1217
  0.0135  -0.1279  -0.1218
  0.0146  -0.1279  -0.1220
  0.0156  -0.1280  -0.1222
  0.0167  -0.1280  -0.1224
  0.0178  -0.1281  -0.1227
  0.0190  -0.1281  -0.1229
  0.0201  -0.1281  -0.1232
  0.0212  -0.1282  -0.1235
  0.0223  -0.1282  -0.1237
  0.0235  -0.1282  -0.1240
  0.0246  -0.1282  -0.1243
  0.0258  -0.1282  -0.1246
  0.0269  -0.1282  -0.1249
  0.0281  -0.1282  -0.1252
  0.0293  -0.1282  -0.1255
  0.0304  -0.1282  -0.1257
  0.0316  -0.1282  -0.1260
  0.0328  -0.1282  -0.1263
  0.0340  -0.1282  -0.1265
  0.0352  -0.1282  -0.1268
  0.0364  -0.1281  -0.1270
  0.0376  -0.1281  -0.1272
  0.0388  -0.1281  -0.1274
  0.0401  -0.1280  -0.1275
  0.0413  -0.1280  -0.1277
  0.0425  -0.1279  -0.1278
  0.0438  -0.1279  -0.1279
  0.0450  -0.1278  -0.1280
  0.0463  -0.1278  -0.1280
  0.0475  -0.1277  -0.1280
  0.0488  -0.1276  -0.1280
  0.0501  -0.1275  -0.1279
  0.0514  -0.1274  -0.1278
  0.0526  -0.1274  -0.1277
  0.0539  -0.1273  -0.1275
  0.0552  -0.1272  -0.1273
  0.0565  -0.1270  -0.1270
  0.0578  -0.1269  -0.1267
  0.0591  -0.1268  -0.1263
  0.0605  -0.1267  -0.1259
  0.0618  -0.1266  -0.1254
  0.0631  -0.1264  -0.1249
  0.0644  -0.1263  -0.1243
  0.0658  -0.1261  -0.1236
  0.0671  -0.1260  -0.1229
  0.0685  -0.1258  -0.1221
  0.0698  -0.1257  -0.1213
  0.0712  -0.1255  -0.1204
  0.0725  -0.1253  -0.1194
  0.0739  -0.1251  -0.1183
  0.0753  -0.1250  -0.1172
  0.0767  -0.1248  -0.1160
  0.0780  -0.1246  -0.1147
  0.0794  -0.1244  -0.1133
  0.0808  -0.1241  -0.1119
  0.0822  -0.1239  -0.1103
  0.0836  -0.1237  -0.1087
  0.0850  -0.1235  -0.1070
  0.0865  -0.1232  -0.1051
  0.0879  -0.1230  -0.1032
  0.0893  -0.1227  -0.1012
  0.0907  -0.1225  -0.0991
  0.0922  -0.1222  -0.0969
  0.0936  -0.1219  -0.0945
  0.0951  -0.1216  -0.0921
  0.0965  -0.1213  -0.0896
  0.0980  -0.1210  -0.0869
  0.0980  -0.1210  -0.0869
  0.0994  -0.1207  -0.0841
  0.1009  -0.1204  -0.0814
  0.1023  -0.1201  -0.0786
  0.1038  -0.1199  -0.0758
  0.1052  -0.1196  -0.0731
  0.1067  -0.1193  -0.0703
  0.1081  -0.1191  -0.0675
  0.1096  -0.1188  -0.0647
  0.1110  -0.1186  -0.0619
  0.1125  -0.1184  -0.0591
  0.1139  -0.1181  -0.0563
  0.1154  -0.1179  -0.0535
  0.1168  -0.1177  -0.0506
  0.1182  -0.1175  -0.0478
  0.1197  -0.1173  -0.0449
  0.1211  -0.1172  -0.0421
  0.1225  -0.1170  -0.0392
  0.1239  -0.1168  -0.0363
  0.1254  -0.1167  -0.0334
  0.1268  -0.1165  -0.0305
  0.1282  -0.1164  -0.0276
  0.1297  -0.1163  -0.0246
  0.1311  -0.1162  -0.0217
  0.1325  -0.1161  -0.0188
  0.1339  -0.1160  -0.0158
  0.1353  -0.1159  -0.0129
  0.1368  -0.1158  -0.0099
  0.1382  -0.1157  -0.0069
  0.1396  -0.1156  -0.0040
  0.1410  -0.1156  -0.0010
  0.1425  -0.1155   0.0020
  0.1439  -0.1155   0.0050
  0.1453  -0.1155   0.0079
  0.1467  -0.1155   0.0109
  0.1481  -0.1155   0.0139
  0.1495  -0.1155   0.0169
  0.1510  -0.1155   0.0199
  0.1524  -0.1155   0.0229
  0.1538  -0.1155   0.0259
  0.1552  -0.1156   0.0288
  0.1566  -0.1156   0.0318
  0.1581  -0.1157   0.0348
  0.1595  -0.1158   0.0378
  0.1609  -0.1159   0.0407
  0.1623  -0.1160   0.0437
  0.1637  -0.1161   0.0467
  0.1652  -0.1162   0.0496
  0.1666  -0.1163   0.0526
  0.1680  -0.1164   0.0555
  0.1694  -0.1166   0.0585
  0.1709  -0.1167   0.0614
  0.1723  -0.1169   0.0643
  0.1737  -0.1171   0.0672
  0.1752  -0.1173   0.0701
  0.1766  -0.1175   0.0730
  0.1780  -0.1177   0.0759
  0.1795  -0.1179   0.0787
  0.1809  -0.1182   0.0816
  0.1823  -0.1184   0.0844
  0.1838  -0.1187   0.0872
  0.1852  -0.1189   0.0900
  0.1867  -0.1192   0.0928
  0.1881  -0.1195   0.0956
  0.1896  -0.1198   0.0984
  0.1910  -0.1201   0.1011
  0.1925  -0.1205   0.1039
  0.1939  -0.1208   0.1066
  0.1954  -0.1212   0.1093
  0.1954  -0.1212   0.1093
  0.1968  -0.1215   0.1121
  0.1983  -0.1219   0.1147
  0.1997  -0.1222   0.1172
  0.2012  -0.1226   0.1196
  0.2026  -0.1229   0.1218
  0.2041  -0.1232   0.1239
  0.2055  -0.1235   0.1259
  0.2070  -0.1238   0.1278
  0.2084  -0.1241   0.1295
  0.2099  -0.1244   0.1312
  0.2113  -0.1246   0.1327
  0.2128  -0.1249   0.1341
  0.2142  -0.1251   0.1354
  0.2157  -0.1253   0.1366
  0.2171  -0.1256   0.1376
  0.2186  -0.1258   0.1386
  0.2200  -0.1260   0.1395
  0.2215  -0.1262   0.1402
  0.2229  -0.1263   0.1409
  0.2243  -0.1265   0.1414
  0.2258  -0.1267   0.1418
  0.2272  -0.1268   0.1422
  0.2287  -0.1269   0.1424
  0.2301  -0.1271   0.1426
  0.2315  -0.1272   0.1426
  0.2330  -0.1273   0.1426
  0.2344  -0.1274   0.1425
  0.2358  -0.1275   0.1422
  0.2373  -0.1275   0.1419
  0.2387  -0.1276   0.1415
  0.2401  -0.1277   0.1410
  0.2416  -0.1277   0.1405
  0.2430  -0.1277   0.1398
  0.2445  -0.1278   0.1390
  0.2459  -0.1278   0.1382
  0.2473  -0.1278   0.1373
  0.2488  -0.1278   0.1363
  0.2502  -0.1278   0.1352
  0.2516  -0.1277   0.1341
  0.2531  -0.1277   0.1329
  0.2545  -0.1276   0.1315
  0.2559  -0.1276   0.1302
  0.2574  -0.1275   0.1287
  0.2588  -0.1274   0.1272
  0.2602  -0.1274   0.1256
  0.2617  -0.1273   0.1239
  0.2631  -0.1271   0.1222
  0.2645  -0.1270   0.1204
  0.2660  -0.1269   0.1185
  0.2674  -0.1268   0.1165
  0.2688  -0.1266   0.1145
  0.2703  -0.1265   0.1124
  0.2717  -0.1263   0.1103
  0.2732  -0.1261   0.1081
  0.2746  -0.1259   0.1058
  0.2760  -0.1257   0.1035
  0.2775  -0.1255   0.1011
  0.2789  -0.1253   0.0986
  0.2804  -0.1251   0.0961
  0.2818  -0.1248   0.0936
  0.2832  -0.1246   0.0909
  0.2847  -0.1243   0.0883
  0.2861  -0.1240   0.0855
  0.2876  -0.1238   0.0827
  0.2890  -0.1235   0.0799
  0.2905  -0.1232   0.0770
  0.2919  -0.1229   0.0740
  0.2934  -0.1225   0.0710
  0.2948  -0.1222   0.0680
  0.2963  -0.1219   0.0648
  0.2977  -0.1215   0.0617
  0.2977  -0.1215   0.0617
  0.2992  -0.1211   0.0585
  0.3006  -0.1208   0.0553
  0.3021  -0.1205   0.0523
  0.3035  -0.1201   0.0492
  0.3050  -0.1198   0.0463
  0.3064  -0.1195   0.0433
  0.3079  -0.1192   0.0404
  0.3093  -0.1189   0.0376
  0.3107  -0.1186   0.0348
  0.3122  -0.1183   0.0320
  0.3136  -0.1180   0.0293
  0.3150  -0.1178   0.0266
  0.3164  -0.1175   0.0239
  0.3179  -0.1173   0.0212
  0.3193  -0.1170   0.0186
  0.3207  -0.1168   0.0160
  0.3221  -0.1166   0.0134
  0.3235  -0.1164   0.0108
  0.3249  -0.1162   0.0082
  0.3264  -0.1160   0.0056
  0.3278  -0.1158   0.0031
  0.3292  -0.1156   0.0006
  0.3306  -0.1155  -0.0020
  0.3320  -0.1153  -0.0045
  0.3334  -0.1152  -0.0070
  0.3348  -0.1150  -0.0095
  0.3362  -0.1149  -0.0120
  0.3376  -0.1148  -0.0145
  0.3390  -0.1147  -0.0170
  0.3404  -0.1146  -0.0195
  0.3418  -0.1145  -0.0220
  0.3432  -0.1144  -0.0244
  0.3446  -0.1143  -0.0269
  0.3460  -0.1143  -0.0294
  0.3474  -0.1142  -0.0319
  0.3488  -0.1142  -0.0344
  0.3502  -0.1142  -0.0369
  0.3516  -0.1141  -0.0394
  0.3530  -0.1141  -0.0419
  0.3544  -0.1141  -0.0445
  0.3558  -0.1141  -0.0470
  0.3572  -0.1142  -0.0495
  0.3586  -0.1142  -0.0521
  0.3600  -0.1142  -0.0546
  0.3614  -0.1143  -0.0572
  0.3628  -0.1143  -0.0598
  0.3642  -0.1144  -0.0623
  0.3656  -0.1145  -0.0649
  0.3670  -0.1146  -0.0675
  0.3684  -0.1147  -0.0702
  0.3698  -0.1148  -0.0728
  0.3712  -0.1149  -0.0754
  0.3726  -0.1151  -0.0781
  0.3740  -0.1152  -0.0808
  0.3755  -0.1154  -0.0835
  0.3769  -0.1155  -0.0862
  0.3783  -0.1157  -0.0889
  0.3797  -0.1159  -0.0917
  0.3811  -0.1161  -0.0945
  0.3825  -0.1163  -0.0972
  0.3839  -0.1165  -0.1001
  0.3853  -0.1167  -0.1029
  0.3868  -0.1170  -0.1058
  0.3882  -0.1172  -0.1087
  0.3896  -0.1175  -0.1116
  0.3910  -0.1178  -0.1146
  0.3924  -0.1181  -0.1176
  0.3939  -0.1184  -0.1206
  0.3953  -0.1187  -0.1237
  0.3953  -0.1187  -0.1237
  0.3967  -0.1190  -0.1269
  0.3982  -0.1193  -0.1301
  0.3996  -0.1197  -0.1332
  0.4010  -0.1200  -0.1362
  0.4025  -0.1203  -0.1392
  0.4039  -0.1206  -0.1421
  0.4054  -0.1209  -0.1450
  0.4068  -0.1212  -0.1478
  0.4082  -0.1214  -0.1505
  0.4097  -0.1217  -0.1532
  0.4111  -0.1220  -0.1558
  0.4126  -0.1223  -0.1583
  0.4140  -0.1225  -0.1608
  0.4155  -0.1228  -0.1632
  0.4169  -0.1230  -0.1656
  0.4184  -0.1233  -0.1679
  0.4198  -0.1235  -0.1701
  0.4213  -0.1238  -0.1723
  0.4227  -0.1240  -0.1744
  0.4242  -0.1242  -0.1764
  0.4256  -0.1244  -0.1784
  0.4271  -0.1246  -0.1803
  0.4285  -0.1249  -0.1821
  0.4300  -0.1251  -0.1839
  0.4314  -0.1252  -0.1856
  0.4329  -0.1254  -0.1872
  0.4344  -0.1256  -0.1887
  0.4358  -0.1258  -0.1902
  0.4373  -0.1260  -0.1916
  0.4388  -0.1261  -0.1929
  0.4402  -0.1263  -0.1941
  0.4417  -0.1265  -0.1953
  0.4432  -0.1266  -0.1964
  0.4446  -0.1268  -0.1974
  0.4461  -0.1269  -0.1983
  0.4476  -0.1270  -0.1992
  0.4491  -0.1272  -0.1999
  0.4505  -0.1273  -0.2006
  0.4520  -0.1274  -0.2012
  0.4535  -0.1275  -0.2017
  0.4550  -0.1276  -0.2021
  0.4565  -0.1277  -0.2025
  0.4580  -0.1278  -0.2027
  0.4595  -0.1279  -0.2029
  0.4609  -0.1280  -0.2030
  0.4624  -0.1281  -0.2030
  0.4639  -0.1281  -0.2029
  0.4654  -0.1282  -0.2027
  0.4669  -0.1283  -0.2024
  0.4684  -0.1283  -0.2020
  0.4699  -0.1284  -0.2015
  0.4714  -0.1284  -0.2010
  0.4729  -0.1285  -0.2003
  0.4744  -0.1285  -0.1995
  0.4759  -0.1285  -0.1986
  0.4775  -0.1285  -0.1977
  0.4790  -0.1286  -0.1966
  0.4805  -0.1286  -0.1954
  0.4820  -0.1286  -0.1942
  0.4835  -0.1286  -0.1928
  0.4850  -0.1286  -0.1913
  0.4866  -0.1285  -0.1897
  0.4881  -0.1285  -0.1880
  0.4896  -0.1285  -0.1862
  0.4911  -0.1285  -0.1843
  0.4927  -0.1284  -0.1822
  0.4942  -0.1284  -0.1801
  0.4957  -0.1283  -0.1779
  0.4973  -0.1283  -0.1755
  0.4988  -0.1282  -0.1730
  0.5003  -0.1282  -0.1704
  0.5019  -0.1281  -0.1677
  0.5034  -0.1280  -0.1649
  0.5050  -0.1279  -0.1619
  0.5065  -0.1278  -0.1588
  0.5081  -0.1277  -0.1556
  0.5096  -0.1276  -0.1523
  0.5112  -0.1275  -0.1489
  0.5127  -0.1274  -0.1453
  0.5127  -0.1274  -0.1453
  0.5143  -0.1273  -0.1416
  0.5159  -0.1272  -0.1379
  0.5174  -0.1271  -0.1342
  0.5190  -0.1270  -0.1305
  0.5205  -0.1269  -0.1268
  0.5221  -0.1268  -0.1231
  0.5236  -0.1267  -0.1193
  0.5251  -0.1267  -0.1156
  0.5267  -0.1266  -0.1118
  0.5282  -0.1266  -0.1080
  0.5298  -0.1265  -0.1042
  0.5313  -0.1265  -0.1003
  0.5328  -0.1265  -0.0965
  0.5343  -0.1265  -0.0926
  0.5359  -0.1265  -0.0887
  0.5374  -0.1265  -0.0848
  0.5389  -0.1265  -0.0809
  0.5405  -0.1265  -0.0770
  0.5420  -0.1266  -0.0731
  0.5435  -0.1266  -0.0691
  0.5450  -0.1267  -0.0652
  0.5465  -0.1267  -0.0612
  0.5481  -0.1268  -0.0572
  0.5496  -0.1269  -0.0532
  0.5511  -0.1269  -0.0492
  0.5526  -0.1270  -0.0452
  0.5541  -0.1271  -0.0412
  0.5556  -0.1273  -0.0372
  0.5572  -0.1274  -0.0331
  0.5587  -0.1275  -0.0291
  0.5602  -0.1276  -0.0250
  0.5617  -0.1278  -0.0210
  0.5632  -0.1280  -0.0169
  0.5647  -0.1281  -0.0128
  0.5662  -0.1283  -0.0088
  0.5678  -0.1285  -0.0047
  0.5693  -0.1287  -0.0006
  0.5708  -0.1289   0.0034
  0.5723  -0.1291   0.0075
  0.5738  -0.1293   0.0115
  0.5753  -0.1296   0.0156
  0.5769  -0.1298   0.0197
  0.5784  -0.1301   0.0237
  0.5799  -0.1304   0.0278
  0.5814  -0.1306   0.0318
  0.5829  -0.1309   0.0358
  0.5844  -0.1312   0.0399
  0.5860  -0.1315   0.0439
  0.5875  -0.1319   0.0479
  0.5890  -0.1322   0.0519
  0.5905  -0.1325   0.0559
  0.5921  -0.1329   0.0598
  0.5936  -0.1333   0.0638
  0.5951  -0.1336   0.0677
  0.5966  -0.1340   0.0717
  0.5982  -0.1344   0.0756
  0.5997  -0.1348   0.0794
  0.6012  -0.1353   0.0833
  0.6028  -0.1357   0.0872
  0.6043  -0.1361   0.0910
  0.6058  -0.1366   0.0948
  0.6074  -0.1371   0.0986
  0.6089  -0.1375   0.1024
  0.6105  -0.1380   0.1061
  0.6120  -0.1385   0.1098
  0.6136  -0.1391   0.1135
  0.6151  -0.1396   0.1172
  0.6167  -0.1401   0.1208
  0.6167  -0.1401   0.1208
  0.6182  -0.1407   0.1245
  0.6198  -0.1412   0.1280
  0.6213  -0.1418   0.1313
  0.6229  -0.1423   0.1345
  0.6244  -0.1428   0.1375
  0.6260  -0.1433   0.1404
  0.6275  -0.1437   0.1430
  0.6290  -0.1442   0.1455
  0.6306  -0.1446   0.1479
  0.6321  -0.1450   0.1501
  0.6337  -0.1454   0.1521
  0.6352  -0.1458   0.1540
  0.6367  -0.1462   0.1558
  0.6383  -0.1465   0.1574
  0.6398  -0.1469   0.1589
  0.6413  -0.1472   0.1602
  0.6428  -0.1475   0.1614
  0.6444  -0.1478   0.1625
  0.6459  -0.1481   0.1634
  0.6474  -0.1483   0.1642
  0.6489  -0.1486   0.1649
  0.6505  -0.1488   0.1654
  0.6520  -0.1490   0.1659
  0.6535  -0.1492   0.1662
  0.6550  -0.1494   0.1664
  0.6565  -0.1496   0.1665
  0.6580  -0.1497   0.1664
  0.6595  -0.1499   0.1663
  0.6611  -0.1500   0.1660
  0.6626  -0.1501   0.1657
  0.6641  -0.1502   0.1652
  0.6656  -0.1503   0.1646
  0.6671  -0.1504   0.1640
  0.6686  -0.1505   0.1632
  0.6701  -0.1505   0.1623
  0.6716  -0.1505   0.1614
  0.6731  -0.1506   0.1603
  0.6746  -0.1506   0.1592
  0.6761  -0.1506   0.1580
  0.6776  -0.1506   0.1566
  0.6791  -0.1505   0.1552
  0.6806  -0.1505   0.1537
  0.6821  -0.1504   0.1522
  0.6836  -0.1504   0.1505
  0.6851  -0.1503   0.1488
  0.6866  -0.1502   0.1470
  0.6881  -0.1501   0.1451
  0.6895  -0.1499   0.1431
  0.6910  -0.1498   0.1411
  0.6925  -0.1497   0.1390
  0.6940  -0.1495   0.1368
  0.6955  -0.1493   0.1345
  0.6970  -0.1492   0.1322
  0.6985  -0.1490   0.1298
  0.7000  -0.1488   0.1274
  0.7015  -0.1485   0.1249
  0.7029  -0.1483   0.1223
  0.7044  -0.1481   0.1197
  0.7059  -0.1478   0.1170
  0.7074  -0.1475   0.1143
  0.7089  -0.1473   0.1115
  0.7104  -0.1470   0.1087
  0.7118  -0.1467   0.1058
  0.7133  -0.1464   0.1028
  0.7148  -0.1461   0.0998
  0.7163  -0.1457   0.0968
  0.7178  -0.1454   0.0937
  0.7193  -0.1450   0.0906
  0.7208  -0.1447   0.0874
  0.7222  -0.1443   0.0842
  0.7237  -0.1439   0.0810
  0.7237  -0.1439   0.0810
  0.7252  -0.1435   0.0777
  0.7267  -0.1431   0.0744
  0.7282  -0.1427   0.0712
  0.7296  -0.1423   0.0681
  0.7311  -0.1420   0.0650
  0.7326  -0.1416   0.0620
  0.7340  -0.1413   0.0591
  0.7355  -0.1409   0.0561
  0.7369  -0.1406   0.0532
  0.7384  -0.1403   0.0504
  0.7398  -0.1400   0.0475
  0.7413  -0.1397   0.0447
  0.7427  -0.1394   0.0420
  0.7442  -0.1391   0.0392
  0.7456  -0.1388   0.0365
  0.7471  -0.1385   0.0338
  0.7485  -0.1382   0.0311
  0.7500  -0.1380   0.0285
  0.7514  -0.1377   0.0258
  0.7528  -0.1375   0.0232
  0.7543  -0.1372   0.0206
  0.7557  -0.1370   0.0180
  0.7571  -0.1368   0.0154
  0.7586  -0.1366   0.0128
  0.7600  -0.1364   0.0102
  0.7614  -0.1362   0.0076
  0.7628  -0.1360   0.0051
  0.7643  -0.1359   0.0025
  0.7657  -0.1357  -0.0001
  0.7671  -0.1355  -0.0026
  0.7685  -0.1354  -0.0052
  0.7699  -0.1353  -0.0077
  0.7714  -0.1351  -0.0103
  0.7728  -0.1350  -0.0128
  0.7742  -0.1349  -0.0154
  0.7756  -0.1348  -0.0180
  0.7770  -0.1348  -0.0206
  0.7785  -0.1347  -0.0231
  0.7799  -0.1346  -0.0257
  0.7813  -0.1346  -0.0283
  0.7827  -0.1345  -0.0309
  0.7841  -0.1345  -0.0335
  0.7855  -0.1345  -0.0361
  0.7870  -0.1345  -0.0387
  0.7884  -0.1345  -0.0414
  0.7898  -0.1345  -0.0440
  0.7912  -0.1345  -0.0467
  0.7926  -0.1345  -0.0494
  0.7941  -0.1346  -0.0520
  0.7955  -0.1346  -0.0547
  0.7969  -0.1347  -0.0575
  0.7983  -0.1348  -0.0602
  0.7997  -0.1348  -0.0629
  0.8012  -0.1349  -0.0657
  0.8026  -0.1350  -0.0685
  0.8040  -0.1352  -0.0713
  0.8054  -0.1353  -0.0741
  0.8069  -0.1354  -0.0770
  0.8083  -0.1356  -0.0798
  0.8097  -0.1358  -0.0827
  0.8112  -0.1359  -0.0856
  0.8126  -0.1361  -0.0886
  0.8141  -0.1363  -0.0915
  0.8155  -0.1365  -0.0945
  0.8169  -0.1368  -0.0976
  0.8184  -0.1370  -0.1006
  0.8198  -0.1372  -0.1038
  0.8213  -0.1375  -0.1069
  0.8213  -0.1375  -0.1069
  0.8227  -0.1378  -0.1102
  0.8242  -0.1381  -0.1134
  0.8256  -0.1383  -0.1166
  0.8271  -0.1386  -0.1197
  0.8286  -0.1389  -0.1228
  0.8300  -0.1391  -0.1258
  0.8315  -0.1394  -0.1288
  0.8329  -0.1396  -0.1317
  0.8344  -0.1399  -0.1345
  0.8358  -0.1401  -0.1373
  0.8373  -0.1403  -0.1400
  0.8388  -0.1405  -0.1427
  0.8402  -0.1407  -0.1453
  0.8417  -0.1410  -0.1478
  0.8432  -0.1412  -0.1503
  0.8446  -0.1414  -0.1527
  0.8461  -0.1415  -0.1551
  0.8476  -0.1417  -0.1574
  0.8490  -0.1419  -0.1596
  0.8505  -0.1421  -0.1617
  0.8520  -0.1422  -0.1638
  0.8535  -0.1424  -0.1659
  0.8549  -0.1426  -0.1678
  0.8564  -0.1427  -0.1697
  0.8579  -0.1428  -0.1715
  0.8594  -0.1430  -0.1732
  0.8609  -0.1431  -0.1749
  0.8624  -0.1432  -0.1765
  0.8638  -0.1434  -0.1780
  0.8653  -0.1435  -0.1795
  0.8668  -0.1436  -0.1808
  0.8683  -0.1437  -0.1821
  0.8698  -0.1438  -0.1833
  0.8713  -0.1439  -0.1845
  0.8728  -0.1440  -0.1855
  0.8743  -0.1440  -0.1865
  0.8758  -0.1441  -0.1874
  0.8773  -0.1442  -0.1882
  0.8788  -0.1442  -0.1889
  0.8803  -0.1443  -0.1896
  0.8818  -0.1444  -0.1901
  0.8833  -0.1444  -0.1906
  0.8848  -0.1444  -0.1910
  0.8863  -0.1445  -0.1912
  0.8878  -0.1445  -0.1914
  0.8893  -0.1445  -0.1916
  0.8908  -0.1445  -0.1916
  0.8923  -0.1445  -0.1915
  0.8938  -0.1445  -0.1913
  0.8954  -0.1445  -0.1910
  0.8969  -0.1445  -0.1907
  0.8984  -0.1445  -0.1902
  0.8999  -0.1445  -0.1896
  0.9014  -0.1445  -0.1890
  0.9030  -0.1444  -0.1882
  0.9045  -0.1444  -0.1873
  0.9060  -0.1444  -0.1864
  0.9076  -0.1443  -0.1853
  0.9091  -0.1443  -0.1841
  0.9106  -0.1442  -0.1828
  0.9122  -0.1441  -0.1814
  0.9137  -0.1441  -0.1799
  0.9152  -0.1440  -0.1783
  0.9168  -0.1439  -0.1766
  0.9183  -0.1438  -0.1747
  0.9199  -0.1437  -0.1728
  0.9214  -0.1436  -0.1707
  0.9229  -0.1435  -0.1685
  0.9245  -0.1434  -0.1662
  0.9260  -0.1432  -0.1638
  0.9276  -0.1431  -0.1613
  0.9292  -0.1430  -0.1586
  0.9307  -0.1428  -0.1558
  0.9323  -0.1427  -0.1529
  0.9338  -0.1426  -0.1499
  0.9354  -0.1424  -0.1468
  0.9369  -0.1422  -0.1435
  0.9385  -0.1421  -0.1401
  0.9401  -0.1419  -0.1366
  0.9401  -0.1419  -0.1366
  0.9416  -0.1417  -0.1329
  0.9432  -0.1415  -0.1293
  0.9448  -0.1414  -0.1256
  0.9463  -0.1412  -0.1219
  0.9479  -0.1411  -0.1182
  0.9494  -0.1409  -0.1145
  0.9510  -0.1408  -0.1107
  0.9526  -0.1407  -0.1070
  0.9541  -0.1406  -0.1032
  0.9556  -0.1404  -0.0994
  0.9572  -0.1403  -0.0956
  0.9587  -0.1403  -0.0918
  0.9603  -0.1402  -0.0879
  0.9618  -0.1401  -0.0841
  0.9634  -0.1400  -0.0802
  0.9649  -0.1400  -0.0763
  0.9664  -0.1399  -0.0724
  0.9680  -0.1399  -0.0685
  0.9695  -0.1399  -0.0645
  0.9710  -0.1398  -0.0606
  0.9726  -0.1398  -0.0566
  0.9741  -0.1398  -0.0526
  0.9756  -0.1398  -0.0486
  0.9771  -0.1398  -0.0446
  0.9787  -0.1399  -0.0406
  0.9802  -0.1399  -0.0366
  0.9817  -0.1399  -0.0325
  0.9832  -0.1400  -0.0285
  0.9848  -0.1401  -0.0244
  0.9863  -0.1401  -0.0204
  0.9878  -0.1402  -0.0163
  0.9893  -0.1403  -0.0122
  0.9909  -0.1404  -0.0082
  0.9924  -0.1405  -0.0041
  0.9939  -0.1406  -0.0000
  0.9954  -0.1407   0.0041
  0.9970  -0.1409   0.0082
  0.9985  -0.1410   0.0123
  1.0000  -0.1412   0.0164
  1.0015  -0.1413   0.0204
  1.0031  -0.1415   0.0245
  1.0046  -0.1417   0.0286
  1.0061  -0.1419   0.0327
  1.0076  -0.1421   0.0368
  1.0092  -0.1423   0.0408
  1.0107  -0.1425   0.0449
  1.0122  -0.1428   0.0489
  1.0138  -0.1430   0.0530
  1.0153  -0.1433   0.0570
  1.0168  -0.1435   0.0610
  1.0183  -0.1438   0.0650
  1.0199  -0.1441   0.0690
  1.0214  -0.1444   0.0730
  1.0229  -0.1447   0.0770
  1.0245  -0.1451   0.0809
  1.0260  -0.1454   0.0848
  1.0276  -0.1457   0.0887
  1.0291  -0.1461   0.0926
  1.0307  -0.1465   0.0965
  1.0322  -0.1469   0.1003
  1.0337  -0.1473   0.1042
  1.0353  -0.1477   0.1080
  1.0368  -0.1481   0.1117
  1.0384  -0.1485   0.1155
  1.0400  -0.1490   0.1192
  1.0415  -0.1494   0.1229
  1.0431  -0.1499   0.1266
  1.0446  -0.1504   0.1302
  1.0446  -0.1504   0.1302
  1.0462  -0.1509   0.1339
  1.0477  -0.1513   0.1374
  1.0493  -0.1518   0.1408
  1.0509  -0.1523   0.1439
  1.0524  -0.1527   0.1469
  1.0540  -0.1531   0.1498
  1.0555  -0.1535   0.1524
  1.0571  -0.1539   0.1549
  1.0586  -0.1543   0.1573
  1.0601  -0.1546   0.1594
  1.0617  -0.1550   0.1615
  1.0632  -0.1553   0.1633
  1.0648  -0.1556   0.1651
  1.0663  -0.1559   0.1667
  1.0678  -0.1562   0.1681
  1.0694  -0.1564   0.1694
  1.0709  -0.1567   0.1706
  1.0724  -0.1569   0.1716
  1.0740  -0.1571   0.1725
  1.0755  -0.1574   0.1733
  1.0770  -0.1575   0.1739
  1.0786  -0.1577   0.1744
  1.0801  -0.1579   0.1748
  1.0816  -0.1580   0.1751
  1.0831  -0.1582   0.1752
  1.0847  -0.1583   0.1753
  1.0862  -0.1584   0.1752
  1.0877  -0.1585   0.1750
  1.0892  -0.1585   0.1747
  1.0907  -0.1586   0.1743
  1.0922  -0.1587   0.1738
  1.0938  -0.1587   0.1732
  1.0953  -0.1587   0.1725
  1.0968  -0.1587   0.1716
  1.0983  -0.1587   0.1707
  1.0998  -0.1587   0.1697
  1.1013  -0.1587   0.1686
  1.1028  -0.1586   0.1674
  1.1043  -0.1586   0.1662
  1.1058  -0.1585   0.1648
  1.1073  -0.1584   0.1633
  1.1088  -0.1583   0.1618
  1.1103  -0.1582   0.1602
  1.1118  -0.1581   0.1585
  1.1133  -0.1579   0.1567
  1.1148  -0.1578   0.1549
  1.1163  -0.1576   0.1529
  1.1178  -0.1575   0.1509
  1.1193  -0.1573   0.1489
  1.1208  -0.1571   0.1467
  1.1223  -0.1569   0.1445
  1.1238  -0.1566   0.1423
  1.1253  -0.1564   0.1399
  1.1268  -0.1562   0.1375
  1.1283  -0.1559   0.1350
  1.1298  -0.1557   0.1325
  1.1312  -0.1554   0.1299
  1.1327  -0.1551   0.1273
  1.1342  -0.1548   0.1246
  1.1357  -0.1545   0.1219
  1.1372  -0.1542   0.1191
  1.1387  -0.1538   0.1162
  1.1402  -0.1535   0.1133
  1.1417  -0.1531   0.1104
  1.1431  -0.1528   0.1074
  1.1446  -0.1524   0.1044
  1.1461  -0.1520   0.1013
  1.1476  -0.1516   0.0982
  1.1491  -0.1512   0.0950
  1.1506  -0.1508   0.0918
  1.1521  -0.1504   0.0886
  1.1521  -0.1504   0.0886
  1.1535  -0.1499   0.0853
  1.1550  -0.1495   0.0821
  1.1565  -0.1491   0.0790
  1.1580  -0.1487   0.0759
  1.1594  -0.1483   0.0728
  1.1609  -0.1479   0.0698
  1.1624  -0.1475   0.0669
  1.1638  -0.1471   0.0640
  1.1653  -0.1467   0.0611
  1.1667  -0.1464   0.0583
  1.1682  -0.1460   0.0555
  1.1696  -0.1457   0.0527
  1.1711  -0.1453   0.0500
  1.1725  -0.1450   0.0473
  1.1740  -0.1447   0.0446
  1.1754  -0.1443   0.0419
  1.1769  -0.1440   0.0393
  1.1783  -0.1437   0.0367
  1.1797  -0.1434   0.0341
  1.1812  -0.1432   0.0315
  1.1826  -0.1429   0.0289
  1.1840  -0.1426   0.0263
  1.1855  -0.1424   0.0237
  1.1869  -0.1421   0.0212
  1.1883  -0.1419   0.0187
  1.1897  -0.1416   0.0161
  1.1912  -0.1414   0.0136
  1.1926  -0.1412   0.0111
  1.1940  -0.1410   0.0085
  1.1954  -0.1408   0.0060
  1.1969  -0.1406   0.0035
  1.1983  -0.1405   0.0010
  1.1997  -0.1403  -0.0015
  1.2011  -0.1401  -0.0041
  1.2025  -0.1400  -0.0066
  1.2039  -0.1399  -0.0091
  1.2054  -0.1397  -0.0117
  1.2068  -0.1396  -0.0142
  1.2082  -0.1395  -0.0168
  1.2096  -0.1394  -0.0193
  1.2110  -0.1393  -0.0219
  1.2124  -0.1393  -0.0244
  1.2139  -0.1392  -0.0270
  1.2153  -0.1391  -0.0296
  1.2167  -0.1391  -0.0322
  1.2181  -0.1391  -0.0348
  1.2195  -0.1391  -0.0375
  1.2210  -0.1390  -0.0401
  1.2224  -0.1390  -0.0428
  1.2238  -0.1391  -0.0454
  1.2252  -0.1391  -0.0481
  1.2266  -0.1391  -0.0508
  1.2281  -0.1392  -0.0535
  1.2295  -0.1392  -0.0563
  1.2309  -0.1393  -0.0590
  1.2323  -0.1394  -0.0618
  1.2338  -0.1395  -0.0646
  1.2352  -0.1396  -0.0674
  1.2366  -0.1397  -0.0703
  1.2380  -0.1398  -0.0731
  1.2395  -0.1399  -0.0760
  1.2409  -0.1401  -0.0789
  1.2424  -0.1402  -0.0819
  1.2438  -0.1404  -0.0848
  1.2452  -0.1406  -0.0878
  1.2467  -0.1408  -0.0909
  1.2481  -0.1410  -0.0940
  1.2496  -0.1412  -0.0971
  1.2496  -0.1412  -0.0971
  1.2510  -0.1415  -0.1004
  1.2525  -0.1417  -0.1036
  1.2539  -0.1420  -0.1067
  1.2554  -0.1422  -0.1098
  1.2569  -0.1424  -0.1129
  1.2583  -0.1426  -0.1159
  1.2598  -0.1428  -0.1188
  1.2612  -0.1431  -0.1217
  1.2627  -0.1433  -0.1246
  1.2642  -0.1434  -0.1274
  1.2656  -0.1436  -0.1301
  1.2671  -0.1438  -0.1327
  1.2686  -0.1440  -0.1354
  1.2700  -0.1442  -0.1379
  1.2715  -0.1443  -0.1404
  1.2730  -0.1445  -0.1428
  1.2744  -0.1447  -0.1452
  1.2759  -0.1448  -0.1475
  1.2774  -0.1450  -0.1497
  1.2788  -0.1451  -0.1519
  1.2803  -0.1452  -0.1540
  1.2818  -0.1454  -0.1560
  1.2833  -0.1455  -0.1580
  1.2848  -0.1456  -0.1599
  1.2862  -0.1457  -0.1618
  1.2877  -0.1458  -0.1635
  1.2892  -0.1459  -0.1652
  1.2907  -0.1460  -0.1668
  1.2922  -0.1461  -0.1684
  1.2937  -0.1462  -0.1699
  1.2952  -0.1463  -0.1713
  1.2966  -0.1464  -0.1726
  1.2981  -0.1464  -0.1739
  1.2996  -0.1465  -0.1750
  1.3011  -0.1465  -0.1761
  1.3026  -0.1466  -0.1771
  1.3041  -0.1466  -0.1781
  1.3056  -0.1467  -0.1789
  1.3071  -0.1467  -0.1797
  1.3086  -0.1468  -0.1804
  1.3101  -0.1468  -0.1810
  1.3116  -0.1468  -0.1815
  1.3132  -0.1468  -0.1819
  1.3147  -0.1468  -0.1823
  1.3162  -0.1468  -0.1825
  1.3177  -0.1468  -0.1827
  1.3192  -0.1468  -0.1828
  1.3207  -0.1468  -0.1827
  1.3222  -0.1468  -0.1826
  1.3238  -0.1467  -0.1824
  1.3253  -0.1467  -0.1821
  1.3268  -0.1467  -0.1817
  1.3283  -0.1466  -0.1812
  1.3298  -0.1466  -0.1806
  1.3314  -0.1465  -0.1799
  1.3329  -0.1465  -0.1791
  1.3344  -0.1464  -0.1782
  1.3360  -0.1463  -0.1772
  1.3375  -0.1463  -0.1761
  1.3390  -0.1462  -0.1749
  1.3406  -0.1461  -0.1735
  1.3421  -0.1460  -0.1721
  1.3436  -0.1459  -0.1705
  1.3452  -0.1458  -0.1689
  1.3467  -0.1457  -0.1671
  1.3483  -0.1456  -0.1653
  1.3498  -0.1454  -0.1633
  1.3514  -0.1453  -0.1612
  1.3529  -0.1452  -0.1589
  1.3545  -0.1450  -0.1566
  1.3560  -0.1449  -0.1541
  1.3576  -0.1447  -0.1516
  1.3591  -0.1446  -0.1489
  1.3607  -0.1444  -0.1460
  1.3622  -0.1442  -0.1431
  1.3638  -0.1441  -0.1400
  1.3654  -0.1439  -0.1369
  1.3669  -0.1437  -0.1335
  1.3685  -0.1435  -0.1301
  1.3685  -0.1435  -0.1301
  1.3701  -0.1433  -0.1265
  1.3716  -0.1431  -0.1230
  1.3732  -0.1429  -0.1194
  1.3748  -0.1427  -0.1158
  1.3763  -0.1426  -0.1121
  1.3779  -0.1424  -0.1085
  1.3794  -0.1423  -0.1049
  1.3810  -0.1421  -0.1012
  1.3825  -0.1420  -0.0975
  1.3841  -0.1419  -0.0938
  1.3856  -0.1418  -0.0901
  1.3872  -0.1417  -0.0863
  1.3887  -0.1416  -0.0826
  1.3902  -0.1415  -0.0788
  1.3918  -0.1414  -0.0750
  1.3933  -0.1413  -0.0712
  1.3948  -0.1412  -0.0674
  1.3964  -0.1412  -0.0635
  1.3979  -0.1411  -0.0597
  1.3994  -0.1411  -0.0558
  1.4010  -0.1411  -0.0519
  1.4025  -0.1410  -0.0480
  1.4040  -0.1410  -0.0441
  1.4056  -0.1410  -0.0402
  1.4071  -0.1410  -0.0362
  1.4086  -0.1410  -0.0323
  1.4101  -0.1411  -0.0283
  1.4117  -0.1411  -0.0244
  1.4132  -0.1411  -0.0204
  1.4147  -0.1412  -0.0164
  1.4162  -0.1413  -0.0124
  1.4178  -0.1413  -0.0085
  1.4193  -0.1414  -0.0045
  1.4208  -0.1415  -0.0005
  1.4223  -0.1416   0.0035
  1.4239  -0.1417   0.0075
  1.4254  -0.1418   0.0116
  1.4269  -0.1419   0.0156
  1.4284  -0.1421   0.0196
  1.4300  -0.1422   0.0236
  1.4315  -0.1424   0.0276
  1.4330  -0.1425   0.0316
  1.4345  -0.1427   0.0356
  1.4361  -0.1429   0.0396
  1.4376  -0.1431   0.0435
  1.4391  -0.1433   0.0475
  1.4406  -0.1435   0.0515
  1.4422  -0.1438   0.0554
  1.4437  -0.1440   0.0594
  1.4452  -0.1443   0.0633
  1.4468  -0.1445   0.0672
  1.4483  -0.1448   0.0712
  1.4498  -0.1451   0.0751
  1.4514  -0.1454   0.0789
  1.4529  -0.1457   0.0828
  1.4544  -0.1460   0.0867
  1.4560  -0.1463   0.0905
  1.4575  -0.1467   0.0943
  1.4591  -0.1470   0.0981
  1.4606  -0.1474   0.1018
  1.4622  -0.1478   0.1056
  1.4637  -0.1482   0.1093
  1.4653  -0.1486   0.1130
  1.4668  -0.1490   0.1167
  1.4684  -0.1494   0.1203
  1.4699  -0.1498   0.1239
  1.4715  -0.1503   0.1275
  1.4730  -0.1507   0.1311
  1.4730  -0.1507   0.1311
  1.4746  -0.1512   0.1347
  1.4762  -0.1517   0.1381
  1.4777  -0.1521   0.1414
  1.4793  -0.1526   0.1445
  1.4808  -0.1530   0.1474
  1.4824  -0.1534   0.1502
  1.4839  -0.1538   0.1528
  1.4855  -0.1542   0.1552
  1.4870  -0.1545   0.1575
  1.4885  -0.1549   0.1596
  1.4901  -0.1552   0.1616
  1.4916  -0.1555   0.1634
  1.4932  -0.1558   0.1650
  1.4947  -0.1561   0.1666
  1.4962  -0.1563   0.1680
  1.4978  -0.1566   0.1692
  1.4993  -0.1568   0.1703
  1.5008  -0.1570   0.1713
  1.5024  -0.1572   0.1721
  1.5039  -0.1574   0.1729
  1.5054  -0.1576   0.1735
  1.5070  -0.1578   0.1739
  1.5085  -0.1579   0.1743
  1.5100  -0.1581   0.1745
  1.5115  -0.1582   0.1746
  1.5131  -0.1583   0.1746
  1.5146  -0.1584   0.1745
  1.5161  -0.1584   0.1743
  1.5176  -0.1585   0.1740
  1.5191  -0.1586   0.1735
  1.5206  -0.1586   0.1730
  1.5222  -0.1586   0.1723
  1.5237  -0.1586   0.1716
  1.5252  -0.1586   0.1708
  1.5267  -0.1586   0.1698
  1.5282  -0.1586   0.1688
  1.5297  -0.1586   0.1677
  1.5312  -0.1585   0.1665
  1.5327  -0.1584   0.1652
  1.5342  -0.1583   0.1638
  1.5357  -0.1583   0.1623
  1.5372  -0.1582   0.1608
  1.5387  -0.1580   0.1591
  1.5402  -0.1579   0.1574
  1.5417  -0.1578   0.1556
  1.5432  -0.1576   0.1538
  1.5447  -0.1574   0.1518
  1.5462  -0.1573   0.1498
  1.5477  -0.1571   0.1477
  1.5492  -0.1569   0.1456
  1.5507  -0.1567   0.1434
  1.5522  -0.1564   0.1411
  1.5537  -0.1562   0.1387
  1.5552  -0.1560   0.1363
  1.5567  -0.1557   0.1339
  1.5582  -0.1554   0.1313
  1.5597  -0.1551   0.1287
  1.5611  -0.1548   0.1261
  1.5626  -0.1545   0.1234
  1.5641  -0.1542   0.1207
  1.5656  -0.1539   0.1179
  1.5671  -0.1536   0.1150
  1.5686  -0.1532   0.1121
  1.5701  -0.1529   0.1092
  1.5716  -0.1525   0.1062
  1.5730  -0.1521   0.1032
  1.5745  -0.1517   0.1001
  1.5760  -0.1513   0.0970
  1.5775  -0.1509   0.0938
  1.5790  -0.1505   0.0906
  1.5805  -0.1501   0.0874
  1.5805  -0.1501   0.0874
  1.5820  -0.1496   0.0842
  1.5834  -0.1492   0.0809
  1.5849  -0.1488   0.0778
  1.5864  -0.1484   0.0747
  1.5879  -0.1480   0.0717
  1.5893  -0.1476   0.0687
  1.5908  -0.1472   0.0658
  1.5922  -0.1468   0.0629
  1.5937  -0.1464   0.0600
  1.5952  -0.1461   0.0572
  1.5966  -0.1457   0.0544
  1.5981  -0.1454   0.0516
  1.5995  -0.1450   0.0489
  1.6009  -0.1447   0.0462
  1.6024  -0.1444   0.0435
  1.6038  -0.1440   0.0408
  1.6053  -0.1437   0.0382
  1.6067  -0.1434   0.0356
  1.6081  -0.1431   0.0330
  1.6096  -0.1428   0.0304
  1.6110  -0.1426   0.0278
  1.6124  -0.1423   0.0252
  1.6139  -0.1420   0.0227
  1.6153  -0.1418   0.0201
  1.6167  -0.1416   0.0176
  1.6182  -0.1413   0.0151
  1.6196  -0.1411   0.0125
  1.6210  -0.1409   0.0100
  1.6224  -0.1407   0.0075
  1.6239  -0.1405   0.0050
  1.6253  -0.1403   0.0025
  1.6267  -0.1401  -0.0000
  1.6281  -0.1400  -0.0026
  1.6295  -0.1398  -0.0051
  1.6310  -0.1397  -0.0076
  1.6324  -0.1395  -0.0101
  1.6338  -0.1394  -0.0127
  1.6352  -0.1393  -0.0152
  1.6366  -0.1392  -0.0177
  1.6380  -0.1391  -0.0203
  1.6395  -0.1390  -0.0228
  1.6409  -0.1389  -0.0254
  1.6423  -0.1389  -0.0280
  1.6437  -0.1388  -0.0306
  1.6451  -0.1388  -0.0332
  1.6465  -0.1387  -0.0358
  1.6480  -0.1387  -0.0384
  1.6494  -0.1387  -0.0410
  1.6508  -0.1387  -0.0437
  1.6522  -0.1387  -0.0464
  1.6536  -0.1387  -0.0490
  1.6551  -0.1388  -0.0517
  1.6565  -0.1388  -0.0545
  1.6579  -0.1389  -0.0572
  1.6593  -0.1389  -0.0599
  1.6608  -0.1390  -0.0627
  1.6622  -0.1391  -0.0655
  1.6636  -0.1392  -0.0683
  1.6651  -0.1393  -0.0711
  1.6665  -0.1394  -0.0740
  1.6679  -0.1396  -0.0769
  1.6694  -0.1397  -0.0798
  1.6708  -0.1399  -0.0827
  1.6722  -0.1400  -0.0857
  1.6737  -0.1402  -0.0887
  1.6751  -0.1404  -0.0917
  1.6766  -0.1406  -0.0948
  1.6780  -0.1409  -0.0979
  1.6780  -0.1409  -0.0979
  1.6795  -0.1411  -0.1012
  1.6809  -0.1413  -0.1044
  1.6824  -0.1416  -0.1075
  1.6838  -0.1418  -0.1106
  1.6853  -0.1420  -0.1137
  1.6868  -0.1422  -0.1167
  1.6882  -0.1425  -0.1196
  1.6897  -0.1427  -0.1225
  1.6911  -0.1429  -0.1253
  1.6926  -0.1431  -0.1281
  1.6941  -0.1433  -0.1308
  1.6955  -0.1434  -0.1335
  1.6970  -0.1436  -0.1361
  1.6985  -0.1438  -0.1387
  1.6999  -0.1440  -0.1411
  1.7014  -0.1441  -0.1436
  1.7029  -0.1443  -0.1459
  1.7043  -0.1444  -0.1482
  1.7058  -0.1446  -0.1505
  1.7073  -0.1447  -0.1526
  1.7088  -0.1448  -0.1547
  1.7102  -0.1450  -0.1568
  1.7117  -0.1451  -0.1588
  1.7132  -0.1452  -0.1607
  1.7147  -0.1453  -0.1625
  1.7162  -0.1454  -0.1643
  1.7177  -0.1455  -0.1660
  1.7191  -0.1456  -0.1676
  1.7206  -0.1457  -0.1691
  1.7221  -0.1458  -0.1706
  1.7236  -0.1459  -0.1720
  1.7251  -0.1460  -0.1734
  1.7266  -0.1460  -0.1746
  1.7281  -0.1461  -0.1758
  1.7296  -0.1461  -0.1769
  1.7311  -0.1462  -0.1779
  1.7326  -0.1462  -0.1788
  1.7341  -0.1463  -0.1797
  1.7356  -0.1463  -0.1805
  1.7371  -0.1463  -0.1811
  1.7386  -0.1464  -0.1817
  1.7401  -0.1464  -0.1823
  1.7416  -0.1464  -0.1827
  1.7431  -0.1464  -0.1830
  1.7446  -0.1464  -0.1833
  1.7461  -0.1464  -0.1834
  1.7477  -0.1464  -0.1835
  1.7492  -0.1464  -0.1835
  1.7507  -0.1463  -0.1834
  1.7522  -0.1463  -0.1832
  1.7537  -0.1463  -0.1829
  1.7553  -0.1462  -0.1824
  1.7568  -0.1462  -0.1819
  1.7583  -0.1462  -0.1813
  1.7598  -0.1461  -0.1806
  1.7614  -0.1460  -0.1798
  1.7629  -0.1460  -0.1789
  1.7644  -0.1459  -0.1779
  1.7660  -0.1458  -0.1768
  1.7675  -0.1457  -0.1756
  1.7690  -0.1456  -0.1743
  1.7706  -0.1456  -0.1728
  1.7721  -0.1454  -0.1713
  1.7736  -0.1453  -0.1696
  1.7752  -0.1452  -0.1678
  1.7767  -0.1451  -0.1660
  1.7783  -0.1450  -0.1640
  1.7798  -0.1449  -0.1618
  1.7814  -0.1447  -0.1596
  1.7829  -0.1446  -0.1573
  1.7845  -0.1444  -0.1548
  1.7860  -0.1443  -0.1522
  1.7876  -0.1441  -0.1495
  1.7891  -0.1439  -0.1467
  1.7907  -0.1438  -0.1437
  1.7923  -0.1436  -0.1407
  1.7938  -0.1434  -0.1375
  1.7954  -0.1432  -0.1342
  1.7970  -0.1430  -0.1307
  1.7970  -0.1430  -0.1307
  1.7985  -0.1428  -0.1271
  1.8001  -0.1426  -0.1235
  1.8017  -0.1424  -0.1199
  1.8032  -0.1423  -0.1163
  1.8048  -0.1421  -0.1127
  1.8063  -0.1419  -0.1090
  1.8079  -0.1418  -0.1054
  1.8094  -0.1416  -0.1017
  1.8110  -0.1415  -0.0980
  1.8125  -0.1414  -0.0943
  1.8141  -0.1413  -0.0905
  1.8156  -0.1412  -0.0868
  1.8172  -0.1411  -0.0830
  1.8187  -0.1410  -0.0792
  1.8202  -0.1409  -0.0754
  1.8218  -0.1408  -0.0716
  1.8233  -0.1407  -0.0678
  1.8248  -0.1407  -0.0639
  1.8264  -0.1406  -0.0601
  1.8279  -0.1406  -0.0562
  1.8294  -0.1406  -0.0523
  1.8310  -0.1405  -0.0484
  1.8325  -0.1405  -0.0445
  1.8340  -0.1405  -0.0405
  1.8356  -0.1405  -0.0366
  1.8371  -0.1405  -0.0326
  1.8386  -0.1406  -0.0287
  1.8401  -0.1406  -0.0247
  1.8417  -0.1406  -0.0207
  1.8432  -0.1407  -0.0167
  1.8447  -0.1407  -0.0127
  1.8462  -0.1408  -0.0087
  1.8478  -0.1409  -0.0047
  1.8493  -0.1410  -0.0007
  1.8508  -0.1410   0.0033
  1.8523  -0.1412   0.0073
  1.8539  -0.1413   0.0113
  1.8554  -0.1414   0.0153
  1.8569  -0.1415   0.0194
  1.8584  -0.1417   0.0234
  1.8600  -0.1418   0.0274
  1.8615  -0.1420   0.0314
  1.8630  -0.1422   0.0354
  1.8645  -0.1424   0.0394
  1.8661  -0.1426   0.0434
  1.8676  -0.1428   0.0474
  1.8691  -0.1430   0.0513
  1.8706  -0.1432   0.0553
  1.8722  -0.1434   0.0593
  1.8737  -0.1437   0.0632
  1.8752  -0.1440   0.0671
  1.8768  -0.1442   0.0711
  1.8783  -0.1445   0.0750
  1.8798  -0.1448   0.0789
  1.8814  -0.1451   0.0827
  1.8829  -0.1454   0.0866
  1.8845  -0.1458   0.0904
  1.8860  -0.1461   0.0942
  1.8875  -0.1464   0.0980
  1.8891  -0.1468   0.1018
  1.8906  -0.1472   0.1056
  1.8922  -0.1476   0.1093
  1.8937  -0.1480   0.1130
  1.8953  -0.1484   0.1167
  1.8968  -0.1488   0.1203
  1.8984  -0.1492   0.1240
  1.9000  -0.1497   0.1276
  1.9015  -0.1501   0.1311
  1.9015  -0.1501   0.1311
  1.9031  -0.1506   0.1347
  1.9046  -0.1511   0.1382
  1.9062  -0.1515   0.1415
  1.9077  -0.1520   0.1446
  1.9093  -0.1524   0.1475
  1.9108  -0.1528   0.1503
  1.9124  -0.1532   0.1529
  1.9139  -0.1535   0.1553
  1.9155  -0.1539   0.1576
  1.9170  -0.1542   0.1597
  1.9186  -0.1546   0.1617
  1.9201  -0.1549   0.1635
  1.9217  -0.1552   0.1652
  1.9232  -0.1554   0.1667
  1.9247  -0.1557   0.1681
  1.9263  -0.1559   0.1693
  1.9278  -0.1562   0.1704
  1.9293  -0.1564   0.1714
  1.9309  -0.1566   0.1723
  1.9324  -0.1568   0.1730
  1.9339  -0.1570   0.1736
  1.9355  -0.1571   0.1741
  1.9370  -0.1573   0.1744
  1.9385  -0.1574   0.1747
  1.9400  -0.1575   0.1748
  1.9416  -0.1576   0.1748
  1.9431  -0.1577   0.1747
  1.9446  -0.1578   0.1744
  1.9461  -0.1579   0.1741
  1.9476  -0.1579   0.1737
  1.9491  -0.1580   0.1731
  1.9507  -0.1580   0.1725
  1.9522  -0.1580   0.1717
  1.9537  -0.1580   0.1709
  1.9552  -0.1580   0.1700
  1.9567  -0.1579   0.1689
  1.9582  -0.1579   0.1678
  1.9597  -0.1578   0.1666
  1.9612  -0.1578   0.1653
  1.9627  -0.1577   0.1639
  1.9642  -0.1576   0.1624
  1.9657  -0.1575   0.1609
  1.9672  -0.1574   0.1592
  1.9687  -0.1572   0.1575
  1.9702  -0.1571   0.1557
  1.9717  -0.1569   0.1539
  1.9732  -0.1568   0.1519
  1.9747  -0.1566   0.1499
  1.9762  -0.1564   0.1478
  1.9777  -0.1562   0.1457
  1.9792  -0.1560   0.1434
  1.9807  -0.1558   0.1411
  1.9822  -0.1555   0.1388
  1.9837  -0.1553   0.1364
  1.9852  -0.1550   0.1339
  1.9867  -0.1548   0.1314
  1.9882  -0.1545   0.1288
  1.9897  -0.1542   0.1261
  1.9912  -0.1539   0.1234
  1.9927  -0.1536   0.1207
  1.9941  -0.1532   0.1179
  1.9956  -0.1529   0.1150
  1.9971  -0.1526   0.1121
  1.9986  -0.1522   0.1092
  2.0001  -0.1518   0.1062
  2.0016  -0.1515   0.1031
  2.0031  -0.1511   0.1001
  2.0046  -0.1507   0.0969
  2.0060  -0.1503   0.0938
  2.0075  -0.1499   0.0906
  2.0090  -0.1494   0.0874
  2.0090  -0.1494   0.0874
  2.0105  -0.1490   0.0841
  2.0120  -0.1486   0.0809
  2.0135  -0.1481   0.0777
  2.0149  -0.1477   0.0746
  2.0164  -0.1473   0.0716
  2.0179  -0.1469   0.0686
  2.0193  -0.1465   0.0656
  2.0208  -0.1462   0.0627
  2.0222  -0.1458   0.0599
  2.0237  -0.1454   0.0570
  2.0252  -0.1451   0.0543
  2.0266  -0.1447   0.0515
  2.0281  -0.1444   0.0487
  2.0295  -0.1440   0.0460
  2.0309  -0.1437   0.0433
  2.0324  -0.1434   0.0407
  2.0338  -0.1431   0.0380
  2.0353  -0.1428   0.0354
  2.0367  -0.1425   0.0328
  2.0381  -0.1422   0.0302
  2.0396  -0.1419   0.0276
  2.0410  -0.1417   0.0250
  2.0424  -0.1414   0.0225
  2.0439  -0.1412   0.0199
  2.0453  -0.1409   0.0174
  2.0467  -0.1407   0.0148
  2.0482  -0.1405   0.0123
  2.0496  -0.1403   0.0098
  2.0510  -0.1401   0.0072
  2.0524  -0.1399   0.0047
  2.0538  -0.1397   0.0022
  2.0553  -0.1395  -0.0003
  2.0567  -0.1393  -0.0029
  2.0581  -0.1392  -0.0054
  2.0595  -0.1390  -0.0079
  2.0610  -0.1389  -0.0105
  2.0624  -0.1388  -0.0130
  2.0638  -0.1387  -0.0155
  2.0652  -0.1386  -0.0181
  2.0666  -0.1385  -0.0206
  2.0680  -0.1384  -0.0232
  2.0695  -0.1383  -0.0258
  2.0709  -0.1382  -0.0284
  2.0723  -0.1382  -0.0310
  2.0737  -0.1382  -0.0336
  2.0751  -0.1381  -0.0362
  2.0766  -0.1381  -0.0388
  2.0780  -0.1381  -0.0415
  2.0794  -0.1381  -0.0441
  2.0808  -0.1381  -0.0468
  2.0822  -0.1381  -0.0495
  2.0837  -0.1382  -0.0522
  2.0851  -0.1382  -0.0549
  2.0865  -0.1383  -0.0576
  2.0879  -0.1383  -0.0604
  2.0894  -0.1384  -0.0632
  2.0908  -0.1385  -0.0660
  2.0922  -0.1386  -0.0688
  2.0937  -0.1387  -0.0716
  2.0951  -0.1388  -0.0745
  2.0965  -0.1390  -0.0774
  2.0980  -0.1391  -0.0803
  2.0994  -0.1393  -0.0832
  2.1008  -0.1395  -0.0862
  2.1023  -0.1396  -0.0892
  2.1037  -0.1398  -0.0923
  2.1052  -0.1400  -0.0953
  2.1066  -0.1403  -0.0985
  2.1066  -0.1403  -0.0985
  2.1081  -0.1405  -0.1017
  2.1095  -0.1408  -0.1049
  2.1110  -0.1410  -0.1081
  2.1125  -0.1412  -0.1112
  2.1139  -0.1414  -0.1142
  2.1154  -0.1417  -0.1172
  2.1168  -0.1419  -0.1201
  2.1183  -0.1421  -0.1230
  2.1197  -0.1423  -0.1258
  2.1212  -0.1425  -0.1286
  2.1227  -0.1426  -0.1312
  2.1241  -0.1428  -0.1339
  2.1256  -0.1430  -0.1364
  2.1271  -0.1432  -0.1389
  2.1285  -0.1433  -0.1414
  2.1300  -0.1435  -0.1437
  2.1315  -0.1436  -0.1461
  2.1329  -0.1438  -0.1483
  2.1344  -0.1439  -0.1505
  2.1359  -0.1440  -0.1526
  2.1374  -0.1442  -0.1546
  2.1388  -0.1443  -0.1566
  2.1403  -0.1444  -0.1585
  2.1418  -0.1445  -0.1604
  2.1433  -0.1446  -0.1621
  2.1447  -0.1447  -0.1638
  2.1462  -0.1448  -0.1654
  2.1477  -0.1449  -0.1670
  2.1492  -0.1450  -0.1685
  2.1507  -0.1450  -0.1699
  2.1522  -0.1451  -0.1712
  2.1537  -0.1452  -0.1724
  2.1552  -0.1452  -0.1736
  2.1566  -0.1453  -0.1747
  2.1581  -0.1453  -0.1757
  2.1596  -0.1454  -0.1766
  2.1611  -0.1454  -0.1775
  2.1626  -0.1454  -0.1782
  2.1641  -0.1455  -0.1789
  2.1656  -0.1455  -0.1795
  2.1671  -0.1455  -0.1800
  2.1686  -0.1455  -0.1805
  2.1701  -0.1455  -0.1808
  2.1717  -0.1455  -0.1811
  2.1732  -0.1455  -0.1812
  2.1747  -0.1455  -0.1813
  2.1762  -0.1454  -0.1813
  2.1777  -0.1454  -0.1812
  2.1792  -0.1454  -0.1810
  2.1807  -0.1453  -0.1807
  2.1823  -0.1453  -0.1803
  2.1838  -0.1452  -0.1798
  2.1853  -0.1452  -0.1792
  2.1868  -0.1451  -0.1785
  2.1883  -0.1451  -0.1777
  2.1899  -0.1450  -0.1769
  2.1914  -0.1449  -0.1759
  2.1929  -0.1448  -0.1748
  2.1945  -0.1447  -0.1736
  2.1960  -0.1446  -0.1723
  2.1975  -0.1445  -0.1709
  2.1991  -0.1444  -0.1694
  2.2006  -0.1443  -0.1678
  2.2022  -0.1442  -0.1661
  2.2037  -0.1441  -0.1642
  2.2052  -0.1439  -0.1623
  2.2068  -0.1438  -0.1602
  2.2083  -0.1436  -0.1580
  2.2099  -0.1435  -0.1558
  2.2114  -0.1433  -0.1534
  2.2130  -0.1432  -0.1509
  2.2145  -0.1430  -0.1482
  2.2161  -0.1429  -0.1455
  2.2177  -0.1427  -0.1426
  2.2192  -0.1425  -0.1396
  2.2208  -0.1423  -0.1365
  2.2224  -0.1421  -0.1333
  2.2239  -0.1419  -0.1299
  2.2255  -0.1417  -0.1264
  2.2255  -0.1417  -0.1264
  2.2271  -0.1415  -0.1228
  2.2286  -0.1413  -0.1192
  2.2302  -0.1411  -0.1156
  2.2318  -0.1409  -0.1120
  2.2333  -0.1407  -0.1083
  2.2349  -0.1406  -0.1047
  2.2364  -0.1404  -0.1010
  2.2380  -0.1403  -0.0973
  2.2395  -0.1401  -0.0936
  2.2411  -0.1400  -0.0898
  2.2426  -0.1399  -0.0861
  2.2442  -0.1397  -0.0823
  2.2457  -0.1396  -0.0786
  2.2473  -0.1395  -0.0748
  2.2488  -0.1394  -0.0709
  2.2503  -0.1394  -0.0671
  2.2519  -0.1393  -0.0633
  2.2534  -0.1392  -0.0594
  2.2549  -0.1391  -0.0555
  2.2565  -0.1391  -0.0517
  2.2580  -0.1391  -0.0478
  2.2595  -0.1390  -0.0439
  2.2611  -0.1390  -0.0399
  2.2626  -0.1390  -0.0360
  2.2641  -0.1390  -0.0321
  2.2657  -0.1390  -0.0281
  2.2672  -0.1390  -0.0241
  2.2687  -0.1390  -0.0202
  2.2702  -0.1390  -0.0162
  2.2718  -0.1391  -0.0122
  2.2733  -0.1391  -0.0082
  2.2748  -0.1392  -0.0042
  2.2763  -0.1393  -0.0002
  2.2779  -0.1393   0.0038
  2.2794  -0.1394   0.0078
  2.2809  -0.1395   0.0118
  2.2825  -0.1396   0.0158
  2.2840  -0.1397   0.0199
  2.2855  -0.1399   0.0239
  2.2870  -0.1400   0.0279
  2.2886  -0.1402   0.0319
  2.2901  -0.1403   0.0359
  2.2916  -0.1405   0.0399
  2.2931  -0.1407   0.0439
  2.2947  -0.1408   0.0479
  2.2962  -0.1410   0.0519
  2.2977  -0.1412   0.0559
  2.2993  -0.1415   0.0598
  2.3008  -0.1417   0.0638
  2.3023  -0.1419   0.0677
  2.3039  -0.1422   0.0717
  2.3054  -0.1424   0.0756
  2.3069  -0.1427   0.0795
  2.3085  -0.1430   0.0834
  2.3100  -0.1433   0.0873
  2.3116  -0.1436   0.0911
  2.3131  -0.1439   0.0950
  2.3146  -0.1443   0.0988
  2.3162  -0.1446   0.1026
  2.3177  -0.1450   0.1064
  2.3193  -0.1453   0.1101
  2.3208  -0.1457   0.1139
  2.3224  -0.1461   0.1176
  2.3239  -0.1465   0.1213
  2.3255  -0.1469   0.1249
  2.3271  -0.1473   0.1286
  2.3286  -0.1478   0.1322
  2.3302  -0.1482   0.1357
  2.3302  -0.1482   0.1357
  2.3317  -0.1487   0.1394
  2.3333  -0.1492   0.1428
  2.3349  -0.1496   0.1461
  2.3364  -0.1500   0.1492
  2.3380  -0.1504   0.1521
  2.3395  -0.1508   0.1549
  2.3411  -0.1512   0.1575
  2.3426  -0.1516   0.1599
  2.3442  -0.1519   0.1622
  2.3457  -0.1522   0.1643
  2.3473  -0.1525   0.1663
  2.3488  -0.1528   0.1681
  2.3504  -0.1531   0.1698
  2.3519  -0.1534   0.1713
  2.3534  -0.1537   0.1727
  2.3550  -0.1539   0.1739
  2.3565  -0.1541   0.1750
  2.3581  -0.1543   0.1760
  2.3596  -0.1545   0.1768
  2.3611  -0.1547   0.1775
  2.3627  -0.1549   0.1781
  2.3642  -0.1550   0.1785
  2.3657  -0.1552   0.1788
  2.3673  -0.1553   0.1790
  2.3688  -0.1554   0.1791
  2.3703  -0.1555   0.1791
  2.3718  -0.1556   0.1789
  2.3734  -0.1556   0.1787
  2.3749  -0.1557   0.1783
  2.3764  -0.1557   0.1778
  2.3779  -0.1558   0.1773
  2.3795  -0.1558   0.1766
  2.3810  -0.1558   0.1758
  2.3825  -0.1558   0.1749
  2.3840  -0.1558   0.1739
  2.3855  -0.1557   0.1729
  2.3870  -0.1557   0.1717
  2.3885  -0.1556   0.1704
  2.3901  -0.1555   0.1691
  2.3916  -0.1555   0.1677
  2.3931  -0.1554   0.1661
  2.3946  -0.1553   0.1645
  2.3961  -0.1551   0.1629
  2.3976  -0.1550   0.1611
  2.3991  -0.1548   0.1593
  2.4006  -0.1547   0.1573
  2.4021  -0.1545   0.1554
  2.4036  -0.1543   0.1533
  2.4051  -0.1541   0.1512
  2.4066  -0.1539   0.1490
  2.4081  -0.1537   0.1467
  2.4096  -0.1535   0.1443
  2.4111  -0.1533   0.1419
  2.4126  -0.1530   0.1395
  2.4141  -0.1527   0.1370
  2.4156  -0.1525   0.1344
  2.4171  -0.1522   0.1317
  2.4186  -0.1519   0.1290
  2.4201  -0.1516   0.1263
  2.4216  -0.1513   0.1235
  2.4231  -0.1509   0.1206
  2.4246  -0.1506   0.1177
  2.4261  -0.1503   0.1148
  2.4276  -0.1499   0.1118
  2.4291  -0.1495   0.1087
  2.4306  -0.1492   0.1056
  2.4321  -0.1488   0.1025
  2.4336  -0.1484   0.0993
  2.4351  -0.1480   0.0961
  2.4365  -0.1475   0.0929
  2.4380  -0.1471   0.0896
  2.4380  -0.1471   0.0896
  2.4395  -0.1467   0.0863
  2.4410  -0.1462   0.0830
  2.4425  -0.1458   0.0798
  2.4440  -0.1454   0.0767
  2.4454  -0.1450   0.0736
  2.4469  -0.1446   0.0706
  2.4484  -0.1442   0.0676
  2.4498  -0.1439   0.0646
  2.4513  -0.1435   0.0617
  2.4528  -0.1431   0.0588
  2.4542  -0.1428   0.0560
  2.4557  -0.1424   0.0531
  2.4571  -0.1421   0.0503
  2.4586  -0.1417   0.0476
  2.4600  -0.1414   0.0448
  2.4615  -0.1411   0.0421
  2.4629  -0.1408   0.0394
  2.4644  -0.1405   0.0367
  2.4658  -0.1402   0.0341
  2.4673  -0.1399   0.0314
  2.4687  -0.1397   0.0288
  2.4702  -0.1394   0.0262
  2.4716  -0.1391   0.0236
  2.4730  -0.1389   0.0210
  2.4745  -0.1386   0.0184
  2.4759  -0.1384   0.0158
  2.4773  -0.1382   0.0132
  2.4788  -0.1380   0.0106
  2.4802  -0.1378   0.0081
  2.4816  -0.1376   0.0055
  2.4830  -0.1374   0.0029
  2.4845  -0.1372   0.0003
  2.4859  -0.1371  -0.0022
  2.4873  -0.1369  -0.0048
  2.4887  -0.1368  -0.0074
  2.4902  -0.1367  -0.0100
  2.4916  -0.1365  -0.0125
  2.4930  -0.1364  -0.0151
  2.4944  -0.1363  -0.0177
  2.4959  -0.1362  -0.0203
  2.4973  -0.1361  -0.0229
  2.4987  -0.1361  -0.0256
  2.5001  -0.1360  -0.0282
  2.5016  -0.1360  -0.0308
  2.5030  -0.1359  -0.0335
  2.5044  -0.1359  -0.0362
  2.5058  -0.1359  -0.0388
  2.5073  -0.1359  -0.0415
  2.5087  -0.1359  -0.0442
  2.5101  -0.1359  -0.0469
  2.5115  -0.1359  -0.0497
  2.5130  -0.1359  -0.0524
  2.5144  -0.1360  -0.0552
  2.5158  -0.1360  -0.0580
  2.5173  -0.1361  -0.0608
  2.5187  -0.1362  -0.0636
  2.5201  -0.1363  -0.0664
  2.5216  -0.1364  -0.0693
  2.5230  -0.1365  -0.0722
  2.5244  -0.1366  -0.0751
  2.5259  -0.1368  -0.0780
  2.5273  -0.1369  -0.0810
  2.5288  -0.1371  -0.0840
  2.5302  -0.1372  -0.0870
  2.5317  -0.1374  -0.0901
  2.5331  -0.1376  -0.0931
  2.5346  -0.1378  -0.0963
  2.5360  -0.1380  -0.0995
  2.5375  -0.1383  -0.1027
  2.5375  -0.1383  -0.1027
  2.5389  -0.1385  -0.1060
  2.5404  -0.1388  -0.1093
  2.5419  -0.1390  -0.1126
  2.5433  -0.1393  -0.1158
  2.5448  -0.1395  -0.1189
  2.5463  -0.1398  -0.1220
  2.5477  -0.1400  -0.1250
  2.5492  -0.1402  -0.1279
  2.5507  -0.1404  -0.1308
  2.5521  -0.1406  -0.1337
  2.5536  -0.1408  -0.1364
  2.5551  -0.1410  -0.1392
  2.5565  -0.1412  -0.1418
  2.5580  -0.1414  -0.1444
  2.5595  -0.1416  -0.1469
  2.5610  -0.1417  -0.1494
  2.5624  -0.1419  -0.1518
  2.5639  -0.1421  -0.1541
  2.5654  -0.1422  -0.1564
  2.5669  -0.1424  -0.1586
  2.5684  -0.1425  -0.1607
  2.5698  -0.1427  -0.1628
  2.5713  -0.1428  -0.1648
  2.5728  -0.1429  -0.1667
  2.5743  -0.1431  -0.1685
  2.5758  -0.1432  -0.1703
  2.5773  -0.1433  -0.1720
  2.5787  -0.1434  -0.1737
  2.5802  -0.1435  -0.1752
  2.5817  -0.1436  -0.1767
  2.5832  -0.1437  -0.1781
  2.5847  -0.1438  -0.1794
  2.5862  -0.1438  -0.1807
  2.5877  -0.1439  -0.1818
  2.5892  -0.1440  -0.1829
  2.5907  -0.1440  -0.1839
  2.5922  -0.1441  -0.1849
  2.5937  -0.1442  -0.1857
  2.5952  -0.1442  -0.1865
  2.5967  -0.1442  -0.1871
  2.5982  -0.1443  -0.1877
  2.5997  -0.1443  -0.1882
  2.6012  -0.1443  -0.1886
  2.6027  -0.1443  -0.1889
  2.6042  -0.1443  -0.1892
  2.6057  -0.1444  -0.1893
  2.6072  -0.1444  -0.1894
  2.6087  -0.1444  -0.1893
  2.6103  -0.1443  -0.1892
  2.6118  -0.1443  -0.1889
  2.6133  -0.1443  -0.1886
  2.6148  -0.1443  -0.1882
  2.6163  -0.1442  -0.1876
  2.6179  -0.1442  -0.1870
  2.6194  -0.1442  -0.1863
  2.6209  -0.1441  -0.1854
  2.6224  -0.1440  -0.1845
  2.6240  -0.1440  -0.1834
  2.6255  -0.1439  -0.1823
  2.6270  -0.1438  -0.1810
  2.6286  -0.1438  -0.1797
  2.6301  -0.1437  -0.1782
  2.6316  -0.1436  -0.1766
  2.6332  -0.1435  -0.1749
  2.6347  -0.1434  -0.1731
  2.6362  -0.1433  -0.1712
  2.6378  -0.1432  -0.1692
  2.6393  -0.1430  -0.1671
  2.6409  -0.1429  -0.1648
  2.6424  -0.1428  -0.1624
  2.6440  -0.1426  -0.1599
  2.6455  -0.1425  -0.1573
  2.6471  -0.1423  -0.1546
  2.6486  -0.1422  -0.1517
  2.6502  -0.1420  -0.1488
  2.6518  -0.1419  -0.1457
  2.6533  -0.1417  -0.1424
  2.6549  -0.1415  -0.1391
  2.6564  -0.1413  -0.1356
  2.6564  -0.1413  -0.1356
  2.6580  -0.1411  -0.1320
  2.6596  -0.1410  -0.1284
  2.6611  -0.1408  -0.1248
  2.6627  -0.1406  -0.1212
  2.6642  -0.1405  -0.1175
  2.6658  -0.1403  -0.1139
  2.6673  -0.1402  -0.1102
  2.6689  -0.1400  -0.1065
  2.6704  -0.1399  -0.1028
  2.6720  -0.1398  -0.0990
  2.6735  -0.1397  -0.0953
  2.6751  -0.1396  -0.0915
  2.6766  -0.1395  -0.0877
  2.6781  -0.1394  -0.0839
  2.6797  -0.1394  -0.0801
  2.6812  -0.1393  -0.0763
  2.6827  -0.1392  -0.0724
  2.6843  -0.1392  -0.0685
  2.6858  -0.1392  -0.0646
  2.6873  -0.1391  -0.0607
  2.6888  -0.1391  -0.0568
  2.6904  -0.1391  -0.0529
  2.6919  -0.1391  -0.0490
  2.6934  -0.1391  -0.0450
  2.6949  -0.1391  -0.0411
  2.6965  -0.1391  -0.0371
  2.6980  -0.1392  -0.0331
  2.6995  -0.1392  -0.0291
  2.7010  -0.1393  -0.0251
  2.7026  -0.1393  -0.0211
  2.7041  -0.1394  -0.0171
  2.7056  -0.1395  -0.0131
  2.7071  -0.1396  -0.0091
  2.7086  -0.1396  -0.0050
  2.7102  -0.1398  -0.0010
  2.7117  -0.1399   0.0030
  2.7132  -0.1400   0.0071
  2.7147  -0.1401   0.0111
  2.7162  -0.1403   0.0151
  2.7178  -0.1404   0.0192
  2.7193  -0.1406   0.0232
  2.7208  -0.1408   0.0272
  2.7223  -0.1410   0.0312
  2.7238  -0.1412   0.0352
  2.7254  -0.1414   0.0392
  2.7269  -0.1416   0.0432
  2.7284  -0.1418   0.0472
  2.7299  -0.1421   0.0512
  2.7315  -0.1423   0.0552
  2.7330  -0.1426   0.0591
  2.7345  -0.1428   0.0631
  2.7361  -0.1431   0.0670
  2.7376  -0.1434   0.0709
  2.7391  -0.1437   0.0749
  2.7407  -0.1440   0.0787
  2.7422  -0.1444   0.0826
  2.7437  -0.1447   0.0865
  2.7453  -0.1451   0.0903
  2.7468  -0.1454   0.0941
  2.7484  -0.1458   0.0979
  2.7499  -0.1462   0.1017
  2.7514  -0.1466   0.1054
  2.7530  -0.1470   0.1091
  2.7545  -0.1474   0.1128
  2.7561  -0.1478   0.1165
  2.7577  -0.1483   0.1201
  2.7592  -0.1488   0.1237
  2.7608  -0.1492   0.1273
  2.7608  -0.1492   0.1273
  2.7623  -0.1497   0.1309
  2.7639  -0.1502   0.1344
  2.7654  -0.1507   0.1377
  2.7670  -0.1511   0.1408
  2.7685  -0.1515   0.1438
  2.7701  -0.1519   0.1465
  2.7716  -0.1523   0.1492
  2.7732  -0.1527   0.1516
  2.7747  -0.1531   0.1539
  2.7762  -0.1534   0.1561
  2.7778  -0.1538   0.1581
  2.7793  -0.1541   0.1599
  2.7809  -0.1544   0.1616
  2.7824  -0.1547   0.1632
  2.7839  -0.1549   0.1646
  2.7855  -0.1552   0.1658
  2.7870  -0.1554   0.1670
  2.7885  -0.1557   0.1680
  2.7901  -0.1559   0.1689
  2.7916  -0.1561   0.1696
  2.7931  -0.1563   0.1702
  2.7946  -0.1564   0.1707
  2.7962  -0.1566   0.1711
  2.7977  -0.1567   0.1714
  2.7992  -0.1569   0.1715
  2.8007  -0.1570   0.1715
  2.8022  -0.1571   0.1715
  2.8037  -0.1572   0.1713
  2.8053  -0.1573   0.1710
  2.8068  -0.1573   0.1705
  2.8083  -0.1574   0.1700
  2.8098  -0.1574   0.1694
  2.8113  -0.1574   0.1687
  2.8128  -0.1574   0.1679
  2.8143  -0.1574   0.1670
  2.8158  -0.1574   0.1660
  2.8173  -0.1574   0.1649
  2.8188  -0.1573   0.1637
  2.8203  -0.1573   0.1624
  2.8218  -0.1572   0.1611
  2.8233  -0.1571   0.1596
  2.8248  -0.1570   0.1581
  2.8263  -0.1569   0.1565
  2.8278  -0.1568   0.1548
  2.8293  -0.1566   0.1530
  2.8308  -0.1565   0.1512
  2.8323  -0.1563   0.1493
  2.8338  -0.1562   0.1473
  2.8353  -0.1560   0.1452
  2.8368  -0.1558   0.1431
  2.8383  -0.1556   0.1409
  2.8398  -0.1554   0.1386
  2.8413  -0.1551   0.1363
  2.8428  -0.1549   0.1339
  2.8443  -0.1546   0.1315
  2.8458  -0.1544   0.1290
  2.8473  -0.1541   0.1264
  2.8487  -0.1538   0.1238
  2.8502  -0.1535   0.1211
  2.8517  -0.1532   0.1184
  2.8532  -0.1529   0.1156
  2.8547  -0.1526   0.1127
  2.8562  -0.1522   0.1099
  2.8577  -0.1519   0.1069
  2.8591  -0.1515   0.1040
  2.8606  -0.1511   0.1009
  2.8621  -0.1508   0.0979
  2.8636  -0.1504   0.0948
  2.8651  -0.1500   0.0916
  2.8666  -0.1496   0.0885
  2.8681  -0.1491   0.0852
  2.8681  -0.1491   0.0852
  2.8695  -0.1487   0.0820
  2.8710  -0.1483   0.0788
  2.8725  -0.1479   0.0756
  2.8740  -0.1475   0.0726
  2.8754  -0.1471   0.0695
  2.8769  -0.1467   0.0666
  2.8784  -0.1463   0.0636
  2.8798  -0.1459   0.0607
  2.8813  -0.1455   0.0579
  2.8827  -0.1452   0.0551
  2.8842  -0.1448   0.0523
  2.8856  -0.1445   0.0495
  2.8871  -0.1441   0.0468
  2.8885  -0.1438   0.0441
  2.8900  -0.1435   0.0414
  2.8914  -0.1432   0.0388
  2.8928  -0.1429   0.0361
  2.8943  -0.1426   0.0335
  2.8957  -0.1423   0.0309
  2.8972  -0.1420   0.0283
  2.8986  -0.1418   0.0258
  2.9000  -0.1415   0.0232
  2.9014  -0.1412   0.0206
  2.9029  -0.1410   0.0181
  2.9043  -0.1408   0.0156
  2.9057  -0.1405   0.0130
  2.9072  -0.1403   0.0105
  2.9086  -0.1401   0.0080
  2.9100  -0.1399   0.0055
  2.9114  -0.1397   0.0030
  2.9128  -0.1395   0.0005
  2.9143  -0.1394  -0.0020
  2.9157  -0.1392  -0.0045
  2.9171  -0.1391  -0.0071
  2.9185  -0.1389  -0.0096
  2.9199  -0.1388  -0.0121
  2.9214  -0.1387  -0.0146
  2.9228  -0.1386  -0.0172
  2.9242  -0.1385  -0.0197
  2.9256  -0.1384  -0.0222
  2.9270  -0.1383  -0.0248
  2.9284  -0.1382  -0.0274
  2.9299  -0.1382  -0.0299
  2.9313  -0.1381  -0.0325
  2.9327  -0.1381  -0.0351
  2.9341  -0.1381  -0.0377
  2.9355  -0.1381  -0.0403
  2.9369  -0.1380  -0.0430
  2.9384  -0.1381  -0.0456
  2.9398  -0.1381  -0.0483
  2.9412  -0.1381  -0.0509
  2.9426  -0.1381  -0.0536
  2.9440  -0.1382  -0.0563
  2.9455  -0.1382  -0.0590
  2.9469  -0.1383  -0.0618
  2.9483  -0.1384  -0.0646
  2.9497  -0.1385  -0.0673
  2.9512  -0.1386  -0.0701
  2.9526  -0.1387  -0.0730
  2.9540  -0.1389  -0.0758
  2.9555  -0.1390  -0.0787
  2.9569  -0.1391  -0.0816
  2.9583  -0.1393  -0.0845
  2.9598  -0.1395  -0.0875
  2.9612  -0.1397  -0.0905
  2.9627  -0.1399  -0.0935
  2.9641  -0.1401  -0.0966
  2.9656  -0.1403  -0.0997
  2.9656  -0.1403  -0.0997
  2.9670  -0.1406  -0.1029
  2.9685  -0.1408  -0.1061
  2.9699  -0.1411  -0.1093
  2.9714  -0.1413  -0.1124
  2.9728  -0.1415  -0.1154
  2.9743  -0.1417  -0.1184
  2.9758  -0.1420  -0.1213
  2.9772  -0.1422  -0.1242
  2.9787  -0.1424  -0.1270
  2.9801  -0.1426  -0.1298
  2.9816  -0.1428  -0.1325
  2.9831  -0.1430  -0.1352
  2.9845  -0.1431  -0.1378
  2.9860  -0.1433  -0.1403
  2.9875  -0.1435  -0.1428
  2.9889  -0.1437  -0.1452
  2.9904  -0.1438  -0.1476
  2.9919  -0.1440  -0.1498
  2.9934  -0.1441  -0.1521
  2.9948  -0.1443  -0.1542
  2.9963  -0.1444  -0.1563
  2.9978  -0.1445  -0.1584
  2.9993  -0.1447  -0.1603
  3.0007  -0.1448  -0.1622
  3.0022  -0.1449  -0.1640
  3.0037  -0.1450  -0.1658
  3.0052  -0.1451  -0.1675
  3.0067  -0.1452  -0.1691
  3.0082  -0.1453  -0.1706
  3.0097  -0.1454  -0.1721
  3.0111  -0.1455  -0.1735
  3.0126  -0.1456  -0.1748
  3.0141  -0.1456  -0.1761
  3.0156  -0.1457  -0.1772
  3.0171  -0.1458  -0.1783
  3.0186  -0.1458  -0.1793
  3.0201  -0.1459  -0.1802
  3.0216  -0.1459  -0.1811
  3.0231  -0.1460  -0.1818
  3.0246  -0.1460  -0.1825
  3.0261  -0.1460  -0.1831
  3.0276  -0.1460  -0.1836
  3.0291  -0.1461  -0.1840
  3.0306  -0.1461  -0.1843
  3.0322  -0.1461  -0.1846
  3.0337  -0.1461  -0.1847
  3.0352  -0.1461  -0.1848
  3.0367  -0.1461  -0.1848
  3.0382  -0.1460  -0.1846
  3.0397  -0.1460  -0.1844
  3.0413  -0.1460  -0.1841
  3.0428  -0.1460  -0.1837
  3.0443  -0.1459  -0.1831
  3.0458  -0.1459  -0.1825
  3.0474  -0.1458  -0.1818
  3.0489  -0.1458  -0.1810
  3.0504  -0.1457  -0.1801
  3.0519  -0.1456  -0.1791
  3.0535  -0.1455  -0.1779
  3.0550  -0.1455  -0.1767
  3.0565  -0.1454  -0.1754
  3.0581  -0.1453  -0.1739
  3.0596  -0.1452  -0.1723
  3.0612  -0.1451  -0.1707
  3.0627  -0.1450  -0.1689
  3.0643  -0.1449  -0.1670
  3.0658  -0.1447  -0.1650
  3.0673  -0.1446  -0.1629
  3.0689  -0.1445  -0.1606
  3.0704  -0.1443  -0.1583
  3.0720  -0.1442  -0.1558
  3.0736  -0.1440  -0.1532
  3.0751  -0.1439  -0.1505
  3.0767  -0.1437  -0.1476
  3.0782  -0.1436  -0.1447
  3.0798  -0.1434  -0.1416
  3.0814  -0.1432  -0.1384
  3.0829  -0.1430  -0.1350
  3.0845  -0.1428  -0.1316
  3.0845  -0.1428  -0.1316
  3.0861  -0.1426  -0.1280
  3.0876  -0.1424  -0.1244
  3.0892  -0.1422  -0.1208
  3.0907  -0.1421  -0.1172
  3.0923  -0.1419  -0.1135
  3.0939  -0.1418  -0.1099
  3.0954  -0.1416  -0.1062
  3.0970  -0.1415  -0.1025
  3.0985  -0.1413  -0.0988
  3.1001  -0.1412  -0.0950
  3.1016  -0.1411  -0.0913
  3.1031  -0.1410  -0.0875
  3.1047  -0.1409  -0.0838
  3.1062  -0.1408  -0.0800
  3.1078  -0.1407  -0.0761
  3.1093  -0.1407  -0.0723
  3.1108  -0.1406  -0.0685
  3.1124  -0.1405  -0.0646
  3.1139  -0.1405  -0.0607
  3.1154  -0.1404  -0.0568
  3.1170  -0.1404  -0.0529
  3.1185  -0.1404  -0.0490
  3.1200  -0.1404  -0.0451
  3.1215  -0.1404  -0.0411
  3.1231  -0.1404  -0.0372
  3.1246  -0.1404  -0.0332
  3.1261  -0.1404  -0.0292
  3.1277  -0.1405  -0.0253
  3.1292  -0.1405  -0.0213
  3.1307  -0.1406  -0.0173
  3.1322  -0.1406  -0.0133
  3.1338  -0.1407  -0.0092
  3.1353  -0.1408  -0.0052
  3.1368  -0.1408  -0.0012
  3.1383  -0.1409   0.0028
  3.1398  -0.1411   0.0068
  3.1414  -0.1412   0.0109
  3.1429  -0.1413   0.0149
  3.1444  -0.1414   0.0189
  3.1459  -0.1416   0.0229
  3.1475  -0.1417   0.0270
  3.1490  -0.1419   0.0310
  3.1505  -0.1421   0.0350
  3.1520  -0.1423   0.0390
  3.1536  -0.1425   0.0430
  3.1551  -0.1427   0.0470
  3.1566  -0.1429   0.0510
  3.1582  -0.1431   0.0550
  3.1597  -0.1434   0.0589
  3.1612  -0.1436   0.0629
  3.1628  -0.1439   0.0668
  3.1643  -0.1442   0.0708
  3.1658  -0.1445   0.0747
  3.1674  -0.1448   0.0786
  3.1689  -0.1451   0.0825
  3.1704  -0.1454   0.0863
  3.1720  -0.1457   0.0902
  3.1735  -0.1461   0.0940
  3.1751  -0.1464   0.0978
  3.1766  -0.1468   0.1016
  3.1781  -0.1472   0.1054
  3.1797  -0.1476   0.1091
  3.1813  -0.1480   0.1128
  3.1828  -0.1484   0.1165
  3.1844  -0.1488   0.1202
  3.1859  -0.1492   0.1238
  3.1875  -0.1497   0.1274
  3.1890  -0.1501   0.1310
  3.1890  -0.1501   0.1310
  3.1906  -0.1506   0.1346
  3.1922  -0.1511   0.1381
  3.1937  -0.1515   0.1414
  3.1953  -0.1520   0.1445
  3.1968  -0.1524   0.1474
  3.1984  -0.1528   0.1502
  3.1999  -0.1532   0.1528
  3.2015  -0.1536   0.1553
  3.2030  -0.1539   0.1576
  3.2045  -0.1543   0.1597
  3.2061  -0.1546   0.1617
  3.2076  -0.1549   0.1635
  3.2092  -0.1552   0.1652
  3.2107  -0.1555   0.1667
  3.2122  -0.1557   0.1681
  3.2138  -0.1560   0.1694
  3.2153  -0.1562   0.1705
  3.2169  -0.1564   0.1715
  3.2184  -0.1567   0.1723
  3.2199  -0.1568   0.1731
  3.2214  -0.1570   0.1737
  3.2230  -0.1572   0.1742
  3.2245  -0.1573   0.1745
  3.2260  -0.1575   0.1747
  3.2275  -0.1576   0.1749
  3.2291  -0.1577   0.1749
  3.2306  -0.1578   0.1748
  3.2321  -0.1579   0.1745
  3.2336  -0.1579   0.1742
  3.2351  -0.1580   0.1738
  3.2367  -0.1580   0.1732
  3.2382  -0.1580   0.1726
  3.2397  -0.1581   0.1719
  3.2412  -0.1581   0.1710
  3.2427  -0.1580   0.1701
  3.2442  -0.1580   0.1691
  3.2457  -0.1580   0.1680
  3.2472  -0.1579   0.1667
  3.2487  -0.1579   0.1654
  3.2502  -0.1578   0.1641
  3.2517  -0.1577   0.1626
  3.2532  -0.1576   0.1610
  3.2548  -0.1575   0.1594
  3.2563  -0.1573   0.1577
  3.2578  -0.1572   0.1559
  3.2593  -0.1570   0.1540
  3.2607  -0.1569   0.1521
  3.2622  -0.1567   0.1501
  3.2637  -0.1565   0.1480
  3.2652  -0.1563   0.1458
  3.2667  -0.1561   0.1436
  3.2682  -0.1559   0.1413
  3.2697  -0.1556   0.1390
  3.2712  -0.1554   0.1366
  3.2727  -0.1551   0.1341
  3.2742  -0.1549   0.1316
  3.2757  -0.1546   0.1290
  3.2772  -0.1543   0.1263
  3.2787  -0.1540   0.1236
  3.2802  -0.1537   0.1209
  3.2817  -0.1534   0.1181
  3.2831  -0.1530   0.1152
  3.2846  -0.1527   0.1123
  3.2861  -0.1523   0.1094
  3.2876  -0.1519   0.1064
  3.2891  -0.1516   0.1033
  3.2906  -0.1512   0.1003
  3.2921  -0.1508   0.0971
  3.2935  -0.1504   0.0940
  3.2950  -0.1500   0.0908
  3.2965  -0.1495   0.0876
  3.2965  -0.1495   0.0876
  3.2980  -0.1491   0.0843
  3.2995  -0.1487   0.0811
  3.3010  -0.1483   0.0779
  3.3024  -0.1478   0.0748
  3.3039  -0.1474   0.0718
  3.3054  -0.1470   0.0688
  3.3068  -0.1467   0.0658
  3.3083  -0.1463   0.0629
  3.3098  -0.1459   0.0601
  3.3112  -0.1455   0.0572
  3.3127  -0.1452   0.0544
  3.3141  -0.1448   0.0517
  3.3156  -0.1445   0.0489
  3.3170  -0.1442   0.0462
  3.3184  -0.1438   0.0435
  3.3199  -0.1435   0.0409
  3.3213  -0.1432   0.0382
  3.3228  -0.1429   0.0356
  3.3242  -0.1426   0.0330
  3.3256  -0.1423   0.0304
  3.3271  -0.1420   0.0278
  3.3285  -0.1418   0.0252
  3.3299  -0.1415   0.0227
  3.3314  -0.1413   0.0201
  3.3328  -0.1410   0.0176
  3.3342  -0.1408   0.0150
  3.3357  -0.1406   0.0125
  3.3371  -0.1404   0.0100
  3.3385  -0.1402   0.0074
  3.3399  -0.1400   0.0049
  3.3414  -0.1398   0.0024
  3.3428  -0.1396  -0.0001
  3.3442  -0.1395  -0.0027
  3.3456  -0.1393  -0.0052
  3.3470  -0.1392  -0.0077
  3.3485  -0.1390  -0.0103
  3.3499  -0.1389  -0.0128
  3.3513  -0.1388  -0.0153
  3.3527  -0.1387  -0.0179
  3.3541  -0.1386  -0.0205
  3.3555  -0.1385  -0.0230
  3.3570  -0.1384  -0.0256
  3.3584  -0.1384  -0.0282
  3.3598  -0.1383  -0.0308
  3.3612  -0.1383  -0.0334
  3.3626  -0.1382  -0.0360
  3.3641  -0.1382  -0.0386
  3.3655  -0.1382  -0.0413
  3.3669  -0.1382  -0.0439
  3.3683  -0.1382  -0.0466
  3.3697  -0.1382  -0.0493
  3.3712  -0.1383  -0.0520
  3.3726  -0.1383  -0.0547
  3.3740  -0.1384  -0.0575
  3.3754  -0.1384  -0.0602
  3.3769  -0.1385  -0.0630
  3.3783  -0.1386  -0.0658
  3.3797  -0.1387  -0.0686
  3.3811  -0.1388  -0.0714
  3.3826  -0.1390  -0.0743
  3.3840  -0.1391  -0.0772
  3.3855  -0.1392  -0.0801
  3.3869  -0.1394  -0.0831
  3.3883  -0.1396  -0.0860
  3.3898  -0.1398  -0.0890
  3.3912  -0.1400  -0.0921
  3.3927  -0.1402  -0.0952
  3.3941  -0.1404  -0.0983
  3.3941  -0.1404  -0.0983
