  0.0000   0.0000   4.6311  -2.2649
 -0.2436  -0.2837   4.6641  -2.2446
 -0.4957  -0.5524   4.6985  -2.2185
 -0.7429  -0.7965   4.7332  -2.1917
 -0.9844  -1.0170   4.7681  -2.1646
 -1.2203  -1.2149   4.8032  -2.1373
 -1.4503  -1.3913   4.8384  -2.1098
 -1.6746  -1.5472   4.8738  -2.0821
 -1.8929  -1.6834   4.9093  -2.0543
 -2.1051  -1.8004   4.9459  -2.0271
 -2.3114  -1.9000   4.9819  -1.9990
 -2.5072  -1.9727   5.0347  -1.9856
 -2.6973  -2.0298   5.0858  -1.9703
 -2.8817  -2.0723   5.1344  -1.9523
 -3.0604  -2.1010   5.1804  -1.9316
 -3.2333  -2.1164   5.2238  -1.9081
 -3.3993  -2.1171   5.2682  -1.8853
 -3.5604  -2.1082   5.3053  -1.8557
 -3.7154  -2.0883   5.3390  -1.8229
 -3.8644  -2.0577   5.3693  -1.7868
 -4.0071  -2.0170   5.3961  -1.7476
 -4.1436  -1.9666   5.4194  -1.7051
 -4.2736  -1.9072   5.4393  -1.6594
 -4.3971  -1.8392   5.4555  -1.6105
 -4.5140  -1.7630   5.4682  -1.5585
 -4.6242  -1.6792   5.4772  -1.5032
 -4.7276  -1.5883   5.4825  -1.4447
 -4.8242  -1.4908   5.4841  -1.3831
 -4.9139  -1.3872   5.4819  -1.3183
 -4.9966  -1.2779   5.4759  -1.2502
 -5.0722  -1.1635   5.4660  -1.1790
 -5.1407  -1.0444   5.4522  -1.1045
 -5.2021  -0.9212   5.4344  -1.0269
 -5.2563  -0.7943   5.4126  -0.9460
 -5.3032  -0.6643   5.3867  -0.8619
 -5.3428  -0.5316   5.3567  -0.7746
 -5.3752  -0.3968   5.3225  -0.6841
 -5.4002  -0.2604   5.2841  -0.5904
 -5.4178  -0.1229   5.2414  -0.4934
 -5.4280   0.0153   5.1944  -0.3931
 -5.4309   0.1536   5.1430  -0.2896
 -5.4263   0.2914   5.0871  -0.1828
 -5.4144   0.4283   5.0267  -0.0728
 -5.3951   0.5637   4.9618   0.0405
 -5.3684   0.6971   4.8922   0.1572
 -5.3343   0.8280   4.8180   0.2771
 -5.2929   0.9558   4.7390   0.4004
 -5.2442   1.0801   4.6552   0.5271
 -5.1881   1.2002   4.5666   0.6571
 -5.1248   1.3157   4.4731   0.7905
 -5.0542   1.4259   4.3746   0.9273
 -4.9764   1.5305   4.2711   1.0675
 -4.8915   1.6287   4.1625   1.2112
 -4.7993   1.7202   4.0488   1.3584
 -4.7001   1.8043   3.9299   1.5091
 -4.5938   1.8805   3.8057   1.6633
 -4.4805   1.9482   3.6763   1.8211
 -4.3601   2.0070   3.5414   1.9825
 -4.2329   2.0563   3.4012   2.1475
 -4.0987   2.0955   3.2554   2.3162
 -3.9576   2.1241   3.1041   2.4887
 -3.8097   2.1416   2.9473   2.6649
 -3.6549   2.1474   2.7848   2.8449
 -3.4934   2.1411   2.6165   3.0288
 -3.3251   2.1221   2.4426   3.2167
 -3.1502   2.0899   2.2628   3.4085
 -2.9685   2.0440   2.0771   3.6044
 -2.7801   1.9840   1.8855   3.8044
 -2.5851   1.9093   1.6880   4.0086
 -2.3835   1.8194   1.4844   4.2170
 -2.1752   1.7140   1.2747   4.4299
 -1.9602   1.5926   1.0589   4.6472
 -1.7387   1.4548   0.8368   4.8691
 -1.5105   1.3001   0.6085   5.0956
 -1.2757   1.1283   0.3739   5.3269
 -1.0342   0.9389   0.1328   5.5631
 -0.7861   0.7317  -0.1146   5.8044
 -0.5313   0.5063  -0.3686   6.0508
 -0.2697   0.2626  -0.6292   6.3025
 -0.0014   0.0002  -0.8964   6.5598
 -0.0014   0.0002  -0.8964   6.5598
 -0.3067   0.5761  -0.8963   4.4572
 -0.6624   1.1733  -0.9156   2.2750
 -1.0177   1.6962  -0.9577   0.3617
 -1.3624   2.1385  -1.0208  -1.2591
 -1.6946   2.5101  -1.1021  -2.6216
 -2.0140   2.8227  -1.1987  -3.7633
 -2.3206   3.0866  -1.3078  -4.7222
 -2.6146   3.3103  -1.4268  -5.5253
 -2.8959   3.5011  -1.5534  -6.1989
 -3.1648   3.6650  -1.6855  -6.7642
 -3.4214   3.8071  -1.8214  -7.2386
 -3.6657   3.9313  -1.9595  -7.6370
 -3.8979   4.0413  -2.0986  -7.9717
 -4.1183   4.1397  -2.2376  -8.2529
 -4.3267   4.2289  -2.3754  -8.4893
 -4.5235   4.3109  -2.5113  -8.6879
 -4.7087   4.3873  -2.6446  -8.8547
 -4.8825   4.4593  -2.7747  -8.9947
 -5.0449   4.5279  -2.9010  -9.1120
 -5.1961   4.5941  -3.0232  -9.2101
 -5.3362   4.6586  -3.1408  -9.2919
 -5.4654   4.7217  -3.2536  -9.3597
 -5.5836   4.7841  -3.3612  -9.4157
 -5.6910   4.8460  -3.4634  -9.4614
 -5.7878   4.9076  -3.5599  -9.4984
 -5.8739   4.9692  -3.6505  -9.5277
 -5.9496   5.0308  -3.7351  -9.5504
 -6.0149   5.0924  -3.8134  -9.5674
 -6.0698   5.1542  -3.8853  -9.5792
 -6.1144   5.2161  -3.9506  -9.5866
 -6.1489   5.2780  -4.0093  -9.5899
 -6.1733   5.3399  -4.0610  -9.5895
 -6.1877   5.4016  -4.1058  -9.5859
 -6.1922   5.4631  -4.1434  -9.5791
 -6.1867   5.5241  -4.1737  -9.5695
 -6.1714   5.5844  -4.1967  -9.5572
 -6.1464   5.6439  -4.2121  -9.5422
 -6.1117   5.7023  -4.2198  -9.5245
 -6.0673   5.7593  -4.2198  -9.5042
 -6.0132   5.8147  -4.2118  -9.4811
 -5.9497   5.8680  -4.1958  -9.4551
 -5.8766   5.9190  -4.1716  -9.4260
 -5.7940   5.9671  -4.1391  -9.3934
 -5.7019   6.0119  -4.0981  -9.3569
 -5.6004   6.0528  -4.0486  -9.3161
 -5.4895   6.0891  -3.9904  -9.2703
 -5.3691   6.1200  -3.9233  -9.2188
 -5.2393   6.1448  -3.8473  -9.1606
 -5.1001   6.1624  -3.7622  -9.0946
 -4.9513   6.1716  -3.6679  -9.0194
 -4.7930   6.1711  -3.5642  -8.9336
 -4.6251   6.1592  -3.4510  -8.8350
 -4.4475   6.1341  -3.3282  -8.7216
 -4.2600   6.0936  -3.1957  -8.5905
 -4.0626   6.0350  -3.0533  -8.4386
 -3.8549   5.9555  -2.9009  -8.2621
 -3.6368   5.8512  -2.7384  -8.0565
 -3.4080   5.7182  -2.5657  -7.8165
 -3.1680   5.5512  -2.3828  -7.5358
 -2.9165   5.3445  -2.1895  -7.2072
 -2.6529   5.0911  -1.9857  -6.8218
 -2.3766   4.7827  -1.7716  -6.3696
 -2.0868   4.4096  -1.5471  -5.8383
 -1.7826   3.9603  -1.3123  -5.2140
 -1.4628   3.4212  -1.0675  -4.4799
 -1.1264   2.7763  -0.8130  -3.6165
 -0.7717   2.0067  -0.5494  -2.6009
 -0.3972   1.0902  -0.2775  -1.4059
  5.0530  -4.5561  -0.3223  -1.3947
  5.0602  -4.2766  -0.0617  -1.5795
  5.0659  -3.9819   0.2059  -1.7588
  5.0701  -3.6901   0.4647  -1.9223
  5.0726  -3.4024   0.7136  -2.0703
  5.0734  -3.1186   0.9529  -2.2038
  5.0724  -2.8387   1.1825  -2.3237
  5.0694  -2.5625   1.4028  -2.4312
  5.0644  -2.2898   1.6138  -2.5269
  5.0574  -2.0206   1.8158  -2.6119
  5.0482  -1.7546   2.0089  -2.6869
  5.0370  -1.4917   2.1933  -2.7526
  5.0235  -1.2319   2.3691  -2.8097
  5.0078  -0.9750   2.5364  -2.8589
  4.9898  -0.7209   2.6954  -2.9007
  4.9696  -0.4696   2.8461  -2.9357
  4.9471  -0.2208   2.9888  -2.9645
  4.9223   0.0254   3.1235  -2.9875
  4.8952   0.2691   3.2502  -3.0051
  4.8658   0.5106   3.3692  -3.0178
  4.8341   0.7497   3.4804  -3.0260
  4.8000   0.9866   3.5840  -3.0299
  4.7637   1.2214   3.6801  -3.0300
  4.7251   1.4542   3.7687  -3.0265
  4.6842   1.6850   3.8499  -3.0197
  4.6410   1.9138   3.9237  -3.0099
  4.5957   2.1408   3.9903  -2.9972
  4.5481   2.3660   4.0496  -2.9820
  4.4984   2.5895   4.1018  -2.9642
  4.4465   2.8114   4.1468  -2.9443
  4.3924   3.0316   4.1848  -2.9222
  4.3364   3.2503   4.2158  -2.8981
  4.2782   3.4675   4.2398  -2.8722
  4.2180   3.6833   4.2568  -2.8445
  4.1559   3.8978   4.2669  -2.8151
  4.0918   4.1110   4.2702  -2.7841
  4.0258   4.3229   4.2666  -2.7516
  3.9580   4.5337   4.2562  -2.7176
  3.8883   4.7434   4.2390  -2.6821
  3.8168   4.9520   4.2150  -2.6452
  3.7436   5.1596   4.1843  -2.6068
  3.6686   5.3663   4.1469  -2.5670
  3.5920   5.5722   4.1028  -2.5257
  3.5137   5.7773   4.0521  -2.4830
  3.4338   5.9817   3.9946  -2.4387
  3.3524   6.1855   3.9306  -2.3927
  3.2694   6.3887   3.8599  -2.3452
  3.1848   6.5914   3.7826  -2.2958
  3.0988   6.7937   3.6987  -2.2446
  3.0113   6.9957   3.6083  -2.1915
  2.9224   7.1974   3.5113  -2.1362
  2.8320   7.3990   3.4077  -2.0787
  2.7403   7.6004   3.2977  -2.0187
  2.6471   7.8019   3.1811  -1.9561
  2.5526   8.0036   3.0581  -1.8907
  2.4567   8.2054   2.9285  -1.8223
  2.3595   8.4075   2.7926  -1.7505
  2.2610   8.6101   2.6502  -1.6752
  2.1610   8.8131   2.5013  -1.5959
  2.0598   9.0169   2.3461  -1.5124
  1.9571   9.2214   2.1846  -1.4243
  1.8531   9.4267   2.0167  -1.3311
  1.7477   9.6331   1.8425  -1.2325
  1.6410   9.8407   1.6621  -1.1278
  1.5327  10.0495   1.4754  -1.0167
  1.4231  10.2598   1.2825  -0.8984
  1.3119  10.4717   1.0835  -0.7725
  1.1992  10.6854   0.8784  -0.6380
  1.0850  10.9011   0.6673  -0.4944
  0.9691  11.1188   0.4502  -0.3408
  0.8515  11.3389   0.2271  -0.1762
  0.7322  11.5616  -0.0018   0.0002
  0.7322  11.5616  -0.0018   0.0002
  1.0180   7.8718  -0.4595   0.6770
  1.3122   4.0799  -0.9874   1.3810
  1.5577   0.7907  -1.5057   2.0238
  1.7488  -1.9646  -2.0009   2.5937
  1.8896  -4.2503  -2.4710   3.0997
  1.9865  -6.1405  -2.9164   3.5533
  2.0455  -7.6990  -3.3378   3.9646
  2.0725  -8.9835  -3.7361   4.3421
  2.0727 -10.0398  -4.1118   4.6926
  2.0505 -10.9079  -4.4655   5.0223
  2.0100 -11.6203  -4.7980   5.3359
  1.9543 -12.2040  -5.1096   5.6372
  1.8863 -12.6816  -5.4011   5.9292
  1.8084 -13.0715  -5.6727   6.2144
  1.7225 -13.3889  -5.9250   6.4949
  1.6303 -13.6463  -6.1586   6.7722
  1.5330 -13.8540  -6.3737   7.0475
  1.4319 -14.0204  -6.5710   7.3217
  1.3280 -14.1525  -6.7507   7.5956
  1.2220 -14.2559  -6.9133   7.8696
  1.1146 -14.3353  -7.0594   8.1442
  1.0064 -14.3946  -7.1891   8.4195
  0.8978 -14.4369  -7.3031   8.6957
  0.7894 -14.4648  -7.4017   8.9727
  0.6814 -14.4804  -7.4852   9.2505
  0.5743 -14.4854  -7.5542   9.5291
  0.4682 -14.4813  -7.6090   9.8081
  0.3636 -14.4693  -7.6500  10.0874
  0.2605 -14.4502  -7.6776  10.3666
  0.1594 -14.4249  -7.6923  10.6456
  0.0602 -14.3941  -7.6944  10.9240
 -0.0366 -14.3580  -7.6843  11.2013
 -0.1310 -14.3173  -7.6624  11.4771
 -0.2227 -14.2721  -7.6292  11.7511
 -0.3116 -14.2228  -7.5849  12.0227
 -0.3974 -14.1693  -7.5300  12.2915
 -0.4800 -14.1117  -7.4648  12.5568
 -0.5592 -14.0501  -7.3897  12.8180
 -0.6348 -13.9844  -7.3050  13.0744
 -0.7067 -13.9144  -7.2112  13.3253
 -0.7745 -13.8398  -7.1085  13.5699
 -0.8382 -13.7604  -6.9972  13.8071
 -0.8975 -13.6757  -6.8776  14.0360
 -0.9522 -13.5851  -6.7500  14.2553
 -1.0021 -13.4881  -6.6147  14.4637
 -1.0471 -13.3837  -6.4718  14.6595
 -1.0869 -13.2710  -6.3215  14.8408
 -1.1212 -13.1488  -6.1639  15.0056
 -1.1498 -13.0156  -5.9992  15.1514
 -1.1726 -12.8698  -5.8274  15.2750
 -1.1891 -12.7091  -5.6483  15.3731
 -1.1992 -12.5313  -5.4619  15.4415
 -1.2026 -12.3333  -5.2678  15.4753
 -1.1989 -12.1117  -5.0658  15.4687
 -1.1878 -11.8622  -4.8553  15.4147
 -1.1691 -11.5800  -4.6355  15.3050
 -1.1422 -11.2593  -4.4056  15.1297
 -1.1067 -10.8931  -4.1643  14.8769
 -1.0623 -10.4732  -3.9103  14.5325
 -1.0084  -9.9899  -3.6416  14.0793
 -0.9444  -9.4318  -3.3560  13.4971
 -0.8698  -8.7852  -3.0508  12.7614
 -0.7841  -8.0342  -2.7226  11.8431
 -0.6864  -7.1599  -2.3675  10.7072
 -0.5762  -6.1398  -1.9808   9.3122
 -0.4528  -4.9477  -1.5572   7.6084
 -0.3157  -3.5525  -1.0904   5.5370
 -0.1645  -1.9176  -0.5734   3.0283
  0.0010  -0.0001   0.0012   0.0004
  0.0380   0.0195  11.6789  -8.6941
 -0.0106   0.2206  11.5974  -8.5196
 -0.0572   0.4145  11.5196  -8.3443
 -0.1019   0.6016  11.4421  -8.1699
 -0.1450   0.7782  11.3641  -7.9959
 -0.1864   0.9434  11.2854  -7.8223
 -0.2261   1.0971  11.2059  -7.6489
 -0.2643   1.2399  11.1255  -7.4757
 -0.3008   1.3720  11.0441  -7.3026
 -0.3359   1.4942  10.9616  -7.1296
 -0.3694   1.6069  10.8780  -6.9566
 -0.4014   1.7107  10.7931  -6.7835
 -0.4320   1.8062  10.7069  -6.6103
 -0.4611   1.8939  10.6192  -6.4370
 -0.4887   1.9743  10.5300  -6.2634
 -0.5150   2.0478  10.4392  -6.0895
 -0.5398   2.1149  10.3466  -5.9154
 -0.5633   2.1760  10.2523  -5.7408
 -0.5854   2.2315  10.1561  -5.5659
 -0.6062   2.2816  10.0580  -5.3906
 -0.6257   2.3268   9.9577  -5.2148
 -0.6438   2.3673   9.8554  -5.0384
 -0.6607   2.4035   9.7508  -4.8615
 -0.6763   2.4355   9.6439  -4.6841
 -0.6906   2.4636   9.5345  -4.5060
 -0.7037   2.4881   9.4227  -4.3273
 -0.7156   2.5090   9.3083  -4.1479
 -0.7263   2.5267   9.1913  -3.9679
 -0.7357   2.5412   9.0715  -3.7871
 -0.7441   2.5528   8.9488  -3.6056
 -0.7512   2.5615   8.8233  -3.4233
 -0.7572   2.5676   8.6948  -3.2402
 -0.7621   2.5710   8.5633  -3.0564
 -0.7659   2.5719   8.4286  -2.8717
 -0.7686   2.5704   8.2908  -2.6862
 -0.7702   2.5666   8.1497  -2.4998
 -0.7708   2.5606   8.0053  -2.3126
 -0.7703   2.5524   7.8574  -2.1245
 -0.7688   2.5421   7.7062  -1.9355
 -0.7663   2.5297   7.5515  -1.7456
 -0.7628   2.5152   7.3932  -1.5548
 -0.7583   2.4987   7.2313  -1.3630
 -0.7528   2.4803   7.0658  -1.1703
 -0.7464   2.4599   6.8966  -0.9767
 -0.7391   2.4375   6.7236  -0.7821
 -0.7309   2.4131   6.5470  -0.5865
 -0.7217   2.3868   6.3665  -0.3899
 -0.7117   2.3586   6.1823  -0.1923
 -0.7008   2.3283   5.9942   0.0063
 -0.6890   2.2961   5.8022   0.2059
 -0.6764   2.2617   5.6065   0.4066
 -0.6630   2.2253   5.4068   0.6083
 -0.6487   2.1868   5.2033   0.8111
 -0.6337   2.1461   4.9959   1.0150
 -0.6178   2.1032   4.7846   1.2200
 -0.6012   2.0579   4.5694   1.4261
 -0.5839   2.0103   4.3504   1.6334
 -0.5657   1.9602   4.1275   1.8419
 -0.5469   1.9076   3.9008   2.0516
 -0.5273   1.8523   3.6703   2.2626
 -0.5070   1.7942   3.4360   2.4748
 -0.4860   1.7333   3.1979   2.6883
 -0.4644   1.6694   2.9561   2.9032
 -0.4420   1.6023   2.7106   3.1194
 -0.4190   1.5319   2.4614   3.3371
 -0.3953   1.4581   2.2085   3.5563
 -0.3709   1.3807   1.9521   3.7770
 -0.3460   1.2996   1.6920   3.9993
 -0.3204   1.2145   1.4285   4.2233
 -0.2941   1.1254   1.1614   4.4490
 -0.2673   1.0321   0.8908   4.6764
 -0.2398   0.9344   0.6169   4.9057
 -0.2118   0.8323   0.3395   5.1370
 -0.1832   0.7257   0.0589   5.3703
 -0.1540   0.6147  -0.2251   5.6057
 -0.1242   0.4995  -0.5124   5.8434
 -0.0940   0.3802  -0.8029   6.0833
 -0.0632   0.2573  -1.0966   6.3257
 -0.0320   0.1308  -1.3934   6.5706
 -0.0006  -0.0001  -1.6934   6.8182
 -0.0006  -0.0001  -1.6934   6.8182
 -0.2732   0.3847  -1.8010   4.9401
 -0.5865   0.7625  -1.9379   2.9684
 -0.8943   1.0640  -2.0933   1.2268
 -1.1917   1.3225  -2.2607  -0.2608
 -1.4767   1.5386  -2.4382  -1.5221
 -1.7491   1.7174  -2.6241  -2.5900
 -2.0088   1.8647  -2.8167  -3.4945
 -2.2561   1.9859  -3.0143  -4.2608
 -2.4909   2.0859  -3.2156  -4.9108
 -2.7136   2.1691  -3.4191  -5.4623
 -2.9244   2.2389  -3.6235  -5.9306
 -3.1233   2.2984  -3.8279  -6.3283
 -3.3106   2.3501  -4.0313  -6.6662
 -3.4865   2.3960  -4.2326  -6.9529
 -3.6512   2.4378  -4.4313  -7.1961
 -3.8048   2.4768  -4.6265  -7.4018
 -3.9476   2.5142  -4.8176  -7.5754
 -4.0797   2.5508  -5.0041  -7.7212
 -4.2012   2.5873  -5.1855  -7.8428
 -4.3125   2.6241  -5.3613  -7.9434
 -4.4136   2.6616  -5.5310  -8.0255
 -4.5047   2.7001  -5.6942  -8.0913
 -4.5860   2.7397  -5.8506  -8.1428
 -4.6576   2.7804  -5.9998  -8.1815
 -4.7197   2.8223  -6.1413  -8.2088
 -4.7725   2.8654  -6.2750  -8.2258
 -4.8161   2.9095  -6.4003  -8.2337
 -4.8507   2.9545  -6.5171  -8.2332
 -4.8764   3.0002  -6.6250  -8.2252
 -4.8934   3.0464  -6.7236  -8.2104
 -4.9018   3.0929  -6.8127  -8.1893
 -4.9018   3.1396  -6.8919  -8.1626
 -4.8935   3.1860  -6.9609  -8.1308
 -4.8771   3.2320  -7.0194  -8.0943
 -4.8526   3.2774  -7.0671  -8.0535
 -4.8203   3.3217  -7.1036  -8.0088
 -4.7803   3.3647  -7.1288  -7.9605
 -4.7327   3.4062  -7.1422  -7.9090
 -4.6776   3.4457  -7.1435  -7.8545
 -4.6152   3.4830  -7.1324  -7.7973
 -4.5456   3.5177  -7.1087  -7.7375
 -4.4689   3.5495  -7.0719  -7.6753
 -4.3852   3.5780  -7.0218  -7.6108
 -4.2948   3.6027  -6.9581  -7.5439
 -4.1976   3.6233  -6.8804  -7.4746
 -4.0937   3.6393  -6.7884  -7.4028
 -3.9834   3.6501  -6.6817  -7.3281
 -3.8667   3.6553  -6.5602  -7.2502
 -3.7437   3.6541  -6.4234  -7.1684
 -3.6144   3.6460  -6.2710  -7.0821
 -3.4790   3.6302  -6.1026  -6.9902
 -3.3375   3.6057  -5.9180  -6.8915
 -3.1901   3.5717  -5.7168  -6.7844
 -3.0367   3.5270  -5.4987  -6.6671
 -2.8774   3.4703  -5.2634  -6.5371
 -2.7122   3.4003  -5.0104  -6.3916
 -2.5411   3.3152  -4.7396  -6.2271
 -2.3642   3.2131  -4.4505  -6.0393
 -2.1813   3.0917  -4.1428  -5.8233
 -1.9925   2.9486  -3.8163  -5.5728
 -1.7977   2.7808  -3.4706  -5.2809
 -1.5967   2.5847  -3.1056  -4.9387
 -1.3895   2.3565  -2.7209  -4.5362
 -1.1759   2.0916  -2.3164  -4.0613
 -0.9555   1.7846  -1.8921  -3.4996
 -0.7283   1.4295  -1.4479  -2.8344
 -0.4939   1.0192  -0.9841  -2.0457
 -0.2520   0.5459  -0.5010  -1.1101
  5.9707  -6.9367  -0.5970  -1.0928
  6.0072  -6.5717  -0.3145  -1.2349
  6.0442  -6.1862  -0.0221  -1.3780
  6.0795  -5.8053   0.2602  -1.5111
  6.1124  -5.4310   0.5306  -1.6340
  6.1425  -5.0633   0.7890  -1.7472
  6.1696  -4.7019   1.0359  -1.8515
  6.1936  -4.3465   1.2715  -1.9475
  6.2143  -3.9970   1.4962  -2.0361
  6.2315  -3.6530   1.7101  -2.1177
  6.2452  -3.3144   1.9136  -2.1928
  6.2552  -2.9811   2.1069  -2.2621
  6.2614  -2.6527   2.2903  -2.3259
  6.2637  -2.3293   2.4640  -2.3847
  6.2621  -2.0105   2.6281  -2.4389
  6.2565  -1.6963   2.7830  -2.4889
  6.2469  -1.3866   2.9289  -2.5349
  6.2332  -1.0812   3.0658  -2.5772
  6.2154  -0.7800   3.1941  -2.6161
  6.1936  -0.4829   3.3138  -2.6519
  6.1677  -0.1898   3.4252  -2.6847
  6.1377   0.0993   3.5283  -2.7146
  6.1038   0.3847   3.6234  -2.7419
  6.0659   0.6663   3.7106  -2.7667
  6.0240   0.9442   3.7900  -2.7891
  5.9783   1.2185   3.8617  -2.8091
  5.9288   1.4894   3.9259  -2.8269
  5.8756   1.7567   3.9827  -2.8424
  5.8188   2.0207   4.0321  -2.8558
  5.7584   2.2814   4.0744  -2.8671
  5.6946   2.5388   4.1095  -2.8762
  5.6275   2.7929   4.1375  -2.8832
  5.5571   3.0440   4.1587  -2.8880
  5.4836   3.2919   4.1729  -2.8906
  5.4071   3.5369   4.1803  -2.8910
  5.3276   3.7788   4.1810  -2.8892
  5.2454   4.0178   4.1749  -2.8850
  5.1605   4.2540   4.1623  -2.8784
  5.0731   4.4873   4.1431  -2.8693
  4.9832   4.7179   4.1173  -2.8577
  4.8910   4.9458   4.0851  -2.8435
  4.7966   5.1711   4.0464  -2.8264
  4.7001   5.3937   4.0013  -2.8065
  4.6017   5.6139   3.9499  -2.7837
  4.5013   5.8316   3.8921  -2.7576
  4.3992   6.0468   3.8280  -2.7284
  4.2955   6.2598   3.7576  -2.6957
  4.1902   6.4704   3.6809  -2.6595
  4.0835   6.6788   3.5980  -2.6195
  3.9754   6.8851   3.5089  -2.5756
  3.8661   7.0893   3.4135  -2.5275
  3.7556   7.2915   3.3119  -2.4752
  3.6440   7.4917   3.2042  -2.4183
  3.5314   7.6900   3.0903  -2.3565
  3.4179   7.8865   2.9702  -2.2898
  3.3035   8.0813   2.8439  -2.2177
  3.1884   8.2744   2.7116  -2.1399
  3.0725   8.4659   2.5731  -2.0562
  2.9559   8.6559   2.4284  -1.9662
  2.8387   8.8445   2.2777  -1.8695
  2.7209   9.0317   2.1209  -1.7657
  2.6025   9.2177   1.9579  -1.6544
  2.4837   9.4025   1.7890  -1.5351
  2.3644   9.5862   1.6140  -1.4072
  2.2447   9.7689   1.4329  -1.2703
  2.1245   9.9507   1.2458  -1.1237
  2.0039  10.1316   1.0527  -0.9668
  1.8830  10.3118   0.8536  -0.7988
  1.7616  10.4914   0.6485  -0.6189
  1.6399  10.6705   0.4376  -0.4265
  1.5178  10.8491   0.2208  -0.2204
  1.3953  11.0274  -0.0019   0.0002
  1.3953  11.0274  -0.0019   0.0002
  1.4531   7.9576  -0.4806   0.5400
  1.4996   4.7804  -1.0313   1.1259
  1.5149   2.0941  -1.5749   1.7041
  1.5039  -0.3509  -2.1126   2.3411
  1.4576  -2.2959  -2.6225   2.7106
  1.3902  -3.9381  -3.1057   3.0491
  1.3030  -5.3088  -3.5630   3.3632
  1.1994  -6.4527  -3.9953   3.6581
  1.0820  -7.4057  -4.4035   3.9380
  0.9537  -8.1980  -4.7882   4.2065
  0.8166  -8.8554  -5.1502   4.4665
  0.6728  -9.3995  -5.4901   4.7204
  0.5241  -9.8483  -5.8085   4.9700
  0.3720 -10.2169  -6.1059   5.2170
  0.2179 -10.5181  -6.3829   5.4624
  0.0628 -10.7624  -6.6399   5.7072
 -0.0923 -10.9587  -6.8775   5.9522
 -0.2466 -11.1144  -7.0961   6.1978
 -0.3993 -11.2358  -7.2962   6.4445
 -0.5499 -11.3278  -7.4781   6.6926
 -0.6978 -11.3950  -7.6424   6.9420
 -0.8426 -11.4408  -7.7893   7.1930
 -0.9838 -11.4684  -7.9194   7.4454
 -1.1212 -11.4802  -8.0331   7.6992
 -1.2544 -11.4784  -8.1306   7.9543
 -1.3832 -11.4647  -8.2125   8.2104
 -1.5072 -11.4408  -8.2791   8.4674
 -1.6263 -11.4077  -8.3307   8.7250
 -1.7402 -11.3666  -8.3677   8.9829
 -1.8488 -11.3185  -8.3906   9.2408
 -1.9518 -11.2640  -8.3996   9.4983
 -2.0491 -11.2037  -8.3952   9.7551
 -2.1405 -11.1383  -8.3776  10.0109
 -2.2258 -11.0682  -8.3473  10.2651
 -2.3049 -10.9937  -8.3045  10.5173
 -2.3775 -10.9152  -8.2496  10.7670
 -2.4437 -10.8328  -8.1829  11.0138
 -2.5031 -10.7468  -8.1047  11.2569
 -2.5556 -10.6572  -8.0154  11.4958
 -2.6011 -10.5641  -7.9152  11.7298
 -2.6394 -10.4674  -7.8045  11.9580
 -2.6704 -10.3672  -7.6834  12.1796
 -2.6939 -10.2632  -7.5522  12.3935
 -2.7097 -10.1551  -7.4112  12.5985
 -2.7177 -10.0427  -7.2606  12.7935
 -2.7177  -9.9255  -7.1006  12.9767
 -2.7095  -9.8029  -6.9312  13.1466
 -2.6931  -9.6742  -6.7527  13.3010
 -2.6680  -9.5384  -6.5652  13.4375
 -2.6343  -9.3945  -6.3685  13.5535
 -2.5917  -9.2412  -6.1628  13.6455
 -2.5400  -9.0767  -5.9479  13.7098
 -2.4790  -8.8993  -5.7236  13.7419
 -2.4084  -8.7064  -5.4896  13.7364
 -2.3281  -8.4955  -5.2456  13.6870
 -2.2377  -8.2630  -4.9909  13.5862
 -2.1370  -8.0053  -4.7249  13.4251
 -2.0258  -7.7174  -4.4467  13.1932
 -1.9036  -7.3940  -4.1551  12.8780
 -1.7702  -7.0286  -3.8487  12.4647
 -1.6252  -6.6133  -3.5258  11.9356
 -1.4682  -6.1393  -3.1843  11.2698
 -1.2989  -5.5958  -2.8217  10.4423
 -1.1167  -4.9703  -2.4350   9.4238
 -0.9212  -4.2480  -2.0207   8.1793
 -0.7121  -3.4119  -1.5748   6.6676
 -0.4889  -2.4416  -1.0926   4.8402
 -0.2513  -1.3136  -0.5693   2.6400
 -0.1945  -1.2913  11.7460  -8.4796
 -0.2325  -0.9879  11.6842  -8.3200
 -0.2688  -0.7034  11.6253  -8.1583
 -0.3034  -0.4253  11.5663  -7.9967
 -0.3362  -0.1604  11.5066  -7.8349
 -0.3675   0.0889  11.4458  -7.6728
 -0.3972   0.3220  11.3841  -7.5104
 -0.4255   0.5389  11.3212  -7.3477
 -0.4522   0.7404  11.2570  -7.1845
 -0.4776   0.9271  11.1915  -7.0209
 -0.5016   1.0997  11.1246  -6.8568
 -0.5243   1.2591  11.0561  -6.6921
 -0.5456   1.4061  10.9861  -6.5268
 -0.5657   1.5414  10.9143  -6.3608
 -0.5846   1.6658  10.8408  -6.1942
 -0.6023   1.7800  10.7653  -6.0268
 -0.6187   1.8846  10.6879  -5.8587
 -0.6340   1.9803  10.6084  -5.6898
 -0.6482   2.0676  10.5267  -5.5201
 -0.6613   2.1472  10.4427  -5.3496
 -0.6732   2.2194  10.3564  -5.1781
 -0.6840   2.2848  10.2675  -5.0058
 -0.6938   2.3438  10.1761  -4.8325
 -0.7026   2.3968  10.0820  -4.6583
 -0.7103   2.4442   9.9851  -4.4830
 -0.7169   2.4863   9.8854  -4.3068
 -0.7226   2.5234   9.7826  -4.1296
 -0.7274   2.5559   9.6768  -3.9513
 -0.7311   2.5840   9.5678  -3.7720
 -0.7339   2.6079   9.4556  -3.5917
 -0.7358   2.6279   9.3400  -3.4102
 -0.7368   2.6442   9.2209  -3.2277
 -0.7368   2.6570   9.0983  -3.0441
 -0.7360   2.6664   8.9721  -2.8594
 -0.7343   2.6727   8.8422  -2.6735
 -0.7318   2.6759   8.7085  -2.4866
 -0.7284   2.6762   8.5709  -2.2985
 -0.7243   2.6737   8.4294  -2.1094
 -0.7193   2.6685   8.2839  -1.9190
 -0.7136   2.6607   8.1344  -1.7276
 -0.7070   2.6503   7.9807  -1.5351
 -0.6998   2.6375   7.8228  -1.3414
 -0.6918   2.6223   7.6606  -1.1466
 -0.6830   2.6047   7.4942  -0.9507
 -0.6736   2.5847   7.3234  -0.7536
 -0.6635   2.5625   7.1483  -0.5555
 -0.6527   2.5379   6.9688  -0.3562
 -0.6412   2.5110   6.7848  -0.1558
 -0.6291   2.4819   6.5964   0.0457
 -0.6164   2.4504   6.4036   0.2483
 -0.6030   2.4166   6.2063   0.4521
 -0.5890   2.3804   6.0044   0.6569
 -0.5745   2.3418   5.7982   0.8629
 -0.5593   2.3006   5.5874   1.0700
 -0.5436   2.2570   5.3722   1.2782
 -0.5273   2.2107   5.1526   1.4875
 -0.5105   2.1617   4.9286   1.6980
 -0.4932   2.1098   4.7001   1.9096
 -0.4753   2.0551   4.4673   2.1223
 -0.4569   1.9972   4.2303   2.3363
 -0.4380   1.9362   3.9889   2.5514
 -0.4186   1.8719   3.7433   2.7677
 -0.3987   1.8041   3.4935   2.9853
 -0.3784   1.7326   3.2397   3.2041
 -0.3576   1.6572   2.9817   3.4242
 -0.3363   1.5778   2.7198   3.6456
 -0.3145   1.4942   2.4539   3.8683
 -0.2924   1.4062   2.1842   4.0925
 -0.2697   1.3136   1.9106   4.3181
 -0.2467   1.2162   1.6333   4.5452
 -0.2232   1.1139   1.3524   4.7738
 -0.1993   1.0066   1.0679   5.0040
 -0.1751   0.8943   0.7798   5.2359
 -0.1504   0.7772   0.4883   5.4695
 -0.1254   0.6555   0.1935   5.7049
 -0.1001   0.5298  -0.1046   5.9422
 -0.0744   0.4009  -0.4060   6.1814
 -0.0487   0.2696  -0.7105   6.4227
 -0.0229   0.1364  -1.0180   6.6662
  0.0017   0.0002  -1.3285   6.9119
  0.0017   0.0002  -1.3285   6.9119
 -0.2548   0.2580  -1.4956   5.2202
 -0.5501   0.5167  -1.6981   3.4405
 -0.8419   0.7266  -1.9115   1.8595
 -1.1219   0.8890  -2.1317   0.5029
 -1.3895   1.0201  -2.3564  -0.6532
 -1.6446   1.1242  -2.5847  -1.6373
 -1.8873   1.2062  -2.8156  -2.4754
 -2.1176   1.2704  -3.0479  -3.1899
 -2.3359   1.3207  -3.2809  -3.7995
 -2.5424   1.3605  -3.5136  -4.3200
 -2.7371   1.3924  -3.7450  -4.7646
 -2.9204   1.4187  -3.9745  -5.1444
 -3.0924   1.4413  -4.2012  -5.4687
 -3.2534   1.4616  -4.4246  -5.7455
 -3.4035   1.4809  -4.6440  -5.9811
 -3.5430   1.4999  -4.8588  -6.1811
 -3.6720   1.5196  -5.0686  -6.3501
 -3.7907   1.5403  -5.2729  -6.4921
 -3.8994   1.5625  -5.4712  -6.6103
 -3.9981   1.5864  -5.6631  -6.7075
 -4.0872   1.6121  -5.8483  -6.7860
 -4.1667   1.6398  -6.0262  -6.8479
 -4.2369   1.6694  -6.1966  -6.8948
 -4.2979   1.7008  -6.3590  -6.9284
 -4.3498   1.7339  -6.5132  -6.9498
 -4.3930   1.7686  -6.6588  -6.9602
 -4.4275   1.8047  -6.7954  -6.9605
 -4.4534   1.8419  -6.9227  -6.9517
 -4.4711   1.8800  -7.0404  -6.9345
 -4.4805   1.9188  -7.1482  -6.9097
 -4.4820   1.9581  -7.2456  -6.8779
 -4.4756   1.9974  -7.3324  -6.8397
 -4.4615   2.0367  -7.4082  -6.7956
 -4.4399   2.0755  -7.4728  -6.7463
 -4.4109   2.1136  -7.5257  -6.6920
 -4.3746   2.1508  -7.5667  -6.6335
 -4.3313   2.1866  -7.5954  -6.5709
 -4.2811   2.2209  -7.6115  -6.5049
 -4.2241   2.2533  -7.6146  -6.4357
 -4.1605   2.2836  -7.6045  -6.3638
 -4.0904   2.3115  -7.5807  -6.2894
 -4.0140   2.3366  -7.5429  -6.2129
 -3.9314   2.3587  -7.4909  -6.1345
 -3.8428   2.3774  -7.4242  -6.0545
 -3.7483   2.3925  -7.3425  -5.9729
 -3.6480   2.4035  -7.2456  -5.8898
 -3.5421   2.4103  -7.1329  -5.8054
 -3.4307   2.4123  -7.0043  -5.7193
 -3.3139   2.4092  -6.8593  -5.6315
 -3.1919   2.4005  -6.6977  -5.5415
 -3.0648   2.3859  -6.5190  -5.4487
 -2.9327   2.3649  -6.3228  -5.3525
 -2.7957   2.3367  -6.1090  -5.2518
 -2.6539   2.3010  -5.8770  -5.1453
 -2.5074   2.2568  -5.6266  -5.0313
 -2.3564   2.2035  -5.3573  -4.9077
 -2.2008   2.1402  -5.0689  -4.7719
 -2.0408   2.0658  -4.7609  -4.6207
 -1.8765   1.9792  -4.4331  -4.4502
 -1.7079   1.8789  -4.0850  -4.2558
 -1.5351   1.7634  -3.7164  -4.0317
 -1.3581   1.6309  -3.3268  -3.7711
 -1.1769   1.4793  -2.9162  -3.4658
 -0.9915   1.3062  -2.4841  -3.1061
 -0.8021   1.1086  -2.0304  -2.6803
 -0.6084   0.8833  -1.5550  -2.1747
 -0.4105   0.6266  -1.0579  -1.5729
 -0.2084   0.3340  -0.5393  -0.8557
  5.9972  -6.4488  -0.6549  -0.8371
  6.0466  -6.0926  -0.3709  -0.9917
  6.0965  -5.7181  -0.0784  -1.1464
  6.1441  -5.3470   0.2044  -1.2911
  6.1892  -4.9790   0.4774  -1.4263
  6.2307  -4.6171   0.7385  -1.5515
  6.2685  -4.2610   0.9878  -1.6676
  6.3024  -3.9107   1.2258  -1.7751
  6.3322  -3.5659   1.4526  -1.8747
  6.3577  -3.2264   1.6686  -1.9671
  6.3790  -2.8921   1.8741  -2.0529
  6.3957  -2.5627   2.0693  -2.1324
  6.4080  -2.2382   2.2544  -2.2062
  6.4156  -1.9184   2.4297  -2.2748
  6.4185  -1.6031   2.5955  -2.3385
  6.4168  -1.2924   2.7519  -2.3977
  6.4103  -0.9859   2.8991  -2.4526
  6.3991  -0.6838   3.0374  -2.5037
  6.3831  -0.3857   3.1670  -2.5511
  6.3624  -0.0918   3.2879  -2.5951
  6.3371   0.1981   3.4004  -2.6358
  6.3071   0.4842   3.5047  -2.6736
  6.2726   0.7663   3.6008  -2.7084
  6.2335   1.0447   3.6890  -2.7405
  6.1901   1.3194   3.7694  -2.7699
  6.1423   1.5904   3.8421  -2.7967
  6.0902   1.8578   3.9072  -2.8211
  6.0341   2.1217   3.9649  -2.8430
  5.9739   2.3820   4.0152  -2.8625
  5.9098   2.6389   4.0583  -2.8797
  5.8420   2.8924   4.0942  -2.8944
  5.7706   3.1426   4.1231  -2.9068
  5.6957   3.3895   4.1450  -2.9168
  5.6174   3.6331   4.1600  -2.9244
  5.5359   3.8735   4.1682  -2.9295
  5.4513   4.1107   4.1696  -2.9321
  5.3638   4.3448   4.1643  -2.9321
  5.2736   4.5759   4.1524  -2.9295
  5.1807   4.8040   4.1340  -2.9242
  5.0853   5.0290   4.1090  -2.9161
  4.9876   5.2512   4.0775  -2.9050
  4.8877   5.4705   4.0395  -2.8909
  4.7857   5.6870   3.9951  -2.8738
  4.6818   5.9008   3.9444  -2.8533
  4.5761   6.1118   3.8873  -2.8295
  4.4687   6.3202   3.8238  -2.8021
  4.3598   6.5260   3.7541  -2.7710
  4.2495   6.7292   3.6781  -2.7361
  4.1379   6.9300   3.5958  -2.6972
  4.0251   7.1284   3.5072  -2.6540
  3.9112   7.3243   3.4125  -2.6065
  3.7964   7.5180   3.3115  -2.5543
  3.6806   7.7095   3.2042  -2.4972
  3.5641   7.8988   3.0908  -2.4350
  3.4469   8.0860   2.9712  -2.3674
  3.3290   8.2711   2.8454  -2.2941
  3.2106   8.4543   2.7134  -2.2149
  3.0918   8.6355   2.5753  -2.1293
  2.9725   8.8150   2.4309  -2.0371
  2.8529   8.9926   2.2804  -1.9378
  2.7329   9.1686   2.1238  -1.8310
  2.6127   9.3430   1.9610  -1.7162
  2.4923   9.5158   1.7921  -1.5930
  2.3718   9.6872   1.6171  -1.4609
  2.2511   9.8572   1.4359  -1.3192
  2.1302  10.0258   1.2487  -1.1673
  2.0093  10.1933   1.0553  -1.0046
  1.8883  10.3596   0.8559  -0.8302
  1.7673  10.5248   0.6505  -0.6435
  1.6462  10.6891   0.4390  -0.4435
  1.5251  10.8524   0.2215  -0.2293
  1.4039  11.0150  -0.0019   0.0002
  1.4039  11.0150  -0.0019   0.0002
  1.4183   8.0488  -0.4968   0.4435
  1.4177   4.9809  -1.0661   0.9314
  1.3922   2.3719  -1.6287   1.4281
  1.3418   0.0041  -2.1848   1.9938
  1.2623  -1.8868  -2.7122   2.3056
  1.1651  -3.4834  -3.2119   2.5979
  1.0515  -4.8184  -3.6849   2.8757
  0.9243  -5.9338  -4.1321   3.1427
  0.7857  -6.8639  -4.5542   3.4020
  0.6382  -7.6376  -4.9520   3.6562
  0.4836  -8.2796  -5.3262   3.9073
  0.3239  -8.8105  -5.6775   4.1568
  0.1606  -9.2478  -6.0064   4.4062
 -0.0049  -9.6060  -6.3136   4.6563
 -0.1715  -9.8974  -6.5995   4.9079
 -0.3380 -10.1323  -6.8647   5.1615
 -0.5037 -10.3193  -7.1097   5.4175
 -0.6677 -10.4656  -7.3349   5.6762
 -0.8294 -10.5773  -7.5409   5.9376
 -0.9882 -10.6595  -7.7279   6.2017
 -1.1437 -10.7163  -7.8966   6.4686
 -1.2953 -10.7514  -8.0472   6.7381
 -1.4427 -10.7677  -8.1803   7.0100
 -1.5856 -10.7679  -8.2962   7.2842
 -1.7237 -10.7539  -8.3954   7.5602
 -1.8566 -10.7277  -8.4782   7.8380
 -1.9841 -10.6907  -8.5451   8.1170
 -2.1060 -10.6442  -8.5965   8.3971
 -2.2221 -10.5894  -8.6327   8.6778
 -2.3322 -10.5270  -8.6541   8.9588
 -2.4360 -10.4581  -8.6611   9.2396
 -2.5335 -10.3831  -8.6541   9.5199
 -2.6243 -10.3027  -8.6335   9.7991
 -2.7084 -10.2175  -8.5996  10.0769
 -2.7855 -10.1277  -8.5529  10.3526
 -2.8555 -10.0337  -8.4935  10.6257
 -2.9183  -9.9359  -8.4220  10.8957
 -2.9737  -9.8345  -8.3386  11.1620
 -3.0215  -9.7296  -8.2437  11.4238
 -3.0615  -9.6214  -8.1376  11.6803
 -3.0936  -9.5099  -8.0206  11.9307
 -3.1177  -9.3951  -7.8930  12.1742
 -3.1335  -9.2770  -7.7550  12.4095
 -3.1410  -9.1555  -7.6070  12.6355
 -3.1399  -9.0302  -7.4492  12.8508
 -3.1301  -8.9009  -7.2817  13.0538
 -3.1114  -8.7672  -7.1048  13.2427
 -3.0836  -8.6286  -6.9186  13.4154
 -3.0466  -8.4842  -6.7232  13.5694
 -3.0002  -8.3334  -6.5187  13.7019
 -2.9441  -8.1749  -6.3050  13.8094
 -2.8782  -8.0076  -6.0821  13.8881
 -2.8023  -7.8298  -5.8497  13.9332
 -2.7162  -7.6396  -5.6077  13.9394
 -2.6195  -7.4348  -5.3556  13.9000
 -2.5122  -7.2125  -5.0929  13.8075
 -2.3939  -6.9697  -4.8190  13.6528
 -2.2643  -6.7023  -4.5328  13.4250
 -2.1232  -6.4059  -4.2333  13.1114
 -1.9703  -6.0750  -3.9190  12.6968
 -1.8052  -5.7031  -3.5883  12.1631
 -1.6275  -5.2828  -3.2390  11.4890
 -1.4369  -4.8051  -2.8686  10.6491
 -1.2330  -4.2594  -2.4741   9.6131
 -1.0154  -3.6337  -2.0520   8.3456
 -0.7836  -2.9133  -1.5982   6.8045
 -0.5371  -2.0814  -1.1082   4.9403
 -0.2758  -1.1181  -0.5770   2.6948
 -0.2173  -1.0955  11.6303  -8.1955
 -0.2534  -0.8123  11.5742  -8.0437
 -0.2879  -0.5480  11.5208  -7.8894
 -0.3208  -0.2882  11.4673  -7.7351
 -0.3521  -0.0399  11.4128  -7.5803
 -0.3819   0.1941  11.3574  -7.4251
 -0.4103   0.4132  11.3007  -7.2695
 -0.4372   0.6175  11.2428  -7.1132
 -0.4628   0.8074  11.1836  -6.9564
 -0.4870   0.9834  11.1229  -6.7990
 -0.5100   1.1463  11.0607  -6.6409
 -0.5316   1.2969  10.9969  -6.4820
 -0.5520   1.4358  10.9314  -6.3224
 -0.5712   1.5639  10.8641  -6.1621
 -0.5892   1.6816  10.7950  -6.0009
 -0.6060   1.7898  10.7239  -5.8388
 -0.6217   1.8891  10.6507  -5.6759
 -0.6363   1.9799  10.5753  -5.5120
 -0.6497   2.0629  10.4977  -5.3472
 -0.6621   2.1386  10.4178  -5.1814
 -0.6733   2.2073  10.3354  -5.0146
 -0.6836   2.2697  10.2504  -4.8468
 -0.6928   2.3260  10.1628  -4.6780
 -0.7009   2.3767  10.0724  -4.5081
 -0.7081   2.4220   9.9792  -4.3371
 -0.7143   2.4624   9.8831  -4.1650
 -0.7195   2.4981   9.7839  -3.9918
 -0.7237   2.5293   9.6815  -3.8174
 -0.7270   2.5565   9.5760  -3.6419
 -0.7294   2.5796   9.4671  -3.4653
 -0.7309   2.5991   9.3548  -3.2875
 -0.7315   2.6150   9.2390  -3.1085
 -0.7312   2.6276   9.1196  -2.9283
 -0.7300   2.6369   8.9965  -2.7470
 -0.7280   2.6432   8.8696  -2.5644
 -0.7252   2.6466   8.7389  -2.3807
 -0.7216   2.6472   8.6043  -2.1957
 -0.7172   2.6451   8.4657  -2.0096
 -0.7119   2.6404   8.3230  -1.8223
 -0.7060   2.6331   8.1762  -1.6337
 -0.6992   2.6234   8.0252  -1.4440
 -0.6918   2.6113   7.8700  -1.2530
 -0.6836   2.5968   7.7104  -1.0609
 -0.6747   2.5800   7.5466  -0.8676
 -0.6652   2.5610   7.3783  -0.6731
 -0.6549   2.5396   7.2056  -0.4774
 -0.6440   2.5159   7.0284  -0.2806
 -0.6325   2.4900   6.8468  -0.0825
 -0.6203   2.4618   6.6607   0.1167
 -0.6075   2.4313   6.4700   0.3170
 -0.5941   2.3984   6.2748   0.5186
 -0.5801   2.3632   6.0751   0.7213
 -0.5656   2.3255   5.8709   0.9252
 -0.5504   2.2854   5.6621   1.1302
 -0.5348   2.2427   5.4488   1.3365
 -0.5186   2.1973   5.2310   1.5439
 -0.5018   2.1492   5.0088   1.7524
 -0.4846   2.0982   4.7821   1.9622
 -0.4668   2.0443   4.5510   2.1732
 -0.4486   1.9874   4.3155   2.3854
 -0.4298   1.9272   4.0757   2.5988
 -0.4106   1.8636   3.8316   2.8134
 -0.3910   1.7965   3.5832   3.0293
 -0.3708   1.7257   3.3307   3.2465
 -0.3503   1.6510   3.0741   3.4650
 -0.3293   1.5722   2.8134   3.6849
 -0.3078   1.4892   2.5487   3.9061
 -0.2860   1.4017   2.2801   4.1288
 -0.2637   1.3096   2.0077   4.3529
 -0.2410   1.2126   1.7314   4.5785
 -0.2179   1.1107   1.4514   4.8057
 -0.1945   1.0037   1.1678   5.0345
 -0.1707   0.8918   0.8806   5.2650
 -0.1465   0.7749   0.5899   5.4972
 -0.1220   0.6535   0.2957   5.7313
 -0.0972   0.5281  -0.0017   5.9672
 -0.0722   0.3995  -0.3024   6.2052
 -0.0470   0.2686  -0.6063   6.4451
 -0.0220   0.1359  -0.9134   6.6873
  0.0019   0.0001  -1.2235   6.9317
  0.0019   0.0001  -1.2235   6.9317
 -0.2518   0.2429  -1.3924   5.2334
 -0.5440   0.4865  -1.5969   3.4474
 -0.8330   0.6839  -1.8123   1.8612
 -1.1102   0.8363  -2.0344   0.5004
 -1.3754   0.9594  -2.2609  -0.6588
 -1.6283   1.0574  -2.4909  -1.6453
 -1.8690   1.1346  -2.7233  -2.4852
 -2.0976   1.1953  -2.9573  -3.2008
 -2.3144   1.2431  -3.1917  -3.8110
 -2.5195   1.2812  -3.4257  -4.3316
 -2.7131   1.3120  -3.6585  -4.7760
 -2.8954   1.3378  -3.8892  -5.1554
 -3.0666   1.3603  -4.1171  -5.4790
 -3.2269   1.3809  -4.3416  -5.7547
 -3.3766   1.4006  -4.5620  -5.9892
 -3.5157   1.4205  -4.7778  -6.1879
 -3.6445   1.4410  -4.9885  -6.3556
 -3.7632   1.4628  -5.1936  -6.4960
 -3.8719   1.4862  -5.3927  -6.6126
 -3.9708   1.5113  -5.5853  -6.7081
 -4.0601   1.5384  -5.7711  -6.7849
 -4.1400   1.5674  -5.9496  -6.8450
 -4.2107   1.5984  -6.1205  -6.8902
 -4.2722   1.6312  -6.2835  -6.9219
 -4.3249   1.6658  -6.4381  -6.9415
 -4.3687   1.7020  -6.5841  -6.9501
 -4.4040   1.7396  -6.7211  -6.9486
 -4.4308   1.7783  -6.8488  -6.9380
 -4.4493   1.8180  -6.9668  -6.9190
 -4.4597   1.8584  -7.0749  -6.8924
 -4.4622   1.8992  -7.1726  -6.8588
 -4.4568   1.9401  -7.2598  -6.8188
 -4.4438   1.9810  -7.3359  -6.7730
 -4.4232   2.0215  -7.4008  -6.7219
 -4.3953   2.0613  -7.4540  -6.6659
 -4.3602   2.1001  -7.4954  -6.6056
 -4.3180   2.1377  -7.5244  -6.5414
 -4.2689   2.1738  -7.5409  -6.4737
 -4.2131   2.2080  -7.5445  -6.4028
 -4.1506   2.2401  -7.5348  -6.3292
 -4.0817   2.2699  -7.5115  -6.2531
 -4.0064   2.2969  -7.4744  -6.1749
 -3.9249   2.3209  -7.4230  -6.0949
 -3.8373   2.3417  -7.3571  -6.0131
 -3.7438   2.3587  -7.2763  -5.9298
 -3.6446   2.3718  -7.1802  -5.8451
 -3.5396   2.3806  -7.0686  -5.7590
 -3.4292   2.3847  -6.9411  -5.6713
 -3.3133   2.3838  -6.7974  -5.5818
 -3.1921   2.3773  -6.6370  -5.4902
 -3.0657   2.3648  -6.4598  -5.3959
 -2.9343   2.3459  -6.2653  -5.2981
 -2.7980   2.3199  -6.0533  -5.1960
 -2.6568   2.2863  -5.8232  -5.0882
 -2.5108   2.2442  -5.5749  -4.9730
 -2.3601   2.1930  -5.3079  -4.8484
 -2.2049   2.1317  -5.0220  -4.7119
 -2.0452   2.0592  -4.7167  -4.5603
 -1.8811   1.9743  -4.3917  -4.3899
 -1.7125   1.8757  -4.0467  -4.1960
 -1.5397   1.7618  -3.6813  -3.9731
 -1.3625   1.6307  -3.2953  -3.7145
 -1.1811   1.4802  -2.8884  -3.4122
 -0.9954   1.3079  -2.4603  -3.0566
 -0.8054   1.1109  -2.0109  -2.6364
 -0.6111   0.8858  -1.5400  -2.1381
 -0.4125   0.6288  -1.0477  -1.5459
 -0.2094   0.3354  -0.5340  -0.8406
  5.9905  -6.2337  -0.6498  -0.8220
  6.0391  -5.8830  -0.3676  -0.9791
  6.0888  -5.5105  -0.0743  -1.1374
  6.1360  -5.1419   0.2090  -1.2853
  6.1799  -4.7792   0.4804  -1.4224
  6.2202  -4.4224   0.7399  -1.5493
  6.2567  -4.0714   0.9879  -1.6668
  6.2892  -3.7260   1.2245  -1.7757
  6.3175  -3.3859   1.4502  -1.8765
  6.3417  -3.0510   1.6652  -1.9699
  6.3614  -2.7211   1.8697  -2.0565
  6.3767  -2.3961   2.0640  -2.1368
  6.3874  -2.0758   2.2485  -2.2113
  6.3936  -1.7601   2.4232  -2.2804
  6.3950  -1.4489   2.5884  -2.3445
  6.3918  -1.1420   2.7443  -2.4039
  6.3839  -0.8394   2.8912  -2.4591
  6.3713  -0.5410   3.0292  -2.5103
  6.3539  -0.2467   3.1584  -2.5577
  6.3319   0.0437   3.2792  -2.6017
  6.3053   0.3301   3.3916  -2.6423
  6.2741   0.6127   3.4958  -2.6798
  6.2384   0.8915   3.5920  -2.7144
  6.1982   1.1666   3.6803  -2.7462
  6.1537   1.4380   3.7607  -2.7753
  6.1049   1.7058   3.8336  -2.8018
  6.0519   1.9701   3.8989  -2.8257
  5.9949   2.2308   3.9568  -2.8472
  5.9339   2.4882   4.0073  -2.8662
  5.8692   2.7421   4.0507  -2.8828
  5.8007   2.9927   4.0869  -2.8971
  5.7287   3.2400   4.1162  -2.9089
  5.6533   3.4841   4.1384  -2.9183
  5.5746   3.7249   4.1538  -2.9253
  5.4927   3.9626   4.1624  -2.9299
  5.4079   4.1972   4.1642  -2.9319
  5.3202   4.4287   4.1593  -2.9314
  5.2298   4.6572   4.1478  -2.9282
  5.1368   4.8828   4.1298  -2.9223
  5.0414   5.1054   4.1052  -2.9136
  4.9437   5.3252   4.0741  -2.9021
  4.8439   5.5421   4.0366  -2.8875
  4.7420   5.7563   3.9926  -2.8698
  4.6383   5.9677   3.9422  -2.8489
  4.5329   6.1765   3.8855  -2.8246
  4.4259   6.3827   3.8225  -2.7968
  4.3173   6.5863   3.7531  -2.7654
  4.2074   6.7874   3.6774  -2.7301
  4.0962   6.9861   3.5955  -2.6909
  3.9839   7.1825   3.5072  -2.6475
  3.8705   7.3764   3.4128  -2.5997
  3.7562   7.5682   3.3120  -2.5473
  3.6410   7.7577   3.2051  -2.4901
  3.5251   7.9451   3.0919  -2.4278
  3.4085   8.1305   2.9725  -2.3601
  3.2913   8.3138   2.8469  -2.2868
  3.1736   8.4952   2.7150  -2.2076
  3.0554   8.6747   2.5770  -2.1222
  2.9368   8.8525   2.4328  -2.0301
  2.8178   9.0285   2.2824  -1.9310
  2.6986   9.2029   2.1257  -1.8244
  2.5792   9.3756   1.9630  -1.7100
  2.4595   9.5469   1.7940  -1.5872
  2.3397   9.7168   1.6189  -1.4554
  2.2197   9.8853   1.4377  -1.3142
  2.0996  10.0525   1.2503  -1.1628
  1.9794  10.2185   1.0568  -1.0007
  1.8592  10.3834   0.8572  -0.8270
  1.7389  10.5473   0.6515  -0.6410
  1.6185  10.7102   0.4397  -0.4418
  1.4981  10.8723   0.2219  -0.2284
  1.3776  11.0336  -0.0019   0.0002
  1.3776  11.0336  -0.0019   0.0002
  1.3955   8.0563  -0.4946   0.4530
  1.3987   4.9769  -1.0614   0.9505
  1.3766   2.3583  -1.6215   1.4550
  1.3294  -0.0177  -2.1751   2.0275
  1.2526  -1.9145  -2.7002   2.3446
  1.1578  -3.5160  -3.1978   2.6411
  1.0463  -4.8548  -3.6687   2.9220
  0.9210  -5.9732  -4.1139   3.1913
  0.7841  -6.9056  -4.5342   3.4521
  0.6381  -7.6812  -4.9303   3.7072
  0.4850  -8.3246  -5.3029   3.9585
  0.3266  -8.8566  -5.6527   4.2079
  0.1645  -9.2948  -5.9803   4.4566
  0.0001  -9.6537  -6.2862   4.7057
 -0.1655  -9.9458  -6.5710   4.9559
 -0.3310 -10.1813  -6.8352   5.2079
 -0.4958 -10.3688  -7.0792   5.4620
 -0.6589 -10.5157  -7.3036   5.7185
 -0.8198 -10.6279  -7.5088   5.9776
 -0.9778 -10.7106  -7.6953   6.2393
 -1.1325 -10.7680  -7.8634   6.5036
 -1.2834 -10.8037  -8.0136   6.7704
 -1.4302 -10.8207  -8.1464   7.0395
 -1.5724 -10.8216  -8.2621   7.3106
 -1.7098 -10.8084  -8.3611   7.5837
 -1.8422 -10.7829  -8.4439   7.8583
 -1.9692 -10.7468  -8.5108   8.1343
 -2.0906 -10.7012  -8.5622   8.4112
 -2.2062 -10.6472  -8.5986   8.6887
 -2.3159 -10.5858  -8.6203   8.9664
 -2.4193 -10.5179  -8.6276   9.2440
 -2.5164 -10.4439  -8.6210   9.5209
 -2.6069 -10.3646  -8.6008   9.7969
 -2.6907 -10.2804  -8.5674  10.0714
 -2.7676 -10.1917  -8.5212  10.3438
 -2.8374 -10.0989  -8.4625  10.6138
 -2.9001 -10.0023  -8.3916  10.8806
 -2.9553  -9.9020  -8.3089  11.1437
 -3.0030  -9.7983  -8.2147  11.4023
 -3.0430  -9.6912  -8.1093  11.6557
 -3.0751  -9.5809  -7.9931  11.9032
 -3.0993  -9.4673  -7.8663  12.1436
 -3.1152  -9.3503  -7.7292  12.3760
 -3.1228  -9.2298  -7.5820  12.5992
 -3.1219  -9.1056  -7.4250  12.8118
 -3.1123  -8.9773  -7.2584  13.0122
 -3.0939  -8.8446  -7.0824  13.1986
 -3.0665  -8.7068  -6.8971  13.3689
 -3.0298  -8.5632  -6.7026  13.5206
 -2.9838  -8.4130  -6.4989  13.6510
 -2.9282  -8.2551  -6.2861  13.7566
 -2.8628  -8.0881  -6.0641  13.8335
 -2.7874  -7.9104  -5.8326  13.8771
 -2.7019  -7.7202  -5.5915  13.8820
 -2.6059  -7.5150  -5.3402  13.8416
 -2.4992  -7.2922  -5.0784  13.7484
 -2.3817  -7.0483  -4.8053  13.5933
 -2.2529  -6.7795  -4.5200  13.3656
 -2.1126  -6.4812  -4.2214  13.0526
 -1.9606  -6.1477  -3.9080  12.6390
 -1.7964  -5.7727  -3.5782  12.1071
 -1.6197  -5.3483  -3.2298  11.4355
 -1.4301  -4.8656  -2.8604  10.5989
 -1.2272  -4.3140  -2.4670   9.5674
 -1.0106  -3.6809  -2.0460   8.3056
 -0.7799  -2.9516  -1.5935   6.7716
 -0.5346  -2.1091  -1.1049   4.9162
 -0.2745  -1.1332  -0.5753   2.6816
 -0.2161  -1.1106  11.6225  -8.1800
 -0.2526  -0.8254  11.5671  -8.0289
 -0.2878  -0.5584  11.5144  -7.8755
 -0.3213  -0.2965  11.4615  -7.7218
 -0.3532  -0.0466  11.4076  -7.5677
 -0.3835   0.1889  11.3527  -7.4132
 -0.4124   0.4092  11.2966  -7.2582
 -0.4398   0.6145  11.2392  -7.1025
 -0.4659   0.8053  11.1805  -6.9463
 -0.4906   0.9822  11.1203  -6.7894
 -0.5139   1.1459  11.0586  -6.6317
 -0.5360   1.2971  10.9952  -6.4734
 -0.5568   1.4367  10.9301  -6.3143
 -0.5763   1.5652  10.8632  -6.1543
 -0.5947   1.6835  10.7945  -5.9935
 -0.6118   1.7922  10.7237  -5.8318
 -0.6278   1.8918  10.6508  -5.6692
 -0.6427   1.9830  10.5758  -5.5057
 -0.6564   2.0664  10.4985  -5.3412
 -0.6690   2.1423  10.4188  -5.1757
 -0.6806   2.2114  10.3366  -5.0092
 -0.6910   2.2740  10.2518  -4.8416
 -0.7004   2.3305  10.1644  -4.6730
 -0.7088   2.3814  10.0742  -4.5032
 -0.7162   2.4269   9.9811  -4.3324
 -0.7225   2.4674   9.8851  -4.1605
 -0.7279   2.5033   9.7860  -3.9874
 -0.7323   2.5347   9.6838  -3.8131
 -0.7358   2.5619   9.5782  -3.6377
 -0.7383   2.5851   9.4694  -3.4611
 -0.7399   2.6047   9.3571  -3.2834
 -0.7406   2.6207   9.2413  -3.1044
 -0.7404   2.6333   9.1218  -2.9242
 -0.7393   2.6427   8.9986  -2.7429
 -0.7374   2.6491   8.8717  -2.5603
 -0.7346   2.6525   8.7409  -2.3765
 -0.7311   2.6531   8.6061  -2.1915
 -0.7267   2.6511   8.4673  -2.0052
 -0.7215   2.6464   8.3245  -1.8178
 -0.7155   2.6391   8.1775  -1.6291
 -0.7088   2.6294   8.0262  -1.4392
 -0.7014   2.6173   7.8707  -1.2481
 -0.6932   2.6029   7.7109  -1.0558
 -0.6843   2.5861   7.5467  -0.8623
 -0.6747   2.5670   7.3781  -0.6676
 -0.6644   2.5456   7.2050  -0.4717
 -0.6534   2.5220   7.0275  -0.2746
 -0.6418   2.4961   6.8454  -0.0763
 -0.6295   2.4679   6.6588   0.1232
 -0.6167   2.4373   6.4677   0.3239
 -0.6032   2.4045   6.2720   0.5258
 -0.5891   2.3693   6.0717   0.7288
 -0.5744   2.3316   5.8669   0.9330
 -0.5591   2.2914   5.6575   1.1385
 -0.5433   2.2487   5.4436   1.3451
 -0.5270   2.2034   5.2252   1.5529
 -0.5101   2.1553   5.0023   1.7619
 -0.4926   2.1043   4.7749   1.9721
 -0.4747   2.0504   4.5430   2.1835
 -0.4562   1.9935   4.3068   2.3961
 -0.4373   1.9333   4.0662   2.6100
 -0.4178   1.8697   3.8213   2.8252
 -0.3979   1.8026   3.5722   3.0416
 -0.3775   1.7318   3.3188   3.2594
 -0.3567   1.6571   3.0613   3.4784
 -0.3354   1.5783   2.7997   3.6989
 -0.3137   1.4953   2.5341   3.9207
 -0.2915   1.4078   2.2645   4.1440
 -0.2689   1.3156   1.9911   4.3688
 -0.2458   1.2186   1.7138   4.5951
 -0.2224   1.1166   1.4328   4.8229
 -0.1986   1.0095   1.1481   5.0525
 -0.1743   0.8973   0.8598   5.2837
 -0.1498   0.7803   0.5680   5.5167
 -0.1248   0.6585   0.2728   5.7515
 -0.0996   0.5326  -0.0259   5.9883
 -0.0741   0.4033  -0.3278   6.2271
 -0.0484   0.2715  -0.6329   6.4679
 -0.0228   0.1376  -0.9411   6.7110
  0.0017   0.0004  -1.2525   6.9564
  0.0017   0.0004  -1.2525   6.9564
 -0.2555   0.2461  -1.4199   5.2544
 -0.5517   0.4927  -1.6226   3.4644
 -0.8446   0.6927  -1.8364   1.8749
 -1.1258   0.8473  -2.0568   0.5114
 -1.3947   0.9722  -2.2817  -0.6499
 -1.6511   1.0717  -2.5102  -1.6381
 -1.8952   1.1502  -2.7413  -2.4793
 -2.1271   1.2120  -2.9739  -3.1960
 -2.3469   1.2608  -3.2070  -3.8070
 -2.5549   1.2998  -3.4398  -4.3283
 -2.7513   1.3316  -3.6714  -4.7733
 -2.9362   1.3583  -3.9010  -5.1530
 -3.1100   1.3817  -4.1278  -5.4770
 -3.2727   1.4033  -4.3513  -5.7531
 -3.4245   1.4241  -4.5707  -5.9878
 -3.5657   1.4450  -4.7856  -6.1868
 -3.6965   1.4667  -4.9954  -6.3548
 -3.8170   1.4896  -5.1996  -6.4955
 -3.9274   1.5142  -5.3979  -6.6124
 -4.0278   1.5407  -5.5897  -6.7082
 -4.1186   1.5691  -5.7747  -6.7854
 -4.1998   1.5996  -5.9525  -6.8458
 -4.2716   1.6321  -6.1228  -6.8914
 -4.3342   1.6664  -6.2851  -6.9236
 -4.3878   1.7026  -6.4391  -6.9436
 -4.4325   1.7404  -6.5845  -6.9526
 -4.4684   1.7796  -6.7210  -6.9517
 -4.4958   1.8200  -6.8482  -6.9416
 -4.5148   1.8614  -6.9658  -6.9231
 -4.5256   1.9035  -7.0734  -6.8971
 -4.5282   1.9461  -7.1707  -6.8641
 -4.5230   1.9888  -7.2575  -6.8247
 -4.5100   2.0313  -7.3333  -6.7795
 -4.4894   2.0735  -7.3978  -6.7291
 -4.4613   2.1150  -7.4508  -6.6738
 -4.4258   2.1556  -7.4919  -6.6142
 -4.3833   2.1948  -7.5208  -6.5506
 -4.3337   2.2325  -7.5370  -6.4836
 -4.2772   2.2683  -7.5404  -6.4135
 -4.2140   2.3020  -7.5306  -6.3406
 -4.1443   2.3332  -7.5073  -6.2652
 -4.0681   2.3617  -7.4700  -6.1878
 -3.9856   2.3871  -7.4186  -6.1084
 -3.8969   2.4090  -7.3526  -6.0274
 -3.8023   2.4273  -7.2718  -5.9448
 -3.7017   2.4415  -7.1758  -5.8608
 -3.5954   2.4512  -7.0642  -5.7754
 -3.4834   2.4561  -6.9367  -5.6883
 -3.3660   2.4559  -6.7931  -5.5995
 -3.2431   2.4499  -6.6328  -5.5085
 -3.1150   2.4378  -6.4557  -5.4148
 -2.9818   2.4191  -6.2614  -5.3176
 -2.8435   2.3931  -6.0494  -5.2159
 -2.7002   2.3591  -5.8195  -5.1085
 -2.5522   2.3165  -5.5714  -4.9936
 -2.3993   2.2644  -5.3046  -4.8693
 -2.2418   2.2019  -5.0188  -4.7329
 -2.0797   2.1278  -4.7137  -4.5813
 -1.9130   2.0409  -4.3889  -4.4107
 -1.7418   1.9397  -4.0441  -4.2164
 -1.5663   1.8227  -3.6790  -3.9929
 -1.3863   1.6877  -3.2932  -3.7334
 -1.2019   1.5326  -2.8866  -3.4299
 -1.0131   1.3548  -2.4587  -3.0728
 -0.8199   1.1512  -2.0096  -2.6506
 -0.6222   0.9184  -1.5390  -2.1498
 -0.4200   0.6522  -1.0469  -1.5544
 -0.2133   0.3480  -0.5337  -0.8453
  5.9698  -6.2585  -0.6484  -0.8268
  6.0187  -5.9071  -0.3663  -0.9812
  6.0688  -5.5340  -0.0732  -1.1372
  6.1165  -5.1647   0.2100  -1.2830
  6.1609  -4.8014   0.4812  -1.4182
  6.2017  -4.4440   0.7405  -1.5435
  6.2388  -4.0925   0.9882  -1.6597
  6.2719  -3.7466   1.2246  -1.7674
  6.3009  -3.4060   1.4501  -1.8673
  6.3256  -3.0706   1.6648  -1.9599
  6.3461  -2.7403   1.8691  -2.0459
  6.3620  -2.4148   2.0632  -2.1258
  6.3735  -2.0941   2.2473  -2.1999
  6.3804  -1.7780   2.4218  -2.2689
  6.3826  -1.4664   2.5867  -2.3329
  6.3801  -1.1591   2.7424  -2.3925
  6.3730  -0.8562   2.8890  -2.4478
  6.3612  -0.5574   3.0268  -2.4993
  6.3447  -0.2627   3.1558  -2.5471
  6.3235   0.0280   3.2763  -2.5915
  6.2977   0.3148   3.3885  -2.6326
  6.2673   0.5977   3.4924  -2.6707
  6.2324   0.8769   3.5883  -2.7060
  6.1931   1.1523   3.6764  -2.7384
  6.1494   1.4241   3.7566  -2.7682
  6.1014   1.6922   3.8292  -2.7955
  6.0493   1.9569   3.8943  -2.8202
  5.9931   2.2180   3.9520  -2.8425
  5.9329   2.4757   4.0024  -2.8624
  5.8690   2.7300   4.0455  -2.8798
  5.8013   2.9810   4.0816  -2.8949
  5.7301   3.2286   4.1106  -2.9076
  5.6554   3.4730   4.1327  -2.9179
  5.5775   3.7143   4.1480  -2.9257
  5.4964   3.9523   4.1564  -2.9311
  5.4122   4.1873   4.1581  -2.9339
  5.3252   4.4192   4.1531  -2.9342
  5.2355   4.6481   4.1415  -2.9318
  5.1432   4.8740   4.1234  -2.9266
  5.0484   5.0970   4.0987  -2.9186
  4.9514   5.3172   4.0676  -2.9077
  4.8521   5.5345   4.0300  -2.8938
  4.7509   5.7491   3.9860  -2.8767
  4.6478   5.9609   3.9357  -2.8563
  4.5428   6.1701   3.8789  -2.8325
  4.4363   6.3767   3.8159  -2.8052
  4.3282   6.5807   3.7466  -2.7741
  4.2188   6.7823   3.6710  -2.7392
  4.1080   6.9814   3.5891  -2.7002
  3.9961   7.1781   3.5010  -2.6570
  3.8831   7.3726   3.4066  -2.6094
  3.7692   7.5647   3.3060  -2.5571
  3.6544   7.7547   3.1992  -2.4999
  3.5388   7.9425   3.0861  -2.4376
  3.4225   8.1283   2.9669  -2.3699
  3.3055   8.3121   2.8415  -2.2965
  3.1880   8.4939   2.7099  -2.2171
  3.0701   8.6739   2.5721  -2.1314
  2.9517   8.8521   2.4281  -2.0389
  2.8329   9.0285   2.2779  -1.9394
  2.7139   9.2033   2.1216  -1.8325
  2.5945   9.3766   1.9591  -1.7175
  2.4750   9.5483   1.7905  -1.5942
  2.3553   9.7186   1.6157  -1.4618
  2.2354   9.8875   1.4348  -1.3199
  2.1153  10.0552   1.2478  -1.1679
  1.9952  10.2217   1.0546  -1.0050
  1.8750  10.3871   0.8554  -0.8305
  1.7547  10.5514   0.6501  -0.6437
  1.6343  10.7148   0.4388  -0.4436
  1.5138  10.8773   0.2215  -0.2293
  1.3933  11.0391  -0.0019   0.0002
  1.3933  11.0391  -0.0019   0.0002
  1.4142   8.0600  -0.4934   0.4607
  1.4209   4.9784  -1.0589   0.9659
  1.4020   2.3583  -1.6177   1.4761
  1.3580  -0.0193  -2.1700   2.0545
  1.2840  -1.9168  -2.6938   2.3765
  1.1919  -3.5190  -3.1903   2.6768
  1.0830  -4.8583  -3.6601   2.9607
  0.9600  -5.9771  -4.1043   3.2323
  0.8254  -6.9098  -4.5236   3.4949
  0.6816  -7.6858  -4.9189   3.7511
  0.5305  -8.3296  -5.2907   4.0031
  0.3740  -8.8622  -5.6398   4.2528
  0.2138  -9.3009  -5.9667   4.5014
  0.0512  -9.6606  -6.2720   4.7502
 -0.1126  -9.9534  -6.5562   4.9998
 -0.2766 -10.1898  -6.8199   5.2510
 -0.4398 -10.3784  -7.0635   5.5041
 -0.6014 -10.5264  -7.2875   5.7594
 -0.7609 -10.6399  -7.4924   6.0172
 -0.9176 -10.7239  -7.6786   6.2774
 -1.0710 -10.7827  -7.8465   6.5401
 -1.2208 -10.8200  -7.9965   6.8052
 -1.3664 -10.8386  -8.1292   7.0725
 -1.5077 -10.8411  -8.2448   7.3418
 -1.6442 -10.8297  -8.3438   7.6129
 -1.7757 -10.8062  -8.4266   7.8856
 -1.9019 -10.7719  -8.4936   8.1596
 -2.0227 -10.7283  -8.5451   8.4344
 -2.1378 -10.6765  -8.5816   8.7098
 -2.2469 -10.6172  -8.6034   8.9855
 -2.3500 -10.5514  -8.6110   9.2609
 -2.4468 -10.4797  -8.6047   9.5358
 -2.5371 -10.4027  -8.5848   9.8096
 -2.6208 -10.3208  -8.5517  10.0820
 -2.6978 -10.2344  -8.5058  10.3523
 -2.7677 -10.1440  -8.4474  10.6201
 -2.8306 -10.0497  -8.3769  10.8848
 -2.8862  -9.9518  -8.2946  11.1458
 -2.9343  -9.8504  -8.2009  11.4024
 -2.9749  -9.7457  -8.0960  11.6538
 -3.0077  -9.6377  -7.9802  11.8992
 -3.0326  -9.5264  -7.8538  12.1377
 -3.0495  -9.4116  -7.7172  12.3682
 -3.0581  -9.2934  -7.5705  12.5894
 -3.0584  -9.1713  -7.4140  12.8002
 -3.0500  -9.0451  -7.2480  12.9988
 -3.0330  -8.9143  -7.0724  13.1835
 -3.0070  -8.7783  -6.8876  13.3522
 -2.9720  -8.6365  -6.6936  13.5023
 -2.9277  -8.4879  -6.4905  13.6312
 -2.8740  -8.3313  -6.2781  13.7354
 -2.8106  -8.1655  -6.0565  13.8111
 -2.7373  -7.9888  -5.8256  13.8535
 -2.6540  -7.7992  -5.5849  13.8574
 -2.5604  -7.5944  -5.3341  13.8162
 -2.4562  -7.3715  -5.0727  13.7223
 -2.3412  -7.1272  -4.8000  13.5667
 -2.2152  -6.8575  -4.5152  13.3387
 -2.0778  -6.5577  -4.2169  13.0256
 -1.9287  -6.2220  -3.9040  12.6123
 -1.7676  -5.8440  -3.5746  12.0810
 -1.5941  -5.4159  -3.2266  11.4104
 -1.4078  -4.9283  -2.8576  10.5753
 -1.2083  -4.3706  -2.4646   9.5458
 -0.9953  -3.7300  -2.0440   8.2866
 -0.7682  -2.9917  -1.5920   6.7559
 -0.5268  -2.1381  -1.1039   4.9047
 -0.2705  -1.1490  -0.5747   2.6753
 -0.2121  -1.1264  11.6387  -8.1941
 -0.2521  -0.8179  11.5753  -8.0339
 -0.2900  -0.5100  11.5142  -7.8710
 -0.3261  -0.2232  11.4531  -7.7083
 -0.3603   0.0425  11.3913  -7.5455
 -0.3929   0.2884  11.3286  -7.3825
 -0.4239   0.5158  11.2648  -7.2193
 -0.4533   0.7261  11.1999  -7.0559
 -0.4812   0.9204  11.1338  -6.8922
 -0.5076   1.0998  11.0665  -6.7281
 -0.5327   1.2655  10.9977  -6.5635
 -0.5563   1.4183  10.9275  -6.3986
 -0.5787   1.5592  10.8557  -6.2331
 -0.5997   1.6889  10.7822  -6.0670
 -0.6194   1.8082  10.7070  -5.9004
 -0.6379   1.9178  10.6300  -5.7332
 -0.6551   2.0184  10.5510  -5.5652
 -0.6712   2.1106  10.4700  -5.3966
 -0.6860   2.1949  10.3869  -5.2273
 -0.6997   2.2718  10.3015  -5.0572
 -0.7123   2.3419  10.2138  -4.8863
 -0.7237   2.4055  10.1236  -4.7146
 -0.7340   2.4631  10.0310  -4.5421
 -0.7432   2.5150   9.9357  -4.3687
 -0.7514   2.5616   9.8377  -4.1943
 -0.7585   2.6033   9.7368  -4.0191
 -0.7646   2.6402   9.6331  -3.8430
 -0.7696   2.6727   9.5264  -3.6659
 -0.7737   2.7009   9.4165  -3.4878
 -0.7768   2.7252   9.3035  -3.3088
 -0.7789   2.7458   9.1872  -3.1287
 -0.7800   2.7628   9.0675  -2.9477
 -0.7803   2.7763   8.9444  -2.7656
 -0.7796   2.7866   8.8177  -2.5825
 -0.7780   2.7938   8.6875  -2.3984
 -0.7756   2.7980   8.5536  -2.2133
 -0.7722   2.7993   8.4159  -2.0271
 -0.7681   2.7979   8.2743  -1.8398
 -0.7630   2.7937   8.1289  -1.6516
 -0.7572   2.7869   7.9796  -1.4622
 -0.7506   2.7776   7.8262  -1.2718
 -0.7432   2.7657   7.6688  -1.0803
 -0.7350   2.7514   7.5073  -0.8878
 -0.7261   2.7347   7.3416  -0.6942
 -0.7164   2.7155   7.1717  -0.4996
 -0.7060   2.6940   6.9977  -0.3039
 -0.6949   2.6701   6.8193  -0.1071
 -0.6831   2.6438   6.6367   0.0907
 -0.6706   2.6151   6.4498   0.2896
 -0.6575   2.5840   6.2586   0.4895
 -0.6437   2.5504   6.0631   0.6905
 -0.6292   2.5144   5.8633   0.8926
 -0.6141   2.4758   5.6592   1.0957
 -0.5985   2.4347   5.4508   1.2999
 -0.5822   2.3909   5.2381   1.5052
 -0.5653   2.3444   5.0212   1.7116
 -0.5478   2.2951   4.8000   1.9191
 -0.5298   2.2429   4.5746   2.1277
 -0.5112   2.1877   4.3450   2.3374
 -0.4920   2.1294   4.1112   2.5483
 -0.4723   2.0678   3.8734   2.7603
 -0.4521   2.0029   3.6315   2.9735
 -0.4313   1.9344   3.3856   3.1880
 -0.4101   1.8623   3.1358   3.4036
 -0.3883   1.7862   2.8820   3.6205
 -0.3660   1.7061   2.6244   3.8387
 -0.3432   1.6217   2.3631   4.0583
 -0.3199   1.5328   2.0980   4.2792
 -0.2961   1.4391   1.8292   4.5016
 -0.2718   1.3404   1.5569   4.7255
 -0.2470   1.2364   1.2810   4.9508
 -0.2217   1.1267   1.0016   5.1778
 -0.1960   1.0111   0.7189   5.4065
 -0.1697   0.8891   0.4328   5.6368
 -0.1429   0.7604   0.1434   5.8690
 -0.1157   0.6245  -0.1492   6.1031
 -0.0879   0.4811  -0.4450   6.3391
 -0.0596   0.3296  -0.7438   6.5772
 -0.0308   0.1695  -1.0457   6.8175
 -0.0014   0.0002  -1.3506   7.0601
 -0.0014   0.0002  -1.3506   7.0601
 -0.2735   0.2203  -1.4955   5.3421
 -0.5848   0.4052  -1.6717   3.5292
 -0.8898   0.5345  -1.8619   1.9214
 -1.1847   0.6523  -2.0592   0.5429
 -1.4673   0.7522  -2.2622  -0.6304
 -1.7374   0.8341  -2.4699  -1.6280
 -1.9947   0.9000  -2.6811  -2.4767
 -2.2396   0.9530  -2.8949  -3.1994
 -2.4721   0.9959  -3.1103  -3.8155
 -2.6924   1.0312  -3.3261  -4.3411
 -2.9006   1.0612  -3.5417  -4.7900
 -3.0971   1.0879  -3.7560  -5.1734
 -3.2818   1.1126  -3.9684  -5.5010
 -3.4551   1.1368  -4.1782  -5.7808
 -3.6171   1.1613  -4.3848  -6.0194
 -3.7679   1.1870  -4.5875  -6.2225
 -3.9079   1.2145  -4.7859  -6.3948
 -4.0370   1.2441  -4.9795  -6.5402
 -4.1555   1.2762  -5.1678  -6.6621
 -4.2636   1.3109  -5.3503  -6.7633
 -4.3614   1.3483  -5.5268  -6.8462
 -4.4492   1.3884  -5.6967  -6.9127
 -4.5270   1.4310  -5.8598  -6.9648
 -4.5950   1.4762  -6.0156  -7.0037
 -4.6534   1.5236  -6.1639  -7.0309
 -4.7024   1.5731  -6.3042  -7.0474
 -4.7421   1.6244  -6.4362  -7.0542
 -4.7727   1.6772  -6.5595  -7.0521
 -4.7943   1.7313  -6.6739  -7.0420
 -4.8071   1.7863  -6.7790  -7.0246
 -4.8113   1.8420  -6.8745  -7.0004
 -4.8070   1.8979  -6.9600  -6.9701
 -4.7943   1.9539  -7.0352  -6.9341
 -4.7735   2.0094  -7.0998  -6.8931
 -4.7446   2.0642  -7.1534  -6.8474
 -4.7080   2.1180  -7.1957  -6.7974
 -4.6636   2.1703  -7.2263  -6.7437
 -4.6116   2.2209  -7.2450  -6.6865
 -4.5523   2.2694  -7.2514  -6.6262
 -4.4857   2.3154  -7.2451  -6.5632
 -4.4121   2.3586  -7.2258  -6.4977
 -4.3315   2.3987  -7.1931  -6.4300
 -4.2441   2.4352  -7.1468  -6.3603
 -4.1501   2.4677  -7.0864  -6.2888
 -4.0496   2.4960  -7.0117  -6.2156
 -3.9428   2.5195  -6.9222  -6.1406
 -3.8297   2.5379  -6.8177  -6.0638
 -3.7106   2.5506  -6.6977  -5.9851
 -3.5856   2.5573  -6.5620  -5.9041
 -3.4548   2.5574  -6.4101  -5.8203
 -3.3183   2.5504  -6.2418  -5.7331
 -3.1762   2.5356  -6.0566  -5.6417
 -3.0288   2.5124  -5.8542  -5.5448
 -2.8760   2.4800  -5.6342  -5.4410
 -2.7181   2.4376  -5.3963  -5.3284
 -2.5550   2.3843  -5.1401  -5.2049
 -2.3870   2.3190  -4.8653  -5.0674
 -2.2140   2.2406  -4.5714  -4.9127
 -2.0362   2.1478  -4.2582  -4.7365
 -1.8536   2.0390  -3.9252  -4.5338
 -1.6663   1.9126  -3.5722  -4.2985
 -1.4743   1.7667  -3.1989  -4.0233
 -1.2777   1.5993  -2.8048  -3.6995
 -1.0764   1.4081  -2.3899  -3.3168
 -0.8706   1.1904  -1.9540  -2.8629
 -0.6602   0.9437  -1.4968  -2.3231
 -0.4453   0.6650  -1.0185  -1.6803
 -0.2258   0.3515  -0.5193  -0.9140
  5.9114  -6.3038  -0.6322  -0.8953
  5.9634  -5.9493  -0.3518  -1.0313
  6.0162  -5.5765  -0.0627  -1.1692
  6.0672  -5.2049   0.2183  -1.2998
  6.1153  -4.8387   0.4879  -1.4218
  6.1597  -4.4785   0.7456  -1.5354
  6.2004  -4.1243   0.9917  -1.6414
  6.2372  -3.7757   1.2265  -1.7403
  6.2698  -3.4326   1.4502  -1.8327
  6.2983  -3.0948   1.6632  -1.9191
  6.3223  -2.7621   1.8657  -1.9999
  6.3419  -2.4343   2.0580  -2.0756
  6.3570  -2.1114   2.2403  -2.1466
  6.3674  -1.7931   2.4130  -2.2133
  6.3731  -1.4793   2.5762  -2.2759
  6.3741  -1.1700   2.7301  -2.3348
  6.3704  -0.8650   2.8749  -2.3902
  6.3619  -0.5643   3.0109  -2.4423
  6.3487  -0.2676   3.1383  -2.4914
  6.3307   0.0250   3.2571  -2.5375
  6.3081   0.3137   3.3677  -2.5809
  6.2808   0.5984   3.4701  -2.6217
  6.2489   0.8794   3.5644  -2.6599
  6.2124   1.1566   3.6510  -2.6957
  6.1716   1.4301   3.7298  -2.7291
  6.1264   1.7000   3.8010  -2.7602
  6.0769   1.9664   3.8648  -2.7890
  6.0233   2.2292   3.9213  -2.8155
  5.9656   2.4885   3.9705  -2.8396
  5.9040   2.7445   4.0125  -2.8615
  5.8387   2.9971   4.0476  -2.8810
  5.7696   3.2463   4.0757  -2.8982
  5.6971   3.4923   4.0969  -2.9129
  5.6211   3.7351   4.1114  -2.9252
  5.5419   3.9747   4.1191  -2.9349
  5.4596   4.2112   4.1202  -2.9420
  5.3744   4.4446   4.1147  -2.9464
  5.2863   4.6750   4.1027  -2.9480
  5.1955   4.9023   4.0842  -2.9466
  5.1022   5.1268   4.0593  -2.9423
  5.0065   5.3483   4.0280  -2.9349
  4.9085   5.5671   3.9903  -2.9242
  4.8085   5.7830   3.9464  -2.9101
  4.7064   5.9962   3.8961  -2.8925
  4.6025   6.2067   3.8396  -2.8712
  4.4969   6.4146   3.7769  -2.8461
  4.3897   6.6199   3.7080  -2.8171
  4.2810   6.8227   3.6329  -2.7838
  4.1710   7.0230   3.5516  -2.7462
  4.0597   7.2209   3.4642  -2.7041
  3.9473   7.4165   3.3706  -2.6573
  3.8338   7.6098   3.2709  -2.6054
  3.7194   7.8008   3.1651  -2.5484
  3.6041   7.9897   3.0531  -2.4859
  3.4881   8.1765   2.9351  -2.4177
  3.3714   8.3613   2.8109  -2.3435
  3.2541   8.5441   2.6806  -2.2630
  3.1362   8.7250   2.5443  -2.1758
  3.0179   8.9041   2.4018  -2.0817
  2.8991   9.0814   2.2532  -1.9802
  2.7800   9.2570   2.0986  -1.8709
  2.6605   9.4310   1.9379  -1.7534
  2.5408   9.6035   1.7711  -1.6272
  2.4209   9.7745   1.5982  -1.4918
  2.3008   9.9441   1.4193  -1.3467
  2.1804  10.1125   1.2343  -1.1912
  2.0600  10.2795   1.0433  -1.0247
  1.9394  10.4455   0.8462  -0.8464
  1.8187  10.6104   0.6431  -0.6557
  1.6978  10.7742   0.4341  -0.4516
  1.5769  10.9372   0.2190  -0.2333
  1.4558  11.0994  -0.0020   0.0002
  1.4558  11.0994  -0.0020   0.0002
  1.4882   8.1094  -0.4933   0.4820
  1.5082   5.0204  -1.0601   0.9999
  1.5043   2.3084  -1.6196   1.4784
  1.4739   0.0360  -2.1562   1.9192
  1.4203  -1.9098  -2.6712   2.3355
  1.3439  -3.5180  -3.1604   2.6753
  1.2495  -4.8648  -3.6246   2.9912
  1.1396  -5.9884  -4.0646   3.2885
  1.0169  -6.9244  -4.4808   3.5717
  0.8838  -7.7028  -4.8740   3.8445
  0.7425  -8.3485  -5.2447   4.1097
  0.5948  -8.8828  -5.5934   4.3697
  0.4426  -9.3233  -5.9206   4.6264
  0.2871  -9.6848  -6.2268   4.8814
  0.1298  -9.9799  -6.5124   5.1358
 -0.0284 -10.2188  -6.7779   5.3905
 -0.1864 -10.4102  -7.0237   5.6463
 -0.3436 -10.5615  -7.2501   5.9035
 -0.4991 -10.6786  -7.4576   6.1626
 -0.6524 -10.7667  -7.6465   6.4238
 -0.8030 -10.8300  -7.8174   6.6872
 -0.9505 -10.8719  -7.9704   6.9528
 -1.0943 -10.8955  -8.1061   7.2205
 -1.2342 -10.9034  -8.2247   7.4903
 -1.3698 -10.8974  -8.3268   7.7619
 -1.5009 -10.8795  -8.4125   8.0351
 -1.6271 -10.8511  -8.4824   8.3097
 -1.7483 -10.8134  -8.5367   8.5854
 -1.8642 -10.7675  -8.5759   8.8619
 -1.9746 -10.7143  -8.6003   9.1388
 -2.0793 -10.6545  -8.6103   9.4157
 -2.1781 -10.5888  -8.6062   9.6923
 -2.2708 -10.5177  -8.5883   9.9680
 -2.3572 -10.4417  -8.5572  10.2424
 -2.4372 -10.3611  -8.5130  10.5151
 -2.5105 -10.2763  -8.4563  10.7854
 -2.5771 -10.1874  -8.3872  11.0528
 -2.6367 -10.0947  -8.3062  11.3166
 -2.6892  -9.9984  -8.2135  11.5762
 -2.7344  -9.8985  -8.1096  11.8307
 -2.7722  -9.7950  -7.9947  12.0793
 -2.8023  -9.6879  -7.8690  12.3210
 -2.8247  -9.5771  -7.7330  12.5547
 -2.8391  -9.4624  -7.5869  12.7793
 -2.8454  -9.3436  -7.4308  12.9932
 -2.8434  -9.2203  -7.2651  13.1950
 -2.8329  -9.0921  -7.0899  13.3827
 -2.8137  -8.9582  -6.9054  13.5542
 -2.7858  -8.8181  -6.7116  13.7071
 -2.7488  -8.6708  -6.5086  13.8384
 -2.7026  -8.5150  -6.2965  13.9447
 -2.6470  -8.3496  -6.0751  14.0221
 -2.5818  -8.1728  -5.8443  14.0659
 -2.5068  -7.9825  -5.6038  14.0706
 -2.4217  -7.7765  -5.3532  14.0297
 -2.3262  -7.5518  -5.0920  13.9353
 -2.2202  -7.3049  -4.8194  13.7784
 -2.1033  -7.0319  -4.5346  13.5482
 -1.9752  -6.7278  -4.2364  13.2316
 -1.8357  -6.3869  -3.9233  12.8135
 -1.6843  -6.0023  -3.5935  12.2755
 -1.5207  -5.5660  -3.2450  11.5960
 -1.3446  -5.0684  -2.8752  10.7495
 -1.1554  -4.4982  -2.4810   9.7053
 -0.9527  -3.8421  -2.0587   8.4273
 -0.7362  -3.0845  -1.6044   6.8729
 -0.5053  -2.2067  -1.1132   4.9915
 -0.2597  -1.1871  -0.5799   2.7239
  0.0008  -0.0002   0.0009   0.0003
  0.0531   0.0213  11.8281  -8.4299
  0.0067   0.1977  11.7639  -8.2696
 -0.0387   0.3640  11.7021  -8.1070
 -0.0825   0.5346  11.6404  -7.9444
 -0.1246   0.7011  11.5780  -7.7817
 -0.1652   0.8600  11.5147  -7.6189
 -0.2042   1.0097  11.4503  -7.4557
 -0.2416   1.1498  11.3849  -7.2922
 -0.2776   1.2803  11.3182  -7.1284
 -0.3120   1.4013  11.2503  -6.9641
 -0.3449   1.5133  11.1809  -6.7993
 -0.3764   1.6166  11.1101  -6.6340
 -0.4065   1.7118  11.0377  -6.4682
 -0.4351   1.7992  10.9636  -6.3017
 -0.4623   1.8794  10.8877  -6.1346
 -0.4881   1.9527  10.8100  -5.9669
 -0.5125   2.0196  10.7303  -5.7984
 -0.5356   2.0806  10.6485  -5.6291
 -0.5574   2.1359  10.5646  -5.4591
 -0.5779   2.1859  10.4784  -5.2883
 -0.5970   2.2309  10.3899  -5.1166
 -0.6149   2.2713  10.2989  -4.9440
 -0.6314   2.3073  10.2054  -4.7706
 -0.6468   2.3392  10.1092  -4.5963
 -0.6609   2.3672  10.0102  -4.4210
 -0.6738   2.3915   9.9085  -4.2447
 -0.6854   2.4124   9.8037  -4.0675
 -0.6959   2.4300   9.6960  -3.8893
 -0.7053   2.4444   9.5851  -3.7102
 -0.7134   2.4560   9.4710  -3.5299
 -0.7205   2.4647   9.3535  -3.3487
 -0.7264   2.4707   9.2327  -3.1664
 -0.7312   2.4742   9.1084  -2.9831
 -0.7349   2.4752   8.9805  -2.7988
 -0.7375   2.4739   8.8490  -2.6133
 -0.7391   2.4703   8.7137  -2.4268
 -0.7397   2.4645   8.5747  -2.2393
 -0.7393   2.4565   8.4318  -2.0507
 -0.7378   2.4465   8.2849  -1.8610
 -0.7353   2.4344   8.1341  -1.6702
 -0.7319   2.4204   7.9792  -1.4783
 -0.7275   2.4044   7.8202  -1.2854
 -0.7222   2.3864   7.6570  -1.0914
 -0.7160   2.3666   7.4897  -0.8964
 -0.7089   2.3448   7.3181  -0.7002
 -0.7008   2.3211   7.1422  -0.5030
 -0.6919   2.2956   6.9621  -0.3048
 -0.6821   2.2681   6.7776  -0.1055
 -0.6715   2.2386   6.5888   0.0949
 -0.6601   2.2072   6.3956   0.2964
 -0.6478   2.1738   6.1981   0.4989
 -0.6348   2.1383   5.9962   0.7025
 -0.6209   2.1008   5.7899   0.9071
 -0.6063   2.0611   5.5793   1.1128
 -0.5909   2.0191   5.3644   1.3196
 -0.5748   1.9749   5.1452   1.5275
 -0.5579   1.9283   4.9216   1.7364
 -0.5403   1.8793   4.6938   1.9465
 -0.5220   1.8277   4.4618   2.1576
 -0.5031   1.7734   4.2256   2.3699
 -0.4834   1.7163   3.9853   2.5833
 -0.4630   1.6563   3.7408   2.7979
 -0.4420   1.5933   3.4923   3.0137
 -0.4204   1.5270   3.2399   3.2307
 -0.3981   1.4574   2.9834   3.4489
 -0.3752   1.3843   2.7232   3.6684
 -0.3516   1.3075   2.4591   3.8892
 -0.3275   1.2269   2.1912   4.1113
 -0.3028   1.1423   1.9197   4.3349
 -0.2774   1.0536   1.6445   4.5599
 -0.2515   0.9607   1.3658   4.7863
 -0.2251   0.8636   1.0837   5.0144
 -0.1981   0.7625   0.7981   5.2440
 -0.1705   0.6575   0.5092   5.4754
 -0.1425   0.5493   0.2171   5.7085
 -0.1141   0.4386  -0.0782   5.9434
 -0.0852   0.3267  -0.3766   6.1803
 -0.0561   0.2153  -0.6779   6.4191
 -0.0269   0.1062  -0.9822   6.6600
  0.0014   0.0001  -1.2894   6.9032
  0.0014   0.0001  -1.2894   6.9032
 -0.2546   0.2775  -1.4558   5.1884
 -0.5473   0.5228  -1.6572   3.3807
 -0.8340   0.7061  -1.8726   1.7783
 -1.1113   0.8714  -2.0942   0.4044
 -1.3770   1.0123  -2.3205  -0.7650
 -1.6309   1.1294  -2.5504  -1.7591
 -1.8729   1.2254  -2.7829  -2.6044
 -2.1031   1.3037  -3.0170  -3.3238
 -2.3216   1.3677  -3.2516  -3.9363
 -2.5286   1.4205  -3.4859  -4.4582
 -2.7242   1.4645  -3.7188  -4.9028
 -2.9087   1.5021  -3.9496  -5.2816
 -3.0822   1.5351  -4.1775  -5.6042
 -3.2449   1.5650  -4.4019  -5.8784
 -3.3969   1.5931  -4.6221  -6.1110
 -3.5384   1.6203  -4.8376  -6.3076
 -3.6697   1.6476  -5.0479  -6.4730
 -3.7907   1.6753  -5.2524  -6.6111
 -3.9019   1.7041  -5.4507  -6.7253
 -4.0032   1.7342  -5.6425  -6.8184
 -4.0949   1.7658  -5.8272  -6.8929
 -4.1771   1.7991  -6.0046  -6.9509
 -4.2500   1.8340  -6.1742  -6.9940
 -4.3137   1.8705  -6.3357  -7.0238
 -4.3684   1.9087  -6.4888  -7.0417
 -4.4143   1.9483  -6.6331  -7.0487
 -4.4515   1.9891  -6.7683  -7.0459
 -4.4802   2.0311  -6.8941  -7.0342
 -4.5005   2.0739  -7.0101  -7.0143
 -4.5125   2.1174  -7.1160  -6.9871
 -4.5165   2.1613  -7.2116  -6.9530
 -4.5126   2.2054  -7.2964  -6.9129
 -4.5009   2.2493  -7.3702  -6.8671
 -4.4815   2.2928  -7.4327  -6.8162
 -4.4547   2.3356  -7.4836  -6.7608
 -4.4205   2.3775  -7.5224  -6.7012
 -4.3792   2.4180  -7.5490  -6.6378
 -4.3308   2.4570  -7.5630  -6.5712
 -4.2755   2.4941  -7.5640  -6.5016
 -4.2135   2.5290  -7.5519  -6.4294
 -4.1448   2.5613  -7.5262  -6.3549
 -4.0696   2.5909  -7.4866  -6.2783
 -3.9882   2.6172  -7.4328  -6.2000
 -3.9005   2.6400  -7.3645  -6.1200
 -3.8067   2.6589  -7.2814  -6.0386
 -3.7070   2.6735  -7.1832  -5.9556
 -3.6015   2.6835  -7.0695  -5.8712
 -3.4902   2.6882  -6.9399  -5.7852
 -3.3735   2.6874  -6.7943  -5.6972
 -3.2512   2.6805  -6.6322  -5.6070
 -3.1237   2.6668  -6.4534  -5.5138
 -2.9909   2.6459  -6.2574  -5.4169
 -2.8530   2.6169  -6.0440  -5.3152
 -2.7100   2.5792  -5.8128  -5.2074
 -2.5621   2.5318  -5.5634  -5.0917
 -2.4094   2.4739  -5.2956  -4.9661
 -2.2519   2.4042  -5.0091  -4.8279
 -2.0896   2.3215  -4.7034  -4.6738
 -1.9227   2.2245  -4.3782  -4.5000
 -1.7512   2.1115  -4.0333  -4.3018
 -1.5752   1.9808  -3.6682  -4.0735
 -1.3945   1.8302  -3.2828  -3.8082
 -1.2093   1.6576  -2.8767  -3.4979
 -1.0196   1.4604  -2.4498  -3.1328
 -0.8253   1.2358  -2.0018  -2.7014
 -0.6264   0.9807  -1.5327  -2.1902
 -0.4228   0.6920  -1.0424  -1.5828
 -0.2147   0.3663  -0.5312  -0.8603
  5.9628  -6.3346  -0.6430  -0.8421
  6.0089  -5.9823  -0.3605  -0.9995
  6.0559  -5.6085  -0.0671  -1.1580
  6.1006  -5.2386   0.2163  -1.3059
  6.1421  -4.8748   0.4877  -1.4429
  6.1802  -4.5170   0.7473  -1.5696
  6.2147  -4.1650   0.9953  -1.6869
  6.2454  -3.8187   1.2320  -1.7953
  6.2721  -3.4777   1.4577  -1.8957
  6.2947  -3.1420   1.6728  -1.9885
  6.3131  -2.8114   1.8774  -2.0745
  6.3273  -2.4857   2.0718  -2.1541
  6.3370  -2.1647   2.2562  -2.2278
  6.3423  -1.8483   2.4310  -2.2961
  6.3431  -1.5365   2.5963  -2.3593
  6.3393  -1.2291   2.7523  -2.4179
  6.3310  -0.9259   2.8992  -2.4722
  6.3181  -0.6269   3.0372  -2.5224
  6.3007  -0.3320   3.1665  -2.5689
  6.2787  -0.0411   3.2873  -2.6118
  6.2523   0.2458   3.3998  -2.6515
  6.2214   0.5290   3.5040  -2.6880
  6.1860   0.8083   3.6002  -2.7216
  6.1464   1.0839   3.6884  -2.7524
  6.1025   1.3559   3.7689  -2.7805
  6.0544   1.6243   3.8417  -2.8059
  6.0023   1.8892   3.9070  -2.8289
  5.9462   2.1506   3.9648  -2.8494
  5.8862   2.4086   4.0153  -2.8675
  5.8225   2.6632   4.0586  -2.8832
  5.7551   2.9144   4.0948  -2.8966
  5.6843   3.1625   4.1239  -2.9075
  5.6101   3.4073   4.1460  -2.9161
  5.5326   3.6489   4.1613  -2.9223
  5.4521   3.8874   4.1697  -2.9261
  5.3686   4.1228   4.1714  -2.9274
  5.2822   4.3552   4.1664  -2.9262
  5.1932   4.5846   4.1547  -2.9223
  5.1016   4.8111   4.1365  -2.9158
  5.0076   5.0347   4.1117  -2.9066
  4.9113   5.2555   4.0804  -2.8944
  4.8129   5.4735   4.0426  -2.8794
  4.7124   5.6888   3.9985  -2.8613
  4.6101   5.9014   3.9479  -2.8400
  4.5060   6.1114   3.8909  -2.8153
  4.4003   6.3189   3.8276  -2.7873
  4.2931   6.5238   3.7580  -2.7556
  4.1844   6.7263   3.6821  -2.7201
  4.0745   6.9264   3.5999  -2.6807
  3.9634   7.1241   3.5114  -2.6372
  3.8512   7.3196   3.4166  -2.5894
  3.7380   7.5129   3.3156  -2.5370
  3.6239   7.7040   3.2084  -2.4798
  3.5091   7.8931   3.0950  -2.4176
  3.3935   8.0801   2.9753  -2.3501
  3.2772   8.2652   2.8494  -2.2771
  3.1604   8.4484   2.7173  -2.1981
  3.0430   8.6299   2.5790  -2.1130
  2.9252   8.8095   2.4345  -2.0212
  2.8070   8.9875   2.2839  -1.9225
  2.6885   9.1639   2.1271  -1.8164
  2.5697   9.3388   1.9641  -1.7025
  2.4506   9.5123   1.7949  -1.5803
  2.3313   9.6844   1.6196  -1.4491
  2.2118   9.8552   1.4382  -1.3085
  2.0921  10.0248   1.2507  -1.1579
  1.9722  10.1932   1.0570  -0.9965
  1.8523  10.3606   0.8573  -0.8235
  1.7322  10.5271   0.6515  -0.6383
  1.6119  10.6927   0.4397  -0.4400
  1.4916  10.8575   0.2219  -0.2275
  1.3711  11.0217  -0.0019   0.0002
  1.3711  11.0217  -0.0019   0.0002
  1.3959   8.0287  -0.4920   0.4679
  1.4065   4.9330  -1.0557   0.9806
  1.3907   2.3027  -1.6127   1.4984
  1.3496  -0.0848  -2.1633   2.0815
  1.2780  -1.9897  -2.6855   2.4072
  1.1878  -3.5980  -3.1804   2.7105
  1.0804  -4.9421  -3.6488   2.9967
  0.9586  -6.0647  -4.0916   3.2700
  0.8250  -7.0005  -4.5096   3.5337
  0.6820  -7.7787  -4.9035   3.7907
  0.5315  -8.4244  -5.2742   4.0431
  0.3754  -8.9583  -5.6221   4.2929
  0.2155  -9.3982  -5.9479   4.5414
  0.0531  -9.7586  -6.2523   4.7897
 -0.1106 -10.0521  -6.5356   5.0388
 -0.2744 -10.2890  -6.7984   5.2892
 -0.4376 -10.4779  -7.0413   5.5414
 -0.5993 -10.6262  -7.2646   5.7957
 -0.7589 -10.7398  -7.4688   6.0523
 -0.9157 -10.8240  -7.6544   6.3114
 -1.0693 -10.8829  -7.8218   6.5728
 -1.2193 -10.9202  -7.9714   6.8365
 -1.3652 -10.9389  -8.1037   7.1023
 -1.5066 -10.9415  -8.2190   7.3702
 -1.6434 -10.9301  -8.3177   7.6398
 -1.7751 -10.9065  -8.4003   7.9110
 -1.9017 -10.8723  -8.4672   8.1833
 -2.0227 -10.8287  -8.5187   8.4566
 -2.1381 -10.7768  -8.5551   8.7304
 -2.2475 -10.7176  -8.5770   9.0044
 -2.3509 -10.6518  -8.5847   9.2782
 -2.4480 -10.5800  -8.5785   9.5515
 -2.5386 -10.5030  -8.5588   9.8236
 -2.6226 -10.4210  -8.5260  10.0943
 -2.6998 -10.3346  -8.4804  10.3630
 -2.7701 -10.2441  -8.4224  10.6292
 -2.8332 -10.1498  -8.3523  10.8923
 -2.8891 -10.0518  -8.2704  11.1517
 -2.9375  -9.9504  -8.1771  11.4067
 -2.9784  -9.8456  -8.0727  11.6565
 -3.0114  -9.7375  -7.9575  11.9004
 -3.0366  -9.6260  -7.8317  12.1373
 -3.0536  -9.5111  -7.6957  12.3663
 -3.0625  -9.3927  -7.5497  12.5862
 -3.0629  -9.2704  -7.3938  12.7955
 -3.0547  -9.1439  -7.2284  12.9928
 -3.0378  -9.0128  -7.0536  13.1761
 -3.0120  -8.8764  -6.8696  13.3435
 -2.9771  -8.7341  -6.6763  13.4925
 -2.9329  -8.5849  -6.4739  13.6203
 -2.8792  -8.4276  -6.2624  13.7235
 -2.8158  -8.2610  -6.0417  13.7982
 -2.7426  -8.0833  -5.8115  13.8397
 -2.6592  -7.8925  -5.5716  13.8428
 -2.5656  -7.6863  -5.3217  13.8010
 -2.4613  -7.4617  -5.0612  13.7065
 -2.3462  -7.2154  -4.7894  13.5506
 -2.2200  -6.9432  -4.5054  13.3224
 -2.0824  -6.6405  -4.2080  13.0093
 -1.9330  -6.3014  -3.8960  12.5962
 -1.7716  -5.9193  -3.5674  12.0653
 -1.5978  -5.4863  -3.2204  11.3953
 -1.4111  -4.9930  -2.8523  10.5612
 -1.2113  -4.4285  -2.4601   9.5329
 -0.9977  -3.7798  -2.0405   8.2754
 -0.7701  -3.0319  -1.5893   6.7468
 -0.5281  -2.1671  -1.1021   4.8981
 -0.2711  -1.1646  -0.5739   2.6717
 -0.2130  -1.1422  11.6227  -8.2109
 -0.2497  -0.8538  11.5667  -8.0590
 -0.2850  -0.5838  11.5134  -7.9047
 -0.3186  -0.3190  11.4599  -7.7503
 -0.3506  -0.0666  11.4055  -7.5955
 -0.3811   0.1713  11.3501  -7.4403
 -0.4100   0.3938  11.2934  -7.2845
 -0.4376   0.6011  11.2356  -7.1283
 -0.4637   0.7937  11.1763  -6.9714
 -0.4884   0.9723  11.1156  -6.8138
 -0.5119   1.1375  11.0534  -6.6556
 -0.5340   1.2902  10.9896  -6.4967
 -0.5549   1.4310  10.9241  -6.3370
 -0.5745   1.5608  10.8568  -6.1765
 -0.5929   1.6801  10.7876  -6.0152
 -0.6101   1.7897  10.7164  -5.8530
 -0.6262   1.8902  10.6431  -5.6900
 -0.6411   1.9822  10.5677  -5.5260
 -0.6549   2.0663  10.4900  -5.3610
 -0.6676   2.1429  10.4099  -5.1951
 -0.6792   2.2125  10.3274  -5.0281
 -0.6897   2.2756  10.2423  -4.8602
 -0.6992   2.3326  10.1546  -4.6911
 -0.7076   2.3839  10.0641  -4.5211
 -0.7151   2.4298   9.9708  -4.3499
 -0.7215   2.4706   9.8745  -4.1776
 -0.7269   2.5067   9.7751  -4.0042
 -0.7314   2.5383   9.6726  -3.8296
 -0.7349   2.5657   9.5669  -3.6539
 -0.7375   2.5891   9.4578  -3.4770
 -0.7391   2.6088   9.3453  -3.2990
 -0.7398   2.6249   9.2292  -3.1197
 -0.7397   2.6376   9.1096  -2.9393
 -0.7387   2.6471   8.9863  -2.7577
 -0.7368   2.6534   8.8592  -2.5749
 -0.7341   2.6569   8.7282  -2.3908
 -0.7306   2.6575   8.5933  -2.2056
 -0.7262   2.6554   8.4544  -2.0192
 -0.7211   2.6506   8.3115  -1.8315
 -0.7152   2.6434   8.1644  -1.6427
 -0.7085   2.6336   8.0130  -1.4526
 -0.7011   2.6214   7.8575  -1.2613
 -0.6929   2.6068   7.6976  -1.0689
 -0.6841   2.5899   7.5334  -0.8752
 -0.6745   2.5708   7.3647  -0.6803
 -0.6643   2.5493   7.1916  -0.4843
 -0.6533   2.5255   7.0141  -0.2870
 -0.6418   2.4995   6.8320  -0.0886
 -0.6295   2.4711   6.6455   0.1110
 -0.6167   2.4405   6.4544   0.3118
 -0.6032   2.4075   6.2587   0.5138
 -0.5891   2.3721   6.0585   0.7169
 -0.5745   2.3343   5.8538   0.9213
 -0.5593   2.2940   5.6445   1.1268
 -0.5435   2.2511   5.4307   1.3335
 -0.5271   2.2056   5.2124   1.5413
 -0.5102   2.1574   4.9895   1.7504
 -0.4928   2.1063   4.7623   1.9607
 -0.4749   2.0523   4.5306   2.1722
 -0.4564   1.9951   4.2945   2.3849
 -0.4375   1.9348   4.0540   2.5989
 -0.4181   1.8711   3.8093   2.8141
 -0.3982   1.8039   3.5603   3.0306
 -0.3778   1.7329   3.3071   3.2483
 -0.3569   1.6581   3.0498   3.4675
 -0.3356   1.5792   2.7884   3.6880
 -0.3139   1.4961   2.5230   3.9098
 -0.2917   1.4084   2.2536   4.1332
 -0.2691   1.3161   1.9804   4.3580
 -0.2461   1.2190   1.7034   4.5843
 -0.2226   1.1169   1.4226   4.8122
 -0.1988   1.0097   1.1381   5.0418
 -0.1745   0.8975   0.8501   5.2730
 -0.1499   0.7804   0.5585   5.5060
 -0.1250   0.6586   0.2635   5.7409
 -0.0997   0.5326  -0.0348   5.9777
 -0.0742   0.4033  -0.3365   6.2165
 -0.0485   0.2714  -0.6413   6.4573
 -0.0228   0.1376  -0.9493   6.7004
  0.0017   0.0003  -1.2604   6.9458
  0.0017   0.0003  -1.2604   6.9458
 -0.2556   0.2480  -1.4276   5.2472
 -0.5519   0.4964  -1.6301   3.4607
 -0.8449   0.6979  -1.8435   1.8741
 -1.1260   0.8537  -2.0637   0.5130
 -1.3950   0.9796  -2.2884  -0.6465
 -1.6514   1.0797  -2.5166  -1.6332
 -1.8955   1.1588  -2.7473  -2.4732
 -2.1273   1.2209  -2.9797  -3.1890
 -2.3471   1.2700  -3.2125  -3.7993
 -2.5550   1.3091  -3.4451  -4.3202
 -2.7513   1.3409  -3.6764  -4.7648
 -2.9361   1.3676  -3.9057  -5.1444
 -3.1097   1.3909  -4.1323  -5.4684
 -3.2723   1.4124  -4.3555  -5.7445
 -3.4240   1.4330  -4.5747  -5.9794
 -3.5651   1.4537  -4.7894  -6.1786
 -3.6957   1.4751  -4.9990  -6.3468
 -3.8160   1.4978  -5.2031  -6.4879
 -3.9262   1.5221  -5.4012  -6.6051
 -4.0265   1.5483  -5.5928  -6.7013
 -4.1171   1.5764  -5.7777  -6.7789
 -4.1981   1.6065  -5.9554  -6.8398
 -4.2698   1.6387  -6.1255  -6.8859
 -4.3322   1.6727  -6.2877  -6.9185
 -4.3855   1.7085  -6.4417  -6.9390
 -4.4300   1.7460  -6.5870  -6.9485
 -4.4658   1.7848  -6.7235  -6.9481
 -4.4930   1.8249  -6.8506  -6.9385
 -4.5118   1.8659  -6.9681  -6.9205
 -4.5224   1.9076  -7.0757  -6.8950
 -4.5249   1.9498  -7.1730  -6.8625
 -4.5195   1.9921  -7.2598  -6.8236
 -4.5063   2.0343  -7.3356  -6.7789
 -4.4855   2.0761  -7.4002  -6.7290
 -4.4572   2.1172  -7.4532  -6.6742
 -4.4217   2.1574  -7.4943  -6.6151
 -4.3790   2.1962  -7.5232  -6.5520
 -4.3292   2.2335  -7.5395  -6.4855
 -4.2727   2.2690  -7.5430  -6.4158
 -4.2094   2.3022  -7.5332  -6.3434
 -4.1395   2.3330  -7.5099  -6.2686
 -4.0632   2.3611  -7.4727  -6.1916
 -3.9807   2.3861  -7.4213  -6.1127
 -3.8919   2.4076  -7.3554  -6.0322
 -3.7972   2.4255  -7.2746  -5.9501
 -3.6966   2.4393  -7.1786  -5.8665
 -3.5903   2.4486  -7.0671  -5.7815
 -3.4783   2.4532  -6.9397  -5.6949
 -3.3609   2.4525  -6.7960  -5.6065
 -3.2381   2.4462  -6.6358  -5.5159
 -3.1100   2.4338  -6.4587  -5.4226
 -2.9769   2.4147  -6.2644  -5.3258
 -2.8386   2.3884  -6.0524  -5.2245
 -2.6955   2.3542  -5.8225  -5.1174
 -2.5476   2.3113  -5.5743  -5.0028
 -2.3949   2.2590  -5.3074  -4.8787
 -2.2375   2.1963  -5.0216  -4.7425
 -2.0756   2.1221  -4.7164  -4.5911
 -1.9091   2.0351  -4.3915  -4.4205
 -1.7382   1.9339  -4.0465  -4.2262
 -1.5629   1.8169  -3.6812  -4.0026
 -1.3832   1.6821  -3.2953  -3.7428
 -1.1991   1.5273  -2.8884  -3.4388
 -1.0107   1.3499  -2.4603  -3.0810
 -0.8179   1.1469  -2.0109  -2.6579
 -0.6207   0.9148  -1.5400  -2.1559
 -0.4190   0.6496  -1.0477  -1.5589
 -0.2128   0.3466  -0.5340  -0.8478
  5.9728  -6.2892  -0.6489  -0.8293
  6.0218  -5.9370  -0.3666  -0.9835
  6.0720  -5.5631  -0.0732  -1.1392
  6.1198  -5.1930   0.2102  -1.2848
  6.1643  -4.8290   0.4816  -1.4198
  6.2053  -4.4709   0.7412  -1.5450
  6.2424  -4.1187   0.9891  -1.6610
  6.2757  -3.7721   1.2257  -1.7685
  6.3048  -3.4308   1.4513  -1.8683
  6.3297  -3.0948   1.6662  -1.9608
  6.3503  -2.7639   1.8706  -2.0467
  6.3664  -2.4378   2.0648  -2.1264
  6.3781  -2.1165   2.2490  -2.2005
  6.3851  -1.7998   2.4235  -2.2693
  6.3874  -1.4876   2.5886  -2.3332
  6.3851  -1.1798   2.7443  -2.3927
  6.3781  -0.8763   2.8909  -2.4480
  6.3664  -0.5770   3.0287  -2.4994
  6.3500  -0.2818   3.1578  -2.5471
  6.3289   0.0094   3.2783  -2.5914
  6.3032   0.2967   3.3905  -2.6326
  6.2729   0.5801   3.4944  -2.6706
  6.2381   0.8598   3.5903  -2.7058
  6.1989   1.1356   3.6783  -2.7383
  6.1552   1.4079   3.7586  -2.7680
  6.1073   1.6765   3.8312  -2.7952
  6.0552   1.9415   3.8962  -2.8200
  5.9991   2.2031   3.9538  -2.8422
  5.9390   2.4612   4.0042  -2.8621
  5.8750   2.7159   4.0473  -2.8795
  5.8074   2.9673   4.0833  -2.8946
  5.7362   3.2153   4.1123  -2.9073
  5.6615   3.4601   4.1343  -2.9176
  5.5835   3.7017   4.1495  -2.9255
  5.5024   3.9402   4.1579  -2.9308
  5.4182   4.1755   4.1595  -2.9337
  5.3312   4.4078   4.1545  -2.9339
  5.2414   4.6370   4.1428  -2.9315
  5.1490   4.8633   4.1246  -2.9264
  5.0542   5.0866   4.0999  -2.9184
  4.9571   5.3071   4.0687  -2.9075
  4.8578   5.5247   4.0310  -2.8936
  4.7564   5.7396   3.9869  -2.8765
  4.6532   5.9518   3.9365  -2.8561
  4.5482   6.1613   3.8797  -2.8324
  4.4415   6.3681   3.8166  -2.8051
  4.3334   6.5725   3.7472  -2.7740
  4.2238   6.7743   3.6716  -2.7391
  4.1129   6.9737   3.5896  -2.7002
  4.0009   7.1707   3.5014  -2.6570
  3.8878   7.3654   3.4070  -2.6094
  3.7737   7.5578   3.3063  -2.5571
  3.6588   7.7480   3.1995  -2.5000
  3.5431   7.9361   3.0864  -2.4377
  3.4266   8.1221   2.9671  -2.3700
  3.3096   8.3061   2.8416  -2.2966
  3.1920   8.4882   2.7100  -2.2172
  3.0739   8.6683   2.5721  -2.1315
  2.9554   8.8467   2.4281  -2.0391
  2.8365   9.0234   2.2779  -1.9396
  2.7173   9.1984   2.1216  -1.8326
  2.5978   9.3718   1.9591  -1.7177
  2.4782   9.5438   1.7904  -1.5943
  2.3583   9.7142   1.6156  -1.4620
  2.2383   9.8834   1.4347  -1.3201
  2.1182  10.0512   1.2477  -1.1680
  1.9979  10.2179   1.0546  -1.0051
  1.8776  10.3834   0.8553  -0.8306
  1.7571  10.5479   0.6501  -0.6438
  1.6366  10.7115   0.4388  -0.4436
  1.5161  10.8742   0.2214  -0.2293
  1.3954  11.0361  -0.0019   0.0002
  1.3954  11.0361  -0.0019   0.0002
  1.4155   8.0587  -0.4939   0.4585
  1.4213   4.9791  -1.0599   0.9615
  1.4015   2.3605  -1.6191   1.4700
  1.3567  -0.0157  -2.1719   2.0469
  1.2820  -1.9124  -2.6963   2.3675
  1.1893  -3.5138  -3.1931   2.6669
  1.0798  -4.8524  -3.6634   2.9500
  0.9563  -5.9708  -4.1080   3.2210
  0.8212  -6.9032  -4.5277   3.4832
  0.6769  -7.6788  -4.9233   3.7391
  0.5254  -8.3224  -5.2954   3.9911
  0.3685  -8.8548  -5.6448   4.2408
  0.2079  -9.2933  -5.9719   4.4895
  0.0449  -9.6528  -6.2775   4.7385
 -0.1192  -9.9455  -6.5619   4.9884
 -0.2835 -10.1817  -6.8258   5.2398
 -0.4470 -10.3701  -7.0696   5.4933
 -0.6089 -10.5179  -7.2938   5.7491
 -0.7686 -10.6311  -7.4988   6.0073
 -0.9256 -10.7149  -7.6851   6.2681
 -1.0793 -10.7735  -7.8531   6.5313
 -1.2293 -10.8105  -8.0032   6.7970
 -1.3751 -10.8289  -8.1359   7.0649
 -1.5166 -10.8311  -8.2516   7.3348
 -1.6533 -10.8194  -8.3506   7.6066
 -1.7850 -10.7956  -8.4334   7.8800
 -1.9114 -10.7610  -8.5004   8.1546
 -2.0323 -10.7171  -8.5519   8.4301
 -2.1475 -10.6648  -8.5884   8.7062
 -2.2568 -10.6052  -8.6102   8.9825
 -2.3599 -10.5391  -8.6176   9.2587
 -2.4568 -10.4670  -8.6112   9.5343
 -2.5472 -10.3895  -8.5912   9.8088
 -2.6310 -10.3072  -8.5581  10.0818
 -2.7079 -10.2205  -8.5120  10.3529
 -2.7779 -10.1296  -8.4536  10.6214
 -2.8408 -10.0349  -8.3829  10.8868
 -2.8963  -9.9366  -8.3005  11.1484
 -2.9445  -9.8348  -8.2066  11.4057
 -2.9850  -9.7297  -8.1015  11.6577
 -3.0177  -9.6212  -7.9856  11.9038
 -3.0425  -9.5095  -7.8591  12.1429
 -3.0593  -9.3944  -7.7223  12.3740
 -3.0678  -9.2757  -7.5754  12.5959
 -3.0679  -9.1532  -7.4187  12.8073
 -3.0594  -9.0267  -7.2525  13.0064
 -3.0421  -8.8955  -7.0768  13.1917
 -3.0160  -8.7592  -6.8918  13.3608
 -2.9807  -8.6171  -6.6976  13.5115
 -2.9362  -8.4682  -6.4942  13.6409
 -2.8822  -8.3114  -6.2817  13.7455
 -2.8185  -8.1455  -6.0600  13.8215
 -2.7449  -7.9686  -5.8288  13.8644
 -2.6613  -7.7790  -5.5879  13.8685
 -2.5673  -7.5742  -5.3370  13.8275
 -2.4628  -7.3514  -5.0755  13.7338
 -2.3474  -7.1073  -4.8026  13.5783
 -2.2209  -6.8379  -4.5176  13.3503
 -2.0831  -6.5385  -4.2192  13.0371
 -1.9336  -6.2035  -3.9060  12.6237
 -1.7720  -5.8262  -3.5764  12.0921
 -1.5980  -5.3991  -3.2283  11.4210
 -1.4112  -4.9128  -2.8591  10.5852
 -1.2112  -4.3566  -2.4659   9.5548
 -0.9977  -3.7178  -2.0451   8.2945
 -0.7700  -2.9818  -1.5929   6.7624
 -0.5280  -2.1310  -1.1045   4.9095
 -0.2711  -1.1451  -0.5751   2.6779
 -0.2127  -1.1225  11.6385  -8.1952
