  1.4137  -2.0420   0.6912  -1.7279
  1.4137  -2.0420   0.6958  -1.7301
  1.4135  -2.0423   0.7004  -1.7324
  1.4130  -2.0429   0.7051  -1.7346
  1.4122  -2.0437   0.7099  -1.7368
  1.4113  -2.0447   0.7146  -1.7390
  1.4100  -2.0459   0.7194  -1.7411
  1.4086  -2.0473   0.7243  -1.7432
  1.4069  -2.0488   0.7292  -1.7453
  1.4050  -2.0505   0.7341  -1.7473
  1.4029  -2.0523   0.7390  -1.7494
  1.4006  -2.0542   0.7440  -1.7514
  1.3981  -2.0562   0.7490  -1.7534
  1.3954  -2.0582   0.7541  -1.7553
  1.3925  -2.0603   0.7593  -1.7573
  1.3894  -2.0624   0.7644  -1.7592
  1.3862  -2.0645   0.7697  -1.7611
  1.3828  -2.0666   0.7749  -1.7630
  1.3793  -2.0687   0.7802  -1.7649
  1.3755  -2.0708   0.7856  -1.7667
  1.3717  -2.0729   0.7909  -1.7685
  1.3677  -2.0749   0.7963  -1.7702
  1.3635  -2.0769   0.8018  -1.7719
  1.3593  -2.0788   0.8072  -1.7736
  1.3549  -2.0806   0.8126  -1.7752
  1.3503  -2.0824   0.8181  -1.7767
  1.3457  -2.0841   0.8236  -1.7783
  1.3410  -2.0856   0.8291  -1.7797
  1.3362  -2.0871   0.8346  -1.7811
  1.3313  -2.0885   0.8400  -1.7824
  1.3263  -2.0898   0.8455  -1.7836
  1.3212  -2.0910   0.8510  -1.7848
  1.3160  -2.0920   0.8564  -1.7859
  1.3108  -2.0929   0.8619  -1.7870
  1.3056  -2.0937   0.8673  -1.7879
  1.3003  -2.0944   0.8727  -1.7888
  1.2949  -2.0949   0.8780  -1.7895
  1.2896  -2.0953   0.8833  -1.7902
  1.2842  -2.0956   0.8886  -1.7908
  1.2787  -2.0957   0.8939  -1.7913
  1.2733  -2.0957   0.8991  -1.7917
  1.2679  -2.0955   0.9042  -1.7920
  1.2625  -2.0952   0.9093  -1.7922
  1.2570  -2.0948   0.9143  -1.7922
  1.2516  -2.0942   0.9193  -1.7922
  1.2463  -2.0936   0.9242  -1.7921
  1.2409  -2.0927   0.9290  -1.7918
  1.2357  -2.0918   0.9337  -1.7914
  1.2304  -2.0907   0.9384  -1.7908
  1.2252  -2.0895   0.9430  -1.7902
  1.2201  -2.0882   0.9474  -1.7894
  1.2150  -2.0867   0.9518  -1.7885
  1.2101  -2.0852   0.9561  -1.7874
  1.2052  -2.0836   0.9602  -1.7862
  1.2004  -2.0819   0.9643  -1.7848
  1.1957  -2.0801   0.9682  -1.7833
  1.1911  -2.0782   0.9720  -1.7817
  1.1866  -2.0762   0.9757  -1.7798
  1.1822  -2.0742   0.9792  -1.7779
  1.1780  -2.0722   0.9826  -1.7757
  1.1739  -2.0701   0.9859  -1.7734
  1.1700  -2.0680   0.9890  -1.7709
  1.1661  -2.0658   0.9920  -1.7682
  1.1625  -2.0637   0.9947  -1.7654
  1.1590  -2.0615   0.9974  -1.7624
  1.1557  -2.0594   0.9998  -1.7591
  1.1525  -2.0573   1.0021  -1.7557
  1.1495  -2.0553   1.0041  -1.7521
  1.1468  -2.0533   1.0060  -1.7483
  1.1442  -2.0514   1.0077  -1.7443
  1.1418  -2.0496   1.0092  -1.7401
  1.1396  -2.0478   1.0105  -1.7357
  1.1377  -2.0462   1.0115  -1.7310
  1.1359  -2.0448   1.0124  -1.7262
  1.1344  -2.0435   1.0130  -1.7211
  1.1331  -2.0424   1.0133  -1.7157
  1.1321  -2.0414   1.0135  -1.7102
  1.1313  -2.0407   1.0134  -1.7044
  1.1308  -2.0402   1.0130  -1.6983
  1.1305  -2.0399   1.0124  -1.6920
  1.1305  -2.0399   1.0124  -1.6920
  1.1305  -2.0399   1.0115  -1.6855
  1.1302  -2.0393   1.0106  -1.6810
  1.1295  -2.0382   1.0097  -1.6787
  1.1285  -2.0365   1.0087  -1.6784
  1.1272  -2.0343   1.0077  -1.6796
  1.1255  -2.0318   1.0066  -1.6822
  1.1235  -2.0290   1.0054  -1.6860
  1.1211  -2.0259   1.0041  -1.6907
  1.1185  -2.0226   1.0026  -1.6963
  1.1156  -2.0191   1.0011  -1.7025
  1.1125  -2.0154   0.9994  -1.7092
  1.1090  -2.0116   0.9976  -1.7165
  1.1054  -2.0077   0.9956  -1.7241
  1.1015  -2.0037   0.9935  -1.7321
  1.0974  -1.9995   0.9913  -1.7403
  1.0930  -1.9953   0.9889  -1.7488
  1.0885  -1.9910   0.9864  -1.7575
  1.0838  -1.9866   0.9838  -1.7664
  1.0789  -1.9821   0.9810  -1.7753
  1.0739  -1.9776   0.9781  -1.7845
  1.0687  -1.9730   0.9751  -1.7937
  1.0633  -1.9684   0.9719  -1.8030
  1.0579  -1.9636   0.9687  -1.8123
  1.0523  -1.9589   0.9653  -1.8217
  1.0466  -1.9540   0.9618  -1.8312
  1.0408  -1.9491   0.9583  -1.8407
  1.0349  -1.9441   0.9546  -1.8502
  1.0290  -1.9391   0.9509  -1.8598
  1.0230  -1.9340   0.9471  -1.8693
  1.0169  -1.9289   0.9432  -1.8789
  1.0108  -1.9236   0.9392  -1.8885
  1.0046  -1.9184   0.9352  -1.8981
  0.9985  -1.9130   0.9312  -1.9077
  0.9923  -1.9076   0.9271  -1.9173
  0.9861  -1.9022   0.9229  -1.9269
  0.9799  -1.8966   0.9187  -1.9364
  0.9737  -1.8910   0.9146  -1.9460
  0.9676  -1.8854   0.9103  -1.9555
  0.9615  -1.8797   0.9061  -1.9650
  0.9554  -1.8739   0.9019  -1.9745
  0.9494  -1.8681   0.8977  -1.9840
  0.9434  -1.8623   0.8935  -1.9935
  0.9376  -1.8563   0.8893  -2.0029
  0.9318  -1.8504   0.8852  -2.0123
  0.9261  -1.8444   0.8811  -2.0217
  0.9205  -1.8383   0.8770  -2.0310
  0.9150  -1.8322   0.8730  -2.0402
  0.9096  -1.8261   0.8691  -2.0495
  0.9044  -1.8200   0.8653  -2.0586
  0.8993  -1.8138   0.8615  -2.0677
  0.8943  -1.8076   0.8578  -2.0767
  0.8895  -1.8014   0.8543  -2.0857
  0.8849  -1.7953   0.8508  -2.0945
  0.8805  -1.7892   0.8475  -2.1032
  0.8762  -1.7831   0.8443  -2.1118
  0.8721  -1.7770   0.8413  -2.1203
  0.8683  -1.7711   0.8384  -2.1285
  0.8646  -1.7652   0.8356  -2.1366
  0.8612  -1.7595   0.8330  -2.1444
  0.8581  -1.7539   0.8307  -2.1519
  0.8551  -1.7486   0.8285  -2.1591
  0.8525  -1.7435   0.8265  -2.1660
  0.8501  -1.7387   0.8247  -2.1723
  0.8480  -1.7343   0.8232  -2.1782
  0.8462  -1.7304   0.8219  -2.1834
  0.8448  -1.7269   0.8208  -2.1879
  0.8437  -1.7242   0.8200  -2.1915
  0.8429  -1.7222   0.8194  -2.1941
  0.8429  -1.7222   0.8194  -2.1941
  0.8479  -1.7267   0.8191  -2.1955
  0.8530  -1.7310   0.8190  -2.1971
  0.8581  -1.7350   0.8193  -2.1988
  0.8631  -1.7387   0.8197  -2.2007
  0.8682  -1.7421   0.8204  -2.2028
  0.8733  -1.7452   0.8214  -2.2050
  0.8784  -1.7480   0.8226  -2.2073
  0.8834  -1.7506   0.8240  -2.2098
  0.8885  -1.7529   0.8256  -2.2123
  0.8935  -1.7549   0.8274  -2.2149
  0.8986  -1.7566   0.8294  -2.2176
  0.9036  -1.7581   0.8316  -2.2203
  0.9087  -1.7594   0.8340  -2.2232
  0.9137  -1.7603   0.8365  -2.2260
  0.9187  -1.7611   0.8392  -2.2289
  0.9236  -1.7615   0.8420  -2.2318
  0.9286  -1.7618   0.8450  -2.2348
  0.9335  -1.7617   0.8482  -2.2378
  0.9384  -1.7615   0.8514  -2.2408
  0.9433  -1.7610   0.8548  -2.2438
  0.9481  -1.7602   0.8583  -2.2468
  0.9529  -1.7592   0.8618  -2.2499
  0.9577  -1.7580   0.8655  -2.2529
  0.9624  -1.7565   0.8693  -2.2559
  0.9671  -1.7549   0.8731  -2.2590
  0.9717  -1.7529   0.8771  -2.2620
  0.9763  -1.7508   0.8811  -2.2650
  0.9808  -1.7484   0.8851  -2.2679
  0.9853  -1.7458   0.8892  -2.2709
  0.9898  -1.7430   0.8934  -2.2739
  0.9942  -1.7400   0.8975  -2.2768
  0.9985  -1.7368   0.9018  -2.2797
  1.0028  -1.7333   0.9060  -2.2825
  1.0070  -1.7296   0.9103  -2.2854
  1.0112  -1.7257   0.9145  -2.2882
  1.0153  -1.7216   0.9188  -2.2910
  1.0193  -1.7173   0.9231  -2.2937
  1.0232  -1.7127   0.9273  -2.2965
  1.0271  -1.7080   0.9315  -2.2991
  1.0310  -1.7030   0.9358  -2.3018
  1.0347  -1.6979   0.9399  -2.3044
  1.0384  -1.6925   0.9441  -2.3070
  1.0420  -1.6869   0.9482  -2.3095
  1.0455  -1.6812   0.9523  -2.3120
  1.0489  -1.6752   0.9562  -2.3144
  1.0523  -1.6690   0.9602  -2.3168
  1.0555  -1.6626   0.9640  -2.3191
  1.0587  -1.6560   0.9678  -2.3214
  1.0618  -1.6492   0.9715  -2.3237
  1.0648  -1.6422   0.9751  -2.3259
  1.0677  -1.6350   0.9786  -2.3280
  1.0706  -1.6276   0.9820  -2.3301
  1.0733  -1.6200   0.9853  -2.3321
  1.0760  -1.6122   0.9885  -2.3341
  1.0785  -1.6042   0.9916  -2.3360
  1.0810  -1.5960   0.9945  -2.3378
  1.0833  -1.5876   0.9973  -2.3395
  1.0856  -1.5790   1.0000  -2.3412
  1.0878  -1.5702   1.0025  -2.3428
  1.0898  -1.5612   1.0048  -2.3443
  1.0918  -1.5520   1.0070  -2.3457
  1.0936  -1.5425   1.0090  -2.3471
  1.0954  -1.5329   1.0108  -2.3483
  1.0970  -1.5231   1.0125  -2.3494
  1.0985  -1.5130   1.0140  -2.3504
  1.1000  -1.5027   1.0153  -2.3513
  1.1013  -1.4923   1.0163  -2.3521
  1.1025  -1.4816   1.0172  -2.3528
  1.1036  -1.4707   1.0179  -2.3532
  1.1045  -1.4596   1.0183  -2.3536
  1.1054  -1.4482   1.0186  -2.3538
  1.1054  -1.4482   1.0186  -2.3538
  1.1061  -1.4367   1.0186  -2.3538
  1.1071  -1.4288   1.0181  -2.3531
  1.1084  -1.4247   1.0171  -2.3517
  1.1100  -1.4239   1.0156  -2.3497
  1.1118  -1.4259   1.0136  -2.3471
  1.1136  -1.4301   1.0111  -2.3440
  1.1156  -1.4363   1.0082  -2.3404
  1.1177  -1.4440   1.0049  -2.3365
  1.1197  -1.4530   1.0012  -2.3321
  1.1218  -1.4630   0.9970  -2.3274
  1.1239  -1.4739   0.9926  -2.3224
  1.1259  -1.4855   0.9878  -2.3171
  1.1278  -1.4977   0.9827  -2.3114
  1.1297  -1.5104   0.9773  -2.3055
  1.1315  -1.5235   0.9716  -2.2993
  1.1333  -1.5369   0.9657  -2.2928
  1.1349  -1.5505   0.9595  -2.2860
  1.1364  -1.5644   0.9531  -2.2790
  1.1378  -1.5784   0.9466  -2.2717
  1.1392  -1.5925   0.9398  -2.2641
  1.1404  -1.6068   0.9329  -2.2562
  1.1415  -1.6211   0.9258  -2.2481
  1.1425  -1.6355   0.9187  -2.2396
  1.1434  -1.6500   0.9114  -2.2309
  1.1442  -1.6644   0.9039  -2.2220
  1.1449  -1.6789   0.8965  -2.2127
  1.1455  -1.6934   0.8889  -2.2032
  1.1459  -1.7079   0.8813  -2.1934
  1.1463  -1.7224   0.8737  -2.1833
  1.1466  -1.7368   0.8660  -2.1729
  1.1467  -1.7512   0.8583  -2.1623
  1.1468  -1.7656   0.8506  -2.1514
  1.1467  -1.7800   0.8429  -2.1402
  1.1466  -1.7943   0.8352  -2.1287
  1.1464  -1.8086   0.8276  -2.1169
  1.1461  -1.8228   0.8200  -2.1049
  1.1457  -1.8370   0.8125  -2.0926
  1.1452  -1.8511   0.8050  -2.0801
  1.1446  -1.8651   0.7976  -2.0672
  1.1440  -1.8791   0.7903  -2.0542
  1.1433  -1.8930   0.7831  -2.0408
  1.1425  -1.9069   0.7760  -2.0273
  1.1417  -1.9206   0.7690  -2.0135
  1.1408  -1.9343   0.7621  -1.9994
  1.1398  -1.9479   0.7554  -1.9852
  1.1388  -1.9614   0.7488  -1.9707
  1.1378  -1.9748   0.7423  -1.9560
  1.1367  -1.9880   0.7360  -1.9412
  1.1356  -2.0012   0.7298  -1.9262
  1.1344  -2.0142   0.7238  -1.9110
  1.1333  -2.0271   0.7180  -1.8958
  1.1321  -2.0398   0.7123  -1.8804
  1.1309  -2.0523   0.7069  -1.8650
  1.1297  -2.0646   0.7016  -1.8495
  1.1285  -2.0767   0.6965  -1.8340
  1.1273  -2.0886   0.6917  -1.8186
  1.1261  -2.1002   0.6871  -1.8033
  1.1250  -2.1114   0.6827  -1.7882
  1.1239  -2.1223   0.6785  -1.7733
  1.1228  -2.1328   0.6746  -1.7588
  1.1218  -2.1428   0.6709  -1.7447
  1.1208  -2.1522   0.6676  -1.7312
  1.1200  -2.1610   0.6645  -1.7184
  1.1192  -2.1691   0.6618  -1.7066
  1.1185  -2.1762   0.6594  -1.6959
  1.1179  -2.1824   0.6575  -1.6866
  1.1175  -2.1873   0.6559  -1.6789
  1.1172  -2.1909   0.6548  -1.6734
  1.1170  -2.1928   0.6542  -1.6704
  1.1170  -2.1928   0.6542  -1.6704
  1.1170  -2.1927   0.6659  -1.6791
  1.1170  -2.1925   0.6775  -1.6876
  1.1170  -2.1921   0.6890  -1.6959
  1.1169  -2.1915   0.7005  -1.7041
  1.1167  -2.1907   0.7118  -1.7121
  1.1165  -2.1898   0.7231  -1.7199
  1.1163  -2.1887   0.7343  -1.7276
  1.1160  -2.1875   0.7455  -1.7350
  1.1157  -2.1861   0.7565  -1.7424
  1.1154  -2.1846   0.7675  -1.7495
  1.1150  -2.1830   0.7783  -1.7564
  1.1146  -2.1813   0.7891  -1.7632
  1.1142  -2.1795   0.7998  -1.7698
  1.1137  -2.1776   0.8105  -1.7763
  1.1132  -2.1756   0.8210  -1.7825
  1.1127  -2.1735   0.8314  -1.7886
  1.1122  -2.1714   0.8418  -1.7945
  1.1116  -2.1693   0.8520  -1.8003
  1.1110  -2.1670   0.8622  -1.8058
  1.1104  -2.1647   0.8722  -1.8112
  1.1098  -2.1624   0.8822  -1.8164
  1.1092  -2.1600   0.8921  -1.8215
  1.1085  -2.1576   0.9018  -1.8263
  1.1078  -2.1552   0.9115  -1.8310
  1.1071  -2.1527   0.9210  -1.8355
  1.1064  -2.1503   0.9304  -1.8399
  1.1057  -2.1478   0.9397  -1.8440
  1.1050  -2.1452   0.9489  -1.8480
  1.1043  -2.1427   0.9580  -1.8518
  1.1035  -2.1401   0.9669  -1.8554
  1.1028  -2.1376   0.9758  -1.8588
  1.1020  -2.1350   0.9844  -1.8620
  1.1012  -2.1324   0.9930  -1.8651
  1.1005  -2.1299   1.0014  -1.8680
  1.0997  -2.1273   1.0097  -1.8707
  1.0989  -2.1247   1.0179  -1.8732
  1.0982  -2.1222   1.0259  -1.8755
  1.0974  -2.1196   1.0337  -1.8776
  1.0966  -2.1171   1.0414  -1.8795
  1.0959  -2.1145   1.0490  -1.8813
  1.0951  -2.1120   1.0564  -1.8828
  1.0943  -2.1095   1.0636  -1.8842
  1.0936  -2.1070   1.0707  -1.8854
  1.0928  -2.1046   1.0776  -1.8863
  1.0921  -2.1021   1.0843  -1.8871
  1.0914  -2.0997   1.0909  -1.8877
  1.0907  -2.0973   1.0972  -1.8881
  1.0899  -2.0950   1.1034  -1.8883
  1.0892  -2.0927   1.1094  -1.8883
  1.0886  -2.0904   1.1152  -1.8881
  1.0879  -2.0881   1.1208  -1.8877
  1.0872  -2.0859   1.1262  -1.8871
  1.0866  -2.0837   1.1314  -1.8862
  1.0859  -2.0815   1.1364  -1.8852
  1.0853  -2.0794   1.1412  -1.8840
  1.0847  -2.0774   1.1458  -1.8826
  1.0841  -2.0754   1.1501  -1.8810
  1.0836  -2.0734   1.1542  -1.8791
  1.0830  -2.0715   1.1581  -1.8771
  1.0825  -2.0696   1.1618  -1.8748
  1.0820  -2.0679   1.1653  -1.8723
  1.0815  -2.0661   1.1685  -1.8696
  1.0810  -2.0645   1.1714  -1.8667
  1.0806  -2.0629   1.1741  -1.8636
  1.0802  -2.0613   1.1766  -1.8603
  1.0798  -2.0599   1.1788  -1.8567
  1.0794  -2.0585   1.1807  -1.8529
  1.0791  -2.0572   1.1824  -1.8489
  1.0787  -2.0560   1.1839  -1.8447
  1.0784  -2.0548   1.1850  -1.8403
  1.0782  -2.0538   1.1859  -1.8356
  1.0779  -2.0529   1.1865  -1.8307
  1.0777  -2.0520   1.1869  -1.8256
  1.0775  -2.0513   1.1869  -1.8202
  1.0774  -2.0507   1.1867  -1.8146
  1.0773  -2.0502   1.1862  -1.8087
  1.0772  -2.0498   1.1854  -1.8026
  1.0771  -2.0496   1.1843  -1.7963
  1.0771  -2.0494   1.1829  -1.7898
  1.0771  -2.0494   1.1829  -1.7898
  1.0771  -2.0494   1.1812  -1.7829
  1.0768  -2.0490   1.1794  -1.7780
  1.0762  -2.0483   1.1775  -1.7750
  1.0753  -2.0472   1.1754  -1.7738
  1.0741  -2.0459   1.1731  -1.7741
  1.0726  -2.0444   1.1707  -1.7756
  1.0709  -2.0426   1.1680  -1.7782
  1.0689  -2.0408   1.1652  -1.7817
  1.0666  -2.0388   1.1622  -1.7859
  1.0641  -2.0367   1.1590  -1.7908
  1.0614  -2.0345   1.1556  -1.7963
  1.0585  -2.0323   1.1520  -1.8022
  1.0554  -2.0300   1.1481  -1.8086
  1.0521  -2.0277   1.1441  -1.8152
  1.0486  -2.0253   1.1399  -1.8222
  1.0449  -2.0228   1.1354  -1.8294
  1.0411  -2.0203   1.1308  -1.8368
  1.0372  -2.0178   1.1260  -1.8444
  1.0331  -2.0153   1.1210  -1.8521
  1.0289  -2.0127   1.1158  -1.8599
  1.0246  -2.0101   1.1104  -1.8679
  1.0202  -2.0074   1.1049  -1.8759
  1.0157  -2.0047   1.0992  -1.8840
  1.0111  -2.0020   1.0934  -1.8921
  1.0064  -1.9992   1.0874  -1.9003
  1.0017  -1.9964   1.0812  -1.9085
  0.9969  -1.9935   1.0749  -1.9167
  0.9921  -1.9906   1.0685  -1.9250
  0.9873  -1.9876   1.0620  -1.9332
  0.9824  -1.9846   1.0554  -1.9414
  0.9775  -1.9816   1.0487  -1.9496
  0.9726  -1.9785   1.0419  -1.9578
  0.9677  -1.9754   1.0350  -1.9660
  0.9628  -1.9722   1.0280  -1.9741
  0.9579  -1.9689   1.0210  -1.9822
  0.9531  -1.9657   1.0139  -1.9903
  0.9483  -1.9623   1.0068  -1.9983
  0.9435  -1.9590   0.9997  -2.0062
  0.9387  -1.9556   0.9926  -2.0141
  0.9341  -1.9521   0.9854  -2.0220
  0.9294  -1.9486   0.9783  -2.0298
  0.9249  -1.9451   0.9712  -2.0375
  0.9204  -1.9416   0.9641  -2.0452
  0.9160  -1.9380   0.9571  -2.0528
  0.9118  -1.9344   0.9501  -2.0604
  0.9076  -1.9308   0.9432  -2.0678
  0.9035  -1.9271   0.9365  -2.0752
  0.8995  -1.9235   0.9298  -2.0826
  0.8956  -1.9198   0.9232  -2.0898
  0.8919  -1.9162   0.9168  -2.0970
  0.8883  -1.9125   0.9105  -2.1041
  0.8848  -1.9089   0.9044  -2.1111
  0.8814  -1.9053   0.8985  -2.1180
  0.8782  -1.9017   0.8928  -2.1247
  0.8752  -1.8982   0.8873  -2.1314
  0.8723  -1.8947   0.8820  -2.1379
  0.8696  -1.8913   0.8770  -2.1443
  0.8671  -1.8880   0.8723  -2.1506
  0.8647  -1.8848   0.8678  -2.1566
  0.8625  -1.8817   0.8637  -2.1624
  0.8605  -1.8787   0.8599  -2.1680
  0.8587  -1.8760   0.8564  -2.1733
  0.8571  -1.8734   0.8533  -2.1782
  0.8558  -1.8710   0.8506  -2.1828
  0.8546  -1.8689   0.8482  -2.1868
  0.8536  -1.8671   0.8464  -2.1903
  0.8529  -1.8657   0.8449  -2.1931
  0.8524  -1.8647   0.8439  -2.1952
  0.8524  -1.8647   0.8439  -2.1952
  0.8584  -1.8716   0.8433  -2.1963
  0.8644  -1.8782   0.8430  -2.1975
  0.8704  -1.8844   0.8430  -2.1989
  0.8765  -1.8902   0.8432  -2.2004
  0.8826  -1.8956   0.8438  -2.2020
  0.8888  -1.9007   0.8446  -2.2038
  0.8949  -1.9054   0.8456  -2.2056
  0.9011  -1.9097   0.8469  -2.2076
  0.9073  -1.9137   0.8484  -2.2096
  0.9136  -1.9174   0.8501  -2.2117
  0.9198  -1.9207   0.8520  -2.2139
  0.9261  -1.9237   0.8541  -2.2162
  0.9323  -1.9263   0.8564  -2.2185
  0.9386  -1.9287   0.8589  -2.2209
  0.9449  -1.9307   0.8615  -2.2233
  0.9511  -1.9324   0.8643  -2.2258
  0.9574  -1.9338   0.8672  -2.2284
  0.9636  -1.9348   0.8703  -2.2309
  0.9698  -1.9356   0.8735  -2.2336
  0.9760  -1.9361   0.8768  -2.2362
  0.9822  -1.9363   0.8802  -2.2389
  0.9883  -1.9362   0.8837  -2.2416
  0.9944  -1.9358   0.8873  -2.2444
  1.0005  -1.9351   0.8911  -2.2471
  1.0065  -1.9342   0.8948  -2.2499
  1.0125  -1.9330   0.8987  -2.2527
  1.0184  -1.9315   0.9026  -2.2555
  1.0243  -1.9297   0.9066  -2.2584
  1.0301  -1.9277   0.9106  -2.2612
  1.0359  -1.9254   0.9147  -2.2641
  1.0416  -1.9229   0.9188  -2.2670
  1.0472  -1.9201   0.9230  -2.2699
  1.0527  -1.9171   0.9271  -2.2728
  1.0582  -1.9138   0.9313  -2.2757
  1.0636  -1.9102   0.9355  -2.2785
  1.0690  -1.9065   0.9397  -2.2814
  1.0742  -1.9024   0.9438  -2.2843
  1.0794  -1.8982   0.9480  -2.2872
  1.0844  -1.8937   0.9521  -2.2901
  1.0894  -1.8890   0.9563  -2.2929
  1.0943  -1.8840   0.9603  -2.2958
  1.0991  -1.8789   0.9644  -2.2986
  1.1038  -1.8735   0.9684  -2.3014
  1.1084  -1.8678   0.9723  -2.3042
  1.1129  -1.8620   0.9762  -2.3069
  1.1173  -1.8560   0.9801  -2.3097
  1.1216  -1.8497   0.9838  -2.3124
  1.1258  -1.8432   0.9875  -2.3150
  1.1299  -1.8366   0.9911  -2.3176
  1.1339  -1.8297   0.9946  -2.3202
  1.1377  -1.8226   0.9980  -2.3227
  1.1415  -1.8153   1.0013  -2.3252
  1.1451  -1.8078   1.0045  -2.3276
  1.1487  -1.8001   1.0076  -2.3300
  1.1521  -1.7922   1.0106  -2.3323
  1.1554  -1.7841   1.0134  -2.3345
  1.1586  -1.7759   1.0162  -2.3366
  1.1616  -1.7674   1.0187  -2.3387
  1.1646  -1.7587   1.0212  -2.3407
  1.1674  -1.7499   1.0234  -2.3425
  1.1701  -1.7409   1.0256  -2.3443
  1.1728  -1.7317   1.0275  -2.3460
  1.1752  -1.7223   1.0293  -2.3475
  1.1776  -1.7127   1.0309  -2.3489
  1.1798  -1.7029   1.0323  -2.3502
  1.1820  -1.6929   1.0336  -2.3513
  1.1840  -1.6828   1.0346  -2.3523
  1.1859  -1.6725   1.0355  -2.3531
  1.1876  -1.6620   1.0361  -2.3537
  1.1893  -1.6513   1.0366  -2.3541
  1.1908  -1.6405   1.0368  -2.3543
  1.1908  -1.6405   1.0368  -2.3543
  1.1922  -1.6295   1.0368  -2.3543
  1.1936  -1.6215   1.0363  -2.3538
  1.1951  -1.6167   1.0353  -2.3527
  1.1966  -1.6146   1.0337  -2.3510
  1.1981  -1.6150   1.0316  -2.3486
  1.1996  -1.6173   1.0290  -2.3459
  1.2010  -1.6212   1.0259  -2.3429
  1.2023  -1.6265   1.0223  -2.3395
  1.2035  -1.6330   1.0183  -2.3358
  1.2046  -1.6404   1.0139  -2.3319
  1.2055  -1.6486   1.0091  -2.3277
  1.2063  -1.6574   1.0040  -2.3232
  1.2070  -1.6668   0.9985  -2.3185
  1.2075  -1.6767   0.9927  -2.3135
  1.2079  -1.6869   0.9866  -2.3083
  1.2081  -1.6974   0.9802  -2.3029
  1.2082  -1.7082   0.9735  -2.2971
  1.2081  -1.7191   0.9667  -2.2912
  1.2079  -1.7303   0.9596  -2.2850
  1.2075  -1.7415   0.9523  -2.2785
  1.2069  -1.7528   0.9448  -2.2719
  1.2062  -1.7642   0.9372  -2.2649
  1.2054  -1.7757   0.9294  -2.2577
  1.2044  -1.7871   0.9214  -2.2503
  1.2033  -1.7986   0.9134  -2.2426
  1.2020  -1.8101   0.9053  -2.2346
  1.2006  -1.8215   0.8971  -2.2264
  1.1991  -1.8330   0.8888  -2.2179
  1.1975  -1.8444   0.8805  -2.2092
  1.1957  -1.8558   0.8721  -2.2002
  1.1939  -1.8671   0.8637  -2.1910
  1.1919  -1.8783   0.8553  -2.1815
  1.1899  -1.8895   0.8469  -2.1717
  1.1878  -1.9007   0.8385  -2.1617
  1.1855  -1.9118   0.8302  -2.1515
  1.1832  -1.9227   0.8219  -2.1409
  1.1809  -1.9337   0.8136  -2.1302
  1.1784  -1.9445   0.8054  -2.1192
  1.1759  -1.9552   0.7973  -2.1079
  1.1733  -1.9659   0.7893  -2.0964
  1.1707  -1.9765   0.7814  -2.0847
  1.1681  -1.9869   0.7736  -2.0727
  1.1654  -1.9973   0.7659  -2.0605
  1.1627  -2.0076   0.7584  -2.0482
  1.1600  -2.0177   0.7510  -2.0356
  1.1573  -2.0278   0.7437  -2.0228
  1.1546  -2.0377   0.7366  -2.0098
  1.1519  -2.0475   0.7297  -1.9966
  1.1492  -2.0572   0.7229  -1.9833
  1.1465  -2.0667   0.7164  -1.9699
  1.1439  -2.0761   0.7100  -1.9563
  1.1413  -2.0853   0.7038  -1.9427
  1.1388  -2.0944   0.6979  -1.9290
  1.1363  -2.1033   0.6921  -1.9153
  1.1339  -2.1120   0.6867  -1.9015
  1.1315  -2.1205   0.6814  -1.8878
  1.1293  -2.1288   0.6764  -1.8742
  1.1272  -2.1368   0.6717  -1.8608
  1.1251  -2.1445   0.6673  -1.8476
  1.1232  -2.1519   0.6631  -1.8347
  1.1215  -2.1589   0.6592  -1.8223
  1.1198  -2.1655   0.6557  -1.8103
  1.1184  -2.1717   0.6525  -1.7991
  1.1171  -2.1773   0.6497  -1.7886
  1.1160  -2.1822   0.6473  -1.7792
  1.1150  -2.1865   0.6453  -1.7710
  1.1143  -2.1899   0.6437  -1.7644
  1.1138  -2.1923   0.6426  -1.7595
  1.1138  -2.1923   0.6426  -1.7595
  1.1136  -2.1936   0.6543  -1.7680
  1.1134  -2.1946   0.6660  -1.7763
  1.1131  -2.1953   0.6776  -1.7845
  1.1128  -2.1958   0.6892  -1.7925
  1.1125  -2.1959   0.7007  -1.8003
  1.1121  -2.1958   0.7122  -1.8080
  1.1117  -2.1955   0.7235  -1.8155
  1.1113  -2.1950   0.7349  -1.8228
  1.1109  -2.1942   0.7461  -1.8300
  1.1104  -2.1933   0.7573  -1.8370
  1.1099  -2.1922   0.7684  -1.8439
  1.1094  -2.1909   0.7795  -1.8506
  1.1088  -2.1895   0.7905  -1.8571
  1.1082  -2.1880   0.8014  -1.8635
  1.1077  -2.1863   0.8122  -1.8697
  1.1071  -2.1845   0.8230  -1.8757
  1.1064  -2.1827   0.8337  -1.8816
  1.1058  -2.1807   0.8443  -1.8873
  1.1052  -2.1786   0.8548  -1.8928
  1.1045  -2.1765   0.8653  -1.8981
  1.1038  -2.1742   0.8756  -1.9033
  1.1031  -2.1720   0.8859  -1.9083
  1.1024  -2.1696   0.8961  -1.9131
  1.1017  -2.1672   0.9062  -1.9178
  1.1010  -2.1648   0.9161  -1.9223
  1.1003  -2.1623   0.9260  -1.9266
  1.0996  -2.1598   0.9358  -1.9307
  1.0989  -2.1572   0.9455  -1.9347
  1.0981  -2.1546   0.9551  -1.9384
  1.0974  -2.1520   0.9645  -1.9420
  1.0967  -2.1494   0.9738  -1.9454
  1.0959  -2.1467   0.9831  -1.9487
  1.0952  -2.1441   0.9922  -1.9517
  1.0945  -2.1414   1.0011  -1.9546
  1.0937  -2.1387   1.0100  -1.9572
  1.0930  -2.1361   1.0187  -1.9597
  1.0923  -2.1334   1.0273  -1.9620
  1.0915  -2.1307   1.0357  -1.9641
  1.0908  -2.1281   1.0440  -1.9661
  1.0901  -2.1254   1.0521  -1.9678
  1.0894  -2.1227   1.0601  -1.9693
  1.0887  -2.1201   1.0679  -1.9707
  1.0880  -2.1175   1.0756  -1.9718
  1.0873  -2.1149   1.0831  -1.9728
  1.0867  -2.1123   1.0904  -1.9735
  1.0860  -2.1097   1.0975  -1.9741
  1.0853  -2.1072   1.1045  -1.9744
  1.0847  -2.1047   1.1113  -1.9746
  1.0841  -2.1022   1.1179  -1.9745
  1.0834  -2.0998   1.1243  -1.9743
  1.0828  -2.0973   1.1305  -1.9738
  1.0823  -2.0950   1.1365  -1.9732
  1.0817  -2.0926   1.1423  -1.9723
  1.0811  -2.0903   1.1479  -1.9712
  1.0806  -2.0881   1.1533  -1.9700
  1.0801  -2.0858   1.1584  -1.9685
  1.0795  -2.0837   1.1633  -1.9668
  1.0790  -2.0816   1.1680  -1.9649
  1.0786  -2.0795   1.1725  -1.9628
  1.0781  -2.0775   1.1767  -1.9604
  1.0777  -2.0756   1.1807  -1.9579
  1.0773  -2.0737   1.1845  -1.9551
  1.0769  -2.0719   1.1880  -1.9521
  1.0765  -2.0702   1.1912  -1.9489
  1.0761  -2.0685   1.1942  -1.9455
  1.0758  -2.0669   1.1969  -1.9418
  1.0755  -2.0654   1.1994  -1.9380
  1.0752  -2.0640   1.2015  -1.9339
  1.0749  -2.0627   1.2035  -1.9296
  1.0747  -2.0615   1.2051  -1.9250
  1.0744  -2.0604   1.2064  -1.9202
  1.0742  -2.0594   1.2075  -1.9152
  1.0741  -2.0585   1.2083  -1.9100
  1.0739  -2.0577   1.2088  -1.9045
  1.0738  -2.0571   1.2090  -1.8988
  1.0737  -2.0565   1.2089  -1.8929
  1.0736  -2.0561   1.2085  -1.8867
  1.0736  -2.0559   1.2077  -1.8803
  1.0735  -2.0557   1.2067  -1.8736
  1.0735  -2.0557   1.2067  -1.8736
  1.0735  -2.0557   1.2054  -1.8667
  1.0733  -2.0555   1.2039  -1.8615
  1.0727  -2.0550   1.2022  -1.8580
  1.0719  -2.0542   1.2003  -1.8562
  1.0708  -2.0533   1.1982  -1.8557
  1.0694  -2.0523   1.1958  -1.8563
  1.0677  -2.0512   1.1932  -1.8580
  1.0659  -2.0500   1.1904  -1.8604
  1.0637  -2.0487   1.1874  -1.8636
  1.0614  -2.0474   1.1841  -1.8674
  1.0589  -2.0460   1.1806  -1.8718
  1.0561  -2.0446   1.1768  -1.8765
  1.0532  -2.0432   1.1728  -1.8817
  1.0501  -2.0418   1.1686  -1.8871
  1.0469  -2.0403   1.1642  -1.8929
  1.0435  -2.0388   1.1596  -1.8989
  1.0399  -2.0373   1.1547  -1.9050
  1.0362  -2.0358   1.1497  -1.9114
  1.0324  -2.0343   1.1444  -1.9179
  1.0285  -2.0327   1.1389  -1.9245
  1.0246  -2.0311   1.1332  -1.9312
  1.0205  -2.0295   1.1274  -1.9380
  1.0163  -2.0279   1.1214  -1.9448
  1.0121  -2.0262   1.1152  -1.9517
  1.0078  -2.0245   1.1088  -1.9587
  1.0034  -2.0228   1.1023  -1.9656
  0.9990  -2.0210   1.0956  -1.9726
  0.9946  -2.0192   1.0888  -1.9795
  0.9901  -2.0174   1.0819  -1.9865
  0.9857  -2.0155   1.0749  -1.9934
  0.9812  -2.0136   1.0677  -2.0003
  0.9767  -2.0116   1.0605  -2.0072
  0.9722  -2.0096   1.0532  -2.0140
  0.9678  -2.0076   1.0457  -2.0208
  0.9633  -2.0055   1.0383  -2.0276
  0.9589  -2.0034   1.0307  -2.0343
  0.9545  -2.0012   1.0232  -2.0409
  0.9502  -1.9990   1.0156  -2.0475
  0.9459  -1.9968   1.0080  -2.0540
  0.9417  -1.9946   1.0004  -2.0604
  0.9375  -1.9923   0.9928  -2.0668
  0.9335  -1.9900   0.9852  -2.0731
  0.9294  -1.9876   0.9776  -2.0793
  0.9255  -1.9853   0.9701  -2.0854
  0.9217  -1.9829   0.9627  -2.0915
  0.9179  -1.9805   0.9554  -2.0974
  0.9143  -1.9781   0.9481  -2.1033
  0.9107  -1.9757   0.9410  -2.1091
  0.9073  -1.9733   0.9340  -2.1149
  0.9040  -1.9709   0.9271  -2.1205
  0.9008  -1.9685   0.9204  -2.1260
  0.8977  -1.9661   0.9139  -2.1315
  0.8948  -1.9637   0.9076  -2.1368
  0.8920  -1.9614   0.9015  -2.1421
  0.8893  -1.9591   0.8956  -2.1472
  0.8868  -1.9568   0.8900  -2.1523
  0.8845  -1.9546   0.8846  -2.1572
  0.8823  -1.9525   0.8796  -2.1619
  0.8802  -1.9504   0.8748  -2.1666
  0.8784  -1.9484   0.8704  -2.1710
  0.8767  -1.9466   0.8663  -2.1753
  0.8751  -1.9448   0.8626  -2.1793
  0.8738  -1.9432   0.8592  -2.1831
  0.8726  -1.9417   0.8563  -2.1865
  0.8716  -1.9404   0.8538  -2.1896
  0.8708  -1.9393   0.8518  -2.1923
  0.8702  -1.9384   0.8502  -2.1945
  0.8698  -1.9378   0.8492  -2.1961
  0.8698  -1.9378   0.8492  -2.1961
  0.8758  -1.9442   0.8485  -2.1969
  0.8818  -1.9503   0.8482  -2.1979
  0.8879  -1.9560   0.8481  -2.1990
  0.8941  -1.9614   0.8483  -2.2003
  0.9002  -1.9663   0.8488  -2.2018
  0.9065  -1.9710   0.8495  -2.2033
  0.9127  -1.9752   0.8505  -2.2050
  0.9190  -1.9791   0.8517  -2.2068
  0.9254  -1.9827   0.8532  -2.2086
  0.9317  -1.9859   0.8548  -2.2106
  0.9381  -1.9888   0.8567  -2.2127
  0.9445  -1.9914   0.8588  -2.2148
  0.9509  -1.9936   0.8610  -2.2170
  0.9573  -1.9955   0.8635  -2.2193
  0.9638  -1.9971   0.8661  -2.2216
  0.9702  -1.9984   0.8688  -2.2240
  0.9766  -1.9994   0.8717  -2.2265
  0.9830  -2.0001   0.8748  -2.2290
  0.9894  -2.0005   0.8779  -2.2315
  0.9957  -2.0006   0.8812  -2.2341
  1.0021  -2.0004   0.8846  -2.2367
  1.0084  -1.9999   0.8881  -2.2394
  1.0146  -1.9991   0.8917  -2.2421
  1.0209  -1.9981   0.8954  -2.2449
  1.0271  -1.9968   0.8992  -2.2476
  1.0332  -1.9952   0.9030  -2.2504
  1.0393  -1.9933   0.9069  -2.2533
  1.0453  -1.9912   0.9109  -2.2561
  1.0513  -1.9888   0.9149  -2.2590
  1.0572  -1.9862   0.9190  -2.2618
  1.0631  -1.9833   0.9231  -2.2647
  1.0688  -1.9801   0.9272  -2.2676
  1.0745  -1.9768   0.9313  -2.2706
  1.0801  -1.9731   0.9355  -2.2735
  1.0857  -1.9692   0.9396  -2.2764
  1.0911  -1.9651   0.9438  -2.2793
  1.0965  -1.9608   0.9480  -2.2823
  1.1018  -1.9562   0.9521  -2.2852
  1.1069  -1.9514   0.9563  -2.2881
  1.1120  -1.9464   0.9604  -2.2910
  1.1170  -1.9411   0.9645  -2.2939
  1.1219  -1.9357   0.9685  -2.2968
  1.1267  -1.9300   0.9725  -2.2997
  1.1314  -1.9241   0.9764  -2.3026
  1.1360  -1.9180   0.9803  -2.3054
  1.1404  -1.9116   0.9841  -2.3082
  1.1448  -1.9051   0.9879  -2.3110
  1.1490  -1.8984   0.9916  -2.3137
  1.1532  -1.8915   0.9952  -2.3164
  1.1572  -1.8843   0.9987  -2.3191
  1.1611  -1.8770   1.0021  -2.3217
  1.1649  -1.8695   1.0054  -2.3242
  1.1686  -1.8618   1.0086  -2.3267
  1.1721  -1.8539   1.0117  -2.3291
  1.1756  -1.8458   1.0147  -2.3315
  1.1789  -1.8375   1.0175  -2.3338
  1.1821  -1.8291   1.0202  -2.3360
  1.1852  -1.8204   1.0228  -2.3382
  1.1882  -1.8116   1.0252  -2.3402
  1.1910  -1.8026   1.0275  -2.3421
  1.1938  -1.7935   1.0296  -2.3440
  1.1964  -1.7841   1.0316  -2.3457
  1.1989  -1.7746   1.0334  -2.3473
  1.2013  -1.7649   1.0350  -2.3487
  1.2035  -1.7550   1.0364  -2.3500
  1.2056  -1.7450   1.0377  -2.3512
  1.2076  -1.7348   1.0388  -2.3522
  1.2095  -1.7245   1.0396  -2.3531
  1.2113  -1.7139   1.0403  -2.3537
  1.2130  -1.7033   1.0407  -2.3541
  1.2145  -1.6924   1.0409  -2.3544
  1.2145  -1.6924   1.0409  -2.3544
  1.2159  -1.6814   1.0409  -2.3544
  1.2173  -1.6733   1.0404  -2.3539
  1.2187  -1.6684   1.0394  -2.3530
  1.2201  -1.6660   1.0377  -2.3516
  1.2214  -1.6660   1.0355  -2.3496
  1.2227  -1.6679   1.0328  -2.3473
  1.2239  -1.6714   1.0296  -2.3447
  1.2249  -1.6762   1.0259  -2.3418
  1.2259  -1.6821   1.0218  -2.3386
  1.2266  -1.6890   1.0172  -2.3352
  1.2273  -1.6966   1.0123  -2.3316
  1.2278  -1.7049   1.0070  -2.3277
  1.2281  -1.7137   1.0013  -2.3235
  1.2282  -1.7229   0.9953  -2.3191
  1.2282  -1.7326   0.9890  -2.3145
  1.2281  -1.7424   0.9824  -2.3096
  1.2277  -1.7526   0.9755  -2.3044
  1.2272  -1.7629   0.9684  -2.2990
  1.2266  -1.7734   0.9611  -2.2933
  1.2257  -1.7839   0.9535  -2.2874
  1.2247  -1.7946   0.9458  -2.2812
  1.2236  -1.8053   0.9379  -2.2747
  1.2223  -1.8161   0.9298  -2.2680
  1.2209  -1.8268   0.9217  -2.2609
  1.2193  -1.8376   0.9134  -2.2537
  1.2175  -1.8484   0.9050  -2.2461
  1.2157  -1.8591   0.8965  -2.2383
  1.2137  -1.8698   0.8880  -2.2301
  1.2116  -1.8804   0.8794  -2.2217
  1.2094  -1.8910   0.8707  -2.2131
  1.2070  -1.9015   0.8621  -2.2041
  1.2046  -1.9120   0.8534  -2.1949
  1.2021  -1.9224   0.8448  -2.1854
  1.1995  -1.9327   0.8361  -2.1756
  1.1967  -1.9429   0.8275  -2.1655
  1.1940  -1.9530   0.8190  -2.1551
  1.1911  -1.9631   0.8105  -2.1445
  1.1882  -1.9730   0.8021  -2.1336
  1.1852  -1.9828   0.7937  -2.1224
  1.1822  -1.9926   0.7855  -2.1110
  1.1791  -2.0022   0.7773  -2.0993
  1.1760  -2.0117   0.7693  -2.0874
  1.1729  -2.0211   0.7614  -2.0752
  1.1698  -2.0304   0.7537  -2.0628
  1.1666  -2.0395   0.7461  -2.0502
  1.1635  -2.0486   0.7386  -2.0373
  1.1604  -2.0575   0.7313  -2.0243
  1.1573  -2.0662   0.7242  -2.0110
  1.1542  -2.0748   0.7173  -1.9976
  1.1511  -2.0833   0.7106  -1.9841
  1.1481  -2.0917   0.7041  -1.9704
  1.1452  -2.0998   0.6978  -1.9565
  1.1423  -2.1078   0.6917  -1.9427
  1.1395  -2.1157   0.6858  -1.9287
  1.1368  -2.1233   0.6802  -1.9148
  1.1342  -2.1308   0.6749  -1.9009
  1.1317  -2.1380   0.6698  -1.8871
  1.1293  -2.1449   0.6649  -1.8734
  1.1270  -2.1516   0.6604  -1.8600
  1.1249  -2.1580   0.6562  -1.8469
  1.1229  -2.1641   0.6523  -1.8342
  1.1211  -2.1698   0.6487  -1.8220
  1.1195  -2.1751   0.6454  -1.8105
  1.1180  -2.1799   0.6426  -1.7999
  1.1168  -2.1842   0.6401  -1.7903
  1.1158  -2.1878   0.6380  -1.7819
  1.1150  -2.1907   0.6364  -1.7751
  1.1145  -2.1928   0.6353  -1.7702
  1.1145  -2.1928   0.6353  -1.7702
  1.1143  -2.1939   0.6470  -1.7784
  1.1140  -2.1947   0.6585  -1.7864
  1.1137  -2.1953   0.6701  -1.7943
  1.1134  -2.1955   0.6815  -1.8020
  1.1130  -2.1956   0.6929  -1.8096
  1.1127  -2.1954   0.7043  -1.8171
  1.1122  -2.1950   0.7156  -1.8243
  1.1118  -2.1944   0.7268  -1.8314
  1.1113  -2.1935   0.7380  -1.8384
  1.1109  -2.1926   0.7491  -1.8452
  1.1103  -2.1914   0.7602  -1.8518
  1.1098  -2.1901   0.7712  -1.8583
  1.1093  -2.1887   0.7821  -1.8646
  1.1087  -2.1871   0.7930  -1.8708
  1.1081  -2.1854   0.8038  -1.8768
  1.1075  -2.1837   0.8145  -1.8826
  1.1069  -2.1818   0.8252  -1.8883
  1.1062  -2.1798   0.8357  -1.8938
  1.1056  -2.1777   0.8462  -1.8992
  1.1049  -2.1756   0.8567  -1.9044
  1.1043  -2.1734   0.8670  -1.9094
  1.1036  -2.1711   0.8772  -1.9142
  1.1029  -2.1688   0.8874  -1.9189
  1.1022  -2.1664   0.8975  -1.9234
  1.1015  -2.1640   0.9075  -1.9277
  1.1008  -2.1615   0.9173  -1.9319
  1.1000  -2.1590   0.9271  -1.9359
  1.0993  -2.1565   0.9368  -1.9397
  1.0986  -2.1539   0.9464  -1.9434
  1.0979  -2.1514   0.9559  -1.9468
  1.0971  -2.1488   0.9652  -1.9501
  1.0964  -2.1461   0.9744  -1.9532
  1.0957  -2.1435   0.9836  -1.9561
  1.0949  -2.1409   0.9926  -1.9589
  1.0942  -2.1382   1.0014  -1.9615
  1.0935  -2.1356   1.0102  -1.9638
  1.0928  -2.1329   1.0188  -1.9660
  1.0920  -2.1303   1.0272  -1.9680
  1.0913  -2.1277   1.0356  -1.9699
  1.0906  -2.1250   1.0437  -1.9715
  1.0899  -2.1224   1.0518  -1.9729
  1.0892  -2.1198   1.0596  -1.9742
  1.0885  -2.1172   1.0673  -1.9753
  1.0879  -2.1146   1.0749  -1.9761
  1.0872  -2.1120   1.0823  -1.9768
  1.0866  -2.1095   1.0895  -1.9773
  1.0859  -2.1070   1.0965  -1.9776
  1.0853  -2.1045   1.1034  -1.9776
  1.0847  -2.1020   1.1100  -1.9775
  1.0840  -2.0996   1.1165  -1.9772
  1.0835  -2.0972   1.1228  -1.9767
  1.0829  -2.0948   1.1288  -1.9760
  1.0823  -2.0925   1.1347  -1.9750
  1.0818  -2.0902   1.1404  -1.9739
  1.0812  -2.0880   1.1458  -1.9726
  1.0807  -2.0858   1.1510  -1.9710
  1.0802  -2.0836   1.1561  -1.9693
  1.0797  -2.0815   1.1608  -1.9673
  1.0793  -2.0795   1.1654  -1.9651
  1.0788  -2.0775   1.1697  -1.9628
  1.0784  -2.0756   1.1738  -1.9602
  1.0780  -2.0737   1.1776  -1.9573
  1.0776  -2.0719   1.1812  -1.9543
  1.0772  -2.0702   1.1845  -1.9511
  1.0769  -2.0686   1.1876  -1.9476
  1.0765  -2.0670   1.1904  -1.9439
  1.0762  -2.0655   1.1930  -1.9400
  1.0759  -2.0641   1.1952  -1.9359
  1.0757  -2.0628   1.1972  -1.9315
  1.0754  -2.0616   1.1990  -1.9270
  1.0752  -2.0605   1.2004  -1.9221
  1.0750  -2.0595   1.2016  -1.9171
  1.0748  -2.0586   1.2025  -1.9118
  1.0747  -2.0578   1.2031  -1.9063
  1.0746  -2.0571   1.2034  -1.9006
  1.0745  -2.0566   1.2034  -1.8947
  1.0744  -2.0562   1.2031  -1.8884
  1.0744  -2.0559   1.2025  -1.8820
  1.0743  -2.0558   1.2015  -1.8753
  1.0743  -2.0558   1.2015  -1.8753
  1.0743  -2.0558   1.2003  -1.8684
  1.0741  -2.0556   1.1989  -1.8631
  1.0735  -2.0551   1.1973  -1.8597
  1.0727  -2.0544   1.1955  -1.8578
  1.0716  -2.0535   1.1935  -1.8573
  1.0702  -2.0526   1.1912  -1.8580
  1.0686  -2.0515   1.1887  -1.8596
  1.0667  -2.0504   1.1860  -1.8621
  1.0646  -2.0492   1.1830  -1.8653
  1.0623  -2.0480   1.1799  -1.8691
  1.0598  -2.0467   1.1764  -1.8735
  1.0571  -2.0454   1.1728  -1.8782
  1.0542  -2.0440   1.1689  -1.8834
  1.0511  -2.0427   1.1648  -1.8889
  1.0479  -2.0413   1.1604  -1.8946
  1.0445  -2.0399   1.1559  -1.9006
  1.0410  -2.0385   1.1511  -1.9068
  1.0374  -2.0370   1.1461  -1.9132
  1.0336  -2.0356   1.1409  -1.9197
  1.0297  -2.0341   1.1355  -1.9263
  1.0257  -2.0326   1.1299  -1.9330
  1.0217  -2.0310   1.1242  -1.9398
  1.0175  -2.0295   1.1182  -1.9466
  1.0133  -2.0279   1.1121  -1.9535
  1.0091  -2.0262   1.1058  -1.9604
  1.0047  -2.0246   1.0994  -1.9674
  1.0004  -2.0229   1.0928  -1.9743
  0.9960  -2.0211   1.0861  -1.9813
  0.9915  -2.0193   1.0792  -1.9882
  0.9871  -2.0175   1.0722  -1.9951
  0.9826  -2.0157   1.0652  -2.0020
  0.9782  -2.0138   1.0580  -2.0089
  0.9737  -2.0118   1.0507  -2.0157
  0.9693  -2.0098   1.0434  -2.0225
  0.9648  -2.0078   1.0360  -2.0292
  0.9604  -2.0058   1.0285  -2.0359
  0.9561  -2.0037   1.0210  -2.0425
  0.9518  -2.0015   1.0135  -2.0490
  0.9475  -1.9994   1.0060  -2.0555
  0.9433  -1.9971   0.9984  -2.0619
  0.9391  -1.9949   0.9909  -2.0682
  0.9351  -1.9926   0.9834  -2.0745
  0.9310  -1.9903   0.9759  -2.0806
  0.9271  -1.9880   0.9685  -2.0867
  0.9233  -1.9857   0.9611  -2.0927
  0.9195  -1.9833   0.9539  -2.0987
  0.9159  -1.9809   0.9467  -2.1045
  0.9124  -1.9786   0.9396  -2.1103
  0.9089  -1.9762   0.9327  -2.1159
  0.9056  -1.9738   0.9259  -2.1215
  0.9024  -1.9714   0.9192  -2.1270
  0.8994  -1.9691   0.9128  -2.1324
  0.8964  -1.9667   0.9065  -2.1377
  0.8936  -1.9644   0.9005  -2.1429
  0.8910  -1.9621   0.8946  -2.1480
  0.8885  -1.9599   0.8891  -2.1530
  0.8861  -1.9577   0.8838  -2.1578
  0.8839  -1.9555   0.8787  -2.1625
  0.8818  -1.9535   0.8740  -2.1671
  0.8800  -1.9515   0.8696  -2.1715
  0.8783  -1.9496   0.8656  -2.1757
  0.8767  -1.9479   0.8619  -2.1797
  0.8754  -1.9462   0.8586  -2.1834
  0.8742  -1.9448   0.8557  -2.1868
  0.8732  -1.9434   0.8532  -2.1898
  0.8724  -1.9423   0.8512  -2.1925
  0.8718  -1.9414   0.8497  -2.1946
  0.8713  -1.9408   0.8487  -2.1962
  0.8713  -1.9408   0.8487  -2.1962
  0.8773  -1.9471   0.8480  -2.1970
  0.8834  -1.9529   0.8476  -2.1980
  0.8895  -1.9584   0.8476  -2.1991
  0.8956  -1.9636   0.8478  -2.2004
  0.9018  -1.9684   0.8482  -2.2018
  0.9080  -1.9728   0.8490  -2.2034
  0.9143  -1.9769   0.8500  -2.2050
  0.9205  -1.9806   0.8512  -2.2068
  0.9269  -1.9840   0.8527  -2.2087
  0.9332  -1.9870   0.8543  -2.2106
  0.9396  -1.9897   0.8562  -2.2127
  0.9459  -1.9921   0.8582  -2.2148
  0.9523  -1.9942   0.8605  -2.2170
  0.9587  -1.9960   0.8629  -2.2193
  0.9651  -1.9974   0.8655  -2.2217
  0.9715  -1.9986   0.8683  -2.2241
  0.9779  -1.9994   0.8711  -2.2265
  0.9843  -1.9999   0.8742  -2.2290
  0.9906  -2.0002   0.8773  -2.2316
  0.9970  -2.0001   0.8806  -2.2342
  1.0033  -1.9998   0.8840  -2.2368
  1.0095  -1.9992   0.8875  -2.2395
  1.0158  -1.9983   0.8911  -2.2422
  1.0220  -1.9971   0.8948  -2.2450
  1.0281  -1.9957   0.8985  -2.2478
  1.0342  -1.9940   0.9024  -2.2506
  1.0403  -1.9920   0.9063  -2.2534
  1.0463  -1.9898   0.9102  -2.2562
  1.0522  -1.9873   0.9142  -2.2591
  1.0581  -1.9846   0.9183  -2.2620
  1.0639  -1.9816   0.9224  -2.2649
  1.0696  -1.9783   0.9265  -2.2678
  1.0753  -1.9749   0.9306  -2.2707
  1.0808  -1.9711   0.9348  -2.2736
  1.0863  -1.9672   0.9389  -2.2766
  1.0917  -1.9630   0.9431  -2.2795
  1.0971  -1.9585   0.9473  -2.2824
  1.1023  -1.9539   0.9514  -2.2854
  1.1074  -1.9490   0.9555  -2.2883
  1.1125  -1.9439   0.9596  -2.2912
  1.1174  -1.9386   0.9637  -2.2941
  1.1222  -1.9330   0.9678  -2.2970
  1.1270  -1.9273   0.9717  -2.2999
  1.1316  -1.9213   0.9757  -2.3027
  1.1362  -1.9151   0.9796  -2.3055
  1.1406  -1.9087   0.9834  -2.3083
  1.1449  -1.9022   0.9871  -2.3111
  1.1491  -1.8954   0.9908  -2.3138
  1.1532  -1.8884   0.9944  -2.3165
  1.1572  -1.8812   0.9979  -2.3192
  1.1611  -1.8738   1.0013  -2.3218
  1.1648  -1.8663   1.0047  -2.3243
  1.1685  -1.8585   1.0079  -2.3268
  1.1720  -1.8506   1.0110  -2.3292
  1.1754  -1.8424   1.0139  -2.3316
  1.1787  -1.8341   1.0168  -2.3339
  1.1819  -1.8256   1.0195  -2.3361
  1.1849  -1.8169   1.0221  -2.3382
  1.1879  -1.8081   1.0245  -2.3402
  1.1907  -1.7991   1.0268  -2.3422
  1.1934  -1.7899   1.0289  -2.3440
  1.1959  -1.7805   1.0309  -2.3457
  1.1984  -1.7709   1.0327  -2.3473
  1.2007  -1.7612   1.0343  -2.3487
  1.2030  -1.7513   1.0357  -2.3500
  1.2051  -1.7413   1.0370  -2.3512
  1.2070  -1.7311   1.0380  -2.3522
  1.2089  -1.7207   1.0389  -2.3530
  1.2106  -1.7101   1.0395  -2.3537
  1.2123  -1.6994   1.0400  -2.3541
  1.2138  -1.6886   1.0402  -2.3544
  1.2138  -1.6886   1.0402  -2.3544
  1.2151  -1.6775   1.0402  -2.3544
  1.2165  -1.6695   1.0397  -2.3539
  1.2179  -1.6645   1.0386  -2.3529
  1.2193  -1.6621   1.0370  -2.3515
  1.2206  -1.6621   1.0348  -2.3495
  1.2219  -1.6641   1.0321  -2.3471
  1.2230  -1.6676   1.0289  -2.3445
  1.2241  -1.6724   1.0253  -2.3416
  1.2250  -1.6784   1.0212  -2.3384
  1.2258  -1.6853   1.0166  -2.3349
  1.2264  -1.6930   1.0117  -2.3312
  1.2269  -1.7013   1.0064  -2.3272
  1.2272  -1.7102   1.0007  -2.3230
  1.2274  -1.7195   0.9948  -2.3186
  1.2274  -1.7291   0.9885  -2.3139
  1.2272  -1.7391   0.9819  -2.3089
  1.2269  -1.7492   0.9751  -2.3037
  1.2264  -1.7596   0.9680  -2.2983
  1.2258  -1.7701   0.9607  -2.2925
  1.2249  -1.7808   0.9532  -2.2866
  1.2240  -1.7915   0.9455  -2.2803
  1.2228  -1.8022   0.9376  -2.2738
  1.2215  -1.8130   0.9296  -2.2670
  1.2201  -1.8239   0.9215  -2.2600
  1.2185  -1.8347   0.9132  -2.2527
  1.2168  -1.8455   0.9048  -2.2451
  1.2150  -1.8563   0.8964  -2.2372
  1.2130  -1.8670   0.8879  -2.2291
  1.2109  -1.8777   0.8793  -2.2207
  1.2087  -1.8884   0.8707  -2.2120
  1.2064  -1.8990   0.8621  -2.2030
  1.2040  -1.9095   0.8535  -2.1938
  1.2015  -1.9199   0.8448  -2.1843
  1.1989  -1.9303   0.8362  -2.1745
  1.1962  -1.9406   0.8277  -2.1644
  1.1934  -1.9508   0.8192  -2.1541
  1.1906  -1.9609   0.8107  -2.1435
  1.1877  -1.9709   0.8023  -2.1326
  1.1847  -1.9808   0.7940  -2.1214
  1.1817  -1.9906   0.7858  -2.1100
  1.1787  -2.0002   0.7777  -2.0984
  1.1756  -2.0098   0.7697  -2.0865
  1.1725  -2.0193   0.7618  -2.0743
  1.1694  -2.0286   0.7541  -2.0620
  1.1663  -2.0379   0.7465  -2.0494
  1.1631  -2.0470   0.7391  -2.0365
  1.1600  -2.0560   0.7318  -2.0235
  1.1569  -2.0648   0.7247  -2.0103
  1.1539  -2.0735   0.7178  -1.9970
  1.1508  -2.0821   0.7111  -1.9834
  1.1479  -2.0905   0.7046  -1.9698
  1.1449  -2.0987   0.6984  -1.9560
  1.1421  -2.1068   0.6923  -1.9422
  1.1393  -2.1147   0.6865  -1.9283
  1.1366  -2.1225   0.6809  -1.9144
  1.1340  -2.1300   0.6755  -1.9006
  1.1315  -2.1373   0.6704  -1.8869
  1.1291  -2.1443   0.6656  -1.8733
  1.1268  -2.1511   0.6611  -1.8599
  1.1247  -2.1576   0.6569  -1.8468
  1.1228  -2.1637   0.6530  -1.8342
  1.1210  -2.1695   0.6494  -1.8221
  1.1193  -2.1748   0.6462  -1.8107
  1.1179  -2.1797   0.6433  -1.8001
  1.1167  -2.1840   0.6409  -1.7905
  1.1157  -2.1877   0.6388  -1.7822
  1.1149  -2.1907   0.6372  -1.7754
  1.1144  -2.1928   0.6361  -1.7705
  1.1144  -2.1928   0.6361  -1.7705
  1.1141  -2.1939   0.6477  -1.7787
  1.1139  -2.1947   0.6593  -1.7867
  1.1136  -2.1953   0.6708  -1.7946
  1.1133  -2.1956   0.6823  -1.8023
  1.1129  -2.1956   0.6937  -1.8099
  1.1125  -2.1954   0.7050  -1.8173
  1.1121  -2.1950   0.7163  -1.8245
  1.1117  -2.1944   0.7276  -1.8316
  1.1112  -2.1936   0.7388  -1.8386
  1.1107  -2.1926   0.7499  -1.8454
  1.1102  -2.1915   0.7609  -1.8520
  1.1097  -2.1902   0.7719  -1.8585
  1.1091  -2.1887   0.7829  -1.8648
  1.1086  -2.1872   0.7937  -1.8710
  1.1080  -2.1855   0.8045  -1.8769
  1.1073  -2.1837   0.8152  -1.8828
  1.1067  -2.1818   0.8259  -1.8885
  1.1061  -2.1798   0.8365  -1.8940
  1.1054  -2.1777   0.8470  -1.8993
  1.1048  -2.1756   0.8574  -1.9045
  1.1041  -2.1734   0.8677  -1.9095
  1.1034  -2.1711   0.8780  -1.9143
  1.1027  -2.1688   0.8881  -1.9190
  1.1020  -2.1664   0.8982  -1.9235
  1.1013  -2.1640   0.9082  -1.9278
  1.1005  -2.1615   0.9181  -1.9320
  1.0998  -2.1590   0.9279  -1.9360
  1.0991  -2.1565   0.9375  -1.9398
  1.0983  -2.1539   0.9471  -1.9434
  1.0976  -2.1513   0.9566  -1.9469
  1.0969  -2.1487   0.9659  -1.9502
  1.0961  -2.1461   0.9752  -1.9533
  1.0954  -2.1435   0.9843  -1.9562
  1.0946  -2.1408   0.9933  -1.9589
  1.0939  -2.1382   1.0022  -1.9615
  1.0932  -2.1355   1.0109  -1.9639
  1.0924  -2.1329   1.0195  -1.9661
  1.0917  -2.1302   1.0280  -1.9681
  1.0910  -2.1276   1.0363  -1.9699
  1.0903  -2.1249   1.0445  -1.9715
  1.0896  -2.1223   1.0525  -1.9730
  1.0889  -2.1197   1.0604  -1.9742
  1.0882  -2.1171   1.0681  -1.9753
  1.0875  -2.1145   1.0757  -1.9761
  1.0868  -2.1119   1.0830  -1.9768
  1.0861  -2.1094   1.0902  -1.9773
  1.0855  -2.1069   1.0973  -1.9775
  1.0849  -2.1044   1.1041  -1.9776
  1.0842  -2.1019   1.1108  -1.9775
  1.0836  -2.0995   1.1172  -1.9772
  1.0830  -2.0971   1.1235  -1.9767
  1.0824  -2.0947   1.1296  -1.9759
  1.0818  -2.0924   1.1354  -1.9750
  1.0813  -2.0901   1.1411  -1.9739
  1.0807  -2.0878   1.1465  -1.9725
  1.0802  -2.0856   1.1518  -1.9710
  1.0797  -2.0835   1.1568  -1.9692
  1.0792  -2.0813   1.1616  -1.9672
  1.0787  -2.0793   1.1661  -1.9650
  1.0783  -2.0773   1.1704  -1.9626
  1.0778  -2.0754   1.1745  -1.9600
  1.0774  -2.0735   1.1783  -1.9572
  1.0770  -2.0717   1.1819  -1.9542
  1.0766  -2.0700   1.1852  -1.9509
  1.0763  -2.0683   1.1882  -1.9474
  1.0760  -2.0667   1.1910  -1.9437
  1.0756  -2.0652   1.1936  -1.9398
  1.0753  -2.0638   1.1958  -1.9357
  1.0751  -2.0625   1.1978  -1.9313
  1.0748  -2.0613   1.1995  -1.9267
  1.0746  -2.0602   1.2010  -1.9219
  1.0744  -2.0592   1.2021  -1.9168
  1.0742  -2.0583   1.2030  -1.9115
  1.0741  -2.0575   1.2036  -1.9060
  1.0740  -2.0568   1.2038  -1.9003
  1.0739  -2.0563   1.2038  -1.8943
  1.0738  -2.0559   1.2035  -1.8881
  1.0737  -2.0556   1.2028  -1.8816
  1.0737  -2.0555   1.2019  -1.8749
  1.0737  -2.0555   1.2019  -1.8749
  1.0737  -2.0555   1.2006  -1.8679
  1.0735  -2.0552   1.1992  -1.8627
  1.0729  -2.0547   1.1976  -1.8592
  1.0721  -2.0541   1.1958  -1.8573
  1.0709  -2.0532   1.1937  -1.8568
  1.0695  -2.0522   1.1914  -1.8575
  1.0679  -2.0512   1.1889  -1.8591
  1.0660  -2.0500   1.1862  -1.8616
  1.0639  -2.0488   1.1832  -1.8648
  1.0615  -2.0475   1.1800  -1.8686
  1.0590  -2.0462   1.1766  -1.8729
  1.0562  -2.0449   1.1729  -1.8777
  1.0533  -2.0436   1.1690  -1.8828
  1.0502  -2.0422   1.1649  -1.8883
  1.0469  -2.0408   1.1605  -1.8941
  1.0435  -2.0393   1.1559  -1.9001
  1.0399  -2.0379   1.1511  -1.9062
  1.0362  -2.0364   1.1462  -1.9126
  1.0324  -2.0349   1.1410  -1.9191
  1.0285  -2.0334   1.1356  -1.9257
  1.0244  -2.0319   1.1300  -1.9324
  1.0203  -2.0303   1.1242  -1.9392
  1.0161  -2.0287   1.1182  -1.9460
  1.0119  -2.0271   1.1121  -1.9529
  1.0075  -2.0254   1.1058  -1.9599
  1.0031  -2.0237   1.0994  -1.9668
  0.9987  -2.0220   1.0928  -1.9738
  0.9942  -2.0202   1.0861  -1.9807
  0.9897  -2.0184   1.0792  -1.9877
  0.9852  -2.0165   1.0723  -1.9946
  0.9807  -2.0146   1.0652  -2.0015
  0.9762  -2.0127   1.0580  -2.0083
  0.9716  -2.0107   1.0508  -2.0152
  0.9671  -2.0086   1.0434  -2.0219
  0.9626  -2.0066   1.0360  -2.0287
  0.9582  -2.0045   1.0286  -2.0353
  0.9538  -2.0023   1.0211  -2.0420
  0.9494  -2.0001   1.0136  -2.0485
  0.9450  -1.9979   1.0060  -2.0550
  0.9408  -1.9956   0.9985  -2.0614
  0.9365  -1.9933   0.9910  -2.0677
  0.9324  -1.9910   0.9835  -2.0740
  0.9283  -1.9886   0.9760  -2.0802
  0.9243  -1.9862   0.9686  -2.0863
  0.9205  -1.9838   0.9612  -2.0923
  0.9167  -1.9814   0.9539  -2.0983
  0.9129  -1.9789   0.9468  -2.1041
  0.9094  -1.9765   0.9397  -2.1099
  0.9059  -1.9740   0.9328  -2.1156
  0.9025  -1.9716   0.9260  -2.1212
  0.8993  -1.9691   0.9193  -2.1267
  0.8961  -1.9667   0.9129  -2.1321
  0.8932  -1.9643   0.9066  -2.1374
  0.8903  -1.9619   0.9006  -2.1427
  0.8876  -1.9595   0.8948  -2.1478
  0.8851  -1.9572   0.8892  -2.1528
  0.8827  -1.9549   0.8839  -2.1576
  0.8804  -1.9527   0.8789  -2.1624
  0.8783  -1.9506   0.8741  -2.1669
  0.8764  -1.9486   0.8698  -2.1714
  0.8747  -1.9466   0.8657  -2.1756
  0.8731  -1.9448   0.8620  -2.1796
  0.8717  -1.9431   0.8587  -2.1833
  0.8705  -1.9416   0.8559  -2.1867
  0.8695  -1.9402   0.8534  -2.1898
  0.8687  -1.9391   0.8514  -2.1925
  0.8681  -1.9382   0.8498  -2.1946
  0.8677  -1.9375   0.8488  -2.1962
  0.8677  -1.9375   0.8488  -2.1962
  0.8736  -1.9438   0.8482  -2.1970
  0.8797  -1.9497   0.8478  -2.1980
  0.8857  -1.9552   0.8477  -2.1991
  0.8918  -1.9604   0.8479  -2.2004
  0.8980  -1.9652   0.8484  -2.2018
  0.9042  -1.9696   0.8491  -2.2033
  0.9104  -1.9737   0.8501  -2.2050
  0.9167  -1.9775   0.8514  -2.2068
  0.9230  -1.9809   0.8528  -2.2086
  0.9293  -1.9839   0.8545  -2.2106
  0.9357  -1.9867   0.8563  -2.2126
  0.9420  -1.9891   0.8584  -2.2148
  0.9484  -1.9912   0.8607  -2.2170
  0.9548  -1.9930   0.8631  -2.2192
  0.9612  -1.9944   0.8657  -2.2216
  0.9676  -1.9956   0.8684  -2.2240
  0.9739  -1.9964   0.8713  -2.2264
  0.9803  -1.9970   0.8743  -2.2289
  0.9866  -1.9973   0.8775  -2.2315
  0.9930  -1.9972   0.8808  -2.2341
  0.9993  -1.9969   0.8841  -2.2367
  1.0055  -1.9963   0.8876  -2.2394
  1.0118  -1.9954   0.8912  -2.2421
  1.0180  -1.9943   0.8949  -2.2448
  1.0241  -1.9929   0.8987  -2.2476
  1.0302  -1.9912   0.9025  -2.2504
  1.0363  -1.9892   0.9064  -2.2532
  1.0422  -1.9870   0.9103  -2.2560
  1.0482  -1.9845   0.9143  -2.2589
  1.0540  -1.9818   0.9184  -2.2618
  1.0598  -1.9788   0.9225  -2.2647
  1.0656  -1.9756   0.9266  -2.2676
  1.0712  -1.9721   0.9307  -2.2705
  1.0768  -1.9684   0.9349  -2.2734
  1.0823  -1.9644   0.9390  -2.2763
  1.0877  -1.9603   0.9432  -2.2793
  1.0930  -1.9558   0.9473  -2.2822
  1.0983  -1.9512   0.9515  -2.2851
  1.1034  -1.9463   0.9556  -2.2881
  1.1085  -1.9412   0.9597  -2.2910
  1.1134  -1.9359   0.9637  -2.2939
  1.1183  -1.9304   0.9678  -2.2968
  1.1230  -1.9246   0.9718  -2.2997
  1.1277  -1.9187   0.9757  -2.3025
  1.1322  -1.9125   0.9796  -2.3054
  1.1367  -1.9061   0.9834  -2.3082
  1.1410  -1.8995   0.9871  -2.3109
  1.1452  -1.8928   0.9908  -2.3137
  1.1493  -1.8858   0.9944  -2.3164
  1.1533  -1.8786   0.9979  -2.3190
  1.1572  -1.8712   1.0013  -2.3216
  1.1610  -1.8637   1.0046  -2.3242
  1.1646  -1.8559   1.0078  -2.3267
  1.1682  -1.8480   1.0109  -2.3291
  1.1716  -1.8398   1.0139  -2.3315
  1.1749  -1.8315   1.0167  -2.3338
  1.1781  -1.8230   1.0194  -2.3360
  1.1811  -1.8144   1.0220  -2.3382
  1.1841  -1.8055   1.0244  -2.3402
  1.1869  -1.7965   1.0267  -2.3421
  1.1896  -1.7873   1.0288  -2.3440
  1.1922  -1.7779   1.0308  -2.3457
  1.1947  -1.7683   1.0326  -2.3473
  1.1971  -1.7586   1.0342  -2.3487
  1.1993  -1.7487   1.0356  -2.3501
  1.2014  -1.7387   1.0369  -2.3512
  1.2034  -1.7285   1.0379  -2.3522
  1.2053  -1.7181   1.0388  -2.3531
  1.2070  -1.7075   1.0394  -2.3537
  1.2087  -1.6968   1.0399  -2.3541
  1.2102  -1.6859   1.0401  -2.3544
  1.2102  -1.6859   1.0401  -2.3544
  1.2116  -1.6749   1.0401  -2.3544
  1.2130  -1.6668   1.0396  -2.3539
  1.2144  -1.6619   1.0385  -2.3529
  1.2158  -1.6595   1.0369  -2.3515
  1.2172  -1.6595   1.0347  -2.3494
  1.2185  -1.6614   1.0321  -2.3470
  1.2196  -1.6649   1.0289  -2.3444
  1.2207  -1.6698   1.0252  -2.3414
  1.2217  -1.6758   1.0211  -2.3382
  1.2225  -1.6827   1.0166  -2.3347
  1.2232  -1.6904   1.0117  -2.3309
  1.2237  -1.6987   1.0064  -2.3269
  1.2241  -1.7076   1.0007  -2.3227
  1.2243  -1.7169   0.9948  -2.3182
  1.2244  -1.7265   0.9885  -2.3134
  1.2243  -1.7365   0.9819  -2.3084
  1.2240  -1.7467   0.9751  -2.3032
  1.2235  -1.7571   0.9680  -2.2977
  1.2229  -1.7676   0.9608  -2.2919
  1.2222  -1.7782   0.9533  -2.2859
  1.2213  -1.7889   0.9456  -2.2796
  1.2202  -1.7997   0.9377  -2.2731
  1.2190  -1.8105   0.9297  -2.2663
  1.2176  -1.8214   0.9216  -2.2592
  1.2161  -1.8322   0.9134  -2.2519
  1.2144  -1.8431   0.9050  -2.2442
  1.2127  -1.8539   0.8966  -2.2364
  1.2108  -1.8646   0.8881  -2.2282
  1.2087  -1.8754   0.8796  -2.2198
  1.2066  -1.8860   0.8710  -2.2110
  1.2044  -1.8967   0.8624  -2.2021
  1.2020  -1.9072   0.8538  -2.1928
  1.1996  -1.9177   0.8452  -2.1833
  1.1970  -1.9281   0.8366  -2.1735
  1.1944  -1.9384   0.8280  -2.1634
  1.1917  -1.9486   0.8195  -2.1530
  1.1889  -1.9588   0.8111  -2.1424
  1.1861  -1.9688   0.8027  -2.1315
  1.1832  -1.9788   0.7944  -2.1204
  1.1803  -1.9886   0.7862  -2.1090
  1.1773  -1.9984   0.7781  -2.0973
  1.1743  -2.0080   0.7701  -2.0854
  1.1713  -2.0176   0.7623  -2.0733
  1.1682  -2.0270   0.7546  -2.0609
  1.1652  -2.0363   0.7470  -2.0483
  1.1621  -2.0454   0.7396  -2.0355
  1.1591  -2.0545   0.7323  -2.0225
  1.1560  -2.0634   0.7252  -2.0093
  1.1530  -2.0722   0.7184  -1.9960
  1.1500  -2.0808   0.7117  -1.9825
  1.1471  -2.0893   0.7052  -1.9689
  1.1442  -2.0976   0.6989  -1.9551
  1.1414  -2.1058   0.6928  -1.9413
  1.1387  -2.1138   0.6870  -1.9275
  1.1360  -2.1216   0.6814  -1.9136
  1.1335  -2.1292   0.6761  -1.8998
  1.1310  -2.1365   0.6710  -1.8861
  1.1287  -2.1437   0.6662  -1.8725
  1.1265  -2.1505   0.6617  -1.8592
  1.1244  -2.1571   0.6575  -1.8461
  1.1225  -2.1633   0.6536  -1.8335
  1.1207  -2.1691   0.6500  -1.8214
  1.1191  -2.1746   0.6468  -1.8100
  1.1177  -2.1795   0.6439  -1.7994
  1.1165  -2.1839   0.6415  -1.7899
  1.1155  -2.1876   0.6394  -1.7816
  1.1147  -2.1906   0.6378  -1.7749
  1.1142  -2.1927   0.6367  -1.7700
  1.1142  -2.1927   0.6367  -1.7700
  1.1140  -2.1938   0.6484  -1.7781
  1.1137  -2.1947   0.6599  -1.7862
  1.1134  -2.1952   0.6715  -1.7941
  1.1131  -2.1954   0.6829  -1.8018
  1.1128  -2.1954   0.6943  -1.8093
  1.1124  -2.1951   0.7056  -1.8167
  1.1119  -2.1946   0.7169  -1.8239
  1.1115  -2.1938   0.7281  -1.8310
  1.1110  -2.1929   0.7392  -1.8379
  1.1105  -2.1918   0.7503  -1.8446
  1.1100  -2.1905   0.7613  -1.8511
  1.1094  -2.1891   0.7722  -1.8575
  1.1088  -2.1876   0.7831  -1.8638
  1.1082  -2.1859   0.7939  -1.8698
  1.1076  -2.1841   0.8046  -1.8757
  1.1070  -2.1821   0.8152  -1.8815
  1.1063  -2.1801   0.8257  -1.8870
  1.1056  -2.1780   0.8362  -1.8924
  1.1050  -2.1758   0.8466  -1.8977
  1.1043  -2.1736   0.8569  -1.9027
  1.1036  -2.1712   0.8671  -1.9076
  1.1028  -2.1688   0.8772  -1.9123
  1.1021  -2.1663   0.8873  -1.9169
  1.1013  -2.1638   0.8972  -1.9212
  1.1006  -2.1613   0.9070  -1.9254
  1.0998  -2.1587   0.9168  -1.9295
  1.0991  -2.1560   0.9264  -1.9333
  1.0983  -2.1534   0.9359  -1.9370
  1.0975  -2.1506   0.9454  -1.9404
  1.0968  -2.1479   0.9547  -1.9438
  1.0960  -2.1452   0.9638  -1.9469
  1.0952  -2.1424   0.9729  -1.9498
  1.0944  -2.1396   0.9819  -1.9526
  1.0936  -2.1369   0.9907  -1.9552
  1.0929  -2.1341   0.9994  -1.9576
  1.0921  -2.1313   1.0079  -1.9598
  1.0913  -2.1285   1.0163  -1.9618
  1.0905  -2.1257   1.0246  -1.9637
  1.0898  -2.1229   1.0327  -1.9653
  1.0890  -2.1201   1.0407  -1.9668
  1.0883  -2.1173   1.0485  -1.9680
  1.0875  -2.1145   1.0562  -1.9691
  1.0868  -2.1118   1.0637  -1.9700
  1.0861  -2.1091   1.0711  -1.9707
  1.0854  -2.1063   1.0782  -1.9712
  1.0846  -2.1036   1.0852  -1.9715
  1.0839  -2.1010   1.0920  -1.9716
  1.0833  -2.0983   1.0987  -1.9715
  1.0826  -2.0957   1.1051  -1.9712
  1.0819  -2.0931   1.1114  -1.9707
  1.0813  -2.0906   1.1175  -1.9701
  1.0807  -2.0881   1.1233  -1.9692
  1.0801  -2.0856   1.1290  -1.9681
  1.0795  -2.0832   1.1344  -1.9668
  1.0789  -2.0808   1.1397  -1.9653
  1.0783  -2.0784   1.1447  -1.9636
  1.0778  -2.0761   1.1495  -1.9616
  1.0772  -2.0739   1.1541  -1.9595
  1.0767  -2.0717   1.1584  -1.9572
  1.0762  -2.0696   1.1625  -1.9546
  1.0758  -2.0675   1.1664  -1.9519
  1.0753  -2.0655   1.1700  -1.9489
  1.0749  -2.0636   1.1734  -1.9457
  1.0745  -2.0617   1.1765  -1.9423
  1.0741  -2.0599   1.1794  -1.9387
  1.0737  -2.0582   1.1821  -1.9348
  1.0734  -2.0566   1.1844  -1.9308
  1.0730  -2.0551   1.1865  -1.9265
  1.0727  -2.0536   1.1883  -1.9220
  1.0725  -2.0523   1.1899  -1.9173
  1.0722  -2.0510   1.1912  -1.9123
  1.0720  -2.0499   1.1922  -1.9071
  1.0718  -2.0489   1.1929  -1.9017
  1.0716  -2.0480   1.1933  -1.8961
  1.0715  -2.0472   1.1935  -1.8902
  1.0714  -2.0466   1.1933  -1.8841
  1.0713  -2.0461   1.1929  -1.8778
  1.0712  -2.0458   1.1921  -1.8712
  1.0712  -2.0456   1.1911  -1.8644
  1.0712  -2.0456   1.1911  -1.8644
  1.0712  -2.0456   1.1897  -1.8573
  1.0709  -2.0454   1.1882  -1.8520
  1.0703  -2.0450   1.1866  -1.8485
  1.0695  -2.0445   1.1847  -1.8465
  1.0683  -2.0438   1.1827  -1.8460
  1.0668  -2.0431   1.1804  -1.8466
  1.0651  -2.0422   1.1779  -1.8483
  1.0631  -2.0413   1.1752  -1.8507
  1.0608  -2.0404   1.1723  -1.8539
  1.0584  -2.0394   1.1692  -1.8577
  1.0557  -2.0384   1.1659  -1.8621
  1.0528  -2.0373   1.1624  -1.8669
  1.0497  -2.0362   1.1586  -1.8721
  1.0464  -2.0351   1.1546  -1.8776
  1.0429  -2.0340   1.1505  -1.8833
  1.0393  -2.0328   1.1461  -1.8894
  1.0355  -2.0316   1.1415  -1.8956
  1.0316  -2.0304   1.1367  -1.9020
  1.0276  -2.0292   1.1317  -1.9085
  1.0234  -2.0279   1.1266  -1.9152
  1.0192  -2.0266   1.1212  -1.9219
  1.0148  -2.0252   1.1157  -1.9288
  1.0104  -2.0238   1.1100  -1.9357
  1.0058  -2.0224   1.1041  -1.9427
  1.0012  -2.0209   1.0981  -1.9497
  0.9966  -2.0194   1.0919  -1.9567
  0.9919  -2.0178   1.0856  -1.9637
  0.9872  -2.0162   1.0792  -1.9708
  0.9824  -2.0145   1.0726  -1.9778
  0.9776  -2.0128   1.0660  -1.9849
  0.9728  -2.0110   1.0592  -1.9919
  0.9680  -2.0092   1.0523  -1.9989
  0.9632  -2.0073   1.0454  -2.0059
  0.9584  -2.0053   1.0383  -2.0128
  0.9536  -2.0033   1.0312  -2.0197
  0.9488  -2.0012   1.0241  -2.0266
  0.9441  -1.9991   1.0169  -2.0334
  0.9395  -1.9970   1.0096  -2.0401
  0.9349  -1.9947   1.0024  -2.0468
  0.9303  -1.9925   0.9952  -2.0534
  0.9258  -1.9902   0.9879  -2.0600
  0.9214  -1.9878   0.9807  -2.0665
  0.9171  -1.9854   0.9735  -2.0729
  0.9128  -1.9830   0.9663  -2.0793
  0.9087  -1.9805   0.9593  -2.0856
  0.9046  -1.9780   0.9522  -2.0918
  0.9007  -1.9755   0.9453  -2.0979
  0.8969  -1.9729   0.9385  -2.1040
  0.8932  -1.9704   0.9318  -2.1100
  0.8896  -1.9678   0.9252  -2.1159
  0.8861  -1.9653   0.9188  -2.1217
  0.8828  -1.9627   0.9126  -2.1274
  0.8796  -1.9602   0.9065  -2.1331
  0.8766  -1.9577   0.9007  -2.1386
  0.8737  -1.9552   0.8950  -2.1440
  0.8710  -1.9528   0.8897  -2.1494
  0.8684  -1.9504   0.8845  -2.1546
  0.8661  -1.9481   0.8796  -2.1596
  0.8638  -1.9458   0.8751  -2.1646
  0.8618  -1.9437   0.8708  -2.1693
  0.8600  -1.9416   0.8669  -2.1738
  0.8583  -1.9397   0.8633  -2.1781
  0.8568  -1.9379   0.8601  -2.1821
  0.8555  -1.9363   0.8573  -2.1858
  0.8545  -1.9349   0.8549  -2.1892
  0.8536  -1.9337   0.8530  -2.1920
  0.8529  -1.9328   0.8515  -2.1944
  0.8525  -1.9321   0.8505  -2.1960
  0.8525  -1.9321   0.8505  -2.1960
  0.8584  -1.9384   0.8498  -2.1969
  0.8644  -1.9444   0.8495  -2.1980
  0.8704  -1.9500   0.8494  -2.1991
  0.8764  -1.9552   0.8496  -2.2004
  0.8826  -1.9600   0.8501  -2.2018
  0.8887  -1.9645   0.8509  -2.2034
  0.8949  -1.9686   0.8519  -2.2050
  0.9012  -1.9724   0.8531  -2.2068
  0.9074  -1.9758   0.8545  -2.2086
  0.9137  -1.9789   0.8562  -2.2105
  0.9200  -1.9817   0.8581  -2.2125
  0.9264  -1.9841   0.8601  -2.2146
  0.9327  -1.9862   0.8624  -2.2167
  0.9391  -1.9880   0.8648  -2.2190
  0.9455  -1.9895   0.8673  -2.2212
  0.9519  -1.9907   0.8701  -2.2236
  0.9582  -1.9915   0.8729  -2.2260
  0.9646  -1.9921   0.8760  -2.2284
  0.9709  -1.9924   0.8791  -2.2309
  0.9773  -1.9923   0.8824  -2.2334
  0.9836  -1.9920   0.8857  -2.2360
  0.9899  -1.9914   0.8892  -2.2386
  0.9961  -1.9905   0.8928  -2.2413
  1.0023  -1.9894   0.8964  -2.2440
  1.0085  -1.9880   0.9001  -2.2467
  1.0146  -1.9863   0.9039  -2.2495
  1.0207  -1.9843   0.9078  -2.2523
  1.0267  -1.9821   0.9117  -2.2551
  1.0327  -1.9796   0.9157  -2.2579
  1.0386  -1.9768   0.9197  -2.2608
  1.0444  -1.9738   0.9238  -2.2637
  1.0502  -1.9706   0.9278  -2.2666
  1.0559  -1.9671   0.9319  -2.2695
  1.0615  -1.9634   0.9360  -2.2724
  1.0671  -1.9594   0.9402  -2.2753
  1.0725  -1.9552   0.9443  -2.2783
  1.0779  -1.9507   0.9484  -2.2812
  1.0832  -1.9461   0.9525  -2.2842
  1.0884  -1.9412   0.9566  -2.2871
  1.0935  -1.9360   0.9606  -2.2901
  1.0985  -1.9307   0.9647  -2.2930
  1.1034  -1.9251   0.9687  -2.2959
  1.1082  -1.9193   0.9726  -2.2988
  1.1129  -1.9133   0.9765  -2.3017
  1.1175  -1.9071   0.9803  -2.3046
  1.1220  -1.9007   0.9841  -2.3074
  1.1264  -1.8941   0.9878  -2.3103
  1.1307  -1.8873   0.9915  -2.3130
  1.1348  -1.8802   0.9950  -2.3158
  1.1389  -1.8730   0.9985  -2.3185
  1.1428  -1.8656   1.0018  -2.3211
  1.1467  -1.8580   1.0051  -2.3238
  1.1504  -1.8502   1.0083  -2.3263
  1.1540  -1.8422   1.0113  -2.3288
  1.1575  -1.8340   1.0143  -2.3312
  1.1609  -1.8257   1.0171  -2.3335
  1.1641  -1.8171   1.0198  -2.3358
  1.1673  -1.8084   1.0223  -2.3380
  1.1703  -1.7995   1.0247  -2.3401
  1.1732  -1.7904   1.0270  -2.3420
  1.1760  -1.7812   1.0291  -2.3439
  1.1786  -1.7717   1.0310  -2.3457
  1.1812  -1.7621   1.0328  -2.3473
  1.1836  -1.7524   1.0344  -2.3488
  1.1859  -1.7424   1.0358  -2.3501
  1.1881  -1.7323   1.0370  -2.3513
  1.1901  -1.7220   1.0381  -2.3524
  1.1921  -1.7116   1.0389  -2.3532
  1.1939  -1.7010   1.0396  -2.3539
  1.1956  -1.6902   1.0400  -2.3543
  1.1971  -1.6792   1.0402  -2.3545
  1.1971  -1.6792   1.0402  -2.3545
  1.1986  -1.6681   1.0402  -2.3545
  1.2001  -1.6600   1.0397  -2.3541
  1.2016  -1.6550   1.0387  -2.3531
  1.2031  -1.6527   1.0370  -2.3516
  1.2046  -1.6527   1.0349  -2.3497
  1.2060  -1.6546   1.0322  -2.3473
  1.2073  -1.6581   1.0290  -2.3446
  1.2086  -1.6630   1.0254  -2.3417
  1.2097  -1.6690   1.0214  -2.3384
  1.2107  -1.6759   1.0169  -2.3348
  1.2116  -1.6836   1.0120  -2.3310
  1.2124  -1.6919   1.0068  -2.3268
  1.2130  -1.7008   1.0012  -2.3225
  1.2134  -1.7101   0.9952  -2.3178
  1.2137  -1.7198   0.9890  -2.3130
  1.2138  -1.7298   0.9825  -2.3078
  1.2138  -1.7400   0.9757  -2.3024
  1.2136  -1.7504   0.9687  -2.2968
  1.2133  -1.7610   0.9614  -2.2909
  1.2128  -1.7717   0.9540  -2.2847
  1.2121  -1.7824   0.9463  -2.2783
  1.2113  -1.7933   0.9385  -2.2716
  1.2104  -1.8041   0.9306  -2.2647
  1.2093  -1.8150   0.9225  -2.2574
  1.2080  -1.8259   0.9142  -2.2500
  1.2067  -1.8368   0.9059  -2.2422
  1.2052  -1.8477   0.8975  -2.2342
  1.2035  -1.8586   0.8890  -2.2258
  1.2018  -1.8694   0.8805  -2.2173
  1.1999  -1.8801   0.8719  -2.2084
  1.1980  -1.8909   0.8633  -2.1993
  1.1959  -1.9015   0.8547  -2.1898
  1.1937  -1.9121   0.8461  -2.1802
  1.1914  -1.9226   0.8375  -2.1702
  1.1891  -1.9331   0.8289  -2.1599
  1.1866  -1.9434   0.8204  -2.1494
  1.1841  -1.9537   0.8120  -2.1386
  1.1815  -1.9639   0.8036  -2.1276
  1.1789  -1.9740   0.7953  -2.1163
  1.1762  -1.9840   0.7871  -2.1047
  1.1735  -1.9939   0.7789  -2.0929
  1.1707  -2.0037   0.7709  -2.0808
  1.1679  -2.0134   0.7631  -2.0685
  1.1651  -2.0229   0.7553  -2.0559
  1.1622  -2.0324   0.7478  -2.0431
  1.1594  -2.0417   0.7403  -2.0301
  1.1566  -2.0510   0.7331  -2.0169
  1.1537  -2.0601   0.7260  -2.0036
  1.1509  -2.0690   0.7191  -1.9900
  1.1481  -2.0778   0.7124  -1.9763
  1.1454  -2.0865   0.7058  -1.9625
  1.1427  -2.0950   0.6996  -1.9485
  1.1400  -2.1034   0.6935  -1.9345
  1.1374  -2.1115   0.6876  -1.9204
  1.1349  -2.1195   0.6820  -1.9064
  1.1325  -2.1273   0.6767  -1.8923
  1.1302  -2.1349   0.6716  -1.8784
  1.1280  -2.1422   0.6668  -1.8646
  1.1259  -2.1492   0.6622  -1.8511
  1.1239  -2.1559   0.6580  -1.8378
  1.1221  -2.1623   0.6541  -1.8250
  1.1204  -2.1683   0.6505  -1.8127
  1.1188  -2.1739   0.6472  -1.8011
  1.1175  -2.1789   0.6444  -1.7904
  1.1163  -2.1834   0.6419  -1.7807
  1.1154  -2.1873   0.6398  -1.7723
  1.1147  -2.1904   0.6382  -1.7654
  1.1142  -2.1926   0.6371  -1.7604
  1.1139  -2.1938   0.6365  -1.7577
  1.1139  -2.1938   0.6365  -1.7577
  1.1139  -2.1937   0.6483  -1.7661
  1.1140  -2.1935   0.6601  -1.7744
  1.1139  -2.1932   0.6718  -1.7825
  1.1138  -2.1926   0.6835  -1.7904
  1.1137  -2.1919   0.6950  -1.7982
  1.1135  -2.1911   0.7065  -1.8058
  1.1133  -2.1901   0.7180  -1.8133
  1.1131  -2.1889   0.7294  -1.8206
  1.1128  -2.1876   0.7407  -1.8277
  1.1125  -2.1862   0.7520  -1.8347
  1.1122  -2.1847   0.7631  -1.8415
  1.1118  -2.1831   0.7742  -1.8481
  1.1114  -2.1814   0.7853  -1.8546
  1.1109  -2.1796   0.7962  -1.8609
  1.1105  -2.1777   0.8071  -1.8670
  1.1100  -2.1758   0.8179  -1.8730
  1.1095  -2.1737   0.8287  -1.8788
  1.1089  -2.1717   0.8393  -1.8844
  1.1084  -2.1695   0.8499  -1.8899
  1.1078  -2.1673   0.8604  -1.8951
  1.1072  -2.1651   0.8708  -1.9003
  1.1066  -2.1628   0.8811  -1.9052
  1.1060  -2.1605   0.8913  -1.9100
  1.1053  -2.1582   0.9014  -1.9146
  1.1047  -2.1558   0.9114  -1.9190
  1.1040  -2.1534   0.9213  -1.9232
  1.1033  -2.1510   0.9311  -1.9273
  1.1026  -2.1486   0.9408  -1.9312
  1.1019  -2.1462   0.9504  -1.9349
  1.1012  -2.1437   0.9598  -1.9384
  1.1005  -2.1412   0.9692  -1.9418
  1.0997  -2.1388   0.9784  -1.9450
  1.0990  -2.1363   0.9875  -1.9479
  1.0983  -2.1338   0.9965  -1.9507
  1.0975  -2.1313   1.0054  -1.9533
  1.0968  -2.1289   1.0141  -1.9558
  1.0961  -2.1264   1.0227  -1.9580
  1.0953  -2.1239   1.0311  -1.9601
  1.0946  -2.1215   1.0394  -1.9619
  1.0938  -2.1191   1.0475  -1.9636
  1.0931  -2.1166   1.0555  -1.9651
  1.0924  -2.1142   1.0633  -1.9664
  1.0917  -2.1119   1.0710  -1.9675
  1.0909  -2.1095   1.0784  -1.9683
  1.0902  -2.1071   1.0858  -1.9690
  1.0895  -2.1048   1.0929  -1.9696
  1.0888  -2.1025   1.0999  -1.9699
  1.0882  -2.1003   1.1066  -1.9700
  1.0875  -2.0980   1.1132  -1.9699
  1.0868  -2.0958   1.1196  -1.9696
  1.0862  -2.0936   1.1258  -1.9691
  1.0855  -2.0915   1.1318  -1.9684
  1.0849  -2.0894   1.1376  -1.9675
  1.0843  -2.0873   1.1432  -1.9663
  1.0837  -2.0853   1.1486  -1.9650
  1.0832  -2.0833   1.1537  -1.9635
  1.0826  -2.0814   1.1586  -1.9618
  1.0821  -2.0795   1.1633  -1.9598
  1.0815  -2.0777   1.1678  -1.9577
  1.0810  -2.0759   1.1720  -1.9553
  1.0806  -2.0742   1.1760  -1.9527
  1.0801  -2.0726   1.1797  -1.9499
  1.0796  -2.0710   1.1832  -1.9469
  1.0792  -2.0694   1.1865  -1.9437
  1.0788  -2.0680   1.1895  -1.9402
  1.0785  -2.0666   1.1922  -1.9365
  1.0781  -2.0653   1.1946  -1.9327
  1.0778  -2.0641   1.1968  -1.9285
  1.0775  -2.0629   1.1987  -1.9242
  1.0772  -2.0619   1.2004  -1.9197
  1.0769  -2.0609   1.2018  -1.9149
  1.0767  -2.0600   1.2028  -1.9099
  1.0765  -2.0593   1.2036  -1.9046
  1.0763  -2.0586   1.2041  -1.8991
  1.0762  -2.0581   1.2044  -1.8934
  1.0761  -2.0576   1.2043  -1.8875
  1.0760  -2.0573   1.2039  -1.8813
  1.0759  -2.0571   1.2032  -1.8749
  1.0759  -2.0570   1.2022  -1.8682
  1.0759  -2.0570   1.2022  -1.8682
  1.0759  -2.0570   1.2010  -1.8613
  1.0757  -2.0567   1.1995  -1.8561
  1.0751  -2.0562   1.1978  -1.8528
  1.0743  -2.0555   1.1960  -1.8510
  1.0732  -2.0546   1.1939  -1.8506
  1.0718  -2.0536   1.1916  -1.8513
  1.0702  -2.0525   1.1890  -1.8531
  1.0683  -2.0512   1.1862  -1.8557
  1.0662  -2.0499   1.1832  -1.8590
  1.0639  -2.0486   1.1800  -1.8630
  1.0613  -2.0472   1.1765  -1.8674
  1.0586  -2.0457   1.1728  -1.8723
  1.0557  -2.0442   1.1688  -1.8776
  1.0526  -2.0427   1.1646  -1.8832
  1.0494  -2.0411   1.1602  -1.8891
  1.0460  -2.0395   1.1556  -1.8952
  1.0424  -2.0379   1.1508  -1.9015
  1.0388  -2.0362   1.1457  -1.9080
  1.0350  -2.0346   1.1405  -1.9146
  1.0311  -2.0328   1.1350  -1.9213
  1.0271  -2.0311   1.1294  -1.9281
  1.0230  -2.0293   1.1235  -1.9350
  1.0188  -2.0275   1.1175  -1.9420
  1.0146  -2.0257   1.1114  -1.9490
  1.0102  -2.0238   1.1050  -1.9560
  1.0059  -2.0219   1.0985  -1.9630
  1.0015  -2.0200   1.0919  -1.9701
  0.9970  -2.0180   1.0851  -1.9771
  0.9925  -2.0160   1.0782  -1.9842
  0.9880  -2.0139   1.0712  -1.9912
  0.9835  -2.0118   1.0641  -1.9982
  0.9790  -2.0096   1.0569  -2.0051
  0.9745  -2.0074   1.0496  -2.0120
  0.9700  -2.0052   1.0422  -2.0189
  0.9655  -2.0029   1.0348  -2.0257
  0.9611  -2.0005   1.0273  -2.0325
  0.9566  -1.9982   1.0198  -2.0392
  0.9523  -1.9957   1.0123  -2.0458
  0.9479  -1.9933   1.0047  -2.0524
  0.9436  -1.9908   0.9971  -2.0589
  0.9394  -1.9883   0.9896  -2.0653
  0.9353  -1.9857   0.9820  -2.0717
  0.9312  -1.9831   0.9746  -2.0779
  0.9272  -1.9805   0.9671  -2.0841
  0.9233  -1.9778   0.9598  -2.0903
  0.9195  -1.9752   0.9525  -2.0963
  0.9158  -1.9725   0.9453  -2.1023
  0.9122  -1.9698   0.9382  -2.1081
  0.9087  -1.9671   0.9313  -2.1139
  0.9054  -1.9645   0.9245  -2.1196
  0.9021  -1.9618   0.9179  -2.1252
  0.8990  -1.9591   0.9114  -2.1307
  0.8960  -1.9565   0.9052  -2.1362
  0.8931  -1.9538   0.8991  -2.1415
  0.8904  -1.9513   0.8933  -2.1467
  0.8879  -1.9487   0.8877  -2.1518
  0.8855  -1.9463   0.8824  -2.1567
  0.8832  -1.9439   0.8774  -2.1616
  0.8811  -1.9415   0.8727  -2.1662
  0.8792  -1.9393   0.8683  -2.1707
  0.8774  -1.9372   0.8643  -2.1750
  0.8759  -1.9352   0.8606  -2.1791
  0.8745  -1.9334   0.8574  -2.1829
  0.8733  -1.9317   0.8545  -2.1864
  0.8722  -1.9303   0.8520  -2.1895
  0.8714  -1.9290   0.8500  -2.1922
  0.8708  -1.9281   0.8485  -2.1944
  0.8704  -1.9274   0.8475  -2.1960
  0.8704  -1.9274   0.8475  -2.1960
  0.8763  -1.9337   0.8468  -2.1969
  0.8823  -1.9397   0.8465  -2.1979
  0.8884  -1.9453   0.8464  -2.1990
  0.8945  -1.9505   0.8466  -2.2003
  0.9006  -1.9554   0.8471  -2.2018
  0.9068  -1.9599   0.8478  -2.2033
  0.9130  -1.9641   0.8488  -2.2050
  0.9193  -1.9679   0.8501  -2.2068
  0.9255  -1.9714   0.8515  -2.2087
  0.9318  -1.9745   0.8532  -2.2107
  0.9382  -1.9773   0.8551  -2.2128
  0.9445  -1.9798   0.8571  -2.2149
  0.9508  -1.9820   0.8594  -2.2172
  0.9572  -1.9838   0.8618  -2.2195
  0.9635  -1.9854   0.8644  -2.2218
  0.9698  -1.9866   0.8672  -2.2242
  0.9762  -1.9875   0.8701  -2.2267
  0.9825  -1.9881   0.8731  -2.2292
  0.9888  -1.9885   0.8763  -2.2318
  0.9951  -1.9885   0.8796  -2.2344
  1.0013  -1.9883   0.8830  -2.2371
  1.0075  -1.9877   0.8865  -2.2398
  1.0137  -1.9869   0.8901  -2.2425
  1.0199  -1.9859   0.8938  -2.2452
  1.0260  -1.9845   0.8975  -2.2480
  1.0320  -1.9829   0.9014  -2.2508
  1.0380  -1.9810   0.9053  -2.2536
  1.0440  -1.9788   0.9092  -2.2565
  1.0499  -1.9764   0.9133  -2.2594
  1.0557  -1.9738   0.9173  -2.2622
  1.0614  -1.9708   0.9214  -2.2651
  1.0671  -1.9677   0.9255  -2.2680
  1.0727  -1.9643   0.9297  -2.2710
  1.0783  -1.9606   0.9338  -2.2739
  1.0837  -1.9567   0.9380  -2.2768
  1.0891  -1.9526   0.9422  -2.2797
  1.0944  -1.9483   0.9464  -2.2827
  1.0996  -1.9437   0.9505  -2.2856
  1.1047  -1.9389   0.9546  -2.2885
  1.1097  -1.9338   0.9588  -2.2914
  1.1146  -1.9286   0.9628  -2.2943
  1.1194  -1.9231   0.9669  -2.2972
  1.1241  -1.9174   0.9709  -2.3000
  1.1287  -1.9115   0.9748  -2.3029
  1.1332  -1.9054   0.9787  -2.3057
  1.1376  -1.8991   0.9825  -2.3085
  1.1419  -1.8926   0.9863  -2.3112
  1.1461  -1.8858   0.9900  -2.3140
  1.1502  -1.8789   0.9936  -2.3166
  1.1541  -1.8718   0.9971  -2.3193
  1.1580  -1.8645   1.0005  -2.3219
  1.1617  -1.8569   1.0038  -2.3244
  1.1654  -1.8492   1.0070  -2.3269
  1.1689  -1.8414   1.0101  -2.3293
  1.1723  -1.8333   1.0131  -2.3317
  1.1755  -1.8250   1.0160  -2.3339
  1.1787  -1.8166   1.0187  -2.3361
  1.1817  -1.8079   1.0213  -2.3382
  1.1847  -1.7991   1.0237  -2.3403
  1.1875  -1.7901   1.0260  -2.3422
  1.1902  -1.7810   1.0281  -2.3440
  1.1927  -1.7716   1.0301  -2.3457
  1.1952  -1.7621   1.0319  -2.3473
  1.1975  -1.7524   1.0335  -2.3487
  1.1997  -1.7426   1.0349  -2.3500
  1.2018  -1.7326   1.0362  -2.3512
  1.2038  -1.7224   1.0372  -2.3522
  1.2056  -1.7120   1.0381  -2.3530
  1.2074  -1.7015   1.0387  -2.3537
  1.2090  -1.6908   1.0392  -2.3541
  1.2105  -1.6799   1.0394  -2.3543
  1.2105  -1.6799   1.0394  -2.3543
  1.2118  -1.6689   1.0394  -2.3543
  1.2132  -1.6609   1.0389  -2.3539
  1.2147  -1.6559   1.0378  -2.3529
  1.2160  -1.6536   1.0362  -2.3514
  1.2174  -1.6537   1.0341  -2.3493
  1.2187  -1.6557   1.0314  -2.3469
  1.2199  -1.6593   1.0282  -2.3442
  1.2209  -1.6642   1.0246  -2.3412
  1.2219  -1.6703   1.0205  -2.3379
  1.2227  -1.6773   1.0160  -2.3344
  1.2234  -1.6851   1.0110  -2.3306
  1.2239  -1.6935   1.0058  -2.3265
  1.2243  -1.7025   1.0002  -2.3223
  1.2245  -1.7119   0.9942  -2.3177
  1.2246  -1.7216   0.9880  -2.3129
  1.2245  -1.7317   0.9814  -2.3079
  1.2242  -1.7420   0.9746  -2.3026
  1.2238  -1.7525   0.9676  -2.2971
  1.2232  -1.7631   0.9603  -2.2913
  1.2224  -1.7738   0.9528  -2.2852
  1.2215  -1.7846   0.9452  -2.2789
  1.2204  -1.7955   0.9374  -2.2723
  1.2192  -1.8064   0.9294  -2.2655
  1.2178  -1.8174   0.9213  -2.2584
  1.2163  -1.8283   0.9131  -2.2510
  1.2147  -1.8393   0.9048  -2.2434
  1.2129  -1.8502   0.8964  -2.2355
  1.2110  -1.8610   0.8879  -2.2273
  1.2090  -1.8719   0.8794  -2.2188
  1.2068  -1.8826   0.8708  -2.2101
  1.2046  -1.8934   0.8622  -2.2011
  1.2022  -1.9040   0.8537  -2.1918
  1.1998  -1.9146   0.8451  -2.1823
  1.1973  -1.9251   0.8365  -2.1724
  1.1946  -1.9355   0.8280  -2.1623
  1.1919  -1.9458   0.8195  -2.1520
  1.1892  -1.9561   0.8111  -2.1413
  1.1863  -1.9662   0.8027  -2.1305
  1.1834  -1.9763   0.7945  -2.1193
  1.1805  -1.9862   0.7863  -2.1079
  1.1775  -1.9961   0.7782  -2.0962
  1.1745  -2.0058   0.7703  -2.0843
  1.1715  -2.0155   0.7624  -2.0722
  1.1684  -2.0250   0.7547  -2.0598
  1.1654  -2.0344   0.7472  -2.0472
  1.1623  -2.0436   0.7398  -2.0345
  1.1592  -2.0528   0.7326  -2.0215
  1.1562  -2.0618   0.7255  -2.0083
  1.1532  -2.0707   0.7186  -1.9949
  1.1502  -2.0794   0.7120  -1.9814
  1.1473  -2.0880   0.7055  -1.9678
  1.1444  -2.0964   0.6992  -1.9541
  1.1416  -2.1047   0.6932  -1.9403
  1.1388  -2.1128   0.6874  -1.9265
  1.1362  -2.1206   0.6818  -1.9126
  1.1336  -2.1283   0.6765  -1.8988
  1.1312  -2.1358   0.6714  -1.8851
  1.1288  -2.1430   0.6666  -1.8716
  1.1266  -2.1499   0.6621  -1.8582
  1.1245  -2.1566   0.6579  -1.8452
  1.1226  -2.1629   0.6540  -1.8326
  1.1208  -2.1688   0.6504  -1.8206
  1.1192  -2.1743   0.6472  -1.8092
  1.1178  -2.1793   0.6444  -1.7986
  1.1166  -2.1837   0.6419  -1.7891
  1.1156  -2.1875   0.6399  -1.7808
  1.1148  -2.1905   0.6383  -1.7741
  1.1143  -2.1927   0.6372  -1.7692
  1.1143  -2.1927   0.6372  -1.7692
  1.1141  -2.1938   0.6488  -1.7774
  1.1138  -2.1947   0.6604  -1.7854
  1.1135  -2.1953   0.6719  -1.7933
  1.1132  -2.1956   0.6833  -1.8011
  1.1129  -2.1957   0.6948  -1.8087
  1.1125  -2.1955   0.7061  -1.8161
  1.1121  -2.1951   0.7174  -1.8234
  1.1116  -2.1945   0.7286  -1.8305
  1.1112  -2.1937   0.7398  -1.8375
  1.1107  -2.1927   0.7509  -1.8443
  1.1102  -2.1916   0.7620  -1.8510
  1.1096  -2.1903   0.7730  -1.8575
  1.1091  -2.1889   0.7839  -1.8638
  1.1085  -2.1873   0.7947  -1.8700
  1.1079  -2.1856   0.8055  -1.8760
  1.1073  -2.1838   0.8162  -1.8819
  1.1067  -2.1820   0.8269  -1.8875
  1.1060  -2.1800   0.8375  -1.8931
  1.1054  -2.1779   0.8479  -1.8984
  1.1047  -2.1758   0.8584  -1.9036
  1.1040  -2.1735   0.8687  -1.9087
  1.1034  -2.1713   0.8789  -1.9135
  1.1027  -2.1689   0.8891  -1.9182
  1.1019  -2.1666   0.8991  -1.9227
  1.1012  -2.1641   0.9091  -1.9271
  1.1005  -2.1617   0.9190  -1.9313
  1.0998  -2.1591   0.9288  -1.9353
  1.0991  -2.1566   0.9384  -1.9391
  1.0983  -2.1540   0.9480  -1.9427
  1.0976  -2.1515   0.9575  -1.9462
  1.0968  -2.1488   0.9668  -1.9495
  1.0961  -2.1462   0.9760  -1.9526
  1.0954  -2.1436   0.9851  -1.9556
  1.0946  -2.1409   0.9941  -1.9583
  1.0939  -2.1383   1.0030  -1.9609
  1.0932  -2.1356   1.0117  -1.9633
  1.0924  -2.1330   1.0203  -1.9655
  1.0917  -2.1303   1.0288  -1.9675
  1.0910  -2.1277   1.0371  -1.9694
  1.0903  -2.1250   1.0452  -1.9710
  1.0896  -2.1224   1.0533  -1.9725
  1.0889  -2.1198   1.0611  -1.9737
  1.0882  -2.1172   1.0688  -1.9748
  1.0875  -2.1146   1.0763  -1.9757
  1.0868  -2.1120   1.0837  -1.9763
  1.0861  -2.1094   1.0909  -1.9768
  1.0855  -2.1069   1.0979  -1.9771
  1.0848  -2.1044   1.1048  -1.9772
  1.0842  -2.1020   1.1114  -1.9771
  1.0836  -2.0995   1.1179  -1.9768
  1.0830  -2.0971   1.1241  -1.9763
  1.0824  -2.0947   1.1302  -1.9755
  1.0818  -2.0924   1.1360  -1.9746
  1.0813  -2.0901   1.1417  -1.9735
  1.0807  -2.0879   1.1471  -1.9722
  1.0802  -2.0856   1.1523  -1.9706
  1.0797  -2.0835   1.1573  -1.9689
  1.0792  -2.0814   1.1621  -1.9669
  1.0787  -2.0793   1.1666  -1.9647
  1.0783  -2.0773   1.1709  -1.9624
  1.0778  -2.0754   1.1749  -1.9598
  1.0774  -2.0735   1.1787  -1.9569
  1.0770  -2.0717   1.1823  -1.9539
  1.0766  -2.0700   1.1856  -1.9507
  1.0763  -2.0683   1.1887  -1.9472
  1.0759  -2.0668   1.1915  -1.9435
  1.0756  -2.0653   1.1940  -1.9396
  1.0753  -2.0639   1.1962  -1.9355
  1.0751  -2.0625   1.1982  -1.9311
  1.0748  -2.0613   1.1999  -1.9265
  1.0746  -2.0602   1.2013  -1.9217
  1.0744  -2.0592   1.2025  -1.9167
  1.0742  -2.0583   1.2033  -1.9114
  1.0741  -2.0575   1.2039  -1.9059
  1.0739  -2.0569   1.2041  -1.9001
  1.0738  -2.0563   1.2041  -1.8942
  1.0738  -2.0559   1.2038  -1.8880
  1.0737  -2.0556   1.2031  -1.8815
  1.0737  -2.0555   1.2022  -1.8748
  1.0737  -2.0555   1.2022  -1.8748
  1.0737  -2.0555   1.2009  -1.8678
  1.0734  -2.0553   1.1995  -1.8626
  1.0729  -2.0548   1.1979  -1.8591
  1.0721  -2.0541   1.1960  -1.8573
  1.0709  -2.0532   1.1940  -1.8568
  1.0695  -2.0522   1.1917  -1.8574
  1.0679  -2.0512   1.1892  -1.8590
  1.0660  -2.0500   1.1864  -1.8615
  1.0639  -2.0488   1.1834  -1.8647
  1.0615  -2.0475   1.1802  -1.8685
  1.0590  -2.0462   1.1768  -1.8728
  1.0562  -2.0449   1.1731  -1.8776
  1.0533  -2.0435   1.1692  -1.8827
  1.0502  -2.0421   1.1651  -1.8882
  1.0469  -2.0407   1.1607  -1.8939
  1.0435  -2.0392   1.1561  -1.8999
  1.0399  -2.0378   1.1513  -1.9061
  1.0362  -2.0363   1.1463  -1.9124
  1.0324  -2.0348   1.1411  -1.9189
  1.0285  -2.0333   1.1357  -1.9255
  1.0244  -2.0318   1.1301  -1.9322
  1.0203  -2.0302   1.1244  -1.9390
  1.0161  -2.0286   1.1184  -1.9459
  1.0118  -2.0269   1.1123  -1.9527
  1.0075  -2.0253   1.1060  -1.9597
  1.0031  -2.0235   1.0996  -1.9666
  0.9987  -2.0218   1.0930  -1.9735
  0.9942  -2.0200   1.0862  -1.9805
  0.9897  -2.0182   1.0794  -1.9874
  0.9852  -2.0163   1.0724  -1.9944
  0.9807  -2.0144   1.0653  -2.0012
  0.9762  -2.0125   1.0582  -2.0081
  0.9717  -2.0105   1.0509  -2.0149
  0.9672  -2.0084   1.0436  -2.0217
  0.9627  -2.0064   1.0362  -2.0284
  0.9582  -2.0043   1.0287  -2.0351
  0.9538  -2.0021   1.0212  -2.0417
  0.9494  -1.9999   1.0137  -2.0483
  0.9451  -1.9977   1.0062  -2.0548
  0.9408  -1.9954   0.9986  -2.0612
  0.9366  -1.9931   0.9911  -2.0675
  0.9325  -1.9908   0.9836  -2.0738
  0.9284  -1.9884   0.9761  -2.0800
  0.9244  -1.9860   0.9687  -2.0861
  0.9205  -1.9836   0.9613  -2.0921
  0.9167  -1.9812   0.9541  -2.0981
  0.9130  -1.9787   0.9469  -2.1040
  0.9094  -1.9763   0.9398  -2.1097
  0.9060  -1.9738   0.9329  -2.1154
  0.9026  -1.9714   0.9261  -2.1210
  0.8994  -1.9689   0.9194  -2.1265
  0.8963  -1.9665   0.9130  -2.1320
  0.8933  -1.9641   0.9067  -2.1373
  0.8904  -1.9617   0.9007  -2.1425
  0.8877  -1.9593   0.8948  -2.1476
  0.8852  -1.9570   0.8893  -2.1526
  0.8828  -1.9548   0.8840  -2.1575
  0.8806  -1.9526   0.8789  -2.1623
  0.8785  -1.9505   0.8742  -2.1669
  0.8766  -1.9484   0.8698  -2.1713
  0.8748  -1.9465   0.8658  -2.1755
  0.8733  -1.9447   0.8621  -2.1795
  0.8719  -1.9430   0.8588  -2.1832
  0.8707  -1.9415   0.8559  -2.1867
  0.8697  -1.9401   0.8535  -2.1898
  0.8689  -1.9390   0.8515  -2.1924
  0.8682  -1.9381   0.8499  -2.1946
  0.8678  -1.9374   0.8489  -2.1961
  0.8678  -1.9374   0.8489  -2.1961
  0.8738  -1.9437   0.8482  -2.1970
  0.8798  -1.9496   0.8478  -2.1980
  0.8859  -1.9552   0.8478  -2.1991
  0.8920  -1.9604   0.8480  -2.2004
  0.8982  -1.9652   0.8485  -2.2018
  0.9044  -1.9697   0.8492  -2.2033
  0.9106  -1.9738   0.8502  -2.2050
  0.9169  -1.9776   0.8514  -2.2068
  0.9232  -1.9810   0.8529  -2.2086
  0.9295  -1.9841   0.8545  -2.2106
  0.9359  -1.9869   0.8564  -2.2126
  0.9423  -1.9893   0.8585  -2.2148
  0.9486  -1.9914   0.8607  -2.2170
  0.9550  -1.9932   0.8631  -2.2192
  0.9614  -1.9947   0.8657  -2.2216
  0.9678  -1.9959   0.8685  -2.2240
  0.9742  -1.9968   0.8714  -2.2264
  0.9805  -1.9973   0.8744  -2.2289
  0.9869  -1.9976   0.8776  -2.2315
  0.9932  -1.9976   0.8808  -2.2341
  0.9995  -1.9973   0.8842  -2.2367
  1.0058  -1.9967   0.8877  -2.2394
  1.0120  -1.9959   0.8913  -2.2421
  1.0182  -1.9947   0.8950  -2.2448
  1.0244  -1.9933   0.8987  -2.2476
  1.0305  -1.9917   0.9026  -2.2504
  1.0365  -1.9897   0.9065  -2.2532
  1.0425  -1.9875   0.9104  -2.2560
  1.0485  -1.9850   0.9144  -2.2589
  1.0544  -1.9823   0.9185  -2.2618
  1.0602  -1.9794   0.9226  -2.2647
  1.0659  -1.9762   0.9267  -2.2676
  1.0716  -1.9727   0.9308  -2.2705
  1.0771  -1.9690   0.9350  -2.2734
  1.0826  -1.9650   0.9391  -2.2763
  1.0881  -1.9609   0.9433  -2.2793
  1.0934  -1.9565   0.9474  -2.2822
  1.0986  -1.9518   0.9516  -2.2851
  1.1038  -1.9470   0.9557  -2.2881
  1.1088  -1.9419   0.9598  -2.2910
  1.1138  -1.9366   0.9639  -2.2939
  1.1187  -1.9310   0.9679  -2.2968
  1.1234  -1.9253   0.9719  -2.2997
  1.1281  -1.9194   0.9758  -2.3025
  1.1326  -1.9132   0.9797  -2.3054
  1.1371  -1.9068   0.9835  -2.3082
  1.1414  -1.9003   0.9873  -2.3109
  1.1456  -1.8935   0.9909  -2.3137
  1.1497  -1.8865   0.9945  -2.3164
  1.1537  -1.8793   0.9980  -2.3190
  1.1576  -1.8720   1.0014  -2.3216
  1.1614  -1.8644   1.0047  -2.3242
  1.1650  -1.8567   1.0079  -2.3267
  1.1686  -1.8487   1.0110  -2.3291
  1.1720  -1.8406   1.0140  -2.3315
  1.1753  -1.8323   1.0168  -2.3338
  1.1785  -1.8238   1.0195  -2.3360
  1.1816  -1.8151   1.0221  -2.3381
  1.1845  -1.8063   1.0245  -2.3402
  1.1874  -1.7973   1.0268  -2.3421
  1.1901  -1.7881   1.0289  -2.3440
  1.1927  -1.7787   1.0309  -2.3457
  1.1952  -1.7692   1.0327  -2.3473
  1.1975  -1.7594   1.0343  -2.3487
  1.1998  -1.7496   1.0357  -2.3501
  1.2019  -1.7395   1.0370  -2.3512
  1.2039  -1.7293   1.0380  -2.3522
  1.2058  -1.7189   1.0389  -2.3531
  1.2075  -1.7084   1.0396  -2.3537
  1.2092  -1.6976   1.0400  -2.3541
  1.2107  -1.6868   1.0402  -2.3544
  1.2107  -1.6868   1.0402  -2.3544
  1.2121  -1.6757   1.0402  -2.3544
  1.2135  -1.6677   1.0397  -2.3539
  1.2149  -1.6627   1.0387  -2.3530
  1.2163  -1.6603   1.0370  -2.3515
  1.2177  -1.6604   1.0349  -2.3494
  1.2189  -1.6623   1.0322  -2.3471
  1.2201  -1.6658   1.0290  -2.3444
  1.2212  -1.6706   1.0253  -2.3415
  1.2222  -1.6766   1.0212  -2.3382
  1.2230  -1.6835   1.0167  -2.3348
  1.2237  -1.6912   1.0118  -2.3310
  1.2242  -1.6995   1.0065  -2.3270
  1.2246  -1.7084   1.0008  -2.3228
  1.2248  -1.7177   0.9948  -2.3183
  1.2248  -1.7273   0.9886  -2.3136
  1.2247  -1.7373   0.9820  -2.3086
  1.2244  -1.7474   0.9752  -2.3033
  1.2240  -1.7578   0.9681  -2.2978
  1.2234  -1.7683   0.9608  -2.2921
  1.2226  -1.7790   0.9533  -2.2861
  1.2217  -1.7897   0.9456  -2.2798
  1.2206  -1.8004   0.9378  -2.2733
  1.2194  -1.8113   0.9298  -2.2665
  1.2180  -1.8221   0.9216  -2.2594
  1.2165  -1.8329   0.9134  -2.2521
  1.2148  -1.8437   0.9050  -2.2445
  1.2130  -1.8545   0.8966  -2.2366
  1.2111  -1.8653   0.8881  -2.2284
  1.2091  -1.8760   0.8796  -2.2200
  1.2069  -1.8867   0.8710  -2.2113
  1.2047  -1.8973   0.8624  -2.2023
  1.2023  -1.9078   0.8537  -2.1931
  1.1999  -1.9183   0.8451  -2.1835
  1.1973  -1.9287   0.8365  -2.1737
  1.1947  -1.9390   0.8280  -2.1636
  1.1920  -1.9492   0.8195  -2.1533
  1.1892  -1.9593   0.8110  -2.1427
  1.1864  -1.9694   0.8026  -2.1318
  1.1835  -1.9793   0.7943  -2.1206
  1.1805  -1.9891   0.7861  -2.1092
  1.1775  -1.9989   0.7780  -2.0976
  1.1745  -2.0085   0.7700  -2.0857
  1.1715  -2.0180   0.7622  -2.0735
  1.1684  -2.0274   0.7545  -2.0611
  1.1653  -2.0367   0.7469  -2.0485
  1.1623  -2.0458   0.7395  -2.0357
  1.1592  -2.0548   0.7322  -2.0227
  1.1562  -2.0637   0.7251  -2.0095
  1.1532  -2.0725   0.7182  -1.9962
  1.1502  -2.0811   0.7115  -1.9827
  1.1472  -2.0896   0.7050  -1.9690
  1.1444  -2.0979   0.6988  -1.9553
  1.1415  -2.1060   0.6927  -1.9415
  1.1388  -2.1140   0.6869  -1.9276
  1.1361  -2.1218   0.6813  -1.9137
  1.1336  -2.1294   0.6759  -1.8999
  1.1311  -2.1367   0.6709  -1.8862
  1.1288  -2.1438   0.6661  -1.8726
  1.1265  -2.1507   0.6616  -1.8592
  1.1245  -2.1572   0.6573  -1.8462
  1.1225  -2.1634   0.6534  -1.8336
  1.1207  -2.1692   0.6499  -1.8215
  1.1192  -2.1746   0.6466  -1.8101
  1.1177  -2.1795   0.6438  -1.7995
  1.1165  -2.1839   0.6413  -1.7899
  1.1155  -2.1876   0.6393  -1.7816
  1.1148  -2.1906   0.6377  -1.7749
  1.1142  -2.1927   0.6366  -1.7700
  1.1142  -2.1927   0.6366  -1.7700
