 -1.9958  -0.4437  19.3763  21.1840
 -2.0340  -0.4418  21.1283  23.2146
 -1.9785  -0.4181  21.2445  23.4073
 -1.9182  -0.3944  21.2152  23.4433
 -1.8574  -0.3719  21.1729  23.4609
 -1.7962  -0.3505  21.1309  23.4763
 -1.7347  -0.3302  21.0906  23.4914
 -1.6728  -0.3108  21.0522  23.5063
 -1.6104  -0.2923  21.0586  23.5043
 -1.5481  -0.2748  20.9794  23.5408
 -1.4838  -0.2577  21.7956  23.1357
 -1.4205  -0.2415  21.6564  23.2084
 -1.3569  -0.2260  21.4869  23.2948
 -1.2929  -0.2112  21.3091  23.3806
 -1.2286  -0.1970  21.1210  23.4686
 -1.1634  -0.1834  21.1215  23.4533
 -1.0985  -0.1703  20.6914  23.6304
 -1.0329  -0.1578  20.4504  23.7088
 -0.9670  -0.1458  20.2152  23.7861
 -0.9006  -0.1343  19.9799  23.8624
 -0.8339  -0.1233  19.7440  23.9378
 -0.7669  -0.1127  19.5074  24.0123
 -0.6995  -0.1026  19.2702  24.0859
 -0.6318  -0.0929  19.0322  24.1586
 -0.5637  -0.0837  18.7935  24.2303
 -0.4953  -0.0749  18.5540  24.3010
 -0.4267  -0.0665  18.3137  24.3707
 -0.3577  -0.0585  18.0727  24.4394
 -0.2884  -0.0508  17.8307  24.5070
 -0.2189  -0.0436  17.5880  24.5735
 -0.1491  -0.0367  17.3444  24.6389
 -0.0790  -0.0302  17.0998  24.7031
 -0.0087  -0.0241  16.8545  24.7661
  0.0619  -0.0183  16.6082  24.8278
  0.1327  -0.0129  16.3609  24.8883
  0.2037  -0.0078  16.1128  24.9475
  0.2749  -0.0031  15.8637  25.0054
  0.3463   0.0013  15.6137  25.0619
  0.4179   0.0054  15.3627  25.1170
  0.4897   0.0091  15.1107  25.1706
  0.5617   0.0125  14.8577  25.2227
  0.6338   0.0155  14.6038  25.2733
  0.7061   0.0182  14.3489  25.3224
  0.7785   0.0206  14.0930  25.3698
  0.8510   0.0226  13.8360  25.4156
  0.9237   0.0243  13.5781  25.4596
  0.9965   0.0256  13.3192  25.5019
  1.0694   0.0266  13.0593  25.5425
  1.1424   0.0272  12.7983  25.5812
  1.2155   0.0275  12.5364  25.6180
  1.2887   0.0274  12.2735  25.6529
  1.3619   0.0269  12.0096  25.6859
  1.4352   0.0260  11.7446  25.7168
  1.5086   0.0248  11.4787  25.7457
  1.5820   0.0231  11.2118  25.7724
  1.6555   0.0210  10.9439  25.7971
  1.7290   0.0186  10.6751  25.8195
  1.8026   0.0157  10.4053  25.8396
  1.8762   0.0123  10.1345  25.8575
  1.9498   0.0085   9.8628  25.8730
  2.0235   0.0042   9.5902  25.8861
  2.0971  -0.0005   9.3166  25.8967
  2.1708  -0.0057   9.0422  25.9049
  2.2445  -0.0114   8.7668  25.9105
  2.3182  -0.0177   8.4905  25.9134
  2.3919  -0.0245   8.2134  25.9138
  2.4656  -0.0318   7.9353  25.9114
  2.5393  -0.0397   7.6565  25.9062
  2.6131  -0.0481   7.3768  25.8982
  2.6868  -0.0571   7.0962  25.8874
  2.7605  -0.0668   6.8148  25.8736
  2.8343  -0.0770   6.5326  25.8568
  2.9080  -0.0879   6.2496  25.8369
  2.9818  -0.0993   5.9659  25.8140
  3.0555  -0.1115   5.6813  25.7879
  3.1293  -0.1243   5.3959  25.7585
  3.2032  -0.1377   5.1098  25.7258
  3.2770  -0.1518   4.8230  25.6898
  3.3509  -0.1666   4.5353  25.6503
  0.0000   0.0000   0.0000   0.0000
 -2.7379   0.4858  -1.5344  -2.0476
 -3.1970   0.4994  -1.8211  -2.1405
 -3.1947   0.4313  -1.8552  -1.8988
 -3.0994   0.3585  -1.8354  -1.6329
 -2.9862   0.2948  -1.8018  -1.3975
 -2.8704   0.2418  -1.7634  -1.1960
 -2.7558   0.1982  -1.7224  -1.0283
 -2.6413   0.1622  -1.6782  -0.8847
 -2.5279   0.1329  -1.6320  -0.7643
 -2.4155   0.1091  -1.5841  -0.6623
 -2.3042   0.0897  -1.5347  -0.5759
 -2.1939   0.0742  -1.4841  -0.5025
 -2.0845   0.0617  -1.4325  -0.4399
 -1.9761   0.0519  -1.3800  -0.3863
 -1.8686   0.0443  -1.3267  -0.3403
 -1.7619   0.0384  -1.2728  -0.3006
 -1.6562   0.0341  -1.2183  -0.2662
 -1.5512   0.0310  -1.1633  -0.2363
 -1.4470   0.0289  -1.1079  -0.2101
 -1.3436   0.0277  -1.0520  -0.1870
 -1.2409   0.0273  -0.9958  -0.1666
 -1.1389   0.0274  -0.9393  -0.1484
 -1.0375   0.0280  -0.8824  -0.1321
 -0.9368   0.0291  -0.8252  -0.1175
 -0.8368   0.0305  -0.7676  -0.1041
 -0.7373   0.0322  -0.7098  -0.0920
 -0.6384   0.0341  -0.6516  -0.0808
 -0.5400   0.0363  -0.5931  -0.0705
 -0.4421   0.0387  -0.5343  -0.0609
 -0.3447   0.0412  -0.4751  -0.0519
 -0.2478   0.0438  -0.4156  -0.0434
 -0.1514   0.0465  -0.3557  -0.0354
 -0.0553   0.0493  -0.2953  -0.0278
  0.0403   0.0522  -0.2346  -0.0205
  0.1356   0.0550  -0.1735  -0.0135
  0.2305   0.0580  -0.1119  -0.0067
  0.3251   0.0609  -0.0499  -0.0001
  0.4194   0.0637   0.0127   0.0064
  0.5134   0.0666   0.0757   0.0129
  0.6072   0.0693   0.1393   0.0193
  0.7007   0.0719   0.2034   0.0258
  0.7940   0.0743   0.2681   0.0324
  0.8870   0.0765   0.3333   0.0391
  0.9799   0.0785   0.3992   0.0462
  1.0727   0.0801   0.4657   0.0536
  1.1653   0.0812   0.5329   0.0614
  1.2578   0.0819   0.6008   0.0699
  1.3502   0.0819   0.6694   0.0791
  1.4426   0.0811   0.7387   0.0892
  1.5349   0.0795   0.8087   0.1005
  1.6272   0.0767   0.8796   0.1131
  1.7195   0.0726   0.9513   0.1274
  1.8119   0.0669   1.0238   0.1437
  1.9043   0.0594   1.0971   0.1624
  1.9969   0.0496   1.1714   0.1840
  2.0896   0.0372   1.2465   0.2090
  2.1825   0.0216   1.3227   0.2381
  2.2757   0.0023   1.3998   0.2721
  2.3692  -0.0214   1.4778   0.3118
  2.4631  -0.0504   1.5570   0.3583
  2.5574  -0.0857   1.6371   0.4129
  2.6523  -0.1283   1.7183   0.4771
  2.7478  -0.1797   1.8006   0.5525
  2.8440  -0.2415   1.8840   0.6413
  2.9412  -0.3157   1.9685   0.7457
  3.0395  -0.4043   2.0541   0.8687
  3.1389  -0.5102   2.1408   1.0135
  3.2398  -0.6365   2.2284   1.1838
  0.0000   0.0000   0.0000   0.0000
 -7.1640  21.0690   1.2287  -0.1519
 -7.4186  22.3879   1.2261  -0.1460
 -7.5345  22.3421   1.1670  -0.1336
 -7.6708  22.1912   1.1061  -0.1220
 -7.8139  22.0308   1.0460  -0.1114
 -7.9587  21.8685   0.9867  -0.1017
 -8.1023  21.7066   0.9282  -0.0928
 -8.2453  21.5446   0.8704  -0.0847
 -8.3875  21.3828   0.8133  -0.0773
 -8.5288  21.2211   0.7569  -0.0705
 -8.6694  21.0596   0.7012  -0.0644
 -8.8090  20.8982   0.6461  -0.0588
 -8.9477  20.7371   0.5916  -0.0538
 -9.0854  20.5761   0.5376  -0.0491
 -9.2222  20.4154   0.4842  -0.0449
 -9.3578  20.2549   0.4314  -0.0411
 -9.4924  20.0947   0.3790  -0.0377
 -9.6259  19.9347   0.3271  -0.0345
 -9.7582  19.7751   0.2757  -0.0316
 -9.8894  19.6158   0.2247  -0.0290
-10.0193  19.4568   0.1741  -0.0265
-10.1479  19.2982   0.1239  -0.0243
-10.2753  19.1399   0.0740  -0.0223
-10.4010  18.9822   0.0245  -0.0204
-10.5261  18.8245  -0.0246  -0.0186
-10.6496  18.6673  -0.0735  -0.0169
-10.7713  18.5108  -0.1221  -0.0154
-10.8917  18.3546  -0.1704  -0.0139
-11.0108  18.1989  -0.2185  -0.0124
-11.1283  18.0436  -0.2663  -0.0110
-11.2444  17.8888  -0.3139  -0.0097
-11.3589  17.7345  -0.3613  -0.0084
-11.4720  17.5807  -0.4086  -0.0071
-11.5834  17.4274  -0.4556  -0.0058
-11.6934  17.2746  -0.5025  -0.0045
-11.8017  17.1223  -0.5493  -0.0031
-11.9085  16.9706  -0.5959  -0.0018
-12.0137  16.8195  -0.6424  -0.0004
-12.1172  16.6689  -0.6888   0.0010
-12.2192  16.5188  -0.7352   0.0025
-12.3196  16.3693  -0.7814   0.0040
-12.4183  16.2204  -0.8276   0.0055
-12.5154  16.0720  -0.8738   0.0071
-12.6110  15.9243  -0.9198   0.0088
-12.7049  15.7770  -0.9659   0.0106
-12.7971  15.6304  -1.0119   0.0125
-12.8878  15.4843  -1.0580   0.0144
-12.9769  15.3388  -1.1040   0.0165
-13.0643  15.1938  -1.1500   0.0186
-13.1502  15.0494  -1.1961   0.0209
-13.2345  14.9055  -1.2421   0.0233
-13.3172  14.7622  -1.2882   0.0258
-13.3983  14.6193  -1.3343   0.0285
-13.4778  14.4770  -1.3805   0.0314
-13.5558  14.3351  -1.4267   0.0344
-13.6323  14.1938  -1.4729   0.0376
-13.7072  14.0528  -1.5192   0.0410
-13.7806  13.9123  -1.5656   0.0446
-13.8524  13.7722  -1.6120   0.0485
-13.9228  13.6325  -1.6585   0.0526
-13.9916  13.4932  -1.7051   0.0571
-14.0590  13.3542  -1.7518   0.0618
-14.1250  13.2154  -1.7985   0.0669
-14.1894  13.0770  -1.8453   0.0724
-14.2524  12.9387  -1.8921   0.0783
-14.3133  12.8010  -1.9391   0.0846
-14.3741  12.6628  -1.9861   0.0915
-14.4329  12.5249  -2.0333   0.0989
-14.4903  12.3872  -2.0805   0.1068
-14.5463  12.2494  -2.1277   0.1155
-14.6009  12.1115  -2.1751   0.1248
  0.0000   0.0000   0.0000   0.0000
 -0.5423  -3.1264  -3.3033   0.6433
 -0.6627  -3.1976  -3.8355   0.6690
 -0.7190  -2.7714  -3.8007   0.6067
 -0.7501  -2.3270  -3.6637   0.5319
 -0.7730  -1.9412  -3.5081   0.4650
 -0.7908  -1.6194  -3.3511   0.4086
 -0.8046  -1.3514  -3.1959   0.3615
 -0.8151  -1.1310  -3.0433   0.3222
 -0.8223  -0.9479  -2.8929   0.2894
 -0.8267  -0.7968  -2.7449   0.2623
 -0.8286  -0.6717  -2.5995   0.2398
 -0.8282  -0.5681  -2.4564   0.2209
 -0.8258  -0.4821  -2.3157   0.2052
 -0.8216  -0.4106  -2.1774   0.1919
 -0.8156  -0.3511  -2.0415   0.1808
 -0.8080  -0.3014  -1.9079   0.1715
 -0.7990  -0.2598  -1.7765   0.1637
 -0.7886  -0.2248  -1.6474   0.1571
 -0.7768  -0.1952  -1.5205   0.1515
 -0.7638  -0.1701  -1.3958   0.1468
 -0.7496  -0.1487  -1.2733   0.1429
 -0.7341  -0.1304  -1.1529   0.1396
 -0.7175  -0.1145  -1.0347   0.1369
 -0.6997  -0.1006  -0.9185   0.1347
 -0.6807  -0.0885  -0.8044   0.1330
 -0.6606  -0.0777  -0.6923   0.1316
 -0.6394  -0.0681  -0.5822   0.1305
 -0.6171  -0.0594  -0.4742   0.1298
 -0.5936  -0.0515  -0.3681   0.1293
 -0.5689  -0.0442  -0.2640   0.1291
 -0.5432  -0.0373  -0.1618   0.1291
 -0.5163  -0.0309  -0.0616   0.1292
 -0.4882  -0.0248   0.0368   0.1295
 -0.4590  -0.0189   0.1333   0.1299
 -0.4286  -0.0132   0.2278   0.1304
 -0.3971  -0.0076   0.3206   0.1309
 -0.3643  -0.0021   0.4115   0.1314
 -0.3304   0.0035   0.5005   0.1318
 -0.2952   0.0092   0.5878   0.1320
 -0.2588   0.0150   0.6733   0.1321
 -0.2213   0.0210   0.7570   0.1318
 -0.1824   0.0273   0.8389   0.1310
 -0.1423   0.0339   0.9191   0.1298
 -0.1010   0.0411   0.9976   0.1278
 -0.0584   0.0488   1.0744   0.1250
 -0.0145   0.0573   1.1496   0.1210
  0.0307   0.0666   1.2231   0.1158
  0.0772   0.0771   1.2950   0.1089
  0.1250   0.0889   1.3653   0.1001
  0.1741   0.1022   1.4341   0.0889
  0.2246   0.1175   1.5015   0.0748
  0.2765   0.1351   1.5675   0.0573
  0.3297   0.1553   1.6322   0.0357
  0.3843   0.1788   1.6957   0.0092
  0.4403   0.2062   1.7582  -0.0233
  0.4977   0.2382   1.8196  -0.0629
  0.5565   0.2757   1.8803  -0.1110
  0.6169   0.3197   1.9405  -0.1692
  0.6786   0.3713   2.0003  -0.2397
  0.7419   0.4322   2.0600  -0.3248
  0.8067   0.5038   2.1201  -0.4273
  0.8730   0.5883   2.1810  -0.5508
  0.9409   0.6880   2.2431  -0.6994
  1.0104   0.8056   2.3070  -0.8781
  1.0814   0.9444   2.3735  -1.0928
  1.1541   1.1083   2.4434  -1.3505
  1.2283   1.3016   2.5177  -1.6598
  1.3040   1.5298   2.5973  -2.0306
  1.3811   1.7990   2.6833  -2.4751
  0.0000   0.0000   0.0000   0.0000
  0.2407   0.1580   9.8014  21.9155
  0.2626   0.1413  11.2577  23.4226
  0.2730   0.1340  11.3009  23.5551
  0.2833   0.1243  11.1818  23.5688
  0.2935   0.1139  11.0480  23.5728
  0.3037   0.1035  10.9127  23.5758
  0.3139   0.0935  10.7751  23.5773
  0.3242   0.0841  10.6357  23.5776
  0.3344   0.0752  10.4945  23.5767
  0.3447   0.0669  10.3515  23.5745
  0.3550   0.0591  10.2068  23.5711
  0.3653   0.0520  10.0603  23.5665
  0.3756   0.0454   9.9120  23.5606
  0.3860   0.0393   9.7621  23.5535
  0.3963   0.0336   9.6105  23.5451
  0.4067   0.0285   9.4572  23.5354
  0.4171   0.0238   9.3023  23.5245
  0.4275   0.0194   9.1458  23.5123
  0.4380   0.0155   8.9878  23.4989
  0.4484   0.0119   8.8283  23.4842
  0.4589   0.0086   8.6677  23.4685
  0.4694   0.0057   8.5055  23.4513
  0.4799   0.0030   8.3417  23.4327
  0.4905   0.0006   8.1766  23.4127
  0.5011  -0.0016   8.0101  23.3914
  0.5117  -0.0035   7.8422  23.3687
  0.5223  -0.0052   7.6732  23.3446
  0.5330  -0.0068   7.5029  23.3191
  0.5436  -0.0081   7.3315  23.2922
  0.5544  -0.0093   7.1590  23.2639
  0.5651  -0.0104   6.9854  23.2341
  0.5758  -0.0113   6.8109  23.2029
  0.5866  -0.0120   6.6353  23.1702
  0.5974  -0.0127   6.4589  23.1360
  0.6083  -0.0132   6.2816  23.1003
  0.6191  -0.0137   6.1036  23.0631
  0.6300  -0.0141   5.9248  23.0243
  0.6409  -0.0144   5.7453  22.9840
  0.6519  -0.0146   5.5652  22.9421
  0.6629  -0.0148   5.3846  22.8987
  0.6739  -0.0149   5.2035  22.8536
  0.6849  -0.0150   5.0220  22.8070
  0.6959  -0.0151   4.8401  22.7587
  0.7070  -0.0152   4.6578  22.7088
  0.7181  -0.0152   4.4754  22.6573
  0.7293  -0.0153   4.2927  22.6041
  0.7405  -0.0153   4.1100  22.5492
  0.7516  -0.0154   3.9272  22.4927
  0.7629  -0.0154   3.7444  22.4345
  0.7741  -0.0156   3.5616  22.3746
  0.7854  -0.0157   3.3790  22.3130
  0.7967  -0.0159   3.1966  22.2497
  0.8080  -0.0162   3.0144  22.1847
  0.8194  -0.0165   2.8325  22.1179
  0.8308  -0.0169   2.6510  22.0495
  0.8422  -0.0174   2.4699  21.9793
  0.8536  -0.0180   2.2893  21.9074
  0.8651  -0.0187   2.1092  21.8338
  0.8766  -0.0195   1.9297  21.7585
  0.8881  -0.0205   1.7508  21.6814
  0.8996  -0.0216   1.5725  21.6025
  0.9112  -0.0228   1.3950  21.5220
  0.9228  -0.0242   1.2182  21.4397
  0.9344  -0.0257   1.0423  21.3557
  0.9460  -0.0275   0.8671  21.2699
  0.9577  -0.0294   0.6929  21.1825
  0.9694  -0.0315   0.5195  21.0932
  0.9811  -0.0338   0.3471  21.0023
  0.9928  -0.0363   0.1756  20.9096
  1.0045  -0.0390   0.0051  20.8152
  1.0162  -0.0419  -0.1644  20.7191
  1.0280  -0.0449  -0.3328  20.6212
  1.0398  -0.0479  -0.5003  20.5216
  1.0515  -0.0510  -0.6666  20.4202
  1.0633  -0.0540  -0.8319  20.3170
  1.0750  -0.0569  -0.9962  20.2121
  1.0867  -0.0595  -1.1592  20.1053
  1.0978  -0.0621  -1.3212  19.9965
  1.1067  -0.0655  -1.4819  19.8860
  0.0000   0.0000   0.0000   0.0000
 -2.3778   0.3183  -2.0362  -1.9047
 -2.7463   0.3089  -2.3992  -2.0145
 -2.6965   0.2409  -2.4565  -1.8046
 -2.5994   0.2042  -2.4250  -1.5674
 -2.4855   0.1680  -2.3793  -1.3552
 -2.3690   0.1364  -2.3302  -1.1734
 -2.2531   0.1098  -2.2798  -1.0191
 -2.1384   0.0882  -2.2285  -0.8881
 -2.0252   0.0711  -2.1762  -0.7767
 -1.9134   0.0577  -2.1228  -0.6818
 -1.8032   0.0475  -2.0683  -0.6006
 -1.6945   0.0401  -2.0128  -0.5309
 -1.5874   0.0349  -1.9561  -0.4708
 -1.4819   0.0315  -1.8982  -0.4187
 -1.3779   0.0296  -1.8392  -0.3734
 -1.2755   0.0289  -1.7790  -0.3337
 -1.1746   0.0292  -1.7175  -0.2987
 -1.0753   0.0302  -1.6547  -0.2677
 -0.9776   0.0318  -1.5906  -0.2401
 -0.8814   0.0338  -1.5253  -0.2153
 -0.7867   0.0362  -1.4585  -0.1929
 -0.6936   0.0387  -1.3904  -0.1726
 -0.6020   0.0414  -1.3208  -0.1539
 -0.5120   0.0441  -1.2498  -0.1368
 -0.4234   0.0468  -1.1773  -0.1209
 -0.3364   0.0495  -1.1033  -0.1061
 -0.2508   0.0521  -1.0277  -0.0923
 -0.1667   0.0545  -0.9506  -0.0793
 -0.0842   0.0568  -0.8718  -0.0671
 -0.0031   0.0590  -0.7913  -0.0555
  0.0766   0.0609  -0.7091  -0.0446
  0.1547   0.0626  -0.6252  -0.0341
  0.2314   0.0641  -0.5395  -0.0242
  0.3067   0.0653  -0.4520  -0.0146
  0.3805   0.0663  -0.3626  -0.0055
  0.4528   0.0670  -0.2714   0.0032
  0.5238   0.0675  -0.1782   0.0117
  0.5933   0.0676  -0.0830   0.0198
  0.6614   0.0675   0.0142   0.0276
  0.7281   0.0670   0.1134   0.0352
  0.7933   0.0662   0.2148   0.0426
  0.8572   0.0651   0.3182   0.0498
  0.9197   0.0636   0.4239   0.0569
  0.9808   0.0616   0.5317   0.0639
  1.0405   0.0593   0.6419   0.0710
  1.0989   0.0565   0.7543   0.0781
  1.1560   0.0531   0.8691   0.0854
  1.2117   0.0492   0.9862   0.0930
  1.2660   0.0447   1.1058   0.1011
  1.3191   0.0395   1.2279   0.1097
  1.3709   0.0336   1.3525   0.1192
  1.4214   0.0267   1.4796   0.1296
  1.4707   0.0189   1.6094   0.1414
  1.5187   0.0100   1.7418   0.1548
  1.5655  -0.0002   1.8769   0.1702
  1.6112  -0.0118   2.0147   0.1882
  1.6557  -0.0251   2.1554   0.2092
  1.6992  -0.0403   2.2988   0.2339
  1.7416  -0.0576   2.4451   0.2632
  1.7829  -0.0774   2.5943   0.2979
  1.8233  -0.1001   2.7464   0.3391
  1.8629  -0.1261   2.9014   0.3881
  1.9016  -0.1560   3.0594   0.4465
  1.9395  -0.1902   3.2203   0.5160
  1.9767  -0.2295   3.3842   0.5987
  2.0134  -0.2747   3.5509   0.6971
  2.0495  -0.3264   3.7204   0.8141
  2.0852  -0.3859   3.8927   0.9531
  0.0000   0.0000   0.0000   0.0000
 -6.1909  29.9715   0.9936  -0.0967
 -6.2427  32.0436   0.9751  -0.0944
 -6.3936  31.9418   0.9141  -0.0879
 -6.6295  31.6499   0.8528  -0.0820
 -6.8812  31.3361   0.7928  -0.0767
 -7.1330  31.0213   0.7343  -0.0721
 -7.3835  30.7065   0.6771  -0.0680
 -7.6328  30.3917   0.6212  -0.0644
 -7.8808  30.0769   0.5666  -0.0613
 -8.1273  29.7621   0.5132  -0.0586
 -8.3721  29.4474   0.4609  -0.0563
 -8.6153  29.1327   0.4097  -0.0542
 -8.8565  28.8183   0.3596  -0.0525
 -9.0958  28.5040   0.3105  -0.0510
 -9.3329  28.1899   0.2623  -0.0497
 -9.5678  27.8761   0.2150  -0.0485
 -9.8003  27.5626   0.1687  -0.0476
-10.0303  27.2495   0.1231  -0.0467
-10.2577  26.9367   0.0783  -0.0459
-10.4824  26.6243   0.0343  -0.0452
-10.7042  26.3124  -0.0090  -0.0446
-10.9231  26.0010  -0.0516  -0.0439
-11.1389  25.6902  -0.0936  -0.0433
-11.3516  25.3800  -0.1351  -0.0427
-11.5611  25.0704  -0.1759  -0.0420
-11.7673  24.7615  -0.2163  -0.0413
-11.9701  24.4533  -0.2561  -0.0406
-12.1694  24.1459  -0.2955  -0.0398
-12.3653  23.8394  -0.3345  -0.0389
-12.5575  23.5338  -0.3731  -0.0379
-12.7462  23.2290  -0.4113  -0.0369
-12.9312  22.9253  -0.4492  -0.0357
-13.1124  22.6226  -0.4868  -0.0345
-13.2900  22.3210  -0.5241  -0.0331
-13.4638  22.0204  -0.5612  -0.0316
-13.6338  21.7211  -0.5981  -0.0300
-13.8000  21.4229  -0.6348  -0.0283
-13.9624  21.1261  -0.6713  -0.0265
-14.1210  20.8305  -0.7077  -0.0245
-14.2758  20.5362  -0.7439  -0.0224
-14.4268  20.2433  -0.7801  -0.0201
-14.5741  19.9518  -0.8162  -0.0177
-14.7176  19.6618  -0.8523  -0.0152
-14.8574  19.3732  -0.8883  -0.0125
-14.9935  19.0862  -0.9243  -0.0096
-15.1259  18.8007  -0.9603  -0.0066
-15.2547  18.5167  -0.9964  -0.0034
-15.3800  18.2343  -1.0325  -0.0001
-15.5017  17.9536  -1.0686   0.0034
-15.6199  17.6744  -1.1049   0.0071
-15.7347  17.3969  -1.1412   0.0110
-15.8462  17.1211  -1.1777   0.0151
-15.9543  16.8469  -1.2142   0.0194
-16.0592  16.5744  -1.2510   0.0239
-16.1608  16.3036  -1.2878   0.0286
-16.2594  16.0345  -1.3248   0.0335
-16.3549  15.7671  -1.3621   0.0388
-16.4474  15.5014  -1.3994   0.0442
-16.5370  15.2373  -1.4370   0.0500
-16.6236  14.9750  -1.4748   0.0561
-16.7074  14.7144  -1.5128   0.0625
-16.7845  14.4578  -1.5511   0.0693
-16.8665  14.1984  -1.5896   0.0764
-16.9427  13.9426  -1.6283   0.0840
-17.0162  13.6885  -1.6672   0.0920
-17.0874  13.4359  -1.7064   0.1005
-17.1562  13.1849  -1.7459   0.1095
-17.2227  12.9355  -1.7857   0.1192
-17.2870  12.6876  -1.8257   0.1294
-17.3491  12.4412  -1.8660   0.1403
-17.4092  12.1963  -1.9065   0.1520
  0.0000   0.0000   0.0000   0.0000
 -1.5625  -2.8206  -3.4587   0.5102
 -1.8672  -2.9232  -3.9960   0.5531
 -1.8624  -2.4812  -3.9839   0.5416
 -1.9700  -2.2739  -3.9607   0.5921
 -1.9373  -1.8320  -3.7816   0.3304
 -1.8946  -1.5647  -3.6072   0.2937
 -1.8519  -1.3259  -3.4371   0.2630
 -1.8078  -1.1266  -3.2714   0.2370
 -1.7627  -0.9584  -3.1096   0.2151
 -1.7166  -0.8167  -2.9516   0.1964
 -1.6696  -0.6970  -2.7971   0.1806
 -1.6219  -0.5959  -2.6459   0.1671
 -1.5735  -0.5103  -2.4979   0.1556
 -1.5246  -0.4376  -2.3528   0.1457
 -1.4751  -0.3758  -2.2106   0.1372
 -1.4252  -0.3231  -2.0712   0.1298
 -1.3748  -0.2781  -1.9343   0.1235
 -1.3240  -0.2395  -1.7999   0.1179
 -1.2728  -0.2062  -1.6680   0.1132
 -1.2212  -0.1774  -1.5384   0.1090
 -1.1692  -0.1525  -1.4111   0.1054
 -1.1168  -0.1307  -1.2859   0.1023
 -1.0640  -0.1117  -1.1629   0.0996
 -1.0108  -0.0949  -1.0419   0.0974
 -0.9571  -0.0801  -0.9229   0.0955
 -0.9030  -0.0669  -0.8059   0.0939
 -0.8484  -0.0552  -0.6907   0.0927
 -0.7934  -0.0446  -0.5774   0.0917
 -0.7378  -0.0350  -0.4658   0.0910
 -0.6817  -0.0263  -0.3559   0.0906
 -0.6251  -0.0184  -0.2478   0.0904
 -0.5679  -0.0111  -0.1412   0.0905
 -0.5101  -0.0043  -0.0362   0.0907
 -0.4517   0.0020   0.0673   0.0911
 -0.3927   0.0079   0.1693   0.0917
 -0.3331   0.0134   0.2699   0.0924
 -0.2728   0.0187   0.3691   0.0931
 -0.2118   0.0238   0.4669   0.0939
 -0.1501   0.0287   0.5635   0.0946
 -0.0877   0.0336   0.6587   0.0952
 -0.0246   0.0384   0.7528   0.0956
  0.0393   0.0433   0.8457   0.0957
  0.1040   0.0482   0.9374   0.0954
  0.1695   0.0534   1.0280   0.0946
  0.2359   0.0588   1.1176   0.0930
  0.3031   0.0647   1.2061   0.0906
  0.3712   0.0710   1.2936   0.0869
  0.4403   0.0780   1.3802   0.0819
  0.5102   0.0858   1.4659   0.0752
  0.5812   0.0946   1.5508   0.0663
  0.6531   0.1046   1.6348   0.0549
  0.7260   0.1161   1.7181   0.0404
  0.7999   0.1294   1.8008   0.0221
  0.8749   0.1449   1.8828  -0.0006
  0.9510   0.1630   1.9644  -0.0286
  1.0281   0.1842   2.0456  -0.0631
  1.1064   0.2091   2.1265  -0.1052
  1.1858   0.2383   2.2073  -0.1565
  1.2664   0.2728   2.2883  -0.2186
  1.3481   0.3134   2.3695  -0.2938
  1.4311   0.3612   2.4515  -0.3844
  1.5153   0.4176   2.5343  -0.4934
  1.6007   0.4841   2.6186  -0.6243
  1.6874   0.5625   2.7047  -0.7813
  1.7753   0.6549   2.7933  -0.9693
  1.8645   0.7636   2.8849  -1.1942
  1.9549   0.8916   2.9803  -1.4627
  2.0464   1.0421   3.0804  -1.7830
  0.0000   0.0000   0.0000   0.0000
  0.3636   0.2485  10.7920  23.0413
  0.3831   0.2207  12.2638  24.6289
  0.3915   0.2141  12.2783  24.7582
  0.3996   0.2020  12.1403  24.7669
  0.4078   0.1878  11.9879  24.7655
  0.4160   0.1730  11.8336  24.7629
  0.4242   0.1584  11.6772  24.7589
  0.4325   0.1444  11.5188  24.7537
  0.4407   0.1311  11.3586  24.7471
  0.4490   0.1186  11.1965  24.7393
  0.4573   0.1069  11.0329  24.7304
  0.4657   0.0960  10.8670  24.7199
  0.4740   0.0859  10.6995  24.7084
  0.4824   0.0766  10.5303  24.6955
  0.4908   0.0680  10.3592  24.6812
  0.4992   0.0600  10.1863  24.6655
  0.5077   0.0527  10.0117  24.6484
  0.5162   0.0460   9.8353  24.6299
  0.5247   0.0398   9.6574  24.6101
  0.5333   0.0342   9.4777  24.5889
  0.5419   0.0290   9.2965  24.5662
  0.5505   0.0243   9.1137  24.5421
  0.5591   0.0201   8.9295  24.5165
  0.5678   0.0162   8.7437  24.4894
  0.5765   0.0127   8.5566  24.4609
  0.5852   0.0095   8.3680  24.4308
  0.5940   0.0067   8.1781  24.3992
  0.6028   0.0041   7.9870  24.3660
  0.6116   0.0018   7.7946  24.3313
  0.6204  -0.0002   7.6011  24.2950
  0.6293  -0.0020   7.4065  24.2570
  0.6382  -0.0036   7.2108  24.2174
  0.6471  -0.0050   7.0142  24.1762
  0.6561  -0.0063   6.8166  24.1333
  0.6650  -0.0074   6.6182  24.0887
  0.6741  -0.0083   6.4189  24.0424
  0.6831  -0.0091   6.2190  23.9943
  0.6922  -0.0098   6.0184  23.9445
  0.7013  -0.0104   5.8173  23.8930
  0.7104  -0.0109   5.6156  23.8396
  0.7195  -0.0113   5.4136  23.7845
  0.7287  -0.0116   5.2111  23.7275
  0.7379  -0.0120   5.0085  23.6687
  0.7471  -0.0122   4.8056  23.6081
  0.7564  -0.0125   4.6026  23.5456
  0.7657  -0.0127   4.3995  23.4812
  0.7750  -0.0129   4.1965  23.4150
  0.7843  -0.0132   3.9937  23.3469
  0.7937  -0.0134   3.7910  23.2768
  0.8030  -0.0137   3.5886  23.2049
  0.8124  -0.0140   3.3865  23.1311
  0.8219  -0.0144   3.1849  23.0553
  0.8313  -0.0149   2.9838  22.9777
  0.8408  -0.0154   2.7833  22.8981
  0.8503  -0.0160   2.5834  22.8166
  0.8598  -0.0167   2.3843  22.7331
  0.8693  -0.0176   2.1860  22.6478
  0.8789  -0.0185   1.9885  22.5605
  0.8884  -0.0197   1.7919  22.4714
  0.8980  -0.0209   1.5964  22.3803
  0.9076  -0.0224   1.4019  22.2873
  0.9172  -0.0240   1.2085  22.1924
  0.9269  -0.0258   1.0162  22.0957
  0.9365  -0.0278   0.8252  21.9970
  0.9461  -0.0301   0.6355  21.8965
  0.9558  -0.0326   0.4470  21.7942
  0.9654  -0.0353   0.2599  21.6900
  0.9751  -0.0382   0.0742  21.5839
  0.9847  -0.0413  -0.1101  21.4760
  0.9943  -0.0446  -0.2929  21.3662
  1.0040  -0.0481  -0.4743  21.2546
  1.0135  -0.0516  -0.6541  21.1412
  1.0231  -0.0550  -0.8325  21.0259
  1.0325  -0.0582  -1.0093  20.9087
  1.0419  -0.0610  -1.1846  20.7896
  1.0511  -0.0631  -1.3582  20.6686
  1.0596  -0.0644  -1.5302  20.5456
  1.0663  -0.0654  -1.7004  20.4208
  1.0629  -0.0678  -1.8684  20.2949
  0.0000   0.0000   0.0000   0.0000
 -2.2359   0.2051  -2.1998  -1.7438
 -2.5818   0.2041  -2.5950  -1.8486
 -2.5498   0.1613  -2.6281  -1.6633
 -2.4407   0.1206  -2.5953  -1.4505
 -2.3265   0.0947  -2.5440  -1.2591
 -2.2105   0.0728  -2.4899  -1.0946
 -2.0954   0.0551  -2.4352  -0.9543
 -1.9819   0.0414  -2.3801  -0.8348
 -1.8701   0.0311  -2.3245  -0.7328
 -1.7601   0.0237  -2.2682  -0.6453
 -1.6518   0.0188  -2.2112  -0.5702
 -1.5454   0.0158  -2.1532  -0.5053
 -1.4407   0.0145  -2.0943  -0.4490
 -1.3378   0.0144  -2.0342  -0.4000
 -1.2368   0.0154  -1.9731  -0.3571
 -1.1375   0.0171  -1.9107  -0.3192
 -1.0400   0.0194  -1.8470  -0.2857
 -0.9443   0.0222  -1.7821  -0.2557
 -0.8504   0.0252  -1.7158  -0.2289
 -0.7582   0.0284  -1.6480  -0.2046
 -0.6678   0.0316  -1.5788  -0.1826
 -0.5791   0.0349  -1.5080  -0.1624
 -0.4922   0.0381  -1.4357  -0.1439
 -0.4070   0.0413  -1.3617  -0.1268
 -0.3235   0.0442  -1.2861  -0.1108
 -0.2418   0.0470  -1.2088  -0.0960
 -0.1617   0.0496  -1.1298  -0.0821
 -0.0834   0.0519  -1.0490  -0.0690
 -0.0067   0.0539  -0.9663  -0.0566
  0.0682   0.0557  -0.8818  -0.0449
  0.1414   0.0573  -0.7953  -0.0338
  0.2130   0.0585  -0.7069  -0.0233
  0.2829   0.0595  -0.6165  -0.0132
  0.3511   0.0601  -0.5241  -0.0037
  0.4177   0.0605  -0.4295   0.0054
  0.4826   0.0605  -0.3328   0.0141
  0.5458   0.0602  -0.2340   0.0223
  0.6074   0.0597  -0.1329   0.0302
  0.6673   0.0588  -0.0296   0.0378
  0.7256   0.0576   0.0760   0.0450
  0.7822   0.0560   0.1840   0.0519
  0.8372   0.0542   0.2943   0.0585
  0.8906   0.0519   0.4071   0.0649
  0.9424   0.0494   0.5224   0.0711
  0.9926   0.0465   0.6402   0.0772
  1.0411   0.0432   0.7606   0.0831
  1.0881   0.0395   0.8836   0.0890
  1.1335   0.0354   1.0093   0.0950
  1.1773   0.0308   1.1377   0.1012
  1.2195   0.0258   1.2689   0.1076
  1.2602   0.0202   1.4029   0.1145
  1.2994   0.0141   1.5397   0.1220
  1.3371   0.0074   1.6795   0.1303
  1.3732  -0.0000   1.8222   0.1398
  1.4079  -0.0082   1.9679   0.1506
  1.4411  -0.0173   2.1168   0.1633
  1.4729  -0.0272   2.2687   0.1783
  1.5033  -0.0383   2.4238   0.1960
  1.5323  -0.0506   2.5821   0.2172
  1.5600  -0.0644   2.7436   0.2426
  1.5864  -0.0797   2.9084   0.2730
  1.6115  -0.0969   3.0766   0.3097
  1.6353  -0.1162   3.2481   0.3537
  1.6580  -0.1379   3.4229   0.4066
  1.6796  -0.1624   3.6012   0.4702
  1.7001  -0.1902   3.7827   0.5465
  1.7195  -0.2217   3.9676   0.6379
  1.7381  -0.2574   4.1558   0.7473
  0.0000   0.0000   0.0000   0.0000
 -5.2810  31.0017   0.9683  -0.1030
 -5.3381  32.9132   0.9481  -0.1003
 -5.4821  32.8675   0.8875  -0.0935
 -5.6522  32.8266   0.8264  -0.0873
 -5.9258  32.4896   0.7673  -0.0818
 -6.2011  32.1489   0.7096  -0.0769
 -6.4749  31.8083   0.6533  -0.0727
 -6.7476  31.4675   0.5984  -0.0689
 -7.0188  31.1268   0.5447  -0.0656
 -7.2884  30.7860   0.4922  -0.0628
 -7.5562  30.4454   0.4409  -0.0603
 -7.8220  30.1048   0.3907  -0.0581
 -8.0858  29.7644   0.3416  -0.0562
 -8.3472  29.4242   0.2936  -0.0546
 -8.6062  29.0842   0.2465  -0.0532
 -8.8626  28.7445   0.2003  -0.0520
 -9.1162  28.4050   0.1550  -0.0509
 -9.3669  28.0659   0.1106  -0.0499
 -9.6145  27.7272   0.0670  -0.0490
 -9.8590  27.3889   0.0241  -0.0482
-10.1001  27.0511  -0.0181  -0.0475
-10.3378  26.7139  -0.0595  -0.0468
-10.5719  26.3772  -0.1004  -0.0461
-10.8023  26.0411  -0.1406  -0.0453
-11.0289  25.7057  -0.1803  -0.0446
-11.2517  25.3711  -0.2194  -0.0438
-11.4705  25.0372  -0.2581  -0.0430
-11.6852  24.7042  -0.2963  -0.0421
-11.8958  24.3721  -0.3341  -0.0411
-12.1022  24.0410  -0.3715  -0.0401
-12.3044  23.7108  -0.4085  -0.0389
-12.5022  23.3818  -0.4452  -0.0377
-12.6958  23.0539  -0.4817  -0.0363
-12.8850  22.7272  -0.5178  -0.0349
-13.0698  22.4017  -0.5537  -0.0333
-13.2502  22.0775  -0.5894  -0.0316
-13.4262  21.7547  -0.6250  -0.0297
-13.5978  21.4332  -0.6604  -0.0278
-13.7651  21.1133  -0.6956  -0.0256
-13.9279  20.7948  -0.7307  -0.0234
-14.0864  20.4778  -0.7658  -0.0210
-14.2406  20.1625  -0.8008  -0.0184
-14.3905  19.8488  -0.8358  -0.0157
-14.5361  19.5367  -0.8707  -0.0129
-14.6775  19.2264  -0.9057  -0.0099
-14.8147  18.9178  -0.9407  -0.0067
-14.9479  18.6110  -0.9757  -0.0033
-15.0770  18.3060  -1.0108   0.0002
-15.2021  18.0028  -1.0460   0.0039
-15.3233  17.7014  -1.0813   0.0079
-15.4407  17.4020  -1.1167   0.0120
-15.5543  17.1044  -1.1522   0.0163
-15.6642  16.8087  -1.1878   0.0208
-15.7705  16.5149  -1.2237   0.0256
-15.8732  16.2231  -1.2597   0.0306
-15.9725  15.9332  -1.2959   0.0358
-16.0684  15.6452  -1.3323   0.0413
-16.1610  15.3592  -1.3689   0.0471
-16.2503  15.0751  -1.4057   0.0533
-16.3365  14.7930  -1.4427   0.0597
-16.4194  14.5130  -1.4800   0.0665
-16.4994  14.2349  -1.5176   0.0737
-16.5769  13.9584  -1.5554   0.0812
-16.6516  13.6839  -1.5934   0.0893
-16.7236  13.4112  -1.6318   0.0978
-16.7931  13.1404  -1.6704   0.1068
-16.8600  12.8714  -1.7093   0.1163
-16.9245  12.6042  -1.7486   0.1265
-16.9867  12.3389  -1.7881   0.1373
-17.0466  12.0753  -1.8279   0.1489
-17.1043  11.8134  -1.8680   0.1612
  0.0000   0.0000   0.0000   0.0000
 -1.7139  -2.7621  -3.5797   0.4189
 -2.0409  -2.8623  -4.1345   0.4602
 -2.0292  -2.4439  -4.1223   0.4643
 -2.1373  -2.2337  -4.0948   0.5246
 -2.0949  -1.8059  -3.9083   0.2755
 -2.0445  -1.5424  -3.7265   0.2497
 -1.9945  -1.3086  -3.5494   0.2282
 -1.9437  -1.1126  -3.3768   0.2102
 -1.8922  -0.9468  -3.2084   0.1950
 -1.8401  -0.8066  -3.0439   0.1821
 -1.7875  -0.6880  -2.8831   0.1713
 -1.7343  -0.5875  -2.7257   0.1620
 -1.6807  -0.5021  -2.5717   0.1541
 -1.6267  -0.4295  -2.4208   0.1473
 -1.5722  -0.3676  -2.2729   0.1415
 -1.5174  -0.3146  -2.1278   0.1364
 -1.4622  -0.2693  -1.9855   0.1320
 -1.4067  -0.2302  -1.8459   0.1282
 -1.3508  -0.1966  -1.7088   0.1248
 -1.2945  -0.1674  -1.5741   0.1218
 -1.2379  -0.1421  -1.4418   0.1193
 -1.1809  -0.1200  -1.3119   0.1170
 -1.1234  -0.1006  -1.1842   0.1151
 -1.0656  -0.0835  -1.0586   0.1134
 -1.0072  -0.0684  -0.9351   0.1120
 -0.9485  -0.0550  -0.8138   0.1108
 -0.8892  -0.0430  -0.6943   0.1099
 -0.8295  -0.0322  -0.5769   0.1092
 -0.7692  -0.0225  -0.4613   0.1088
 -0.7083  -0.0137  -0.3475   0.1085
 -0.6469  -0.0057  -0.2355   0.1084
 -0.5849   0.0016  -0.1253   0.1085
 -0.5223   0.0084  -0.0167   0.1088
 -0.4591   0.0146   0.0903   0.1092
 -0.3952   0.0204   0.1956   0.1097
 -0.3307   0.0259   0.2995   0.1103
 -0.2654   0.0310   0.4018   0.1109
 -0.1994   0.0359   0.5027   0.1115
 -0.1326   0.0405   0.6021   0.1121
 -0.0651   0.0450   0.7002   0.1125
  0.0032   0.0495   0.7970   0.1127
  0.0723   0.0539   0.8925   0.1126
  0.1423   0.0583   0.9867   0.1120
  0.2132   0.0628   1.0796   0.1108
  0.2850   0.0675   1.1714   0.1089
  0.3577   0.0725   1.2621   0.1060
  0.4314   0.0779   1.3516   0.1020
  0.5060   0.0837   1.4401   0.0964
  0.5817   0.0902   1.5276   0.0891
  0.6584   0.0975   1.6141   0.0796
  0.7362   0.1058   1.6996   0.0674
  0.8150   0.1152   1.7843   0.0520
  0.8950   0.1262   1.8682   0.0328
  0.9761   0.1389   1.9514   0.0090
  1.0583   0.1538   2.0340  -0.0204
  1.1417   0.1712   2.1161  -0.0563
  1.2263   0.1917   2.1977  -0.1001
  1.3122   0.2159   2.2792  -0.1533
  1.3993   0.2443   2.3607  -0.2177
  1.4877   0.2779   2.4424  -0.2954
  1.5773   0.3175   2.5247  -0.3890
  1.6684   0.3643   2.6078  -0.5014
  1.7607   0.4195   2.6922  -0.6363
  1.8545   0.4846   2.7785  -0.7980
  1.9497   0.5614   2.8671  -0.9913
  2.0463   0.6520   2.9587  -1.2223
  2.1443   0.7586   3.0542  -1.4980
  2.2438   0.8840   3.1542  -1.8266
  0.0000   0.0000   0.0000   0.0000
  0.3627   0.2280  10.8530  22.7164
  0.3820   0.2005  12.3070  24.2874
  0.3901   0.1957  12.3153  24.4144
  0.3981   0.1852  12.1738  24.4223
  0.4060   0.1724  12.0182  24.4201
  0.4141   0.1589  11.8608  24.4169
  0.4221   0.1455  11.7013  24.4123
  0.4302   0.1326  11.5401  24.4065
  0.4384   0.1203  11.3770  24.3996
  0.4465   0.1088  11.2121  24.3914
  0.4547   0.0979  11.0455  24.3821
  0.4630   0.0878  10.8774  24.3717
  0.4713   0.0785  10.7075  24.3600
  0.4796   0.0698  10.5356  24.3469
  0.4879   0.0618  10.3621  24.3325
  0.4963   0.0545  10.1868  24.3168
  0.5047   0.0477  10.0099  24.2998
  0.5132   0.0415   9.8313  24.2815
  0.5216   0.0358   9.6511  24.2619
  0.5302   0.0306   9.4693  24.2408
  0.5387   0.0259   9.2860  24.2184
  0.5473   0.0216   9.1012  24.1947
  0.5559   0.0177   8.9150  24.1694
  0.5646   0.0141   8.7273  24.1428
  0.5732   0.0109   8.5382  24.1147
  0.5820   0.0081   8.3478  24.0851
  0.5907   0.0055   8.1560  24.0540
  0.5995   0.0032   7.9631  24.0214
  0.6083   0.0011   7.7689  23.9873
  0.6171  -0.0007   7.5736  23.9516
  0.6260  -0.0024   7.3773  23.9143
  0.6349  -0.0038   7.1799  23.8754
  0.6438  -0.0050   6.9815  23.8349
  0.6527  -0.0061   6.7822  23.7927
  0.6617  -0.0071   6.5821  23.7489
  0.6707  -0.0079   6.3812  23.7034
  0.6797  -0.0085   6.1796  23.6561
  0.6887  -0.0091   5.9773  23.6072
  0.6978  -0.0096   5.7745  23.5565
  0.7069  -0.0100   5.5712  23.5040
  0.7160  -0.0104   5.3675  23.4497
  0.7252  -0.0107   5.1634  23.3937
  0.7343  -0.0109   4.9590  23.3358
  0.7435  -0.0111   4.7544  23.2761
  0.7527  -0.0113   4.5497  23.2146
  0.7619  -0.0115   4.3449  23.1512
  0.7712  -0.0117   4.1401  23.0859
  0.7805  -0.0119   3.9355  23.0188
  0.7897  -0.0121   3.7310  22.9497
  0.7991  -0.0123   3.5268  22.8788
  0.8084  -0.0126   3.3229  22.8060
  0.8177  -0.0130   3.1194  22.7312
  0.8271  -0.0134   2.9164  22.6546
  0.8364  -0.0139   2.7140  22.5760
  0.8458  -0.0146   2.5122  22.4955
  0.8552  -0.0153   2.3110  22.4131
  0.8646  -0.0161   2.1107  22.3288
  0.8740  -0.0171   1.9111  22.2425
  0.8835  -0.0182   1.7125  22.1544
  0.8929  -0.0195   1.5148  22.0644
  0.9023  -0.0209   1.3181  21.9724
  0.9118  -0.0225   1.1225  21.8786
  0.9212  -0.0244   0.9281  21.7828
  0.9307  -0.0264   0.7348  21.6852
  0.9401  -0.0286   0.5427  21.5857
  0.9496  -0.0311   0.3519  21.4844
  0.9590  -0.0338   0.1624  21.3812
  0.9684  -0.0368  -0.0258  21.2761
  0.9778  -0.0399  -0.2126  21.1692
  0.9872  -0.0432  -0.3979  21.0605
  0.9965  -0.0467  -0.5819  20.9499
  1.0058  -0.0502  -0.7644  20.8374
  1.0150  -0.0536  -0.9454  20.7231
  1.0242  -0.0568  -1.1249  20.6069
  1.0332  -0.0595  -1.3029  20.4888
  1.0420  -0.0615  -1.4794  20.3687
  1.0502  -0.0628  -1.6542  20.2466
  1.0564  -0.0637  -1.8272  20.1228
  1.0521  -0.0660  -1.9982  19.9978
  0.0000   0.0000   0.0000   0.0000
 -2.2160   0.1917  -2.2128  -1.7501
 -2.5597   0.1908  -2.6100  -1.8547
 -2.5288   0.1503  -2.6428  -1.6683
 -2.4214   0.1118  -2.6091  -1.4544
 -2.3091   0.0879  -2.5570  -1.2621
 -2.1950   0.0675  -2.5021  -1.0967
 -2.0818   0.0511  -2.4465  -0.9557
 -1.9701   0.0384  -2.3905  -0.8356
 -1.8600   0.0290  -2.3341  -0.7330
 -1.7517   0.0224  -2.2769  -0.6451
 -1.6450   0.0180  -2.2190  -0.5695
 -1.5402   0.0155  -2.1603  -0.5043
 -1.4370   0.0145  -2.1005  -0.4477
 -1.3356   0.0147  -2.0397  -0.3984
 -1.2360   0.0158  -1.9778  -0.3553
 -1.1381   0.0177  -1.9148  -0.3172
 -1.0419   0.0201  -1.8505  -0.2835
 -0.9474   0.0229  -1.7849  -0.2535
 -0.8546   0.0260  -1.7179  -0.2265
 -0.7636   0.0292  -1.6496  -0.2022
 -0.6742   0.0325  -1.5798  -0.1801
 -0.5866   0.0358  -1.5086  -0.1599
 -0.5006   0.0390  -1.4358  -0.1414
 -0.4163   0.0421  -1.3615  -0.1242
 -0.3337   0.0450  -1.2855  -0.1083
 -0.2527   0.0478  -1.2079  -0.0934
 -0.1734   0.0503  -1.1286  -0.0795
 -0.0957   0.0526  -1.0476  -0.0664
 -0.0197   0.0546  -0.9648  -0.0541
  0.0547   0.0564  -0.8801  -0.0425
  0.1275   0.0579  -0.7936  -0.0314
  0.1986   0.0592  -0.7052  -0.0209
  0.2681   0.0601  -0.6148  -0.0109
  0.3360   0.0608  -0.5224  -0.0015
  0.4023   0.0611  -0.4280   0.0076
  0.4670   0.0611  -0.3315   0.0162
  0.5301   0.0609  -0.2329   0.0244
  0.5915   0.0603  -0.1322   0.0323
  0.6514   0.0595  -0.0292   0.0397
  0.7097   0.0583   0.0760   0.0469
  0.7664   0.0568   0.1835   0.0538
  0.8216   0.0549   0.2933   0.0603
  0.8751   0.0528   0.4055   0.0667
  0.9271   0.0503   0.5201   0.0728
  0.9776   0.0474   0.6372   0.0788
  1.0265   0.0441   0.7568   0.0847
  1.0738   0.0405   0.8789   0.0905
  1.1197   0.0364   1.0037   0.0964
  1.1640   0.0319   1.1311   0.1025
  1.2068   0.0269   1.2612   0.1089
  1.2481   0.0214   1.3941   0.1157
  1.2880   0.0153   1.5298   0.1231
  1.3263   0.0087   1.6683   0.1313
  1.3633   0.0013   1.8097   0.1406
  1.3988  -0.0069   1.9540   0.1513
  1.4329  -0.0159   2.1014   0.1638
  1.4656  -0.0259   2.2518   0.1785
  1.4970  -0.0370   2.4053   0.1959
  1.5271  -0.0493   2.5619   0.2167
  1.5558  -0.0631   2.7217   0.2415
  1.5833  -0.0785   2.8847   0.2714
  1.6096  -0.0958   3.0509   0.3073
  1.6347  -0.1152   3.2205   0.3504
  1.6587  -0.1371   3.3933   0.4023
  1.6816  -0.1618   3.5694   0.4645
  1.7035  -0.1899   3.7488   0.5392
  1.7244  -0.2217   3.9315   0.6287
  1.7444  -0.2578   4.1173   0.7357
  0.0000   0.0000   0.0000   0.0000
 -5.2847  30.6386   0.9771  -0.1055
 -5.2464  32.8554   0.9573  -0.1026
 -5.4096  32.7521   0.8973  -0.0956
 -5.6657  32.4400   0.8372  -0.0892
 -5.9369  32.1046   0.7785  -0.0835
 -6.2098  31.7665   0.7212  -0.0785
 -6.4810  31.4289   0.6652  -0.0740
 -6.7508  31.0913   0.6105  -0.0701
 -7.0192  30.7537   0.5571  -0.0666
 -7.2859  30.4162   0.5048  -0.0636
 -7.5508  30.0788   0.4537  -0.0610
 -7.8136  29.7416   0.4037  -0.0587
 -8.0743  29.4045   0.3548  -0.0567
 -8.3327  29.0676   0.3068  -0.0549
 -8.5887  28.7310   0.2598  -0.0534
 -8.8419  28.3947   0.2137  -0.0521
 -9.0924  28.0587   0.1685  -0.0509
 -9.3400  27.7230   0.1241  -0.0499
 -9.5845  27.3878   0.0805  -0.0489
 -9.8258  27.0530   0.0376  -0.0480
-10.0638  26.7187  -0.0046  -0.0472
-10.2983  26.3849  -0.0461  -0.0465
-10.5293  26.0518  -0.0870  -0.0457
-10.7566  25.7193  -0.1273  -0.0449
-10.9801  25.3875  -0.1671  -0.0442
-11.1998  25.0564  -0.2064  -0.0433
-11.4155  24.7262  -0.2452  -0.0425
-11.6272  24.3968  -0.2835  -0.0416
-11.8348  24.0683  -0.3215  -0.0406
-12.0383  23.7409  -0.3591  -0.0395
-12.2375  23.4144  -0.3963  -0.0383
-12.4325  23.0890  -0.4332  -0.0371
-12.6233  22.7648  -0.4698  -0.0357
-12.8097  22.4418  -0.5062  -0.0343
-12.9918  22.1200  -0.5423  -0.0327
-13.1696  21.7995  -0.5783  -0.0310
-13.3430  21.4803  -0.6141  -0.0292
-13.5122  21.1626  -0.6497  -0.0272
-13.6769  20.8463  -0.6852  -0.0251
-13.8374  20.5315  -0.7206  -0.0229
-13.9936  20.2183  -0.7560  -0.0205
-14.1456  19.9066  -0.7913  -0.0180
-14.2933  19.5966  -0.8265  -0.0153
-14.4368  19.2882  -0.8618  -0.0124
-14.5763  18.9815  -0.8971  -0.0095
-14.7116  18.6765  -0.9324  -0.0063
-14.8429  18.3733  -0.9677  -0.0030
-14.9703  18.0719  -1.0031   0.0005
-15.0937  17.7723  -1.0386   0.0042
-15.2133  17.4745  -1.0743   0.0081
-15.3291  17.1786  -1.1100   0.0122
-15.4413  16.8846  -1.1458   0.0165
-15.5498  16.5924  -1.1819   0.0210
-15.6548  16.3021  -1.2180   0.0257
-15.7563  16.0137  -1.2544   0.0306
-15.8545  15.7273  -1.2909   0.0359
-15.9493  15.4427  -1.3277   0.0413
-16.0409  15.1601  -1.3646   0.0471
-16.1294  14.8793  -1.4018   0.0532
-16.2148  14.6005  -1.4392   0.0596
-16.2970  14.3237  -1.4769   0.0663
-16.3730  14.0508  -1.5148   0.0735
-16.4529  13.7758  -1.5530   0.0810
-16.5271  13.5044  -1.5914   0.0890
-16.5987  13.2349  -1.6301   0.0974
-16.6677  12.9673  -1.6691   0.1064
-16.7343  12.7014  -1.7084   0.1159
-16.7985  12.4373  -1.7480   0.1261
-16.8604  12.1750  -1.7879   0.1369
-16.9201  11.9144  -1.8281   0.1484
-16.9777  11.6555  -1.8686   0.1607
  0.0000   0.0000   0.0000   0.0000
 -1.7032  -2.7701  -3.5631   0.4279
 -2.0285  -2.8704  -4.1154   0.4693
 -2.0173  -2.4505  -4.1033   0.4719
 -2.1254  -2.2394  -4.0764   0.5310
 -2.0836  -1.8100  -3.8909   0.2807
 -2.0336  -1.5458  -3.7101   0.2538
 -1.9840  -1.3113  -3.5340   0.2314
 -1.9335  -1.1147  -3.3623   0.2125
 -1.8823  -0.9485  -3.1948   0.1966
 -1.8305  -0.8081  -3.0312   0.1832
 -1.7781  -0.6892  -2.8712   0.1719
 -1.7252  -0.5885  -2.7148   0.1622
 -1.6718  -0.5030  -2.5616   0.1539
 -1.6179  -0.4303  -2.4115   0.1468
 -1.5637  -0.3683  -2.2643   0.1407
 -1.5091  -0.3154  -2.1201   0.1354
 -1.4541  -0.2700  -1.9785   0.1308
 -1.3988  -0.2310  -1.8396   0.1267
 -1.3430  -0.1973  -1.7032   0.1232
 -1.2870  -0.1682  -1.5692   0.1202
 -1.2305  -0.1428  -1.4376   0.1175
 -1.1737  -0.1207  -1.3083   0.1151
 -1.1164  -0.1014  -1.1812   0.1131
 -1.0588  -0.0843  -1.0563   0.1114
 -1.0007  -0.0692  -0.9334   0.1099
 -0.9421  -0.0558  -0.8126   0.1087
 -0.8831  -0.0438  -0.6938   0.1078
 -0.8235  -0.0331  -0.5768   0.1071
 -0.7635  -0.0234  -0.4618   0.1066
 -0.7029  -0.0146  -0.3485   0.1063
 -0.6417  -0.0066  -0.2370   0.1062
 -0.5800   0.0007  -0.1272   0.1063
 -0.5176   0.0075  -0.0191   0.1066
 -0.4547   0.0137   0.0874   0.1070
 -0.3910   0.0195   0.1923   0.1075
 -0.3267   0.0250   0.2958   0.1081
 -0.2617   0.0301   0.3977   0.1088
 -0.1960   0.0350   0.4982   0.1094
 -0.1296   0.0396   0.5973   0.1100
 -0.0624   0.0442   0.6951   0.1104
  0.0057   0.0486   0.7915   0.1106
  0.0745   0.0530   0.8867   0.1105
  0.1442   0.0575   0.9806   0.1100
  0.2147   0.0621   1.0734   0.1089
  0.2861   0.0668   1.1649   0.1070
  0.3585   0.0719   1.2554   0.1042
  0.4318   0.0773   1.3447   0.1002
  0.5061   0.0832   1.4330   0.0947
  0.5814   0.0898   1.5203   0.0875
  0.6577   0.0972   1.6067   0.0780
  0.7350   0.1056   1.6921   0.0660
  0.8135   0.1152   1.7767   0.0507
  0.8930   0.1264   1.8605   0.0317
  0.9737   0.1393   1.9437   0.0080
  1.0555   0.1544   2.0262  -0.0211
  1.1385   0.1722   2.1082  -0.0568
  1.2226   0.1930   2.1899  -0.1003
  1.3080   0.2175   2.2714  -0.1532
  1.3946   0.2464   2.3529  -0.2172
  1.4825   0.2806   2.4347  -0.2944
  1.5717   0.3208   2.5170  -0.3875
  1.6622   0.3684   2.6002  -0.4993
  1.7541   0.4244   2.6847  -0.6335
  1.8473   0.4906   2.7710  -0.7942
  1.9419   0.5686   2.8597  -0.9865
  2.0380   0.6606   2.9514  -1.2163
  2.1355   0.7688   3.0469  -1.4906
  2.2343   0.8963   3.1469  -1.8174
  0.0000   0.0000   0.0000   0.0000
  0.3551   0.2297  10.8673  22.6638
  0.3731   0.2027  12.3162  24.2330
  0.3816   0.1974  12.3237  24.3614
  0.3898   0.1866  12.1818  24.3709
  0.3982   0.1735  12.0258  24.3705
  0.4065   0.1598  11.8680  24.3690
  0.4149   0.1463  11.7082  24.3661
  0.4233   0.1333  11.5465  24.3620
  0.4317   0.1209  11.3831  24.3567
  0.4402   0.1092  11.2178  24.3502
  0.4486   0.0983  11.0508  24.3426
  0.4572   0.0882  10.8823  24.3339
  0.4657   0.0788  10.7120  24.3238
  0.4743   0.0701  10.5398  24.3124
  0.4829   0.0621  10.3658  24.2997
  0.4915   0.0547  10.1902  24.2856
  0.5001   0.0479  10.0128  24.2702
  0.5088   0.0416   9.8338  24.2535
  0.5175   0.0359   9.6533  24.2355
  0.5263   0.0307   9.4711  24.2160
  0.5350   0.0260   9.2874  24.1952
  0.5438   0.0216   9.1021  24.1730
  0.5527   0.0177   8.9154  24.1493
  0.5615   0.0142   8.7273  24.1242
  0.5704   0.0109   8.5378  24.0977
  0.5793   0.0080   8.3469  24.0696
  0.5882   0.0055   8.1547  24.0400
  0.5972   0.0031   7.9613  24.0089
  0.6062   0.0011   7.7667  23.9762
  0.6152  -0.0008   7.5709  23.9420
  0.6243  -0.0024   7.3741  23.9062
  0.6333  -0.0038   7.1762  23.8687
  0.6424  -0.0051   6.9773  23.8296
  0.6515  -0.0061   6.7776  23.7888
  0.6607  -0.0071   6.5769  23.7464
  0.6699  -0.0079   6.3755  23.7022
  0.6791  -0.0085   6.1734  23.6564
  0.6883  -0.0091   5.9706  23.6087
  0.6975  -0.0096   5.7673  23.5594
  0.7068  -0.0100   5.5634  23.5082
  0.7161  -0.0103   5.3591  23.4552
  0.7254  -0.0106   5.1544  23.4004
  0.7347  -0.0108   4.9495  23.3438
  0.7441  -0.0110   4.7443  23.2854
  0.7535  -0.0112   4.5390  23.2251
  0.7629  -0.0114   4.3336  23.1629
  0.7723  -0.0115   4.1283  23.0988
  0.7818  -0.0117   3.9230  23.0328
  0.7912  -0.0119   3.7179  22.9649
  0.8007  -0.0122   3.5131  22.8951
  0.8102  -0.0125   3.3085  22.8234
  0.8198  -0.0128   3.1044  22.7498
  0.8293  -0.0132   2.9008  22.6742
  0.8389  -0.0137   2.6977  22.5967
  0.8484  -0.0143   2.4952  22.5173
  0.8580  -0.0150   2.2934  22.4359
  0.8676  -0.0158   2.0924  22.3526
  0.8773  -0.0168   1.8921  22.2674
  0.8869  -0.0179   1.6928  22.1802
  0.8965  -0.0191   1.4944  22.0911
  0.9062  -0.0206   1.2971  22.0001
  0.9159  -0.0222   1.1008  21.9072
  0.9255  -0.0240   0.9056  21.8124
  0.9352  -0.0260   0.7116  21.7157
  0.9449  -0.0283   0.5188  21.6171
  0.9545  -0.0307   0.3273  21.5166
  0.9642  -0.0334   0.1371  21.4143
  0.9739  -0.0364  -0.0518  21.3100
  0.9835  -0.0395  -0.2393  21.2040
  0.9931  -0.0428  -0.4254  21.0960
  1.0027  -0.0463  -0.6100  20.9862
  1.0123  -0.0498  -0.7932  20.8745
  1.0218  -0.0533  -0.9750  20.7610
  1.0312  -0.0566  -1.1552  20.6456
  1.0406  -0.0594  -1.3339  20.5282
  1.0497  -0.0616  -1.5111  20.4089
  1.0582  -0.0631  -1.6867  20.2876
  1.0647  -0.0642  -1.8604  20.1646
  1.0613  -0.0669  -2.0320  20.0405
  0.0000   0.0000   0.0000   0.0000
 -2.2482   0.1936  -2.2015  -1.7530
 -2.5971   0.1926  -2.5968  -1.8577
 -2.5662   0.1517  -2.6296  -1.6707
 -2.4577   0.1129  -2.5962  -1.4563
 -2.3440   0.0886  -2.5444  -1.2635
 -2.2284   0.0680  -2.4899  -1.0977
 -2.1137   0.0515  -2.4348  -0.9565
 -2.0005   0.0387  -2.3793  -0.8361
 -1.8890   0.0292  -2.3232  -0.7333
 -1.7793   0.0225  -2.2665  -0.6453
 -1.6712   0.0182  -2.2090  -0.5697
 -1.5650   0.0157  -2.1507  -0.5044
 -1.4605   0.0147  -2.0913  -0.4478
 -1.3577   0.0150  -2.0310  -0.3985
 -1.2568   0.0162  -1.9695  -0.3553
 -1.1575   0.0182  -1.9068  -0.3173
 -1.0600   0.0207  -1.8429  -0.2836
 -0.9643   0.0236  -1.7777  -0.2536
 -0.8702   0.0267  -1.7111  -0.2267
 -0.7779   0.0300  -1.6432  -0.2024
 -0.6873   0.0334  -1.5738  -0.1803
 -0.5984   0.0367  -1.5029  -0.1601
 -0.5112   0.0400  -1.4305  -0.1416
 -0.4257   0.0432  -1.3566  -0.1245
 -0.3419   0.0462  -1.2810  -0.1086
 -0.2597   0.0490  -1.2037  -0.0938
 -0.1792   0.0516  -1.1248  -0.0799
 -0.1004   0.0540  -1.0440  -0.0669
 -0.0232   0.0561  -0.9615  -0.0546
  0.0523   0.0579  -0.8772  -0.0429
  0.1262   0.0595  -0.7910  -0.0319
  0.1984   0.0607  -0.7029  -0.0214
  0.2690   0.0617  -0.6128  -0.0115
  0.3380   0.0624  -0.5207  -0.0020
  0.4053   0.0628  -0.4266   0.0070
  0.4711   0.0629  -0.3304   0.0156
  0.5352   0.0626  -0.2321   0.0239
  0.5977   0.0621  -0.1316   0.0317
  0.6586   0.0612  -0.0289   0.0392
  0.7179   0.0601   0.0760   0.0463
  0.7756   0.0586   0.1833   0.0532
  0.8318   0.0567   0.2929   0.0598
  0.8863   0.0545   0.4048   0.0661
  0.9393   0.0520   0.5192   0.0722
  0.9907   0.0491   0.6361   0.0782
  1.0405   0.0458   0.7555   0.0841
  1.0888   0.0422   0.8775   0.0900
  1.1356   0.0380   1.0020   0.0959
  1.1808   0.0335   1.1293   0.1020
  1.2245   0.0284   1.2592   0.1084
  1.2667   0.0228   1.3919   0.1153
  1.3075   0.0166   1.5274   0.1227
  1.3467   0.0098   1.6658   0.1310
  1.3845   0.0022   1.8071   0.1403
  1.4209  -0.0061   1.9513   0.1511
  1.4558  -0.0153   2.0985   0.1637
  1.4894  -0.0256   2.2488   0.1785
  1.5216  -0.0370   2.4022   0.1960
  1.5525  -0.0497   2.5587   0.2170
  1.5821  -0.0639   2.7184   0.2420
  1.6104  -0.0798   2.8813   0.2721
  1.6375  -0.0976   3.0475   0.3082
  1.6634  -0.1177   3.2169   0.3517
  1.6882  -0.1404   3.3897   0.4038
  1.7120  -0.1660   3.5658   0.4665
  1.7347  -0.1951   3.7451   0.5417
  1.7564  -0.2282   3.9277   0.6317
  1.7772  -0.2658   4.1135   0.7394
  0.0000   0.0000   0.0000   0.0000
 -5.1648  30.6502   0.9680  -0.1025
 -5.1169  32.8630   0.9480  -0.0998
 -5.2789  32.7588   0.8880  -0.0930
 -5.5346  32.4461   0.8278  -0.0869
 -5.8059  32.1102   0.7691  -0.0814
 -6.0787  31.7717   0.7118  -0.0766
 -6.3498  31.4337   0.6558  -0.0723
 -6.6197  31.0957   0.6012  -0.0686
 -6.8881  30.7578   0.5478  -0.0653
 -7.1548  30.4200   0.4956  -0.0624
 -7.4197  30.0823   0.4445  -0.0599
 -7.6827  29.7447   0.3946  -0.0578
 -7.9436  29.4074   0.3457  -0.0559
 -8.2021  29.0703   0.2978  -0.0543
 -8.4582  28.7335   0.2509  -0.0528
 -8.7117  28.3969   0.2049  -0.0516
 -8.9625  28.0607   0.1598  -0.0505
 -9.2104  27.7249   0.1155  -0.0495
 -9.4552  27.3895   0.0719  -0.0487
 -9.6969  27.0546   0.0292  -0.0479
 -9.9353  26.7202  -0.0129  -0.0471
-10.1703  26.3863  -0.0543  -0.0464
-10.4017  26.0531  -0.0951  -0.0457
-10.6295  25.7205  -0.1353  -0.0450
-10.8536  25.3886  -0.1749  -0.0442
-11.0739  25.0574  -0.2140  -0.0434
-11.2902  24.7271  -0.2526  -0.0426
-11.5026  24.3977  -0.2908  -0.0417
-11.7109  24.0691  -0.3286  -0.0407
-11.9151  23.7416  -0.3660  -0.0396
-12.1151  23.4150  -0.4031  -0.0385
-12.3109  23.0896  -0.4398  -0.0372
-12.5025  22.7653  -0.4762  -0.0359
-12.6898  22.4421  -0.5124  -0.0344
-12.8729  22.1203  -0.5484  -0.0328
-13.0516  21.7997  -0.5842  -0.0311
-13.2260  21.4804  -0.6197  -0.0292
-13.3961  21.1626  -0.6552  -0.0273
-13.5620  20.8462  -0.6905  -0.0251
-13.7235  20.5313  -0.7257  -0.0229
-13.8809  20.2179  -0.7608  -0.0205
-14.0339  19.9061  -0.7959  -0.0179
-14.1828  19.5958  -0.8310  -0.0152
-14.3276  19.2873  -0.8660  -0.0123
-14.4682  18.9804  -0.9011  -0.0093
-14.6048  18.6753  -0.9362  -0.0061
-14.7375  18.3719  -0.9713  -0.0027
-14.8661  18.0702  -1.0065   0.0008
-14.9909  17.7704  -1.0418   0.0046
-15.1119  17.4723  -1.0772   0.0085
-15.2291  17.1762  -1.1127   0.0126
-15.3427  16.8818  -1.1484   0.0169
-15.4527  16.5894  -1.1842   0.0215
-15.5591  16.2988  -1.2202   0.0262
-15.6621  16.0101  -1.2563   0.0313
-15.7618  15.7233  -1.2926   0.0365
-15.8581  15.4384  -1.3292   0.0420
-15.9513  15.1554  -1.3659   0.0479
-16.0414  14.8743  -1.4029   0.0540
-16.1283  14.5951  -1.4401   0.0604
-16.2123  14.3179  -1.4775   0.0672
-16.2923  14.0432  -1.5152   0.0744
-16.3714  13.7692  -1.5532   0.0820
-16.4472  13.4974  -1.5915   0.0900
-16.5205  13.2274  -1.6300   0.0985
-16.5912  12.9593  -1.6688   0.1075
-16.6595  12.6930  -1.7079   0.1170
-16.7254  12.4284  -1.7473   0.1272
-16.7891  12.1656  -1.7870   0.1380
-16.8506  11.9045  -1.8270   0.1495
-16.9100  11.6451  -1.8673   0.1618
  0.0000   0.0000   0.0000   0.0000
 -1.6823  -2.7690  -3.5550   0.4353
 -2.0042  -2.8693  -4.1062   0.4766
 -1.9934  -2.4491  -4.0943   0.4774
 -2.1015  -2.2381  -4.0676   0.5366
 -2.0607  -1.8084  -3.8827   0.2853
 -2.0117  -1.5442  -3.7025   0.2574
 -1.9630  -1.3098  -3.5269   0.2342
 -1.9134  -1.1133  -3.3558   0.2147
 -1.8630  -0.9473  -3.1888   0.1983
 -1.8120  -0.8070  -3.0257   0.1843
 -1.7605  -0.6883  -2.8662   0.1725
 -1.7083  -0.5877  -2.7102   0.1625
 -1.6557  -0.5024  -2.5574   0.1539
 -1.6026  -0.4299  -2.4077   0.1465
 -1.5491  -0.3680  -2.2610   0.1401
 -1.4953  -0.3152  -2.1172   0.1346
 -1.4410  -0.2700  -1.9760   0.1298
 -1.3864  -0.2311  -1.8375   0.1256
 -1.3315  -0.1976  -1.7014   0.1220
 -1.2761  -0.1686  -1.5678   0.1188
 -1.2205  -0.1434  -1.4366   0.1160
 -1.1644  -0.1214  -1.3076   0.1136
 -1.1079  -0.1021  -1.1809   0.1115
 -1.0510  -0.0852  -1.0562   0.1097
 -0.9936  -0.0702  -0.9337   0.1082
 -0.9358  -0.0568  -0.8132   0.1069
 -0.8776  -0.0450  -0.6946   0.1060
 -0.8188  -0.0343  -0.5780   0.1052
 -0.7595  -0.0246  -0.4632   0.1047
 -0.6997  -0.0159  -0.3502   0.1044
 -0.6394  -0.0080  -0.2389   0.1043
 -0.5784  -0.0007  -0.1294   0.1044
 -0.5169   0.0060  -0.0214   0.1046
 -0.4547   0.0122   0.0849   0.1050
 -0.3919   0.0180   0.1896   0.1056
 -0.3284   0.0234   0.2928   0.1062
 -0.2643   0.0285   0.3946   0.1068
 -0.1994   0.0334   0.4949   0.1075
 -0.1338   0.0381   0.5939   0.1081
 -0.0674   0.0426   0.6915   0.1085
 -0.0003   0.0471   0.7878   0.1088
  0.0677   0.0515   0.8829   0.1087
  0.1365   0.0560   0.9767   0.1082
  0.2061   0.0606   1.0693   0.1071
  0.2766   0.0654   1.1608   0.1053
  0.3481   0.0705   1.2512   0.1025
  0.4205   0.0760   1.3405   0.0985
  0.4938   0.0820   1.4287   0.0931
  0.5682   0.0887   1.5160   0.0859
  0.6435   0.0962   1.6023   0.0766
  0.7199   0.1048   1.6877   0.0646
  0.7974   0.1146   1.7723   0.0494
  0.8759   0.1259   1.8562   0.0305
  0.9556   0.1391   1.9393   0.0070
  1.0364   0.1545   2.0219  -0.0220
  1.1183   0.1726   2.1040  -0.0576
  1.2014   0.1938   2.1857  -0.1009
  1.2858   0.2187   2.2673  -0.1536
  1.3713   0.2482   2.3489  -0.2173
  1.4581   0.2829   2.4308  -0.2943
  1.5462   0.3238   2.5132  -0.3871
  1.6356   0.3722   2.5965  -0.4985
  1.7263   0.4292   2.6811  -0.6322
  1.8184   0.4965   2.7675  -0.7925
  1.9119   0.5758   2.8564  -0.9842
  2.0067   0.6693   2.9482  -1.2133
  2.1030   0.7794   3.0438  -1.4868
  2.2006   0.9089   3.1440  -1.8126
  0.0000   0.0000   0.0000   0.0000
  0.3585   0.2549  10.7168  23.2759
  0.3833   0.2449  12.1827  24.9080
  0.3922   0.2240  12.2209  25.0340
  0.4004   0.2042  12.0909  25.0295
  0.4086   0.1859  11.9414  25.0118
  0.4168   0.1690  11.7881  24.9918
  0.4250   0.1533  11.6328  24.9707
  0.4332   0.1388  11.4757  24.9487
  0.4414   0.1255  11.3166  24.9256
  0.4496   0.1131  11.1558  24.9016
  0.4579   0.1018  10.9932  24.8766
  0.4661   0.0913  10.8288  24.8505
  0.4744   0.0816  10.6627  24.8234
  0.4828   0.0728  10.4948  24.7953
  0.4911   0.0646  10.3253  24.7662
  0.4995   0.0571  10.1541  24.7360
  0.5079   0.0503   9.9814  24.7047
  0.5164   0.0440   9.8070  24.6723
  0.5248   0.0382   9.6311  24.6389
  0.5333   0.0330   9.4537  24.6043
  0.5419   0.0282   9.2748  24.5686
  0.5504   0.0238   9.0945  24.5317
  0.5590   0.0198   8.9128  24.4936
  0.5677   0.0162   8.7298  24.4543
  0.5763   0.0129   8.5455  24.4138
  0.5851   0.0100   8.3599  24.3721
  0.5938   0.0073   8.1731  24.3291
  0.6026   0.0049   7.9852  24.2849
  0.6114   0.0028   7.7962  24.2393
  0.6202   0.0009   7.6061  24.1924
  0.6291  -0.0008   7.4150  24.1442
  0.6380  -0.0024   7.2231  24.0946
  0.6469  -0.0037   7.0302  24.0435
  0.6559  -0.0049   6.8365  23.9911
  0.6649  -0.0060   6.6421  23.9373
  0.6739  -0.0069   6.4470  23.8819
  0.6830  -0.0077   6.2513  23.8251
  0.6921  -0.0084   6.0550  23.7668
  0.7012  -0.0090   5.8583  23.7070
  0.7103  -0.0096   5.6611  23.6457
  0.7195  -0.0101   5.4636  23.5827
  0.7287  -0.0105   5.2658  23.5182
  0.7380  -0.0109   5.0677  23.4521
  0.7472  -0.0112   4.8696  23.3844
  0.7565  -0.0116   4.6714  23.3151
  0.7659  -0.0119   4.4732  23.2441
  0.7752  -0.0122   4.2751  23.1715
  0.7846  -0.0126   4.0771  23.0972
  0.7940  -0.0129   3.8793  23.0212
  0.8035  -0.0133   3.6819  22.9436
  0.8129  -0.0137   3.4848  22.8642
  0.8224  -0.0142   3.2882  22.7832
  0.8319  -0.0148   3.0920  22.7004
  0.8415  -0.0154   2.8965  22.6160
  0.8510  -0.0161   2.7015  22.5298
  0.8606  -0.0169   2.5073  22.4419
  0.8703  -0.0178   2.3139  22.3522
  0.8799  -0.0189   2.1213  22.2609
  0.8896  -0.0200   1.9295  22.1678
  0.8993  -0.0214   1.7387  22.0731
  0.9090  -0.0228   1.5490  21.9766
  0.9187  -0.0245   1.3602  21.8784
  0.9285  -0.0263   1.1726  21.7785
  0.9383  -0.0284   0.9861  21.6770
  0.9481  -0.0307   0.8008  21.5737
  0.9579  -0.0332   0.6167  21.4688
  0.9678  -0.0360   0.4339  21.3622
  0.9777  -0.0390   0.2524  21.2540
  0.9876  -0.0424   0.0723  21.1441
  0.9975  -0.0461  -0.1066  21.0325
  1.0074  -0.0501  -0.2840  20.9194
  1.0174  -0.0545  -0.4600  20.8046
  1.0274  -0.0593  -0.6346  20.6883
  1.0374  -0.0646  -0.8078  20.5703
  1.0475  -0.0703  -0.9796  20.4508
  1.0576  -0.0765  -1.1499  20.3297
  1.0677  -0.0832  -1.3188  20.2070
  1.0778  -0.0905  -1.4862  20.0828
  1.0879  -0.0984  -1.6522  19.9570
  0.0000   0.0000   0.0000   0.0000
 -2.4067   0.1604  -2.0365  -1.7584
 -2.7688   0.1243  -2.4002  -1.8680
 -2.7106   0.0760  -2.4550  -1.6783
 -2.6113   0.0695  -2.4230  -1.4613
 -2.4947   0.0568  -2.3778  -1.2663
 -2.3754   0.0437  -2.3301  -1.0989
 -2.2566   0.0324  -2.2818  -0.9564
 -2.1391   0.0236  -2.2331  -0.8353
 -2.0231   0.0172  -2.1839  -0.7322
 -1.9087   0.0131  -2.1340  -0.6440
 -1.7958   0.0108  -2.0832  -0.5684
 -1.6846   0.0102  -2.0315  -0.5033
 -1.5750   0.0109  -1.9787  -0.4471
 -1.4670   0.0127  -1.9249  -0.3982
 -1.3606   0.0153  -1.8698  -0.3555
 -1.2560   0.0185  -1.8135  -0.3180
 -1.1529   0.0221  -1.7559  -0.2848
 -1.0516   0.0261  -1.6969  -0.2553
 -0.9519   0.0302  -1.6365  -0.2289
 -0.8538   0.0345  -1.5746  -0.2050
 -0.7575   0.0387  -1.5112  -0.1835
 -0.6628   0.0429  -1.4462  -0.1638
 -0.5698   0.0470  -1.3795  -0.1457
 -0.4784   0.0509  -1.3113  -0.1290
 -0.3887   0.0545  -1.2413  -0.1135
 -0.3007   0.0580  -1.1695  -0.0990
 -0.2144   0.0611  -1.0960  -0.0855
 -0.1297   0.0640  -1.0206  -0.0728
 -0.0467   0.0666  -0.9434  -0.0608
  0.0346   0.0689  -0.8642  -0.0494
  0.1142   0.0708  -0.7830  -0.0386
  0.1922   0.0725  -0.6998  -0.0284
  0.2685   0.0737  -0.6146  -0.0186
  0.3431   0.0747  -0.5273  -0.0093
  0.4160   0.0753  -0.4379  -0.0005
  0.4873   0.0755  -0.3462   0.0080
  0.5568   0.0754  -0.2524   0.0161
  0.6247   0.0749  -0.1563   0.0239
  0.6909   0.0741  -0.0579   0.0313
  0.7554   0.0729   0.0429   0.0384
  0.8182   0.0714   0.1460   0.0453
  0.8793   0.0694   0.2516   0.0519
  0.9388   0.0671   0.3597   0.0583
  0.9965   0.0643   0.4703   0.0645
  1.0526   0.0611   0.5835   0.0707
  1.1070   0.0575   0.6992   0.0768
  1.1598   0.0535   0.8177   0.0829
  1.2109   0.0489   0.9388   0.0891
  1.2603   0.0438   1.0627   0.0956
  1.3080   0.0381   1.1894   0.1025
  1.3542   0.0319   1.3190   0.1098
  1.3987   0.0249   1.4515   0.1180
  1.4415   0.0173   1.5868   0.1270
  1.4828   0.0088   1.7252   0.1374
  1.5225  -0.0005   1.8667   0.1493
  1.5606  -0.0109   2.0112   0.1632
  1.5971  -0.0223   2.1588   0.1795
  1.6321  -0.0349   2.3096   0.1989
  1.6656  -0.0490   2.4636   0.2221
  1.6977  -0.0645   2.6209   0.2497
  1.7283  -0.0818   2.7815   0.2828
  1.7576  -0.1009   2.9454   0.3225
  1.7854  -0.1222   3.1126   0.3701
  1.8120  -0.1458   3.2832   0.4272
  1.8374  -0.1719   3.4571   0.4957
  1.8615  -0.2008   3.6343   0.5776
  1.8844  -0.2325   3.8148   0.6756
  1.9061  -0.2671   3.9985   0.7927
  0.0000   0.0000   0.0000   0.0000
 -4.5883  30.9303   0.9176  -0.0818
 -4.5980  32.8316   0.8974  -0.0805
 -4.6786  32.9639   0.8370  -0.0754
 -4.9143  32.7140   0.7769  -0.0709
 -5.1893  32.3702   0.7185  -0.0669
 -5.4658  32.0240   0.6615  -0.0635
 -5.7408  31.6782   0.6060  -0.0605
 -6.0145  31.3326   0.5518  -0.0580
 -6.2869  30.9872   0.4989  -0.0559
 -6.5578  30.6421   0.4472  -0.0541
 -6.8269  30.2971   0.3968  -0.0526
 -7.0941  29.9525   0.3475  -0.0514
 -7.3593  29.6082   0.2993  -0.0503
 -7.6223  29.2642   0.2522  -0.0495
 -7.8829  28.9206   0.2061  -0.0488
 -8.1409  28.5773   0.1609  -0.0482
 -8.3963  28.2346   0.1166  -0.0477
 -8.6489  27.8922   0.0732  -0.0473
 -8.8985  27.5504   0.0306  -0.0469
 -9.1450  27.2091  -0.0112  -0.0466
 -9.3883  26.8685  -0.0523  -0.0462
 -9.6283  26.5284  -0.0926  -0.0458
 -9.8648  26.1890  -0.1324  -0.0454
-10.0977  25.8503  -0.1715  -0.0450
-10.3270  25.5124  -0.2100  -0.0445
-10.5524  25.1753  -0.2480  -0.0439
-10.7741  24.8390  -0.2855  -0.0432
-10.9918  24.5037  -0.3226  -0.0425
-11.2055  24.1693  -0.3592  -0.0416
-11.4152  23.8359  -0.3954  -0.0406
-11.6208  23.5036  -0.4312  -0.0395
-11.8222  23.1724  -0.4667  -0.0383
-12.0194  22.8423  -0.5019  -0.0370
-12.2125  22.5135  -0.5369  -0.0355
-12.4013  22.1859  -0.5716  -0.0338
-12.5858  21.8597  -0.6061  -0.0320
-12.7661  21.5347  -0.6404  -0.0301
-12.9422  21.2112  -0.6746  -0.0280
-13.1140  20.8892  -0.7086  -0.0258
-13.2816  20.5686  -0.7425  -0.0234
-13.4451  20.2495  -0.7764  -0.0209
-13.6043  19.9321  -0.8102  -0.0181
-13.7594  19.6162  -0.8439  -0.0153
-13.9104  19.3020  -0.8777  -0.0122
-14.0574  18.9894  -0.9114  -0.0090
-14.2004  18.6786  -0.9452  -0.0056
-14.3394  18.3695  -0.9791  -0.0020
-14.4746  18.0622  -1.0130   0.0017
-14.6059  17.7567  -1.0471   0.0057
-14.7335  17.4529  -1.0812   0.0098
-14.8574  17.1510  -1.1154   0.0142
-14.9777  16.8510  -1.1499   0.0187
-15.0945  16.5528  -1.1844   0.0235
-15.2078  16.2565  -1.2192   0.0285
-15.3177  15.9620  -1.2541   0.0337
-15.4244  15.6694  -1.2892   0.0392
-15.5278  15.3787  -1.3246   0.0449
-15.6280  15.0899  -1.3602   0.0510
-15.7253  14.8030  -1.3960   0.0573
-15.8195  14.5180  -1.4321   0.0639
-15.9109  14.2348  -1.4685   0.0709
-15.9994  13.9536  -1.5051   0.0782
-16.0845  13.6746  -1.5420   0.0860
-16.1679  13.3969  -1.5792   0.0941
-16.2488  13.1211  -1.6167   0.1027
-16.3271  12.8471  -1.6546   0.1118
-16.4031  12.5749  -1.6927   0.1214
-16.4769  12.3044  -1.7312   0.1317
-16.5484  12.0357  -1.7700   0.1425
-16.6179  11.7687  -1.8092   0.1540
-16.6853  11.5035  -1.8486   0.1662
  0.0000   0.0000   0.0000   0.0000
 -1.5904  -2.7686  -3.5573   0.4554
 -1.8903  -2.8637  -4.1218   0.4888
 -1.9289  -2.5232  -4.0945   0.4466
 -1.9024  -2.1275  -3.9575   0.4050
 -1.8980  -1.8372  -3.8212   0.3750
 -1.8640  -1.5370  -3.6543   0.2951
 -1.8270  -1.3049  -3.4904   0.2648
 -1.7889  -1.1071  -3.3293   0.2395
 -1.7494  -0.9408  -3.1712   0.2182
 -1.7087  -0.8005  -3.0157   0.2003
 -1.6669  -0.6822  -2.8629   0.1853
 -1.6239  -0.5822  -2.7126   0.1725
 -1.5799  -0.4976  -2.5648   0.1617
 -1.5350  -0.4258  -2.4193   0.1525
 -1.4893  -0.3648  -2.2762   0.1446
 -1.4427  -0.3128  -2.1354   0.1378
 -1.3953  -0.2683  -1.9968   0.1320
 -1.3472  -0.2301  -1.8603   0.1270
 -1.2984  -0.1973  -1.7258   0.1227
 -1.2489  -0.1689  -1.5935   0.1190
 -1.1986  -0.1443  -1.4631   0.1158
 -1.1478  -0.1228  -1.3347   0.1131
 -1.0962  -0.1040  -1.2082   0.1107
 -1.0440  -0.0875  -1.0836   0.1088
 -0.9910  -0.0729  -0.9608   0.1072
 -0.9375  -0.0598  -0.8397   0.1059
 -0.8832  -0.0482  -0.7205   0.1050
 -0.8282  -0.0377  -0.6030   0.1043
 -0.7726  -0.0283  -0.4872   0.1038
 -0.7162  -0.0197  -0.3730   0.1036
 -0.6591  -0.0118  -0.2605   0.1036
 -0.6013  -0.0046  -0.1495   0.1039
 -0.5428   0.0021  -0.0402   0.1043
 -0.4834   0.0083   0.0676   0.1049
 -0.4234   0.0142   0.1739   0.1056
 -0.3625   0.0197   0.2787   0.1064
 -0.3009   0.0249   0.3821   0.1072
 -0.2384   0.0299   0.4839   0.1080
 -0.1751   0.0347   0.5844   0.1088
 -0.1110   0.0395   0.6835   0.1094
 -0.0460   0.0441   0.7813   0.1098
  0.0199   0.0488   0.8776   0.1099
  0.0866   0.0535   0.9727   0.1095
  0.1543   0.0584   1.0665   0.1085
  0.2229   0.0635   1.1591   0.1067
  0.2925   0.0689   1.2504   0.1040
  0.3630   0.0747   1.3405   0.1000
  0.4345   0.0811   1.4295   0.0946
  0.5070   0.0881   1.5173   0.0874
  0.5805   0.0959   1.6041   0.0779
  0.6550   0.1049   1.6899   0.0658
  0.7307   0.1151   1.7748   0.0505
  0.8074   0.1268   1.8587   0.0313
  0.8852   0.1404   1.9419   0.0075
  0.9642   0.1563   2.0243  -0.0219
  1.0443   0.1749   2.1062  -0.0579
  1.1256   0.1967   2.1877  -0.1018
  1.2081   0.2223   2.2689  -0.1551
  1.2919   0.2525   2.3500  -0.2197
  1.3769   0.2882   2.4313  -0.2977
  1.4632   0.3303   2.5130  -0.3917
  1.5508   0.3800   2.5956  -0.5047
  1.6398   0.4388   2.6794  -0.6404
  1.7302   0.5083   2.7648  -0.8031
  1.8219   0.5905   2.8525  -0.9978
  1.9151   0.6876   2.9430  -1.2308
  2.0098   0.8022   3.0371  -1.5092
  2.1058   0.9376   3.1355  -1.8415
  2.2034   1.0973   3.2390  -2.2379
  0.0000   0.0000   0.0000   0.0000
  0.2707   0.1319  10.3256  22.5972
  0.2885   0.1130  11.7439  24.1533
  0.2984   0.1165  11.7600  24.2803
  0.3083   0.1131  11.6263  24.2888
  0.3181   0.1063  11.4795  24.2881
  0.3281   0.0983  11.3309  24.2862
  0.3380   0.0898  11.1801  24.2829
  0.3480   0.0812  11.0274  24.2783
  0.3581   0.0730  10.8728  24.2725
  0.3681   0.0651  10.7163  24.2653
  0.3782   0.0577  10.5580  24.2568
  0.3884   0.0508  10.3979  24.2472
  0.3985   0.0444  10.2363  24.2365
  0.4087   0.0385  10.0729  24.2243
  0.4189   0.0330   9.9075  24.2107
  0.4291   0.0279   9.7403  24.1958
  0.4394   0.0233   9.5714  24.1795
  0.4497   0.0191   9.4009  24.1618
  0.4600   0.0153   9.2287  24.1427
  0.4703   0.0118   9.0549  24.1222
  0.4807   0.0086   8.8796  24.1004
  0.4911   0.0058   8.7027  24.0771
  0.5015   0.0032   8.5243  24.0523
  0.5120   0.0009   8.3445  24.0261
  0.5224  -0.0011   8.1633  23.9984
  0.5329  -0.0029   7.9808  23.9693
  0.5434  -0.0045   7.7970  23.9386
  0.5539  -0.0059   7.6119  23.9064
  0.5645  -0.0072   7.4257  23.8726
  0.5750  -0.0082   7.2383  23.8373
  0.5856  -0.0091   7.0499  23.8004
  0.5963  -0.0099   6.8604  23.7619
  0.6069  -0.0105   6.6700  23.7218
  0.6175  -0.0110   6.4787  23.6800
  0.6282  -0.0114   6.2866  23.6366
  0.6389  -0.0117   6.0938  23.5915
  0.6496  -0.0119   5.9002  23.5447
  0.6604  -0.0121   5.7061  23.4963
  0.6711  -0.0121   5.5114  23.4460
  0.6819  -0.0122   5.3162  23.3941
  0.6927  -0.0122   5.1206  23.3404
  0.7035  -0.0121   4.9247  23.2849
  0.7143  -0.0120   4.7286  23.2277
  0.7252  -0.0119   4.5323  23.1687
  0.7360  -0.0118   4.3359  23.1078
  0.7469  -0.0117   4.1394  23.0452
  0.7578  -0.0116   3.9431  22.9807
  0.7687  -0.0116   3.7468  22.9144
  0.7796  -0.0115   3.5508  22.8463
  0.7906  -0.0115   3.3550  22.7763
  0.8015  -0.0115   3.1596  22.7045
  0.8125  -0.0116   2.9647  22.6308
  0.8235  -0.0118   2.7702  22.5553
  0.8345  -0.0120   2.5764  22.4779
  0.8455  -0.0124   2.3832  22.3987
  0.8565  -0.0128   2.1907  22.3176
  0.8675  -0.0133   1.9989  22.2346
  0.8786  -0.0140   1.8081  22.1498
  0.8896  -0.0147   1.6181  22.0632
  0.9007  -0.0157   1.4291  21.9747
  0.9117  -0.0167   1.2412  21.8844
  0.9228  -0.0180   1.0543  21.7923
  0.9338  -0.0194   0.8686  21.6984
  0.9449  -0.0210   0.6840  21.6026
  0.9559  -0.0227   0.5007  21.5050
  0.9670  -0.0247   0.3187  21.4057
  0.9780  -0.0269   0.1380  21.3045
  0.9890  -0.0293  -0.0414  21.2016
  1.0000  -0.0318  -0.2194  21.0969
  1.0110  -0.0344  -0.3960  20.9904
  1.0220  -0.0372  -0.5712  20.8821
  1.0329  -0.0398  -0.7449  20.7721
  1.0437  -0.0423  -0.9171  20.6602
  1.0545  -0.0444  -1.0878  20.5465
  1.0652  -0.0457  -1.2570  20.4309
  1.0757  -0.0459  -1.4247  20.3133
  1.0857  -0.0445  -1.5907  20.1938
  1.0940  -0.0416  -1.7548  20.0724
  1.0936  -0.0384  -1.9169  19.9497
  0.0000   0.0000   0.0000   0.0000
 -2.2285   0.2248  -2.2230  -1.7666
 -2.5631   0.1927  -2.6164  -1.8759
 -2.5081   0.1380  -2.6716  -1.6860
 -2.4164   0.1247  -2.6319  -1.4691
 -2.3084   0.1054  -2.5778  -1.2740
 -2.1977   0.0861  -2.5208  -1.1063
 -2.0873   0.0692  -2.4632  -0.9634
 -1.9782   0.0554  -2.4051  -0.8416
 -1.8704   0.0445  -2.3466  -0.7376
 -1.7641   0.0363  -2.2874  -0.6486
 -1.6592   0.0304  -2.2274  -0.5720
 -1.5558   0.0265  -2.1666  -0.5060
 -1.4539   0.0242  -2.1049  -0.4488
 -1.3535   0.0233  -2.0422  -0.3990
 -1.2546   0.0234  -1.9784  -0.3554
 -1.1573   0.0244  -1.9135  -0.3170
 -1.0616   0.0260  -1.8474  -0.2831
 -0.9674   0.0281  -1.7801  -0.2528
 -0.8748   0.0306  -1.7116  -0.2257
 -0.7837   0.0334  -1.6417  -0.2013
 -0.6942   0.0362  -1.5705  -0.1791
 -0.6062   0.0392  -1.4978  -0.1589
 -0.5198   0.0421  -1.4238  -0.1403
 -0.4350   0.0450  -1.3482  -0.1232
 -0.3518   0.0478  -1.2711  -0.1074
 -0.2701   0.0504  -1.1924  -0.0926
 -0.1900   0.0529  -1.1121  -0.0787
 -0.1114   0.0551  -1.0302  -0.0658
 -0.0344   0.0572  -0.9465  -0.0536
  0.0410   0.0589  -0.8611  -0.0420
  0.1149   0.0605  -0.7739  -0.0311
  0.1872   0.0617  -0.6849  -0.0207
  0.2579   0.0627  -0.5941  -0.0109
  0.3271   0.0634  -0.5013  -0.0015
  0.3947   0.0638  -0.4066   0.0074
  0.4607   0.0640  -0.3099   0.0159
  0.5252   0.0638  -0.2112   0.0240
  0.5882   0.0633  -0.1104   0.0317
  0.6495   0.0624  -0.0075   0.0391
  0.7093   0.0613   0.0976   0.0462
  0.7676   0.0598   0.2049   0.0530
  0.8243   0.0580   0.3144   0.0595
  0.8795   0.0558   0.4262   0.0658
  0.9331   0.0532   0.5404   0.0719
  0.9851   0.0502   0.6569   0.0779
  1.0357   0.0468   0.7758   0.0838
  1.0847   0.0430   0.8973   0.0898
  1.1321   0.0387   1.0212   0.0958
  1.1781   0.0338   1.1477   0.1020
  1.2226   0.0284   1.2768   0.1085
  1.2655   0.0224   1.4086   0.1155
  1.3070   0.0158   1.5431   0.1232
  1.3470   0.0083   1.6803   0.1317
  1.3855   0.0001   1.8203   0.1414
  1.4226  -0.0090   1.9632   0.1526
  1.4583  -0.0192   2.1091   0.1655
  1.4925  -0.0305   2.2578   0.1808
  1.5254  -0.0431   2.4096   0.1989
  1.5570  -0.0571   2.5644   0.2204
  1.5872  -0.0728   2.7223   0.2462
  1.6162  -0.0902   2.8833   0.2770
  1.6440  -0.1097   3.0475   0.3139
  1.6705  -0.1315   3.2148   0.3583
  1.6959  -0.1558   3.3854   0.4115
  1.7203  -0.1829   3.5592   0.4752
  1.7435  -0.2129   3.7361   0.5516
  1.7658  -0.2462   3.9162   0.6429
  1.7871  -0.2827   4.0995   0.7520
  0.0000   0.0000   0.0000   0.0000
 -5.4400  30.4513   0.9819  -0.1071
 -5.4157  32.6405   0.9623  -0.1041
 -5.5754  32.5378   0.9021  -0.0970
 -5.8266  32.2301   0.8417  -0.0905
 -6.0931  31.8995   0.7826  -0.0847
 -6.3608  31.5668   0.7250  -0.0795
 -6.6269  31.2345   0.6687  -0.0749
 -6.8916  30.9021   0.6138  -0.0709
 -7.1550  30.5698   0.5600  -0.0674
 -7.4166  30.2376   0.5075  -0.0642
 -7.6765  29.9055   0.4561  -0.0615
 -7.9345  29.5735   0.4057  -0.0591
 -8.1903  29.2417   0.3565  -0.0571
 -8.4439  28.9101   0.3082  -0.0553
 -8.6951  28.5788   0.2609  -0.0537
 -8.9438  28.2478   0.2144  -0.0523
 -9.1897  27.9170   0.1689  -0.0511
 -9.4328  27.5867   0.1241  -0.0500
 -9.6730  27.2567   0.0802  -0.0490
 -9.9100  26.9272   0.0370  -0.0481
-10.1438  26.5982  -0.0056  -0.0472
-10.3743  26.2698  -0.0474  -0.0464
-10.6013  25.9419  -0.0887  -0.0456
-10.8248  25.6147  -0.1293  -0.0448
-11.0446  25.2881  -0.1694  -0.0440
-11.2607  24.9623  -0.2090  -0.0432
-11.4729  24.6374  -0.2481  -0.0423
-11.6813  24.3132  -0.2868  -0.0414
-11.8857  23.9900  -0.3251  -0.0404
-12.0860  23.6677  -0.3630  -0.0393
-12.2823  23.3464  -0.4005  -0.0382
-12.4745  23.0262  -0.4377  -0.0369
-12.6626  22.7072  -0.4747  -0.0355
-12.8464  22.3893  -0.5113  -0.0341
-13.0261  22.0726  -0.5478  -0.0325
-13.2015  21.7572  -0.5840  -0.0308
-13.3727  21.4431  -0.6201  -0.0290
-13.5398  21.1304  -0.6560  -0.0270
-13.7026  20.8191  -0.6918  -0.0249
-13.8612  20.5092  -0.7275  -0.0227
-14.0156  20.2009  -0.7631  -0.0203
-14.1659  19.8941  -0.7987  -0.0178
-14.3121  19.5889  -0.8342  -0.0152
-14.4542  19.2853  -0.8697  -0.0123
-14.5923  18.9834  -0.9052  -0.0094
-14.7264  18.6832  -0.9408  -0.0062
-14.8566  18.3847  -0.9763  -0.0029
-14.9829  18.0879  -1.0120   0.0006
-15.1053  17.7929  -1.0477   0.0042
-15.2241  17.4997  -1.0835   0.0081
-15.3391  17.2083  -1.1195   0.0121
-15.4505  16.9187  -1.1555   0.0164
-15.5584  16.6309  -1.1917   0.0209
-15.6628  16.3450  -1.2281   0.0256
-15.7637  16.0610  -1.2646   0.0305
-15.8614  15.7788  -1.3013   0.0357
-15.9558  15.4985  -1.3382   0.0411
-16.0471  15.2200  -1.3753   0.0469
-16.1352  14.9434  -1.4126   0.0529
-16.2203  14.6687  -1.4501   0.0593
-16.3024  14.3960  -1.4879   0.0660
-16.3788  14.1267  -1.5259   0.0731
-16.4579  13.8560  -1.5642   0.0806
-16.5320  13.5886  -1.6027   0.0886
-16.6035  13.3229  -1.6415   0.0970
-16.6724  13.0591  -1.6806   0.1059
-16.7390  12.7969  -1.7199   0.1154
-16.8032  12.5366  -1.7596   0.1255
-16.8651  12.2779  -1.7995   0.1363
-16.9248  12.0210  -1.8397   0.1478
-16.9825  11.7657  -1.8802   0.1600
  0.0000   0.0000   0.0000   0.0000
 -1.6815  -2.7791  -3.5430   0.4421
 -2.0037  -2.8797  -4.0923   0.4839
 -1.9935  -2.4565  -4.0803   0.4846
 -2.1015  -2.2456  -4.0541   0.5412
 -2.0611  -1.8142  -3.8698   0.2890
 -2.0122  -1.5494  -3.6902   0.2604
 -1.9637  -1.3141  -3.5152   0.2366
 -1.9142  -1.1170  -3.3446   0.2166
 -1.8639  -0.9505  -3.1782   0.1997
 -1.8130  -0.8098  -3.0156   0.1854
 -1.7614  -0.6908  -2.8567   0.1733
 -1.7093  -0.5900  -2.7012   0.1629
 -1.6567  -0.5045  -2.5489   0.1541
 -1.6036  -0.4317  -2.3998   0.1466
 -1.5500  -0.3698  -2.2536   0.1401
 -1.4961  -0.3169  -2.1102   0.1344
 -1.4418  -0.2715  -1.9695   0.1295
 -1.3871  -0.2325  -1.8314   0.1253
 -1.3321  -0.1989  -1.6958   0.1215
 -1.2767  -0.1698  -1.5627   0.1183
 -1.2209  -0.1446  -1.4319   0.1155
 -1.1647  -0.1225  -1.3034   0.1130
 -1.1081  -0.1032  -1.1770   0.1109
 -1.0511  -0.0862  -1.0528   0.1091
 -0.9937  -0.0711  -0.9307   0.1076
 -0.9358  -0.0577  -0.8106   0.1063
 -0.8774  -0.0458  -0.6924   0.1053
 -0.8185  -0.0350  -0.5762   0.1046
 -0.7591  -0.0253  -0.4617   0.1041
 -0.6992  -0.0165  -0.3491   0.1038
 -0.6387  -0.0085  -0.2382   0.1037
 -0.5776  -0.0012  -0.1291   0.1038
 -0.5159   0.0055  -0.0215   0.1040
 -0.4536   0.0118   0.0844   0.1045
 -0.3907   0.0176   0.1888   0.1050
 -0.3270   0.0231   0.2917   0.1056
 -0.2627   0.0283   0.3932   0.1063
 -0.1977   0.0332   0.4932   0.1069
 -0.1320   0.0379   0.5918   0.1075
 -0.0655   0.0425   0.6891   0.1080
  0.0018   0.0470   0.7852   0.1083
  0.0700   0.0515   0.8799   0.1082
  0.1389   0.0561   0.9734   0.1077
  0.2087   0.0608   1.0658   0.1066
  0.2794   0.0656   1.1570   0.1048
  0.3510   0.0708   1.2471   0.1021
  0.4236   0.0764   1.3361   0.0981
  0.4971   0.0825   1.4241   0.0927
  0.5716   0.0893   1.5111   0.0856
  0.6471   0.0969   1.5972   0.0763
  0.7237   0.1056   1.6824   0.0643
  0.8013   0.1156   1.7668   0.0492
  0.8800   0.1271   1.8504   0.0303
  0.9598   0.1405   1.9333   0.0068
  1.0408   0.1561   2.0157  -0.0221
  1.1229   0.1744   2.0976  -0.0575
  1.2062   0.1960   2.1792  -0.1008
  1.2908   0.2213   2.2606  -0.1533
  1.3765   0.2512   2.3420  -0.2170
  1.4635   0.2864   2.4237  -0.2938
  1.5518   0.3280   2.5059  -0.3863
  1.6413   0.3771   2.5890  -0.4976
  1.7323   0.4350   2.6735  -0.6311
  1.8245   0.5033   2.7598  -0.7910
  1.9182   0.5838   2.8485  -0.9824
  2.0132   0.6786   2.9402  -1.2112
  2.1096   0.7903   3.0357  -1.4842
  2.2074   0.9218   3.1357  -1.8096
  0.0000   0.0000   0.0000   0.0000
  0.3553   0.2327  10.8810  22.7146
  0.3735   0.2056  12.3347  24.2871
  0.3819   0.2001  12.3431  24.4158
  0.3902   0.1890  12.2016  24.4253
  0.3984   0.1757  12.0459  24.4249
  0.4068   0.1619  11.8884  24.4233
  0.4151   0.1482  11.7289  24.4203
  0.4235   0.1350  11.5675  24.4162
  0.4319   0.1224  11.4044  24.4109
  0.4403   0.1106  11.2394  24.4043
  0.4488   0.0996  11.0727  24.3966
  0.4573   0.0894  10.9044  24.3877
  0.4658   0.0798  10.7343  24.3776
  0.4743   0.0710  10.5624  24.3661
  0.4829   0.0629  10.3887  24.3533
  0.4915   0.0554  10.2133  24.3391
  0.5002   0.0485  10.0362  24.3236
  0.5088   0.0422   9.8574  24.3068
  0.5175   0.0364   9.6771  24.2887
  0.5262   0.0311   9.4951  24.2691
  0.5350   0.0263   9.3117  24.2482
  0.5438   0.0219   9.1267  24.2258
  0.5526   0.0180   8.9402  24.2020
  0.5614   0.0144   8.7523  24.1768
  0.5703   0.0111   8.5630  24.1501
  0.5792   0.0082   8.3723  24.1219
  0.5881   0.0055   8.1804  24.0922
  0.5971   0.0032   7.9872  24.0610
  0.6060   0.0011   7.7927  24.0282
  0.6151  -0.0008   7.5972  23.9938
  0.6241  -0.0025   7.4005  23.9578
  0.6332  -0.0039   7.2029  23.9203
  0.6422  -0.0052   7.0042  23.8810
  0.6514  -0.0063   6.8046  23.8401
  0.6605  -0.0072   6.6042  23.7975
  0.6697  -0.0081   6.4030  23.7533
  0.6789  -0.0088   6.2011  23.7072
  0.6881  -0.0093   5.9985  23.6595
  0.6973  -0.0098   5.7954  23.6100
  0.7066  -0.0103   5.5917  23.5587
  0.7159  -0.0106   5.3876  23.5056
  0.7252  -0.0109   5.1831  23.4507
  0.7345  -0.0111   4.9784  23.3939
  0.7439  -0.0114   4.7734  23.3353
  0.7533  -0.0115   4.5683  23.2749
  0.7627  -0.0117   4.3631  23.2126
  0.7721  -0.0119   4.1580  23.1484
  0.7816  -0.0121   3.9529  23.0823
  0.7910  -0.0123   3.7481  23.0143
  0.8005  -0.0126   3.5434  22.9444
  0.8100  -0.0128   3.3391  22.8725
  0.8196  -0.0132   3.1352  22.7988
  0.8291  -0.0136   2.9318  22.7231
  0.8387  -0.0141   2.7289  22.6455
  0.8483  -0.0147   2.5266  22.5659
  0.8579  -0.0154   2.3251  22.4844
  0.8675  -0.0162   2.1242  22.4010
  0.8771  -0.0172   1.9242  22.3157
  0.8868  -0.0183   1.7251  22.2284
  0.8964  -0.0195   1.5270  22.1392
  0.9061  -0.0210   1.3298  22.0481
  0.9158  -0.0226   1.1338  21.9550
  0.9254  -0.0244   0.9388  21.8601
  0.9351  -0.0264   0.7451  21.7633
  0.9448  -0.0287   0.5525  21.6646
  0.9545  -0.0312   0.3612  21.5640
  0.9642  -0.0339   0.1712  21.4615
  0.9739  -0.0368  -0.0174  21.3572
  0.9835  -0.0399  -0.2047  21.2510
  0.9932  -0.0433  -0.3905  21.1429
  1.0028  -0.0467  -0.5749  21.0330
  1.0124  -0.0503  -0.7579  20.9213
  1.0219  -0.0537  -0.9394  20.8076
  1.0314  -0.0570  -1.1194  20.6921
  1.0407  -0.0598  -1.2979  20.5746
  1.0499  -0.0620  -1.4748  20.4552
  1.0584  -0.0635  -1.6501  20.3338
  1.0650  -0.0646  -1.8236  20.2106
  1.0616  -0.0672  -1.9950  20.0864
  0.0000   0.0000   0.0000   0.0000
 -2.2483   0.1953  -2.1986  -1.7497
 -2.5971   0.1942  -2.5935  -1.8544
 -2.5660   0.1531  -2.6263  -1.6679
 -2.4573   0.1140  -2.5931  -1.4540
 -2.3434   0.0895  -2.5415  -1.2617
 -2.2277   0.0687  -2.4872  -1.0963
 -2.1128   0.0520  -2.4323  -0.9553
 -1.9995   0.0391  -2.3769  -0.8352
 -1.8879   0.0295  -2.3211  -0.7327
 -1.7780   0.0227  -2.2645  -0.6448
 -1.6699   0.0182  -2.2073  -0.5694
 -1.5635   0.0157  -2.1491  -0.5042
 -1.4589   0.0147  -2.0899  -0.4478
 -1.3561   0.0149  -2.0297  -0.3986
 -1.2550   0.0161  -1.9684  -0.3555
 -1.1556   0.0180  -1.9059  -0.3175
 -1.0581   0.0205  -1.8421  -0.2839
 -0.9622   0.0234  -1.7771  -0.2539
 -0.8681   0.0265  -1.7107  -0.2271
 -0.7758   0.0298  -1.6429  -0.2028
 -0.6851   0.0332  -1.5737  -0.1807
 -0.5962   0.0365  -1.5029  -0.1606
 -0.5089   0.0398  -1.4306  -0.1421
 -0.4234   0.0430  -1.3568  -0.1250
 -0.3396   0.0460  -1.2813  -0.1091
 -0.2574   0.0488  -1.2042  -0.0943
 -0.1769   0.0514  -1.1253  -0.0804
 -0.0981   0.0537  -1.0447  -0.0674
 -0.0209   0.0558  -0.9623  -0.0551
  0.0546   0.0577  -0.8780  -0.0434
  0.1284   0.0592  -0.7919  -0.0324
  0.2006   0.0605  -0.7038  -0.0219
  0.2712   0.0615  -0.6138  -0.0120
  0.3401   0.0622  -0.5218  -0.0025
  0.4074   0.0625  -0.4277   0.0065
  0.4731   0.0626  -0.3315   0.0151
  0.5372   0.0624  -0.2332   0.0234
  0.5996   0.0618  -0.1328   0.0312
  0.6604   0.0610  -0.0301   0.0387
  0.7196   0.0598   0.0749   0.0459
  0.7772   0.0583   0.1821   0.0527
  0.8333   0.0565   0.2917   0.0593
  0.8877   0.0543   0.4037   0.0657
  0.9405   0.0517   0.5182   0.0718
  0.9918   0.0488   0.6351   0.0778
  1.0415   0.0456   0.7546   0.0837
  1.0897   0.0419   0.8766   0.0896
  1.1363   0.0378   1.0012   0.0956
  1.1813   0.0332   1.1285   0.1017
  1.2249   0.0281   1.2586   0.1081
  1.2669   0.0225   1.3914   0.1149
  1.3074   0.0163   1.5270   0.1224
  1.3465   0.0095   1.6655   0.1307
  1.3841   0.0020   1.8069   0.1401
  1.4203  -0.0063   1.9513   0.1509
  1.4550  -0.0156   2.0986   0.1635
  1.4884  -0.0258   2.2491   0.1783
  1.5203  -0.0372   2.4026   0.1959
  1.5510  -0.0498   2.5593   0.2169
  1.5803  -0.0640   2.7192   0.2421
  1.6084  -0.0798   2.8823   0.2723
  1.6352  -0.0976   3.0487   0.3085
  1.6609  -0.1176   3.2184   0.3521
  1.6854  -0.1401   3.3914   0.4045
  1.7088  -0.1657   3.5677   0.4674
  1.7313  -0.1946   3.7472   0.5428
  1.7527  -0.2275   3.9301   0.6332
  1.7732  -0.2650   4.1161   0.7413
  0.0000   0.0000   0.0000   0.0000
 -5.1774  30.7042   0.9672  -0.1023
 -5.1289  32.9211   0.9470  -0.0996
 -5.2908  32.8174   0.8870  -0.0929
 -5.5468  32.5046   0.8268  -0.0867
 -5.8186  32.1682   0.7680  -0.0813
 -6.0917  31.8295   0.7106  -0.0765
 -6.3632  31.4910   0.6546  -0.0722
 -6.6335  31.1526   0.5999  -0.0685
 -6.9023  30.8142   0.5465  -0.0652
 -7.1695  30.4759   0.4943  -0.0624
 -7.4348  30.1377   0.4432  -0.0599
 -7.6983  29.7997   0.3932  -0.0577
 -7.9596  29.4619   0.3443  -0.0559
 -8.2186  29.1243   0.2964  -0.0543
 -8.4751  28.7870   0.2495  -0.0528
 -8.7291  28.4499   0.2035  -0.0516
 -8.9803  28.1132   0.1583  -0.0505
 -9.2286  27.7769   0.1140  -0.0496
 -9.4739  27.4410   0.0705  -0.0487
 -9.7160  27.1056   0.0277  -0.0479
 -9.9548  26.7706  -0.0143  -0.0472
-10.1902  26.4362  -0.0557  -0.0465
-10.4221  26.1024  -0.0965  -0.0457
-10.6503  25.7693  -0.1367  -0.0450
-10.8748  25.4369  -0.1763  -0.0443
-11.0955  25.1052  -0.2154  -0.0435
-11.3122  24.7743  -0.2540  -0.0427
-11.5250  24.4443  -0.2922  -0.0418
-11.7336  24.1152  -0.3300  -0.0408
-11.9382  23.7871  -0.3673  -0.0397
-12.1386  23.4600  -0.4044  -0.0386
-12.3348  23.1340  -0.4411  -0.0373
-12.5267  22.8092  -0.4775  -0.0360
-12.7143  22.4855  -0.5137  -0.0345
-12.8977  22.1630  -0.5496  -0.0329
-13.0767  21.8419  -0.5854  -0.0312
-13.2514  21.5221  -0.6209  -0.0293
-13.4218  21.2037  -0.6563  -0.0273
-13.5879  20.8867  -0.6916  -0.0252
-13.7497  20.5713  -0.7268  -0.0230
-13.9073  20.2573  -0.7619  -0.0206
-14.0606  19.9450  -0.7970  -0.0180
-14.2097  19.6342  -0.8320  -0.0153
-14.3546  19.3251  -0.8670  -0.0124
-14.4954  19.0177  -0.9020  -0.0094
-14.6322  18.7120  -0.9371  -0.0062
-14.7649  18.4081  -0.9722  -0.0028
-14.8937  18.1059  -1.0074   0.0007
-15.0186  17.8056  -1.0426   0.0045
-15.1397  17.5070  -1.0780   0.0084
-15.2570  17.2103  -1.1135   0.0125
-15.3707  16.9155  -1.1491   0.0168
-15.4807  16.6225  -1.1849   0.0214
-15.5872  16.3315  -1.2208   0.0262
-15.6902  16.0423  -1.2569   0.0312
-15.7899  15.7550  -1.2932   0.0364
-15.8862  15.4696  -1.3297   0.0420
-15.9794  15.1861  -1.3664   0.0478
-16.0694  14.9045  -1.4033   0.0539
-16.1564  14.6249  -1.4405   0.0604
-16.2402  14.3472  -1.4779   0.0672
-16.3200  14.0721  -1.5155   0.0743
-16.3992  13.7976  -1.5535   0.0819
-16.4750  13.5254  -1.5917   0.0899
-16.5481  13.2550  -1.6302   0.0984
-16.6187  12.9864  -1.6689   0.1074
-16.6869  12.7197  -1.7080   0.1170
-16.7527  12.4547  -1.7473   0.1271
-16.8162  12.1915  -1.7870   0.1380
-16.8775  11.9300  -1.8270   0.1495
-16.9368  11.6702  -1.8672   0.1618
  0.0000   0.0000   0.0000   0.0000
 -1.6861  -2.7680  -3.5583   0.4332
 -2.0086  -2.8683  -4.1100   0.4745
 -1.9977  -2.4483  -4.0980   0.4757
 -2.1058  -2.2375  -4.0713   0.5351
 -2.0648  -1.8080  -3.8861   0.2841
 -2.0157  -1.5439  -3.7057   0.2565
 -1.9668  -1.3096  -3.5299   0.2335
 -1.9170  -1.1132  -3.3586   0.2141
 -1.8666  -0.9472  -3.1914   0.1978
 -1.8155  -0.8069  -3.0281   0.1841
 -1.7637  -0.6882  -2.8684   0.1724
 -1.7115  -0.5877  -2.7122   0.1624
 -1.6587  -0.5023  -2.5593   0.1539
 -1.6056  -0.4298  -2.4095   0.1466
 -1.5520  -0.3680  -2.2626   0.1403
 -1.4980  -0.3152  -2.1186   0.1348
 -1.4436  -0.2699  -1.9773   0.1301
 -1.3889  -0.2310  -1.8386   0.1260
 -1.3339  -0.1975  -1.7024   0.1223
 -1.2784  -0.1684  -1.5687   0.1192
 -1.2226  -0.1432  -1.4373   0.1164
 -1.1664  -0.1212  -1.3082   0.1140
 -1.1098  -0.1019  -1.1813   0.1119
 -1.0528  -0.0850  -1.0566   0.1102
 -0.9954  -0.0700  -0.9339   0.1087
 -0.9375  -0.0566  -0.8133   0.1074
 -0.8791  -0.0447  -0.6946   0.1065
 -0.8202  -0.0340  -0.5779   0.1057
 -0.7608  -0.0244  -0.4630   0.1052
 -0.7009  -0.0157  -0.3499   0.1049
 -0.6404  -0.0077  -0.2385   0.1048
 -0.5793  -0.0004  -0.1289   0.1049
 -0.5176   0.0063  -0.0209   0.1051
 -0.4554   0.0125   0.0855   0.1055
 -0.3924   0.0183   0.1903   0.1061
 -0.3288   0.0237   0.2937   0.1067
 -0.2645   0.0288   0.3955   0.1073
 -0.1995   0.0337   0.4959   0.1080
 -0.1338   0.0384   0.5949   0.1086
 -0.0673   0.0429   0.6926   0.1090
  0.0000   0.0474   0.7890   0.1093
  0.0681   0.0518   0.8841   0.1092
  0.1370   0.0563   0.9780   0.1087
  0.2068   0.0609   1.0707   0.1076
  0.2775   0.0657   1.1622   0.1057
  0.3491   0.0707   1.2526   0.1029
  0.4217   0.0762   1.3419   0.0990
  0.4952   0.0822   1.4302   0.0935
  0.5697   0.0889   1.5175   0.0863
  0.6452   0.0964   1.6038   0.0769
  0.7217   0.1049   1.6893   0.0649
  0.7994   0.1147   1.7739   0.0498
  0.8781   0.1260   1.8577   0.0308
  0.9579   0.1391   1.9409   0.0072
  1.0389   0.1544   2.0235  -0.0218
  1.1210   0.1724   2.1056  -0.0574
  1.2043   0.1935   2.1873  -0.1008
  1.2888   0.2184   2.2689  -0.1536
  1.3745   0.2477   2.3505  -0.2174
  1.4615   0.2822   2.4323  -0.2945
  1.5498   0.3230   2.5147  -0.3873
  1.6394   0.3712   2.5980  -0.4989
  1.7303   0.4280   2.6826  -0.6328
  1.8226   0.4950   2.7690  -0.7932
  1.9163   0.5740   2.8578  -0.9852
  2.0113   0.6671   2.9496  -1.2145
  2.1078   0.7767   3.0452  -1.4883
  2.2056   0.9057   3.1453  -1.8145
  0.0000   0.0000   0.0000   0.0000
