  1.0000  -0.1000   0.0000
  1.0054  -0.0970  -0.0115
  1.0113  -0.0928  -0.0239
  1.0174  -0.0886  -0.0364
  1.0235  -0.0843  -0.0490
  1.0297  -0.0801  -0.0615
  1.0359  -0.0759  -0.0740
  1.0422  -0.0718  -0.0866
  1.0486  -0.0677  -0.0992
  1.0551  -0.0636  -0.1124
  1.0616  -0.0596  -0.1251
  1.0687  -0.0561  -0.1466
  1.0758  -0.0526  -0.1671
  1.0829  -0.0491  -0.1863
  1.0899  -0.0455  -0.2040
  1.0969  -0.0419  -0.2203
  1.1040  -0.0384  -0.2371
  1.1109  -0.0347  -0.2500
  1.1177  -0.0309  -0.2611
  1.1245  -0.0270  -0.2703
  1.1312  -0.0232  -0.2778
  1.1379  -0.0192  -0.2835
  1.1445  -0.0152  -0.2873
  1.1510  -0.0112  -0.2893
  1.1575  -0.0071  -0.2895
  1.1639  -0.0030  -0.2879
  1.1703   0.0012  -0.2844
  1.1766   0.0054  -0.2791
  1.1828   0.0097  -0.2719
  1.1890   0.0140  -0.2629
  1.1952   0.0184  -0.2519
  1.2013   0.0229  -0.2391
  1.2074   0.0274  -0.2245
  1.2134   0.0319  -0.2079
  1.2194   0.0365  -0.1894
  1.2253   0.0411  -0.1691
  1.2312   0.0458  -0.1468
  1.2370   0.0505  -0.1226
  1.2429   0.0553  -0.0964
  1.2486   0.0602  -0.0683
  1.2544   0.0651  -0.0383
  1.2601   0.0700  -0.0063
  1.2657   0.0751   0.0276
  1.2714   0.0801   0.0636
  1.2770   0.0853   0.1015
  1.2826   0.0904   0.1414
  1.2881   0.0957   0.1833
  1.2937   0.1010   0.2272
  1.2992   0.1064   0.2732
  1.3046   0.1118   0.3212
  1.3101   0.1173   0.3712
  1.3155   0.1228   0.4233
  1.3209   0.1285   0.4774
  1.3263   0.1341   0.5336
  1.3317   0.1399   0.5919
  1.3371   0.1457   0.6523
  1.3424   0.1516   0.7148
  1.3477   0.1575   0.7795
  1.3531   0.1636   0.8463
  1.3583   0.1697   0.9152
  1.3636   0.1758   0.9863
  1.3689   0.1820   1.0596
  1.3742   0.1884   1.1351
  1.3794   0.1947   1.2128
  1.3846   0.2012   1.2927
  1.3899   0.2077   1.3749
  1.3951   0.2143   1.4593
  1.4003   0.2209   1.5460
  1.4055   0.2277   1.6350
  1.4106   0.2345   1.7263
  1.4158   0.2414   1.8199
  1.4209   0.2483   1.9159
  1.4261   0.2553   2.0143
  1.4312   0.2624   2.1151
  1.4363   0.2696   2.2183
  1.4414   0.2768   2.3239
  1.4464   0.2841   2.4320
  1.4515   0.2915   2.5425
  1.4565   0.2989   2.6556
  1.4615   0.3064   2.7712
  1.4615   0.3064   2.7712
  1.4592   0.2971   2.7675
  1.4566   0.2880   2.7658
  1.4541   0.2792   2.7668
  1.4516   0.2705   2.7701
  1.4493   0.2620   2.7753
  1.4472   0.2535   2.7820
  1.4451   0.2451   2.7898
  1.4431   0.2368   2.7986
  1.4413   0.2285   2.8080
  1.4395   0.2202   2.8179
  1.4378   0.2119   2.8281
  1.4362   0.2035   2.8384
  1.4347   0.1952   2.8488
  1.4333   0.1867   2.8591
  1.4319   0.1783   2.8693
  1.4306   0.1698   2.8793
  1.4294   0.1613   2.8891
  1.4283   0.1527   2.8985
  1.4272   0.1440   2.9076
  1.4262   0.1353   2.9163
  1.4252   0.1265   2.9246
  1.4244   0.1176   2.9325
  1.4235   0.1087   2.9399
  1.4228   0.0997   2.9468
  1.4221   0.0906   2.9532
  1.4215   0.0815   2.9591
  1.4209   0.0723   2.9645
  1.4204   0.0630   2.9693
  1.4200   0.0537   2.9736
  1.4197   0.0443   2.9774
  1.4194   0.0348   2.9806
  1.4191   0.0253   2.9832
  1.4190   0.0156   2.9852
  1.4189   0.0059   2.9866
  1.4189  -0.0038   2.9874
  1.4189  -0.0136   2.9876
  1.4190  -0.0235   2.9872
  1.4192  -0.0335   2.9862
  1.4194  -0.0436   2.9846
  1.4198  -0.0537   2.9823
  1.4201  -0.0638   2.9794
  1.4206  -0.0741   2.9759
  1.4211  -0.0844   2.9717
  1.4218  -0.0948   2.9669
  1.4224  -0.1052   2.9614
  1.4232  -0.1158   2.9553
  1.4240  -0.1263   2.9486
  1.4249  -0.1370   2.9412
  1.4259  -0.1477   2.9333
  1.4270  -0.1585   2.9247
  1.4281  -0.1694   2.9155
  1.4293  -0.1803   2.9057
  1.4306  -0.1913   2.8953
  1.4320  -0.2023   2.8844
  1.4334  -0.2135   2.8730
  1.4349  -0.2247   2.8612
  1.4365  -0.2360   2.8489
  1.4382  -0.2473   2.8363
  1.4400  -0.2587   2.8233
  1.4418  -0.2702   2.8102
  1.4437  -0.2818   2.7970
  1.4456  -0.2934   2.7838
  1.4477  -0.3052   2.7707
  1.4498  -0.3169   2.7580
  1.4519  -0.3288   2.7459
  1.4541  -0.3408   2.7345
  1.4564  -0.3528   2.7243
  1.4588  -0.3649   2.7155
  1.4565  -0.3690   2.7473
  1.4554  -0.3592   2.6247
  1.4545  -0.3482   2.4949
  1.4536  -0.3373   2.3663
  1.4527  -0.3263   2.2395
  1.4519  -0.3154   2.1146
  1.4510  -0.3046   1.9916
  1.4501  -0.2938   1.8704
  1.4493  -0.2830   1.7509
  1.4485  -0.2723   1.6332
  1.4477  -0.2616   1.5172
  1.4469  -0.2510   1.4028
  1.4461  -0.2404   1.2901
  1.4453  -0.2298   1.1790
  1.4446  -0.2192   1.0694
  1.4438  -0.2087   0.9614
  1.4431  -0.1982   0.8549
  1.4424  -0.1878   0.7499
  1.4417  -0.1774   0.6463
  1.4411  -0.1670   0.5442
  1.4404  -0.1566   0.4434
  1.4398  -0.1462   0.3441
  1.4392  -0.1359   0.2461
  1.4387  -0.1256   0.1495
  1.4381  -0.1153   0.0542
  1.4376  -0.1051  -0.0398
  1.4372  -0.0948  -0.1325
  1.4367  -0.0846  -0.2240
  1.4363  -0.0743  -0.3142
  1.4359  -0.0641  -0.4032
  1.4356  -0.0539  -0.4910
  1.4352  -0.0438  -0.5775
  1.4350  -0.0336  -0.6629
  1.4347  -0.0234  -0.7472
  1.4345  -0.0133  -0.8302
  1.4343  -0.0031  -0.9122
  1.4342   0.0070  -0.9930
  1.4341   0.0171  -1.0727
  1.4340   0.0272  -1.1513
  1.4340   0.0374  -1.2288
  1.4340   0.0475  -1.3053
  1.4341   0.0576  -1.3807
  1.4342   0.0677  -1.4550
  1.4343   0.0778  -1.5283
  1.4345   0.0879  -1.6006
  1.4347   0.0980  -1.6719
  1.4350   0.1081  -1.7422
  1.4353   0.1182  -1.8114
  1.4357   0.1283  -1.8797
  1.4361   0.1384  -1.9471
  1.4365   0.1485  -2.0135
  1.4370   0.1586  -2.0789
  1.4376   0.1687  -2.1434
  1.4381   0.1788  -2.2070
  1.4388   0.1890  -2.2696
  1.4394   0.1991  -2.3314
  1.4401   0.2092  -2.3922
  1.4409   0.2194  -2.4522
  1.4417   0.2295  -2.5113
  1.4425   0.2397  -2.5695
  1.4434   0.2499  -2.6269
  1.4443   0.2601  -2.6835
  1.4453   0.2703  -2.7392
  1.4463   0.2805  -2.7940
  1.4474   0.2907  -2.8481
  1.4484   0.3009  -2.9014
  1.4496   0.3112  -2.9539
  1.4507   0.3214  -3.0056
  1.4519   0.3317  -3.0565
  1.4532   0.3420  -3.1067
  1.4545   0.3523  -3.1561
  1.4558   0.3626  -3.2048
  1.4558   0.3626  -3.2048
  1.4524   0.3523  -3.1477
  1.4487   0.3423  -3.0852
  1.4453   0.3326  -3.0268
  1.4422   0.3233  -2.9737
  1.4394   0.3142  -2.9254
  1.4368   0.3052  -2.8815
  1.4343   0.2965  -2.8415
  1.4321   0.2878  -2.8049
  1.4299   0.2791  -2.7714
  1.4279   0.2705  -2.7407
  1.4260   0.2619  -2.7125
  1.4242   0.2534  -2.6865
  1.4224   0.2447  -2.6628
  1.4208   0.2361  -2.6409
  1.4192   0.2274  -2.6210
  1.4177   0.2187  -2.6027
  1.4162   0.2099  -2.5861
  1.4148   0.2010  -2.5710
  1.4134   0.1921  -2.5574
  1.4121   0.1831  -2.5452
  1.4109   0.1741  -2.5344
  1.4097   0.1649  -2.5248
  1.4086   0.1558  -2.5165
  1.4075   0.1465  -2.5093
  1.4065   0.1372  -2.5033
  1.4056   0.1278  -2.4985
  1.4047   0.1184  -2.4946
  1.4039   0.1089  -2.4918
  1.4031   0.0993  -2.4900
  1.4024   0.0897  -2.4892
  1.4018   0.0800  -2.4893
  1.4012   0.0702  -2.4903
  1.4007   0.0605  -2.4921
  1.4003   0.0506  -2.4948
  1.3999   0.0407  -2.4983
  1.3996   0.0308  -2.5026
  1.3993   0.0208  -2.5076
  1.3992   0.0108  -2.5134
  1.3991   0.0007  -2.5198
  1.3991  -0.0094  -2.5270
  1.3991  -0.0196  -2.5349
  1.3992  -0.0298  -2.5434
  1.3994  -0.0400  -2.5525
  1.3997  -0.0503  -2.5623
  1.4000  -0.0606  -2.5727
  1.4004  -0.0709  -2.5838
  1.4009  -0.0813  -2.5954
  1.4015  -0.0917  -2.6077
  1.4021  -0.1021  -2.6207
  1.4028  -0.1126  -2.6343
  1.4036  -0.1231  -2.6486
  1.4044  -0.1336  -2.6636
  1.4054  -0.1442  -2.6793
  1.4064  -0.1548  -2.6959
  1.4075  -0.1655  -2.7134
  1.4087  -0.1762  -2.7318
  1.4099  -0.1870  -2.7513
  1.4113  -0.1978  -2.7720
  1.4127  -0.2087  -2.7941
  1.4142  -0.2197  -2.8177
  1.4159  -0.2307  -2.8431
  1.4176  -0.2419  -2.8705
  1.4194  -0.2532  -2.9003
  1.4214  -0.2646  -2.9329
  1.4235  -0.2762  -2.9687
  1.4258  -0.2879  -3.0083
  1.4282  -0.2999  -3.0523
  1.4308  -0.3122  -3.1016
  1.4337  -0.3247  -3.1572
  1.4349  -0.3309  -3.2038
  1.4350  -0.3259  -3.1450
  1.4357  -0.3201  -3.0880
  1.4365  -0.3143  -3.0310
  1.4373  -0.3085  -2.9734
  1.4381  -0.3027  -2.9152
  1.4390  -0.2969  -2.8564
  1.4399  -0.2911  -2.7970
  1.4408  -0.2854  -2.7370
  1.4418  -0.2797  -2.6764
  1.4428  -0.2740  -2.6151
  1.4438  -0.2683  -2.5532
  1.4448  -0.2627  -2.4906
  1.4459  -0.2570  -2.4273
  1.4470  -0.2514  -2.3633
  1.4481  -0.2458  -2.2987
  1.4493  -0.2402  -2.2334
  1.4505  -0.2346  -2.1673
  1.4517  -0.2290  -2.1006
  1.4529  -0.2234  -2.0331
  1.4541  -0.2178  -1.9649
  1.4554  -0.2123  -1.8959
  1.4567  -0.2067  -1.8262
  1.4580  -0.2011  -1.7556
  1.4594  -0.1956  -1.6844
  1.4607  -0.1900  -1.6123
  1.4621  -0.1845  -1.5394
  1.4635  -0.1789  -1.4657
  1.4650  -0.1734  -1.3911
  1.4664  -0.1678  -1.3158
  1.4679  -0.1623  -1.2395
  1.4693  -0.1567  -1.1624
  1.4708  -0.1512  -1.0845
  1.4724  -0.1456  -1.0057
  1.4739  -0.1400  -0.9259
  1.4755  -0.1345  -0.8453
  1.4770  -0.1289  -0.7638
  1.4786  -0.1233  -0.6813
  1.4802  -0.1177  -0.5980
  1.4819  -0.1121  -0.5136
  1.4835  -0.1065  -0.4284
  1.4852  -0.1009  -0.3422
  1.4868  -0.0952  -0.2550
  1.4885  -0.0896  -0.1668
  1.4903  -0.0840  -0.0777
  1.4920  -0.0783   0.0124
  1.4937  -0.0726   0.1035
  1.4955  -0.0669   0.1956
  1.4972  -0.0613   0.2887
  1.4990  -0.0555   0.3828
  1.5008  -0.0498   0.4779
  1.5027  -0.0441   0.5740
  1.5045  -0.0384   0.6712
  1.5063  -0.0326   0.7693
  1.5082  -0.0268   0.8685
  1.5101  -0.0210   0.9688
  1.5120  -0.0153   1.0701
  1.5139  -0.0094   1.1724
  1.5158  -0.0036   1.2757
  1.5178   0.0022   1.3801
  1.5197   0.0081   1.4856
  1.5217   0.0139   1.5920
  1.5237   0.0198   1.6996
  1.5257   0.0257   1.8081
  1.5277   0.0316   1.9178
  1.5298   0.0375   2.0285
  1.5318   0.0434   2.1402
  1.5339   0.0493   2.2530
  1.5360   0.0552   2.3668
  1.5381   0.0612   2.4817
  1.5402   0.0671   2.5976
  1.5423   0.0731   2.7145
  1.5445   0.0791   2.8326
  1.5466   0.0850   2.9516
  1.5488   0.0910   3.0717
  1.5510   0.0970   3.1929
  1.5532   0.1030   3.3151
  1.5554   0.1090   3.4383
  1.5576   0.1150   3.5625
  1.5598   0.1211   3.6878
  1.5598   0.1211   3.6878
  1.5572   0.1118   3.6932
  1.5541   0.1029   3.7015
  1.5512   0.0941   3.7122
  1.5484   0.0855   3.7244
  1.5459   0.0770   3.7378
  1.5434   0.0686   3.7521
  1.5412   0.0602   3.7670
  1.5390   0.0519   3.7825
  1.5370   0.0436   3.7982
  1.5351   0.0352   3.8141
  1.5333   0.0269   3.8300
  1.5316   0.0186   3.8459
  1.5300   0.0102   3.8615
  1.5285   0.0018   3.8769
  1.5271  -0.0066   3.8919
  1.5257  -0.0151   3.9066
  1.5245  -0.0236   3.9208
  1.5233  -0.0322   3.9345
  1.5222  -0.0409   3.9477
  1.5212  -0.0496   3.9604
  1.5202  -0.0583   3.9724
  1.5194  -0.0671   3.9838
  1.5186  -0.0760   3.9946
  1.5178  -0.0850   4.0047
  1.5172  -0.0940   4.0141
  1.5166  -0.1031   4.0228
  1.5160  -0.1123   4.0308
  1.5156  -0.1215   4.0381
  1.5152  -0.1308   4.0445
  1.5149  -0.1402   4.0502
  1.5146  -0.1496   4.0551
  1.5144  -0.1591   4.0592
  1.5143  -0.1687   4.0625
  1.5143  -0.1784   4.0649
  1.5143  -0.1881   4.0665
  1.5144  -0.1980   4.0673
  1.5145  -0.2078   4.0671
  1.5148  -0.2178   4.0661
  1.5151  -0.2279   4.0642
  1.5155  -0.2380   4.0614
  1.5159  -0.2482   4.0577
  1.5164  -0.2585   4.0531
  1.5170  -0.2688   4.0475
  1.5177  -0.2793   4.0410
  1.5185  -0.2898   4.0336
  1.5193  -0.3004   4.0252
  1.5202  -0.3111   4.0158
  1.5212  -0.3219   4.0055
  1.5223  -0.3327   3.9943
  1.5234  -0.3436   3.9821
  1.5246  -0.3546   3.9689
  1.5259  -0.3657   3.9547
  1.5273  -0.3769   3.9396
  1.5288  -0.3882   3.9236
  1.5303  -0.3995   3.9066
  1.5320  -0.4110   3.8886
  1.5337  -0.4225   3.8698
  1.5355  -0.4341   3.8501
  1.5374  -0.4458   3.8295
  1.5393  -0.4575   3.8082
  1.5414  -0.4694   3.7860
  1.5435  -0.4813   3.7632
  1.5457  -0.4933   3.7398
  1.5480  -0.5054   3.7158
  1.5504  -0.5176   3.6914
  1.5529  -0.5298   3.6667
  1.5554  -0.5421   3.6418
  1.5581  -0.5544   3.6170
  1.5512  -0.5619   3.6784
  1.5495  -0.5467   3.5157
  1.5479  -0.5299   3.3418
  1.5465  -0.5131   3.1696
  1.5450  -0.4965   3.0005
  1.5435  -0.4800   2.8345
  1.5421  -0.4637   2.6715
  1.5406  -0.4474   2.5115
  1.5391  -0.4313   2.3544
  1.5376  -0.4153   2.2002
  1.5361  -0.3995   2.0488
  1.5346  -0.3837   1.9001
  1.5332  -0.3681   1.7541
  1.5317  -0.3526   1.6108
  1.5302  -0.3372   1.4700
  1.5287  -0.3219   1.3318
  1.5272  -0.3067   1.1961
  1.5257  -0.2916   1.0629
  1.5243  -0.2766   0.9321
  1.5228  -0.2617   0.8036
  1.5214  -0.2469   0.6775
  1.5200  -0.2322   0.5537
  1.5185  -0.2176   0.4321
  1.5171  -0.2030   0.3127
  1.5157  -0.1886   0.1956
  1.5144  -0.1742   0.0805
  1.5130  -0.1600  -0.0324
  1.5117  -0.1458  -0.1432
  1.5104  -0.1317  -0.2520
  1.5091  -0.1177  -0.3588
  1.5078  -0.1037  -0.4636
  1.5066  -0.0899  -0.5664
  1.5054  -0.0761  -0.6673
  1.5042  -0.0624  -0.7662
  1.5031  -0.0488  -0.8633
  1.5020  -0.0353  -0.9585
  1.5009  -0.0219  -1.0519
  1.4998  -0.0085  -1.1434
  1.4988   0.0048  -1.2332
  1.4978   0.0180  -1.3212
  1.4968   0.0311  -1.4074
  1.4959   0.0441  -1.4919
  1.4950   0.0571  -1.5747
  1.4942   0.0700  -1.6557
  1.4934   0.0828  -1.7351
  1.4926   0.0955  -1.8128
  1.4918   0.1081  -1.8889
  1.4911   0.1207  -1.9634
  1.4904   0.1332  -2.0362
  1.4898   0.1456  -2.1074
  1.4892   0.1579  -2.1770
  1.4886   0.1701  -2.2451
  1.4881   0.1823  -2.3116
  1.4876   0.1944  -2.3765
  1.4871   0.2064  -2.4400
  1.4866   0.2183  -2.5018
  1.4862   0.2302  -2.5622
  1.4858   0.2419  -2.6211
  1.4855   0.2536  -2.6785
  1.4852   0.2652  -2.7344
  1.4849   0.2768  -2.7889
  1.4846   0.2882  -2.8419
  1.4843   0.2996  -2.8935
  1.4841   0.3109  -2.9436
  1.4839   0.3221  -2.9923
  1.4837   0.3333  -3.0396
  1.4836   0.3443  -3.0855
  1.4834   0.3553  -3.1299
  1.4833   0.3663  -3.1730
  1.4832   0.3771  -3.2148
  1.4831   0.3879  -3.2551
  1.4830   0.3986  -3.2941
  1.4830   0.3986  -3.2941
  1.4794   0.3895  -3.2398
  1.4755   0.3808  -3.1795
  1.4719   0.3725  -3.1228
  1.4684   0.3644  -3.0674
  1.4652   0.3564  -3.0187
  1.4622   0.3484  -2.9739
  1.4594   0.3405  -2.9327
  1.4568   0.3326  -2.8947
  1.4543   0.3247  -2.8596
  1.4520   0.3168  -2.8272
  1.4497   0.3089  -2.7974
  1.4476   0.3009  -2.7699
  1.4456   0.2928  -2.7445
  1.4437   0.2847  -2.7212
  1.4418   0.2765  -2.6997
  1.4401   0.2682  -2.6801
  1.4383   0.2598  -2.6622
  1.4367   0.2513  -2.6459
  1.4351   0.2427  -2.6312
  1.4336   0.2341  -2.6180
  1.4322   0.2253  -2.6062
  1.4308   0.2164  -2.5958
  1.4294   0.2075  -2.5868
  1.4282   0.1984  -2.5790
  1.4270   0.1893  -2.5724
  1.4258   0.1800  -2.5671
  1.4247   0.1707  -2.5629
  1.4237   0.1613  -2.5598
  1.4228   0.1518  -2.5578
  1.4219   0.1422  -2.5568
  1.4211   0.1325  -2.5569
  1.4204   0.1227  -2.5579
  1.4197   0.1129  -2.5599
  1.4191   0.1030  -2.5628
  1.4186   0.0930  -2.5665
  1.4182   0.0829  -2.5712
  1.4179   0.0728  -2.5766
  1.4176   0.0626  -2.5829
  1.4174   0.0523  -2.5900
  1.4173   0.0420  -2.5978
  1.4173   0.0316  -2.6064
  1.4174   0.0212  -2.6157
  1.4175   0.0107  -2.6257
  1.4178   0.0001  -2.6364
  1.4181  -0.0105  -2.6479
  1.4185  -0.0211  -2.6600
  1.4191  -0.0318  -2.6728
  1.4197  -0.0426  -2.6864
  1.4204  -0.0534  -2.7006
  1.4212  -0.0643  -2.7155
  1.4221  -0.0752  -2.7312
  1.4231  -0.0862  -2.7477
  1.4242  -0.0972  -2.7650
  1.4254  -0.1083  -2.7831
  1.4267  -0.1194  -2.8021
  1.4281  -0.1306  -2.8222
  1.4296  -0.1419  -2.8433
  1.4312  -0.1532  -2.8656
  1.4329  -0.1646  -2.8892
  1.4348  -0.1761  -2.9142
  1.4367  -0.1877  -2.9410
  1.4388  -0.1995  -2.9696
  1.4410  -0.2113  -3.0003
  1.4434  -0.2234  -3.0335
  1.4459  -0.2356  -3.0696
  1.4486  -0.2480  -3.1090
  1.4514  -0.2606  -3.1522
  1.4545  -0.2735  -3.1998
  1.4526  -0.2854  -3.2858
  1.4529  -0.2801  -3.2309
  1.4538  -0.2740  -3.1772
  1.4547  -0.2678  -3.1232
  1.4557  -0.2617  -3.0685
  1.4567  -0.2555  -3.0131
  1.4578  -0.2495  -2.9569
  1.4588  -0.2434  -2.9001
  1.4599  -0.2374  -2.8424
  1.4610  -0.2313  -2.7840
  1.4621  -0.2254  -2.7249
  1.4632  -0.2194  -2.6649
  1.4644  -0.2134  -2.6042
  1.4655  -0.2075  -2.5427
  1.4667  -0.2016  -2.4804
  1.4679  -0.1957  -2.4173
  1.4692  -0.1898  -2.3534
  1.4704  -0.1839  -2.2887
  1.4717  -0.1781  -2.2232
  1.4729  -0.1722  -2.1568
  1.4742  -0.1664  -2.0896
  1.4755  -0.1606  -2.0215
  1.4769  -0.1548  -1.9526
  1.4782  -0.1490  -1.8828
  1.4795  -0.1432  -1.8121
  1.4809  -0.1374  -1.7405
  1.4823  -0.1316  -1.6680
  1.4837  -0.1258  -1.5946
  1.4851  -0.1200  -1.5202
  1.4865  -0.1142  -1.4449
  1.4879  -0.1084  -1.3687
  1.4893  -0.1026  -1.2916
  1.4908  -0.0969  -1.2134
  1.4922  -0.0911  -1.1343
  1.4937  -0.0853  -1.0542
  1.4951  -0.0795  -0.9731
  1.4966  -0.0737  -0.8910
  1.4981  -0.0679  -0.8079
  1.4996  -0.0621  -0.7238
  1.5011  -0.0563  -0.6386
  1.5026  -0.0505  -0.5524
  1.5042  -0.0447  -0.4652
  1.5057  -0.0388  -0.3769
  1.5072  -0.0330  -0.2875
  1.5088  -0.0272  -0.1971
  1.5103  -0.0213  -0.1056
  1.5119  -0.0155  -0.0130
  1.5135  -0.0096   0.0806
  1.5150  -0.0037   0.1754
  1.5166   0.0022   0.2712
  1.5182   0.0081   0.3681
  1.5198   0.0140   0.4661
  1.5215   0.0199   0.5653
  1.5231   0.0258   0.6655
  1.5247   0.0317   0.7668
  1.5264   0.0377   0.8692
  1.5280   0.0436   0.9727
  1.5297   0.0496   1.0773
  1.5313   0.0556   1.1831
  1.5330   0.0616   1.2899
  1.5347   0.0675   1.3978
  1.5364   0.0735   1.5068
  1.5381   0.0795   1.6169
  1.5398   0.0856   1.7281
  1.5416   0.0916   1.8404
  1.5433   0.0976   1.9538
  1.5450   0.1036   2.0683
  1.5468   0.1097   2.1838
  1.5486   0.1157   2.3004
  1.5504   0.1217   2.4181
  1.5521   0.1278   2.5369
  1.5540   0.1338   2.6567
  1.5558   0.1399   2.7775
  1.5576   0.1459   2.8994
  1.5594   0.1520   3.0224
  1.5613   0.1581   3.1463
  1.5631   0.1641   3.2713
  1.5650   0.1702   3.3973
  1.5668   0.1762   3.5242
  1.5687   0.1823   3.6521
  1.5687   0.1823   3.6521
  1.5661   0.1732   3.6613
  1.5631   0.1645   3.6737
  1.5602   0.1559   3.6879
  1.5575   0.1474   3.7034
  1.5549   0.1390   3.7197
  1.5526   0.1306   3.7367
  1.5503   0.1223   3.7541
  1.5482   0.1140   3.7718
  1.5462   0.1058   3.7897
  1.5443   0.0975   3.8075
  1.5426   0.0892   3.8252
  1.5409   0.0809   3.8427
  1.5393   0.0726   3.8600
  1.5378   0.0642   3.8769
  1.5364   0.0558   3.8934
  1.5351   0.0474   3.9094
  1.5339   0.0389   3.9250
  1.5328   0.0303   3.9400
  1.5317   0.0217   3.9544
  1.5307   0.0130   3.9683
  1.5298   0.0043   3.9814
  1.5289  -0.0045   3.9940
  1.5281  -0.0134   4.0058
  1.5274  -0.0223   4.0170
  1.5267  -0.0313   4.0274
  1.5261  -0.0403   4.0370
  1.5256  -0.0495   4.0459
  1.5252  -0.0587   4.0540
  1.5248  -0.0680   4.0613
  1.5245  -0.0773   4.0678
  1.5242  -0.0867   4.0735
  1.5240  -0.0962   4.0783
  1.5239  -0.1058   4.0823
  1.5238  -0.1155   4.0853
  1.5238  -0.1252   4.0875
  1.5239  -0.1350   4.0888
  1.5240  -0.1449   4.0892
  1.5242  -0.1548   4.0887
  1.5245  -0.1649   4.0872
  1.5249  -0.1750   4.0848
  1.5253  -0.1852   4.0814
  1.5258  -0.1955   4.0770
  1.5263  -0.2059   4.0717
  1.5270  -0.2163   4.0654
  1.5277  -0.2268   4.0581
  1.5284  -0.2374   4.0497
  1.5293  -0.2481   4.0404
  1.5302  -0.2589   4.0300
  1.5312  -0.2698   4.0186
  1.5323  -0.2807   4.0062
  1.5335  -0.2917   3.9927
  1.5347  -0.3029   3.9782
  1.5360  -0.3141   3.9626
  1.5374  -0.3254   3.9459
  1.5389  -0.3367   3.9282
  1.5405  -0.3482   3.9095
  1.5421  -0.3597   3.8897
  1.5438  -0.3714   3.8689
  1.5457  -0.3831   3.8471
  1.5475  -0.3949   3.8243
  1.5495  -0.4068   3.8005
  1.5516  -0.4188   3.7758
  1.5537  -0.4308   3.7501
  1.5559  -0.4430   3.7237
  1.5583  -0.4552   3.6964
  1.5607  -0.4674   3.6685
  1.5631  -0.4798   3.6400
  1.5657  -0.4921   3.6110
  1.5567  -0.5006   3.6827
  1.5550  -0.4857   3.5177
  1.5536  -0.4693   3.3427
  1.5522  -0.4528   3.1690
  1.5509  -0.4364   2.9967
  1.5495  -0.4200   2.8276
  1.5482  -0.4038   2.6616
  1.5468  -0.3877   2.4988
  1.5455  -0.3718   2.3389
  1.5441  -0.3560   2.1821
  1.5427  -0.3403   2.0282
  1.5413  -0.3247   1.8772
  1.5398  -0.3092   1.7289
  1.5384  -0.2939   1.5835
  1.5370  -0.2786   1.4407
  1.5355  -0.2635   1.3006
  1.5341  -0.2484   1.1631
  1.5327  -0.2335   1.0282
  1.5312  -0.2187   0.8958
  1.5298  -0.2039   0.7659
  1.5284  -0.1893   0.6385
  1.5269  -0.1747   0.5134
  1.5255  -0.1603   0.3907
  1.5241  -0.1459   0.2704
  1.5227  -0.1317   0.1523
  1.5213  -0.1175   0.0365
  1.5199  -0.1034  -0.0772
  1.5186  -0.0894  -0.1886
  1.5172  -0.0755  -0.2978
  1.5159  -0.0617  -0.4050
  1.5146  -0.0480  -0.5100
  1.5133  -0.0344  -0.6130
  1.5121  -0.0209  -0.7139
  1.5108  -0.0074  -0.8129
  1.5096   0.0060  -0.9098
  1.5084   0.0192  -1.0048
  1.5073   0.0324  -1.0978
  1.5061   0.0455  -1.1889
  1.5050   0.0585  -1.2782
  1.5039   0.0714  -1.3655
  1.5029   0.0843  -1.4510
  1.5019   0.0970  -1.5346
  1.5009   0.1096  -1.6165
  1.4999   0.1222  -1.6965
  1.4990   0.1347  -1.7748
  1.4981   0.1470  -1.8513
  1.4972   0.1593  -1.9260
  1.4964   0.1715  -1.9991
  1.4955   0.1836  -2.0704
  1.4948   0.1956  -2.1400
  1.4940   0.2075  -2.2079
  1.4933   0.2193  -2.2741
  1.4926   0.2311  -2.3387
  1.4919   0.2427  -2.4017
  1.4913   0.2542  -2.4630
  1.4907   0.2657  -2.5226
  1.4901   0.2770  -2.5807
  1.4895   0.2883  -2.6372
  1.4890   0.2995  -2.6921
  1.4885   0.3105  -2.7454
  1.4880   0.3215  -2.7971
  1.4875   0.3324  -2.8473
  1.4870   0.3432  -2.8960
  1.4866   0.3539  -2.9431
  1.4862   0.3645  -2.9886
  1.4858   0.3750  -3.0327
  1.4854   0.3855  -3.0752
  1.4850   0.3958  -3.1163
  1.4846   0.4060  -3.1558
  1.4843   0.4162  -3.1939
  1.4839   0.4262  -3.2305
  1.4835   0.4362  -3.2656
  1.4835   0.4362  -3.2656
  1.4799   0.4274  -3.2115
  1.4759   0.4189  -3.1515
  1.4722   0.4108  -3.0946
  1.4686   0.4030  -3.0390
  1.4653   0.3952  -2.9899
  1.4622   0.3875  -2.9447
  1.4594   0.3798  -2.9029
  1.4567   0.3721  -2.8643
  1.4542   0.3643  -2.8287
  1.4518   0.3566  -2.7958
  1.4496   0.3488  -2.7654
  1.4474   0.3410  -2.7373
  1.4454   0.3330  -2.7114
  1.4434   0.3250  -2.6875
  1.4415   0.3169  -2.6656
  1.4397   0.3087  -2.6456
  1.4379   0.3005  -2.6273
  1.4363   0.2921  -2.6107
  1.4347   0.2836  -2.5956
  1.4331   0.2750  -2.5822
  1.4316   0.2663  -2.5702
  1.4302   0.2576  -2.5596
  1.4288   0.2487  -2.5504
  1.4275   0.2397  -2.5425
  1.4263   0.2306  -2.5359
  1.4251   0.2214  -2.5305
  1.4240   0.2121  -2.5263
  1.4230   0.2027  -2.5233
  1.4220   0.1932  -2.5214
  1.4211   0.1837  -2.5205
  1.4203   0.1740  -2.5207
  1.4196   0.1643  -2.5219
  1.4189   0.1544  -2.5241
  1.4183   0.1445  -2.5272
  1.4178   0.1345  -2.5312
  1.4173   0.1245  -2.5361
  1.4170   0.1143  -2.5418
  1.4167   0.1041  -2.5484
  1.4165   0.0938  -2.5558
  1.4164   0.0835  -2.5640
  1.4164   0.0731  -2.5729
  1.4165   0.0626  -2.5826
  1.4166   0.0520  -2.5930
  1.4169   0.0414  -2.6041
  1.4173   0.0308  -2.6159
  1.4177   0.0201  -2.6284
  1.4182   0.0093  -2.6416
  1.4189  -0.0015  -2.6556
  1.4196  -0.0124  -2.6702
  1.4204  -0.0233  -2.6855
  1.4214  -0.0343  -2.7016
  1.4224  -0.0454  -2.7185
  1.4235  -0.0565  -2.7361
  1.4248  -0.0677  -2.7546
  1.4261  -0.0789  -2.7740
  1.4276  -0.0902  -2.7944
  1.4291  -0.1016  -2.8159
  1.4308  -0.1131  -2.8385
  1.4326  -0.1246  -2.8624
  1.4345  -0.1363  -2.8877
  1.4365  -0.1481  -2.9147
  1.4387  -0.1600  -2.9435
  1.4410  -0.1720  -2.9745
  1.4434  -0.1843  -3.0078
  1.4460  -0.1967  -3.0440
  1.4487  -0.2094  -3.0834
  1.4516  -0.2223  -3.1265
  1.4547  -0.2355  -3.1740
  1.4525  -0.2478  -3.2631
  1.4530  -0.2428  -3.2106
  1.4540  -0.2370  -3.1590
  1.4550  -0.2312  -3.1072
  1.4561  -0.2254  -3.0547
  1.4573  -0.2196  -3.0015
  1.4584  -0.2138  -2.9475
  1.4595  -0.2081  -2.8927
  1.4607  -0.2023  -2.8372
  1.4619  -0.1966  -2.7808
  1.4631  -0.1909  -2.7237
  1.4643  -0.1853  -2.6658
  1.4656  -0.1796  -2.6071
  1.4668  -0.1740  -2.5476
  1.4681  -0.1684  -2.4872
  1.4694  -0.1628  -2.4260
  1.4707  -0.1572  -2.3640
  1.4720  -0.1516  -2.3012
  1.4733  -0.1460  -2.2375
  1.4746  -0.1405  -2.1730
  1.4760  -0.1349  -2.1076
  1.4773  -0.1294  -2.0413
  1.4787  -0.1238  -1.9741
  1.4801  -0.1183  -1.9060
  1.4815  -0.1128  -1.8370
  1.4829  -0.1073  -1.7671
  1.4843  -0.1018  -1.6963
  1.4857  -0.0962  -1.6246
  1.4871  -0.0907  -1.5519
  1.4885  -0.0852  -1.4782
  1.4900  -0.0797  -1.4036
  1.4914  -0.0742  -1.3279
  1.4929  -0.0687  -1.2514
  1.4944  -0.0632  -1.1738
  1.4958  -0.0576  -1.0952
  1.4973  -0.0521  -1.0155
  1.4988  -0.0466  -0.9349
  1.5003  -0.0410  -0.8532
  1.5018  -0.0355  -0.7705
  1.5033  -0.0299  -0.6867
  1.5048  -0.0244  -0.6019
  1.5063  -0.0188  -0.5160
  1.5078  -0.0132  -0.4290
  1.5093  -0.0077  -0.3409
  1.5109  -0.0021  -0.2518
  1.5124   0.0035  -0.1615
  1.5139   0.0092  -0.0702
  1.5155   0.0148   0.0222
  1.5170   0.0204   0.1158
  1.5186   0.0261   0.2105
  1.5201   0.0317   0.3062
  1.5217   0.0374   0.4031
  1.5233   0.0431   0.5011
  1.5249   0.0488   0.6003
  1.5264   0.0545   0.7006
  1.5280   0.0602   0.8020
  1.5296   0.0659   0.9045
  1.5312   0.0716   1.0081
  1.5329   0.0774   1.1129
  1.5345   0.0832   1.2188
  1.5361   0.0889   1.3258
  1.5377   0.0947   1.4339
  1.5394   0.1005   1.5432
  1.5410   0.1063   1.6536
  1.5427   0.1121   1.7651
  1.5444   0.1179   1.8777
  1.5460   0.1237   1.9914
  1.5477   0.1296   2.1062
  1.5494   0.1354   2.2221
  1.5511   0.1413   2.3391
  1.5528   0.1471   2.4572
  1.5546   0.1530   2.5764
  1.5563   0.1588   2.6966
  1.5580   0.1647   2.8179
  1.5598   0.1705   2.9403
  1.5615   0.1764   3.0637
  1.5633   0.1823   3.1882
  1.5651   0.1882   3.3137
  1.5668   0.1940   3.4402
  1.5686   0.1999   3.5677
  1.5686   0.1999   3.5677
  1.5660   0.1909   3.5769
  1.5630   0.1821   3.5894
  1.5601   0.1735   3.6037
  1.5574   0.1650   3.6193
  1.5549   0.1566   3.6357
  1.5525   0.1482   3.6528
  1.5503   0.1399   3.6703
  1.5481   0.1317   3.6880
  1.5462   0.1234   3.7059
  1.5443   0.1151   3.7238
  1.5425   0.1069   3.7416
  1.5409   0.0986   3.7592
  1.5393   0.0902   3.7765
  1.5378   0.0819   3.7934
  1.5365   0.0735   3.8100
  1.5351   0.0650   3.8260
  1.5339   0.0565   3.8416
  1.5328   0.0480   3.8567
  1.5317   0.0394   3.8711
  1.5307   0.0307   3.8850
  1.5298   0.0220   3.8982
  1.5289   0.0132   3.9108
  1.5281   0.0044   3.9226
  1.5274  -0.0045   3.9338
  1.5268  -0.0135   3.9442
  1.5262  -0.0226   3.9539
  1.5256  -0.0317   3.9628
  1.5252  -0.0409   3.9710
  1.5248  -0.0502   3.9783
  1.5245  -0.0595   3.9848
  1.5242  -0.0689   3.9905
  1.5240  -0.0784   3.9954
  1.5239  -0.0880   3.9994
  1.5238  -0.0976   4.0025
  1.5238  -0.1074   4.0047
  1.5239  -0.1172   4.0061
  1.5240  -0.1270   4.0065
  1.5242  -0.1370   4.0060
  1.5245  -0.1470   4.0046
  1.5248  -0.1571   4.0022
  1.5252  -0.1673   3.9989
  1.5257  -0.1776   3.9946
  1.5263  -0.1880   3.9893
  1.5269  -0.1984   3.9831
  1.5276  -0.2089   3.9758
  1.5284  -0.2195   3.9676
  1.5292  -0.2302   3.9583
  1.5301  -0.2410   3.9481
  1.5311  -0.2518   3.9368
  1.5322  -0.2627   3.9244
  1.5333  -0.2738   3.9111
  1.5346  -0.2849   3.8967
  1.5359  -0.2961   3.8812
  1.5373  -0.3073   3.8647
  1.5387  -0.3187   3.8472
  1.5403  -0.3302   3.8286
  1.5419  -0.3417   3.8090
  1.5436  -0.3533   3.7884
  1.5454  -0.3650   3.7667
  1.5473  -0.3768   3.7441
  1.5493  -0.3887   3.7205
  1.5513  -0.4007   3.6960
  1.5534  -0.4127   3.6706
  1.5556  -0.4248   3.6443
  1.5579  -0.4370   3.6173
  1.5603  -0.4493   3.5896
  1.5628  -0.4616   3.5614
  1.5654  -0.4740   3.5326
  1.5563  -0.4824   3.6044
  1.5547  -0.4678   3.4415
  1.5533  -0.4515   3.2666
  1.5520  -0.4352   3.0934
  1.5506  -0.4190   2.9233
  1.5493  -0.4030   2.7563
  1.5480  -0.3871   2.5925
  1.5466  -0.3713   2.4317
  1.5452  -0.3557   2.2739
  1.5439  -0.3401   2.1190
  1.5425  -0.3247   1.9671
  1.5411  -0.3094   1.8179
  1.5397  -0.2942   1.6715
  1.5382  -0.2791   1.5279
  1.5368  -0.2642   1.3869
  1.5354  -0.2493   1.2485
  1.5340  -0.2345   1.1127
  1.5325  -0.2198   0.9795
  1.5311  -0.2053   0.8487
  1.5297  -0.1908   0.7204
  1.5283  -0.1764   0.5945
  1.5269  -0.1621   0.4710
  1.5254  -0.1480   0.3498
  1.5240  -0.1339   0.2309
  1.5227  -0.1199   0.1142
  1.5213  -0.1059  -0.0002
  1.5199  -0.0921  -0.1125
  1.5186  -0.0784  -0.2225
  1.5172  -0.0647  -0.3305
  1.5159  -0.0512  -0.4363
  1.5146  -0.0377  -0.5401
  1.5134  -0.0243  -0.6419
  1.5121  -0.0110  -0.7416
  1.5109   0.0022  -0.8393
  1.5097   0.0153  -0.9351
  1.5085   0.0284  -1.0289
  1.5074   0.0413  -1.1208
  1.5062   0.0542  -1.2108
  1.5051   0.0670  -1.2990
  1.5041   0.0796  -1.3853
  1.5030   0.0922  -1.4697
  1.5020   0.1047  -1.5523
  1.5010   0.1172  -1.6332
  1.5001   0.1295  -1.7122
  1.4992   0.1417  -1.7895
  1.4983   0.1539  -1.8651
  1.4974   0.1660  -1.9389
  1.4966   0.1779  -2.0110
  1.4958   0.1898  -2.0814
  1.4950   0.2016  -2.1501
  1.4942   0.2133  -2.2171
  1.4935   0.2249  -2.2825
  1.4928   0.2364  -2.3463
  1.4922   0.2478  -2.4084
  1.4915   0.2592  -2.4689
  1.4909   0.2704  -2.5277
  1.4903   0.2816  -2.5850
  1.4898   0.2926  -2.6407
  1.4892   0.3036  -2.6948
  1.4887   0.3145  -2.7474
  1.4882   0.3253  -2.7984
  1.4878   0.3359  -2.8478
  1.4873   0.3465  -2.8958
  1.4869   0.3571  -2.9422
  1.4864   0.3675  -2.9871
  1.4860   0.3778  -3.0304
  1.4856   0.3880  -3.0723
  1.4852   0.3982  -3.1127
  1.4849   0.4083  -3.1516
  1.4845   0.4182  -3.1890
  1.4841   0.4281  -3.2249
  1.4837   0.4379  -3.2594
  1.4837   0.4379  -3.2594
  1.4801   0.4290  -3.2054
  1.4761   0.4206  -3.1454
  1.4724   0.4125  -3.0885
  1.4688   0.4046  -3.0331
  1.4655   0.3968  -2.9841
  1.4625   0.3890  -2.9389
  1.4596   0.3813  -2.8972
  1.4570   0.3736  -2.8587
  1.4545   0.3658  -2.8232
  1.4521   0.3581  -2.7904
  1.4498   0.3503  -2.7600
  1.4477   0.3424  -2.7320
  1.4456   0.3345  -2.7062
  1.4437   0.3264  -2.6824
  1.4418   0.3183  -2.6606
  1.4400   0.3101  -2.6406
  1.4382   0.3019  -2.6224
  1.4366   0.2935  -2.6058
  1.4350   0.2850  -2.5908
  1.4334   0.2764  -2.5774
  1.4319   0.2677  -2.5654
  1.4305   0.2589  -2.5549
  1.4291   0.2500  -2.5457
  1.4279   0.2410  -2.5378
  1.4266   0.2319  -2.5312
  1.4255   0.2227  -2.5258
  1.4244   0.2134  -2.5217
  1.4233   0.2040  -2.5186
  1.4224   0.1945  -2.5167
  1.4215   0.1850  -2.5158
  1.4206   0.1753  -2.5160
  1.4199   0.1655  -2.5172
  1.4192   0.1557  -2.5193
  1.4186   0.1458  -2.5224
  1.4181   0.1358  -2.5263
  1.4177   0.1257  -2.5312
  1.4173   0.1156  -2.5369
  1.4171   0.1054  -2.5435
  1.4169   0.0951  -2.5508
  1.4168   0.0848  -2.5589
  1.4168   0.0743  -2.5678
  1.4168   0.0639  -2.5774
  1.4170   0.0533  -2.5878
  1.4173   0.0427  -2.5988
  1.4176   0.0321  -2.6106
  1.4181   0.0214  -2.6231
  1.4186   0.0106  -2.6362
  1.4193  -0.0002  -2.6501
  1.4200  -0.0111  -2.6647
  1.4208  -0.0220  -2.6800
  1.4218  -0.0330  -2.6960
  1.4228  -0.0441  -2.7128
  1.4239  -0.0552  -2.7304
  1.4252  -0.0663  -2.7489
  1.4265  -0.0776  -2.7682
  1.4279  -0.0889  -2.7886
  1.4295  -0.1002  -2.8100
  1.4312  -0.1117  -2.8325
  1.4329  -0.1232  -2.8564
  1.4348  -0.1349  -2.8817
  1.4369  -0.1467  -2.9086
  1.4390  -0.1586  -2.9374
  1.4413  -0.1706  -2.9683
  1.4437  -0.1828  -3.0016
  1.4463  -0.1952  -3.0377
  1.4490  -0.2079  -3.0770
  1.4520  -0.2208  -3.1201
  1.4551  -0.2340  -3.1676
  1.4528  -0.2463  -3.2567
  1.4533  -0.2413  -3.2045
  1.4543  -0.2356  -3.1534
  1.4554  -0.2298  -3.1020
  1.4565  -0.2240  -3.0498
  1.4576  -0.2182  -2.9970
  1.4588  -0.2125  -2.9433
  1.4600  -0.2068  -2.8889
  1.4611  -0.2011  -2.8336
  1.4623  -0.1954  -2.7776
  1.4636  -0.1897  -2.7208
  1.4648  -0.1841  -2.6631
  1.4660  -0.1785  -2.6047
  1.4673  -0.1729  -2.5454
  1.4686  -0.1673  -2.4853
  1.4699  -0.1617  -2.4244
  1.4712  -0.1561  -2.3626
  1.4725  -0.1506  -2.3000
  1.4738  -0.1450  -2.2365
  1.4751  -0.1395  -2.1721
  1.4765  -0.1339  -2.1069
  1.4778  -0.1284  -2.0407
  1.4792  -0.1229  -1.9737
  1.4806  -0.1174  -1.9057
  1.4820  -0.1119  -1.8369
  1.4834  -0.1064  -1.7671
  1.4848  -0.1009  -1.6964
  1.4862  -0.0954  -1.6247
  1.4876  -0.0898  -1.5521
  1.4891  -0.0843  -1.4785
  1.4905  -0.0788  -1.4039
  1.4919  -0.0733  -1.3283
  1.4934  -0.0678  -1.2518
  1.4949  -0.0623  -1.1742
  1.4963  -0.0568  -1.0956
  1.4978  -0.0512  -1.0160
  1.4993  -0.0457  -0.9353
  1.5008  -0.0402  -0.8536
  1.5022  -0.0346  -0.7708
  1.5037  -0.0291  -0.6870
  1.5052  -0.0235  -0.6021
  1.5067  -0.0179  -0.5161
  1.5083  -0.0124  -0.4291
  1.5098  -0.0068  -0.3409
  1.5113  -0.0012  -0.2516
  1.5128   0.0045  -0.1613
  1.5144   0.0101  -0.0698
  1.5159   0.0157   0.0228
  1.5174   0.0214   0.1165
  1.5190   0.0270   0.2113
  1.5205   0.0327   0.3073
  1.5221   0.0384   0.4044
  1.5237   0.0441   0.5026
  1.5252   0.0498   0.6020
  1.5268   0.0555   0.7024
  1.5284   0.0613   0.8041
  1.5300   0.0670   0.9068
  1.5316   0.0728   1.0107
  1.5332   0.0786   1.1158
  1.5348   0.0844   1.2220
  1.5364   0.0902   1.3293
  1.5381   0.0960   1.4377
  1.5397   0.1018   1.5473
  1.5414   0.1076   1.6580
  1.5430   0.1135   1.7698
  1.5447   0.1193   1.8828
  1.5463   0.1252   1.9969
  1.5480   0.1310   2.1120
  1.5497   0.1369   2.2283
  1.5514   0.1428   2.3457
  1.5531   0.1487   2.4642
  1.5548   0.1546   2.5838
  1.5565   0.1605   2.7045
  1.5583   0.1664   2.8263
  1.5600   0.1723   2.9491
  1.5618   0.1782   3.0730
  1.5635   0.1841   3.1980
  1.5653   0.1900   3.3240
  1.5670   0.1960   3.4510
  1.5688   0.2019   3.5790
  1.5688   0.2019   3.5790
  1.5662   0.1928   3.5882
  1.5632   0.1841   3.6006
  1.5603   0.1755   3.6147
  1.5576   0.1670   3.6302
  1.5550   0.1586   3.6465
  1.5526   0.1502   3.6635
  1.5504   0.1419   3.6809
  1.5483   0.1337   3.6986
  1.5463   0.1254   3.7164
  1.5444   0.1172   3.7342
  1.5426   0.1089   3.7520
  1.5409   0.1006   3.7695
  1.5394   0.0923   3.7867
  1.5379   0.0839   3.8036
  1.5365   0.0755   3.8201
  1.5352   0.0671   3.8361
  1.5340   0.0586   3.8516
  1.5328   0.0501   3.8666
  1.5317   0.0415   3.8811
  1.5307   0.0328   3.8949
  1.5298   0.0241   3.9080
  1.5289   0.0153   3.9205
  1.5282   0.0065   3.9324
  1.5274  -0.0024   3.9435
  1.5268  -0.0114   3.9539
  1.5262  -0.0205   3.9635
  1.5257  -0.0296   3.9724
  1.5252  -0.0388   3.9805
  1.5248  -0.0481   3.9878
  1.5245  -0.0574   3.9943
  1.5242  -0.0668   3.9999
  1.5240  -0.0763   4.0047
  1.5239  -0.0859   4.0087
  1.5238  -0.0955   4.0118
  1.5238  -0.1053   4.0140
  1.5239  -0.1151   4.0153
  1.5240  -0.1249   4.0157
  1.5242  -0.1349   4.0151
  1.5245  -0.1449   4.0137
  1.5249  -0.1550   4.0113
  1.5253  -0.1652   4.0079
  1.5258  -0.1755   4.0036
  1.5263  -0.1859   3.9983
  1.5269  -0.1963   3.9920
  1.5276  -0.2068   3.9847
  1.5284  -0.2174   3.9765
  1.5293  -0.2281   3.9672
  1.5302  -0.2389   3.9569
  1.5312  -0.2497   3.9455
  1.5323  -0.2607   3.9332
  1.5334  -0.2717   3.9197
  1.5347  -0.2828   3.9053
  1.5360  -0.2940   3.8898
  1.5374  -0.3053   3.8733
  1.5389  -0.3167   3.8557
  1.5404  -0.3281   3.8371
  1.5421  -0.3397   3.8175
  1.5438  -0.3513   3.7968
  1.5456  -0.3630   3.7752
  1.5475  -0.3748   3.7525
  1.5495  -0.3867   3.7289
  1.5515  -0.3987   3.7044
  1.5537  -0.4108   3.6789
  1.5559  -0.4229   3.6527
  1.5582  -0.4351   3.6257
  1.5606  -0.4474   3.5980
  1.5631  -0.4597   3.5698
  1.5657  -0.4721   3.5411
  1.5567  -0.4805   3.6124
  1.5551  -0.4659   3.4491
  1.5538  -0.4496   3.2738
  1.5525  -0.4333   3.1002
  1.5512  -0.4172   2.9297
  1.5499  -0.4012   2.7623
  1.5485  -0.3853   2.5981
  1.5472  -0.3695   2.4369
  1.5458  -0.3539   2.2788
  1.5445  -0.3384   2.1236
  1.5431  -0.3230   1.9712
  1.5417  -0.3077   1.8217
  1.5403  -0.2926   1.6750
  1.5389  -0.2775   1.5310
  1.5375  -0.2626   1.3897
  1.5361  -0.2477   1.2511
  1.5347  -0.2330   1.1150
  1.5333  -0.2184   0.9814
  1.5319  -0.2038   0.8504
  1.5305  -0.1894   0.7218
  1.5291  -0.1750   0.5956
  1.5277  -0.1608   0.4718
  1.5263  -0.1467   0.3503
  1.5249  -0.1326   0.2312
  1.5235  -0.1186   0.1143
  1.5222  -0.1048  -0.0004
  1.5208  -0.0910  -0.1129
  1.5195  -0.0773  -0.2232
  1.5182  -0.0637  -0.3314
  1.5169  -0.0501  -0.4375
  1.5156  -0.0367  -0.5415
  1.5143  -0.0234  -0.6434
  1.5131  -0.0101  -0.7433
  1.5119   0.0030  -0.8413
  1.5107   0.0161  -0.9372
  1.5095   0.0291  -1.0313
  1.5084   0.0420  -1.1234
  1.5072   0.0548  -1.2136
  1.5062   0.0676  -1.3019
  1.5051   0.0802  -1.3883
  1.5041   0.0928  -1.4730
  1.5031   0.1052  -1.5558
  1.5021   0.1176  -1.6368
  1.5011   0.1299  -1.7160
  1.5002   0.1421  -1.7934
  1.4993   0.1542  -1.8691
  1.4985   0.1662  -1.9431
  1.4976   0.1781  -2.0154
  1.4968   0.1900  -2.0859
  1.4960   0.2017  -2.1548
  1.4953   0.2134  -2.2220
  1.4946   0.2249  -2.2875
  1.4939   0.2364  -2.3514
  1.4932   0.2478  -2.4136
  1.4926   0.2591  -2.4742
  1.4920   0.2703  -2.5332
  1.4914   0.2814  -2.5906
  1.4908   0.2924  -2.6464
  1.4903   0.3033  -2.7007
  1.4897   0.3142  -2.7533
  1.4892   0.3249  -2.8044
  1.4888   0.3356  -2.8540
  1.4883   0.3461  -2.9020
  1.4878   0.3566  -2.9485
  1.4874   0.3670  -2.9935
  1.4870   0.3773  -3.0370
  1.4866   0.3875  -3.0790
  1.4862   0.3976  -3.1194
  1.4858   0.4076  -3.1584
  1.4854   0.4176  -3.1959
  1.4850   0.4274  -3.2320
  1.4846   0.4372  -3.2665
  1.4846   0.4372  -3.2665
  1.4810   0.4283  -3.2125
  1.4770   0.4198  -3.1525
  1.4733   0.4117  -3.0956
  1.4698   0.4038  -3.0402
  1.4665   0.3959  -2.9912
  1.4634   0.3882  -2.9461
  1.4606   0.3804  -2.9044
  1.4579   0.3727  -2.8660
  1.4554   0.3649  -2.8305
  1.4531   0.3571  -2.7977
  1.4508   0.3493  -2.7674
  1.4487   0.3414  -2.7394
  1.4466   0.3335  -2.7137
  1.4447   0.3255  -2.6899
  1.4428   0.3173  -2.6681
  1.4410   0.3091  -2.6482
  1.4393   0.3008  -2.6299
  1.4376   0.2924  -2.6134
  1.4360   0.2839  -2.5984
  1.4345   0.2753  -2.5850
  1.4330   0.2666  -2.5731
  1.4316   0.2578  -2.5625
  1.4302   0.2489  -2.5533
  1.4289   0.2399  -2.5455
  1.4277   0.2308  -2.5389
  1.4265   0.2216  -2.5335
  1.4254   0.2123  -2.5293
  1.4244   0.2029  -2.5263
  1.4234   0.1934  -2.5243
  1.4225   0.1839  -2.5234
  1.4217   0.1742  -2.5236
  1.4210   0.1644  -2.5248
  1.4203   0.1546  -2.5269
  1.4197   0.1447  -2.5299
  1.4192   0.1347  -2.5339
  1.4187   0.1246  -2.5387
  1.4184   0.1145  -2.5444
  1.4181   0.1043  -2.5509
  1.4179   0.0940  -2.5583
  1.4178   0.0836  -2.5664
  1.4178   0.0732  -2.5752
  1.4179   0.0628  -2.5848
  1.4181   0.0522  -2.5951
  1.4183   0.0416  -2.6062
  1.4187   0.0310  -2.6179
  1.4191   0.0203  -2.6304
  1.4197   0.0095  -2.6435
  1.4203  -0.0013  -2.6573
  1.4210  -0.0122  -2.6719
  1.4218  -0.0231  -2.6872
  1.4228  -0.0341  -2.7032
  1.4238  -0.0451  -2.7199
  1.4249  -0.0562  -2.7375
  1.4262  -0.0673  -2.7560
  1.4275  -0.0786  -2.7753
  1.4289  -0.0898  -2.7956
  1.4305  -0.1012  -2.8170
  1.4321  -0.1126  -2.8395
  1.4339  -0.1242  -2.8634
  1.4358  -0.1358  -2.8887
  1.4378  -0.1476  -2.9156
  1.4400  -0.1594  -2.9443
  1.4422  -0.1715  -2.9752
  1.4446  -0.1837  -3.0085
  1.4472  -0.1960  -3.0446
  1.4499  -0.2086  -3.0840
  1.4528  -0.2215  -3.1271
  1.4559  -0.2347  -3.1745
  1.4537  -0.2470  -3.2635
  1.4539  -0.2415  -3.2070
  1.4547  -0.2352  -3.1514
  1.4556  -0.2288  -3.0956
  1.4565  -0.2225  -3.0392
  1.4574  -0.2162  -2.9821
  1.4584  -0.2100  -2.9244
  1.4594  -0.2038  -2.8660
  1.4604  -0.1976  -2.8070
  1.4615  -0.1915  -2.7473
  1.4625  -0.1854  -2.6869
  1.4636  -0.1794  -2.6258
  1.4647  -0.1733  -2.5640
  1.4658  -0.1673  -2.5015
  1.4670  -0.1614  -2.4384
  1.4682  -0.1554  -2.3745
  1.4694  -0.1495  -2.3098
  1.4706  -0.1436  -2.2445
  1.4718  -0.1377  -2.1784
  1.4731  -0.1319  -2.1115
  1.4744  -0.1260  -2.0439
  1.4757  -0.1202  -1.9755
  1.4770  -0.1144  -1.9063
  1.4783  -0.1086  -1.8363
  1.4796  -0.1029  -1.7655
  1.4810  -0.0971  -1.6939
  1.4824  -0.0913  -1.6215
  1.4838  -0.0856  -1.5482
  1.4852  -0.0799  -1.4741
  1.4866  -0.0742  -1.3991
  1.4880  -0.0685  -1.3232
  1.4895  -0.0628  -1.2465
  1.4909  -0.0571  -1.1688
  1.4924  -0.0514  -1.0903
  1.4939  -0.0457  -1.0108
  1.4954  -0.0400  -0.9304
  1.4969  -0.0344  -0.8491
  1.4984  -0.0287  -0.7669
  1.4999  -0.0230  -0.6836
  1.5014  -0.0174  -0.5995
  1.5030  -0.0117  -0.5143
  1.5045  -0.0060  -0.4282
  1.5061  -0.0004  -0.3411
  1.5077   0.0053  -0.2530
  1.5093   0.0110  -0.1639
  1.5109   0.0166  -0.0738
  1.5125   0.0223   0.0173
  1.5141   0.0280   0.1094
  1.5157   0.0337   0.2026
  1.5173   0.0393   0.2968
  1.5190   0.0450   0.3920
  1.5206   0.0507   0.4882
  1.5223   0.0564   0.5855
  1.5240   0.0621   0.6838
  1.5257   0.0678   0.7831
  1.5273   0.0735   0.8835
  1.5291   0.0793   0.9850
  1.5308   0.0850   1.0874
  1.5325   0.0907   1.1910
  1.5342   0.0964   1.2955
  1.5360   0.1022   1.4011
  1.5377   0.1079   1.5078
  1.5395   0.1136   1.6155
  1.5412   0.1194   1.7242
  1.5430   0.1251   1.8340
  1.5448   0.1309   1.9448
  1.5466   0.1366   2.0566
  1.5484   0.1424   2.1695
  1.5503   0.1481   2.2833
  1.5521   0.1539   2.3983
  1.5539   0.1596   2.5142
  1.5558   0.1654   2.6312
  1.5577   0.1711   2.7491
  1.5595   0.1769   2.8681
  1.5614   0.1826   2.9881
  1.5633   0.1884   3.1091
  1.5652   0.1941   3.2312
  1.5671   0.1998   3.3542
  1.5690   0.2055   3.4782
  1.5710   0.2112   3.6032
  1.5710   0.2112   3.6032
  1.5683   0.2021   3.6111
  1.5653   0.1932   3.6220
  1.5624   0.1845   3.6351
  1.5596   0.1759   3.6492
  1.5571   0.1675   3.6642
  1.5546   0.1591   3.6799
  1.5524   0.1508   3.6960
  1.5503   0.1425   3.7125
  1.5483   0.1342   3.7292
  1.5464   0.1259   3.7459
  1.5446   0.1176   3.7625
  1.5429   0.1093   3.7790
  1.5413   0.1010   3.7953
  1.5398   0.0926   3.8113
  1.5384   0.0842   3.8269
  1.5371   0.0758   3.8421
  1.5359   0.0673   3.8569
  1.5347   0.0587   3.8712
  1.5336   0.0501   3.8849
  1.5326   0.0415   3.8981
  1.5317   0.0328   3.9107
  1.5308   0.0240   3.9227
  1.5300   0.0151   3.9340
  1.5293   0.0062   3.9447
  1.5286  -0.0028   3.9547
  1.5280  -0.0118   3.9639
  1.5275  -0.0209   3.9725
  1.5270  -0.0301   3.9803
  1.5267  -0.0394   3.9873
  1.5263  -0.0487   3.9936
  1.5261  -0.0581   3.9991
  1.5259  -0.0676   4.0038
  1.5258  -0.0772   4.0076
  1.5257  -0.0868   4.0106
  1.5257  -0.0965   4.0128
  1.5258  -0.1063   4.0141
  1.5259  -0.1162   4.0145
  1.5261  -0.1261   4.0140
  1.5264  -0.1361   4.0126
  1.5268  -0.1462   4.0103
  1.5272  -0.1564   4.0070
  1.5277  -0.1667   4.0029
  1.5283  -0.1770   3.9977
  1.5289  -0.1875   3.9917
  1.5296  -0.1980   3.9846
  1.5304  -0.2086   3.9765
  1.5313  -0.2193   3.9675
  1.5322  -0.2300   3.9575
  1.5333  -0.2409   3.9465
  1.5344  -0.2518   3.9344
  1.5355  -0.2628   3.9213
  1.5368  -0.2739   3.9073
  1.5381  -0.2851   3.8922
  1.5395  -0.2964   3.8761
  1.5410  -0.3078   3.8589
  1.5426  -0.3193   3.8408
  1.5443  -0.3308   3.8216
  1.5460  -0.3424   3.8015
  1.5478  -0.3542   3.7804
  1.5497  -0.3660   3.7583
  1.5517  -0.3779   3.7354
  1.5538  -0.3899   3.7115
  1.5559  -0.4019   3.6868
  1.5582  -0.4140   3.6613
  1.5605  -0.4262   3.6352
  1.5629  -0.4385   3.6084
  1.5654  -0.4508   3.5811
  1.5680  -0.4632   3.5535
  1.5593  -0.4716   3.6242
  1.5578  -0.4569   3.4586
  1.5565  -0.4407   3.2829
  1.5553  -0.4245   3.1073
  1.5542  -0.4083   2.9345
  1.5530  -0.3923   2.7648
  1.5517  -0.3764   2.5984
  1.5505  -0.3606   2.4350
  1.5493  -0.3450   2.2748
  1.5480  -0.3295   2.1175
  1.5468  -0.3142   1.9632
  1.5455  -0.2989   1.8118
  1.5442  -0.2838   1.6632
  1.5429  -0.2688   1.5174
  1.5416  -0.2539   1.3743
  1.5403  -0.2392   1.2339
  1.5390  -0.2245   1.0962
  1.5377  -0.2099   0.9610
  1.5364  -0.1955   0.8284
  1.5351  -0.1811   0.6983
  1.5338  -0.1669   0.5707
  1.5324  -0.1527   0.4455
  1.5311  -0.1387   0.3227
  1.5298  -0.1248   0.2022
  1.5285  -0.1109   0.0840
  1.5273  -0.0971  -0.0319
  1.5260  -0.0835  -0.1455
  1.5247  -0.0699  -0.2569
  1.5235  -0.0564  -0.3662
  1.5222  -0.0431  -0.4733
  1.5210  -0.0298  -0.5783
  1.5198  -0.0166  -0.6812
  1.5186  -0.0035  -0.7821
  1.5175   0.0096  -0.8809
  1.5163   0.0225  -0.9777
  1.5152   0.0353  -1.0725
  1.5141   0.0481  -1.1654
  1.5130   0.0607  -1.2563
  1.5120   0.0733  -1.3453
  1.5110   0.0858  -1.4325
  1.5100   0.0981  -1.5177
  1.5090   0.1104  -1.6011
  1.5080   0.1226  -1.6826
  1.5071   0.1347  -1.7624
  1.5062   0.1468  -1.8403
  1.5053   0.1587  -1.9165
  1.5045   0.1705  -1.9909
  1.5036   0.1823  -2.0635
  1.5028   0.1939  -2.1345
  1.5021   0.2055  -2.2036
  1.5013   0.2169  -2.2711
  1.5006   0.2283  -2.3369
  1.4999   0.2396  -2.4010
  1.4992   0.2508  -2.4635
  1.4985   0.2619  -2.5243
  1.4979   0.2729  -2.5835
  1.4973   0.2838  -2.6410
  1.4967   0.2946  -2.6969
  1.4961   0.3054  -2.7512
  1.4955   0.3160  -2.8039
  1.4950   0.3265  -2.8550
  1.4945   0.3370  -2.9046
  1.4940   0.3474  -2.9526
  1.4935   0.3576  -2.9990
  1.4930   0.3678  -3.0439
  1.4925   0.3779  -3.0872
  1.4920   0.3879  -3.1290
  1.4915   0.3978  -3.1693
  1.4911   0.4076  -3.2081
  1.4906   0.4174  -3.2453
  1.4902   0.4270  -3.2811
  1.4897   0.4366  -3.3153
  1.4897   0.4366  -3.3153
  1.4861   0.4276  -3.2610
  1.4822   0.4191  -3.2007
  1.4784   0.4108  -3.1433
  1.4750   0.4027  -3.0905
  1.4718   0.3947  -3.0412
  1.4688   0.3869  -2.9962
  1.4661   0.3790  -2.9547
  1.4635   0.3712  -2.9163
  1.4610   0.3634  -2.8809
  1.4587   0.3556  -2.8481
  1.4565   0.3477  -2.8178
  1.4544   0.3398  -2.7898
  1.4523   0.3318  -2.7639
  1.4504   0.3237  -2.7401
  1.4485   0.3156  -2.7181
  1.4467   0.3074  -2.6980
  1.4450   0.2990  -2.6796
  1.4433   0.2906  -2.6629
  1.4417   0.2821  -2.6477
  1.4402   0.2735  -2.6341
  1.4387   0.2648  -2.6219
  1.4373   0.2560  -2.6112
  1.4359   0.2471  -2.6018
  1.4346   0.2381  -2.5937
  1.4333   0.2290  -2.5869
  1.4322   0.2198  -2.5813
  1.4311   0.2105  -2.5769
  1.4300   0.2011  -2.5736
  1.4290   0.1917  -2.5715
  1.4281   0.1821  -2.5704
  1.4273   0.1725  -2.5704
  1.4265   0.1627  -2.5714
  1.4258   0.1529  -2.5734
  1.4252   0.1430  -2.5763
  1.4247   0.1330  -2.5802
  1.4242   0.1230  -2.5849
  1.4239   0.1129  -2.5905
  1.4236   0.1027  -2.5969
  1.4234   0.0924  -2.6042
  1.4233   0.0821  -2.6122
  1.4232   0.0717  -2.6210
  1.4233   0.0613  -2.6306
  1.4235   0.0508  -2.6409
  1.4237   0.0402  -2.6519
  1.4240   0.0296  -2.6637
  1.4245   0.0189  -2.6761
  1.4250   0.0082  -2.6892
  1.4256  -0.0026  -2.7031
  1.4263  -0.0134  -2.7177
  1.4271  -0.0243  -2.7330
  1.4280  -0.0352  -2.7490
  1.4290  -0.0462  -2.7658
  1.4301  -0.0573  -2.7835
  1.4313  -0.0684  -2.8019
  1.4326  -0.0796  -2.8213
  1.4341  -0.0909  -2.8417
  1.4356  -0.1022  -2.8631
  1.4372  -0.1136  -2.8857
  1.4390  -0.1251  -2.9096
  1.4408  -0.1367  -2.9350
  1.4428  -0.1484  -2.9620
  1.4449  -0.1602  -2.9909
  1.4472  -0.1722  -3.0219
  1.4495  -0.1843  -3.0553
  1.4521  -0.1967  -3.0916
  1.4548  -0.2092  -3.1312
  1.4576  -0.2221  -3.1745
  1.4607  -0.2352  -3.2224
  1.4639  -0.2487  -3.2754
  1.4626  -0.2593  -3.3527
  1.4627  -0.2544  -3.2963
  1.4632  -0.2485  -3.2408
  1.4639  -0.2427  -3.1851
  1.4646  -0.2368  -3.1288
  1.4654  -0.2310  -3.0719
  1.4661  -0.2252  -3.0143
  1.4669  -0.2194  -2.9560
  1.4678  -0.2136  -2.8970
  1.4686  -0.2079  -2.8373
  1.4695  -0.2021  -2.7769
  1.4703  -0.1964  -2.7158
  1.4713  -0.1907  -2.6539
  1.4722  -0.1850  -2.5913
  1.4731  -0.1793  -2.5279
  1.4741  -0.1737  -2.4638
  1.4751  -0.1680  -2.3989
  1.4761  -0.1624  -2.3333
  1.4771  -0.1568  -2.2668
  1.4782  -0.1512  -2.1996
  1.4793  -0.1455  -2.1315
  1.4803  -0.1399  -2.0626
  1.4814  -0.1344  -1.9929
  1.4826  -0.1288  -1.9224
  1.4837  -0.1232  -1.8510
  1.4848  -0.1176  -1.7787
  1.4860  -0.1120  -1.7056
  1.4872  -0.1065  -1.6316
  1.4884  -0.1009  -1.5567
  1.4896  -0.0953  -1.4809
  1.4908  -0.0898  -1.4041
  1.4920  -0.0842  -1.3265
  1.4933  -0.0786  -1.2479
  1.4946  -0.0731  -1.1684
  1.4958  -0.0675  -1.0879
  1.4971  -0.0619  -1.0065
  1.4984  -0.0563  -0.9241
  1.4997  -0.0508  -0.8407
  1.5010  -0.0452  -0.7563
  1.5024  -0.0396  -0.6709
  1.5037  -0.0340  -0.5846
  1.5051  -0.0284  -0.4972
  1.5064  -0.0228  -0.4088
  1.5078  -0.0171  -0.3193
  1.5092  -0.0115  -0.2289
  1.5106  -0.0059  -0.1374
  1.5120  -0.0002  -0.0449
  1.5134   0.0054   0.0487
  1.5149   0.0111   0.1434
  1.5163   0.0168   0.2390
  1.5178   0.0225   0.3358
  1.5192   0.0282   0.4336
  1.5207   0.0339   0.5324
  1.5222   0.0396   0.6323
  1.5237   0.0453   0.7333
  1.5252   0.0510   0.8353
  1.5268   0.0568   0.9384
  1.5283   0.0625   1.0426
  1.5298   0.0683   1.1478
  1.5314   0.0740   1.2541
  1.5330   0.0798   1.3614
  1.5346   0.0856   1.4698
  1.5362   0.0914   1.5793
  1.5378   0.0972   1.6898
  1.5394   0.1030   1.8014
  1.5411   0.1088   1.9140
  1.5427   0.1146   2.0276
  1.5444   0.1205   2.1423
  1.5461   0.1263   2.2580
  1.5478   0.1321   2.3747
  1.5495   0.1379   2.4925
  1.5512   0.1438   2.6113
  1.5530   0.1496   2.7310
  1.5547   0.1555   2.8518
  1.5565   0.1613   2.9736
  1.5582   0.1672   3.0963
  1.5600   0.1730   3.2201
  1.5618   0.1788   3.3447
  1.5636   0.1847   3.4703
  1.5655   0.1906   3.5967
  1.5655   0.1906   3.5967
  1.5628   0.1815   3.6057
  1.5598   0.1727   3.6181
  1.5569   0.1641   3.6326
  1.5542   0.1556   3.6482
  1.5517   0.1471   3.6646
  1.5493   0.1388   3.6816
  1.5470   0.1305   3.6991
  1.5449   0.1223   3.7168
  1.5429   0.1140   3.7347
  1.5410   0.1058   3.7526
  1.5393   0.0975   3.7703
  1.5376   0.0892   3.7879
  1.5360   0.0809   3.8051
  1.5345   0.0726   3.8220
  1.5331   0.0642   3.8386
  1.5318   0.0558   3.8546
  1.5306   0.0473   3.8701
  1.5294   0.0387   3.8851
  1.5283   0.0301   3.8995
  1.5273   0.0215   3.9133
  1.5264   0.0128   3.9264
  1.5255   0.0040   3.9388
  1.5247  -0.0049   3.9506
  1.5240  -0.0138   3.9616
  1.5234  -0.0228   3.9719
  1.5228  -0.0318   3.9815
  1.5222  -0.0409   3.9903
  1.5218  -0.0501   3.9982
  1.5214  -0.0594   4.0054
  1.5211  -0.0688   4.0117
  1.5208  -0.0782   4.0173
  1.5206  -0.0877   4.0219
  1.5205  -0.0972   4.0257
  1.5204  -0.1069   4.0286
  1.5204  -0.1166   4.0307
  1.5205  -0.1264   4.0318
  1.5206  -0.1363   4.0320
  1.5208  -0.1463   4.0313
  1.5211  -0.1563   4.0296
  1.5215  -0.1664   4.0271
  1.5219  -0.1766   4.0235
  1.5224  -0.1869   4.0190
  1.5229  -0.1973   4.0135
  1.5236  -0.2077   4.0071
  1.5243  -0.2182   3.9996
  1.5251  -0.2288   3.9912
  1.5259  -0.2395   3.9817
  1.5269  -0.2503   3.9713
  1.5279  -0.2612   3.9598
  1.5290  -0.2721   3.9473
  1.5302  -0.2831   3.9338
  1.5314  -0.2943   3.9193
  1.5327  -0.3055   3.9037
  1.5342  -0.3167   3.8871
  1.5356  -0.3281   3.8695
  1.5372  -0.3396   3.8509
  1.5389  -0.3511   3.8313
  1.5406  -0.3628   3.8106
  1.5424  -0.3745   3.7890
  1.5443  -0.3863   3.7665
  1.5463  -0.3982   3.7430
  1.5484  -0.4102   3.7186
  1.5505  -0.4222   3.6934
  1.5527  -0.4344   3.6674
  1.5550  -0.4466   3.6407
  1.5574  -0.4589   3.6133
  1.5599  -0.4712   3.5854
  1.5625  -0.4836   3.5571
  1.5539  -0.4918   3.6266
  1.5522  -0.4771   3.4640
  1.5508  -0.4608   3.2895
  1.5495  -0.4445   3.1168
  1.5482  -0.4283   2.9471
  1.5468  -0.4123   2.7805
  1.5455  -0.3963   2.6171
  1.5441  -0.3805   2.4567
  1.5427  -0.3649   2.2992
  1.5413  -0.3493   2.1446
  1.5399  -0.3339   1.9929
  1.5385  -0.3185   1.8441
  1.5371  -0.3033   1.6979
  1.5357  -0.2882   1.5545
  1.5343  -0.2732   1.4137
  1.5329  -0.2583   1.2755
  1.5314  -0.2435   1.1399
  1.5300  -0.2289   1.0068
  1.5286  -0.2143   0.8761
  1.5272  -0.1998   0.7479
  1.5258  -0.1854   0.6221
  1.5244  -0.1711   0.4986
  1.5230  -0.1568   0.3774
  1.5216  -0.1427   0.2585
  1.5202  -0.1287   0.1418
  1.5189  -0.1147   0.0274
  1.5175  -0.1009  -0.0849
  1.5162  -0.0871  -0.1950
  1.5149  -0.0734  -0.3031
  1.5136  -0.0599  -0.4090
  1.5123  -0.0464  -0.5129
  1.5111  -0.0329  -0.6148
  1.5099  -0.0196  -0.7147
  1.5087  -0.0064  -0.8126
  1.5075   0.0068  -0.9086
  1.5063   0.0199  -1.0026
  1.5052   0.0329  -1.0948
  1.5041   0.0458  -1.1850
  1.5030   0.0586  -1.2734
  1.5020   0.0713  -1.3600
  1.5010   0.0840  -1.4448
  1.5000   0.0965  -1.5277
  1.4991   0.1090  -1.6089
  1.4981   0.1214  -1.6883
  1.4972   0.1337  -1.7660
  1.4964   0.1459  -1.8419
  1.4956   0.1580  -1.9161
  1.4948   0.1700  -1.9887
  1.4940   0.1820  -2.0595
  1.4933   0.1938  -2.1287
  1.4926   0.2056  -2.1962
  1.4919   0.2173  -2.2621
  1.4912   0.2289  -2.3263
  1.4906   0.2404  -2.3890
  1.4900   0.2518  -2.4500
  1.4895   0.2631  -2.5095
  1.4889   0.2744  -2.5673
  1.4884   0.2855  -2.6236
  1.4879   0.2966  -2.6784
  1.4875   0.3075  -2.7316
  1.4870   0.3184  -2.7832
  1.4866   0.3292  -2.8334
  1.4862   0.3399  -2.8820
  1.4858   0.3505  -2.9291
  1.4854   0.3610  -2.9747
  1.4851   0.3715  -3.0189
  1.4847   0.3818  -3.0615
  1.4844   0.3921  -3.1027
  1.4841   0.4023  -3.1424
  1.4838   0.4124  -3.1807
  1.4835   0.4224  -3.2175
  1.4832   0.4323  -3.2529
  1.4832   0.4323  -3.2529
  1.4795   0.4234  -3.1988
  1.4755   0.4149  -3.1388
  1.4718   0.4068  -3.0820
  1.4683   0.3989  -3.0265
  1.4650   0.3910  -2.9776
  1.4619   0.3832  -2.9325
  1.4591   0.3754  -2.8909
  1.4564   0.3677  -2.8526
  1.4539   0.3599  -2.8171
  1.4516   0.3521  -2.7844
  1.4493   0.3443  -2.7542
  1.4472   0.3364  -2.7262
  1.4451   0.3284  -2.7005
  1.4432   0.3204  -2.6768
  1.4413   0.3123  -2.6551
  1.4395   0.3041  -2.6352
  1.4378   0.2958  -2.6170
  1.4361   0.2874  -2.6005
  1.4345   0.2789  -2.5855
  1.4330   0.2702  -2.5721
  1.4315   0.2615  -2.5602
  1.4301   0.2527  -2.5497
  1.4287   0.2438  -2.5405
  1.4274   0.2348  -2.5327
  1.4262   0.2257  -2.5261
  1.4250   0.2165  -2.5207
  1.4239   0.2072  -2.5165
  1.4229   0.1978  -2.5134
  1.4220   0.1883  -2.5115
  1.4211   0.1787  -2.5106
  1.4203   0.1691  -2.5108
  1.4195   0.1593  -2.5119
  1.4189   0.1495  -2.5140
  1.4183   0.1396  -2.5170
  1.4178   0.1296  -2.5210
  1.4173   0.1195  -2.5258
  1.4170   0.1094  -2.5314
  1.4167   0.0992  -2.5379
  1.4165   0.0889  -2.5452
  1.4164   0.0786  -2.5533
  1.4164   0.0681  -2.5621
  1.4165   0.0577  -2.5717
  1.4167   0.0471  -2.5819
  1.4169   0.0366  -2.5929
  1.4173   0.0259  -2.6046
  1.4177   0.0152  -2.6170
  1.4183   0.0045  -2.6301
  1.4189  -0.0064  -2.6439
  1.4196  -0.0172  -2.6585
  1.4205  -0.0281  -2.6737
  1.4214  -0.0391  -2.6897
  1.4224  -0.0501  -2.7064
  1.4235  -0.0612  -2.7239
  1.4248  -0.0724  -2.7423
  1.4261  -0.0836  -2.7616
  1.4276  -0.0949  -2.7819
  1.4291  -0.1062  -2.8032
  1.4308  -0.1177  -2.8257
  1.4326  -0.1292  -2.8495
  1.4344  -0.1408  -2.8748
  1.4365  -0.1526  -2.9017
  1.4386  -0.1644  -2.9304
  1.4409  -0.1764  -2.9613
  1.4433  -0.1886  -2.9946
  1.4459  -0.2010  -3.0307
  1.4486  -0.2136  -3.0700
  1.4515  -0.2264  -3.1131
  1.4546  -0.2396  -3.1606
  1.4524  -0.2518  -3.2492
  1.4529  -0.2468  -3.1968
  1.4539  -0.2410  -3.1455
  1.4550  -0.2352  -3.0939
  1.4561  -0.2294  -3.0416
  1.4572  -0.2236  -2.9886
  1.4583  -0.2178  -2.9348
  1.4595  -0.2120  -2.8802
  1.4607  -0.2063  -2.8248
  1.4619  -0.2006  -2.7686
  1.4631  -0.1949  -2.7116
  1.4643  -0.1892  -2.6538
  1.4655  -0.1835  -2.5952
  1.4668  -0.1779  -2.5358
  1.4681  -0.1722  -2.4756
  1.4693  -0.1666  -2.4145
  1.4706  -0.1610  -2.3526
  1.4719  -0.1554  -2.2898
  1.4733  -0.1498  -2.2262
  1.4746  -0.1442  -2.1617
  1.4759  -0.1387  -2.0963
  1.4773  -0.1331  -2.0301
  1.4787  -0.1275  -1.9630
  1.4801  -0.1220  -1.8949
  1.4814  -0.1164  -1.8259
  1.4828  -0.1109  -1.7561
  1.4843  -0.1054  -1.6852
  1.4857  -0.0998  -1.6135
  1.4871  -0.0943  -1.5407
  1.4885  -0.0887  -1.4670
  1.4900  -0.0832  -1.3924
  1.4914  -0.0776  -1.3167
  1.4929  -0.0721  -1.2401
  1.4943  -0.0665  -1.1624
  1.4958  -0.0610  -1.0838
  1.4973  -0.0554  -1.0041
  1.4988  -0.0499  -0.9233
  1.5003  -0.0443  -0.8416
  1.5018  -0.0387  -0.7587
  1.5033  -0.0331  -0.6749
  1.5048  -0.0275  -0.5899
  1.5063  -0.0219  -0.5039
  1.5078  -0.0163  -0.4168
  1.5093  -0.0107  -0.3286
  1.5109  -0.0050  -0.2393
  1.5124   0.0006  -0.1489
  1.5139   0.0063  -0.0574
  1.5155   0.0119   0.0352
  1.5170   0.0176   0.1290
  1.5186   0.0233   0.2238
  1.5201   0.0290   0.3198
  1.5217   0.0347   0.4169
  1.5233   0.0405   0.5151
  1.5249   0.0462   0.6145
  1.5265   0.0519   0.7150
  1.5281   0.0577   0.8166
  1.5297   0.0635   0.9194
  1.5313   0.0693   1.0233
  1.5329   0.0751   1.1283
  1.5345   0.0809   1.2345
  1.5362   0.0867   1.3418
  1.5378   0.0926   1.4502
  1.5394   0.0984   1.5598
  1.5411   0.1043   1.6705
  1.5428   0.1101   1.7823
  1.5444   0.1160   1.8952
  1.5461   0.1219   2.0092
  1.5478   0.1278   2.1244
  1.5495   0.1337   2.2406
  1.5512   0.1396   2.3580
  1.5529   0.1455   2.4764
  1.5547   0.1514   2.5960
  1.5564   0.1573   2.7166
  1.5581   0.1632   2.8384
  1.5599   0.1692   2.9611
  1.5616   0.1751   3.0850
  1.5634   0.1810   3.2099
  1.5652   0.1870   3.3358
  1.5670   0.1929   3.4627
  1.5688   0.1989   3.5907
  1.5688   0.1989   3.5907
  1.5661   0.1898   3.5998
  1.5631   0.1811   3.6122
  1.5602   0.1725   3.6263
  1.5575   0.1640   3.6418
  1.5550   0.1556   3.6581
  1.5526   0.1472   3.6751
  1.5503   0.1389   3.6925
  1.5482   0.1307   3.7101
  1.5462   0.1224   3.7279
  1.5443   0.1141   3.7457
  1.5426   0.1059   3.7634
  1.5409   0.0976   3.7809
  1.5393   0.0893   3.7981
  1.5379   0.0809   3.8150
  1.5365   0.0725   3.8315
  1.5351   0.0641   3.8475
  1.5339   0.0556   3.8630
  1.5328   0.0470   3.8780
  1.5317   0.0384   3.8924
  1.5307   0.0298   3.9062
  1.5298   0.0211   3.9194
  1.5289   0.0123   3.9319
  1.5281   0.0034   3.9437
  1.5274  -0.0055   3.9548
  1.5267  -0.0145   3.9652
  1.5261  -0.0235   3.9748
  1.5256  -0.0327   3.9837
  1.5252  -0.0419   3.9918
  1.5248  -0.0511   3.9991
  1.5244  -0.0605   4.0056
  1.5242  -0.0699   4.0112
  1.5240  -0.0794   4.0161
  1.5238  -0.0890   4.0200
  1.5238  -0.0986   4.0231
  1.5238  -0.1083   4.0253
  1.5239  -0.1181   4.0266
  1.5240  -0.1280   4.0270
  1.5242  -0.1380   4.0265
  1.5245  -0.1480   4.0250
  1.5248  -0.1581   4.0226
  1.5252  -0.1683   4.0193
  1.5257  -0.1786   4.0149
  1.5263  -0.1889   4.0097
  1.5269  -0.1994   4.0034
  1.5276  -0.2099   3.9961
  1.5284  -0.2205   3.9878
  1.5292  -0.2312   3.9785
  1.5302  -0.2420   3.9682
  1.5312  -0.2528   3.9569
  1.5322  -0.2638   3.9445
  1.5334  -0.2748   3.9311
  1.5346  -0.2859   3.9167
  1.5360  -0.2971   3.9012
  1.5374  -0.3084   3.8847
  1.5388  -0.3197   3.8671
  1.5404  -0.3312   3.8485
  1.5420  -0.3428   3.8289
  1.5438  -0.3544   3.8082
  1.5456  -0.3661   3.7865
  1.5475  -0.3779   3.7639
  1.5494  -0.3898   3.7403
  1.5515  -0.4018   3.7157
  1.5536  -0.4138   3.6903
  1.5559  -0.4260   3.6640
  1.5582  -0.4382   3.6370
  1.5606  -0.4504   3.6093
  1.5630  -0.4628   3.5811
  1.5656  -0.4752   3.5524
  1.5567  -0.4836   3.6237
  1.5551  -0.4689   3.4601
  1.5537  -0.4526   3.2846
  1.5524  -0.4362   3.1107
  1.5511  -0.4200   2.9399
  1.5498  -0.4040   2.7722
  1.5485  -0.3881   2.6077
  1.5471  -0.3722   2.4463
  1.5458  -0.3566   2.2879
  1.5444  -0.3410   2.1324
  1.5430  -0.3256   1.9798
  1.5416  -0.3103   1.8301
  1.5402  -0.2951   1.6831
  1.5388  -0.2800   1.5389
  1.5374  -0.2650   1.3974
  1.5360  -0.2501   1.2585
  1.5346  -0.2353   1.1222
  1.5332  -0.2206   0.9884
  1.5318  -0.2060   0.8571
  1.5304  -0.1916   0.7283
  1.5290  -0.1772   0.6020
  1.5276  -0.1629   0.4779
  1.5262  -0.1487   0.3563
  1.5248  -0.1346   0.2369
  1.5234  -0.1206   0.1198
  1.5221  -0.1067   0.0050
  1.5207  -0.0928  -0.1077
  1.5194  -0.0791  -0.2182
  1.5180  -0.0655  -0.3265
  1.5167  -0.0519  -0.4328
  1.5155  -0.0384  -0.5370
  1.5142  -0.0250  -0.6391
  1.5130  -0.0117  -0.7392
  1.5117   0.0015  -0.8373
  1.5105   0.0146  -0.9334
  1.5094   0.0276  -1.0276
  1.5082   0.0406  -1.1198
  1.5071   0.0534  -1.2102
  1.5060   0.0662  -1.2986
  1.5049   0.0789  -1.3852
  1.5039   0.0915  -1.4700
  1.5029   0.1040  -1.5529
  1.5019   0.1164  -1.6341
  1.5010   0.1287  -1.7134
  1.5000   0.1409  -1.7910
  1.4992   0.1531  -1.8668
  1.4983   0.1651  -1.9409
  1.4975   0.1771  -2.0133
  1.4967   0.1890  -2.0840
  1.4959   0.2008  -2.1529
  1.4951   0.2125  -2.2202
  1.4944   0.2241  -2.2859
  1.4937   0.2356  -2.3499
  1.4931   0.2470  -2.4122
  1.4924   0.2583  -2.4729
  1.4918   0.2696  -2.5321
  1.4912   0.2807  -2.5896
  1.4907   0.2918  -2.6455
  1.4901   0.3027  -2.6998
  1.4896   0.3136  -2.7526
  1.4891   0.3244  -2.8038
  1.4886   0.3351  -2.8535
  1.4881   0.3456  -2.9016
  1.4877   0.3562  -2.9482
  1.4873   0.3666  -2.9933
  1.4868   0.3769  -3.0369
  1.4864   0.3871  -3.0789
  1.4860   0.3973  -3.1195
  1.4856   0.4073  -3.1586
  1.4853   0.4173  -3.1962
  1.4849   0.4272  -3.2323
  1.4845   0.4370  -3.2669
  1.4845   0.4370  -3.2669
  1.4809   0.4281  -3.2129
  1.4769   0.4196  -3.1529
  1.4732   0.4115  -3.0960
  1.4696   0.4036  -3.0406
  1.4663   0.3958  -2.9916
  1.4633   0.3880  -2.9464
  1.4605   0.3803  -2.9047
  1.4578   0.3725  -2.8663
  1.4553   0.3648  -2.8308
  1.4529   0.3570  -2.7980
  1.4507   0.3492  -2.7677
  1.4485   0.3413  -2.7397
  1.4465   0.3334  -2.7139
  1.4445   0.3253  -2.6901
  1.4427   0.3172  -2.6683
  1.4408   0.3090  -2.6483
  1.4391   0.3007  -2.6301
  1.4374   0.2923  -2.6136
  1.4358   0.2838  -2.5986
  1.4343   0.2752  -2.5852
  1.4328   0.2665  -2.5732
  1.4314   0.2577  -2.5626
  1.4300   0.2488  -2.5535
  1.4287   0.2398  -2.5456
  1.4275   0.2307  -2.5390
  1.4263   0.2215  -2.5336
  1.4252   0.2122  -2.5294
  1.4242   0.2028  -2.5264
  1.4233   0.1933  -2.5244
  1.4224   0.1838  -2.5236
  1.4215   0.1741  -2.5237
  1.4208   0.1643  -2.5249
  1.4201   0.1545  -2.5270
  1.4195   0.1446  -2.5301
  1.4190   0.1346  -2.5341
  1.4186   0.1245  -2.5389
  1.4182   0.1144  -2.5446
  1.4180   0.1042  -2.5511
  1.4178   0.0939  -2.5585
  1.4177   0.0836  -2.5666
  1.4177   0.0731  -2.5754
  1.4177   0.0627  -2.5850
  1.4179   0.0521  -2.5954
  1.4182   0.0415  -2.6064
  1.4185   0.0309  -2.6182
  1.4189   0.0202  -2.6306
  1.4195   0.0094  -2.6438
  1.4201  -0.0014  -2.6576
  1.4208  -0.0123  -2.6722
  1.4217  -0.0232  -2.6875
  1.4226  -0.0342  -2.7035
  1.4236  -0.0452  -2.7203
  1.4248  -0.0563  -2.7379
  1.4260  -0.0675  -2.7563
  1.4273  -0.0787  -2.7757
  1.4288  -0.0900  -2.7960
  1.4303  -0.1013  -2.8174
  1.4320  -0.1128  -2.8399
  1.4337  -0.1243  -2.8638
  1.4356  -0.1359  -2.8891
  1.4377  -0.1477  -2.9160
  1.4398  -0.1596  -2.9448
  1.4421  -0.1716  -2.9757
  1.4445  -0.1838  -3.0090
  1.4471  -0.1962  -3.0451
  1.4498  -0.2088  -3.0844
  1.4527  -0.2217  -3.1275
  1.4558  -0.2349  -3.1750
  1.4536  -0.2471  -3.2640
