  0.0000   0.0000   0.0000   0.0000
  0.0369   0.0654   0.0819  -0.0486
  0.0681   0.1393   0.1571  -0.0812
  0.1004   0.2170   0.2357  -0.1156
  0.1347   0.3013   0.3206  -0.1552
  0.1746   0.3838   0.4134  -0.2038
  0.2130   0.4634   0.5026  -0.2496
  0.2504   0.5408   0.5897  -0.2939
  0.2868   0.6165   0.6745  -0.3366
  0.3224   0.6901   0.7573  -0.3780
  0.3580   0.7607   0.8390  -0.4192
  0.3914   0.8308   0.9175  -0.4575
  0.4239   0.8991   0.9941  -0.4944
  0.4555   0.9656   1.0687  -0.5299
  0.4862   1.0302   1.1414  -0.5642
  0.5170   1.0920   1.2132  -0.5984
  0.5457   1.1532   1.2820  -0.6299
  0.5745   1.2116   1.3499  -0.6613
  0.6014   1.2694   1.4149  -0.6901
  0.6273   1.3255   1.4781  -0.7176
  0.6530   1.3793   1.5401  -0.7446
  0.6743   1.4352   1.5969  -0.7660
  0.6957   1.4884   1.6528  -0.7873
  0.7174   1.5386   1.7081  -0.8089
  0.7387   1.5865   1.7620  -0.8298
  0.7597   1.6321   1.8148  -0.8502
  0.7798   1.6761   1.8659  -0.8694
  0.7984   1.7194   1.9145  -0.8865
  0.8162   1.7611   1.9615  -0.9025
  0.8336   1.8007   2.0072  -0.9178
  0.8502   1.8388   2.0512  -0.9319
  0.8659   1.8755   2.0936  -0.9448
  0.8803   1.9110   2.1338  -0.9559
  0.8940   1.9451   2.1723  -0.9659
  0.9068   1.9777   2.2091  -0.9746
  0.9192   2.0085   2.2446  -0.9826
  0.9308   2.0378   2.2784  -0.9893
  0.9416   2.0657   2.3106  -0.9950
  0.9517   2.0922   2.3412  -0.9994
  0.9607   2.1177   2.3698  -1.0024
  0.9693   2.1414   2.3972  -1.0045
  0.9763   2.1647   2.4221  -1.0045
  0.9810   2.1884   2.4438  -1.0013
  0.9875   2.2080   2.4663  -1.0000
  0.9932   2.2263   2.4871  -0.9975
  0.9983   2.2430   2.5065  -0.9941
  1.0028   2.2584   2.5243  -0.9896
  1.0067   2.2724   2.5405  -0.9839
  1.0100   2.2850   2.5552  -0.9772
  1.0127   2.2962   2.5683  -0.9695
  1.0148   2.3059   2.5799  -0.9607
  1.0164   2.3143   2.5899  -0.9509
  1.0175   2.3213   2.5985  -0.9401
  1.0180   2.3270   2.6055  -0.9282
  1.0180   2.3312   2.6109  -0.9153
  1.0174   2.3341   2.6148  -0.9014
  1.0164   2.3356   2.6172  -0.8864
  1.0148   2.3358   2.6180  -0.8703
  1.0126   2.3348   2.6172  -0.8531
  1.0099   2.3325   2.6148  -0.8349
  1.0067   2.3290   2.6108  -0.8155
  1.0029   2.3242   2.6052  -0.7950
  0.9987   2.3182   2.5980  -0.7734
  0.9939   2.3109   2.5892  -0.7507
  0.9886   2.3024   2.5788  -0.7270
  0.9829   2.2927   2.5669  -0.7022
  0.9770   2.2827   2.5544  -0.6770
  0.9712   2.2732   2.5421  -0.6519
  0.9651   2.2633   2.5291  -0.6264
  0.9589   2.2530   2.5155  -0.6003
  0.9519   2.2446   2.5013  -0.5734
  0.9447   2.2352   2.4863  -0.5460
  0.9375   2.2248   2.4703  -0.5181
  0.9301   2.2135   2.4535  -0.4896
  0.9225   2.2014   2.4358  -0.4607
  0.9146   2.1895   2.4173  -0.4311
  0.9067   2.1761   2.3979  -0.4011
  0.8986   2.1620   2.3776  -0.3706
  0.8904   2.1473   2.3565  -0.3396
  0.8820   2.1319   2.3345  -0.3080
  0.8735   2.1159   2.3117  -0.2760
  0.8649   2.0993   2.2881  -0.2434
  0.8561   2.0821   2.2637  -0.2103
  0.8471   2.0642   2.2384  -0.1768
  0.8381   2.0457   2.2123  -0.1427
  0.8290   2.0263   2.1853  -0.1082
  0.8197   2.0063   2.1575  -0.0732
  0.8104   1.9857   2.1289  -0.0378
  0.8009   1.9643   2.0995  -0.0019
  0.7915   1.9422   2.0692   0.0345
  0.7756   1.9425   2.0414   0.0748
  0.7661   1.9182   2.0094   0.1120
  0.7566   1.8931   1.9766   0.1496
  0.7471   1.8672   1.9429   0.1875
  0.7376   1.8404   1.9085   0.2259
  0.7283   1.8119   1.8730   0.2647
  0.7189   1.7827   1.8367   0.3039
  0.7094   1.7524   1.7993   0.3436
  0.6999   1.7198   1.7600   0.3844
  0.6901   1.6861   1.7194   0.4259
  0.6804   1.6529   1.6789   0.4674
  0.6705   1.6173   1.6362   0.5101
  0.6605   1.5808   1.5926   0.5533
  0.6505   1.5439   1.5483   0.5969
  0.6405   1.5065   1.5033   0.6409
  0.6304   1.4687   1.4577   0.6852
  0.6203   1.4304   1.4113   0.7300
  0.6101   1.3917   1.3643   0.7751
  0.5999   1.3525   1.3167   0.8207
  0.5897   1.3128   1.2684   0.8665
  0.5734   1.2837   1.2158   0.9191
  0.5626   1.2370   1.1613   0.9683
  0.5521   1.1940   1.1094   1.0163
  0.5412   1.1462   1.0535   1.0665
  0.5303   1.0981   0.9970   1.1170
  0.5194   1.0504   0.9404   1.1676
  0.5084   1.0015   0.8825   1.2190
  0.4973   0.9532   0.8246   1.2706
  0.4860   0.9021   0.7640   1.3237
  0.4743   0.8502   0.7020   1.3779
  0.4743   0.8502   0.7020   1.3779
  0.7527  -0.5499   0.7195   1.3535
  1.0424  -1.9514   0.7445   1.3294
  1.3135  -3.2150   0.7680   1.3083
  1.5668  -4.3379   0.7949   1.2855
  1.8011  -5.3365   0.8194   1.2656
  2.0193  -6.2210   0.8448   1.2457
  2.2222  -7.0036   0.8703   1.2265
  2.4114  -7.6944   0.8962   1.2077
  2.5880  -8.3030   0.9225   1.1892
  2.7537  -8.8369   0.9508   1.1696
  2.9095  -9.3040   0.9807   1.1492
  3.0559  -9.7120   1.0113   1.1288
  3.1925 -10.0692   1.0395   1.1109
  3.3203 -10.3806   1.0660   1.0950
  3.4423 -10.6473   1.0966   1.0761
  3.5575 -10.8765   1.1269   1.0579
  3.6647 -11.0750   1.1531   1.0436
  3.7661 -11.2436   1.1792   1.0299
  3.8620 -11.3853   1.2050   1.0168
  3.9528 -11.5030   1.2305   1.0044
  4.0404 -11.5964   1.2598   0.9891
  4.1234 -11.6707   1.2885   0.9748
  4.2020 -11.7279   1.3165   0.9615
  4.2764 -11.7697   1.3438   0.9491
  4.3469 -11.7976   1.3705   0.9377
  4.4135 -11.8130   1.3965   0.9271
  4.4765 -11.8171   1.4220   0.9174
  4.5359 -11.8110   1.4468   0.9086
  4.5919 -11.7956   1.4710   0.9007
  4.6445 -11.7719   1.4946   0.8937
  4.6939 -11.7405   1.5176   0.8875
  4.7401 -11.7023   1.5401   0.8822
  4.7830 -11.6578   1.5619   0.8777
  4.8229 -11.6076   1.5831   0.8740
  4.8597 -11.5522   1.6038   0.8712
  4.8934 -11.4921   1.6239   0.8693
  4.9241 -11.4277   1.6433   0.8682
  4.9517 -11.3593   1.6622   0.8679
  4.9762 -11.2874   1.6805   0.8685
  4.9978 -11.2123   1.6982   0.8699
  5.0163 -11.1342   1.7153   0.8722
  5.0317 -11.0534   1.7317   0.8754
  5.0441 -10.9702   1.7476   0.8794
  5.0534 -10.8847   1.7628   0.8842
  5.0596 -10.7973   1.7774   0.8900
  5.0626 -10.7080   1.7914   0.8966
  5.0626 -10.6170   1.8047   0.9041
  5.0593 -10.5245   1.8174   0.9125
  5.0529 -10.4307   1.8294   0.9218
  5.0432 -10.3356   1.8407   0.9320
  5.0303 -10.2394   1.8513   0.9431
  5.0141 -10.1422   1.8613   0.9551
  4.9947 -10.0441   1.8705   0.9680
  4.9718  -9.9451   1.8790   0.9819
  4.9456  -9.8453   1.8868   0.9968
  4.9160  -9.7448   1.8939   1.0126
  4.8830  -9.6435   1.9002   1.0293
  4.8465  -9.5416   1.9057   1.0471
  4.8065  -9.4389   1.9104   1.0658
  4.7630  -9.3356   1.9144   1.0855
  4.7159  -9.2315   1.9176   1.1062
  4.6652  -9.1267   1.9199   1.1279
  4.6109  -9.0210   1.9214   1.1507
  4.5529  -8.9143   1.9221   1.1745
  4.4913  -8.8066   1.9219   1.1993
  4.4259  -8.6977   1.9208   1.2252
  4.3568  -8.5874   1.9189   1.2521
  4.2839  -8.4756   1.9161   1.2801
  4.2072  -8.3619   1.9123   1.3092
  4.1266  -8.2462   1.9076   1.3394
  4.0422  -8.1281   1.9020   1.3707
  3.9539  -8.0073   1.8955   1.4031
  3.8616  -7.8834   1.8879   1.4367
  3.7655  -7.7559   1.8794   1.4713
  3.6653  -7.6242   1.8699   1.5072
  3.5611  -7.4880   1.8594   1.5441
  3.4529  -7.3464   1.8479   1.5823
  3.3407  -7.1987   1.8353   1.6216
  3.2244  -7.0443   1.8217   1.6621
  3.1040  -6.8821   1.8071   1.7038
  2.9795  -6.7112   1.7914   1.7467
  2.8510  -6.5304   1.7746   1.7908
  2.7183  -6.3385   1.7567   1.8362
  2.5814  -6.1342   1.7378   1.8827
  2.4405  -5.9159   1.7177   1.9306
  2.2954  -5.6819   1.6965   1.9797
  2.1462  -5.4303   1.6743   2.0300
  1.9929  -5.1591   1.6509   2.0816
  1.8355  -4.8659   1.6264   2.1345
  1.6740  -4.5482   1.6008   2.1887
  1.5085  -4.2031   1.5740   2.2441
  1.3389  -3.8275   1.5462   2.3009
  1.1654  -3.4179   1.5173   2.3590
  0.9879  -2.9704   1.4873   2.4184
  0.8065  -2.4808   1.4562   2.4790
  0.6213  -1.9442   1.4241   2.5410
  0.4324  -1.3554   1.3910   2.6043
  0.2400  -0.7090   1.3569   2.6688
  0.0446   0.0009   1.3219   2.7346
  0.0446   0.0009   1.3219   2.7346
  0.0138   0.3839   1.3022   2.7640
 -0.0136   0.6972   1.2813   2.7942
 -0.0377   0.9679   1.2593   2.8251
 -0.0589   1.2069   1.2364   2.8567
 -0.0774   1.4193   1.2125   2.8891
 -0.0934   1.6083   1.1875   2.9223
 -0.1069   1.7764   1.1620   2.9560
 -0.1184   1.9254   1.1354   2.9906
 -0.1279   2.0571   1.1078   3.0260
 -0.1355   2.1734   1.0793   3.0622
 -0.1417   2.2753   1.0488   3.1002
 -0.1460   2.3649   1.0184   3.1381
 -0.1489   2.4432   0.9870   3.1768
 -0.1503   2.5112   0.9547   3.2165
 -0.1505   2.5700   0.9216   3.2569
 -0.1496   2.6206   0.8873   3.2983
 -0.1476   2.6636   0.8519   3.3408
 -0.1447   2.7000   0.8157   3.3840
 -0.1407   2.7305   0.7787   3.4280
 -0.1360   2.7551   0.7402   3.4733
 -0.1306   2.7746   0.7007   3.5195
 -0.1243   2.7896   0.6608   3.5662
 -0.1173   2.8002   0.6196   3.6139
 -0.1099   2.8082   0.5772   3.6632
 -0.1022   2.8129   0.5334   3.7139
 -0.0941   2.8145   0.4879   3.7661
 -0.0854   2.8133   0.4419   3.8190
 -0.0764   2.8094   0.3946   3.8730
 -0.0671   2.8032   0.3462   3.9282
 -0.0576   2.7948   0.2966   3.9846
 -0.0478   2.7844   0.2457   4.0422
 -0.0380   2.7721   0.1934   4.1013
 -0.0280   2.7581   0.1399   4.1615
 -0.0179   2.7426   0.0854   4.2229
 -0.0078   2.7254   0.0293   4.2859
  0.0023   2.7069  -0.0279   4.3500
  0.0123   2.6869  -0.0867   4.4157
  0.0222   2.6654  -0.1473   4.4833
  0.0320   2.6428  -0.2090   4.5520
  0.0417   2.6190  -0.2721   4.6223
  0.0513   2.5939  -0.3368   4.6941
  0.0606   2.5676  -0.4030   4.7677
  0.0697   2.5400  -0.4707   4.8428
  0.0785   2.5113  -0.5401   4.9197
  0.0871   2.4816  -0.6110   4.9983
  0.0945   2.4502  -0.6863   5.0813
  0.1021   2.4176  -0.7616   5.1644
  0.1096   2.3839  -0.8376   5.2486
  0.1167   2.3489  -0.9151   5.3345
  0.1233   2.3126  -0.9949   5.4228
  0.1290   2.2747  -1.0779   5.5145
  0.1330   2.2356  -1.1669   5.6125
  0.1381   2.1951  -1.2524   5.7073
  0.1425   2.1525  -1.3399   5.8044
  0.1464   2.1081  -1.4295   5.9038
  0.1496   2.0618  -1.5210   6.0057
  0.1522   2.0137  -1.6148   6.1100
  0.1541   1.9634  -1.7107   6.2169
  0.1552   1.9109  -1.8089   6.3265
  0.1557   1.8561  -1.9094   6.4389
  0.1554   1.7986  -2.0122   6.5541
  0.1543   1.7384  -2.1175   6.6723
  0.1524   1.6752  -2.2254   6.7936
  0.1496   1.6088  -2.3360   6.9181
  0.1460   1.5388  -2.4493   7.0461
  0.1415   1.4652  -2.5653   7.1774
  0.1363   1.3878  -2.6835   7.3117
  0.1299   1.3059  -2.8054   7.4504
  0.1228   1.2198  -2.9297   7.5925
  0.1147   1.1291  -3.0573   7.7387
  0.1055   1.0340  -3.1882   7.8891
  0.0938   0.9322  -3.3283   8.0494
  0.0813   0.8254  -3.4709   8.2132
  0.0689   0.7144  -3.6123   8.3777
  0.0554   0.5956  -3.7574   8.5472
  0.0429   0.4664  -3.9005   8.7141
  0.0280   0.3302  -4.0516   8.8915
  0.0134   0.1812  -4.2032   9.0703
 -0.0005   0.0005  -4.3566   9.2517
 -0.0005   0.0005  -4.3566   9.2517
 -0.3444   0.3256  -3.5609   3.9005
 -0.6798   0.5877  -2.9261  -0.2461
 -1.0058   0.8019  -2.4248  -3.4444
 -1.3218   0.9800  -2.0318  -5.9025
 -1.6272   1.1314  -1.7254  -7.7867
 -1.9217   1.2630  -1.4876  -9.2279
 -2.2052   1.3805  -1.3037 -10.3281
 -2.4776   1.4880  -1.1623 -11.1666
 -2.7388   1.5890  -1.0542 -11.8043
 -2.9888   1.6857  -0.9726 -12.2883
 -3.2277   1.7803  -0.9118 -12.6543
 -3.4556   1.8740  -0.8676 -12.9300
 -3.6725   1.9681  -0.8369 -13.1364
 -3.8787   2.0631  -0.8172 -13.2897
 -4.0742   2.1598  -0.8064 -13.4022
 -4.2591   2.2585  -0.8031 -13.4832
 -4.4337   2.3594  -0.8061 -13.5402
 -4.5980   2.4628  -0.8144 -13.5785
 -4.7522   2.5686  -0.8274 -13.6023
 -4.8965   2.6768  -0.8444 -13.6151
 -5.0310   2.7876  -0.8649 -13.6191
 -5.1558   2.9006  -0.8886 -13.6164
 -5.2712   3.0160  -0.9150 -13.6084
 -5.3772   3.1334  -0.9440 -13.5962
 -5.4740   3.2528  -0.9751 -13.5806
 -5.5617   3.3741  -1.0082 -13.5624
 -5.6406   3.4971  -1.0431 -13.5420
 -5.7107   3.6215  -1.0795 -13.5197
 -5.7721   3.7474  -1.1172 -13.4960
 -5.8251   3.8744  -1.1561 -13.4710
 -5.8697   4.0024  -1.1960 -13.4448
 -5.9062   4.1313  -1.2365 -13.4177
 -5.9346   4.2608  -1.2777 -13.3896
 -5.9550   4.3909  -1.3193 -13.3606
 -5.9677   4.5214  -1.3610 -13.3309
 -5.9728   4.6520  -1.4027 -13.3004
 -5.9703   4.7827  -1.4443 -13.2692
 -5.9604   4.9133  -1.4854 -13.2372
 -5.9433   5.0436  -1.5259 -13.2045
 -5.9191   5.1736  -1.5656 -13.1711
 -5.8879   5.3029  -1.6043 -13.1369
 -5.8498   5.4316  -1.6418 -13.1020
 -5.8050   5.5594  -1.6778 -13.0664
 -5.7536   5.6861  -1.7122 -13.0300
 -5.6957   5.8118  -1.7446 -12.9928
 -5.6314   5.9360  -1.7750 -12.9547
 -5.5609   6.0588  -1.8030 -12.9158
 -5.4843   6.1800  -1.8284 -12.8759
 -5.4016   6.2993  -1.8509 -12.8350
 -5.3131   6.4165  -1.8704 -12.7930
 -5.2188   6.5315  -1.8866 -12.7497
 -5.1188   6.6439  -1.8992 -12.7049
 -5.0132   6.7535  -1.9080 -12.6584
 -4.9021   6.8600  -1.9127 -12.6099
 -4.7856   6.9629  -1.9131 -12.5590
 -4.6639   7.0618  -1.9088 -12.5053
 -4.5369   7.1562  -1.8998 -12.4480
 -4.4047   7.2453  -1.8856 -12.3864
 -4.2674   7.3283  -1.8660 -12.3194
 -4.1250   7.4042  -1.8407 -12.2459
 -3.9775   7.4717  -1.8096 -12.1640
 -3.8249   7.5292  -1.7723 -12.0719
 -3.6673   7.5748  -1.7285 -11.9669
 -3.5044   7.6060  -1.6780 -11.8458
 -3.3361   7.6197  -1.6205 -11.7046
 -3.1624   7.6120  -1.5559 -11.5380
 -2.9828   7.5780  -1.4838 -11.3397
 -2.7970   7.5116  -1.4040 -11.1016
 -2.6044   7.4050  -1.3163 -10.8137
 -2.4045   7.2485  -1.2205 -10.4633
 -2.1963   7.0297  -1.1164 -10.0346
 -1.9786   6.7332  -1.0038  -9.5078
 -1.7499   6.3394  -0.8828  -8.8583
 -1.5084   5.8236  -0.7534  -8.0552
 -1.2517   5.1548  -0.6157  -7.0598
 -0.9766   4.2938  -0.4701  -5.8242
 -0.6796   3.1915  -0.3176  -4.2884
 -0.3559   1.7861  -0.1595  -2.3778
  4.7331  -5.5704  -0.1995  -2.3669
  4.7546  -5.2917   0.0566  -2.4076
  4.7750  -5.0163   0.3038  -2.4424
  4.7941  -4.7439   0.5423  -2.4717
  4.8120  -4.4744   0.7724  -2.4962
  4.8285  -4.2078   0.9940  -2.5162
  4.8434  -3.9438   1.2074  -2.5323
  4.8567  -3.6824   1.4128  -2.5448
  4.8683  -3.4234   1.6103  -2.5540
  4.8780  -3.1667   1.8000  -2.5604
  4.8859  -2.9123   1.9821  -2.5641
  4.8918  -2.6600   2.1566  -2.5656
  4.8957  -2.4097   2.3238  -2.5649
  4.8974  -2.1614   2.4836  -2.5624
  4.8970  -1.9149   2.6363  -2.5582
  4.8943  -1.6702   2.7820  -2.5526
  4.8894  -1.4273   2.9207  -2.5456
  4.8821  -1.1859   3.0526  -2.5375
  4.8725  -0.9462   3.1777  -2.5284
  4.8605  -0.7080   3.2961  -2.5184
  4.8460  -0.4712   3.4080  -2.5076
  4.8291  -0.2358   3.5134  -2.4960
  4.8096  -0.0017   3.6124  -2.4839
  4.7877   0.2310   3.7050  -2.4712
  4.7632   0.4626   3.7914  -2.4580
  4.7362   0.6929   3.8716  -2.4443
  4.7066   0.9222   3.9457  -2.4303
  4.6745   1.1503   4.0137  -2.4160
  4.6398   1.3774   4.0758  -2.4014
  4.6026   1.6035   4.1319  -2.3864
  4.5629   1.8287   4.1821  -2.3712
  4.5206   2.0529   4.2266  -2.3558
  4.4759   2.2763   4.2652  -2.3401
  4.4286   2.4989   4.2981  -2.3243
  4.3788   2.7207   4.3253  -2.3082
  4.3266   2.9418   4.3469  -2.2918
  4.2719   3.1622   4.3629  -2.2753
  4.2148   3.3820   4.3733  -2.2585
  4.1554   3.6012   4.3782  -2.2414
  4.0935   3.8198   4.3775  -2.2241
  4.0293   4.0380   4.3714  -2.2065
  3.9629   4.2557   4.3599  -2.1886
  3.8941   4.4730   4.3429  -2.1703
  3.8231   4.6900   4.3205  -2.1516
  3.7499   4.9067   4.2928  -2.1325
  3.6745   5.1232   4.2597  -2.1130
  3.5970   5.3395   4.2212  -2.0929
  3.5174   5.5557   4.1774  -2.0723
  3.4356   5.7719   4.1283  -2.0510
  3.3518   5.9880   4.0738  -2.0291
  3.2660   6.2043   4.0141  -2.0064
  3.1781   6.4207   3.9491  -1.9828
  3.0883   6.6374   3.8788  -1.9583
  2.9966   6.8544   3.8032  -1.9327
  2.9029   7.0718   3.7224  -1.9060
  2.8073   7.2896   3.6363  -1.8780
  2.7098   7.5081   3.5449  -1.8485
  2.6104   7.7272   3.4482  -1.8175
  2.5091   7.9471   3.3463  -1.7847
  2.4060   8.1678   3.2391  -1.7499
  2.3010   8.3896   3.1267  -1.7130
  2.1942   8.6124   3.0089  -1.6736
  2.0855   8.8364   2.8860  -1.6315
  1.9750   9.0618   2.7577  -1.5864
  1.8626   9.2887   2.6242  -1.5380
  1.7483   9.5171   2.4855  -1.4858
  1.6321   9.7474   2.3415  -1.4295
  1.5140   9.9795   2.1922  -1.3685
  1.3939  10.2138   2.0377  -1.3024
  1.2718  10.4503   1.8780  -1.2305
  1.1477  10.6893   1.7130  -1.1522
  1.0215  10.9309   1.5428  -1.0667
  0.8931  11.1754   1.3675  -0.9731
  0.7625  11.4230   1.1870  -0.8707
  0.6296  11.6738   1.0013  -0.7582
  0.4943  11.9283   0.8105  -0.6345
  0.3566  12.1866   0.6147  -0.4984
  0.2163  12.4490   0.4138  -0.3483
  0.0733  12.7159   0.2079  -0.1827
 -0.0726  12.9875  -0.0029   0.0003
 -0.0726  12.9875  -0.0029   0.0003
  0.5057   7.3304  -0.4345   1.1660
  0.9679   2.8348  -0.8407   2.1169
  1.3280  -0.7210  -1.2241   2.8966
  1.6015  -3.5233  -1.5871   3.5402
  1.8033  -5.7252  -1.9311   4.0755
  1.9469  -7.4511  -2.2575   4.5247
  2.0438  -8.8010  -2.5674   4.9057
  2.1035  -9.8545  -2.8617   5.2325
  2.1341 -10.6750  -3.1410   5.5164
  2.1416 -11.3122  -3.4061   5.7663
  2.1313 -11.8055  -3.6574   5.9893
  2.1072 -12.1857  -3.8955   6.1913
  2.0723 -12.4770  -4.1208   6.3765
  2.0292 -12.6984  -4.3337   6.5487
  1.9798 -12.8648  -4.5345   6.7107
  1.9257 -12.9876  -4.7236   6.8647
  1.8680 -13.0762  -4.9013   7.0126
  1.8077 -13.1375  -5.0679   7.1557
  1.7455 -13.1773  -5.2236   7.2952
  1.6820 -13.1998  -5.3688   7.4320
  1.6177 -13.2087  -5.5036   7.5667
  1.5529 -13.2064  -5.6283   7.7000
  1.4878 -13.1953  -5.7431   7.8322
  1.4228 -13.1769  -5.8483   7.9637
  1.3580 -13.1527  -5.9441   8.0948
  1.2936 -13.1235  -6.0307   8.2257
  1.2297 -13.0904  -6.1082   8.3564
  1.1663 -13.0538  -6.1770   8.4872
  1.1036 -13.0144  -6.2371   8.6181
  1.0416 -12.9725  -6.2888   8.7492
  0.9805 -12.9285  -6.3322   8.8805
  0.9202 -12.8826  -6.3676   9.0120
  0.8608 -12.8351  -6.3951   9.1438
  0.8024 -12.7861  -6.4149   9.2759
  0.7450 -12.7357  -6.4272   9.4083
  0.6887 -12.6840  -6.4321   9.5409
  0.6335 -12.6313  -6.4297   9.6738
  0.5793 -12.5774  -6.4203   9.8069
  0.5264 -12.5224  -6.4041   9.9401
  0.4747 -12.4665  -6.3810  10.0736
  0.4242 -12.4096  -6.3514  10.2071
  0.3749 -12.3518  -6.3153  10.3407
  0.3270 -12.2930  -6.2730  10.4743
  0.2805 -12.2333  -6.2244  10.6079
  0.2354 -12.1727  -6.1699  10.7414
  0.1916 -12.1111  -6.1095  10.8746
  0.1494 -12.0485  -6.0433  11.0075
  0.1086 -11.9848  -5.9714  11.1400
  0.0694 -11.9199  -5.8941  11.2719
  0.0318 -11.8539  -5.8114  11.4030
 -0.0042 -11.7864  -5.7233  11.5331
 -0.0385 -11.7174  -5.6302  11.6619
 -0.0712 -11.6466  -5.5319  11.7890
 -0.1020 -11.5737  -5.4286  11.9141
 -0.1311 -11.4984  -5.3204  12.0366
 -0.1584 -11.4203  -5.2073  12.1559
 -0.1838 -11.3386  -5.0894  12.2710
 -0.2072 -11.2528  -4.9666  12.3810
 -0.2287 -11.1619  -4.8391  12.4847
 -0.2481 -11.0648  -4.7067  12.5803
 -0.2654 -10.9600  -4.5693  12.6658
 -0.2805 -10.8458  -4.4268  12.7386
 -0.2934 -10.7200  -4.2790  12.7955
 -0.3039 -10.5798  -4.1255  12.8324
 -0.3119 -10.4218  -3.9659  12.8442
 -0.3173 -10.2416  -3.7996  12.8242
 -0.3200 -10.0338  -3.6258  12.7642
 -0.3197  -9.7917  -3.4434  12.6538
 -0.3162  -9.5069  -3.2512  12.4796
 -0.3093  -9.1688  -3.0473  12.2250
 -0.2984  -8.7643  -2.8294  11.8685
 -0.2833  -8.2770  -2.5945  11.3832
 -0.2634  -7.6864  -2.3390  10.7349
 -0.2379  -6.9670  -2.0580   9.8802
 -0.2062  -6.0868  -1.7454   8.7643
 -0.1674  -5.0061  -1.3937   7.3178
 -0.1204  -3.6751  -0.9935   5.4531
 -0.0644  -2.0321  -0.5333   3.0600
  0.0016  -0.0003   0.0005   0.0004
  0.0004  -0.0003  -0.0017   0.0050
  0.0004  -0.0003  -0.0018   0.0050
  0.0003  -0.0002  -0.0019   0.0051
  0.0003  -0.0002  -0.0019   0.0051
  0.0003  -0.0002  -0.0020   0.0051
  0.0367   0.0198  12.3399  -9.9828
 -0.0059   0.3334  12.2271  -9.7590
 -0.0462   0.6208  12.1146  -9.5373
 -0.0843   0.8801  12.0023  -9.3175
 -0.1205   1.1124  11.8902  -9.0995
 -0.1548   1.3195  11.7780  -8.8832
 -0.1874   1.5036  11.6658  -8.6684
 -0.2183   1.6668  11.5535  -8.4551
 -0.2476   1.8111  11.4408  -8.2432
 -0.2753   1.9384  11.3278  -8.0324
 -0.3017   2.0502  11.2143  -7.8229
 -0.3266   2.1481  11.1002  -7.6144
 -0.3502   2.2334  10.9855  -7.4068
 -0.3725   2.3074  10.8701  -7.2001
 -0.3936   2.3711  10.7537  -6.9943
 -0.4135   2.4256  10.6365  -6.7892
 -0.4322   2.4717  10.5182  -6.5847
 -0.4498   2.5103  10.3988  -6.3809
 -0.4664   2.5421  10.2781  -6.1776
 -0.4818   2.5678  10.1562  -5.9747
 -0.4962   2.5879  10.0328  -5.7723
 -0.5096   2.6030   9.9079  -5.5703
 -0.5221   2.6137   9.7815  -5.3686
 -0.5335   2.6203   9.6534  -5.1671
 -0.5441   2.6232   9.5236  -4.9658
 -0.5537   2.6229   9.3919  -4.7648
 -0.5625   2.6196   9.2583  -4.5639
 -0.5704   2.6137   9.1228  -4.3630
 -0.5774   2.6053   8.9852  -4.1623
 -0.5836   2.5948   8.8454  -3.9615
 -0.5890   2.5823   8.7034  -3.7608
 -0.5936   2.5681   8.5592  -3.5600
 -0.5975   2.5523   8.4126  -3.3591
 -0.6005   2.5350   8.2635  -3.1582
 -0.6028   2.5165   8.1121  -2.9571
 -0.6044   2.4968   7.9580  -2.7559
 -0.6052   2.4760   7.8014  -2.5545
 -0.6054   2.4543   7.6422  -2.3529
 -0.6048   2.4317   7.4803  -2.1511
 -0.6036   2.4082   7.3156  -1.9491
 -0.6016   2.3840   7.1482  -1.7468
 -0.5990   2.3590   6.9779  -1.5442
 -0.5958   2.3334   6.8049  -1.3413
 -0.5918   2.3071   6.6289  -1.1382
 -0.5873   2.2801   6.4500  -0.9346
 -0.5821   2.2526   6.2683  -0.7308
 -0.5762   2.2243   6.0835  -0.5266
 -0.5698   2.1955   5.8958  -0.3220
 -0.5627   2.1659   5.7052  -0.1169
 -0.5550   2.1357   5.5116   0.0885
 -0.5466   2.1046   5.3149   0.2944
 -0.5377   2.0728   5.1153   0.5008
 -0.5282   2.0401   4.9127   0.7076
 -0.5180   2.0064   4.7072   0.9150
 -0.5072   1.9717   4.4987   1.1228
 -0.4958   1.9358   4.2872   1.3313
 -0.4838   1.8986   4.0728   1.5403
 -0.4712   1.8599   3.8554   1.7499
 -0.4579   1.8197   3.6352   1.9602
 -0.4440   1.7777   3.4121   2.1712
 -0.4295   1.7337   3.1861   2.3828
 -0.4143   1.6875   2.9574   2.5952
 -0.3984   1.6389   2.7258   2.8084
 -0.3819   1.5874   2.4915   3.0224
 -0.3646   1.5329   2.2544   3.2372
 -0.3467   1.4750   2.0147   3.4530
 -0.3280   1.4133   1.7723   3.6697
 -0.3085   1.3473   1.5273   3.8874
 -0.2883   1.2765   1.2797   4.1062
 -0.2672   1.2005   1.0295   4.3261
 -0.2452   1.1185   0.7769   4.5472
 -0.2224   1.0300   0.5217   4.7695
 -0.1986   0.9343   0.2642   4.9932
 -0.1738   0.8304   0.0041   5.2182
 -0.1479   0.7177  -0.2582   5.4447
 -0.1210   0.5950  -0.5230   5.6728
 -0.0928   0.4618  -0.7901   5.9025
 -0.0634   0.3174  -1.0594   6.1340
 -0.0328   0.1624  -1.3311   6.3672
 -0.0009   0.0004  -1.6049   6.6024
 -0.0009   0.0004  -1.6049   6.6024
 -0.2499   0.9809  -1.7574   3.9476
 -0.4885   1.7554  -1.9349   1.8294
 -0.7175   2.3671  -2.1332   0.1398
 -0.9375   2.8502  -2.3475  -1.2082
 -1.1488   3.2316  -2.5737  -2.2836
 -1.3519   3.5327  -2.8081  -3.1421
 -1.5468   3.7703  -3.0474  -3.8276
 -1.7339   3.9579  -3.2889  -4.3752
 -1.9133   4.1058  -3.5305  -4.8130
 -2.0852   4.2225  -3.7703  -5.1632
 -2.2499   4.3146  -4.0069  -5.4433
 -2.4074   4.3872  -4.2391  -5.6674
 -2.5579   4.4446  -4.4660  -5.8467
 -2.7017   4.4899  -4.6869  -5.9900
 -2.8387   4.5258  -4.9012  -6.1043
 -2.9691   4.5542  -5.1085  -6.1953
 -3.0931   4.5769  -5.3084  -6.2675
 -3.2108   4.5950  -5.5006  -6.3243
 -3.3222   4.6096  -5.6849  -6.3686
 -3.4275   4.6215  -5.8612  -6.4027
 -3.5269   4.6313  -6.0294  -6.4284
 -3.6203   4.6395  -6.1894  -6.4471
 -3.7079   4.6465  -6.3410  -6.4601
 -3.7897   4.6526  -6.4843  -6.4682
 -3.8659   4.6580  -6.6192  -6.4722
 -3.9364   4.6629  -6.7457  -6.4727
 -4.0015   4.6675  -6.8638  -6.4703
 -4.0611   4.6719  -6.9733  -6.4653
 -4.1153   4.6762  -7.0745  -6.4581
 -4.1641   4.6805  -7.1671  -6.4489
 -4.2077   4.6847  -7.2512  -6.4379
 -4.2461   4.6890  -7.3268  -6.4255
 -4.2792   4.6934  -7.3938  -6.4117
 -4.3072   4.6978  -7.4523  -6.3966
 -4.3301   4.7024  -7.5022  -6.3804
 -4.3480   4.7071  -7.5435  -6.3632
 -4.3608   4.7119  -7.5761  -6.3451
 -4.3686   4.7169  -7.6001  -6.3262
 -4.3714   4.7220  -7.6154  -6.3064
 -4.3692   4.7272  -7.6219  -6.2860
 -4.3622   4.7325  -7.6195  -6.2649
 -4.3502   4.7380  -7.6084  -6.2432
 -4.3333   4.7435  -7.5883  -6.2209
 -4.3115   4.7492  -7.5592  -6.1982
 -4.2848   4.7549  -7.5211  -6.1749
 -4.2533   4.7606  -7.4738  -6.1512
 -4.2169   4.7664  -7.4174  -6.1271
 -4.1756   4.7721  -7.3516  -6.1025
 -4.1294   4.7778  -7.2765  -6.0775
 -4.0783   4.7833  -7.1919  -6.0521
 -4.0224   4.7887  -7.0977  -6.0263
 -3.9615   4.7937  -6.9939  -5.9999
 -3.8956   4.7984  -6.8802  -5.9730
 -3.8249   4.8026  -6.7565  -5.9455
 -3.7491   4.8061  -6.6228  -5.9171
 -3.6683   4.8087  -6.4790  -5.8878
 -3.5824   4.8101  -6.3247  -5.8572
 -3.4914   4.8101  -6.1600  -5.8251
 -3.3953   4.8081  -5.9846  -5.7910
 -3.2939   4.8037  -5.7984  -5.7544
 -3.1872   4.7962  -5.6012  -5.7145
 -3.0752   4.7848  -5.3928  -5.6705
 -2.9575   4.7684  -5.1731  -5.6213
 -2.8343   4.7457  -4.9419  -5.5653
 -2.7052   4.7149  -4.6989  -5.5007
 -2.5700   4.6739  -4.4441  -5.4251
 -2.4287   4.6201  -4.1772  -5.3355
 -2.2807   4.5498  -3.8980  -5.2281
 -2.1258   4.4587  -3.6064  -5.0982
 -1.9635   4.3413  -3.3022  -4.9396
 -1.7931   4.1905  -2.9853  -4.7448
 -1.6141   3.9974  -2.6555  -4.5040
 -1.4254   3.7505  -2.3129  -4.2052
 -1.2259   3.4356  -1.9575  -3.8332
 -1.0141   3.0343  -1.5893  -3.3686
 -0.7884   2.5235  -1.2087  -2.7874
 -0.5464   1.8740  -0.8162  -2.0592
  5.5486  -6.8820  -0.8732  -2.0452
  5.5550  -6.5661  -0.5730  -2.1881
  5.5604  -6.2548  -0.2828  -2.3125
  5.5648  -5.9479  -0.0026  -2.4200
  5.5679  -5.6452   0.2681  -2.5124
  5.5697  -5.3466   0.5292  -2.5910
  5.5700  -5.0519   0.7811  -2.6572
  5.5688  -4.7608   1.0240  -2.7122
  5.5658  -4.4733   1.2579  -2.7571
  5.5610  -4.1892   1.4832  -2.7929
  5.5544  -3.9084   1.6998  -2.8205
  5.5457  -3.6307   1.9080  -2.8408
  5.5350  -3.3561   2.1079  -2.8544
  5.5222  -3.0844   2.2997  -2.8621
  5.5072  -2.8156   2.4834  -2.8645
  5.4900  -2.5495   2.6592  -2.8622
  5.4705  -2.2860   2.8273  -2.8556
  5.4486  -2.0251   2.9876  -2.8453
  5.4243  -1.7667   3.1403  -2.8316
  5.3976  -1.5108   3.2856  -2.8150
  5.3684  -1.2571   3.4234  -2.7957
  5.3368  -1.0057   3.5539  -2.7741
  5.3027  -0.7566   3.6772  -2.7506
  5.2661  -0.5096   3.7934  -2.7252
  5.2270  -0.2647   3.9024  -2.6983
  5.1853  -0.0218   4.0044  -2.6701
  5.1412   0.2191   4.0995  -2.6407
  5.0946   0.4580   4.1877  -2.6104
  5.0454   0.6951   4.2691  -2.5793
  4.9938   0.9303   4.3437  -2.5475
  4.9398   1.1638   4.4117  -2.5151
  4.8833   1.3955   4.4729  -2.4823
  4.8245   1.6255   4.5275  -2.4491
  4.7633   1.8539   4.5756  -2.4157
  4.6997   2.0806   4.6171  -2.3820
  4.6339   2.3058   4.6521  -2.3483
  4.5658   2.5295   4.6806  -2.3145
  4.4954   2.7516   4.7028  -2.2807
  4.4230   2.9724   4.7185  -2.2469
  4.3483   3.1918   4.7278  -2.2132
  4.2716   3.4098   4.7309  -2.1796
  4.1929   3.6266   4.7275  -2.1461
  4.1122   3.8421   4.7179  -2.1127
  4.0296   4.0564   4.7020  -2.0794
  3.9450   4.2695   4.6799  -2.0463
  3.8587   4.4816   4.6514  -2.0133
  3.7705   4.6926   4.6168  -1.9804
  3.6806   4.9027   4.5759  -1.9476
  3.5890   5.1118   4.5288  -1.9149
  3.4958   5.3200   4.4754  -1.8822
  3.4009   5.5274   4.4159  -1.8495
  3.3045   5.7341   4.3502  -1.8167
  3.2066   5.9401   4.2782  -1.7838
  3.1073   6.1454   4.2001  -1.7506
  3.0065   6.3502   4.1158  -1.7171
  2.9043   6.5545   4.0252  -1.6833
  2.8007   6.7584   3.9285  -1.6488
  2.6959   6.9620   3.8256  -1.6138
  2.5897   7.1653   3.7165  -1.5779
  2.4823   7.3684   3.6012  -1.5410
  2.3736   7.5714   3.4797  -1.5029
  2.2637   7.7745   3.3520  -1.4634
  2.1527   7.9776   3.2181  -1.4223
  2.0404   8.1808   3.0779  -1.3792
  1.9270   8.3844   2.9316  -1.3339
  1.8124   8.5883   2.7791  -1.2859
  1.6967   8.7927   2.6203  -1.2349
  1.5797   8.9978   2.4554  -1.1805
  1.4617   9.2035   2.2843  -1.1221
  1.3424   9.4101   2.1070  -1.0593
  1.2220   9.6176   1.9235  -0.9912
  1.1004   9.8262   1.7338  -0.9173
  0.9776  10.0360   1.5380  -0.8368
  0.8535  10.2473   1.3361  -0.7488
  0.7281  10.4600   1.1281  -0.6524
  0.6014  10.6744   0.9140  -0.5463
  0.4733  10.8907   0.6939  -0.4295
  0.3439  11.1091   0.4677  -0.3005
  0.2129  11.3296   0.2357  -0.1578
  0.0804  11.5525  -0.0023   0.0003
  0.0804  11.5525  -0.0023   0.0003
  0.4435   6.6955  -0.4440   1.5786
  0.7188   2.8623  -0.8615   2.8506
  0.9178  -0.1515  -1.2573   3.8716
  1.0525  -2.5132  -1.6332   4.6896
  1.1349  -4.3597  -1.9908   5.3446
  1.1753  -5.8013  -2.3311   5.8697
  1.1828  -6.9256  -2.6550   6.2915
  1.1648  -7.8020  -2.9631   6.6316
  1.1272  -8.4849  -3.2562   6.9071
  1.0748  -9.0171  -3.5347   7.1317
  1.0114  -9.4319  -3.7993   7.3163
  0.9400  -9.7552  -4.0502   7.4694
  0.8629 -10.0072  -4.2880   7.5977
  0.7820 -10.2038  -4.5131   7.7067
  0.6986 -10.3570  -4.7258   7.8005
  0.6138 -10.4764  -4.9265   7.8824
  0.5284 -10.5694  -5.1154   7.9551
  0.4432 -10.6417  -5.2930   8.0205
  0.3586 -10.6979  -5.4594   8.0804
  0.2750 -10.7413  -5.6150   8.1360
  0.1927 -10.7746  -5.7601   8.1883
  0.1119 -10.8001  -5.8948   8.2380
  0.0329 -10.8194  -6.0195   8.2858
 -0.0442 -10.8336  -6.1343   8.3322
 -0.1194 -10.8439  -6.2395   8.3776
 -0.1925 -10.8511  -6.3352   8.4222
 -0.2635 -10.8556  -6.4218   8.4663
 -0.3323 -10.8581  -6.4993   8.5101
 -0.3989 -10.8589  -6.5680   8.5537
 -0.4632 -10.8583  -6.6279   8.5973
 -0.5251 -10.8566  -6.6794   8.6409
 -0.5848 -10.8538  -6.7226   8.6845
 -0.6420 -10.8503  -6.7575   8.7284
 -0.6969 -10.8460  -6.7844   8.7724
 -0.7494 -10.8411  -6.8033   8.8166
 -0.7995 -10.8357  -6.8145   8.8611
 -0.8471 -10.8297  -6.8181   8.9059
 -0.8922 -10.8233  -6.8141   8.9509
 -0.9348 -10.8165  -6.8027   8.9962
 -0.9749 -10.8093  -6.7840   9.0419
 -1.0124 -10.8018  -6.7580   9.0878
 -1.0474 -10.7938  -6.7250   9.1339
 -1.0798 -10.7855  -6.6850   9.1804
 -1.1095 -10.7769  -6.6380   9.2270
 -1.1366 -10.7678  -6.5843   9.2739
 -1.1610 -10.7584  -6.5237   9.3210
 -1.1826 -10.7485  -6.4565   9.3682
 -1.2016 -10.7381  -6.3827   9.4155
 -1.2177 -10.7271  -6.3023   9.4628
 -1.2310 -10.7155  -6.2155   9.5100
 -1.2414 -10.7030  -6.1222   9.5570
 -1.2489 -10.6896  -6.0225   9.6036
 -1.2535 -10.6751  -5.9165   9.6497
 -1.2551 -10.6591  -5.8041   9.6949
 -1.2536 -10.6413  -5.6855   9.7390
 -1.2490 -10.6214  -5.5605   9.7815
 -1.2413 -10.5987  -5.4293   9.8221
 -1.2304 -10.5726  -5.2918   9.8599
 -1.2163 -10.5422  -5.1479   9.8942
 -1.1988 -10.5063  -4.9976   9.9239
 -1.1778 -10.4636  -4.8409   9.9476
 -1.1535 -10.4123  -4.6775   9.9638
 -1.1255 -10.3501  -4.5073   9.9700
 -1.0939 -10.2741  -4.3301   9.9637
 -1.0585 -10.1807  -4.1455   9.9411
 -1.0191 -10.0653  -3.9532   9.8976
 -0.9757  -9.9222  -3.7525   9.8275
 -0.9280  -9.7440  -3.5427   9.7231
 -0.8758  -9.5214  -3.3229   9.5749
 -0.8187  -9.2427  -3.0919   9.3703
 -0.7565  -8.8932  -2.8479   9.0936
 -0.6886  -8.4543  -2.5890   8.7243
 -0.6146  -7.9026  -2.3124   8.2359
 -0.5338  -7.2090  -2.0146   7.5945
 -0.4454  -6.3369  -1.6911   6.7562
 -0.3486  -5.2413  -1.3362   5.6639
 -0.2424  -3.8667  -0.9423   4.2435
 -0.1258  -2.1461  -0.5001   2.3980
  0.0018  -0.0003   0.0016  -0.0005
  0.0004  -0.0004   0.0004   0.0028
  0.0004  -0.0004   0.0004   0.0028
  0.0003  -0.0004   0.0004   0.0028
  0.0424   0.0183  10.9497  -8.6122
  0.0344   0.1840  10.8658  -8.4325
  0.0269   0.3366  10.7820  -8.2538
  0.0200   0.4776  10.6981  -8.0760
  0.0135   0.6078  10.6141  -7.8991
  0.0074   0.7285  10.5299  -7.7229
  0.0018   0.8405  10.4454  -7.5475
 -0.0035   0.9446  10.3606  -7.3726
 -0.0085   1.0416  10.2753  -7.1983
 -0.0131   1.1321  10.1895  -7.0245
 -0.0175   1.2168  10.1032  -6.8510
 -0.0216   1.2962  10.0161  -6.6779
 -0.0255   1.3709   9.9283  -6.5052
 -0.0291   1.4412   9.8396  -6.3326
 -0.0325   1.5076   9.7500  -6.1602
 -0.0358   1.5705   9.6593  -5.9880
 -0.0388   1.6302   9.5676  -5.8158
 -0.0417   1.6869   9.4747  -5.6436
 -0.0444   1.7410   9.3806  -5.4715
 -0.0470   1.7927   9.2851  -5.2993
 -0.0495   1.8422   9.1882  -5.1269
 -0.0518   1.8897   9.0898  -4.9544
 -0.0541   1.9354   8.9898  -4.7818
 -0.0562   1.9793   8.8882  -4.6089
 -0.0583   2.0218   8.7848  -4.4358
 -0.0602   2.0628   8.6796  -4.2623
 -0.0621   2.1024   8.5725  -4.0886
 -0.0640   2.1409   8.4635  -3.9145
 -0.0657   2.1782   8.3524  -3.7400
 -0.0674   2.2143   8.2392  -3.5652
 -0.0691   2.2495   8.1239  -3.3898
 -0.0707   2.2836   8.0062  -3.2141
 -0.0723   2.3167   7.8863  -3.0378
 -0.0738   2.3489   7.7640  -2.8611
 -0.0753   2.3802   7.6392  -2.6838
 -0.0768   2.4105   7.5119  -2.5060
 -0.0782   2.4399   7.3821  -2.3277
 -0.0797   2.4683   7.2496  -2.1487
 -0.0811   2.4957   7.1144  -1.9692
 -0.0824   2.5221   6.9765  -1.7890
 -0.0838   2.5474   6.8359  -1.6082
 -0.0852   2.5716   6.6924  -1.4268
 -0.0865   2.5946   6.5460  -1.2447
 -0.0878   2.6163   6.3968  -1.0620
 -0.0891   2.6367   6.2446  -0.8786
 -0.0903   2.6556   6.0894  -0.6944
 -0.0916   2.6730   5.9312  -0.5096
 -0.0928   2.6887   5.7700  -0.3240
 -0.0939   2.7026   5.6057  -0.1377
 -0.0950   2.7145   5.4383   0.0494
 -0.0961   2.7242   5.2678   0.2372
 -0.0971   2.7316   5.0943   0.4258
 -0.0980   2.7365   4.9176   0.6153
 -0.0989   2.7386   4.7377   0.8055
 -0.0997   2.7376   4.5547   0.9965
 -0.1003   2.7333   4.3686   1.1884
 -0.1009   2.7254   4.1794   1.3812
 -0.1013   2.7135   3.9870   1.5749
 -0.1015   2.6972   3.7915   1.7694
 -0.1016   2.6762   3.5928   1.9649
 -0.1015   2.6498   3.3911   2.1613
 -0.1011   2.6177   3.1862   2.3587
 -0.1005   2.5793   2.9783   2.5571
 -0.0996   2.5339   2.7674   2.7565
 -0.0983   2.4809   2.5534   2.9570
 -0.0967   2.4194   2.3363   3.1586
 -0.0947   2.3488   2.1163   3.3614
 -0.0922   2.2679   1.8933   3.5653
 -0.0892   2.1758   1.6674   3.7704
 -0.0856   2.0715   1.4385   3.9767
 -0.0814   1.9535   1.2067   4.1844
 -0.0765   1.8207   0.9720   4.3934
 -0.0707   1.6713   0.7345   4.6038
 -0.0641   1.5039   0.4942   4.8157
 -0.0566   1.3165   0.2510   5.0291
 -0.0480   1.1070   0.0050   5.2441
 -0.0382   0.8733  -0.2438   5.4608
 -0.0271   0.6128  -0.4953   5.6792
 -0.0147   0.3229  -0.7497   5.8994
 -0.0007   0.0004  -1.0068   6.1216
 -0.0007   0.0004  -1.0068   6.1216
 -0.1175   0.9790  -1.1483   3.3671
 -0.2315   1.7705  -1.3125   1.1528
 -0.3435   2.4110  -1.4961  -0.6242
 -0.4537   2.9299  -1.6956  -2.0473
 -0.5624   3.3507  -1.9073  -3.1845
 -0.6697   3.6922  -2.1278  -4.0907
 -0.7756   3.9696  -2.3542  -4.8102
 -0.8801   4.1951  -2.5840  -5.3790
 -0.9833   4.3785  -2.8148  -5.8260
 -1.0851   4.5277  -3.0449  -6.1745
 -1.1856   4.6491  -3.2728  -6.4435
 -1.2847   4.7477  -3.4973  -6.6480
 -1.3823   4.8276  -3.7173  -6.8003
 -1.4785   4.8922  -3.9320  -6.9103
 -1.5732   4.9440  -4.1408  -6.9859
 -1.6663   4.9852  -4.3431  -7.0335
 -1.7578   5.0175  -4.5386  -7.0582
 -1.8477   5.0423  -4.7269  -7.0644
 -1.9360   5.0607  -4.9078  -7.0552
 -2.0224   5.0735  -5.0810  -7.0336
 -2.1071   5.0814  -5.2463  -7.0015
 -2.1898   5.0851  -5.4037  -6.9610
 -2.2707   5.0850  -5.5530  -6.9133
 -2.3495   5.0814  -5.6942  -6.8597
 -2.4263   5.0746  -5.8272  -6.8012
 -2.5009   5.0649  -5.9519  -6.7385
 -2.5733   5.0524  -6.0683  -6.6722
 -2.6434   5.0373  -6.1765  -6.6030
 -2.7111   5.0197  -6.2763  -6.5312
 -2.7764   4.9996  -6.3678  -6.4572
 -2.8391   4.9772  -6.4509  -6.3813
 -2.8991   4.9525  -6.5256  -6.3038
 -2.9564   4.9255  -6.5920  -6.2248
 -3.0109   4.8962  -6.6499  -6.1446
 -3.0623   4.8646  -6.6995  -6.0632
 -3.1108   4.8308  -6.7407  -5.9809
 -3.1561   4.7948  -6.7735  -5.8977
 -3.1981   4.7565  -6.7978  -5.8138
 -3.2367   4.7159  -6.8137  -5.7291
 -3.2718   4.6730  -6.8211  -5.6439
 -3.3033   4.6278  -6.8201  -5.5581
 -3.3310   4.5803  -6.8106  -5.4718
 -3.3548   4.5303  -6.7926  -5.3851
 -3.3745   4.4780  -6.7661  -5.2980
 -3.3901   4.4232  -6.7310  -5.2106
 -3.4014   4.3659  -6.6873  -5.1229
 -3.4082   4.3061  -6.6350  -5.0349
 -3.4104   4.2436  -6.5740  -4.9466
 -3.4078   4.1785  -6.5043  -4.8581
 -3.4002   4.1107  -6.4259  -4.7693
 -3.3875   4.0401  -6.3387  -4.6803
 -3.3695   3.9666  -6.2426  -4.5911
 -3.3461   3.8902  -6.1376  -4.5016
 -3.3169   3.8107  -6.0237  -4.4118
 -3.2818   3.7281  -5.9007  -4.3216
 -3.2407   3.6423  -5.7686  -4.2310
 -3.1932   3.5531  -5.6273  -4.1398
 -3.1393   3.4603  -5.4768  -4.0478
 -3.0786   3.3639  -5.3169  -3.9550
 -3.0109   3.2637  -5.1476  -3.8610
 -2.9360   3.1594  -4.9688  -3.7655
 -2.8536   3.0509  -4.7803  -3.6681
 -2.7635   2.9378  -4.5821  -3.5684
 -2.6653   2.8200  -4.3741  -3.4655
 -2.5588   2.6970  -4.1561  -3.3589
 -2.4438   2.5686  -3.9280  -3.2473
 -2.3198   2.4342  -3.6898  -3.1296
 -2.1866   2.2933  -3.4412  -3.0042
 -2.0439   2.1453  -3.1822  -2.8691
 -1.8912   1.9895  -2.9127  -2.7219
 -1.7282   1.8249  -2.6325  -2.5595
 -1.5545   1.6506  -2.3415  -2.3780
 -1.3698   1.4652  -2.0397  -2.1729
 -1.1735   1.2671  -1.7269  -1.9384
 -0.9652   1.0544  -1.4031  -1.6670
 -0.7445   0.8247  -1.0683  -1.3500
 -0.5106   0.5750  -0.7225  -0.9762
 -0.2632   0.3017  -0.3659  -0.5320
 -0.0014   0.0002   0.0014  -0.0002
 -0.0014   0.0004   0.0013  -0.0003
  5.3715  -5.7833  -0.0505   0.0113
  5.3738  -5.4758   0.2083  -0.3080
  5.3746  -5.1722   0.4579  -0.6046
  5.3738  -4.8725   0.6982  -0.8730
  5.3711  -4.5764   0.9296  -1.1133
  5.3666  -4.2838   1.1521  -1.3271
  5.3600  -3.9945   1.3660  -1.5166
  5.3514  -3.7085   1.5716  -1.6839
  5.3407  -3.4256   1.7689  -1.8312
  5.3278  -3.1458   1.9583  -1.9604
  5.3125  -2.8688   2.1398  -2.0733
  5.2950  -2.5947   2.3136  -2.1715
  5.2750  -2.3233   2.4800  -2.2564
  5.2526  -2.0545   2.6389  -2.3295
  5.2278  -1.7882   2.7906  -2.3918
  5.2004  -1.5245   2.9352  -2.4444
  5.1705  -1.2631   3.0729  -2.4884
  5.1381  -1.0041   3.2036  -2.5246
  5.1031  -0.7474   3.3276  -2.5538
  5.0655  -0.4929   3.4450  -2.5768
  5.0253  -0.2405   3.5557  -2.5942
  4.9825   0.0098   3.6600  -2.6066
  4.9372   0.2580   3.7579  -2.6145
  4.8892   0.5042   3.8495  -2.6184
  4.8388   0.7485   3.9349  -2.6188
  4.7858   0.9909   4.0141  -2.6160
  4.7302   1.2314   4.0872  -2.6104
  4.6722   1.4701   4.1542  -2.6023
  4.6117   1.7071   4.2153  -2.5921
  4.5488   1.9424   4.2704  -2.5799
  4.4836   2.1760   4.3197  -2.5660
  4.4159   2.4080   4.3632  -2.5506
  4.3460   2.6384   4.4008  -2.5340
  4.2738   2.8673   4.4328  -2.5161
  4.1993   3.0947   4.4590  -2.4973
  4.1227   3.3207   4.4795  -2.4776
  4.0440   3.5453   4.4945  -2.4571
  3.9632   3.7685   4.5038  -2.4359
  3.8804   3.9905   4.5075  -2.4142
  3.7956   4.2112   4.5058  -2.3920
  3.7089   4.4307   4.4984  -2.3693
  3.6203   4.6491   4.4856  -2.3463
  3.5299   4.8664   4.4673  -2.3228
  3.4378   5.0827   4.4436  -2.2990
  3.3439   5.2981   4.4144  -2.2749
  3.2484   5.5125   4.3797  -2.2505
  3.1512   5.7261   4.3397  -2.2257
  3.0525   5.9389   4.2942  -2.2006
  2.9523   6.1510   4.2433  -2.1751
  2.8506   6.3625   4.1870  -2.1492
  2.7474   6.5734   4.1254  -2.1228
  2.6428   6.7839   4.0583  -2.0958
  2.5369   6.9939   3.9859  -2.0682
  2.4296   7.2036   3.9081  -2.0399
  2.3210   7.4130   3.8249  -2.0107
  2.2112   7.6223   3.7364  -1.9805
  2.1001   7.8315   3.6424  -1.9492
  1.9878   8.0407   3.5431  -1.9166
  1.8742   8.2500   3.4384  -1.8824
  1.7595   8.4596   3.3284  -1.8465
  1.6435   8.6695   3.2129  -1.8086
  1.5264   8.8798   3.0921  -1.7684
  1.4081   9.0907   2.9659  -1.7255
  1.2886   9.3022   2.8343  -1.6796
  1.1680   9.5146   2.6974  -1.6303
  1.0461   9.7279   2.5550  -1.5770
  0.9230   9.9422   2.4073  -1.5193
  0.7986  10.1578   2.2541  -1.4566
  0.6730  10.3747   2.0956  -1.3881
  0.5460  10.5931   1.9317  -1.3131
  0.4178  10.8133   1.7624  -1.2309
  0.2881  11.0352   1.5877  -1.1404
  0.1569  11.2592   1.4077  -1.0405
  0.0243  11.4855   1.2223  -0.9302
 -0.1099  11.7142   1.0315  -0.8082
 -0.2458  11.9455   0.8355  -0.6733
 -0.3834  12.1797   0.6340  -0.5241
 -0.5228  12.4170   0.4273  -0.3602
 -0.6641  12.6577   0.2152  -0.1831
 -0.8074  12.9020  -0.0023   0.0003
 -0.8074  12.9020  -0.0023   0.0003
 -0.3380   7.2703  -0.4096   1.6456
  0.0187   2.8549  -0.7927   2.9343
  0.2778  -0.5949  -1.1543   3.9461
  0.4557  -3.2833  -1.4965   4.7426
  0.5675  -5.3747  -1.8210   5.3718
  0.6267  -6.9997  -2.1289   5.8706
  0.6446  -8.2612  -2.4212   6.2680
  0.6304  -9.2403  -2.6986   6.5864
  0.5917 -10.0000  -2.9618   6.8434
  0.5344 -10.5894  -3.2114   7.0525
  0.4631 -11.0467  -3.4479   7.2243
  0.3814 -11.4014  -3.6718   7.3672
  0.2922 -11.6765  -3.8835   7.4875
  0.1977 -11.8898  -4.0834   7.5902
  0.0996 -12.0549  -4.2719   7.6794
 -0.0008 -12.1825  -4.4493   7.7581
 -0.1025 -12.2807  -4.6159   7.8286
 -0.2046 -12.3560  -4.7721   7.8927
 -0.3066 -12.4132  -4.9180   7.9521
 -0.4081 -12.4560  -5.0541   8.0077
 -0.5085 -12.4873  -5.1804   8.0604
 -0.6077 -12.5092  -5.2974   8.1111
 -0.7054 -12.5233  -5.4051   8.1600
 -0.8015 -12.5307  -5.5039   8.2078
 -0.8959 -12.5319  -5.5940   8.2547
 -0.9884 -12.5274  -5.6754   8.3010
 -1.0790 -12.5169  -5.7485   8.3468
 -1.1677 -12.5002  -5.8134   8.3924
 -1.2542 -12.4771  -5.8703   8.4377
 -1.3385 -12.4479  -5.9193   8.4829
 -1.4202 -12.4140  -5.9606   8.5281
 -1.4991 -12.3773  -5.9945   8.5733
 -1.5748 -12.3402  -6.0210   8.6186
 -1.6469 -12.3051  -6.0403   8.6638
 -1.7154 -12.2739  -6.0526   8.7092
 -1.7803 -12.2452  -6.0581   8.7546
 -1.8415 -12.2185  -6.0567   8.8002
 -1.8992 -12.1933  -6.0488   8.8458
 -1.9532 -12.1693  -6.0343   8.8914
 -2.0035 -12.1461  -6.0135   8.9372
 -2.0501 -12.1235  -5.9863   8.9830
 -2.0929 -12.1013  -5.9530   9.0288
 -2.1320 -12.0793  -5.9136   9.0746
 -2.1671 -12.0575  -5.8682   9.1204
 -2.1984 -12.0357  -5.8170   9.1662
 -2.2256 -12.0138  -5.7599   9.2118
 -2.2488 -11.9917  -5.6972   9.2574
 -2.2678 -11.9694  -5.6288   9.3027
 -2.2826 -11.9467  -5.5549   9.3478
 -2.2931 -11.9235  -5.4755   9.3925
 -2.2992 -11.8998  -5.3907   9.4367
 -2.3008 -11.8752  -5.3006   9.4803
 -2.2978 -11.8496  -5.2051   9.5230
 -2.2901 -11.8227  -5.1045   9.5648
 -2.2777 -11.7942  -4.9986   9.6052
 -2.2604 -11.7636  -4.8876   9.6439
 -2.2381 -11.7304  -4.7714   9.6805
 -2.2107 -11.6939  -4.6500   9.7143
 -2.1781 -11.6531  -4.5235   9.7447
 -2.1401 -11.6069  -4.3917   9.7705
 -2.0966 -11.5539  -4.2547   9.7906
 -2.0474 -11.4921  -4.1123   9.8034
 -1.9924 -11.4193  -3.9643   9.8069
 -1.9314 -11.3323  -3.8106   9.7983
 -1.8641 -11.2273  -3.6508   9.7744
 -1.7904 -11.0995  -3.4846   9.7308
 -1.7100 -10.9426  -3.3115   9.6618
 -1.6224 -10.7488  -3.1306   9.5601
 -1.5274 -10.5081  -2.9412   9.4165
 -1.4245 -10.2078  -2.7419   9.2187
 -1.3130  -9.8316  -2.5313   8.9511
 -1.1924  -9.3592  -2.3071   8.5932
 -1.0617  -8.7644  -2.0668   8.1187
 -0.9200  -8.0141  -1.8068   7.4933
 -0.7661  -7.0665  -1.5225   6.6726
 -0.5985  -5.8682  -1.2081   5.5990
 -0.4158  -4.3517  -0.8561   4.1979
 -0.3670  -4.3321  11.1661  -7.7912
 -0.3982  -3.6803  11.1178  -7.6344
 -0.4269  -3.0906  11.0681  -7.4772
 -0.4535  -2.5569  11.0170  -7.3195
 -0.4781  -2.0736  10.9644  -7.1614
 -0.5011  -1.6359  10.9103  -7.0028
 -0.5226  -1.2391  10.8547  -6.8437
 -0.5428  -0.8794  10.7976  -6.6840
 -0.5617  -0.5530  10.7388  -6.5237
 -0.5795  -0.2566  10.6783  -6.3628
 -0.5962   0.0127  10.6160  -6.2012
 -0.6119   0.2577  10.5519  -6.0389
 -0.6267   0.4806  10.4859  -5.8759
 -0.6405   0.6838  10.4180  -5.7121
 -0.6534   0.8691  10.3480  -5.5475
 -0.6654   1.0383  10.2759  -5.3821
 -0.6766   1.1931  10.2017  -5.2158
 -0.6869   1.3348  10.1251  -5.0487
 -0.6964   1.4647  10.0462  -4.8807
 -0.7050   1.5841   9.9649  -4.7118
 -0.7129   1.6939   9.8811  -4.5419
 -0.7200   1.7951   9.7947  -4.3711
 -0.7263   1.8886   9.7056  -4.1993
 -0.7318   1.9750   9.6137  -4.0265
 -0.7365   2.0551   9.5190  -3.8527
 -0.7405   2.1296   9.4214  -3.6778
 -0.7437   2.1988   9.3208  -3.5020
 -0.7462   2.2634   9.2171  -3.3250
 -0.7480   2.3238   9.1102  -3.1471
 -0.7490   2.3804   9.0001  -2.9680
 -0.7493   2.4334   8.8867  -2.7879
 -0.7489   2.4833   8.7699  -2.6067
 -0.7478   2.5303   8.6497  -2.4243
 -0.7460   2.5747   8.5259  -2.2409
 -0.7435   2.6166   8.3986  -2.0564
 -0.7403   2.6562   8.2676  -1.8708
 -0.7365   2.6938   8.1329  -1.6841
 -0.7320   2.7293   7.9944  -1.4963
 -0.7269   2.7630   7.8521  -1.3074
 -0.7211   2.7949   7.7060  -1.1174
 -0.7147   2.8251   7.5559  -0.9262
 -0.7077   2.8536   7.4019  -0.7340
 -0.7001   2.8805   7.2439  -0.5406
 -0.6919   2.9058   7.0819  -0.3462
 -0.6831   2.9293   6.9159  -0.1506
 -0.6737   2.9512   6.7457   0.0460
 -0.6638   2.9713   6.5715   0.2438
 -0.6532   2.9896   6.3931   0.4426
 -0.6421   3.0060   6.2107   0.6426
 -0.6305   3.0203   6.0241   0.8437
 -0.6183   3.0324   5.8334   1.0458
 -0.6056   3.0421   5.6385   1.2491
 -0.5924   3.0493   5.4395   1.4535
 -0.5786   3.0536   5.2364   1.6590
 -0.5643   3.0548   5.0293   1.8657
 -0.5495   3.0527   4.8180   2.0734
 -0.5341   3.0468   4.6027   2.2824
 -0.5182   3.0368   4.3833   2.4925
 -0.5019   3.0223   4.1600   2.7038
 -0.4850   3.0027   3.9326   2.9163
 -0.4675   2.9776   3.7013   3.1300
 -0.4495   2.9462   3.4662   3.3450
 -0.4310   2.9080   3.2271   3.5612
 -0.4119   2.8621   2.9842   3.7788
 -0.3922   2.8078   2.7376   3.9977
 -0.3720   2.7440   2.4872   4.2180
 -0.3511   2.6698   2.2331   4.4398
 -0.3295   2.5840   1.9753   4.6630
 -0.3072   2.4852   1.7139   4.8878
 -0.2843   2.3721   1.4490   5.1141
 -0.2605   2.2431   1.1805   5.3422
 -0.2359   2.0964   0.9085   5.5719
 -0.2105   1.9301   0.6330   5.8035
 -0.1841   1.7419   0.3541   6.0370
 -0.1566   1.5295   0.0718   6.2724
 -0.1281   1.2903  -0.2139   6.5099
 -0.0983   1.0212  -0.5030   6.7496
 -0.0673   0.7190  -0.7954   6.9916
 -0.0349   0.3800  -1.0911   7.2360
 -0.0011   0.0003  -1.3902   7.4829
 -0.0011   0.0003  -1.3902   7.4829
 -0.3311  -1.2975  -1.4531   4.3347
 -0.6543  -2.2621  -1.5469   1.7724
 -0.9704  -2.9591  -1.6685  -0.3147
 -1.2787  -3.4412  -1.8144  -2.0171
 -1.5784  -3.7511  -1.9806  -3.4085
 -1.8688  -3.9228  -2.1635  -4.5489
 -2.1493  -3.9840  -2.3597  -5.4871
 -2.4194  -3.9567  -2.5663  -6.2624
 -2.6786  -3.8589  -2.7808  -6.9067
 -2.9268  -3.7048  -3.0011  -7.4455
 -3.1636  -3.5061  -3.2255  -7.8996
 -3.3891  -3.2720  -3.4524  -8.2855
 -3.6030  -3.0102  -3.6806  -8.6165
 -3.8055  -2.7266  -3.9091  -8.9032
 -3.9965  -2.4262  -4.1370  -9.1540
 -4.1762  -2.1129  -4.3636  -9.3755
 -4.3447  -1.7900  -4.5883  -9.5728
 -4.5021  -1.4601  -4.8106  -9.7499
 -4.6485  -1.1253  -5.0299  -9.9099
 -4.7843  -0.7872  -5.2460 -10.0549
 -4.9095  -0.4473  -5.4584 -10.1864
 -5.0243  -0.1066  -5.6668 -10.3054
 -5.1290   0.2339  -5.8709 -10.4125
 -5.2237   0.5735  -6.0702 -10.5076
 -5.3087   0.9117  -6.2646 -10.5908
 -5.3842   1.2480  -6.4536 -10.6614
 -5.4504   1.5821  -6.6369 -10.7188
 -5.5076   1.9137  -6.8143 -10.7623
 -5.5558   2.2428  -6.9852 -10.7908
 -5.5955   2.5691  -7.1494 -10.8034
 -5.6267   2.8927  -7.3064 -10.7989
 -5.6498   3.2136  -7.4558 -10.7764
 -5.6649   3.5318  -7.5972 -10.7349
 -5.6722   3.8475  -7.7301 -10.6735
 -5.6720   4.1609  -7.8541 -10.5913
 -5.6645   4.4721  -7.9686 -10.4879
 -5.6499   4.7813  -8.0733 -10.3627
 -5.6284   5.0889  -8.1676 -10.2157
 -5.6003   5.3951  -8.2510 -10.0467
 -5.5657   5.7002  -8.3231  -9.8562
 -5.5249   6.0047  -8.3834  -9.6445
 -5.4781   6.3088  -8.4315  -9.4124
 -5.4254   6.6129  -8.4670  -9.1609
 -5.3671   6.9174  -8.4895  -8.8909
 -5.3035   7.2229  -8.4986  -8.6038
 -5.2347   7.5296  -8.4941  -8.3009
 -5.1610   7.8380  -8.4756  -7.9836
 -5.0825   8.1485  -8.4429  -7.6533
 -4.9995   8.4616  -8.3958  -7.3114
 -4.9122   8.7776  -8.3341  -6.9594
 -4.8209   9.0969  -8.2576  -6.5986
 -4.7257   9.4197  -8.1662  -6.2303
 -4.6269   9.7464  -8.0599  -5.8559
 -4.5247  10.0771  -7.9384  -5.4764
 -4.4194  10.4117  -7.8017  -5.0929
 -4.3111  10.7502  -7.6499  -4.7066
 -4.2002  11.0921  -7.4827  -4.3185
 -4.0867  11.4369  -7.3002  -3.9294
 -3.9709  11.7835  -7.1024  -3.5406
 -3.8529  12.1304  -6.8892  -3.1529
 -3.7329  12.4755  -6.6607  -2.7676
 -3.6109  12.8158  -6.4167  -2.3858
 -3.4869  13.1475  -6.1573  -2.0090
 -3.3609  13.4653  -5.8826  -1.6386
 -3.2326  13.7623  -5.5925  -1.2767
 -3.1015  14.0293  -5.2870  -0.9254
 -2.9670  14.2546  -4.9663  -0.5875
 -2.8282  14.4227  -4.6303  -0.2662
 -2.6838  14.5138  -4.2793   0.0344
 -2.5317  14.5025  -3.9133   0.3095
 -2.3696  14.3561  -3.5325   0.5530
 -2.1939  14.0325  -3.1371   0.7576
 -2.0004  13.4785  -2.7276   0.9141
 -1.7830  12.6261  -2.3042   1.0114
 -1.5344  11.3894  -1.8675   1.0358
 -1.2450   9.6600  -1.4181   0.9703
 -0.9029   7.3026  -0.9566   0.7941
 -0.4939   4.1497  -0.4839   0.4814
  5.9197  -6.8020  -0.5439   0.4974
  5.9466  -6.4957  -0.2664   0.0678
  5.9721  -6.1935   0.0016  -0.3056
  5.9961  -5.8950   0.2602  -0.6312
  6.0183  -5.6002   0.5096  -0.9155
  6.0387  -5.3088   0.7499  -1.1641
  6.0572  -5.0208   0.9815  -1.3816
  6.0736  -4.7358   1.2043  -1.5718
  6.0879  -4.4539   1.4187  -1.7380
  6.0999  -4.1749   1.6247  -1.8828
  6.1095  -3.8986   1.8225  -2.0088
  6.1167  -3.6249   2.0124  -2.1181
  6.1213  -3.3538   2.1943  -2.2124
  6.1234  -3.0852   2.3685  -2.2933
  6.1227  -2.8189   2.5350  -2.3624
  6.1193  -2.5549   2.6941  -2.4208
  6.1131  -2.2931   2.8458  -2.4697
  6.1041  -2.0334   2.9902  -2.5100
  6.0921  -1.7758   3.1274  -2.5428
  6.0772  -1.5202   3.2575  -2.5687
  6.0593  -1.2665   3.3807  -2.5885
  6.0384  -1.0148   3.4970  -2.6029
  6.0144  -0.7649   3.6065  -2.6124
  5.9874  -0.5168   3.7092  -2.6176
  5.9573  -0.2704   3.8054  -2.6189
  5.9242  -0.0258   3.8949  -2.6168
  5.8880   0.2172   3.9780  -2.6116
  5.8488   0.4585   4.0546  -2.6037
  5.8065   0.6982   4.1248  -2.5934
  5.7612   0.9364   4.1888  -2.5810
  5.7129   1.1730   4.2465  -2.5667
  5.6616   1.4081   4.2980  -2.5507
  5.6073   1.6417   4.3433  -2.5333
  5.5502   1.8739   4.3826  -2.5146
  5.4901   2.1046   4.4158  -2.4948
  5.4273   2.3340   4.4430  -2.4740
  5.3616   2.5621   4.4642  -2.4523
  5.2932   2.7888   4.4795  -2.4299
  5.2221   3.0142   4.4889  -2.4068
  5.1484   3.2383   4.4924  -2.3832
  5.0720   3.4613   4.4901  -2.3590
  4.9932   3.6830   4.4820  -2.3343
  4.9119   3.9036   4.4681  -2.3092
  4.8281   4.1230   4.4485  -2.2837
  4.7421   4.3414   4.4231  -2.2578
  4.6537   4.5588   4.3920  -2.2315
  4.5631   4.7751   4.3552  -2.2048
  4.4703   4.9905   4.3128  -2.1777
  4.3754   5.2049   4.2646  -2.1502
  4.2784   5.4185   4.2108  -2.1222
  4.1795   5.6313   4.1514  -2.0936
  4.0786   5.8434   4.0863  -2.0645
  3.9759   6.0547   4.0156  -2.0346
  3.8713   6.2654   3.9392  -2.0039
  3.7649   6.4754   3.8573  -1.9724
  3.6568   6.6850   3.7697  -1.9397
  3.5471   6.8941   3.6766  -1.9059
  3.4357   7.1028   3.5778  -1.8707
  3.3227   7.3112   3.4734  -1.8339
  3.2082   7.5193   3.3634  -1.7953
  3.0922   7.7273   3.2478  -1.7546
  2.9747   7.9352   3.1267  -1.7116
  2.8558   8.1431   2.9999  -1.6659
  2.7354   8.3511   2.8675  -1.6171
  2.6137   8.5593   2.7296  -1.5649
  2.4905   8.7677   2.5860  -1.5088
  2.3660   8.9766   2.4369  -1.4484
  2.2402   9.1860   2.2823  -1.3831
  2.1130   9.3960   2.1220  -1.3124
  1.9845   9.6068   1.9562  -1.2356
  1.8546   9.8184   1.7849  -1.1521
  1.7233  10.0311   1.6080  -1.0613
  1.5907  10.2449   1.4257  -0.9624
  1.4567  10.4600   1.2379  -0.8547
  1.3212  10.6765   1.0446  -0.7377
  1.1844  10.8946   0.8459  -0.6107
  1.0460  11.1146   0.6418  -0.4734
  0.9061  11.3365   0.4323  -0.3256
  0.7646  11.5606   0.2175  -0.1675
  0.6215  11.7870  -0.0027   0.0003
  0.6215  11.7870  -0.0027   0.0003
  1.1338   5.1635  -0.5040  -0.5649
  1.5119   0.0380  -0.9736  -0.9539
  1.7715  -3.8837  -1.4155  -1.2007
  1.9321  -6.8502  -1.8328  -1.3324
  2.0130  -9.0663  -2.2280  -1.3712
  2.0316 -10.6977  -2.6030  -1.3348
  2.0029 -11.8768  -2.9593  -1.2377
  1.9390 -12.7081  -3.2981  -1.0915
  1.8498 -13.2732  -3.6205  -0.9058
  1.7429 -13.6362  -3.9271  -0.6881
  1.6244 -13.8464  -4.2188  -0.4447
  1.4988 -13.9420  -4.4960  -0.1807
  1.3695 -13.9526  -4.7592   0.0999
  1.2392 -13.9008  -5.0089   0.3938
  1.1098 -13.8038  -5.2454   0.6983
  0.9827 -13.6751  -5.4690   1.0114
  0.8588 -13.5245  -5.6800   1.3312
  0.7389 -13.3598  -5.8787   1.6565
  0.6235 -13.1866  -6.0653   1.9862
  0.5128 -13.0092  -6.2400   2.3193
  0.4070 -12.8308  -6.4032   2.6553
  0.3062 -12.6535  -6.5549   2.9935
  0.2104 -12.4792  -6.6953   3.3336
  0.1196 -12.3088  -6.8246   3.6753
  0.0337 -12.1431  -6.9431   4.0183
 -0.0475 -11.9826  -7.0508   4.3626
 -0.1239 -11.8275  -7.1480   4.7079
 -0.1959 -11.6779  -7.2348   5.0543
 -0.2634 -11.5338  -7.3114   5.4018
 -0.3267 -11.3950  -7.3778   5.7502
 -0.3858 -11.2614  -7.4343   6.0998
 -0.4409 -11.1328  -7.4811   6.4504
 -0.4922 -11.0088  -7.5182   6.8023
 -0.5397 -10.8894  -7.5458   7.1555
 -0.5836 -10.7741  -7.5641   7.5100
 -0.6239 -10.6628  -7.5733   7.8660
 -0.6609 -10.5551  -7.5733   8.2235
 -0.6947 -10.4509  -7.5646   8.5828
 -0.7252 -10.3499  -7.5470   8.9438
 -0.7527 -10.2518  -7.5210   9.3068
 -0.7772 -10.1564  -7.4865   9.6718
 -0.7988 -10.0636  -7.4437  10.0390
 -0.8176  -9.9731  -7.3929  10.4084
 -0.8337  -9.8847  -7.3341  10.7803
 -0.8472  -9.7982  -7.2676  11.1547
 -0.8581  -9.7135  -7.1935  11.5317
 -0.8666  -9.6302  -7.1120  11.9115
 -0.8727  -9.5484  -7.0233  12.2943
 -0.8764  -9.4676  -6.9276  12.6802
 -0.8779  -9.3878  -6.8251  13.0692
 -0.8773  -9.3087  -6.7159  13.4617
 -0.8745  -9.2300  -6.6004  13.8576
 -0.8696  -9.1515  -6.4788  14.2572
 -0.8628  -9.0729  -6.3512  14.6606
 -0.8541  -8.9937  -6.2180  15.0679
 -0.8435  -8.9137  -6.0793  15.4790
 -0.8311  -8.8321  -5.9356  15.8940
 -0.8170  -8.7485  -5.7870  16.3124
 -0.8011  -8.6621  -5.6338  16.7339
 -0.7837  -8.5719  -5.4764  17.1575
 -0.7646  -8.4768  -5.3149  17.5818
 -0.7439  -8.3754  -5.1497  18.0045
 -0.7217  -8.2660  -4.9809  18.4224
 -0.6980  -8.1465  -4.8087  18.8305
 -0.6728  -8.0142  -4.6329  19.2217
 -0.6459  -7.8658  -4.4534  19.5860
 -0.6175  -7.6973  -4.2695  19.9091
 -0.5872  -7.5034  -4.0803  20.1711
 -0.5551  -7.2779  -3.8840  20.3444
 -0.5207  -7.0128  -3.6779  20.3907
 -0.4838  -6.6980  -3.4580  20.2572
 -0.4437  -6.3211  -3.2182  19.8715
 -0.3999  -5.8665  -2.9499  19.1348
 -0.3512  -5.3147  -2.6411  17.9148
 -0.2965  -4.6412  -2.2757  16.0423
 -0.2344  -3.8155  -1.8350  13.3311
 -0.1640  -2.7998  -1.3063   9.6846
 -0.0856  -1.5476  -0.6960   5.2547
  0.0011  -0.0003  -0.0005   0.0014
  0.0004  -0.0003  -0.0075   0.0126
  0.0004  -0.0003  -0.0075   0.0126
  0.0004  -0.0003  -0.0076   0.0126
  0.0004  -0.0003  -0.0076   0.0126
  0.0003  -0.0003  -0.0077   0.0127
  0.0003  -0.0003  -0.0077   0.0127
  0.0003  -0.0003  -0.0077   0.0127
  0.0003  -0.0003  -0.0078   0.0128
  0.0003  -0.0003  -0.0078   0.0128
  0.0463   0.0215  11.7274 -10.2760
  0.0130   0.3416  11.6391 -10.0731
 -0.0186   0.6274  11.5512  -9.8717
 -0.0486   0.8823  11.4636  -9.6719
 -0.0770   1.1091  11.3764  -9.4734
 -0.1040   1.3108  11.2894  -9.2762
 -0.1297   1.4897  11.2024  -9.0801
 -0.1542   1.6480  11.1155  -8.8851
 -0.1774   1.7879  11.0286  -8.6910
 -0.1994   1.9110  10.9415  -8.4978
 -0.2204   2.0190  10.8541  -8.3053
 -0.2403   2.1135  10.7664  -8.1136
 -0.2591   2.1958  10.6784  -7.9224
 -0.2770   2.2670  10.5898  -7.7318
 -0.2939   2.3283  10.5006  -7.5416
 -0.3099   2.3806  10.4107  -7.3518
 -0.3249   2.4249  10.3200  -7.1623
 -0.3391   2.4620  10.2285  -6.9730
 -0.3525   2.4925  10.1360  -6.7839
 -0.3650   2.5172  10.0424  -6.5949
 -0.3767   2.5367   9.9476  -6.4060
 -0.3876   2.5515   9.8515  -6.2171
 -0.3978   2.5620   9.7541  -6.0282
 -0.4072   2.5688   9.6553  -5.8392
 -0.4160   2.5722   9.5548  -5.6500
 -0.4240   2.5725   9.4528  -5.4606
 -0.4313   2.5702   9.3489  -5.2710
 -0.4379   2.5655   9.2433  -5.0812
 -0.4439   2.5587   9.1357  -4.8910
 -0.4493   2.5499   9.0260  -4.7005
 -0.4540   2.5395   8.9142  -4.5096
 -0.4581   2.5275   8.8003  -4.3183
 -0.4617   2.5143   8.6840  -4.1265
 -0.4646   2.4999   8.5653  -3.9343
 -0.4670   2.4844   8.4441  -3.7416
 -0.4688   2.4681   8.3203  -3.5484
 -0.4700   2.4509   8.1940  -3.3546
 -0.4708   2.4330   8.0648  -3.1603
 -0.4709   2.4145   7.9329  -2.9654
 -0.4706   2.3954   7.7981  -2.7698
 -0.4697   2.3757   7.6603  -2.5737
 -0.4684   2.3556   7.5195  -2.3769
 -0.4665   2.3350   7.3757  -2.1795
 -0.4641   2.3140   7.2287  -1.9814
 -0.4613   2.2925   7.0784  -1.7826
 -0.4579   2.2707   6.9250  -1.5832
 -0.4541   2.2483   6.7682  -1.3830
 -0.4498   2.2255   6.6080  -1.1821
 -0.4450   2.2022   6.4445  -0.9805
 -0.4397   2.1783   6.2775  -0.7782
 -0.4340   2.1538   6.1071  -0.5752
 -0.4277   2.1286   5.9332  -0.3714
 -0.4210   2.1026   5.7558  -0.1669
 -0.4138   2.0757   5.5748   0.0384
 -0.4061   2.0477   5.3903   0.2445
 -0.3979   2.0186   5.2023   0.4514
 -0.3892   1.9881   5.0107   0.6590
 -0.3799   1.9561   4.8156   0.8674
 -0.3702   1.9223   4.6169   1.0766
 -0.3599   1.8866   4.4147   1.2867
 -0.3490   1.8486   4.2090   1.4976
 -0.3376   1.8081   3.9997   1.7093
 -0.3256   1.7648   3.7870   1.9219
 -0.3130   1.7181   3.5708   2.1353
 -0.2998   1.6679   3.3513   2.3497
 -0.2859   1.6135   3.1283   2.5650
 -0.2713   1.5545   2.9020   2.7812
 -0.2561   1.4903   2.6723   2.9983
 -0.2400   1.4204   2.4395   3.2165
 -0.2232   1.3438   2.2033   3.4357
 -0.2056   1.2601   1.9641   3.6559
 -0.1871   1.1681   1.7216   3.8772
 -0.1677   1.0671   1.4761   4.0997
 -0.1474   0.9559   1.2276   4.3233
 -0.1259   0.8334   0.9761   4.5481
 -0.1034   0.6982   0.7217   4.7741
 -0.0797   0.5490   0.4643   5.0015
 -0.0548   0.3842   0.2042   5.2303
 -0.0286   0.2019  -0.0588   5.4605
 -0.0009   0.0003  -0.3245   5.6922
 -0.0009   0.0003  -0.3245   5.6922
 -0.1882   0.8723  -0.5957   3.0548
 -0.3687   1.5650  -0.8805   0.9883
 -0.5429   2.1159  -1.1761  -0.6248
 -0.7111   2.5546  -1.4790  -1.8787
 -0.8738   2.9044  -1.7861  -2.8483
 -1.0309   3.1840  -2.0942  -3.5932
 -1.1828   3.4078  -2.4007  -4.1607
 -1.3296   3.5875  -2.7036  -4.5884
 -1.4712   3.7321  -3.0010  -4.9061
 -1.6079   3.8490  -3.2914  -5.1375
 -1.7398   3.9439  -3.5739  -5.3011
 -1.8669   4.0212  -3.8474  -5.4117
 -1.9893   4.0846  -4.1114  -5.4809
 -2.1070   4.1369  -4.3654  -5.5181
 -2.2202   4.1805  -4.6090  -5.5304
 -2.3289   4.2169  -4.8420  -5.5236
 -2.4332   4.2478  -5.0643  -5.5021
 -2.5330   4.2742  -5.2757  -5.4696
 -2.6285   4.2971  -5.4763  -5.4288
 -2.7197   4.3170  -5.6661  -5.3820
 -2.8067   4.3347  -5.8450  -5.3307
 -2.8894   4.3505  -6.0132  -5.2765
 -2.9679   4.3648  -6.1707  -5.2203
 -3.0422   4.3780  -6.3176  -5.1629
 -3.1124   4.3902  -6.4541  -5.1049
 -3.1784   4.4017  -6.5802  -5.0469
 -3.2404   4.4125  -6.6960  -4.9892
 -3.2982   4.4229  -6.8017  -4.9321
 -3.3520   4.4329  -6.8974  -4.8757
 -3.4017   4.4427  -6.9832  -4.8202
 -3.4473   4.4522  -7.0591  -4.7658
 -3.4889   4.4616  -7.1254  -4.7124
 -3.5264   4.4709  -7.1820  -4.6602
 -3.5598   4.4802  -7.2291  -4.6091
 -3.5891   4.4894  -7.2668  -4.5592
 -3.6144   4.4986  -7.2951  -4.5103
 -3.6356   4.5079  -7.3142  -4.4626
 -3.6527   4.5173  -7.3241  -4.4160
 -3.6657   4.5268  -7.3250  -4.3704
 -3.6745   4.5364  -7.3167  -4.3258
 -3.6792   4.5461  -7.2995  -4.2822
 -3.6798   4.5560  -7.2733  -4.2395
 -3.6761   4.5661  -7.2383  -4.1976
 -3.6682   4.5763  -7.1944  -4.1566
 -3.6561   4.5866  -7.1417  -4.1163
 -3.6397   4.5971  -7.0802  -4.0768
 -3.6189   4.6078  -7.0100  -4.0379
 -3.5938   4.6186  -6.9310  -3.9996
 -3.5643   4.6295  -6.8433  -3.9618
 -3.5304   4.6405  -6.7469  -3.9245
 -3.4920   4.6516  -6.6417  -3.8875
 -3.4491   4.6625  -6.5278  -3.8509
 -3.4016   4.6734  -6.4051  -3.8144
 -3.3494   4.6839  -6.2736  -3.7780
 -3.2926   4.6941  -6.1334  -3.7416
 -3.2310   4.7036  -5.9843  -3.7050
 -3.1646   4.7123  -5.8263  -3.6680
 -3.0932   4.7197  -5.6593  -3.6303
 -3.0169   4.7256  -5.4834  -3.5917
 -2.9354   4.7293  -5.2985  -3.5518
 -2.8488   4.7301  -5.1045  -3.5103
 -2.7568   4.7273  -4.9013  -3.4664
 -2.6593   4.7197  -4.6888  -3.4197
 -2.5562   4.7058  -4.4670  -3.3691
 -2.4473   4.6841  -4.2359  -3.3137
 -2.3323   4.6522  -3.9953  -3.2522
 -2.2110   4.6072  -3.7451  -3.1827
 -2.0829   4.5457  -3.4853  -3.1033
 -1.9478   4.4631  -3.2159  -3.0113
 -1.8050   4.3536  -2.9367  -2.9033
 -1.6540   4.2099  -2.6478  -2.7752
 -1.4940   4.0228  -2.3492  -2.6216
 -1.3240   3.7807  -2.0408  -2.4361
 -1.1428   3.4686  -1.7229  -2.2101
 -0.9489   3.0679  -1.3954  -1.9334
 -0.7405   2.5548  -1.0588  -1.5927
 -0.5151   1.8994  -0.7134  -1.1716
  5.4139  -6.4961  -0.7721  -1.1577
  5.4226  -6.1867  -0.4701  -1.4272
  5.4301  -5.8816  -0.1783  -1.6651
  5.4362  -5.5804   0.1035  -1.8745
  5.4409  -5.2831   0.3756  -2.0580
  5.4440  -4.9896   0.6382  -2.2179
  5.4454  -4.6995   0.8914  -2.3565
  5.4450  -4.4129   1.1355  -2.4758
  5.4428  -4.1296   1.3706  -2.5777
  5.4385  -3.8494   1.5968  -2.6637
  5.4322  -3.5722   1.8145  -2.7354
  5.4238  -3.2979   2.0236  -2.7942
  5.4131  -3.0265   2.2244  -2.8414
  5.4002  -2.7578   2.4170  -2.8780
  5.3849  -2.4918   2.6015  -2.9051
  5.3673  -2.2282   2.7780  -2.9237
  5.3472  -1.9672   2.9467  -2.9346
  5.3246  -1.7086   3.1076  -2.9387
  5.2996  -1.4523   3.2608  -2.9365
  5.2720  -1.1983   3.4065  -2.9289
  5.2419  -0.9465   3.5447  -2.9162
  5.2093  -0.6968   3.6755  -2.8992
  5.1740  -0.4492   3.7990  -2.8783
  5.1362  -0.2037   3.9152  -2.8539
  5.0957   0.0398   4.0243  -2.8264
  5.0527   0.2814   4.1263  -2.7963
  5.0072   0.5212   4.2212  -2.7637
  4.9590   0.7590   4.3092  -2.7292
  4.9084   0.9951   4.3903  -2.6928
  4.8552   1.2294   4.4644  -2.6549
  4.7995   1.4620   4.5318  -2.6157
  4.7414   1.6929   4.5924  -2.5754
  4.6808   1.9222   4.6463  -2.5342
  4.6178   2.1499   4.6934  -2.4922
  4.5525   2.3760   4.7340  -2.4496
  4.4849   2.6007   4.7679  -2.4066
  4.4150   2.8239   4.7952  -2.3633
  4.3428   3.0456   4.8160  -2.3197
  4.2685   3.2660   4.8303  -2.2761
  4.1920   3.4850   4.8381  -2.2324
  4.1135   3.7028   4.8395  -2.1887
  4.0329   3.9193   4.8344  -2.1452
  3.9504   4.1346   4.8228  -2.1018
  3.8659   4.3487   4.8049  -2.0587
  3.7795   4.5617   4.7807  -2.0159
  3.6913   4.7737   4.7500  -1.9733
  3.6013   4.9847   4.7130  -1.9311
  3.5096   5.1948   4.6697  -1.8892
  3.4162   5.4039   4.6201  -1.8477
  3.3212   5.6123   4.5642  -1.8065
  3.2246   5.8198   4.5020  -1.7657
  3.1264   6.0267   4.4335  -1.7251
  3.0268   6.2329   4.3587  -1.6849
  2.9256   6.4385   4.2776  -1.6448
  2.8231   6.6437   4.1903  -1.6050
  2.7192   6.8484   4.0968  -1.5652
  2.6140   7.0527   3.9970  -1.5255
  2.5074   7.2568   3.8909  -1.4857
  2.3996   7.4607   3.7786  -1.4457
  2.2905   7.6644   3.6601  -1.4054
  2.1802   7.8682   3.5354  -1.3645
  2.0687   8.0720   3.4044  -1.3230
  1.9560   8.2760   3.2672  -1.2806
  1.8421   8.4802   3.1238  -1.2370
  1.7270   8.6848   2.9743  -1.1921
  1.6108   8.8898   2.8185  -1.1454
  1.4934   9.0955   2.6565  -1.0966
  1.3748   9.3018   2.4884  -1.0454
  1.2551   9.5090   2.3141  -0.9913
  1.1341   9.7171   2.1337  -0.9337
  1.0120   9.9263   1.9472  -0.8721
  0.8886  10.1367   1.7545  -0.8058
  0.7640  10.3485   1.5558  -0.7342
  0.6381  10.5619   1.3511  -0.6564
  0.5109  10.7769   1.1403  -0.5715
  0.3824  10.9937   0.9235  -0.4784
  0.2524  11.2127   0.7008  -0.3761
  0.1209  11.4338   0.4723  -0.2632
 -0.0121  11.6573   0.2379  -0.1383
 -0.1467  11.8835  -0.0023   0.0003
 -0.1467  11.8835  -0.0023   0.0003
  0.2137   6.8555  -0.3901   1.1993
  0.4870   2.8426  -0.7570   2.1740
  0.6829  -0.3476  -1.1051   2.9695
  0.8131  -2.8759  -1.4364   3.6215
  0.8887  -4.8745  -1.7521   4.1588
  0.9202  -6.4509  -2.0532   4.6046
  0.9164  -7.6918  -2.3408   4.9773
  0.8851  -8.6665  -2.6154   5.2915
  0.8323  -9.4306  -2.8776   5.5590
  0.7633 -10.0280  -3.1281   5.7892
  0.6821 -10.4935  -3.3671   5.9896
  0.5920 -10.8547  -3.5951   6.1662
  0.4956 -11.1334  -3.8123   6.3239
  0.3950 -11.3467  -4.0192   6.4663
  0.2918 -11.5081  -4.2159   6.5967
  0.1872 -11.6284  -4.4027   6.7173
  0.0824 -11.7160  -4.5799   6.8303
 -0.0219 -11.7775  -4.7476   6.9371
 -0.1251 -11.8182  -4.9060   7.0390
 -0.2267 -11.8422  -5.0553   7.1371
 -0.3263 -11.8528  -5.1956   7.2320
 -0.4235 -11.8526  -5.3272   7.3245
 -0.5183 -11.8437  -5.4501   7.4151
 -0.6103 -11.8276  -5.5646   7.5042
 -0.6994 -11.8057  -5.6707   7.5922
 -0.7855 -11.7789  -5.7686   7.6793
 -0.8685 -11.7482  -5.8584   7.7658
 -0.9483 -11.7142  -5.9402   7.8518
 -1.0248 -11.6773  -6.0141   7.9374
 -1.0981 -11.6380  -6.0803   8.0229
 -1.1680 -11.5967  -6.1388   8.1084
 -1.2346 -11.5535  -6.1897   8.1938
 -1.2977 -11.5088  -6.2331   8.2793
 -1.3574 -11.4626  -6.2692   8.3649
 -1.4136 -11.4152  -6.2980   8.4508
 -1.4663 -11.3667  -6.3196   8.5368
 -1.5155 -11.3171  -6.3340   8.6232
 -1.5612 -11.2665  -6.3414   8.7098
 -1.6033 -11.2150  -6.3418   8.7968
 -1.6419 -11.1626  -6.3353   8.8842
 -1.6768 -11.1094  -6.3219   8.9719
 -1.7082 -11.0554  -6.3018   9.0599
 -1.7360 -11.0006  -6.2749   9.1484
 -1.7601 -10.9451  -6.2414   9.2372
 -1.7805 -10.8887  -6.2013   9.3263
 -1.7973 -10.8315  -6.1547   9.4157
 -1.8104 -10.7736  -6.1016   9.5054
 -1.8198 -10.7147  -6.0419   9.5953
 -1.8254 -10.6549  -5.9759   9.6853
 -1.8273 -10.5940  -5.9035   9.7752
 -1.8255 -10.5320  -5.8248   9.8649
 -1.8198 -10.4687  -5.7398   9.9543
 -1.8103 -10.4038  -5.6484  10.0430
 -1.7970 -10.3372  -5.5508  10.1306
 -1.7799 -10.2685  -5.4469  10.2169
 -1.7588 -10.1973  -5.3367  10.3011
 -1.7339 -10.1230  -5.2202  10.3827
 -1.7050 -10.0450  -5.0974  10.4607
 -1.6721  -9.9626  -4.9681  10.5341
 -1.6353  -9.8746  -4.8323  10.6015
 -1.5944  -9.7799  -4.6900  10.6611
 -1.5493  -9.6767  -4.5408  10.7107
 -1.5001  -9.5632  -4.3846  10.7475
 -1.4467  -9.4368  -4.2211  10.7682
 -1.3890  -9.2945  -4.0499  10.7681
 -1.3268  -9.1323  -3.8705  10.7419
 -1.2601  -8.9455  -3.6822  10.6825
 -1.1888  -8.7280  -3.4843  10.5810
 -1.1125  -8.4723  -3.2755  10.4264
 -1.0311  -8.1691  -3.0545  10.2046
 -0.9443  -7.8066  -2.8196   9.8978
 -0.8518  -7.3704  -2.5685   9.4837
 -0.7532  -6.8423  -2.2983   8.9341
 -0.6478  -6.1996  -2.0055   8.2134
 -0.5352  -5.4141  -1.6854   7.2767
 -0.4147  -4.4508  -1.3325   6.0675
 -0.2855  -3.2658  -0.9397   4.5148
 -0.1469  -1.8049  -0.4986   2.5296
  0.0016  -0.0003   0.0008   0.0003
