  0.0000   0.2565  -0.1200
  0.0000   0.2565  -0.1200
  0.0000   0.2565  -0.1200
  0.0000   0.2565  -0.1201
  0.0000   0.2565  -0.1202
  0.0001   0.2565  -0.1204
  0.0001   0.2566  -0.1206
  0.0001   0.2566  -0.1209
  0.0002   0.2566  -0.1212
  0.0002   0.2566  -0.1216
  0.0003   0.2567  -0.1220
  0.0003   0.2567  -0.1224
  0.0004   0.2568  -0.1229
  0.0005   0.2568  -0.1234
  0.0006   0.2569  -0.1239
  0.0007   0.2569  -0.1245
  0.0008   0.2570  -0.1252
  0.0009   0.2570  -0.1258
  0.0010   0.2571  -0.1265
  0.0011   0.2572  -0.1272
  0.0012   0.2572  -0.1280
  0.0013   0.2573  -0.1288
  0.0014   0.2574  -0.1296
  0.0016   0.2575  -0.1304
  0.0017   0.2576  -0.1313
  0.0018   0.2577  -0.1321
  0.0020   0.2578  -0.1330
  0.0021   0.2578  -0.1340
  0.0023   0.2579  -0.1349
  0.0025   0.2580  -0.1359
  0.0026   0.2581  -0.1369
  0.0028   0.2583  -0.1379
  0.0030   0.2584  -0.1389
  0.0032   0.2585  -0.1399
  0.0034   0.2586  -0.1410
  0.0035   0.2587  -0.1420
  0.0037   0.2588  -0.1431
  0.0039   0.2590  -0.1442
  0.0041   0.2591  -0.1453
  0.0044   0.2592  -0.1464
  0.0046   0.2593  -0.1475
  0.0048   0.2595  -0.1486
  0.0050   0.2596  -0.1497
  0.0052   0.2597  -0.1508
  0.0055   0.2599  -0.1520
  0.0057   0.2600  -0.1531
  0.0059   0.2602  -0.1542
  0.0062   0.2603  -0.1554
  0.0064   0.2605  -0.1565
  0.0067   0.2606  -0.1576
  0.0069   0.2608  -0.1588
  0.0072   0.2609  -0.1599
  0.0074   0.2611  -0.1610
  0.0077   0.2612  -0.1622
  0.0079   0.2614  -0.1633
  0.0082   0.2615  -0.1644
  0.0085   0.2617  -0.1655
  0.0087   0.2619  -0.1666
  0.0090   0.2620  -0.1677
  0.0093   0.2622  -0.1687
  0.0096   0.2624  -0.1698
  0.0099   0.2625  -0.1708
  0.0102   0.2627  -0.1719
  0.0104   0.2629  -0.1729
  0.0107   0.2631  -0.1739
  0.0110   0.2632  -0.1749
  0.0113   0.2634  -0.1759
  0.0116   0.2636  -0.1768
  0.0119   0.2638  -0.1778
  0.0122   0.2640  -0.1787
  0.0125   0.2641  -0.1796
  0.0128   0.2643  -0.1805
  0.0132   0.2645  -0.1814
  0.0135   0.2647  -0.1823
  0.0138   0.2649  -0.1831
  0.0141   0.2651  -0.1839
  0.0144   0.2653  -0.1848
  0.0147   0.2655  -0.1855
  0.0151   0.2657  -0.1863
  0.0154   0.2659  -0.1871
  0.0157   0.2661  -0.1878
  0.0161   0.2663  -0.1885
  0.0164   0.2665  -0.1892
  0.0167   0.2667  -0.1899
  0.0171   0.2669  -0.1905
  0.0174   0.2671  -0.1911
  0.0177   0.2673  -0.1917
  0.0181   0.2675  -0.1923
  0.0184   0.2677  -0.1928
  0.0188   0.2679  -0.1934
  0.0191   0.2681  -0.1939
  0.0195   0.2683  -0.1944
  0.0198   0.2686  -0.1948
  0.0202   0.2688  -0.1952
  0.0205   0.2690  -0.1957
  0.0209   0.2692  -0.1960
  0.0212   0.2694  -0.1964
  0.0216   0.2697  -0.1967
  0.0219   0.2699  -0.1970
  0.0223   0.2701  -0.1973
  0.0226   0.2703  -0.1975
  0.0230   0.2706  -0.1977
  0.0234   0.2708  -0.1979
  0.0237   0.2710  -0.1981
  0.0241   0.2712  -0.1982
  0.0245   0.2715  -0.1983
  0.0248   0.2717  -0.1983
  0.0252   0.2719  -0.1983
  0.0256   0.2722  -0.1983
  0.0260   0.2724  -0.1983
  0.0263   0.2726  -0.1982
  0.0267   0.2728  -0.1981
  0.0271   0.2731  -0.1979
  0.0275   0.2733  -0.1978
  0.0278   0.2736  -0.1975
  0.0282   0.2738  -0.1973
  0.0286   0.2740  -0.1970
  0.0290   0.2743  -0.1967
  0.0294   0.2745  -0.1963
  0.0297   0.2747  -0.1959
  0.0297   0.2747  -0.1959
  0.0301   0.2750  -0.1954
  0.0305   0.2752  -0.1950
  0.0309   0.2754  -0.1945
  0.0313   0.2757  -0.1941
  0.0317   0.2759  -0.1936
  0.0321   0.2761  -0.1932
  0.0325   0.2763  -0.1927
  0.0330   0.2765  -0.1923
  0.0334   0.2768  -0.1918
  0.0338   0.2770  -0.1914
  0.0342   0.2772  -0.1910
  0.0347   0.2774  -0.1905
  0.0351   0.2776  -0.1901
  0.0356   0.2778  -0.1897
  0.0360   0.2780  -0.1893
  0.0365   0.2782  -0.1889
  0.0370   0.2784  -0.1884
  0.0374   0.2786  -0.1880
  0.0379   0.2788  -0.1876
  0.0384   0.2790  -0.1873
  0.0389   0.2792  -0.1869
  0.0394   0.2794  -0.1865
  0.0399   0.2795  -0.1861
  0.0404   0.2797  -0.1857
  0.0409   0.2799  -0.1854
  0.0414   0.2801  -0.1850
  0.0419   0.2803  -0.1846
  0.0424   0.2805  -0.1843
  0.0429   0.2807  -0.1839
  0.0435   0.2808  -0.1836
  0.0440   0.2810  -0.1833
  0.0446   0.2812  -0.1829
  0.0451   0.2814  -0.1826
  0.0457   0.2816  -0.1822
  0.0462   0.2817  -0.1819
  0.0468   0.2819  -0.1816
  0.0473   0.2821  -0.1813
  0.0479   0.2823  -0.1809
  0.0485   0.2824  -0.1806
  0.0491   0.2826  -0.1803
  0.0497   0.2828  -0.1800
  0.0503   0.2830  -0.1796
  0.0509   0.2831  -0.1793
  0.0515   0.2833  -0.1790
  0.0521   0.2835  -0.1787
  0.0527   0.2837  -0.1784
  0.0533   0.2839  -0.1781
  0.0539   0.2840  -0.1777
  0.0545   0.2842  -0.1774
  0.0552   0.2844  -0.1771
  0.0558   0.2846  -0.1768
  0.0565   0.2847  -0.1764
  0.0571   0.2849  -0.1761
  0.0578   0.2851  -0.1758
  0.0584   0.2853  -0.1755
  0.0591   0.2855  -0.1751
  0.0598   0.2856  -0.1748
  0.0604   0.2858  -0.1744
  0.0611   0.2860  -0.1741
  0.0618   0.2862  -0.1737
  0.0625   0.2864  -0.1734
  0.0632   0.2866  -0.1730
  0.0639   0.2867  -0.1727
  0.0646   0.2869  -0.1723
  0.0653   0.2871  -0.1719
  0.0660   0.2873  -0.1716
  0.0668   0.2875  -0.1712
  0.0675   0.2877  -0.1708
  0.0682   0.2879  -0.1704
  0.0690   0.2881  -0.1700
  0.0697   0.2883  -0.1696
  0.0704   0.2885  -0.1692
  0.0712   0.2887  -0.1688
  0.0720   0.2889  -0.1683
  0.0727   0.2891  -0.1679
  0.0735   0.2893  -0.1674
  0.0743   0.2895  -0.1670
  0.0750   0.2897  -0.1665
  0.0758   0.2899  -0.1661
  0.0766   0.2901  -0.1656
  0.0774   0.2903  -0.1651
  0.0782   0.2906  -0.1646
  0.0790   0.2908  -0.1641
  0.0798   0.2910  -0.1635
  0.0807   0.2912  -0.1630
  0.0815   0.2915  -0.1625
  0.0823   0.2917  -0.1619
  0.0831   0.2919  -0.1613
  0.0840   0.2922  -0.1607
  0.0848   0.2924  -0.1601
  0.0857   0.2927  -0.1595
  0.0865   0.2929  -0.1589
  0.0874   0.2932  -0.1583
  0.0883   0.2934  -0.1576
  0.0891   0.2937  -0.1570
  0.0900   0.2939  -0.1563
  0.0909   0.2942  -0.1556
  0.0918   0.2945  -0.1549
  0.0927   0.2947  -0.1542
  0.0000   0.2947  -0.1542
  0.0009   0.2950  -0.1535
  0.0018   0.2953  -0.1527
  0.0027   0.2955  -0.1520
  0.0036   0.2958  -0.1513
  0.0046   0.2961  -0.1505
  0.0055   0.2964  -0.1498
  0.0064   0.2967  -0.1490
  0.0074   0.2969  -0.1483
  0.0083   0.2972  -0.1475
  0.0093   0.2975  -0.1468
  0.0103   0.2978  -0.1460
  0.0112   0.2981  -0.1452
  0.0122   0.2984  -0.1445
  0.0132   0.2987  -0.1437
  0.0142   0.2989  -0.1429
  0.0152   0.2992  -0.1421
  0.0162   0.2995  -0.1412
  0.0172   0.2998  -0.1404
  0.0182   0.3001  -0.1396
  0.0192   0.3004  -0.1387
  0.0202   0.3007  -0.1379
  0.0213   0.3010  -0.1370
  0.0223   0.3013  -0.1361
  0.0234   0.3016  -0.1353
  0.0244   0.3019  -0.1344
  0.0255   0.3022  -0.1334
  0.0265   0.3025  -0.1325
  0.0276   0.3028  -0.1316
  0.0287   0.3031  -0.1306
  0.0298   0.3034  -0.1296
  0.0309   0.3037  -0.1287
  0.0320   0.3040  -0.1277
  0.0331   0.3043  -0.1266
  0.0342   0.3046  -0.1256
  0.0353   0.3049  -0.1246
  0.0364   0.3052  -0.1235
  0.0375   0.3055  -0.1224
  0.0387   0.3058  -0.1213
  0.0398   0.3061  -0.1202
  0.0410   0.3064  -0.1190
  0.0421   0.3067  -0.1179
  0.0433   0.3070  -0.1167
  0.0445   0.3073  -0.1155
  0.0456   0.3076  -0.1142
  0.0468   0.3079  -0.1130
  0.0480   0.3082  -0.1117
  0.0492   0.3085  -0.1104
  0.0504   0.3089  -0.1091
  0.0516   0.3092  -0.1078
  0.0528   0.3095  -0.1064
  0.0540   0.3098  -0.1050
  0.0553   0.3101  -0.1036
  0.0565   0.3104  -0.1021
  0.0577   0.3108  -0.1006
  0.0590   0.3111  -0.0991
  0.0602   0.3114  -0.0976
  0.0615   0.3117  -0.0960
  0.0628   0.3121  -0.0945
  0.0640   0.3124  -0.0928
  0.0653   0.3127  -0.0912
  0.0666   0.3130  -0.0895
  0.0679   0.3134  -0.0878
  0.0692   0.3137  -0.0860
  0.0705   0.3140  -0.0842
  0.0718   0.3144  -0.0824
  0.0732   0.3147  -0.0805
  0.0745   0.3151  -0.0786
  0.0758   0.3154  -0.0767
  0.0772   0.3158  -0.0747
  0.0785   0.3161  -0.0727
  0.0799   0.3165  -0.0706
  0.0812   0.3168  -0.0685
  0.0826   0.3172  -0.0664
  0.0840   0.3175  -0.0642
  0.0853   0.3179  -0.0620
  0.0867   0.3182  -0.0597
  0.0881   0.3186  -0.0574
  0.0895   0.3190  -0.0550
  0.0909   0.3193  -0.0526
  0.0909   0.3193  -0.0526
  0.0924   0.3197  -0.0501
  0.0938   0.3201  -0.0477
  0.0952   0.3204  -0.0453
  0.0966   0.3208  -0.0429
  0.0980   0.3211  -0.0405
  0.0994   0.3214  -0.0381
  0.1008   0.3217  -0.0357
  0.1022   0.3220  -0.0333
  0.1036   0.3223  -0.0309
  0.1050   0.3226  -0.0284
  0.1064   0.3229  -0.0260
  0.1078   0.3231  -0.0236
  0.1092   0.3234  -0.0212
  0.1107   0.3236  -0.0187
  0.1121   0.3238  -0.0163
  0.1135   0.3240  -0.0138
  0.1149   0.3243  -0.0114
  0.1163   0.3245  -0.0089
  0.1177   0.3247  -0.0065
  0.1191   0.3248  -0.0040
  0.1205   0.3250  -0.0015
  0.1219   0.3252   0.0010
  0.1233   0.3253   0.0034
  0.1247   0.3255   0.0059
  0.1261   0.3256   0.0084
  0.1275   0.3257   0.0109
  0.1289   0.3258   0.0134
  0.1303   0.3259   0.0158
  0.1317   0.3260   0.0183
  0.1331   0.3261   0.0208
  0.1345   0.3262   0.0233
  0.1359   0.3263   0.0258
  0.1373   0.3263   0.0283
  0.1387   0.3264   0.0307
  0.1401   0.3264   0.0332
  0.1415   0.3264   0.0357
  0.1429   0.3265   0.0382
  0.1443   0.3265   0.0406
  0.1457   0.3265   0.0431
  0.1471   0.3264   0.0456
  0.1485   0.3264   0.0480
  0.1499   0.3264   0.0505
  0.1513   0.3264   0.0529
  0.1527   0.3263   0.0554
  0.1541   0.3262   0.0578
  0.1555   0.3262   0.0603
  0.1569   0.3261   0.0627
  0.1582   0.3260   0.0651
  0.1596   0.3259   0.0675
  0.1610   0.3258   0.0700
  0.1624   0.3257   0.0724
  0.1638   0.3256   0.0748
  0.1653   0.3254   0.0772
  0.1667   0.3253   0.0796
  0.1681   0.3251   0.0820
  0.1695   0.3249   0.0844
  0.1709   0.3248   0.0868
  0.1723   0.3246   0.0891
  0.1737   0.3244   0.0915
  0.1751   0.3242   0.0939
  0.1765   0.3240   0.0962
  0.1779   0.3237   0.0986
  0.1793   0.3235   0.1009
  0.1807   0.3232   0.1033
  0.1821   0.3230   0.1056
  0.1835   0.3227   0.1079
  0.1849   0.3224   0.1103
  0.1863   0.3221   0.1126
  0.1877   0.3219   0.1149
  0.1891   0.3215   0.1172
  0.1905   0.3212   0.1195
  0.1919   0.3209   0.1218
  0.1933   0.3206   0.1241
  0.1947   0.3202   0.1264
  0.1961   0.3199   0.1286
  0.1975   0.3195   0.1309
  0.1989   0.3191   0.1332
  0.2003   0.3187   0.1354
  0.2017   0.3183   0.1377
  0.2032   0.3179   0.1399
  0.2046   0.3175   0.1422
  0.2060   0.3171   0.1444
  0.2074   0.3166   0.1466
  0.2088   0.3162   0.1489
  0.2102   0.3157   0.1511
  0.2116   0.3153   0.1533
  0.2130   0.3148   0.1555
  0.2144   0.3143   0.1577
  0.2158   0.3138   0.1599
  0.2173   0.3133   0.1621
  0.2187   0.3128   0.1643
  0.2201   0.3122   0.1665
  0.2215   0.3117   0.1687
  0.2229   0.3112   0.1708
  0.2243   0.3106   0.1730
  0.2257   0.3100   0.1752
  0.2271   0.3094   0.1774
  0.2285   0.3089   0.1795
  0.2300   0.3083   0.1817
  0.2314   0.3076   0.1839
  0.2328   0.3070   0.1860
  0.2342   0.3064   0.1882
  0.2356   0.3058   0.1903
  0.2370   0.3051   0.1925
  0.2384   0.3044   0.1946
  0.2399   0.3038   0.1968
  0.2413   0.3031   0.1989
  0.2427   0.3024   0.2011
  0.2441   0.3017   0.2032
  0.2455   0.3010   0.2054
  0.2469   0.3003   0.2075
  0.2484   0.2995   0.2097
  0.2498   0.2988   0.2118
  0.2512   0.2980   0.2140
  0.2526   0.2973   0.2162
  0.2540   0.2965   0.2184
  0.2554   0.2957   0.2205
  0.2554   0.2957   0.2205
  0.2569   0.2949   0.2228
  0.2583   0.2941   0.2249
  0.2597   0.2934   0.2270
  0.2611   0.2926   0.2289
  0.2625   0.2919   0.2308
  0.2639   0.2911   0.2326
  0.2653   0.2904   0.2343
  0.2667   0.2897   0.2359
  0.2681   0.2891   0.2374
  0.2696   0.2884   0.2388
  0.2710   0.2877   0.2401
  0.2724   0.2871   0.2414
  0.2738   0.2865   0.2425
  0.2752   0.2859   0.2436
  0.2766   0.2853   0.2446
  0.2780   0.2847   0.2455
  0.2794   0.2842   0.2463
  0.2808   0.2836   0.2471
  0.2822   0.2831   0.2477
  0.2836   0.2826   0.2483
  0.2850   0.2821   0.2488
  0.2864   0.2816   0.2492
  0.2878   0.2812   0.2496
  0.2892   0.2807   0.2498
  0.2906   0.2803   0.2500
  0.2920   0.2799   0.2501
  0.2934   0.2795   0.2502
  0.2948   0.2791   0.2501
  0.2962   0.2788   0.2500
  0.2976   0.2785   0.2499
  0.2990   0.2781   0.2496
  0.3004   0.2778   0.2493
  0.3018   0.2776   0.2489
  0.3032   0.2773   0.2484
  0.3046   0.2771   0.2479
  0.3060   0.2768   0.2473
  0.3074   0.2766   0.2466
  0.3088   0.2765   0.2459
  0.3102   0.2763   0.2451
  0.3116   0.2762   0.2442
  0.3130   0.2760   0.2433
  0.3144   0.2759   0.2423
  0.3158   0.2758   0.2413
  0.3172   0.2758   0.2402
  0.3186   0.2757   0.2390
  0.3200   0.2757   0.2378
  0.3214   0.2757   0.2366
  0.3228   0.2757   0.2352
  0.3242   0.2758   0.2338
  0.3257   0.2758   0.2323
  0.3271   0.2759   0.2308
  0.3285   0.2760   0.2292
  0.3299   0.2761   0.2276
  0.3313   0.2762   0.2259
  0.3328   0.2764   0.2241
  0.3342   0.2766   0.2223
  0.3356   0.2768   0.2204
  0.3370   0.2770   0.2185
  0.3385   0.2773   0.2165
  0.3399   0.2775   0.2144
  0.3414   0.2778   0.2123
  0.3428   0.2781   0.2101
  0.3443   0.2784   0.2079
  0.3457   0.2788   0.2056
  0.3472   0.2792   0.2032
  0.3486   0.2795   0.2008
  0.3501   0.2800   0.1983
  0.3516   0.2804   0.1958
  0.3530   0.2808   0.1932
  0.3545   0.2813   0.1906
  0.3560   0.2818   0.1879
  0.3575   0.2823   0.1851
  0.3590   0.2829   0.1823
  0.3605   0.2834   0.1794
  0.3620   0.2840   0.1764
  0.3635   0.2846   0.1734
  0.3651   0.2852   0.1704
  0.3666   0.2859   0.1672
  0.3681   0.2865   0.1640
  0.3681   0.2865   0.1640
  0.3697   0.2872   0.1608
  0.3712   0.2879   0.1577
  0.3727   0.2886   0.1547
  0.3743   0.2892   0.1518
  0.3758   0.2898   0.1490
  0.3773   0.2905   0.1462
  0.3788   0.2911   0.1435
  0.3803   0.2917   0.1409
  0.3818   0.2923   0.1384
  0.3833   0.2929   0.1359
  0.3848   0.2935   0.1334
  0.3863   0.2941   0.1310
  0.3878   0.2947   0.1286
  0.3893   0.2952   0.1262
  0.3908   0.2958   0.1239
  0.3923   0.2963   0.1216
  0.3938   0.2968   0.1193
  0.3953   0.2974   0.1170
  0.3968   0.2979   0.1148
  0.3982   0.2984   0.1125
  0.3997   0.2989   0.1103
  0.4012   0.2993   0.1081
  0.4027   0.2998   0.1058
  0.4042   0.3003   0.1036
  0.4056   0.3007   0.1014
  0.4071   0.3012   0.0992
  0.4086   0.3016   0.0969
  0.4100   0.3020   0.0947
  0.4115   0.3024   0.0924
  0.4130   0.3028   0.0902
  0.4144   0.3032   0.0879
  0.4159   0.3036   0.0856
  0.4174   0.3039   0.0833
  0.4188   0.3043   0.0810
  0.4203   0.3046   0.0787
  0.4218   0.3049   0.0763
  0.4232   0.3052   0.0740
  0.4247   0.3055   0.0716
  0.4261   0.3058   0.0692
  0.4276   0.3061   0.0667
  0.4291   0.3064   0.0643
  0.4305   0.3067   0.0618
  0.4320   0.3069   0.0593
  0.4334   0.3071   0.0568
  0.4349   0.3074   0.0542
  0.4364   0.3076   0.0516
  0.4378   0.3078   0.0490
  0.4393   0.3080   0.0464
  0.4407   0.3082   0.0438
  0.4422   0.3083   0.0411
  0.4437   0.3085   0.0384
  0.4451   0.3087   0.0357
  0.4466   0.3088   0.0330
  0.4481   0.3089   0.0302
  0.4496   0.3091   0.0274
  0.4510   0.3092   0.0246
  0.4525   0.3093   0.0218
  0.4540   0.3094   0.0189
  0.4555   0.3095   0.0161
  0.4569   0.3095   0.0132
  0.4584   0.3096   0.0102
  0.4599   0.3097   0.0073
  0.4614   0.3097   0.0043
  0.4629   0.3098   0.0013
  0.4644   0.3098  -0.0017
  0.4658   0.3098  -0.0047
  0.4673   0.3098  -0.0078
  0.4688   0.3098  -0.0108
  0.4703   0.3098  -0.0139
  0.4718   0.3098  -0.0170
  0.4733   0.3098  -0.0202
  0.4748   0.3098  -0.0233
  0.4763   0.3097  -0.0265
  0.4778   0.3097  -0.0297
  0.4793   0.3096  -0.0329
  0.4809   0.3096  -0.0361
  0.4824   0.3095  -0.0394
  0.4839   0.3094  -0.0426
  0.4854   0.3093  -0.0459
  0.4869   0.3092  -0.0492
  0.4884   0.3091  -0.0525
  0.4899   0.3090  -0.0559
  0.4915   0.3089  -0.0592
  0.4930   0.3087  -0.0626
  0.4945   0.3086  -0.0659
  0.4960   0.3084  -0.0693
  0.4976   0.3083  -0.0727
  0.4991   0.3081  -0.0761
  0.5006   0.3079  -0.0796
  0.5021   0.3077  -0.0830
  0.5037   0.3075  -0.0865
  0.5052   0.3073  -0.0899
  0.5067   0.3071  -0.0934
  0.5083   0.3069  -0.0969
  0.5098   0.3066  -0.1003
  0.5113   0.3064  -0.1038
  0.5129   0.3061  -0.1073
  0.5144   0.3059  -0.1108
  0.5159   0.3056  -0.1143
  0.5175   0.3053  -0.1178
  0.5190   0.3050  -0.1213
  0.5205   0.3047  -0.1248
  0.5221   0.3044  -0.1283
  0.5236   0.3040  -0.1318
  0.5251   0.3037  -0.1353
  0.5267   0.3034  -0.1388
  0.5282   0.3030  -0.1423
  0.5297   0.3026  -0.1457
  0.5312   0.3022  -0.1492
  0.5328   0.3018  -0.1526
  0.5343   0.3014  -0.1560
  0.5358   0.3010  -0.1594
  0.5374   0.3006  -0.1628
  0.5389   0.3002  -0.1661
  0.5404   0.2997  -0.1695
  0.5419   0.2992  -0.1728
  0.5434   0.2988  -0.1761
  0.5450   0.2983  -0.1794
  0.5465   0.2978  -0.1826
  0.5465   0.2978  -0.1826
  0.5480   0.2972  -0.1859
  0.5495   0.2967  -0.1890
  0.5510   0.2962  -0.1922
  0.5526   0.2958  -0.1953
  0.5541   0.2953  -0.1983
  0.5556   0.2948  -0.2013
  0.5571   0.2944  -0.2043
  0.5586   0.2940  -0.2071
  0.5601   0.2935  -0.2100
  0.5616   0.2931  -0.2128
  0.5632   0.2927  -0.2155
  0.5647   0.2923  -0.2182
  0.5662   0.2920  -0.2209
  0.5677   0.2916  -0.2234
  0.5692   0.2912  -0.2260
  0.5707   0.2909  -0.2285
  0.5722   0.2906  -0.2309
  0.5737   0.2902  -0.2332
  0.5752   0.2899  -0.2356
  0.5767   0.2896  -0.2378
  0.5782   0.2893  -0.2400
  0.5797   0.2891  -0.2421
  0.5812   0.2888  -0.2442
  0.5827   0.2885  -0.2462
  0.5842   0.2883  -0.2482
  0.5857   0.2881  -0.2501
  0.5872   0.2878  -0.2519
  0.5887   0.2876  -0.2537
  0.5902   0.2874  -0.2554
  0.5917   0.2872  -0.2571
  0.5932   0.2871  -0.2586
  0.5947   0.2869  -0.2602
  0.5962   0.2867  -0.2616
  0.5977   0.2866  -0.2630
  0.5992   0.2865  -0.2643
  0.6007   0.2863  -0.2655
  0.6022   0.2862  -0.2667
  0.6037   0.2861  -0.2678
  0.6052   0.2860  -0.2688
  0.6066   0.2860  -0.2698
  0.6081   0.2859  -0.2706
  0.6096   0.2858  -0.2714
  0.6111   0.2858  -0.2722
  0.6126   0.2858  -0.2728
  0.6141   0.2857  -0.2734
  0.6156   0.2857  -0.2738
  0.6171   0.2857  -0.2742
  0.6186   0.2857  -0.2746
  0.6201   0.2857  -0.2748
  0.6216   0.2858  -0.2750
  0.6231   0.2858  -0.2750
  0.6246   0.2859  -0.2750
  0.6261   0.2859  -0.2749
  0.6276   0.2860  -0.2747
  0.6291   0.2861  -0.2744
  0.6307   0.2862  -0.2740
  0.6322   0.2863  -0.2735
  0.6337   0.2864  -0.2730
  0.6352   0.2866  -0.2723
  0.6367   0.2867  -0.2715
  0.6382   0.2869  -0.2707
  0.6397   0.2870  -0.2697
  0.6412   0.2872  -0.2686
  0.6427   0.2874  -0.2675
  0.6442   0.2876  -0.2662
  0.6457   0.2878  -0.2648
  0.6472   0.2880  -0.2633
  0.6488   0.2883  -0.2617
  0.6503   0.2885  -0.2600
  0.6518   0.2888  -0.2582
  0.6533   0.2890  -0.2563
  0.6548   0.2893  -0.2543
  0.6563   0.2896  -0.2521
  0.6578   0.2899  -0.2499
  0.6594   0.2902  -0.2475
  0.6609   0.2905  -0.2450
  0.6624   0.2909  -0.2423
  0.6639   0.2912  -0.2396
  0.6654   0.2916  -0.2367
  0.6654   0.2916  -0.2367
  0.6670   0.2920  -0.2337
  0.6685   0.2923  -0.2308
  0.6700   0.2927  -0.2278
  0.6715   0.2930  -0.2248
  0.6731   0.2933  -0.2218
  0.6746   0.2937  -0.2187
  0.6761   0.2940  -0.2157
  0.6776   0.2943  -0.2127
  0.6791   0.2946  -0.2096
  0.6806   0.2948  -0.2066
  0.6821   0.2951  -0.2035
  0.6837   0.2954  -0.2004
  0.6852   0.2956  -0.1973
  0.6867   0.2959  -0.1942
  0.6882   0.2961  -0.1911
  0.6897   0.2963  -0.1879
  0.6912   0.2965  -0.1848
  0.6927   0.2967  -0.1816
  0.6942   0.2969  -0.1785
  0.6957   0.2971  -0.1753
  0.6972   0.2973  -0.1721
  0.6988   0.2975  -0.1689
  0.7003   0.2976  -0.1657
  0.7018   0.2978  -0.1625
  0.7033   0.2979  -0.1593
  0.7048   0.2980  -0.1561
  0.7063   0.2982  -0.1529
  0.7078   0.2983  -0.1497
  0.7093   0.2984  -0.1464
  0.7108   0.2985  -0.1432
  0.7123   0.2985  -0.1400
  0.7138   0.2986  -0.1367
  0.7153   0.2987  -0.1335
  0.7168   0.2987  -0.1302
  0.7183   0.2988  -0.1270
  0.7198   0.2988  -0.1237
  0.7213   0.2988  -0.1205
  0.7228   0.2988  -0.1172
  0.7243   0.2988  -0.1139
  0.7258   0.2988  -0.1107
  0.7273   0.2988  -0.1074
  0.7288   0.2988  -0.1041
  0.7303   0.2988  -0.1009
  0.7318   0.2987  -0.0976
  0.7333   0.2987  -0.0943
  0.7348   0.2986  -0.0911
  0.7363   0.2985  -0.0878
  0.7378   0.2984  -0.0845
  0.7393   0.2983  -0.0813
  0.7408   0.2982  -0.0780
  0.7423   0.2981  -0.0747
  0.7438   0.2980  -0.0715
  0.7453   0.2979  -0.0682
  0.7468   0.2977  -0.0649
  0.7483   0.2976  -0.0617
  0.7498   0.2974  -0.0584
  0.7513   0.2972  -0.0552
  0.7528   0.2971  -0.0519
  0.7543   0.2969  -0.0486
  0.7558   0.2967  -0.0454
  0.7573   0.2965  -0.0421
  0.7588   0.2962  -0.0389
  0.7603   0.2960  -0.0356
  0.7618   0.2958  -0.0324
  0.7633   0.2955  -0.0292
  0.7648   0.2953  -0.0259
  0.7663   0.2950  -0.0227
  0.7678   0.2947  -0.0194
  0.7693   0.2944  -0.0162
  0.7708   0.2941  -0.0130
  0.7723   0.2938  -0.0098
  0.7738   0.2935  -0.0065
  0.7753   0.2932  -0.0033
  0.7768   0.2928  -0.0001
  0.7783   0.2925   0.0031
  0.7798   0.2921   0.0063
  0.7813   0.2917   0.0095
  0.7828   0.2914   0.0127
  0.7843   0.2910   0.0159
  0.7858   0.2906   0.0191
  0.7873   0.2902   0.0223
  0.7888   0.2897   0.0255
  0.7903   0.2893   0.0287
  0.7918   0.2889   0.0319
  0.7933   0.2884   0.0350
  0.7948   0.2880   0.0382
  0.7963   0.2875   0.0414
  0.7978   0.2870   0.0446
  0.7993   0.2865   0.0477
  0.8009   0.2860   0.0509
  0.8024   0.2855   0.0540
  0.8039   0.2850   0.0572
  0.8054   0.2845   0.0603
  0.8069   0.2840   0.0635
  0.8084   0.2834   0.0666
  0.8099   0.2828   0.0697
  0.8114   0.2823   0.0729
  0.8129   0.2817   0.0760
  0.8144   0.2811   0.0791
  0.8159   0.2805   0.0823
  0.8174   0.2799   0.0854
  0.8189   0.2793   0.0885
  0.8204   0.2787   0.0916
  0.8219   0.2780   0.0947
  0.8234   0.2774   0.0978
  0.8249   0.2767   0.1009
  0.8265   0.2760   0.1040
  0.8280   0.2754   0.1071
  0.8295   0.2747   0.1102
  0.8310   0.2740   0.1133
  0.8325   0.2733   0.1164
  0.8340   0.2725   0.1194
  0.8355   0.2718   0.1225
  0.8370   0.2711   0.1256
  0.8385   0.2703   0.1287
  0.8400   0.2695   0.1317
  0.8415   0.2688   0.1348
  0.8431   0.2680   0.1379
  0.8446   0.2672   0.1410
  0.8461   0.2664   0.1441
  0.8461   0.2664   0.1441
  0.8476   0.2656   0.1472
  0.8491   0.2648   0.1502
  0.8506   0.2640   0.1531
  0.8521   0.2632   0.1558
  0.8536   0.2625   0.1585
  0.8551   0.2618   0.1610
  0.8566   0.2610   0.1634
  0.8581   0.2603   0.1656
  0.8596   0.2597   0.1678
  0.8611   0.2590   0.1698
  0.8626   0.2584   0.1718
  0.8641   0.2578   0.1736
  0.8656   0.2572   0.1753
  0.8671   0.2566   0.1769
  0.8686   0.2560   0.1784
  0.8701   0.2555   0.1798
  0.8716   0.2550   0.1811
  0.8730   0.2544   0.1823
  0.8745   0.2540   0.1833
  0.8760   0.2535   0.1843
  0.8775   0.2531   0.1852
  0.8790   0.2526   0.1860
  0.8805   0.2522   0.1867
  0.8820   0.2518   0.1873
  0.8835   0.2515   0.1878
  0.8850   0.2511   0.1883
  0.8864   0.2508   0.1886
  0.8879   0.2505   0.1888
  0.8894   0.2502   0.1890
  0.8909   0.2500   0.1891
  0.8924   0.2497   0.1891
  0.8939   0.2495   0.1890
  0.8954   0.2493   0.1888
  0.8968   0.2491   0.1886
  0.8983   0.2490   0.1883
  0.8998   0.2488   0.1879
  0.9013   0.2487   0.1874
  0.9028   0.2486   0.1869
  0.9043   0.2485   0.1863
  0.9057   0.2485   0.1856
  0.9072   0.2484   0.1848
  0.9087   0.2484   0.1840
  0.9102   0.2484   0.1831
  0.9117   0.2485   0.1822
  0.9132   0.2485   0.1812
  0.9146   0.2486   0.1801
  0.9161   0.2487   0.1789
  0.9176   0.2488   0.1777
  0.9191   0.2490   0.1765
  0.9206   0.2491   0.1751
  0.9221   0.2493   0.1737
  0.9236   0.2495   0.1723
  0.9251   0.2497   0.1708
  0.9266   0.2500   0.1692
  0.9281   0.2502   0.1676
  0.9296   0.2505   0.1659
  0.9311   0.2508   0.1641
  0.9326   0.2511   0.1623
  0.9341   0.2515   0.1604
  0.9356   0.2519   0.1585
  0.9371   0.2522   0.1565
  0.9387   0.2526   0.1545
  0.9402   0.2531   0.1524
  0.9417   0.2535   0.1503
  0.9432   0.2540   0.1481
  0.9448   0.2545   0.1458
  0.9463   0.2550   0.1435
  0.9478   0.2555   0.1412
  0.9494   0.2561   0.1388
  0.9509   0.2567   0.1363
  0.9525   0.2572   0.1338
  0.9540   0.2579   0.1313
  0.9556   0.2585   0.1287
  0.9572   0.2591   0.1261
  0.9587   0.2598   0.1234
  0.9603   0.2605   0.1207
  0.9619   0.2612   0.1179
  0.9635   0.2620   0.1151
  0.9651   0.2627   0.1123
  0.9651   0.2627   0.1123
  0.9667   0.2635   0.1094
  0.9682   0.2643   0.1066
  0.9698   0.2650   0.1039
  0.9714   0.2658   0.1013
  0.9730   0.2665   0.0988
  0.9745   0.2672   0.0963
  0.9761   0.2679   0.0939
  0.9777   0.2686   0.0916
  0.9792   0.2693   0.0893
  0.9808   0.2700   0.0870
  0.9823   0.2707   0.0848
  0.9839   0.2713   0.0826
  0.9854   0.2720   0.0805
  0.9870   0.2726   0.0783
  0.9885   0.2733   0.0762
  0.9901   0.2739   0.0742
  0.9916   0.2745   0.0721
  0.9931   0.2751   0.0701
  0.9947   0.2757   0.0681
  0.9962   0.2763   0.0661
  0.9978   0.2769   0.0641
  0.9993   0.2775   0.0621
  1.0008   0.2780   0.0601
  1.0024   0.2786   0.0582
  1.0039   0.2791   0.0562
  1.0054   0.2797   0.0543
  1.0069   0.2802   0.0523
  1.0085   0.2807   0.0503
  1.0100   0.2812   0.0484
  1.0115   0.2817   0.0464
  1.0130   0.2822   0.0444
  1.0146   0.2826   0.0424
  1.0161   0.2831   0.0405
  1.0176   0.2835   0.0385
  1.0191   0.2840   0.0365
  1.0206   0.2844   0.0344
  1.0221   0.2848   0.0324
  1.0237   0.2852   0.0303
  1.0252   0.2856   0.0283
  1.0267   0.2860   0.0262
  1.0282   0.2864   0.0241
  1.0297   0.2867   0.0220
  1.0312   0.2871   0.0199
  1.0328   0.2874   0.0177
  1.0343   0.2878   0.0156
  1.0358   0.2881   0.0134
  1.0373   0.2884   0.0112
  1.0388   0.2887   0.0090
  1.0403   0.2890   0.0068
  1.0419   0.2893   0.0045
  1.0434   0.2895   0.0022
  1.0449   0.2898  -0.0001
  1.0464   0.2900  -0.0024
  1.0479   0.2903  -0.0047
  1.0495   0.2905  -0.0070
  1.0510   0.2907  -0.0094
  1.0525   0.2909  -0.0118
  1.0540   0.2911  -0.0142
  1.0556   0.2913  -0.0166
  1.0571   0.2915  -0.0191
  1.0586   0.2917  -0.0216
  1.0601   0.2918  -0.0240
  1.0617   0.2920  -0.0265
  1.0632   0.2921  -0.0291
  1.0647   0.2922  -0.0316
  1.0663   0.2924  -0.0342
  1.0678   0.2925  -0.0367
  1.0694   0.2926  -0.0393
  1.0709   0.2927  -0.0420
  1.0724   0.2927  -0.0446
  1.0740   0.2928  -0.0472
  1.0755   0.2929  -0.0499
  1.0771   0.2929  -0.0526
  1.0786   0.2930  -0.0553
  1.0802   0.2930  -0.0580
  1.0817   0.2931  -0.0607
  1.0833   0.2931  -0.0635
  1.0848   0.2931  -0.0662
  1.0864   0.2931  -0.0690
  1.0879   0.2931  -0.0718
  1.0895   0.2931  -0.0746
  1.0910   0.2930  -0.0774
  1.0926   0.2930  -0.0802
  1.0942   0.2930  -0.0831
  1.0957   0.2929  -0.0859
  1.0973   0.2928  -0.0888
  1.0988   0.2928  -0.0917
  1.1004   0.2927  -0.0946
  1.1020   0.2926  -0.0975
  1.1035   0.2925  -0.1004
  1.1051   0.2924  -0.1033
  1.1067   0.2922  -0.1062
  1.1082   0.2921  -0.1092
  1.1098   0.2920  -0.1121
  1.1114   0.2918  -0.1151
  1.1129   0.2917  -0.1180
  1.1145   0.2915  -0.1210
  1.1161   0.2913  -0.1239
  1.1177   0.2911  -0.1269
  1.1192   0.2909  -0.1299
  1.1208   0.2907  -0.1329
  1.1224   0.2905  -0.1358
  1.1239   0.2903  -0.1388
  1.1255   0.2900  -0.1418
  1.1271   0.2898  -0.1448
  1.1287   0.2895  -0.1477
  1.1302   0.2892  -0.1507
  1.1318   0.2889  -0.1536
  1.1334   0.2886  -0.1566
  1.1349   0.2883  -0.1595
  1.1365   0.2880  -0.1625
  1.1381   0.2877  -0.1654
  1.1397   0.2874  -0.1683
  1.1412   0.2870  -0.1712
  1.1428   0.2866  -0.1741
  1.1444   0.2863  -0.1770
  1.1459   0.2859  -0.1799
  1.1475   0.2855  -0.1828
  1.1475   0.2855  -0.1828
  1.1491   0.2851  -0.1856
  1.1507   0.2846  -0.1885
  1.1522   0.2843  -0.1913
  1.1538   0.2839  -0.1940
  1.1554   0.2835  -0.1968
  1.1569   0.2831  -0.1994
  1.1585   0.2828  -0.2021
  1.1601   0.2824  -0.2047
  1.1616   0.2821  -0.2072
  1.1632   0.2818  -0.2097
  1.1647   0.2815  -0.2122
  1.1663   0.2812  -0.2146
  1.1678   0.2809  -0.2169
  1.1694   0.2806  -0.2193
  1.1709   0.2804  -0.2215
  1.1725   0.2801  -0.2238
  1.1741   0.2799  -0.2259
  1.1756   0.2796  -0.2280
  1.1772   0.2794  -0.2301
  1.1787   0.2792  -0.2321
  1.1802   0.2790  -0.2341
  1.1818   0.2788  -0.2360
  1.1833   0.2786  -0.2379
  1.1849   0.2784  -0.2397
  1.1864   0.2783  -0.2415
  1.1880   0.2781  -0.2432
  1.1895   0.2780  -0.2448
  1.1911   0.2778  -0.2464
  1.1926   0.2777  -0.2479
  1.1941   0.2776  -0.2494
  1.1957   0.2775  -0.2508
  1.1972   0.2774  -0.2522
  1.1988   0.2773  -0.2534
  1.2003   0.2772  -0.2547
  1.2018   0.2772  -0.2558
  1.2034   0.2771  -0.2569
  1.2049   0.2771  -0.2580
  1.2065   0.2770  -0.2589
  1.2080   0.2770  -0.2598
  1.2095   0.2770  -0.2607
  1.2111   0.2770  -0.2614
  1.2126   0.2770  -0.2621
  1.2141   0.2770  -0.2627
  1.2157   0.2770  -0.2633
  1.2172   0.2771  -0.2637
  1.2188   0.2771  -0.2641
  1.2203   0.2771  -0.2644
  1.2218   0.2772  -0.2647
  1.2234   0.2773  -0.2648
  1.2249   0.2774  -0.2649
  1.2264   0.2775  -0.2649
  1.2280   0.2776  -0.2648
  1.2295   0.2777  -0.2647
  1.2311   0.2778  -0.2644
  1.2326   0.2779  -0.2641
  1.2341   0.2781  -0.2637
  1.2357   0.2782  -0.2631
  1.2372   0.2784  -0.2625
  1.2387   0.2786  -0.2618
  1.2403   0.2788  -0.2611
  1.2418   0.2789  -0.2602
  1.2433   0.2791  -0.2592
  1.2449   0.2794  -0.2581
  1.2464   0.2796  -0.2569
  1.2480   0.2798  -0.2557
  1.2495   0.2801  -0.2543
  1.2510   0.2803  -0.2528
  1.2526   0.2806  -0.2512
  1.2541   0.2809  -0.2495
  1.2556   0.2811  -0.2477
  1.2572   0.2814  -0.2458
  1.2587   0.2817  -0.2438
  1.2602   0.2821  -0.2417
  1.2618   0.2824  -0.2394
  1.2633   0.2827  -0.2371
  1.2649   0.2831  -0.2346
  1.2664   0.2834  -0.2320
  1.2679   0.2838  -0.2293
  1.2695   0.2842  -0.2265
  1.2695   0.2842  -0.2265
  1.2710   0.2846  -0.2235
  1.2725   0.2849  -0.2206
  1.2741   0.2853  -0.2176
  1.2756   0.2857  -0.2147
  1.2771   0.2860  -0.2117
  1.2787   0.2863  -0.2087
  1.2802   0.2867  -0.2058
  1.2817   0.2870  -0.2028
  1.2832   0.2873  -0.1998
  1.2848   0.2876  -0.1968
  1.2863   0.2879  -0.1938
  1.2878   0.2881  -0.1908
  1.2894   0.2884  -0.1877
  1.2909   0.2887  -0.1847
  1.2924   0.2889  -0.1817
  1.2939   0.2892  -0.1786
  1.2954   0.2894  -0.1755
  1.2970   0.2896  -0.1725
  1.2985   0.2898  -0.1694
  1.3000   0.2900  -0.1663
  1.3015   0.2902  -0.1632
  1.3031   0.2904  -0.1601
  1.3046   0.2906  -0.1570
  1.3061   0.2907  -0.1539
  1.3076   0.2909  -0.1508
  1.3091   0.2910  -0.1476
  1.3106   0.2912  -0.1445
  1.3122   0.2913  -0.1414
  1.3137   0.2914  -0.1382
  1.3152   0.2915  -0.1351
  1.3167   0.2916  -0.1319
  1.3182   0.2917  -0.1288
  1.3198   0.2918  -0.1256
  1.3213   0.2918  -0.1224
  1.3228   0.2919  -0.1193
  1.3243   0.2920  -0.1161
  1.3258   0.2920  -0.1129
  1.3273   0.2920  -0.1097
  1.3288   0.2920  -0.1066
  1.3304   0.2921  -0.1034
  1.3319   0.2921  -0.1002
  1.3334   0.2920  -0.0970
  1.3349   0.2920  -0.0938
  1.3364   0.2920  -0.0906
  1.3379   0.2920  -0.0874
  1.3394   0.2919  -0.0842
  1.3410   0.2919  -0.0810
  1.3425   0.2918  -0.0778
  1.3440   0.2917  -0.0746
  1.3455   0.2916  -0.0714
  1.3470   0.2915  -0.0682
  1.3485   0.2914  -0.0649
  1.3500   0.2913  -0.0617
  1.3515   0.2912  -0.0585
  1.3531   0.2910  -0.0553
  1.3546   0.2909  -0.0521
  1.3561   0.2907  -0.0489
  1.3576   0.2906  -0.0457
  1.3591   0.2904  -0.0424
  1.3606   0.2902  -0.0392
  1.3621   0.2900  -0.0360
  1.3636   0.2898  -0.0328
  1.3651   0.2896  -0.0296
  1.3667   0.2894  -0.0264
  1.3682   0.2891  -0.0231
  1.3697   0.2889  -0.0199
  1.3712   0.2886  -0.0167
  1.3727   0.2884  -0.0135
  1.3742   0.2881  -0.0103
  1.3757   0.2878  -0.0071
  1.3772   0.2875  -0.0038
  1.3788   0.2872  -0.0006
  1.3803   0.2869   0.0026
  1.3818   0.2866   0.0058
  1.3833   0.2863   0.0090
  1.3848   0.2859   0.0122
  1.3863   0.2856   0.0154
  1.3878   0.2852   0.0186
  1.3893   0.2848   0.0218
  1.3909   0.2844   0.0250
  1.3924   0.2841   0.0282
  1.3939   0.2837   0.0314
  1.3954   0.2832   0.0346
  1.3969   0.2828   0.0378
  1.3984   0.2824   0.0410
  1.3999   0.2819   0.0442
  1.4014   0.2815   0.0474
  1.4030   0.2810   0.0506
  1.4045   0.2806   0.0537
  1.4060   0.2801   0.0569
  1.4075   0.2796   0.0601
  1.4090   0.2791   0.0633
  1.4105   0.2786   0.0665
  1.4120   0.2780   0.0696
  1.4135   0.2775   0.0728
  1.4151   0.2770   0.0760
  1.4166   0.2764   0.0791
  1.4181   0.2759   0.0823
  1.4196   0.2753   0.0854
  1.4211   0.2747   0.0886
  1.4226   0.2741   0.0917
  1.4242   0.2735   0.0949
  1.4257   0.2729   0.0980
  1.4272   0.2723   0.1011
  1.4287   0.2716   0.1043
  1.4302   0.2710   0.1074
  1.4317   0.2703   0.1105
  1.4333   0.2697   0.1136
  1.4348   0.2690   0.1167
  1.4363   0.2683   0.1198
  1.4378   0.2676   0.1230
  1.4393   0.2669   0.1260
  1.4408   0.2662   0.1291
  1.4424   0.2655   0.1322
  1.4439   0.2648   0.1353
  1.4454   0.2640   0.1384
  1.4469   0.2633   0.1415
  1.4484   0.2625   0.1446
  1.4484   0.2625   0.1446
  1.4500   0.2617   0.1477
  1.4515   0.2609   0.1507
  1.4530   0.2602   0.1535
  1.4545   0.2595   0.1563
  1.4560   0.2587   0.1589
  1.4575   0.2580   0.1614
  1.4590   0.2574   0.1637
  1.4605   0.2567   0.1660
  1.4620   0.2561   0.1681
  1.4636   0.2554   0.1701
  1.4651   0.2548   0.1720
  1.4666   0.2542   0.1738
  1.4681   0.2537   0.1755
  1.4696   0.2531   0.1770
  1.4711   0.2526   0.1785
  1.4726   0.2521   0.1798
  1.4741   0.2516   0.1811
  1.4756   0.2511   0.1822
  1.4771   0.2506   0.1832
  1.4786   0.2502   0.1841
  1.4801   0.2498   0.1850
  1.4816   0.2494   0.1857
  1.4831   0.2490   0.1863
  1.4846   0.2486   0.1869
  1.4861   0.2483   0.1873
  1.4876   0.2480   0.1877
  1.4891   0.2477   0.1879
  1.4906   0.2474   0.1881
  1.4921   0.2471   0.1882
  1.4936   0.2469   0.1882
  1.4951   0.2467   0.1881
  1.4966   0.2465   0.1880
  1.4981   0.2463   0.1877
  1.4996   0.2461   0.1874
  1.5010   0.2460   0.1870
  1.5025   0.2459   0.1865
  1.5040   0.2458   0.1860
  1.5055   0.2457   0.1854
  1.5070   0.2456   0.1847
  1.5085   0.2456   0.1839
  1.5100   0.2456   0.1831
  1.5115   0.2456   0.1822
  1.5130   0.2456   0.1812
  1.5145   0.2456   0.1802
  1.5159   0.2457   0.1791
  1.5174   0.2458   0.1779
  1.5189   0.2459   0.1767
  1.5204   0.2460   0.1754
  1.5219   0.2462   0.1741
  1.5234   0.2464   0.1727
  1.5249   0.2466   0.1712
  1.5264   0.2468   0.1697
  1.5279   0.2470   0.1681
  1.5294   0.2473   0.1665
  1.5309   0.2475   0.1648
  1.5324   0.2478   0.1630
  1.5339   0.2482   0.1612
  1.5354   0.2485   0.1593
  1.5369   0.2489   0.1574
  1.5384   0.2492   0.1554
  1.5399   0.2496   0.1534
  1.5414   0.2501   0.1513
  1.5429   0.2505   0.1492
  1.5445   0.2510   0.1470
  1.5460   0.2514   0.1447
  1.5475   0.2519   0.1425
  1.5490   0.2525   0.1401
  1.5506   0.2530   0.1377
  1.5521   0.2536   0.1353
  1.5536   0.2542   0.1328
  1.5552   0.2548   0.1303
  1.5567   0.2554   0.1277
  1.5583   0.2560   0.1251
  1.5598   0.2567   0.1225
  1.5614   0.2574   0.1198
  1.5629   0.2581   0.1170
  1.5645   0.2588   0.1142
  1.5661   0.2596   0.1114
  1.5676   0.2603   0.1086
  1.5676   0.2603   0.1086
  1.5692   0.2611   0.1057
  1.5708   0.2619   0.1029
  1.5724   0.2626   0.1002
  1.5739   0.2634   0.0975
  1.5755   0.2641   0.0950
  1.5770   0.2649   0.0924
  1.5786   0.2656   0.0900
  1.5801   0.2663   0.0876
  1.5817   0.2670   0.0852
  1.5832   0.2677   0.0829
  1.5847   0.2684   0.0807
  1.5863   0.2690   0.0784
  1.5878   0.2697   0.0762
  1.5894   0.2704   0.0740
  1.5909   0.2710   0.0719
  1.5924   0.2717   0.0697
  1.5939   0.2723   0.0676
  1.5955   0.2729   0.0655
  1.5970   0.2735   0.0635
  1.5985   0.2741   0.0614
  1.6000   0.2747   0.0593
  1.6016   0.2753   0.0573
  1.6031   0.2759   0.0553
  1.6046   0.2764   0.0532
  1.6061   0.2770   0.0512
  1.6076   0.2775   0.0492
  1.6091   0.2780   0.0472
  1.6107   0.2786   0.0451
  1.6122   0.2791   0.0431
  1.6137   0.2796   0.0411
  1.6152   0.2801   0.0390
  1.6167   0.2806   0.0370
  1.6182   0.2810   0.0350
  1.6197   0.2815   0.0329
  1.6212   0.2819   0.0309
  1.6227   0.2824   0.0288
  1.6242   0.2828   0.0267
  1.6257   0.2832   0.0246
  1.6272   0.2836   0.0225
  1.6287   0.2840   0.0204
  1.6302   0.2844   0.0183
  1.6318   0.2848   0.0161
  1.6333   0.2851   0.0140
  1.6348   0.2855   0.0118
  1.6363   0.2858   0.0096
  1.6378   0.2862   0.0074
  1.6393   0.2865   0.0052
  1.6408   0.2868   0.0029
  1.6423   0.2871   0.0007
  1.6438   0.2874  -0.0016
  1.6453   0.2877  -0.0039
  1.6468   0.2880  -0.0062
  1.6483   0.2882  -0.0085
  1.6498   0.2885  -0.0109
  1.6513   0.2887  -0.0132
  1.6528   0.2889  -0.0156
  1.6543   0.2892  -0.0180
  1.6558   0.2894  -0.0204
  1.6574   0.2896  -0.0228
  1.6589   0.2898  -0.0253
  1.6604   0.2900  -0.0277
  1.6619   0.2901  -0.0302
  1.6634   0.2903  -0.0327
  1.6649   0.2904  -0.0352
  1.6664   0.2906  -0.0378
  1.6680   0.2907  -0.0403
  1.6695   0.2908  -0.0429
  1.6710   0.2910  -0.0455
  1.6725   0.2911  -0.0481
  1.6741   0.2912  -0.0507
  1.6756   0.2912  -0.0533
  1.6771   0.2913  -0.0559
  1.6786   0.2914  -0.0586
  1.6802   0.2914  -0.0613
  1.6817   0.2915  -0.0640
  1.6832   0.2915  -0.0667
  1.6848   0.2916  -0.0694
  1.6863   0.2916  -0.0721
  1.6878   0.2916  -0.0749
  1.6894   0.2916  -0.0777
  1.6909   0.2916  -0.0804
  1.6924   0.2916  -0.0832
  1.6940   0.2915  -0.0860
  1.6955   0.2915  -0.0888
  1.6970   0.2914  -0.0917
  1.6986   0.2914  -0.0945
  1.7001   0.2913  -0.0973
  1.7017   0.2912  -0.1002
  1.7032   0.2912  -0.1031
  1.7048   0.2911  -0.1059
  1.7063   0.2910  -0.1088
  1.7079   0.2909  -0.1117
  1.7094   0.2907  -0.1146
  1.7109   0.2906  -0.1175
  1.7125   0.2904  -0.1204
  1.7140   0.2903  -0.1234
  1.7156   0.2901  -0.1263
  1.7171   0.2900  -0.1292
  1.7187   0.2898  -0.1321
  1.7202   0.2896  -0.1351
  1.7218   0.2894  -0.1380
  1.7233   0.2892  -0.1410
  1.7249   0.2889  -0.1439
  1.7265   0.2887  -0.1468
  1.7280   0.2885  -0.1498
  1.7296   0.2882  -0.1527
  1.7311   0.2879  -0.1557
  1.7327   0.2877  -0.1586
  1.7342   0.2874  -0.1615
  1.7358   0.2871  -0.1644
  1.7373   0.2868  -0.1673
  1.7389   0.2864  -0.1702
  1.7404   0.2861  -0.1731
  1.7420   0.2858  -0.1760
  1.7435   0.2854  -0.1789
  1.7451   0.2850  -0.1818
  1.7466   0.2847  -0.1847
  1.7482   0.2843  -0.1876
  1.7482   0.2843  -0.1876
  1.7497   0.2839  -0.1905
  1.7513   0.2835  -0.1933
  1.7528   0.2831  -0.1961
  1.7544   0.2827  -0.1989
  1.7560   0.2823  -0.2016
  1.7575   0.2820  -0.2043
  1.7590   0.2816  -0.2070
  1.7606   0.2813  -0.2096
  1.7621   0.2810  -0.2121
  1.7637   0.2807  -0.2146
  1.7652   0.2804  -0.2171
  1.7668   0.2801  -0.2195
  1.7683   0.2798  -0.2219
  1.7698   0.2795  -0.2242
  1.7714   0.2793  -0.2265
  1.7729   0.2790  -0.2287
  1.7744   0.2788  -0.2309
  1.7760   0.2786  -0.2330
  1.7775   0.2783  -0.2351
  1.7790   0.2781  -0.2371
  1.7806   0.2779  -0.2391
  1.7821   0.2777  -0.2410
  1.7836   0.2776  -0.2429
  1.7852   0.2774  -0.2447
  1.7867   0.2772  -0.2465
  1.7882   0.2771  -0.2482
  1.7898   0.2770  -0.2498
  1.7913   0.2768  -0.2514
  1.7928   0.2767  -0.2529
  1.7943   0.2766  -0.2544
  1.7959   0.2765  -0.2558
  1.7974   0.2764  -0.2572
  1.7989   0.2763  -0.2585
  1.8004   0.2763  -0.2597
  1.8020   0.2762  -0.2609
  1.8035   0.2762  -0.2620
  1.8050   0.2761  -0.2630
  1.8066   0.2761  -0.2640
  1.8081   0.2761  -0.2649
  1.8096   0.2761  -0.2657
  1.8111   0.2761  -0.2665
  1.8127   0.2761  -0.2672
  1.8142   0.2761  -0.2678
  1.8157   0.2761  -0.2683
  1.8172   0.2762  -0.2688
  1.8188   0.2762  -0.2692
  1.8203   0.2763  -0.2695
  1.8218   0.2764  -0.2698
  1.8233   0.2765  -0.2699
  1.8249   0.2765  -0.2700
  1.8264   0.2767  -0.2700
  1.8279   0.2768  -0.2700
  1.8294   0.2769  -0.2698
  1.8310   0.2770  -0.2696
  1.8325   0.2772  -0.2692
  1.8340   0.2773  -0.2688
  1.8356   0.2775  -0.2683
  1.8371   0.2776  -0.2677
  1.8386   0.2778  -0.2670
  1.8401   0.2780  -0.2662
  1.8417   0.2782  -0.2654
  1.8432   0.2784  -0.2644
  1.8447   0.2787  -0.2633
  1.8463   0.2789  -0.2622
  1.8478   0.2791  -0.2609
  1.8493   0.2794  -0.2595
  1.8508   0.2797  -0.2581
  1.8524   0.2799  -0.2565
  1.8539   0.2802  -0.2548
  1.8554   0.2805  -0.2531
  1.8570   0.2808  -0.2512
  1.8585   0.2811  -0.2492
  1.8600   0.2815  -0.2470
  1.8616   0.2818  -0.2448
  1.8631   0.2822  -0.2425
  1.8646   0.2825  -0.2400
  1.8661   0.2829  -0.2375
  1.8677   0.2833  -0.2348
  1.8692   0.2837  -0.2319
  1.8692   0.2837  -0.2319
  1.8707   0.2841  -0.2290
  1.8723   0.2845  -0.2261
  1.8738   0.2848  -0.2232
  1.8753   0.2852  -0.2202
  1.8769   0.2856  -0.2173
  1.8784   0.2859  -0.2143
  1.8799   0.2862  -0.2114
  1.8814   0.2866  -0.2084
  1.8830   0.2869  -0.2054
  1.8845   0.2872  -0.2024
  1.8860   0.2875  -0.1994
  1.8875   0.2878  -0.1964
  1.8891   0.2881  -0.1934
  1.8906   0.2884  -0.1903
  1.8921   0.2886  -0.1873
  1.8936   0.2889  -0.1843
  1.8951   0.2891  -0.1812
  1.8967   0.2893  -0.1781
  1.8982   0.2896  -0.1750
  1.8997   0.2898  -0.1719
  1.9012   0.2900  -0.1689
  1.9027   0.2902  -0.1657
  1.9042   0.2904  -0.1626
  1.9058   0.2906  -0.1595
  1.9073   0.2907  -0.1564
  1.9088   0.2909  -0.1533
  1.9103   0.2910  -0.1501
  1.9118   0.2912  -0.1470
  1.9133   0.2913  -0.1438
  1.9148   0.2914  -0.1407
  1.9164   0.2915  -0.1375
  1.9179   0.2916  -0.1344
  1.9194   0.2917  -0.1312
  1.9209   0.2918  -0.1280
  1.9224   0.2919  -0.1248
  1.9239   0.2919  -0.1217
  1.9254   0.2920  -0.1185
  1.9269   0.2920  -0.1153
  1.9285   0.2921  -0.1121
  1.9300   0.2921  -0.1089
  1.9315   0.2921  -0.1057
  1.9330   0.2921  -0.1025
  1.9345   0.2921  -0.0993
  1.9360   0.2921  -0.0961
  1.9375   0.2921  -0.0929
  1.9390   0.2920  -0.0897
  1.9405   0.2920  -0.0865
  1.9420   0.2919  -0.0833
  1.9436   0.2919  -0.0801
  1.9451   0.2918  -0.0769
  1.9466   0.2917  -0.0737
  1.9481   0.2916  -0.0705
  1.9496   0.2915  -0.0673
  1.9511   0.2914  -0.0640
  1.9526   0.2913  -0.0608
  1.9541   0.2912  -0.0576
  1.9556   0.2910  -0.0544
  1.9571   0.2909  -0.0512
  1.9586   0.2907  -0.0480
  1.9601   0.2905  -0.0448
  1.9617   0.2904  -0.0416
  1.9632   0.2902  -0.0383
  1.9647   0.2900  -0.0351
  1.9662   0.2897  -0.0319
  1.9677   0.2895  -0.0287
  1.9692   0.2893  -0.0255
  1.9707   0.2891  -0.0223
  1.9722   0.2888  -0.0191
  1.9737   0.2886  -0.0159
  1.9752   0.2883  -0.0127
  1.9767   0.2880  -0.0095
  1.9782   0.2877  -0.0063
  1.9798   0.2874  -0.0031
  1.9813   0.2871   0.0001
  1.9828   0.2868   0.0033
  1.9843   0.2865   0.0065
  1.9858   0.2861   0.0097
  1.9873   0.2858   0.0129
  1.9888   0.2854   0.0161
  1.9903   0.2850   0.0193
  1.9918   0.2847   0.0224
  1.9933   0.2843   0.0256
  1.9948   0.2839   0.0288
  1.9964   0.2835   0.0320
  1.9979   0.2831   0.0351
  1.9994   0.2826   0.0383
  2.0009   0.2822   0.0415
  2.0024   0.2817   0.0446
  2.0039   0.2813   0.0478
  2.0054   0.2808   0.0510
  2.0069   0.2803   0.0541
  2.0084   0.2798   0.0573
  2.0099   0.2794   0.0604
  2.0115   0.2788   0.0636
  2.0130   0.2783   0.0667
  2.0145   0.2778   0.0699
  2.0160   0.2773   0.0730
  2.0175   0.2767   0.0761
  2.0190   0.2762   0.0793
  2.0205   0.2756   0.0824
  2.0220   0.2750   0.0855
  2.0236   0.2744   0.0886
  2.0251   0.2738   0.0917
  2.0266   0.2732   0.0948
  2.0281   0.2726   0.0979
  2.0296   0.2720   0.1010
  2.0311   0.2713   0.1041
  2.0326   0.2707   0.1072
  2.0342   0.2700   0.1103
  2.0357   0.2693   0.1134
  2.0372   0.2687   0.1165
  2.0387   0.2680   0.1196
  2.0402   0.2673   0.1226
  2.0417   0.2666   0.1257
  2.0433   0.2658   0.1288
  2.0448   0.2651   0.1318
  2.0463   0.2644   0.1349
  2.0478   0.2636   0.1379
  2.0493   0.2628   0.1410
  2.0508   0.2621   0.1441
  2.0508   0.2621   0.1441
  2.0524   0.2613   0.1472
  2.0539   0.2605   0.1501
  2.0554   0.2598   0.1530
  2.0569   0.2590   0.1557
  2.0584   0.2583   0.1583
  2.0599   0.2576   0.1608
  2.0614   0.2569   0.1631
  2.0629   0.2563   0.1653
  2.0644   0.2556   0.1674
  2.0659   0.2550   0.1694
  2.0674   0.2544   0.1713
  2.0689   0.2538   0.1731
  2.0704   0.2532   0.1747
  2.0719   0.2527   0.1762
  2.0734   0.2521   0.1777
  2.0749   0.2516   0.1790
  2.0764   0.2511   0.1802
  2.0779   0.2506   0.1813
  2.0794   0.2502   0.1823
  2.0809   0.2497   0.1833
  2.0824   0.2493   0.1841
  2.0839   0.2489   0.1848
  2.0854   0.2485   0.1854
  2.0869   0.2482   0.1859
  2.0884   0.2478   0.1864
  2.0899   0.2475   0.1867
  2.0914   0.2472   0.1870
  2.0929   0.2469   0.1871
  2.0944   0.2467   0.1872
  2.0959   0.2464   0.1872
  2.0974   0.2462   0.1871
  2.0989   0.2460   0.1869
  2.1004   0.2458   0.1867
  2.1019   0.2457   0.1863
  2.1034   0.2456   0.1859
  2.1049   0.2454   0.1854
  2.1064   0.2453   0.1849
  2.1078   0.2453   0.1843
  2.1093   0.2452   0.1836
  2.1108   0.2452   0.1828
  2.1123   0.2452   0.1820
  2.1138   0.2452   0.1810
  2.1153   0.2452   0.1801
  2.1168   0.2453   0.1790
  2.1183   0.2453   0.1779
  2.1198   0.2454   0.1768
  2.1213   0.2455   0.1755
  2.1228   0.2457   0.1743
  2.1242   0.2458   0.1729
  2.1257   0.2460   0.1715
  2.1272   0.2462   0.1700
  2.1287   0.2464   0.1685
  2.1302   0.2467   0.1669
  2.1317   0.2469   0.1653
  2.1332   0.2472   0.1636
  2.1347   0.2475   0.1618
  2.1362   0.2478   0.1600
  2.1378   0.2482   0.1581
  2.1393   0.2485   0.1562
  2.1408   0.2489   0.1542
  2.1423   0.2493   0.1522
  2.1438   0.2498   0.1501
  2.1453   0.2502   0.1479
  2.1469   0.2507   0.1457
  2.1484   0.2511   0.1435
  2.1499   0.2517   0.1412
  2.1515   0.2522   0.1389
  2.1530   0.2527   0.1365
  2.1545   0.2533   0.1340
  2.1561   0.2539   0.1315
  2.1576   0.2545   0.1290
  2.1592   0.2551   0.1264
  2.1607   0.2557   0.1238
  2.1623   0.2564   0.1212
  2.1639   0.2571   0.1185
  2.1654   0.2578   0.1158
  2.1670   0.2585   0.1130
  2.1686   0.2593   0.1102
  2.1702   0.2600   0.1073
  2.1702   0.2600   0.1073
  2.1718   0.2608   0.1044
  2.1733   0.2616   0.1016
  2.1749   0.2623   0.0989
  2.1765   0.2631   0.0963
  2.1780   0.2638   0.0938
  2.1796   0.2646   0.0913
  2.1812   0.2653   0.0888
  2.1827   0.2660   0.0865
  2.1843   0.2667   0.0841
  2.1858   0.2674   0.0818
  2.1874   0.2681   0.0796
  2.1889   0.2687   0.0773
  2.1904   0.2694   0.0751
  2.1920   0.2701   0.0730
  2.1935   0.2707   0.0708
  2.1951   0.2713   0.0687
  2.1966   0.2720   0.0666
  2.1981   0.2726   0.0645
  2.1997   0.2732   0.0625
  2.2012   0.2738   0.0604
  2.2027   0.2744   0.0584
  2.2043   0.2750   0.0564
  2.2058   0.2755   0.0543
  2.2073   0.2761   0.0523
  2.2088   0.2767   0.0503
  2.2104   0.2772   0.0483
  2.2119   0.2777   0.0463
  2.2134   0.2782   0.0443
  2.2149   0.2788   0.0423
  2.2164   0.2793   0.0403
  2.2180   0.2797   0.0383
  2.2195   0.2802   0.0362
  2.2210   0.2807   0.0342
  2.2225   0.2811   0.0322
  2.2240   0.2816   0.0301
  2.2255   0.2820   0.0281
  2.2270   0.2825   0.0260
  2.2286   0.2829   0.0239
  2.2301   0.2833   0.0218
  2.2316   0.2837   0.0197
  2.2331   0.2841   0.0176
  2.2346   0.2844   0.0155
  2.2361   0.2848   0.0133
  2.2376   0.2851   0.0112
  2.2391   0.2855   0.0090
  2.2407   0.2858   0.0068
  2.2422   0.2861   0.0046
  2.2437   0.2865   0.0024
  2.2452   0.2868   0.0001
  2.2467   0.2870  -0.0021
  2.2482   0.2873  -0.0044
  2.2497   0.2876  -0.0067
  2.2512   0.2879  -0.0090
  2.2528   0.2881  -0.0113
  2.2543   0.2883  -0.0137
  2.2558   0.2886  -0.0160
  2.2573   0.2888  -0.0184
  2.2588   0.2890  -0.0208
  2.2604   0.2892  -0.0233
  2.2619   0.2894  -0.0257
  2.2634   0.2896  -0.0281
  2.2649   0.2897  -0.0306
  2.2664   0.2899  -0.0331
  2.2680   0.2901  -0.0356
  2.2695   0.2902  -0.0381
  2.2710   0.2903  -0.0407
  2.2726   0.2904  -0.0432
  2.2741   0.2906  -0.0458
  2.2756   0.2907  -0.0484
  2.2771   0.2908  -0.0510
  2.2787   0.2908  -0.0536
  2.2802   0.2909  -0.0563
  2.2817   0.2910  -0.0589
  2.2833   0.2910  -0.0616
  2.2848   0.2911  -0.0643
  2.2864   0.2911  -0.0670
  2.2879   0.2911  -0.0697
  2.2894   0.2912  -0.0724
  2.2910   0.2912  -0.0752
  2.2925   0.2912  -0.0779
  2.2941   0.2912  -0.0807
  2.2956   0.2911  -0.0835
  2.2972   0.2911  -0.0862
  2.2987   0.2911  -0.0891
  2.3003   0.2910  -0.0919
  2.3018   0.2910  -0.0947
  2.3034   0.2909  -0.0975
  2.3049   0.2908  -0.1004
  2.3065   0.2907  -0.1032
  2.3080   0.2906  -0.1061
  2.3096   0.2905  -0.1090
  2.3111   0.2904  -0.1119
  2.3127   0.2903  -0.1148
  2.3142   0.2902  -0.1177
  2.3158   0.2900  -0.1206
  2.3174   0.2899  -0.1235
  2.3189   0.2897  -0.1264
  2.3205   0.2895  -0.1293
  2.3220   0.2893  -0.1323
  2.3236   0.2891  -0.1352
  2.3252   0.2889  -0.1381
  2.3267   0.2887  -0.1411
  2.3283   0.2885  -0.1440
  2.3298   0.2883  -0.1469
  2.3314   0.2880  -0.1499
  2.3330   0.2878  -0.1528
  2.3345   0.2875  -0.1557
  2.3361   0.2872  -0.1586
  2.3376   0.2869  -0.1616
  2.3392   0.2866  -0.1645
  2.3408   0.2863  -0.1674
  2.3423   0.2860  -0.1703
  2.3439   0.2857  -0.1732
  2.3454   0.2853  -0.1761
  2.3470   0.2849  -0.1789
  2.3486   0.2846  -0.1818
  2.3501   0.2842  -0.1847
  2.3517   0.2838  -0.1876
  2.3517   0.2838  -0.1876
  2.3533   0.2834  -0.1904
  2.3548   0.2830  -0.1933
  2.3564   0.2826  -0.1961
  2.3579   0.2822  -0.1989
  2.3595   0.2819  -0.2016
  2.3611   0.2815  -0.2043
  2.3626   0.2812  -0.2069
  2.3642   0.2808  -0.2095
  2.3657   0.2805  -0.2120
  2.3673   0.2802  -0.2145
  2.3688   0.2799  -0.2170
  2.3704   0.2796  -0.2194
  2.3719   0.2793  -0.2218
  2.3735   0.2791  -0.2241
  2.3750   0.2788  -0.2264
  2.3766   0.2785  -0.2286
  2.3781   0.2783  -0.2308
  2.3796   0.2781  -0.2329
  2.3812   0.2779  -0.2350
  2.3827   0.2776  -0.2370
  2.3843   0.2774  -0.2390
  2.3858   0.2773  -0.2409
  2.3873   0.2771  -0.2427
  2.3889   0.2769  -0.2446
  2.3904   0.2768  -0.2463
  2.3919   0.2766  -0.2480
  2.3935   0.2765  -0.2497
  2.3950   0.2763  -0.2512
  2.3966   0.2762  -0.2528
  2.3981   0.2761  -0.2543
  2.3996   0.2760  -0.2557
  2.4012   0.2759  -0.2570
  2.4027   0.2758  -0.2583
  2.4042   0.2758  -0.2595
  2.4058   0.2757  -0.2607
  2.4073   0.2757  -0.2618
  2.4088   0.2756  -0.2628
  2.4104   0.2756  -0.2638
  2.4119   0.2756  -0.2647
  2.4134   0.2756  -0.2656
  2.4150   0.2756  -0.2663
  2.4165   0.2756  -0.2670
  2.4180   0.2756  -0.2676
  2.4195   0.2756  -0.2682
  2.4211   0.2757  -0.2687
  2.4226   0.2757  -0.2691
  2.4241   0.2758  -0.2694
  2.4257   0.2759  -0.2697
  2.4272   0.2759  -0.2698
  2.4287   0.2760  -0.2699
  2.4303   0.2761  -0.2699
  2.4318   0.2763  -0.2699
  2.4333   0.2764  -0.2697
  2.4349   0.2765  -0.2695
  2.4364   0.2766  -0.2692
  2.4379   0.2768  -0.2687
  2.4395   0.2770  -0.2682
  2.4410   0.2771  -0.2677
  2.4425   0.2773  -0.2670
  2.4441   0.2775  -0.2662
  2.4456   0.2777  -0.2653
  2.4471   0.2779  -0.2644
  2.4487   0.2781  -0.2633
  2.4502   0.2784  -0.2621
  2.4517   0.2786  -0.2609
  2.4533   0.2789  -0.2595
  2.4548   0.2791  -0.2581
  2.4563   0.2794  -0.2565
  2.4579   0.2797  -0.2548
  2.4594   0.2800  -0.2530
  2.4609   0.2803  -0.2512
  2.4625   0.2806  -0.2492
  2.4640   0.2809  -0.2471
  2.4655   0.2813  -0.2448
  2.4671   0.2816  -0.2425
  2.4686   0.2820  -0.2400
  2.4701   0.2824  -0.2375
  2.4717   0.2827  -0.2348
  2.4732   0.2831  -0.2320
  2.4732   0.2831  -0.2320
  2.4748   0.2835  -0.2290
  2.4763   0.2839  -0.2261
  2.4778   0.2843  -0.2232
  2.4794   0.2847  -0.2202
  2.4809   0.2850  -0.2173
  2.4824   0.2854  -0.2144
  2.4840   0.2857  -0.2114
  2.4855   0.2860  -0.2084
  2.4870   0.2864  -0.2054
  2.4885   0.2867  -0.2025
  2.4901   0.2870  -0.1995
  2.4916   0.2873  -0.1964
  2.4931   0.2875  -0.1934
  2.4946   0.2878  -0.1904
  2.4962   0.2881  -0.1873
  2.4977   0.2883  -0.1843
  2.4992   0.2886  -0.1812
  2.5007   0.2888  -0.1782
  2.5023   0.2890  -0.1751
  2.5038   0.2893  -0.1720
  2.5053   0.2895  -0.1689
  2.5068   0.2897  -0.1658
  2.5083   0.2898  -0.1627
  2.5099   0.2900  -0.1596
  2.5114   0.2902  -0.1564
  2.5129   0.2903  -0.1533
  2.5144   0.2905  -0.1502
  2.5159   0.2906  -0.1470
  2.5174   0.2908  -0.1439
  2.5190   0.2909  -0.1407
  2.5205   0.2910  -0.1376
  2.5220   0.2911  -0.1344
  2.5235   0.2912  -0.1312
  2.5250   0.2913  -0.1281
  2.5265   0.2913  -0.1249
  2.5281   0.2914  -0.1217
  2.5296   0.2915  -0.1185
  2.5311   0.2915  -0.1153
  2.5326   0.2915  -0.1122
  2.5341   0.2916  -0.1090
  2.5356   0.2916  -0.1058
  2.5371   0.2916  -0.1026
  2.5387   0.2916  -0.0994
  2.5402   0.2916  -0.0962
  2.5417   0.2915  -0.0930
  2.5432   0.2915  -0.0898
  2.5447   0.2915  -0.0866
  2.5462   0.2914  -0.0833
  2.5477   0.2913  -0.0801
  2.5492   0.2913  -0.0769
  2.5508   0.2912  -0.0737
  2.5523   0.2911  -0.0705
  2.5538   0.2910  -0.0673
  2.5553   0.2909  -0.0641
  2.5568   0.2907  -0.0609
  2.5583   0.2906  -0.0577
  2.5598   0.2905  -0.0544
  2.5613   0.2903  -0.0512
  2.5629   0.2902  -0.0480
  2.5644   0.2900  -0.0448
  2.5659   0.2898  -0.0416
  2.5674   0.2896  -0.0384
  2.5689   0.2894  -0.0352
  2.5704   0.2892  -0.0320
  2.5719   0.2890  -0.0287
  2.5734   0.2888  -0.0255
  2.5749   0.2885  -0.0223
  2.5765   0.2883  -0.0191
  2.5780   0.2880  -0.0159
  2.5795   0.2877  -0.0127
  2.5810   0.2875  -0.0095
  2.5825   0.2872  -0.0063
  2.5840   0.2869  -0.0031
  2.5855   0.2866   0.0001
  2.5870   0.2862   0.0033
  2.5886   0.2859   0.0065
  2.5901   0.2856   0.0097
  2.5916   0.2852   0.0129
  2.5931   0.2849   0.0160
  2.5946   0.2845   0.0192
  2.5961   0.2841   0.0224
  2.5976   0.2837   0.0256
  2.5991   0.2833   0.0288
  2.6007   0.2829   0.0320
  2.6022   0.2825   0.0351
  2.6037   0.2821   0.0383
  2.6052   0.2816   0.0415
  2.6067   0.2812   0.0446
  2.6082   0.2807   0.0478
  2.6097   0.2803   0.0510
  2.6113   0.2798   0.0541
  2.6128   0.2793   0.0573
  2.6143   0.2788   0.0604
  2.6158   0.2783   0.0636
  2.6173   0.2778   0.0667
  2.6188   0.2773   0.0699
  2.6203   0.2767   0.0730
  2.6219   0.2762   0.0761
  2.6234   0.2756   0.0793
  2.6249   0.2750   0.0824
  2.6264   0.2745   0.0855
  2.6279   0.2739   0.0886
  2.6294   0.2733   0.0917
  2.6310   0.2727   0.0949
  2.6325   0.2720   0.0980
  2.6340   0.2714   0.1011
  2.6355   0.2708   0.1042
  2.6370   0.2701   0.1073
  2.6385   0.2695   0.1104
  2.6401   0.2688   0.1134
  2.6416   0.2681   0.1165
  2.6431   0.2674   0.1196
  2.6446   0.2667   0.1227
  2.6461   0.2660   0.1257
  2.6477   0.2653   0.1288
  2.6492   0.2646   0.1319
  2.6507   0.2638   0.1349
  2.6522   0.2631   0.1380
  2.6537   0.2623   0.1410
  2.6537   0.2623   0.1410
  2.6553   0.2615   0.1442
  2.6568   0.2608   0.1471
  2.6583   0.2600   0.1500
  2.6598   0.2593   0.1527
  2.6613   0.2586   0.1553
  2.6628   0.2579   0.1578
  2.6643   0.2572   0.1601
  2.6658   0.2566   0.1624
  2.6673   0.2559   0.1645
  2.6689   0.2553   0.1665
  2.6704   0.2547   0.1684
  2.6719   0.2541   0.1701
  2.6734   0.2535   0.1718
  2.6749   0.2530   0.1733
  2.6764   0.2525   0.1748
  2.6779   0.2519   0.1761
  2.6794   0.2515   0.1774
  2.6809   0.2510   0.1785
  2.6824   0.2505   0.1795
  2.6839   0.2501   0.1805
  2.6854   0.2497   0.1813
  2.6869   0.2493   0.1820
  2.6884   0.2489   0.1827
  2.6899   0.2485   0.1832
  2.6914   0.2482   0.1837
  2.6929   0.2479   0.1840
  2.6944   0.2476   0.1843
  2.6959   0.2473   0.1845
  2.6974   0.2471   0.1846
  2.6989   0.2468   0.1846
  2.7004   0.2466   0.1845
  2.7019   0.2464   0.1844
  2.7033   0.2462   0.1842
  2.7048   0.2461   0.1839
  2.7063   0.2459   0.1835
  2.7078   0.2458   0.1830
  2.7093   0.2457   0.1825
  2.7108   0.2457   0.1819
  2.7123   0.2456   0.1812
  2.7138   0.2456   0.1805
  2.7153   0.2456   0.1797
  2.7168   0.2456   0.1788
  2.7183   0.2456   0.1778
  2.7197   0.2457   0.1768
  2.7212   0.2457   0.1757
  2.7227   0.2458   0.1746
  2.7242   0.2459   0.1734
  2.7257   0.2461   0.1721
  2.7272   0.2462   0.1708
  2.7287   0.2464   0.1694
  2.7302   0.2466   0.1680
  2.7317   0.2468   0.1665
  2.7332   0.2471   0.1649
  2.7347   0.2473   0.1633
  2.7362   0.2476   0.1616
  2.7377   0.2479   0.1599
  2.7392   0.2482   0.1581
  2.7407   0.2486   0.1563
  2.7422   0.2489   0.1544
  2.7437   0.2493   0.1524
  2.7452   0.2497   0.1504
  2.7467   0.2501   0.1483
  2.7482   0.2506   0.1462
  2.7498   0.2511   0.1440
  2.7513   0.2515   0.1418
  2.7528   0.2520   0.1396
  2.7543   0.2526   0.1372
  2.7559   0.2531   0.1349
  2.7574   0.2537   0.1325
  2.7590   0.2543   0.1300
  2.7605   0.2549   0.1275
  2.7620   0.2555   0.1250
  2.7636   0.2562   0.1224
  2.7652   0.2568   0.1197
  2.7667   0.2575   0.1171
  2.7683   0.2582   0.1143
  2.7698   0.2589   0.1116
  2.7714   0.2597   0.1088
  2.7730   0.2605   0.1060
  2.7730   0.2605   0.1060
  2.7746   0.2612   0.1031
  2.7761   0.2620   0.1003
  2.7777   0.2628   0.0976
  2.7793   0.2635   0.0950
  2.7808   0.2643   0.0925
  2.7824   0.2650   0.0900
  2.7839   0.2657   0.0876
  2.7855   0.2664   0.0852
  2.7870   0.2671   0.0829
  2.7886   0.2678   0.0806
  2.7901   0.2685   0.0784
  2.7917   0.2692   0.0762
  2.7932   0.2699   0.0740
  2.7947   0.2705   0.0718
  2.7963   0.2712   0.0697
  2.7978   0.2718   0.0676
  2.7993   0.2725   0.0655
  2.8009   0.2731   0.0635
  2.8024   0.2737   0.0614
  2.8039   0.2743   0.0594
  2.8054   0.2749   0.0574
  2.8070   0.2755   0.0554
  2.8085   0.2760   0.0534
  2.8100   0.2766   0.0514
  2.8115   0.2772   0.0494
  2.8130   0.2777   0.0474
  2.8146   0.2782   0.0454
  2.8161   0.2788   0.0434
  2.8176   0.2793   0.0414
  2.8191   0.2798   0.0394
  2.8206   0.2803   0.0374
  2.8221   0.2807   0.0354
  2.8236   0.2812   0.0334
  2.8251   0.2817   0.0314
  2.8267   0.2821   0.0294
  2.8282   0.2826   0.0273
  2.8297   0.2830   0.0253
  2.8312   0.2834   0.0232
  2.8327   0.2838   0.0211
  2.8342   0.2842   0.0190
  2.8357   0.2846   0.0169
  2.8372   0.2850   0.0148
  2.8387   0.2854   0.0127
  2.8402   0.2857   0.0105
  2.8417   0.2861   0.0084
  2.8432   0.2864   0.0062
  2.8447   0.2867   0.0040
  2.8462   0.2870   0.0018
  2.8477   0.2873  -0.0004
  2.8493   0.2876  -0.0027
  2.8508   0.2879  -0.0050
  2.8523   0.2882  -0.0072
  2.8538   0.2884  -0.0095
  2.8553   0.2887  -0.0119
  2.8568   0.2889  -0.0142
  2.8583   0.2892  -0.0165
  2.8598   0.2894  -0.0189
  2.8613   0.2896  -0.0213
  2.8629   0.2898  -0.0237
  2.8644   0.2900  -0.0261
  2.8659   0.2902  -0.0286
  2.8674   0.2904  -0.0311
  2.8689   0.2905  -0.0335
  2.8704   0.2907  -0.0360
  2.8720   0.2908  -0.0385
  2.8735   0.2910  -0.0411
  2.8750   0.2911  -0.0436
  2.8765   0.2912  -0.0462
  2.8781   0.2913  -0.0488
  2.8796   0.2914  -0.0514
  2.8811   0.2915  -0.0540
  2.8827   0.2916  -0.0566
  2.8842   0.2916  -0.0593
  2.8857   0.2917  -0.0619
  2.8873   0.2917  -0.0646
  2.8888   0.2918  -0.0673
  2.8903   0.2918  -0.0700
  2.8919   0.2918  -0.0727
  2.8934   0.2919  -0.0755
  2.8949   0.2919  -0.0782
  2.8965   0.2918  -0.0810
  2.8980   0.2918  -0.0838
  2.8996   0.2918  -0.0865
  2.9011   0.2918  -0.0893
  2.9026   0.2917  -0.0922
  2.9042   0.2917  -0.0950
  2.9057   0.2916  -0.0978
  2.9073   0.2915  -0.1007
  2.9088   0.2915  -0.1035
  2.9104   0.2914  -0.1064
  2.9119   0.2913  -0.1092
  2.9135   0.2911  -0.1121
  2.9150   0.2910  -0.1150
  2.9166   0.2909  -0.1179
  2.9181   0.2908  -0.1208
  2.9197   0.2906  -0.1237
  2.9213   0.2904  -0.1266
  2.9228   0.2903  -0.1296
  2.9244   0.2901  -0.1325
  2.9259   0.2899  -0.1354
  2.9275   0.2897  -0.1383
  2.9290   0.2895  -0.1413
  2.9306   0.2893  -0.1442
  2.9321   0.2890  -0.1471
  2.9337   0.2888  -0.1500
  2.9353   0.2885  -0.1530
  2.9368   0.2883  -0.1559
  2.9384   0.2880  -0.1588
  2.9399   0.2877  -0.1617
  2.9415   0.2874  -0.1646
  2.9430   0.2871  -0.1675
  2.9446   0.2868  -0.1704
  2.9461   0.2865  -0.1733
  2.9477   0.2861  -0.1762
  2.9493   0.2858  -0.1790
  2.9508   0.2854  -0.1819
  2.9524   0.2850  -0.1848
  2.9539   0.2846  -0.1876
