  3.2844   3.8569  16.8852  17.4344
  3.7247   4.1055  18.5030  20.4508
  3.5291   4.1497  19.0548  20.6768
  2.7286   4.2978  19.6284  20.3541
  3.3700   4.0213  19.9197  20.0958
  3.4024   3.9193  19.6700  20.1155
  3.3587   3.8379  19.5131  20.0815
  3.2771   3.7670  19.3631  20.0439
  3.2419   3.6793  19.2145  20.0060
  3.4460   3.5297  19.0665  19.9683
  3.0836   3.5418  18.9200  19.9300
  3.0401   3.4641  18.7739  19.8922
  2.9968   3.3871  18.6284  19.8544
  2.9525   3.3110  18.4838  19.8166
  3.1736   3.1613  18.3394  19.7792
  2.8445   3.1662  18.1966  19.7412
  3.0441   3.0240  18.0537  19.7038
  2.7408   3.0226  17.9122  19.6659
  2.6872   2.9521  17.7711  19.6284
  2.8141   2.8319  17.6304  19.5911
  1.8726   3.0077  17.4920  19.5525
  2.0743   2.8662  17.3526  19.5154
  2.3470   2.7085  17.2137  19.4783
  2.4064   2.5960  17.0760  19.4411
  2.5218   2.4850  16.9389  19.4039
  2.4724   2.4209  16.8027  19.3666
  2.2453   2.4042  16.6674  19.3291
  2.2134   2.3348  16.5325  19.2919
  2.2928   2.2362  16.3982  19.2548
  2.2345   2.1746  16.2647  19.2176
  2.1790   2.1127  16.1318  19.1804
  2.0200   2.0782  15.9998  19.1431
  1.9673   2.0161  15.8683  19.1060
  1.9149   1.9544  15.7375  19.0688
  1.9450   1.8727  15.6073  19.0318
  1.8942   1.8133  15.4778  18.9948
  1.8397   1.7565  15.3491  18.9577
  1.7906   1.7000  15.2209  18.9206
  1.6584   1.6652  15.0936  18.8834
  1.6838   1.5906  14.9667  18.8465
  1.4063   1.5935  14.8408  18.8092
  0.9355   1.6432  14.7158  18.7716
  1.5066   1.4318  14.5903  18.7353
  1.4442   1.3823  14.4662  18.6982
  1.4285   1.3198  14.3427  18.6612
  1.3712   1.2683  14.2200  18.6241
  1.3179   1.2163  14.0980  18.5870
  1.2651   1.1646  13.9766  18.5499
  1.2305   1.1090  13.8559  18.5128
  1.1785   1.0580  13.7359  18.4756
  1.1296   1.0067  13.6165  18.4385
  1.0859   0.9547  13.4979  18.4013
  1.0367   0.9043  13.3799  18.3641
  0.9872   0.8545  13.2626  18.3268
  0.9363   0.8053  13.1460  18.2895
  0.8812   0.7575  13.0301  18.2522
  0.8173   0.7121  12.9148  18.2148
  0.7452   0.6689  12.8003  18.1774
  0.6698   0.6268  12.6864  18.1399
  0.5937   0.5852  12.5732  18.1024
  0.5178   0.5439  12.4608  18.0649
  0.4426   0.5028  12.3490  18.0273
  0.3683   0.4620  12.2379  17.9896
  0.2951   0.4214  12.1276  17.9519
  0.2242   0.3818  12.0179  17.9141
  0.2527   0.4069  11.9089  17.8765
  0.3586   0.4826  11.8005  17.8390
  0.3759   0.4996  11.6929  17.8012
  0.3902   0.5143  11.5860  17.7634
  0.2633   0.6553  11.4799  17.7254
  0.2851   0.6357  11.3744  17.6874
  0.3080   0.6153  11.2695  17.6493
  0.3248   0.6017  11.1654  17.6111
  0.3362   0.5937  11.0620  17.5729
  0.2974   0.6371  10.9593  17.5345
  0.3467   0.5907  10.8573  17.4961
  0.3530   0.5882  10.7560  17.4576
  0.3563   0.5887  10.6554  17.4191
  0.3596   0.5892  10.5555  17.3804
  0.3628   0.5897  10.4563  17.3417
  0.3660   0.5903  10.3578  17.3028
  0.3692   0.5909  10.2600  17.2639
  0.3724   0.5913  10.1629  17.2249
  0.3757   0.5917  10.0664  17.1858
  0.3961   0.5760   9.9706  17.1467
  0.3955   0.5801   9.8755  17.1074
  0.3997   0.5796   9.7810  17.0681
  0.4098   0.5738   9.6872  17.0287
  0.4211   0.5669   9.5940  16.9892
 -0.8536   1.7771   9.4971  16.9484
  0.4708   0.5161   9.4118  16.9101
  0.4954   0.5109   9.3207  16.8704
  0.5116   0.5005   9.2301  16.8306
  0.5305   0.4873   9.1401  16.7907
  0.5860   0.4336   9.0505  16.7508
  0.5921   0.4272   8.9617  16.7109
  0.5856   0.4020   8.8734  16.6708
  0.5189   0.3034   8.7852  16.6305
  0.4756   0.2739   8.6982  16.5905
  0.5427   0.3439   8.6126  16.5509
  0.4432   0.2349   8.5261  16.5106
  0.4367   0.2256   8.4411  16.4708
  0.4449   0.2334   8.3567  16.4312
  0.4620   0.2432   8.2729  16.3916
  0.4639   0.2559   8.1895  16.3521
  0.4777   0.2670   8.1065  16.3126
  0.4896   0.2785   8.0238  16.2733
  0.5017   0.2898   7.9414  16.2342
  0.5295   0.2989   7.8592  16.1952
 -1.0058   0.7637   7.7714  16.1537
  0.1926  -0.0564   7.6989  16.1201
  0.4353   0.2125   7.6224  16.0863
  0.2052  -0.0441   7.5443  16.0491
  0.2331  -0.0250   7.4653  16.0151
  0.2877   0.0447   7.3859  15.9815
  0.2710   0.0065   7.3061  15.9501
  0.3249   0.0832   7.2251  15.9220
  0.2167  -0.0411   7.1427  15.9015
  0.2103  -0.0457   7.0522  15.8934
  0.0000   0.0000   0.0000   0.0000
  1.4182  -1.0459  10.4903  12.6272
  1.5033  -1.0499  12.4020  14.4623
  1.4727  -0.9431  12.5524  14.8826
  1.4330  -0.8375  12.7654  14.9410
  1.3935  -0.7429  12.6488  15.0862
  1.3554  -0.6586  12.7038  15.1495
  1.3185  -0.5838  12.7239  15.2259
  1.2828  -0.5175  12.7612  15.2955
  1.2480  -0.4588  12.8071  15.3613
  1.2142  -0.4068  12.9408  15.3912
  1.1812  -0.3608  13.0536  15.4302
  1.1488  -0.3202  13.1211  15.4883
  1.1168  -0.2846  13.0282  15.6115
  1.0854  -0.2531  12.9735  15.7187
  1.0549  -0.2252  13.2321  15.7008
  1.0244  -0.2007  13.2580  15.7764
  0.9940  -0.1794  13.0829  15.9313
  0.9642  -0.1606  13.1148  16.0042
  0.9346  -0.1440  13.1486  16.0763
  0.9052  -0.1296  13.1755  16.1513
  0.8762  -0.1168  13.4272  16.1399
  0.8470  -0.1058  13.4383  16.2217
  0.8180  -0.0962  13.4509  16.3028
  0.7890  -0.0878  13.4650  16.3835
  0.7601  -0.0806  13.4803  16.4636
  0.7312  -0.0743  13.4968  16.5433
  0.7024  -0.0689  13.5143  16.6227
  0.6735  -0.0642  13.5327  16.7017
  0.6447  -0.0603  13.5518  16.7804
  0.6158  -0.0569  13.5717  16.8588
  0.5868  -0.0541  13.5921  16.9371
  0.5579  -0.0517  13.6130  17.0151
  0.5289  -0.0497  13.6343  17.0930
  0.4998  -0.0481  13.6559  17.1708
  0.4707  -0.0467  13.6777  17.2484
  0.4415  -0.0457  13.6997  17.3259
  0.4122  -0.0449  13.7217  17.4034
  0.3829  -0.0443  13.7438  17.4808
  0.3535  -0.0438  13.7658  17.5581
  0.3240  -0.0435  13.7876  17.6354
  0.2945  -0.0434  13.8093  17.7126
  0.2649  -0.0433  13.8307  17.7898
  0.2352  -0.0433  13.8519  17.8670
  0.2055  -0.0434  13.8727  17.9442
  0.1757  -0.0436  13.8932  18.0213
  0.1458  -0.0438  13.9132  18.0983
  0.1158  -0.0440  13.9328  18.1753
  0.0858  -0.0442  13.9518  18.2523
  0.0558  -0.0444  13.9704  18.3292
  0.0256  -0.0446  13.9883  18.4061
 -0.0045  -0.0447  14.0057  18.4828
 -0.0348  -0.0449  14.0224  18.5595
 -0.0651  -0.0449  14.0385  18.6361
 -0.0954  -0.0450  14.0539  18.7126
 -0.1258  -0.0449  14.0686  18.7889
 -0.1563  -0.0448  14.0826  18.8651
 -0.1868  -0.0445  14.0959  18.9412
 -0.2173  -0.0442  14.1083  19.0170
 -0.2479  -0.0437  14.1200  19.0927
 -0.2785  -0.0431  14.1308  19.1681
 -0.3092  -0.0424  14.1409  19.2433
 -0.3399  -0.0414  14.1501  19.3183
 -0.3706  -0.0403  14.1584  19.3929
 -0.4014  -0.0390  14.1659  19.4673
 -0.4322  -0.0375  14.1725  19.5413
 -0.4631  -0.0357  14.1782  19.6149
 -0.4940  -0.0337  14.1829  19.6882
 -0.5250  -0.0314  14.1868  19.7610
 -0.5560  -0.0287  14.1897  19.8335
 -0.5871  -0.0257  14.1917  19.9054
 -0.6182  -0.0223  14.1926  19.9769
 -0.6494  -0.0184  14.1927  20.0478
 -0.6807  -0.0141  14.1917  20.1182
 -0.7120  -0.0093  14.1897  20.1879
 -0.7434  -0.0039  14.1868  20.2571
 -0.7749   0.0021  14.1828  20.3256
 -0.8064   0.0088  14.1777  20.3933
 -0.8381   0.0162  14.1717  20.4604
 -0.8699   0.0245  14.1645  20.5267
 -0.9017   0.0337  14.1563  20.5921
 -0.9337   0.0439  14.1470  20.6567
 -0.9657   0.0552  14.1365  20.7204
 -0.9979   0.0677  14.1250  20.7832
 -1.0301   0.0816  14.1123  20.8449
 -1.0625   0.0970  14.0984  20.9056
 -1.0949   0.1140  14.0834  20.9652
 -1.1275   0.1328  14.0671  21.0236
 -1.1601   0.1536  14.0496  21.0808
 -1.1927   0.1765  14.0308  21.1366
 -1.2254   0.2020  14.0107  21.1910
 -1.2581   0.2300  13.9893  21.2439
 -1.2908   0.2611  13.9664  21.2952
 -1.3233   0.2954  13.9420  21.3446
 -1.3557   0.3334  13.9160  21.3921
 -1.3879   0.3753  13.8883  21.4374
 -1.4195   0.4217  13.8587  21.4802
 -1.4501   0.4729  13.8269  21.5199
 -1.4789   0.5294  13.7923  21.5557
 -1.5019   0.5911  13.7541  21.5862
 -0.1420   0.5614  13.6941  19.2631
 -0.1183   0.4583  13.5851  19.2482
 -0.0936   0.3705  13.5322  19.2377
 -0.0678   0.2958  13.4894  19.2282
 -0.0412   0.2323  13.4691  19.2208
 -0.0142   0.1784  13.4174  19.2110
  0.0131   0.1325  13.3506  19.1997
  0.0404   0.0935  13.2645  19.1865
  0.0676   0.0603  13.2206  19.1777
  0.0945   0.0322  13.1546  19.1666
  0.1210   0.0083  13.0861  19.1553
  0.1471  -0.0120  13.0380  19.1464
  0.1726  -0.0293  13.0050  19.1395
  0.1974  -0.0439  12.9713  19.1327
  0.2215  -0.0563  12.8880  19.1200
  0.2449  -0.0670  12.8005  19.1066
  0.2674  -0.0760  12.7709  19.1009
  0.2892  -0.0836  12.7019  19.0900
  0.3100  -0.0902  12.6360  19.0796
  0.3300  -0.0959  12.6277  19.0776
  0.3492  -0.1007  12.5695  19.0687
  0.3674  -0.1049  12.5334  19.0632
  0.3846  -0.1085  12.4269  19.0470
  0.4009  -0.1116  12.3554  19.0361
  0.4163  -0.1144  12.3436  19.0349
  0.4307  -0.1168  12.2398  19.0188
  0.4441  -0.1190  12.2007  19.0136
  0.4565  -0.1209  12.1786  19.0114
  0.4680  -0.1227  12.1375  19.0063
  0.4785  -0.1243  12.0719  18.9969
  0.4879  -0.1258  12.0308  18.9922
  0.4962  -0.1273  11.9447  18.9789
  0.5037  -0.1286  11.8833  18.9703
  0.5101  -0.1298  11.8206  18.9615
  0.5155  -0.1310  11.7209  18.9453
  0.5199  -0.1321  11.6793  18.9407
  0.5233  -0.1333  11.6204  18.9326
  0.5256  -0.1344  11.6119  18.9351
  0.5270  -0.1355  11.5660  18.9299
  0.5272  -0.1365  11.4376  18.9070
  0.5264  -0.1376  11.3933  18.9020
  0.5246  -0.1386  11.4064  18.9099
  0.5216  -0.1396  11.2597  18.8821
  0.5176  -0.1406  11.1995  18.8735
  0.5126  -0.1415  11.2266  18.8851
  0.5063  -0.1424  11.1292  18.8708
  0.4989  -0.1434  11.0403  18.8521
  0.4905  -0.1442  11.0828  18.8681
  0.4810  -0.1450  11.0183  18.8582
  0.4703  -0.1458  10.8454  18.8209
  0.4585  -0.1465  10.8727  18.8335
  0.4456  -0.1471  10.8559  18.8351
  0.4315  -0.1476  10.7973  18.8258
  0.4161  -0.1480  10.6073  18.7817
  0.3996  -0.1483  10.5470  18.7711
  0.3820  -0.1484  10.6247  18.7974
  0.3630  -0.1485  10.4249  18.7484
  0.3430  -0.1484  10.5109  18.7771
  0.3216  -0.1481  10.4500  18.7653
  0.2990  -0.1476  10.3920  18.7539
  0.2751  -0.1469  10.1699  18.6951
  0.2498  -0.1460  10.1034  18.6797
  0.2232  -0.1448  10.0367  18.6638
  0.1953  -0.1434   9.9701  18.6472
  0.1660  -0.1415   9.9038  18.6301
  0.1353  -0.1394   9.8373  18.6123
  0.1033  -0.1367   9.7703  18.5935
  0.0698  -0.1336   9.7025  18.5737
  0.0350  -0.1299   9.6335  18.5527
 -0.0014  -0.1256   9.5624  18.5301
 -0.0392  -0.1206   9.4907  18.5064
 -0.0785  -0.1148   9.4167  18.4809
 -0.1193  -0.1080   9.3412  18.4539
 -0.1616  -0.1001   9.2640  18.4252
 -0.2056  -0.0910   9.1848  18.3946
 -0.2511  -0.0804   9.1034  18.3620
 -0.2984  -0.0683   9.0197  18.3273
 -0.3473  -0.0545   8.9314  18.2896
 -0.3979  -0.0390   8.8436  18.2504
  0.0000   0.0000   0.0000   0.0000
  0.1403   0.8121  -0.8829  -3.8136
  0.1311   0.5795  -1.0801  -2.9134
  0.1155   0.4141  -1.2028  -2.2384
  0.0959   0.2965  -1.2706  -1.7309
  0.0736   0.2129  -1.2980  -1.3479
  0.0498   0.1533  -1.2959  -1.0576
  0.0252   0.1108  -1.2723  -0.8365
  0.0004   0.0803  -1.2333  -0.6672
 -0.0245   0.0584  -1.1832  -0.5367
 -0.0490   0.0426  -1.1254  -0.4356
 -0.0731   0.0310  -1.0624  -0.3567
 -0.0967   0.0225  -0.9960  -0.2947
 -0.1197   0.0161  -0.9276  -0.2456
 -0.1420   0.0113  -0.8583  -0.2062
 -0.1636   0.0076  -0.7887  -0.1744
 -0.1846   0.0046  -0.7194  -0.1484
 -0.2049   0.0021  -0.6509  -0.1267
 -0.2244   0.0001  -0.5835  -0.1086
 -0.2433  -0.0017  -0.5174  -0.0930
 -0.2615  -0.0032  -0.4527  -0.0796
 -0.2789  -0.0047  -0.3896  -0.0679
 -0.2957  -0.0060  -0.3282  -0.0574
 -0.3119  -0.0072  -0.2684  -0.0481
 -0.3273  -0.0084  -0.2103  -0.0396
 -0.3421  -0.0095  -0.1540  -0.0318
 -0.3562  -0.0106  -0.0994  -0.0246
 -0.3696  -0.0116  -0.0465  -0.0179
 -0.3824  -0.0126   0.0047  -0.0117
 -0.3946  -0.0136   0.0541  -0.0059
 -0.4060  -0.0146   0.1019  -0.0004
 -0.4169  -0.0155   0.1481   0.0047
 -0.4271  -0.0165   0.1926   0.0096
 -0.4366  -0.0174   0.2354   0.0142
 -0.4455  -0.0182   0.2767   0.0185
 -0.4538  -0.0191   0.3165   0.0226
 -0.4614  -0.0199   0.3547   0.0265
 -0.4684  -0.0207   0.3914   0.0302
 -0.4748  -0.0215   0.4265   0.0337
 -0.4805  -0.0223   0.4602   0.0369
 -0.4856  -0.0230   0.4925   0.0400
 -0.4900  -0.0237   0.5233   0.0429
 -0.4938  -0.0244   0.5527   0.0456
 -0.4969  -0.0251   0.5807   0.0481
 -0.4994  -0.0257   0.6074   0.0505
 -0.5012  -0.0263   0.6327   0.0527
 -0.5024  -0.0269   0.6566   0.0547
 -0.5030  -0.0274   0.6792   0.0566
 -0.5028  -0.0279   0.7005   0.0583
 -0.5021  -0.0283   0.7206   0.0599
 -0.5006  -0.0287   0.7393   0.0613
 -0.4985  -0.0291   0.7568   0.0626
 -0.4957  -0.0294   0.7730   0.0637
 -0.4922  -0.0297   0.7880   0.0647
 -0.4880  -0.0300   0.8018   0.0656
 -0.4831  -0.0302   0.8143   0.0663
 -0.4775  -0.0303   0.8257   0.0669
 -0.4712  -0.0304   0.8358   0.0673
 -0.4642  -0.0304   0.8447   0.0676
 -0.4565  -0.0304   0.8525   0.0678
 -0.4480  -0.0303   0.8591   0.0679
 -0.4388  -0.0302   0.8645   0.0679
 -0.4288  -0.0300   0.8687   0.0677
 -0.4180  -0.0297   0.8718   0.0675
 -0.4065  -0.0293   0.8738   0.0671
 -0.3942  -0.0289   0.8745   0.0666
 -0.3811  -0.0284   0.8742   0.0660
 -0.3672  -0.0279   0.8726   0.0653
 -0.3525  -0.0272   0.8699   0.0645
 -0.3369  -0.0265   0.8661   0.0636
 -0.3205  -0.0257   0.8611   0.0627
 -0.3032  -0.0247   0.8549   0.0616
 -0.2850  -0.0237   0.8476   0.0604
 -0.2660  -0.0226   0.8392   0.0592
 -0.2460  -0.0214   0.8295   0.0579
 -0.2251  -0.0201   0.8187   0.0565
 -0.2032  -0.0187   0.8067   0.0550
 -0.1804  -0.0172   0.7935   0.0535
 -0.1566  -0.0155   0.7791   0.0519
 -0.1318  -0.0138   0.7635   0.0503
 -0.1060  -0.0119   0.7467   0.0486
 -0.0792  -0.0099   0.7287   0.0468
 -0.0512  -0.0078   0.7094   0.0450
 -0.0222  -0.0055   0.6888   0.0432
  0.0079  -0.0031   0.6670   0.0413
  0.0391  -0.0006   0.6439   0.0394
  0.0715   0.0021   0.6195   0.0374
  0.1051   0.0049   0.5937   0.0355
  0.1399   0.0079   0.5667   0.0335
  0.1759   0.0110   0.5382   0.0316
  0.2132   0.0143   0.5083   0.0296
  0.2518   0.0177   0.4771   0.0277
  0.2916   0.0213   0.4443   0.0258
  0.3329   0.0251   0.4101   0.0239
  0.3755   0.0289   0.3745   0.0222
  0.4195   0.0330   0.3372   0.0205
  0.4650   0.0371   0.2985   0.0190
  0.5120   0.0414   0.2581   0.0176
  0.5604   0.0458   0.2161   0.0166
  0.6104   0.0502   0.1725   0.0158
  0.6620   0.0546   0.1272   0.0155
  0.7152   0.0590   0.0801   0.0158
  0.7700   0.0633   0.0314   0.0168
  0.8265   0.0674  -0.0192   0.0190
  0.8847   0.0710  -0.0715   0.0225
  0.9447   0.0740  -0.1256   0.0280
  1.0064   0.0761  -0.1814   0.0360
  1.0698   0.0769  -0.2391   0.0474
  1.1351   0.0757  -0.2984   0.0635
  1.2021   0.0720  -0.3593   0.0859
  1.2709   0.0646  -0.4217   0.1168
  1.3413   0.0522  -0.4853   0.1591
  1.4135   0.0329  -0.5498   0.2170
  1.4872   0.0040  -0.6147   0.2961
  1.5622  -0.0378  -0.6795   0.4037
  1.6385  -0.0974  -0.7430   0.5501
  1.7155  -0.1811  -0.8042   0.7491
  1.7929  -0.2978  -0.8613   1.0192
  0.0000   0.0000   0.0000   0.0000
-18.0543  18.7738   1.3478   0.0218
-18.3487  18.7936   1.3143   0.0021
-18.6455  18.8081   1.2810  -0.0077
-18.9448  18.8174   1.2480  -0.0134
-19.2464  18.8214   1.2155  -0.0174
-19.5503  18.8202   1.1833  -0.0205
-19.8565  18.8139   1.1515  -0.0234
-20.1648  18.8023   1.1201  -0.0260
-20.4752  18.7856   1.0890  -0.0286
-20.7878  18.7637   1.0581  -0.0311
-21.1023  18.7368   1.0275  -0.0336
-21.4187  18.7048   0.9972  -0.0360
-21.7370  18.6677   0.9670  -0.0383
-22.0572  18.6257   0.9370  -0.0407
-22.3790  18.5787   0.9072  -0.0430
-22.7025  18.5267   0.8774  -0.0452
-23.0276  18.4699   0.8478  -0.0474
-23.3542  18.4083   0.8183  -0.0496
-23.6823  18.3419   0.7888  -0.0518
-24.0117  18.2708   0.7593  -0.0539
-24.3424  18.1950   0.7299  -0.0561
-24.6743  18.1146   0.7004  -0.0581
-25.0073  18.0296   0.6709  -0.0602
-25.3414  17.9401   0.6413  -0.0622
-25.6765  17.8462   0.6117  -0.0643
-26.0124  17.7479   0.5819  -0.0662
-26.3491  17.6453   0.5521  -0.0682
-26.6866  17.5384   0.5221  -0.0701
-27.0246  17.4272   0.4919  -0.0720
-27.3632  17.3120   0.4615  -0.0739
-27.7023  17.1927   0.4309  -0.0757
-28.0417  17.0693   0.4001  -0.0775
-28.3814  16.9421   0.3690  -0.0793
-28.7213  16.8109   0.3376  -0.0810
-29.0612  16.6760   0.3060  -0.0826
-29.4011  16.5373   0.2740  -0.0842
-29.7409  16.3949   0.2417  -0.0857
-30.0804  16.2489   0.2090  -0.0871
-30.4195  16.0994   0.1760  -0.0884
-30.7582  15.9464   0.1425  -0.0896
-31.0966  15.7899   0.1087  -0.0907
-31.4356  15.6297   0.0744  -0.0916
-31.7796  15.4644   0.0397  -0.0924
-32.1686  15.2821   0.0044  -0.0932
-32.0937  15.3088  -0.0299  -0.0945
-31.6934  15.5100  -0.0636  -0.0966
-31.7009  15.5008  -0.0995  -0.0981
-31.7678  15.4573  -0.1366  -0.0993
-31.9294  15.3610  -0.1751  -0.1003
-32.2387  15.1837  -0.2151  -0.1009
-32.2810  15.1389  -0.2557  -0.1020
-31.2786  15.6303  -0.2959  -0.1048
-32.7250  14.8481  -0.3414  -0.1028
-32.8545  14.7317  -0.3868  -0.1025
-32.9552  14.5684  -0.4332  -0.1014
-32.0502  15.0812  -0.4805  -0.1039
-30.7877  15.3858  -0.5287  -0.1034
-32.7367  14.6151  -0.5799  -0.1022
-32.9429  14.3469  -0.6317  -0.1002
-32.9811  14.1741  -0.6850  -0.0984
-32.9649  14.0430  -0.7394  -0.0978
-32.9248  14.2269  -0.7960  -0.1002
-32.6320  14.3473  -0.8542  -0.0994
-32.9060  13.6319  -0.9090  -0.0901
-31.6102  14.3810  -0.9721  -0.0901
-31.5850  14.2662  -1.0320  -0.0872
-32.9555  13.4229  -1.0894  -0.0822
-30.8059  14.4057  -1.1572  -0.0826
-32.2627  13.9690  -1.2208  -0.0811
-32.9379  13.3198  -1.2797  -0.0699
-30.2179  14.3217  -1.3537  -0.0636
-32.7666  13.1257  -1.4129  -0.0514
-29.4771  14.3469  -1.4918  -0.0447
-32.9587  12.7701  -1.5484  -0.0299
-31.2717  12.9573  -1.6186  -0.0159
-32.9586  12.4906  -1.6903  -0.0059
-30.5698  13.3341  -1.7725   0.0081
-28.8519  13.9055  -1.8510   0.0260
-32.4435  11.4319  -1.8928   0.0494
  0.0000   0.0000   0.0000   0.0000
  5.6828  -5.3306 -11.5256  -1.5495
  5.4855  -3.6188 -10.7431  -1.1432
  5.2581  -2.3917 -10.0219  -0.8401
  5.0139  -1.5207  -9.3514  -0.6134
  4.7609  -0.9075  -8.7236  -0.4434
  4.5043  -0.4797  -8.1326  -0.3155
  4.2476  -0.1847  -7.5738  -0.2190
  3.9930   0.0153  -7.0439  -0.1460
  3.7421   0.1474  -6.5399  -0.0909
  3.4961   0.2309  -6.0596  -0.0492
  3.2555   0.2799  -5.6012  -0.0178
  3.0208   0.3043  -5.1632   0.0056
  2.7923   0.3114  -4.7441   0.0230
  2.5702   0.3063  -4.3428   0.0356
  2.3545   0.2928  -3.9584   0.0446
  2.1452   0.2736  -3.5899   0.0506
  1.9423   0.2507  -3.2364   0.0545
  1.7455   0.2255  -2.8971   0.0565
  1.5550   0.1989  -2.5715   0.0572
  1.3704   0.1718  -2.2587   0.0568
  1.1917   0.1446  -1.9583   0.0557
  1.0188   0.1178  -1.6695   0.0540
  0.8515   0.0916  -1.3920   0.0518
  0.6897   0.0663  -1.1251   0.0494
  0.5333   0.0418  -0.8684   0.0468
  0.3821   0.0185  -0.6215   0.0441
  0.2361  -0.0038  -0.3839   0.0415
  0.0950  -0.0250  -0.1551   0.0389
 -0.0412  -0.0449   0.0650   0.0365
 -0.1727  -0.0637   0.2770   0.0343
 -0.2994  -0.0813   0.4811   0.0324
 -0.4216  -0.0978   0.6777   0.0307
 -0.5394  -0.1131   0.8670   0.0293
 -0.6528  -0.1273   1.0493   0.0283
 -0.7619  -0.1403   1.2249   0.0276
 -0.8667  -0.1523   1.3940   0.0273
 -0.9675  -0.1631   1.5568   0.0273
 -1.0642  -0.1730   1.7135   0.0278
 -1.1568  -0.1818   1.8644   0.0286
 -1.2456  -0.1896   2.0095   0.0299
 -1.3304  -0.1964   2.1490   0.0316
 -1.4115  -0.2023   2.2830   0.0337
 -1.4887  -0.2073   2.4117   0.0362
 -1.5622  -0.2115   2.5352   0.0390
 -1.6320  -0.2147   2.6535   0.0423
 -1.6981  -0.2172   2.7668   0.0459
 -1.7606  -0.2189   2.8751   0.0499
 -1.8194  -0.2198   2.9784   0.0542
 -1.8747  -0.2200   3.0767   0.0588
 -1.9264  -0.2194   3.1702   0.0637
 -1.9745  -0.2183   3.2588   0.0689
 -2.0190  -0.2165   3.3425   0.0743
 -2.0600  -0.2141   3.4214   0.0798
 -2.0974  -0.2111   3.4953   0.0856
 -2.1313  -0.2076   3.5642   0.0914
 -2.1616  -0.2036   3.6282   0.0973
 -2.1884  -0.1991   3.6871   0.1033
 -2.2115  -0.1941   3.7410   0.1092
 -2.2311  -0.1888   3.7896   0.1151
 -2.2471  -0.1831   3.8331   0.1209
 -2.2594  -0.1770   3.8713   0.1265
 -2.2681  -0.1706   3.9040   0.1320
 -2.2730  -0.1639   3.9313   0.1372
 -2.2743  -0.1569   3.9529   0.1422
 -2.2718  -0.1497   3.9689   0.1469
 -2.2655  -0.1423   3.9791   0.1512
 -2.2554  -0.1347   3.9833   0.1550
 -2.2414  -0.1270   3.9815   0.1585
 -2.2235  -0.1191   3.9735   0.1615
 -2.2016  -0.1111   3.9593   0.1640
 -2.1757  -0.1031   3.9386   0.1659
 -2.1457  -0.0949   3.9113   0.1672
 -2.1116  -0.0867   3.8774   0.1680
 -2.0733  -0.0785   3.8366   0.1682
 -2.0308  -0.0703   3.7888   0.1677
 -1.9839  -0.0622   3.7338   0.1665
 -1.9326  -0.0540   3.6716   0.1647
 -1.8769  -0.0459   3.6019   0.1622
 -1.8166  -0.0378   3.5247   0.1589
 -1.7518  -0.0298   3.4396   0.1550
 -1.6822  -0.0219   3.3467   0.1503
 -1.6078  -0.0140   3.2456   0.1450
 -1.5286  -0.0063   3.1363   0.1388
 -1.4444   0.0013   3.0185   0.1320
 -1.3551   0.0089   2.8921   0.1244
 -1.2607   0.0163   2.7569   0.1160
 -1.1610   0.0235   2.6127   0.1069
 -1.0559   0.0307   2.4593   0.0971
 -0.9454   0.0377   2.2965   0.0865
 -0.8293   0.0446   2.1242   0.0750
 -0.7075   0.0514   1.9421   0.0628
 -0.5798   0.0580   1.7500   0.0498
 -0.4463   0.0645   1.5477   0.0359
 -0.3066   0.0709   1.3349   0.0212
 -0.1607   0.0772   1.1115   0.0055
 -0.0085   0.0833   0.8772  -0.0111
  0.1501   0.0892   0.6318  -0.0288
  0.3155   0.0951   0.3751  -0.0476
  0.4876   0.1008   0.1067  -0.0677
  0.6666   0.1065  -0.1735  -0.0892
  0.8527   0.1121  -0.4659  -0.1124
  1.0460   0.1177  -0.7705  -0.1374
  1.2468   0.1232  -1.0877  -0.1647
  1.4552   0.1289  -1.4177  -0.1948
  1.6713   0.1348  -1.7606  -0.2283
  1.8953   0.1411  -2.1166  -0.2663
  2.1274   0.1481  -2.4857  -0.3100
  2.3678   0.1559  -2.8680  -0.3613
  2.6167   0.1653  -3.2632  -0.4230
  2.8742   0.1767  -3.6709  -0.4987
  3.1404   0.1911  -4.0905  -0.5940
  3.4156   0.2099  -4.5206  -0.7165
  3.6999   0.2347  -4.9594  -0.8775
  3.9933   0.2682  -5.4042  -1.0932
  4.2961   0.3136  -5.8505  -1.3871
  4.6081   0.3758  -6.2920  -1.7934
  4.9295   0.4613  -6.7194  -2.3621
  5.2602   0.5791  -7.1191  -3.1664
  5.6000   0.7415  -7.4711  -4.3139
  0.0000   0.0000   0.0000   0.0000
  0.4039   0.2156  22.8835  32.8396
  0.4198   0.1718  22.7227  32.8426
  0.4352   0.1342  22.5487  32.8330
  0.4502   0.1019  22.3883  32.8378
  0.4649   0.0742  22.2490  32.8658
  0.4789   0.0505  22.0496  32.8321
  0.4926   0.0302  21.8737  32.8241
  0.5060   0.0128  21.7028  32.8224
  0.5190  -0.0020  21.5358  32.8263
  0.5317  -0.0146  21.3580  32.8198
  0.5442  -0.0253  21.1934  32.8295
  0.5563  -0.0344  21.0180  32.8288
  0.5682  -0.0421  20.8350  32.8213
  0.5798  -0.0485  20.6482  32.8110
  0.5913  -0.0539  20.4760  32.8190
  0.6023  -0.0584  20.2423  32.7611
  0.6137  -0.0620  20.1231  32.8312
  0.6245  -0.0650  19.9232  32.8121
  0.6353  -0.0674  19.7339  32.8075
  0.6460  -0.0693  19.5498  32.8109
  0.6564  -0.0707  19.3463  32.7925
  0.6669  -0.0717  19.1652  32.8034
  0.6773  -0.0724  18.9688  32.7972
  0.6875  -0.0728  18.7725  32.7929
  0.6978  -0.0730  18.5751  32.7890
  0.7079  -0.0729  18.3764  32.7851
  0.7181  -0.0726  18.1761  32.7810
  0.7282  -0.0722  17.9744  32.7766
  0.7383  -0.0716  17.7713  32.7721
  0.7484  -0.0709  17.5670  32.7675
  0.7585  -0.0700  17.3613  32.7626
  0.7685  -0.0691  17.1544  32.7576
  0.7786  -0.0681  16.9456  32.7513
  0.7888  -0.0670  16.7434  32.7555
  0.7989  -0.0658  16.5259  32.7399
  0.8090  -0.0646  16.3130  32.7316
  0.8192  -0.0633  16.1038  32.7297
  0.8294  -0.0620  15.8866  32.7174
  0.8396  -0.0606  15.6711  32.7084
  0.8500  -0.0593  15.4764  32.7299
  0.8602  -0.0579  15.2427  32.6963
  0.8705  -0.0565  15.0295  32.6924
  0.8809  -0.0551  14.8042  32.6717
  0.8913  -0.0537  14.5923  32.6705
  0.9018  -0.0523  14.3742  32.6604
  0.9122  -0.0509  14.1478  32.6382
  0.9227  -0.0496  13.9277  32.6249
  0.9332  -0.0483  13.7073  32.6110
  0.9438  -0.0470  13.4931  32.6056
  0.9544  -0.0458  13.2657  32.5802
  0.9649  -0.0447  13.0431  32.5609
  0.9756  -0.0436  12.8253  32.5478
  0.9862  -0.0426  12.6031  32.5270
  0.9969  -0.0418  12.3975  32.5293
  1.0078  -0.0412  12.2430  32.6088
  1.0181  -0.0404  11.9305  32.4477
  1.0291  -0.0402  11.8000  32.5581
  1.0396  -0.0399  11.5227  32.4444
  1.0501  -0.0399  11.2679  32.3658
  1.0607  -0.0402  11.0407  32.3260
  1.0713  -0.0409  10.8185  32.2904
  1.0819  -0.0419  10.5973  32.2534
  1.0925  -0.0434  10.3765  32.2139
  1.1030  -0.0454  10.1558  32.1711
  1.1134  -0.0480   9.9349  32.1245
  1.1239  -0.0512   9.7136  32.0733
  1.1342  -0.0553   9.4917  32.0171
  1.1446  -0.0603   9.2690  31.9557
  1.1549  -0.0663   9.0454  31.8887
  1.1651  -0.0737   8.8208  31.8158
  1.1753  -0.0825   8.5951  31.7368
  1.1855  -0.0930   8.3681  31.6514
  1.1957  -0.1054   8.1399  31.5595
  1.2058  -0.1202   7.9104  31.4608
  1.2160  -0.1377   7.6796  31.3554
  1.2262  -0.1584   7.4476  31.2432
  1.2365  -0.1827   7.2144  31.1243
  1.2469  -0.2112   6.9801  30.9988
  1.2574  -0.2447   6.7448  30.8668
  0.0000   0.0000   0.0000   0.0000
  0.5715   0.4792  -2.1726  -2.3491
  0.5481   0.3517  -2.1773  -1.7866
  0.5228   0.2599  -2.1570  -1.3671
  0.4964   0.1937  -2.1187  -1.0530
  0.4695   0.1458  -2.0676  -0.8169
  0.4424   0.1111  -2.0076  -0.6388
  0.4154   0.0858  -1.9416  -0.5038
  0.3887   0.0673  -1.8718  -0.4012
  0.3623   0.0537  -1.7997  -0.3227
  0.3365   0.0436  -1.7265  -0.2625
  0.3113   0.0359  -1.6531  -0.2159
  0.2866   0.0301  -1.5801  -0.1796
  0.2625   0.0256  -1.5080  -0.1511
  0.2391   0.0220  -1.4371  -0.1286
  0.2163   0.0191  -1.3676  -0.1105
  0.1941   0.0168  -1.2996  -0.0959
  0.1725   0.0148  -1.2334  -0.0839
  0.1516   0.0130  -1.1689  -0.0740
  0.1313   0.0115  -1.1061  -0.0656
  0.1115   0.0101  -1.0451  -0.0585
  0.0924   0.0089  -0.9859  -0.0523
  0.0739   0.0077  -0.9285  -0.0470
  0.0559   0.0066  -0.8728  -0.0422
  0.0386   0.0056  -0.8188  -0.0379
  0.0217   0.0047  -0.7665  -0.0341
  0.0055   0.0038  -0.7159  -0.0306
 -0.0102   0.0029  -0.6668  -0.0274
 -0.0253   0.0021  -0.6193  -0.0244
 -0.0399   0.0013  -0.5733  -0.0217
 -0.0540   0.0005  -0.5289  -0.0191
 -0.0675  -0.0002  -0.4858  -0.0167
 -0.0805  -0.0009  -0.4442  -0.0145
 -0.0929  -0.0016  -0.4039  -0.0124
 -0.1049  -0.0022  -0.3650  -0.0104
 -0.1164  -0.0028  -0.3273  -0.0085
 -0.1273  -0.0034  -0.2909  -0.0067
 -0.1377  -0.0039  -0.2558  -0.0051
 -0.1477  -0.0044  -0.2218  -0.0035
 -0.1571  -0.0049  -0.1890  -0.0020
 -0.1661  -0.0054  -0.1573  -0.0005
 -0.1746  -0.0059  -0.1268   0.0008
 -0.1825  -0.0063  -0.0972   0.0021
 -0.1900  -0.0067  -0.0688   0.0033
 -0.1970  -0.0071  -0.0413   0.0045
 -0.2036  -0.0074  -0.0149   0.0056
 -0.2096  -0.0078   0.0107   0.0066
 -0.2152  -0.0081   0.0352   0.0076
 -0.2203  -0.0083   0.0589   0.0086
 -0.2250  -0.0086   0.0817   0.0095
 -0.2291  -0.0088   0.1036   0.0103
 -0.2328  -0.0090   0.1246   0.0111
 -0.2360  -0.0092   0.1449   0.0118
 -0.2387  -0.0094   0.1643   0.0125
 -0.2410  -0.0095   0.1829   0.0132
 -0.2427  -0.0096   0.2008   0.0138
 -0.2440  -0.0097   0.2179   0.0144
 -0.2448  -0.0098   0.2343   0.0150
 -0.2452  -0.0099   0.2500   0.0155
 -0.2450  -0.0099   0.2650   0.0160
 -0.2444  -0.0099   0.2792   0.0164
 -0.2432  -0.0098   0.2928   0.0168
 -0.2416  -0.0098   0.3058   0.0172
 -0.2395  -0.0097   0.3181   0.0175
 -0.2369  -0.0096   0.3298   0.0179
 -0.2337  -0.0095   0.3408   0.0181
 -0.2301  -0.0093   0.3513   0.0184
 -0.2259  -0.0091   0.3611   0.0186
 -0.2213  -0.0089   0.3703   0.0188
 -0.2161  -0.0086   0.3790   0.0190
 -0.2103  -0.0084   0.3871   0.0191
 -0.2040  -0.0081   0.3946   0.0193
 -0.1972  -0.0077   0.4016   0.0194
 -0.1898  -0.0073   0.4080   0.0194
 -0.1819  -0.0069   0.4139   0.0195
 -0.1734  -0.0065   0.4192   0.0195
 -0.1643  -0.0060   0.4241   0.0195
 -0.1547  -0.0055   0.4284   0.0195
 -0.1444  -0.0049   0.4321   0.0194
 -0.1336  -0.0044   0.4354   0.0194
 -0.1221  -0.0037   0.4381   0.0193
 -0.1100  -0.0030   0.4404   0.0192
 -0.0973  -0.0023   0.4421   0.0191
 -0.0839  -0.0016   0.4434   0.0189
 -0.0699  -0.0008   0.4441   0.0188
 -0.0552   0.0001   0.4444   0.0186
 -0.0398   0.0010   0.4441   0.0184
 -0.0238   0.0019   0.4434   0.0182
 -0.0070   0.0029   0.4421   0.0180
  0.0105   0.0039   0.4404   0.0178
  0.0287   0.0050   0.4382   0.0176
  0.0477   0.0061   0.4354   0.0174
  0.0674   0.0073   0.4322   0.0171
  0.0879   0.0085   0.4285   0.0169
  0.1092   0.0097   0.4243   0.0167
  0.1313   0.0110   0.4195   0.0165
  0.1542   0.0123   0.4143   0.0164
  0.1780   0.0135   0.4085   0.0163
  0.2027   0.0148   0.4023   0.0162
  0.2282   0.0160   0.3955   0.0163
  0.2546   0.0172   0.3882   0.0165
  0.2819   0.0182   0.3804   0.0169
  0.3102   0.0190   0.3721   0.0176
  0.3394   0.0195   0.3632   0.0186
  0.3695   0.0196   0.3538   0.0200
  0.4007   0.0191   0.3439   0.0221
  0.4328   0.0177   0.3334   0.0251
  0.4660   0.0152   0.3225   0.0293
  0.5001   0.0112   0.3110   0.0351
  0.5353   0.0050   0.2991   0.0430
  0.5715  -0.0040   0.2868   0.0539
  0.6087  -0.0170   0.2740   0.0687
  0.6469  -0.0352   0.2609   0.0889
  0.6861  -0.0607   0.2477   0.1164
  0.7261  -0.0958   0.2343   0.1537
  0.7670  -0.1439   0.2211   0.2042
  0.8086  -0.2095   0.2082   0.2727
  0.8507  -0.2989   0.1961   0.3655
  0.8931  -0.4201   0.1852   0.4909
  0.9356  -0.5842   0.1761   0.6604
  0.0550  -0.0039  -0.0697  -0.0141
  0.0000   0.0000   0.0000   0.0000
-18.1620  25.0518   1.2315  -0.4917
-18.5294  24.9612   1.1920  -0.4232
-18.8978  24.8640   1.1539  -0.3657
-19.2673  24.7604   1.1171  -0.3174
-19.6379  24.6504   1.0814  -0.2768
-20.0093  24.5342   1.0467  -0.2427
-20.3817  24.4117   1.0130  -0.2143
-20.7548  24.2831   0.9801  -0.1905
-21.1287  24.1485   0.9480  -0.1707
-21.5032  24.0080   0.9166  -0.1543
-21.8782  23.8616   0.8859  -0.1408
-22.2537  23.7096   0.8557  -0.1297
-22.6296  23.5520   0.8261  -0.1206
-23.0058  23.3889   0.7969  -0.1133
-23.3821  23.2205   0.7681  -0.1075
-23.7585  23.0468   0.7398  -0.1029
-24.1349  22.8680   0.7117  -0.0994
-24.5111  22.6843   0.6840  -0.0968
-24.8871  22.4957   0.6566  -0.0949
-25.2627  22.3024   0.6293  -0.0936
-25.6378  22.1046   0.6022  -0.0929
-26.0122  21.9024   0.5753  -0.0925
-26.3860  21.6959   0.5485  -0.0926
-26.7587  21.4854   0.5218  -0.0929
-27.1304  21.2709   0.4951  -0.0935
-27.5009  21.0527   0.4684  -0.0943
-27.8698  20.8309   0.4416  -0.0953
-28.2369  20.6058   0.4148  -0.0963
-28.6020  20.3775   0.3879  -0.0974
-28.9647  20.1464   0.3609  -0.0986
-29.3244  19.9127   0.3337  -0.0998
-29.6805  19.6769   0.3063  -0.1010
-30.0321  19.4393   0.2787  -0.1022
-30.3780  19.2006   0.2508  -0.1034
-30.7163  18.9615   0.2227  -0.1044
-31.0443  18.7234   0.1943  -0.1054
-31.3581  18.4878   0.1656  -0.1063
-31.6520  18.2573   0.1366  -0.1071
-31.9197  18.0343   0.1073  -0.1078
-32.1630  17.8183   0.0777  -0.1084
-32.5168  17.5538   0.0467  -0.1087
-32.6817  17.3691   0.0165  -0.1092
-32.8233  17.1913  -0.0141  -0.1096
-32.8637  17.0530  -0.0447  -0.1100
-32.8911  16.9177  -0.0760  -0.1102
-32.9100  16.7836  -0.1081  -0.1103
-32.9244  16.6492  -0.1411  -0.1102
-32.9373  16.5130  -0.1750  -0.1100
-32.9449  16.3769  -0.2100  -0.1096
-32.9484  16.2393  -0.2460  -0.1091
-32.8667  16.1366  -0.2827  -0.1085
-32.8778  15.9864  -0.3211  -0.1077
-32.8883  15.8411  -0.3606  -0.1069
-32.9082  15.6910  -0.4013  -0.1062
-32.9551  15.5264  -0.4433  -0.1054
-32.9522  15.3799  -0.4864  -0.1046
-32.9601  15.2253  -0.5309  -0.1035
-32.9253  15.0854  -0.5766  -0.1024
-32.9551  14.9210  -0.6238  -0.1012
-32.9268  14.7685  -0.6723  -0.0997
-32.9365  14.6121  -0.7222  -0.0981
-32.9413  14.4480  -0.7735  -0.0962
-32.9515  14.2772  -0.8263  -0.0939
-32.9654  14.1048  -0.8805  -0.0912
-32.9572  13.9376  -0.9361  -0.0881
-32.9641  13.7599  -0.9932  -0.0844
-32.9535  13.5919  -1.0517  -0.0804
-32.9455  13.4180  -1.1116  -0.0756
-32.8694  13.2756  -1.1730  -0.0701
-32.9528  13.0517  -1.2359  -0.0630
-32.9832  12.8513  -1.3002  -0.0547
-32.9552  12.6712  -1.3660  -0.0450
-32.8096  12.5374  -1.4333  -0.0335
-32.9551  12.2783  -1.5017  -0.0198
-32.9533  12.0620  -1.5714  -0.0037
-32.9667  11.8664  -1.6430   0.0144
-32.8233  11.7134  -1.7156   0.0360
-32.8241  11.5007  -1.7894   0.0612
-32.9672  11.2224  -1.8642   0.0907
  0.0000   0.0000   0.0000   0.0000
  3.6696  -5.1998  -8.8753  -1.2249
  3.5655  -3.7821  -8.3421  -0.9268
  3.4333  -2.7119  -7.8444  -0.6975
  3.2840  -1.9124  -7.3766  -0.5207
  3.1247  -1.3200  -6.9345  -0.3840
  2.9597  -0.8841  -6.5149  -0.2780
  2.7923  -0.5656  -6.1152  -0.1956
  2.6244  -0.3348  -5.7333  -0.1314
  2.4575  -0.1692  -5.3677  -0.0812
  2.2926  -0.0521  -5.0171  -0.0421
  2.1304   0.0291  -4.6803  -0.0115
  1.9714   0.0835  -4.3566   0.0124
  1.8159   0.1183  -4.0450   0.0309
  1.6643   0.1386  -3.7449   0.0453
  1.5166   0.1483  -3.4558   0.0562
  1.3729   0.1503  -3.1770   0.0645
  1.2333   0.1468  -2.9082   0.0706
  1.0978   0.1394  -2.6489   0.0750
  0.9664   0.1292  -2.3986   0.0780
  0.8391   0.1172  -2.1570   0.0798
  0.7157   0.1041  -1.9238   0.0808
  0.5964   0.0904  -1.6985   0.0810
  0.4809   0.0764  -1.4810   0.0807
  0.3693   0.0624  -1.2708   0.0800
  0.2615   0.0487  -1.0678   0.0789
  0.1574   0.0353  -0.8716   0.0776
  0.0569   0.0225  -0.6821   0.0761
 -0.0400   0.0102  -0.4989   0.0745
 -0.1333  -0.0015  -0.3218   0.0729
 -0.2233  -0.0126  -0.1507   0.0713
 -0.3098  -0.0229   0.0147   0.0697
 -0.3930  -0.0326   0.1745   0.0683
 -0.4730  -0.0415   0.3289   0.0669
 -0.5497  -0.0498   0.4782   0.0658
 -0.6233  -0.0574   0.6224   0.0648
 -0.6938  -0.0643   0.7617   0.0639
 -0.7613  -0.0705   0.8962   0.0633
 -0.8257  -0.0761   1.0260   0.0630
 -0.8872  -0.0810   1.1514   0.0629
 -0.9458  -0.0853   1.2723   0.0630
 -1.0015  -0.0891   1.3889   0.0634
 -1.0543  -0.0922   1.5012   0.0640
 -1.1043  -0.0948   1.6094   0.0649
 -1.1516  -0.0968   1.7135   0.0661
 -1.1961  -0.0983   1.8135   0.0676
 -1.2378  -0.0993   1.9096   0.0693
 -1.2769  -0.0999   2.0017   0.0712
 -1.3133  -0.1000   2.0899   0.0735
 -1.3470  -0.0996   2.1743   0.0759
 -1.3780  -0.0989   2.2547   0.0786
 -1.4064  -0.0977   2.3314   0.0815
 -1.4322  -0.0962   2.4042   0.0847
 -1.4554  -0.0943   2.4732   0.0880
 -1.4759  -0.0921   2.5384   0.0915
 -1.4938  -0.0896   2.5997   0.0951
 -1.5091  -0.0869   2.6571   0.0988
 -1.5218  -0.0838   2.7106   0.1027
 -1.5319  -0.0805   2.7602   0.1067
 -1.5393  -0.0770   2.8058   0.1107
 -1.5441  -0.0733   2.8474   0.1147
 -1.5463  -0.0693   2.8849   0.1188
 -1.5458  -0.0653   2.9183   0.1228
 -1.5426  -0.0610   2.9475   0.1268
 -1.5367  -0.0566   2.9725   0.1307
 -1.5281  -0.0522   2.9932   0.1345
 -1.5168  -0.0476   3.0095   0.1382
 -1.5027  -0.0429   3.0214   0.1417
 -1.4858  -0.0381   3.0287   0.1450
 -1.4661  -0.0333   3.0314   0.1481
 -1.4435  -0.0285   3.0294   0.1510
 -1.4181  -0.0236   3.0226   0.1535
 -1.3897  -0.0187   3.0109   0.1558
 -1.3584  -0.0138   2.9942   0.1578
 -1.3242  -0.0088   2.9724   0.1594
 -1.2868  -0.0039   2.9455   0.1607
 -1.2465   0.0009   2.9132   0.1616
 -1.2029   0.0058   2.8756   0.1620
 -1.1563   0.0106   2.8324   0.1620
 -1.1064   0.0154   2.7837   0.1616
 -1.0533   0.0201   2.7291   0.1607
 -0.9968   0.0247   2.6688   0.1593
 -0.9370   0.0293   2.6024   0.1575
 -0.8738   0.0338   2.5300   0.1551
 -0.8071   0.0382   2.4513   0.1521
 -0.7368   0.0426   2.3663   0.1486
 -0.6630   0.0469   2.2749   0.1446
 -0.5855   0.0510   2.1768   0.1400
 -0.5042   0.0551   2.0720   0.1347
 -0.4192   0.0591   1.9603   0.1288
 -0.3303   0.0630   1.8416   0.1223
 -0.2375   0.0668   1.7158   0.1152
 -0.1407   0.0705   1.5826   0.1073
 -0.0398   0.0741   1.4421   0.0986
  0.0653   0.0776   1.2939   0.0892
  0.1746   0.0810   1.1381   0.0790
  0.2882   0.0843   0.9744   0.0678
  0.4061   0.0875   0.8027   0.0556
  0.5286   0.0905   0.6229   0.0424
  0.6556   0.0935   0.4348   0.0278
  0.7872   0.0965   0.2384   0.0118
  0.9236   0.0993   0.0334  -0.0058
  1.0648   0.1021  -0.1802  -0.0255
  1.2108   0.1050  -0.4025  -0.0477
  1.3619   0.1078  -0.6334  -0.0730
  1.5180   0.1109  -0.8732  -0.1022
  1.6794   0.1141  -1.1216  -0.1364
  1.8460   0.1178  -1.3785  -0.1772
  2.0179   0.1221  -1.6437  -0.2267
  2.1953   0.1272  -1.9167  -0.2878
  2.3783   0.1337  -2.1969  -0.3645
  2.5669   0.1420  -2.4832  -0.4624
  2.7612   0.1528  -2.7743  -0.5894
  2.9614   0.1672  -3.0680  -0.7564
  3.1675   0.1865  -3.3614  -0.9786
  3.3797   0.2126  -3.6503  -1.2773
  3.5981   0.2478  -3.9289  -1.6826
  3.8228   0.2956  -4.1889  -2.2365
  4.0541   0.3605  -4.4189  -2.9981
  0.0000   0.0000   0.0000   0.0000
  0.6411   0.2741  22.8669  32.0571
  0.6478   0.2229  22.7120  32.0501
  0.6544   0.1789  22.5551  32.0426
  0.6609   0.1410  22.3961  32.0346
  0.6672   0.1084  22.2349  32.0261
  0.6734   0.0804  22.0715  32.0172
  0.6795   0.0563  21.9058  32.0077
  0.6854   0.0357  21.7379  31.9979
  0.6913   0.0181  21.5676  31.9875
  0.6971   0.0030  21.3951  31.9767
  0.7028  -0.0098  21.2202  31.9653
  0.7085  -0.0207  21.0429  31.9535
  0.7141  -0.0300  20.8632  31.9412
  0.7197  -0.0378  20.6812  31.9284
  0.7253  -0.0443  20.4969  31.9151
  0.7308  -0.0498  20.3101  31.9013
  0.7364  -0.0544  20.1210  31.8870
  0.7419  -0.0581  19.9296  31.8721
  0.7475  -0.0611  19.7358  31.8567
  0.7530  -0.0635  19.5397  31.8407
  0.7586  -0.0654  19.3414  31.8242
  0.7643  -0.0668  19.1408  31.8071
  0.7700  -0.0678  18.9379  31.7894
  0.7757  -0.0685  18.7329  31.7712
  0.7815  -0.0689  18.5256  31.7523
  0.7873  -0.0690  18.3163  31.7327
  0.7932  -0.0688  18.1048  31.7126
  0.7991  -0.0685  17.8913  31.6918
  0.8052  -0.0680  17.6758  31.6703
  0.8112  -0.0674  17.4583  31.6481
  0.8174  -0.0666  17.2389  31.6253
  0.8236  -0.0657  17.0176  31.6017
  0.8299  -0.0647  16.7946  31.5774
  0.8362  -0.0636  16.5698  31.5524
  0.8426  -0.0625  16.3433  31.5267
  0.8491  -0.0613  16.1152  31.5003
  0.8556  -0.0600  15.8855  31.4730
  0.8622  -0.0587  15.6543  31.4451
  0.8689  -0.0574  15.4218  31.4164
  0.8756  -0.0560  15.1879  31.3871
  0.8823  -0.0546  14.9528  31.3570
  0.8891  -0.0532  14.7165  31.3261
  0.8959  -0.0518  14.4792  31.2947
  0.9027  -0.0504  14.2409  31.2625
  0.9096  -0.0491  14.0017  31.2297
  0.9165  -0.0477  13.7617  31.1962
  0.9234  -0.0464  13.5211  31.1622
  0.9302  -0.0451  13.2799  31.1276
  0.9371  -0.0438  13.0382  31.0923
  0.9440  -0.0426  12.7961  31.0565
  0.9509  -0.0415  12.5538  31.0202
  0.9577  -0.0405  12.3112  30.9832
  0.9645  -0.0396  12.0685  30.9455
  0.9713  -0.0388  11.8257  30.9072
  0.9780  -0.0381  11.5828  30.8680
  0.9847  -0.0376  11.3400  30.8281
  0.9913  -0.0372  11.0973  30.7871
  0.9978  -0.0371  10.8547  30.7451
  1.0042  -0.0372  10.6122  30.7018
  1.0105  -0.0376  10.3699  30.6572
  1.0168  -0.0384  10.1277  30.6110
  1.0229  -0.0395   9.8857  30.5632
  1.0289  -0.0410   9.6439  30.5135
  1.0348  -0.0431   9.4023  30.4617
  1.0405  -0.0457   9.1609  30.4078
  1.0462  -0.0490   8.9197  30.3516
  1.0516  -0.0531   8.6787  30.2929
  1.0570  -0.0581   8.4380  30.2316
  1.0622  -0.0642   8.1976  30.1675
  1.0672  -0.0714   7.9574  30.1005
  1.0721  -0.0800   7.7176  30.0305
  1.0769  -0.0903   7.4781  29.9574
  1.0815  -0.1023   7.2389  29.8810
  1.0860  -0.1166   7.0000  29.8012
  1.0905  -0.1333   6.7615  29.7178
  1.0948  -0.1530   6.5234  29.6309
  1.0990  -0.1759   6.2855  29.5402
  1.1032  -0.2028   6.0480  29.4455
  1.1074  -0.2342   5.8108  29.3469
  0.0000   0.0000   0.0000   0.0000
  0.0664   0.4499  -1.6023  -2.0939
  0.0700   0.3272  -1.6165  -1.5766
  0.0717   0.2388  -1.6120  -1.1956
  0.0721   0.1752  -1.5942  -0.9139
  0.0715   0.1294  -1.5668  -0.7048
  0.0703   0.0964  -1.5328  -0.5492
  0.0685   0.0726  -1.4943  -0.4328
  0.0665   0.0553  -1.4529  -0.3454
  0.0643   0.0428  -1.4096  -0.2795
  0.0619   0.0337  -1.3654  -0.2295
  0.0595   0.0270  -1.3208  -0.1913
  0.0570   0.0221  -1.2763  -0.1620
  0.0545   0.0184  -1.2322  -0.1392
  0.0520   0.0156  -1.1887  -0.1213
  0.0495   0.0135  -1.1460  -0.1071
  0.0470   0.0118  -1.1042  -0.0957
  0.0446   0.0105  -1.0633  -0.0864
  0.0422   0.0094  -1.0235  -0.0787
  0.0398   0.0085  -0.9847  -0.0722
  0.0375   0.0078  -0.9468  -0.0667
  0.0352   0.0071  -0.9101  -0.0619
  0.0330   0.0066  -0.8743  -0.0577
  0.0308   0.0061  -0.8395  -0.0539
  0.0287   0.0056  -0.8058  -0.0506
  0.0266   0.0052  -0.7730  -0.0475
  0.0246   0.0048  -0.7411  -0.0447
  0.0227   0.0044  -0.7101  -0.0420
  0.0208   0.0040  -0.6801  -0.0396
  0.0190   0.0037  -0.6509  -0.0373
  0.0173   0.0034  -0.6225  -0.0352
  0.0156   0.0031  -0.5949  -0.0332
  0.0140   0.0028  -0.5682  -0.0313
  0.0124   0.0025  -0.5422  -0.0294
  0.0109   0.0022  -0.5169  -0.0277
  0.0095   0.0020  -0.4923  -0.0261
  0.0082   0.0017  -0.4685  -0.0245
  0.0070   0.0015  -0.4453  -0.0230
  0.0058   0.0013  -0.4227  -0.0216
  0.0047   0.0010  -0.4008  -0.0202
  0.0036   0.0008  -0.3795  -0.0189
  0.0027   0.0006  -0.3587  -0.0177
  0.0018   0.0004  -0.3386  -0.0165
  0.0011   0.0003  -0.3189  -0.0154
  0.0004   0.0001  -0.2998  -0.0143
 -0.0002  -0.0001  -0.2812  -0.0132
 -0.0007  -0.0002  -0.2630  -0.0122
 -0.0012  -0.0004  -0.2453  -0.0113
 -0.0015  -0.0005  -0.2281  -0.0103
 -0.0017  -0.0006  -0.2113  -0.0094
 -0.0019  -0.0008  -0.1949  -0.0086
 -0.0019  -0.0009  -0.1789  -0.0077
 -0.0019  -0.0010  -0.1632  -0.0069
 -0.0017  -0.0011  -0.1480  -0.0062
 -0.0015  -0.0012  -0.1331  -0.0054
 -0.0011  -0.0012  -0.1185  -0.0047
 -0.0007  -0.0013  -0.1042  -0.0040
 -0.0001  -0.0014  -0.0902  -0.0034
  0.0006  -0.0015  -0.0765  -0.0027
  0.0014  -0.0015  -0.0631  -0.0021
  0.0023  -0.0016  -0.0499  -0.0015
  0.0033  -0.0016  -0.0369  -0.0009
  0.0045  -0.0016  -0.0242  -0.0004
  0.0057  -0.0016  -0.0117   0.0002
  0.0071  -0.0017   0.0006   0.0007
  0.0086  -0.0017   0.0127   0.0012
  0.0103  -0.0017   0.0246   0.0017
  0.0121  -0.0017   0.0364   0.0022
  0.0140  -0.0017   0.0480   0.0026
  0.0160  -0.0017   0.0595   0.0031
  0.0182  -0.0016   0.0709   0.0035
  0.0205  -0.0016   0.0822   0.0039
  0.0230  -0.0016   0.0934   0.0043
  0.0256  -0.0015   0.1045   0.0047
  0.0284  -0.0015   0.1155   0.0051
  0.0313  -0.0014   0.1265   0.0055
  0.0344  -0.0013   0.1374   0.0059
  0.0377  -0.0012   0.1483   0.0062
  0.0411  -0.0012   0.1592   0.0066
  0.0447  -0.0011   0.1701   0.0069
  0.0484  -0.0010   0.1810   0.0073
  0.0523  -0.0009   0.1919   0.0076
  0.0565  -0.0008   0.2028   0.0079
  0.0608  -0.0006   0.2138   0.0082
  0.0652  -0.0005   0.2248   0.0085
  0.0699  -0.0004   0.2360   0.0088
  0.0748  -0.0002   0.2472   0.0091
  0.0799  -0.0001   0.2585   0.0093
  0.0852   0.0001   0.2699   0.0096
  0.0907   0.0002   0.2814   0.0099
  0.0964   0.0004   0.2931   0.0101
  0.1023   0.0006   0.3050   0.0104
  0.1085   0.0007   0.3170   0.0107
  0.1149   0.0009   0.3292   0.0109
  0.1215   0.0010   0.3416   0.0112
  0.1284   0.0012   0.3543   0.0115
  0.1356   0.0013   0.3672   0.0119
  0.1430   0.0014   0.3803   0.0122
  0.1506   0.0014   0.3937   0.0127
  0.1585   0.0014   0.4074   0.0132
  0.1667   0.0012   0.4214   0.0139
  0.1752   0.0009   0.4357   0.0148
  0.1840   0.0004   0.4504   0.0159
  0.1930  -0.0003   0.4654   0.0173
  0.2024  -0.0014   0.4809   0.0192
  0.2120  -0.0030   0.4968   0.0218
  0.2220  -0.0052   0.5131   0.0252
  0.2322  -0.0084   0.5300   0.0299
  0.2428  -0.0127   0.5474   0.0361
  0.2536  -0.0187   0.5654   0.0446
  0.2648  -0.0268   0.5840   0.0561
  0.2762  -0.0379   0.6034   0.0717
  0.2879  -0.0530   0.6237   0.0929
  0.2998  -0.0734   0.6449   0.1216
  0.3119  -0.1010   0.6673   0.1605
  0.3241  -0.1382   0.6910   0.2133
  0.3364  -0.1884   0.7164   0.2850
  0.3486  -0.2559   0.7439   0.3820
  0.3606  -0.3466   0.7738   0.5135
  0.0000   0.0000   0.0000   0.0000
-16.2518  25.6888   1.2375  -0.3706
-16.6524  25.5918   1.1976  -0.3189
-17.0539  25.4882   1.1590  -0.2755
-17.4564  25.3780   1.1215  -0.2392
-17.8598  25.2613   1.0852  -0.2089
-18.2640  25.1382   1.0498  -0.1836
-18.6690  25.0087   1.0153  -0.1625
-19.0746  24.8730   0.9816  -0.1451
-19.4809  24.7311   0.9487  -0.1307
-19.8876  24.5831   0.9164  -0.1189
-20.2948  24.4291   0.8848  -0.1093
-20.7023  24.2692   0.8537  -0.1016
-21.1101  24.1036   0.8232  -0.0954
-21.5180  23.9322   0.7931  -0.0906
-21.9260  23.7553   0.7635  -0.0869
-22.3340  23.5729   0.7343  -0.0841
-22.7418  23.3852   0.7055  -0.0822
-23.1493  23.1922   0.6770  -0.0809
-23.5565  22.9943   0.6487  -0.0802
-23.9632  22.7913   0.6208  -0.0799
-24.3693  22.5836   0.5930  -0.0801
-24.7747  22.3713   0.5655  -0.0806
-25.1793  22.1544   0.5381  -0.0813
-25.5830  21.9333   0.5108  -0.0823
-25.9855  21.7079   0.4836  -0.0834
-26.3868  21.4785   0.4565  -0.0847
-26.7867  21.2453   0.4294  -0.0861
-27.1851  21.0085   0.4023  -0.0876
-27.5816  20.7682   0.3751  -0.0891
-27.9761  20.5247   0.3479  -0.0907
-28.3682  20.2781   0.3206  -0.0922
-28.7576  20.0288   0.2931  -0.0938
-29.1438  19.7771   0.2655  -0.0954
-29.5261  19.5234   0.2376  -0.0969
-29.9036  19.2680   0.2096  -0.0983
-30.2750  19.0117   0.1813  -0.0997
-30.6383  18.7553   0.1527  -0.1010
-30.9909  18.5001   0.1238  -0.1022
-31.3280  18.2480   0.0947  -0.1032
-31.6432  18.0018   0.0653  -0.1041
-31.9281  17.7648   0.0356  -0.1049
-32.1817  17.5374   0.0057  -0.1055
-32.4669  17.2948  -0.0250  -0.1060
-32.7612  17.0498  -0.0563  -0.1064
-32.7364  16.9333  -0.0859  -0.1069
-32.7783  16.7879  -0.1167  -0.1072
-32.8165  16.6421  -0.1482  -0.1075
-32.9510  16.4551  -0.1812  -0.1075
-32.9503  16.3208  -0.2142  -0.1075
-32.9523  16.1834  -0.2483  -0.1073
-32.8958  16.0684  -0.2831  -0.1070
-32.8947  15.9227  -0.3194  -0.1064
-32.9067  15.7781  -0.3568  -0.1059
-32.9210  15.6239  -0.3954  -0.1053
-32.9213  15.4780  -0.4350  -0.1047
-32.9238  15.3286  -0.4759  -0.1041
-32.9277  15.1765  -0.5181  -0.1035
-32.8961  15.0353  -0.5614  -0.1029
-33.1033  14.8022  -0.6069  -0.1021
-32.9384  14.7090  -0.6525  -0.1010
-33.1822  14.4541  -0.7008  -0.0995
-32.9484  14.3854  -0.7492  -0.0976
-32.9456  14.2195  -0.7996  -0.0952
-32.9535  14.0500  -0.8515  -0.0926
-32.9564  13.8789  -0.9048  -0.0897
-32.9508  13.7137  -0.9595  -0.0865
-32.9484  13.5391  -1.0156  -0.0826
-33.0036  13.3416  -1.0733  -0.0782
-32.9565  13.1867  -1.1323  -0.0728
-32.9574  13.0028  -1.1928  -0.0662
-32.9590  12.8197  -1.2547  -0.0585
-32.9599  12.6319  -1.3181  -0.0492
-32.9604  12.4405  -1.3830  -0.0382
-32.9617  12.2375  -1.4491  -0.0251
-32.9696  12.0454  -1.5169  -0.0100
-32.9637  11.8464  -1.5858   0.0079
-32.9630  11.6345  -1.6559   0.0292
-33.0133  11.4154  -1.7276   0.0536
-32.9660  11.2231  -1.8004   0.0827
  0.0000   0.0000   0.0000   0.0000
  3.1548  -5.1159  -8.0516  -0.9207
  3.0515  -3.7513  -7.5805  -0.6971
  2.9277  -2.7183  -7.1385  -0.5247
  2.7921  -1.9442  -6.7215  -0.3915
  2.6498  -1.3682  -6.3261  -0.2883
  2.5043  -0.9419  -5.9500  -0.2081
  2.3576  -0.6282  -5.5911  -0.1458
  2.2115  -0.3988  -5.2478  -0.0972
  2.0668  -0.2324  -4.9188  -0.0593
  1.9243  -0.1130  -4.6031  -0.0297
  1.7845  -0.0287  -4.2998  -0.0067
  1.6478   0.0295  -4.0082   0.0112
  1.5143   0.0684  -3.7274   0.0249
  1.3843   0.0929  -3.4571   0.0354
  1.2577   0.1069  -3.1966   0.0434
  1.1347   0.1132  -2.9456   0.0492
  1.0153   0.1138  -2.7035   0.0534
  0.8995   0.1104  -2.4700   0.0563
  0.7872   0.1042  -2.2447   0.0582
  0.6784   0.0960  -2.0273   0.0591
  0.5731   0.0866  -1.8175   0.0595
  0.4712   0.0763  -1.6149   0.0593
  0.3727   0.0656  -1.4193   0.0587
  0.2775   0.0548  -1.2304   0.0578
  0.1856   0.0441  -1.0480   0.0567
  0.0969   0.0336  -0.8718   0.0555
  0.0113   0.0233  -0.7015   0.0542
 -0.0711   0.0135  -0.5370   0.0528
 -0.1505   0.0042  -0.3781   0.0515
 -0.2270  -0.0047  -0.2246   0.0503
 -0.3005  -0.0130  -0.0763   0.0491
 -0.3711  -0.0208   0.0671   0.0481
 -0.4389  -0.0280   0.2055   0.0472
 -0.5040  -0.0347   0.3393   0.0465
 -0.5662  -0.0409   0.4685   0.0460
 -0.6258  -0.0465   0.5933   0.0457
 -0.6828  -0.0516   0.7138   0.0456
 -0.7371  -0.0562   0.8301   0.0457
 -0.7889  -0.0603   0.9423   0.0460
 -0.8381  -0.0639   1.0505   0.0466
 -0.8849  -0.0670   1.1548   0.0474
 -0.9291  -0.0696   1.2554   0.0485
 -0.9709  -0.0718   1.3522   0.0498
 -1.0103  -0.0736   1.4453   0.0514
 -1.0473  -0.0750   1.5348   0.0531
 -1.0820  -0.0760   1.6208   0.0551
 -1.1143  -0.0766   1.7033   0.0574
 -1.1442  -0.0769   1.7822   0.0598
 -1.1718  -0.0768   1.8578   0.0625
 -1.1972  -0.0764   1.9299   0.0654
 -1.2202  -0.0757   1.9987   0.0684
 -1.2409  -0.0746   2.0640   0.0716
 -1.2594  -0.0734   2.1260   0.0750
 -1.2756  -0.0718   2.1846   0.0785
 -1.2896  -0.0701   2.2398   0.0822
 -1.3012  -0.0680   2.2916   0.0860
 -1.3106  -0.0658   2.3400   0.0898
 -1.3177  -0.0634   2.3850   0.0937
 -1.3226  -0.0608   2.4265   0.0977
 -1.3252  -0.0581   2.4646   0.1017
 -1.3254  -0.0552   2.4991   0.1057
 -1.3234  -0.0521   2.5300   0.1098
 -1.3191  -0.0490   2.5574   0.1137
 -1.3124  -0.0457   2.5811   0.1177
 -1.3034  -0.0423   2.6010   0.1215
 -1.2920  -0.0388   2.6173   0.1252
 -1.2782  -0.0353   2.6297   0.1288
 -1.2620  -0.0317   2.6382   0.1323
 -1.2434  -0.0280   2.6427   0.1356
 -1.2223  -0.0243   2.6433   0.1387
 -1.1987  -0.0205   2.6397   0.1415
 -1.1726  -0.0168   2.6320   0.1442
 -1.1439  -0.0130   2.6201   0.1465
 -1.1127  -0.0092   2.6038   0.1486
 -1.0788  -0.0054   2.5831   0.1504
 -1.0423  -0.0016   2.5579   0.1519
 -1.0031   0.0022   2.5281   0.1530
 -0.9611   0.0060   2.4936   0.1537
 -0.9163   0.0098   2.4544   0.1541
 -0.8687   0.0135   2.4103   0.1541
 -0.8183   0.0172   2.3612   0.1537
 -0.7649   0.0208   2.3071   0.1528
 -0.7085   0.0245   2.2478   0.1515
 -0.6491   0.0280   2.1832   0.1497
 -0.5865   0.0316   2.1132   0.1475
 -0.5209   0.0350   2.0378   0.1447
 -0.4520   0.0385   1.9567   0.1414
 -0.3799   0.0418   1.8699   0.1376
 -0.3044   0.0452   1.7773   0.1332
 -0.2256   0.0484   1.6788   0.1282
 -0.1433   0.0516   1.5742   0.1227
 -0.0574   0.0548   1.4634   0.1164
  0.0320   0.0578   1.3463   0.1095
  0.1251   0.0609   1.2228   0.1019
  0.2219   0.0638   1.0927   0.0935
  0.3226   0.0667   0.9560   0.0843
  0.4271   0.0696   0.8124   0.0742
  0.5356   0.0724   0.6620   0.0630
  0.6482   0.0752   0.5045   0.0507
  0.7649   0.0780   0.3399   0.0370
  0.8858   0.0808   0.1681   0.0217
  1.0110   0.0837  -0.0111   0.0046
  1.1406   0.0867  -0.1977  -0.0150
  1.2747   0.0899  -0.3917  -0.0374
  1.4133   0.0935  -0.5931  -0.0635
  1.5566   0.0975  -0.8019  -0.0945
  1.7046   0.1023  -1.0179  -0.1317
  1.8574   0.1080  -1.2409  -0.1773
  2.0151   0.1151  -1.4705  -0.2340
  2.1777   0.1241  -1.7061  -0.3058
  2.3455   0.1358  -1.9468  -0.3981
  2.5183   0.1511  -2.1912  -0.5185
  2.6964   0.1713  -2.4374  -0.6776
  2.8797   0.1982  -2.6828  -0.8901
  3.0682   0.2341  -2.9236  -1.1767
  3.2622   0.2823  -3.1542  -1.5662
  3.4615   0.3470  -3.3672  -2.0993
  3.6662   0.4339  -3.5521  -2.8327
  0.0000   0.0000   0.0000   0.0000
  0.6122   0.3010  22.5009  32.0524
  0.6207   0.2462  22.3607  32.0460
  0.6290   0.1990  22.2181  32.0391
  0.6369   0.1583  22.0730  32.0320
  0.6447   0.1233  21.9255  32.0245
  0.6522   0.0931  21.7753  32.0167
  0.6595   0.0672  21.6226  32.0085
  0.6666   0.0449  21.4673  32.0000
  0.6736   0.0258  21.3094  31.9912
  0.6804   0.0095  21.1489  31.9821
  0.6870  -0.0045  20.9858  31.9727
  0.6935  -0.0164  20.8200  31.9629
  0.6999  -0.0265  20.6516  31.9528
  0.7062  -0.0351  20.4806  31.9424
  0.7124  -0.0424  20.3070  31.9317
  0.7185  -0.0485  20.1308  31.9206
  0.7246  -0.0536  19.9520  31.9092
  0.7306  -0.0578  19.7707  31.8975
  0.7365  -0.0612  19.5869  31.8854
  0.7425  -0.0640  19.4006  31.8730
  0.7484  -0.0663  19.2119  31.8603
  0.7543  -0.0680  19.0208  31.8472
  0.7602  -0.0693  18.8273  31.8337
  0.7661  -0.0702  18.6314  31.8199
  0.7720  -0.0708  18.4333  31.8057
  0.7780  -0.0711  18.2330  31.7912
  0.7839  -0.0712  18.0305  31.7763
  0.7899  -0.0710  17.8258  31.7610
  0.7960  -0.0707  17.6191  31.7454
  0.8020  -0.0701  17.4103  31.7293
  0.8081  -0.0695  17.1996  31.7129
  0.8142  -0.0687  16.9870  31.6960
  0.8204  -0.0678  16.7725  31.6787
  0.8266  -0.0669  16.5564  31.6611
  0.8329  -0.0658  16.3384  31.6429
  0.8392  -0.0647  16.1188  31.6244
  0.8455  -0.0635  15.8977  31.6054
  0.8519  -0.0623  15.6751  31.5859
  0.8583  -0.0610  15.4511  31.5660
  0.8648  -0.0597  15.2257  31.5456
  0.8712  -0.0584  14.9990  31.5246
  0.8778  -0.0571  14.7712  31.5032
  0.8843  -0.0557  14.5422  31.4812
  0.8908  -0.0544  14.3122  31.4587
  0.8974  -0.0531  14.0813  31.4356
  0.9040  -0.0517  13.8494  31.4118
  0.9105  -0.0505  13.6168  31.3874
  0.9171  -0.0492  13.3834  31.3623
  0.9237  -0.0480  13.1494  31.3364
  0.9303  -0.0468  12.9147  31.3097
  0.9368  -0.0458  12.6795  31.2822
  0.9433  -0.0447  12.4439  31.2537
  0.9498  -0.0438  12.2079  31.2242
  0.9563  -0.0430  11.9716  31.1936
  0.9627  -0.0423  11.7350  31.1618
  0.9690  -0.0418  11.4982  31.1288
  0.9753  -0.0414  11.2612  31.0944
  0.9815  -0.0413  11.0242  31.0586
  0.9877  -0.0413  10.7872  31.0212
  0.9938  -0.0417  10.5502  30.9823
  0.9997  -0.0423  10.3134  30.9416
  1.0056  -0.0433  10.0767  30.8991
  1.0114  -0.0447   9.8403  30.8547
  1.0171  -0.0466   9.6042  30.8083
  1.0227  -0.0490   9.3685  30.7598
  1.0281  -0.0521   9.1332  30.7091
  1.0335  -0.0560   8.8983  30.6562
  1.0387  -0.0607   8.6640  30.6007
  1.0438  -0.0664   8.4302  30.5428
  1.0488  -0.0732   8.1970  30.4821
  1.0537  -0.0814   7.9644  30.4186
  1.0584  -0.0912   7.7324  30.3522
  1.0630  -0.1028   7.5011  30.2826
  1.0676  -0.1165   7.2704  30.2098
  1.0721  -0.1327   7.0403  30.1337
  1.0764  -0.1517   6.8109  30.0539
  1.0808  -0.1740   6.5821  29.9705
  1.0851  -0.2001   6.3538  29.8831
  1.0895  -0.2307   6.1262  29.7918
  0.0000   0.0000   0.0000   0.0000
  0.2586   0.4434  -1.8412  -2.1532
  0.2527   0.3238  -1.8473  -1.6239
  0.2451   0.2377  -1.8338  -1.2330
  0.2364   0.1756  -1.8062  -0.9433
  0.2269   0.1309  -1.7688  -0.7278
  0.2170   0.0985  -1.7244  -0.5668
  0.2069   0.0751  -1.6755  -0.4461
  0.1966   0.0581  -1.6236  -0.3552
  0.1864   0.0457  -1.5700  -0.2864
  0.1762   0.0366  -1.5156  -0.2341
  0.1662   0.0298  -1.4609  -0.1941
  0.1563   0.0247  -1.4066  -0.1631
  0.1467   0.0209  -1.3529  -0.1391
  0.1372   0.0179  -1.3001  -0.1201
  0.1279   0.0156  -1.2484  -0.1051
  0.1189   0.0137  -1.1977  -0.0930
  0.1100   0.0122  -1.1483  -0.0831
  0.1014   0.0109  -1.1002  -0.0749
  0.0930   0.0098  -1.0533  -0.0680
  0.0848   0.0088  -1.0078  -0.0621
  0.0769   0.0080  -0.9635  -0.0570
  0.0692   0.0072  -0.9205  -0.0526
  0.0616   0.0065  -0.8787  -0.0486
  0.0544   0.0058  -0.8381  -0.0451
  0.0473   0.0052  -0.7988  -0.0419
  0.0404   0.0046  -0.7606  -0.0389
  0.0338   0.0041  -0.7236  -0.0362
  0.0273   0.0036  -0.6876  -0.0337
  0.0211   0.0031  -0.6528  -0.0314
  0.0151   0.0026  -0.6189  -0.0292
  0.0093   0.0021  -0.5861  -0.0271
  0.0037   0.0017  -0.5543  -0.0252
 -0.0017   0.0013  -0.5235  -0.0233
 -0.0069   0.0009  -0.4935  -0.0216
 -0.0119   0.0005  -0.4645  -0.0199
 -0.0166   0.0001  -0.4364  -0.0184
 -0.0212  -0.0002  -0.4090  -0.0169
 -0.0255  -0.0006  -0.3825  -0.0155
 -0.0297  -0.0009  -0.3568  -0.0141
 -0.0336  -0.0012  -0.3319  -0.0129
 -0.0374  -0.0015  -0.3077  -0.0116
 -0.0409  -0.0017  -0.2842  -0.0105
 -0.0443  -0.0020  -0.2614  -0.0094
 -0.0474  -0.0023  -0.2393  -0.0083
 -0.0503  -0.0025  -0.2178  -0.0073
 -0.0530  -0.0027  -0.1970  -0.0063
 -0.0555  -0.0029  -0.1767  -0.0054
 -0.0578  -0.0031  -0.1571  -0.0045
 -0.0599  -0.0033  -0.1380  -0.0036
 -0.0618  -0.0034  -0.1195  -0.0028
 -0.0635  -0.0036  -0.1014  -0.0021
 -0.0650  -0.0037  -0.0839  -0.0013
 -0.0662  -0.0039  -0.0669  -0.0006
 -0.0673  -0.0040  -0.0504   0.0001
 -0.0681  -0.0041  -0.0343   0.0007
 -0.0687  -0.0042  -0.0187   0.0014
 -0.0691  -0.0042  -0.0035   0.0020
 -0.0693  -0.0043   0.0113   0.0026
 -0.0693  -0.0044   0.0257   0.0031
 -0.0690  -0.0044   0.0398   0.0036
 -0.0685  -0.0044   0.0534   0.0042
 -0.0678  -0.0044   0.0668   0.0046
 -0.0669  -0.0045   0.0798   0.0051
 -0.0657  -0.0044   0.0924   0.0056
 -0.0643  -0.0044   0.1048   0.0060
 -0.0627  -0.0044   0.1169   0.0064
 -0.0608  -0.0043   0.1286   0.0068
 -0.0587  -0.0043   0.1402   0.0072
 -0.0563  -0.0042   0.1514   0.0076
 -0.0537  -0.0041   0.1625   0.0079
 -0.0508  -0.0040   0.1733   0.0083
 -0.0477  -0.0039   0.1838   0.0086
 -0.0443  -0.0038   0.1942   0.0089
 -0.0407  -0.0036   0.2044   0.0092
 -0.0368  -0.0035   0.2144   0.0095
 -0.0326  -0.0033   0.2242   0.0097
 -0.0282  -0.0031   0.2339   0.0100
 -0.0234  -0.0029   0.2434   0.0103
 -0.0184  -0.0027   0.2528   0.0105
 -0.0131  -0.0025   0.2620   0.0107
 -0.0075  -0.0023   0.2712   0.0109
 -0.0016  -0.0020   0.2802   0.0111
  0.0046  -0.0018   0.2892   0.0113
  0.0111  -0.0015   0.2980   0.0115
  0.0180  -0.0012   0.3068   0.0117
  0.0251  -0.0009   0.3156   0.0119
  0.0326  -0.0005   0.3242   0.0120
  0.0404  -0.0002   0.3329   0.0122
  0.0486   0.0002   0.3415   0.0123
  0.0571   0.0006   0.3501   0.0125
  0.0660   0.0009   0.3587   0.0126
  0.0752   0.0013   0.3673   0.0128
  0.0848   0.0017   0.3759   0.0129
  0.0948   0.0021   0.3846   0.0131
  0.1052   0.0025   0.3932   0.0133
  0.1160   0.0029   0.4020   0.0135
  0.1272   0.0032   0.4108   0.0138
  0.1387   0.0035   0.4197   0.0141
  0.1508   0.0038   0.4287   0.0145
  0.1632   0.0039   0.4378   0.0150
  0.1761   0.0039   0.4470   0.0157
  0.1894   0.0037   0.4563   0.0166
  0.2031   0.0032   0.4658   0.0179
  0.2174   0.0024   0.4755   0.0196
  0.2321   0.0011   0.4854   0.0219
  0.2472  -0.0010   0.4955   0.0250
  0.2629  -0.0040   0.5058   0.0292
  0.2790  -0.0082   0.5165   0.0349
  0.2956  -0.0142   0.5275   0.0427
  0.3126  -0.0225   0.5388   0.0534
  0.3302  -0.0340   0.5506   0.0678
  0.3481  -0.0497   0.5630   0.0874
  0.3665  -0.0711   0.5760   0.1140
  0.3852  -0.1002   0.5899   0.1502
  0.4042  -0.1398   0.6048   0.1993
  0.4234  -0.1932   0.6209   0.2659
  0.4427  -0.2653   0.6387   0.3563
  0.4619  -0.3625   0.6586   0.4789
  0.4808  -0.4931   0.6811   0.6448
  0.0534  -0.0041  -0.0681  -0.0139
  0.0000   0.0000   0.0000   0.0000
-17.0196  25.7532   1.2178  -0.4816
-17.4101  25.6492   1.1764  -0.4140
-17.8014  25.5386   1.1367  -0.3574
-18.1937  25.4215   1.0985  -0.3098
-18.5868  25.2980   1.0615  -0.2698
-18.9806  25.1682   1.0257  -0.2363
-19.3751  25.0321   0.9910  -0.2082
-19.7702  24.8899   0.9573  -0.1847
-20.1659  24.7417   0.9245  -0.1652
-20.5620  24.5874   0.8925  -0.1490
-20.9585  24.4273   0.8613  -0.1356
-21.3553  24.2615   0.8307  -0.1247
-21.7523  24.0900   0.8007  -0.1158
-22.1494  23.9129   0.7713  -0.1086
-22.5465  23.7305   0.7424  -0.1029
-22.9436  23.5427   0.7140  -0.0984
-23.3405  23.3498   0.6859  -0.0950
-23.7371  23.1518   0.6582  -0.0924
-24.1334  22.9489   0.6309  -0.0906
-24.5292  22.7413   0.6038  -0.0895
-24.9245  22.5290   0.5770  -0.0888
-25.3192  22.3123   0.5503  -0.0886
-25.7130  22.0912   0.5238  -0.0888
-26.1061  21.8659   0.4974  -0.0892
-26.4981  21.6365   0.4711  -0.0899
-26.8891  21.4033   0.4449  -0.0908
-27.2789  21.1663   0.4186  -0.0919
-27.6674  20.9258   0.3923  -0.0931
-28.0544  20.6819   0.3659  -0.0943
-28.4398  20.4347   0.3394  -0.0957
-28.8234  20.1845   0.3127  -0.0971
-29.2050  19.9315   0.2858  -0.0984
-29.5845  19.6757   0.2587  -0.0998
-29.9614  19.4176   0.2313  -0.1012
-30.3357  19.1571   0.2035  -0.1025
-30.7073  18.8945   0.1754  -0.1038
-31.0772  18.6295   0.1468  -0.1049
-31.4510  18.3596   0.1176  -0.1059
-31.8728  18.0664   0.0875  -0.1065
-32.8384  17.5363   0.0517  -0.1060
-31.2551  17.7680   0.0300  -0.1053
-31.8219  17.5026   0.0000  -0.1061
-32.4265  17.2050  -0.0307  -0.1072
-32.4655  17.0317  -0.0603  -0.1076
-32.4821  16.8502  -0.0906  -0.1077
-32.5608  16.6798  -0.1214  -0.1079
-32.6962  16.5335  -0.1525  -0.1081
-32.8147  16.3940  -0.1843  -0.1079
-32.6306  16.0997  -0.2199  -0.1064
-32.5728  16.0362  -0.2528  -0.1063
-32.8879  16.0771  -0.2836  -0.1078
-32.8653  15.6946  -0.3224  -0.1065
-32.8956  15.5469  -0.3590  -0.1062
-32.9229  15.6226  -0.3939  -0.1070
-32.8064  15.5181  -0.4327  -0.1061
-32.7837  14.8306  -0.4792  -0.1024
-32.9515  14.9157  -0.5184  -0.1027
-32.9454  14.8557  -0.5603  -0.1026
-32.8776  14.8735  -0.6030  -0.1028
-32.8398  14.7294  -0.6487  -0.1012
-32.8599  13.9703  -0.7005  -0.0965
-32.9544  14.3390  -0.7456  -0.0975
-32.7999  14.2595  -0.7954  -0.0959
-32.9464  13.5554  -0.8498  -0.0904
-32.9632  13.8069  -0.9011  -0.0894
-32.9023  13.6449  -0.9559  -0.0859
-32.8661  13.4888  -1.0122  -0.0819
-32.9187  13.3255  -1.0702  -0.0772
-32.8913  12.4742  -1.1309  -0.0675
-32.7557  13.0718  -1.1916  -0.0652
-32.8979  11.9510  -1.2538  -0.0513
-32.8841  12.2412  -1.3177  -0.0446
-32.8747  12.2186  -1.3827  -0.0348
-32.8838  12.1621  -1.4492  -0.0223
-32.9545  11.9227  -1.5171  -0.0057
-32.8944  10.7923  -1.5837   0.0192
-32.7577  11.6354  -1.6591   0.0337
-32.9687  11.3054  -1.7298   0.0603
-32.9027  11.1287  -1.8039   0.0915
  0.0000   0.0000   0.0000   0.0000
  3.2234  -5.1557  -8.1391  -0.9474
  3.1189  -3.7777  -7.6620  -0.7182
  2.9933  -2.7344  -7.2146  -0.5413
  2.8554  -1.9526  -6.7927  -0.4045
  2.7106  -1.3711  -6.3928  -0.2984
  2.5624  -0.9411  -6.0124  -0.2160
  2.4131  -0.6249  -5.6494  -0.1518
  2.2643  -0.3938  -5.3023  -0.1017
  2.1169  -0.2264  -4.9697  -0.0625
  1.9718  -0.1065  -4.6505  -0.0320
  1.8294  -0.0220  -4.3439  -0.0082
  1.6901   0.0362  -4.0490   0.0103
  1.5541   0.0749  -3.7652   0.0246
  1.4216   0.0992  -3.4919   0.0355
  1.2926   0.1128  -3.2285   0.0438
  1.1672   0.1187  -2.9747   0.0500
  1.0455   0.1189  -2.7299   0.0544
  0.9274   0.1151  -2.4939   0.0575
  0.8129   0.1085  -2.2661   0.0595
  0.7019   0.0999  -2.0463   0.0606
  0.5945   0.0900  -1.8341   0.0610
  0.4906   0.0794  -1.6292   0.0609
  0.3901   0.0683  -1.4314   0.0603
  0.2930   0.0572  -1.2404   0.0595
  0.1992   0.0461  -1.0559   0.0584
  0.1087   0.0352  -0.8777   0.0572
  0.0214   0.0247  -0.7055   0.0559
 -0.0628   0.0145  -0.5391   0.0546
 -0.1438   0.0049  -0.3784   0.0533
 -0.2219  -0.0042  -0.2231   0.0520
 -0.2969  -0.0128  -0.0730   0.0508
 -0.3690  -0.0208   0.0720   0.0498
 -0.4383  -0.0283   0.2120   0.0488
 -0.5047  -0.0352   0.3474   0.0481
 -0.5683  -0.0416   0.4781   0.0475
 -0.6292  -0.0474   0.6044   0.0472
 -0.6873  -0.0526   0.7263   0.0470
 -0.7429  -0.0574   0.8440   0.0471
 -0.7958  -0.0616   0.9576   0.0474
 -0.8461  -0.0653   1.0671   0.0479
 -0.8938  -0.0685   1.1728   0.0487
 -0.9391  -0.0712   1.2746   0.0498
 -0.9819  -0.0735   1.3726   0.0510
 -1.0221  -0.0754   1.4669   0.0525
 -1.0600  -0.0768   1.5575   0.0543
 -1.0954  -0.0778   1.6446   0.0563
 -1.1285  -0.0785   1.7281   0.0585
 -1.1592  -0.0787   1.8081   0.0609
 -1.1875  -0.0787   1.8847   0.0636
 -1.2134  -0.0782   1.9577   0.0664
 -1.2370  -0.0775   2.0274   0.0694
 -1.2583  -0.0765   2.0936   0.0727
 -1.2773  -0.0752   2.1564   0.0760
 -1.2940  -0.0736   2.2158   0.0796
 -1.3083  -0.0717   2.2718   0.0832
 -1.3204  -0.0697   2.3243   0.0870
 -1.3301  -0.0674   2.3734   0.0909
 -1.3375  -0.0649   2.4190   0.0948
 -1.3426  -0.0623   2.4611   0.0988
 -1.3454  -0.0594   2.4996   0.1029
 -1.3459  -0.0564   2.5346   0.1069
 -1.3440  -0.0533   2.5660   0.1110
 -1.3397  -0.0500   2.5938   0.1150
 -1.3331  -0.0466   2.6178   0.1189
 -1.3241  -0.0431   2.6381   0.1228
 -1.3126  -0.0396   2.6545   0.1265
 -1.2988  -0.0359   2.6671   0.1302
 -1.2825  -0.0322   2.6757   0.1337
 -1.2637  -0.0284   2.6803   0.1370
 -1.2424  -0.0246   2.6809   0.1401
 -1.2185  -0.0208   2.6772   0.1430
 -1.1921  -0.0169   2.6694   0.1456
 -1.1631  -0.0130   2.6572   0.1480
 -1.1315  -0.0091   2.6407   0.1501
 -1.0972  -0.0052   2.6196   0.1519
 -1.0602  -0.0012   2.5940   0.1534
 -1.0204   0.0026   2.5637   0.1545
 -0.9779   0.0065   2.5287   0.1552
 -0.9325   0.0104   2.4888   0.1556
 -0.8842   0.0142   2.4440   0.1555
 -0.8330   0.0180   2.3941   0.1551
 -0.7789   0.0217   2.3390   0.1542
 -0.7217   0.0254   2.2788   0.1528
 -0.6614   0.0291   2.2131   0.1510
 -0.5980   0.0327   2.1420   0.1487
 -0.5313   0.0363   2.0653   0.1458
 -0.4615   0.0398   1.9828   0.1425
 -0.3883   0.0432   1.8946   0.1386
 -0.3117   0.0466   1.8005   0.1341
 -0.2317   0.0499   1.7003   0.1290
 -0.1481   0.0532   1.5939   0.1234
 -0.0610   0.0564   1.4813   0.1170
  0.0298   0.0595   1.3622   0.1100
  0.1243   0.0626   1.2366   0.1023
  0.2226   0.0656   1.1043   0.0937
  0.3247   0.0685   0.9653   0.0843
  0.4308   0.0714   0.8193   0.0740
  0.5410   0.0743   0.6664   0.0627
  0.6552   0.0771   0.5062   0.0501
  0.7737   0.0799   0.3388   0.0362
  0.8964   0.0827   0.1641   0.0207
  1.0235   0.0856  -0.0181   0.0033
  1.1550   0.0887  -0.2078  -0.0165
  1.2910   0.0919  -0.4050  -0.0393
  1.4317   0.0954  -0.6098  -0.0658
  1.5771   0.0995  -0.8221  -0.0971
  1.7272   0.1042  -1.0417  -0.1348
  1.8823   0.1098  -1.2684  -0.1809
  2.0423   0.1169  -1.5018  -0.2383
  2.2073   0.1258  -1.7413  -0.3109
  2.3774   0.1374  -1.9858  -0.4041
  2.5527   0.1525  -2.2342  -0.5256
  2.7332   0.1725  -2.4844  -0.6860
  2.9191   0.1990  -2.7338  -0.9001
  3.1102   0.2346  -2.9783  -1.1886
  3.3068   0.2822  -3.2126  -1.5806
  3.5088   0.3462  -3.4290  -2.1166
  3.7163   0.4321  -3.6167  -2.8537
  0.0000   0.0000   0.0000   0.0000
  0.6105   0.2985  22.5982  32.0789
  0.6194   0.2441  22.4587  32.0726
  0.6281   0.1972  22.3166  32.0659
  0.6364   0.1568  22.1720  32.0589
  0.6445   0.1220  22.0249  32.0515
  0.6524   0.0920  21.8752  32.0439
  0.6600   0.0663  21.7229  32.0359
  0.6674   0.0442  21.5679  32.0276
  0.6746   0.0252  21.4102  32.0190
  0.6817   0.0089  21.2499  32.0101
  0.6886  -0.0050  21.0869  32.0009
  0.6953  -0.0168  20.9212  31.9913
  0.7019  -0.0269  20.7529  31.9815
  0.7084  -0.0354  20.5818  31.9713
  0.7148  -0.0427  20.4081  31.9608
  0.7211  -0.0487  20.2318  31.9500
  0.7273  -0.0538  20.0528  31.9389
  0.7335  -0.0580  19.8713  31.9274
  0.7396  -0.0614  19.6872  31.9156
  0.7457  -0.0642  19.5005  31.9035
  0.7518  -0.0664  19.3114  31.8910
  0.7578  -0.0681  19.1198  31.8782
  0.7639  -0.0694  18.9257  31.8650
  0.7699  -0.0703  18.7293  31.8515
  0.7759  -0.0709  18.5305  31.8376
  0.7820  -0.0712  18.3295  31.8234
  0.7880  -0.0713  18.1262  31.8088
  0.7941  -0.0711  17.9207  31.7938
  0.8002  -0.0707  17.7131  31.7785
  0.8064  -0.0702  17.5034  31.7627
  0.8126  -0.0696  17.2917  31.7466
  0.8188  -0.0688  17.0780  31.7300
  0.8250  -0.0679  16.8625  31.7131
  0.8313  -0.0669  16.6450  31.6957
  0.8376  -0.0658  16.4259  31.6778
  0.8439  -0.0647  16.2051  31.6596
  0.8503  -0.0635  15.9826  31.6409
  0.8567  -0.0623  15.7586  31.6217
  0.8632  -0.0610  15.5331  31.6021
  0.8697  -0.0597  15.3063  31.5820
  0.8762  -0.0584  15.0781  31.5614
  0.8827  -0.0571  14.8487  31.5403
  0.8893  -0.0557  14.6181  31.5186
  0.8958  -0.0544  14.3865  31.4964
  0.9024  -0.0530  14.1538  31.4737
  0.9090  -0.0517  13.9202  31.4503
  0.9155  -0.0504  13.6858  31.4263
  0.9221  -0.0492  13.4506  31.4017
  0.9287  -0.0479  13.2148  31.3763
  0.9352  -0.0468  12.9783  31.3501
  0.9417  -0.0457  12.7413  31.3232
  0.9482  -0.0447  12.5038  31.2953
  0.9546  -0.0437  12.2659  31.2665
  0.9610  -0.0429  12.0277  31.2367
  0.9674  -0.0422  11.7892  31.2057
  0.9737  -0.0417  11.5505  31.1736
  0.9799  -0.0413  11.3116  31.1401
  0.9861  -0.0411  11.0727  31.1052
  0.9921  -0.0412  10.8338  31.0689
  0.9981  -0.0415  10.5948  31.0309
  1.0040  -0.0422  10.3560  30.9913
  1.0098  -0.0432  10.1174  30.9499
  1.0155  -0.0446   9.8790  30.9067
  1.0211  -0.0465   9.6409  30.8614
  1.0265  -0.0489   9.4032  30.8141
  1.0319  -0.0520   9.1658  30.7646
  1.0371  -0.0558   8.9290  30.7128
  1.0421  -0.0605   8.6926  30.6586
  1.0471  -0.0662   8.4568  30.6019
  1.0519  -0.0731   8.2216  30.5425
  1.0566  -0.0813   7.9869  30.4803
  1.0611  -0.0911   7.7529  30.4152
  1.0656  -0.1027   7.5196  30.3470
  1.0699  -0.1164   7.2869  30.2755
  1.0742  -0.1325   7.0548  30.2007
  1.0784  -0.1515   6.8234  30.1223
  1.0825  -0.1738   6.5926  30.0402
  1.0866  -0.1999   6.3624  29.9542
  1.0907  -0.2305   6.1327  29.8642
  0.0000   0.0000   0.0000   0.0000
  0.2463   0.4429  -1.8484  -2.1373
  0.2409   0.3236  -1.8534  -1.6119
  0.2339   0.2376  -1.8392  -1.2240
  0.2256   0.1756  -1.8110  -0.9365
  0.2166   0.1308  -1.7732  -0.7227
  0.2072   0.0985  -1.7285  -0.5630
  0.1975   0.0751  -1.6794  -0.4432
  0.1877   0.0581  -1.6274  -0.3531
  0.1779   0.0457  -1.5737  -0.2849
  0.1681   0.0366  -1.5192  -0.2330
  0.1585   0.0298  -1.4646  -0.1933
  0.1490   0.0247  -1.4103  -0.1626
  0.1397   0.0209  -1.3566  -0.1387
  0.1306   0.0179  -1.3038  -0.1199
  0.1217   0.0156  -1.2521  -0.1050
  0.1130   0.0137  -1.2015  -0.0929
  0.1045   0.0122  -1.1522  -0.0831
  0.0962   0.0109  -1.1041  -0.0749
  0.0881   0.0098  -1.0573  -0.0681
  0.0803   0.0089  -1.0118  -0.0622
  0.0726   0.0080  -0.9676  -0.0572
  0.0652   0.0073  -0.9246  -0.0527
  0.0579   0.0066  -0.8829  -0.0488
  0.0509   0.0059  -0.8424  -0.0453
  0.0441   0.0053  -0.8031  -0.0421
  0.0375   0.0047  -0.7650  -0.0391
  0.0311   0.0042  -0.7280  -0.0364
  0.0249   0.0037  -0.6921  -0.0339
  0.0189   0.0032  -0.6573  -0.0315
  0.0131   0.0027  -0.6235  -0.0294
  0.0075   0.0022  -0.5908  -0.0273
  0.0022   0.0018  -0.5590  -0.0254
 -0.0030   0.0014  -0.5282  -0.0235
 -0.0080   0.0010  -0.4983  -0.0218
 -0.0128   0.0006  -0.4693  -0.0201
 -0.0173   0.0003  -0.4412  -0.0186
 -0.0217  -0.0001  -0.4139  -0.0171
 -0.0259  -0.0004  -0.3874  -0.0157
 -0.0299  -0.0007  -0.3618  -0.0143
 -0.0336  -0.0010  -0.3369  -0.0131
 -0.0372  -0.0013  -0.3127  -0.0118
 -0.0406  -0.0016  -0.2892  -0.0107
 -0.0438  -0.0018  -0.2665  -0.0096
 -0.0467  -0.0021  -0.2444  -0.0085
 -0.0495  -0.0023  -0.2229  -0.0075
 -0.0521  -0.0025  -0.2021  -0.0065
 -0.0545  -0.0027  -0.1819  -0.0056
 -0.0566  -0.0029  -0.1623  -0.0047
 -0.0586  -0.0031  -0.1432  -0.0039
 -0.0604  -0.0032  -0.1247  -0.0031
 -0.0619  -0.0034  -0.1067  -0.0023
 -0.0633  -0.0035  -0.0892  -0.0015
 -0.0644  -0.0037  -0.0722  -0.0008
 -0.0654  -0.0038  -0.0557  -0.0001
 -0.0661  -0.0039  -0.0396   0.0005
 -0.0666  -0.0040  -0.0240   0.0011
 -0.0669  -0.0040  -0.0088   0.0017
 -0.0670  -0.0041   0.0060   0.0023
 -0.0669  -0.0041   0.0204   0.0029
 -0.0665  -0.0042   0.0345   0.0034
 -0.0660  -0.0042   0.0481   0.0039
 -0.0652  -0.0042   0.0615   0.0044
 -0.0642  -0.0042   0.0745   0.0049
 -0.0629  -0.0042   0.0871   0.0053
 -0.0615  -0.0042   0.0995   0.0058
 -0.0598  -0.0042   0.1116   0.0062
 -0.0578  -0.0041   0.1234   0.0066
 -0.0556  -0.0041   0.1349   0.0070
 -0.0532  -0.0040   0.1462   0.0073
 -0.0505  -0.0039   0.1573   0.0077
 -0.0476  -0.0038   0.1681   0.0080
 -0.0445  -0.0037   0.1787   0.0084
 -0.0410  -0.0036   0.1891   0.0087
 -0.0374  -0.0034   0.1993   0.0090
 -0.0334  -0.0033   0.2093   0.0093
 -0.0292  -0.0031   0.2192   0.0095
 -0.0247  -0.0029   0.2289   0.0098
 -0.0199  -0.0027   0.2385   0.0100
 -0.0149  -0.0025   0.2479   0.0103
 -0.0095  -0.0023   0.2572   0.0105
 -0.0039  -0.0021   0.2664   0.0107
  0.0020  -0.0018   0.2755   0.0109
  0.0083  -0.0015   0.2845   0.0111
  0.0148  -0.0012   0.2934   0.0113
  0.0216  -0.0009   0.3022   0.0115
  0.0288  -0.0006   0.3110   0.0117
  0.0363  -0.0003   0.3198   0.0118
  0.0442   0.0000   0.3285   0.0120
  0.0523   0.0004   0.3372   0.0122
  0.0609   0.0008   0.3459   0.0123
  0.0697   0.0011   0.3545   0.0125
  0.0790   0.0015   0.3632   0.0126
  0.0886   0.0019   0.3719   0.0128
  0.0986   0.0023   0.3807   0.0129
  0.1090   0.0027   0.3895   0.0131
  0.1197   0.0031   0.3983   0.0133
  0.1309   0.0034   0.4072   0.0136
  0.1425   0.0037   0.4162   0.0139
  0.1545   0.0039   0.4253   0.0143
  0.1669   0.0041   0.4345   0.0149
  0.1797   0.0041   0.4438   0.0156
  0.1930   0.0039   0.4533   0.0165
  0.2068   0.0034   0.4630   0.0177
  0.2210   0.0026   0.4728   0.0194
  0.2357   0.0012   0.4828   0.0217
  0.2508  -0.0008   0.4930   0.0248
  0.2664  -0.0038   0.5035   0.0290
  0.2825  -0.0080   0.5143   0.0347
  0.2991  -0.0140   0.5255   0.0424
  0.3161  -0.0223   0.5370   0.0530
  0.3336  -0.0337   0.5490   0.0673
  0.3515  -0.0494   0.5615   0.0867
  0.3698  -0.0708   0.5747   0.1131
  0.3885  -0.0999   0.5887   0.1490
  0.4075  -0.1393   0.6037   0.1977
  0.4267  -0.1926   0.6200   0.2638
  0.4460  -0.2645   0.6379   0.3533
  0.4652  -0.3613   0.6579   0.4747
  0.4840  -0.4915   0.6806   0.6391
  0.0000   0.0000   0.0000   0.0000
-16.7409  25.4923   1.2123  -0.4950
-17.1322  25.3939   1.1721  -0.4259
-17.5246  25.2891   1.1334  -0.3675
-17.9178  25.1777   1.0960  -0.3182
-18.3119  25.0600   1.0598  -0.2767
-18.7068  24.9359   1.0246  -0.2418
-19.1025  24.8056   0.9905  -0.2124
-19.4987  24.6692   0.9572  -0.1879
-19.8956  24.5267   0.9247  -0.1674
-20.2929  24.3782   0.8929  -0.1503
-20.6907  24.2238   0.8618  -0.1362
-21.0887  24.0637   0.8313  -0.1246
-21.4870  23.8979   0.8013  -0.1151
-21.8854  23.7266   0.7719  -0.1074
-22.2838  23.5498   0.7429  -0.1012
-22.6821  23.3677   0.7143  -0.0963
-23.0803  23.1805   0.6861  -0.0925
-23.4782  22.9881   0.6582  -0.0896
-23.8757  22.7909   0.6306  -0.0876
-24.2726  22.5889   0.6032  -0.0861
-24.6690  22.3822   0.5761  -0.0853
-25.0646  22.1711   0.5491  -0.0849
-25.4593  21.9556   0.5224  -0.0848
-25.8530  21.7359   0.4957  -0.0851
-26.2455  21.5123   0.4691  -0.0857
-26.6368  21.2848   0.4426  -0.0864
-27.0265  21.0536   0.4160  -0.0874
-27.4146  20.8190   0.3895  -0.0884
-27.8007  20.5811   0.3629  -0.0896
-28.1845  20.3402   0.3363  -0.0908
-28.5659  20.0966   0.3095  -0.0921
-28.9442  19.8504   0.2827  -0.0934
-29.3189  19.6021   0.2556  -0.0947
-29.6893  19.3521   0.2284  -0.0960
-30.0543  19.1010   0.2009  -0.0972
-30.4123  18.8495   0.1732  -0.0984
-30.7611  18.5986   0.1452  -0.0995
-31.0974  18.3498   0.1170  -0.1005
-31.4162  18.1053   0.0885  -0.1014
-31.7110  17.8680   0.0598  -0.1022
-31.9767  17.6401   0.0308  -0.1028
-32.2592  17.4025   0.0012  -0.1033
-32.3974  17.2227  -0.0281  -0.1038
-32.5619  17.0297  -0.0580  -0.1040
-32.6689  16.8584  -0.0883  -0.1042
-32.7612  16.6911  -0.1192  -0.1043
-32.8307  16.5312  -0.1507  -0.1043
-32.8774  16.3788  -0.1830  -0.1043
-32.8941  16.2370  -0.2160  -0.1041
-32.8932  16.1008  -0.2499  -0.1039
-32.8427  15.9834  -0.2845  -0.1037
-32.9213  15.8095  -0.3209  -0.1033
-32.9242  15.6656  -0.3580  -0.1029
-32.8757  15.5414  -0.3960  -0.1025
-32.9354  15.3696  -0.4357  -0.1018
-32.9427  15.2178  -0.4765  -0.1012
-32.9469  15.0654  -0.5184  -0.1005
-32.9510  14.9109  -0.5617  -0.0996
-32.9207  14.7689  -0.6061  -0.0987
-32.9464  14.6012  -0.6522  -0.0976
-32.9597  14.4362  -0.6995  -0.0962
-32.9347  14.2858  -0.7481  -0.0947
-32.9616  14.1108  -0.7983  -0.0929
-32.9463  13.9515  -0.8498  -0.0908
-32.9535  13.7798  -0.9027  -0.0883
-32.9194  13.6239  -0.9571  -0.0854
-32.9737  13.4273  -1.0131  -0.0817
-32.9571  13.2583  -1.0702  -0.0775
-32.9451  13.0855  -1.1291  -0.0723
-32.9520  12.9008  -1.1892  -0.0662
-32.9518  12.7168  -1.2509  -0.0589
-32.9620  12.5250  -1.3139  -0.0501
-32.8553  12.3765  -1.3783  -0.0398
-32.9640  12.1389  -1.4440  -0.0272
-32.5215  12.1222  -1.5117  -0.0127
-32.9515  11.7464  -1.5795   0.0051
-32.9502  11.5415  -1.6493   0.0260
-32.9379  11.3397  -1.7204   0.0511
-32.9331  11.1277  -1.7927   0.0811
  0.0000   0.0000   0.0000   0.0000
  3.2477  -5.1814  -8.2388  -0.9883
  3.1436  -3.7752  -7.7516  -0.7485
  3.0195  -2.7160  -7.2953  -0.5637
  2.8834  -1.9292  -6.8653  -0.4211
  2.7399  -1.3490  -6.4583  -0.3106
  2.5921  -0.9228  -6.0715  -0.2248
  2.4424  -0.6109  -5.7027  -0.1579
  2.2923  -0.3837  -5.3503  -0.1057
  2.1432  -0.2192  -5.0129  -0.0649
  1.9959  -0.1013  -4.6892  -0.0329
  1.8511  -0.0181  -4.3783  -0.0080
  1.7094   0.0392  -4.0794   0.0115
  1.5710   0.0773  -3.7919   0.0266
  1.4362   0.1012  -3.5150   0.0383
  1.3050   0.1146  -3.2483   0.0471
  1.1776   0.1202  -2.9912   0.0538
  1.0540   0.1201  -2.7433   0.0587
  0.9342   0.1161  -2.5042   0.0622
  0.8182   0.1091  -2.2735   0.0645
  0.7058   0.1002  -2.0509   0.0659
  0.5970   0.0901  -1.8360   0.0665
  0.4919   0.0791  -1.6285   0.0666
  0.3902   0.0678  -1.4282   0.0662
  0.2921   0.0563  -1.2346   0.0655
  0.1973   0.0450  -1.0477   0.0646
  0.1058   0.0338  -0.8671   0.0634
  0.0175   0.0231  -0.6927   0.0622
 -0.0675   0.0128  -0.5241   0.0609
 -0.1494   0.0030  -0.3612   0.0595
 -0.2283  -0.0063  -0.2038   0.0583
 -0.3042  -0.0150  -0.0517   0.0571
 -0.3771  -0.0231   0.0953   0.0559
 -0.4471  -0.0307   0.2374   0.0550
 -0.5143  -0.0377   0.3746   0.0541
 -0.5786  -0.0441   0.5072   0.0535
 -0.6403  -0.0499   0.6352   0.0530
 -0.6992  -0.0552   0.7588   0.0528
 -0.7554  -0.0599   0.8782   0.0527
 -0.8090  -0.0641   0.9934   0.0529
 -0.8601  -0.0678   1.1044   0.0533
 -0.9085  -0.0710   1.2116   0.0539
 -0.9545  -0.0737   1.3147   0.0548
 -0.9979  -0.0760   1.4141   0.0559
 -1.0389  -0.0778   1.5097   0.0573
 -1.0774  -0.0792   1.6016   0.0589
 -1.1135  -0.0801   1.6898   0.0607
 -1.1472  -0.0807   1.7744   0.0628
 -1.1785  -0.0809   1.8555   0.0651
 -1.2074  -0.0807   1.9329   0.0676
 -1.2340  -0.0802   2.0069   0.0703
 -1.2582  -0.0793   2.0773   0.0732
 -1.2800  -0.0782   2.1443   0.0763
 -1.2995  -0.0768   2.2078   0.0795
 -1.3167  -0.0751   2.2677   0.0829
 -1.3315  -0.0731   2.3242   0.0864
 -1.3440  -0.0709   2.3771   0.0901
 -1.3541  -0.0685   2.4265   0.0938
 -1.3619  -0.0659   2.4723   0.0976
 -1.3674  -0.0631   2.5146   0.1014
 -1.3705  -0.0601   2.5532   0.1053
 -1.3712  -0.0570   2.5881   0.1092
 -1.3695  -0.0537   2.6194   0.1130
 -1.3654  -0.0503   2.6469   0.1169
 -1.3589  -0.0468   2.6706   0.1206
 -1.3500  -0.0432   2.6904   0.1243
 -1.3386  -0.0394   2.7063   0.1278
 -1.3247  -0.0356   2.7183   0.1313
 -1.3083  -0.0318   2.7262   0.1345
 -1.2894  -0.0279   2.7299   0.1376
 -1.2680  -0.0239   2.7295   0.1405
 -1.2439  -0.0199   2.7249   0.1431
 -1.2172  -0.0159   2.7159   0.1455
 -1.1879  -0.0118   2.7024   0.1476
 -1.1559  -0.0078   2.6845   0.1494
 -1.1211  -0.0037   2.6620   0.1509
 -1.0836   0.0003   2.6348   0.1521
 -1.0433   0.0043   2.6029   0.1529
 -1.0001   0.0083   2.5661   0.1533
 -0.9540   0.0123   2.5243   0.1534
 -0.9050   0.0162   2.4775   0.1530
 -0.8530   0.0201   2.4255   0.1522
 -0.7980   0.0240   2.3683   0.1510
 -0.7399   0.0278   2.3057   0.1493
 -0.6786   0.0316   2.2377   0.1472
 -0.6142   0.0353   2.1641   0.1445
 -0.5465   0.0389   2.0848   0.1414
 -0.4755   0.0425   1.9997   0.1377
 -0.4011   0.0460   1.9087   0.1335
 -0.3233   0.0495   1.8117   0.1287
 -0.2420   0.0529   1.7085   0.1234
 -0.1571   0.0562   1.5991   0.1174
 -0.0686   0.0594   1.4833   0.1108
  0.0236   0.0626   1.3610   0.1036
  0.1195   0.0656   1.2321   0.0956
  0.2193   0.0687   1.0964   0.0868
  0.3230   0.0716   0.9538   0.0772
  0.4307   0.0745   0.8043   0.0668
  0.5424   0.0773   0.6476   0.0552
  0.6583   0.0800   0.4836   0.0426
  0.7785   0.0828   0.3123   0.0286
  0.9029   0.0855   0.1336   0.0130
  1.0317   0.0882  -0.0528  -0.0045
  1.1651   0.0911  -0.2467  -0.0243
  1.3029   0.0941  -0.4484  -0.0470
  1.4455   0.0973  -0.6577  -0.0734
  1.5928   0.1009  -0.8746  -0.1046
  1.7449   0.1052  -1.0991  -0.1421
  1.9019   0.1103  -1.3308  -0.1879
  2.0640   0.1166  -1.5694  -0.2449
  2.2312   0.1246  -1.8142  -0.3170
  2.4036   0.1350  -2.0645  -0.4096
  2.5813   0.1487  -2.3187  -0.5304
  2.7644   0.1670  -2.5751  -0.6899
  2.9529   0.1914  -2.8308  -0.9030
  3.1471   0.2243  -3.0820  -1.1904
  3.3469   0.2686  -3.3233  -1.5812
  3.5525   0.3285  -3.5470  -2.1163
  3.7640   0.4093  -3.7425  -2.8534
  0.0000   0.0000   0.0000   0.0000
