  0.0000   0.0000   0.0000   0.0000
  0.0369   0.0654   0.0819  -0.0486
  0.0681   0.1393   0.1571  -0.0812
  0.1004   0.2170   0.2357  -0.1156
  0.1347   0.3013   0.3206  -0.1552
  0.1746   0.3838   0.4134  -0.2038
  0.2130   0.4634   0.5026  -0.2496
  0.2504   0.5408   0.5897  -0.2939
  0.2868   0.6165   0.6745  -0.3366
  0.3224   0.6901   0.7573  -0.3780
  0.3580   0.7607   0.8390  -0.4192
  0.3914   0.8308   0.9175  -0.4575
  0.4239   0.8991   0.9941  -0.4944
  0.4555   0.9656   1.0687  -0.5299
  0.4862   1.0302   1.1414  -0.5642
  0.5170   1.0920   1.2132  -0.5984
  0.5457   1.1532   1.2820  -0.6299
  0.5745   1.2116   1.3499  -0.6613
  0.6014   1.2694   1.4149  -0.6901
  0.6273   1.3255   1.4781  -0.7176
  0.6530   1.3793   1.5401  -0.7446
  0.6743   1.4352   1.5969  -0.7660
  0.6957   1.4884   1.6528  -0.7873
  0.7174   1.5386   1.7081  -0.8089
  0.7387   1.5865   1.7620  -0.8298
  0.7597   1.6321   1.8148  -0.8502
  0.7798   1.6761   1.8659  -0.8694
  0.7984   1.7194   1.9145  -0.8865
  0.8162   1.7611   1.9615  -0.9025
  0.8336   1.8007   2.0072  -0.9178
  0.8502   1.8388   2.0512  -0.9319
  0.8659   1.8755   2.0936  -0.9448
  0.8803   1.9110   2.1338  -0.9559
  0.8940   1.9451   2.1723  -0.9659
  0.9068   1.9777   2.2091  -0.9746
  0.9192   2.0085   2.2446  -0.9826
  0.9308   2.0378   2.2784  -0.9893
  0.9416   2.0657   2.3106  -0.9950
  0.9517   2.0922   2.3412  -0.9994
  0.9607   2.1177   2.3698  -1.0024
  0.9693   2.1414   2.3972  -1.0045
  0.9763   2.1647   2.4221  -1.0045
  0.9810   2.1884   2.4438  -1.0013
  0.9875   2.2080   2.4663  -1.0000
  0.9932   2.2263   2.4871  -0.9975
  0.9983   2.2430   2.5065  -0.9941
  1.0028   2.2584   2.5243  -0.9896
  1.0067   2.2724   2.5405  -0.9839
  1.0100   2.2850   2.5552  -0.9772
  1.0127   2.2962   2.5683  -0.9695
  1.0148   2.3059   2.5799  -0.9607
  1.0164   2.3143   2.5899  -0.9509
  1.0175   2.3213   2.5985  -0.9401
  1.0180   2.3270   2.6055  -0.9282
  1.0180   2.3312   2.6109  -0.9153
  1.0174   2.3341   2.6148  -0.9014
  1.0164   2.3356   2.6172  -0.8864
  1.0148   2.3358   2.6180  -0.8703
  1.0126   2.3348   2.6172  -0.8531
  1.0099   2.3325   2.6148  -0.8349
  1.0067   2.3290   2.6108  -0.8155
  1.0029   2.3242   2.6052  -0.7950
  0.9987   2.3182   2.5980  -0.7734
  0.9939   2.3109   2.5892  -0.7507
  0.9886   2.3024   2.5788  -0.7270
  0.9829   2.2927   2.5669  -0.7022
  0.9770   2.2827   2.5544  -0.6770
  0.9712   2.2732   2.5421  -0.6519
  0.9651   2.2633   2.5291  -0.6264
  0.9589   2.2530   2.5155  -0.6003
  0.9519   2.2446   2.5013  -0.5734
  0.9447   2.2352   2.4863  -0.5460
  0.9375   2.2248   2.4703  -0.5181
  0.9301   2.2135   2.4535  -0.4896
  0.9225   2.2014   2.4358  -0.4607
  0.9146   2.1895   2.4173  -0.4311
  0.9067   2.1761   2.3979  -0.4011
  0.8986   2.1620   2.3776  -0.3706
  0.8904   2.1473   2.3565  -0.3396
  0.8820   2.1319   2.3345  -0.3080
  0.8735   2.1159   2.3117  -0.2760
  0.8649   2.0993   2.2881  -0.2434
  0.8561   2.0821   2.2637  -0.2103
  0.8471   2.0642   2.2384  -0.1768
  0.8381   2.0457   2.2123  -0.1427
  0.8290   2.0263   2.1853  -0.1082
  0.8197   2.0063   2.1575  -0.0732
  0.8104   1.9857   2.1289  -0.0378
  0.8009   1.9643   2.0995  -0.0019
  0.7915   1.9422   2.0692   0.0345
  0.7756   1.9425   2.0414   0.0748
  0.7661   1.9182   2.0094   0.1120
  0.7566   1.8931   1.9766   0.1496
  0.7471   1.8672   1.9429   0.1875
  0.7376   1.8404   1.9085   0.2259
  0.7283   1.8119   1.8730   0.2647
  0.7189   1.7827   1.8367   0.3039
  0.7094   1.7524   1.7993   0.3436
  0.6999   1.7198   1.7600   0.3844
  0.6901   1.6861   1.7194   0.4259
  0.6804   1.6529   1.6789   0.4674
  0.6705   1.6173   1.6362   0.5101
  0.6605   1.5808   1.5926   0.5533
  0.6505   1.5439   1.5483   0.5969
  0.6405   1.5065   1.5033   0.6409
  0.6304   1.4687   1.4577   0.6852
  0.6203   1.4304   1.4113   0.7300
  0.6101   1.3917   1.3643   0.7751
  0.5999   1.3525   1.3167   0.8207
  0.5897   1.3128   1.2684   0.8665
  0.5734   1.2837   1.2158   0.9191
  0.5626   1.2370   1.1613   0.9683
  0.5521   1.1940   1.1094   1.0163
  0.5412   1.1462   1.0535   1.0665
  0.5303   1.0981   0.9970   1.1170
  0.5194   1.0504   0.9404   1.1676
  0.5084   1.0015   0.8825   1.2190
  0.4973   0.9532   0.8246   1.2706
  0.4860   0.9021   0.7640   1.3237
  0.4743   0.8502   0.7020   1.3779
  0.4743   0.8502   0.7020   1.3779
  0.7527  -0.5499   0.7195   1.3535
  1.0424  -1.9514   0.7445   1.3294
  1.3135  -3.2150   0.7680   1.3083
  1.5668  -4.3379   0.7949   1.2855
  1.8011  -5.3365   0.8194   1.2656
  2.0193  -6.2210   0.8448   1.2457
  2.2222  -7.0036   0.8703   1.2265
  2.4114  -7.6944   0.8962   1.2077
  2.5880  -8.3030   0.9225   1.1892
  2.7537  -8.8369   0.9508   1.1696
  2.9095  -9.3040   0.9807   1.1492
  3.0559  -9.7120   1.0113   1.1288
  3.1925 -10.0692   1.0395   1.1109
  3.3203 -10.3806   1.0660   1.0950
  3.4423 -10.6473   1.0966   1.0761
  3.5575 -10.8765   1.1269   1.0579
  3.6647 -11.0750   1.1531   1.0436
  3.7661 -11.2436   1.1792   1.0299
  3.8620 -11.3853   1.2050   1.0168
  3.9528 -11.5030   1.2305   1.0044
  4.0404 -11.5964   1.2598   0.9891
  4.1234 -11.6707   1.2885   0.9748
  4.2020 -11.7279   1.3165   0.9615
  4.2764 -11.7697   1.3438   0.9491
  4.3469 -11.7976   1.3705   0.9377
  4.4135 -11.8130   1.3965   0.9271
  4.4765 -11.8171   1.4220   0.9174
  4.5359 -11.8110   1.4468   0.9086
  4.5919 -11.7956   1.4710   0.9007
  4.6445 -11.7719   1.4946   0.8937
  4.6939 -11.7405   1.5176   0.8875
  4.7401 -11.7023   1.5401   0.8822
  4.7830 -11.6578   1.5619   0.8777
  4.8229 -11.6076   1.5831   0.8740
  4.8597 -11.5522   1.6038   0.8712
  4.8934 -11.4921   1.6239   0.8693
  4.9241 -11.4277   1.6433   0.8682
  4.9517 -11.3593   1.6622   0.8679
  4.9762 -11.2874   1.6805   0.8685
  4.9978 -11.2123   1.6982   0.8699
  5.0163 -11.1342   1.7153   0.8722
  5.0317 -11.0534   1.7317   0.8754
  5.0441 -10.9702   1.7476   0.8794
  5.0534 -10.8847   1.7628   0.8842
  5.0596 -10.7973   1.7774   0.8900
  5.0626 -10.7080   1.7914   0.8966
  5.0626 -10.6170   1.8047   0.9041
  5.0593 -10.5245   1.8174   0.9125
  5.0529 -10.4307   1.8294   0.9218
  5.0432 -10.3356   1.8407   0.9320
  5.0303 -10.2394   1.8513   0.9431
  5.0141 -10.1422   1.8613   0.9551
  4.9947 -10.0441   1.8705   0.9680
  4.9718  -9.9451   1.8790   0.9819
  4.9456  -9.8453   1.8868   0.9968
  4.9160  -9.7448   1.8939   1.0126
  4.8830  -9.6435   1.9002   1.0293
  4.8465  -9.5416   1.9057   1.0471
  4.8065  -9.4389   1.9104   1.0658
  4.7630  -9.3356   1.9144   1.0855
  4.7159  -9.2315   1.9176   1.1062
  4.6652  -9.1267   1.9199   1.1279
  4.6109  -9.0210   1.9214   1.1507
  4.5529  -8.9143   1.9221   1.1745
  4.4913  -8.8066   1.9219   1.1993
  4.4259  -8.6977   1.9208   1.2252
  4.3568  -8.5874   1.9189   1.2521
  4.2839  -8.4756   1.9161   1.2801
  4.2072  -8.3619   1.9123   1.3092
  4.1266  -8.2462   1.9076   1.3394
  4.0422  -8.1281   1.9020   1.3707
  3.9539  -8.0073   1.8955   1.4031
  3.8616  -7.8834   1.8879   1.4367
  3.7655  -7.7559   1.8794   1.4713
  3.6653  -7.6242   1.8699   1.5072
  3.5611  -7.4880   1.8594   1.5441
  3.4529  -7.3464   1.8479   1.5823
  3.3407  -7.1987   1.8353   1.6216
  3.2244  -7.0443   1.8217   1.6621
  3.1040  -6.8821   1.8071   1.7038
  2.9795  -6.7112   1.7914   1.7467
  2.8510  -6.5304   1.7746   1.7908
  2.7183  -6.3385   1.7567   1.8362
  2.5814  -6.1342   1.7378   1.8827
  2.4405  -5.9159   1.7177   1.9306
  2.2954  -5.6819   1.6965   1.9797
  2.1462  -5.4303   1.6743   2.0300
  1.9929  -5.1591   1.6509   2.0816
  1.8355  -4.8659   1.6264   2.1345
  1.6740  -4.5482   1.6008   2.1887
  1.5085  -4.2031   1.5740   2.2441
  1.3389  -3.8275   1.5462   2.3009
  1.1654  -3.4179   1.5173   2.3590
  0.9879  -2.9704   1.4873   2.4184
  0.8065  -2.4808   1.4562   2.4790
  0.6213  -1.9442   1.4241   2.5410
  0.4324  -1.3554   1.3910   2.6043
  0.2400  -0.7090   1.3569   2.6688
  0.0446   0.0009   1.3219   2.7346
  0.0446   0.0009   1.3219   2.7346
  0.0851   0.2792   1.3209   2.7244
  0.1245   0.5306   1.3191   2.7155
  0.1626   0.7577   1.3166   2.7078
  0.1995   0.9628   1.3132   2.7015
  0.2304   1.1362   1.2918   2.7091
  0.2646   1.3034   1.2864   2.7058
  0.2975   1.4542   1.2802   2.7037
  0.3291   1.5902   1.2731   2.7031
  0.3594   1.7128   1.2649   2.7040
  0.3882   1.8232   1.2558   2.7065
  0.4158   1.9225   1.2456   2.7104
  0.4420   2.0119   1.2343   2.7160
  0.4669   2.0922   1.2220   2.7231
  0.4905   2.1643   1.2085   2.7318
  0.5128   2.2290   1.1939   2.7422
  0.5338   2.2869   1.1781   2.7543
  0.5536   2.3386   1.1611   2.7680
  0.5721   2.3847   1.1429   2.7835
  0.5893   2.4257   1.1234   2.8007
  0.6054   2.4619   1.1026   2.8196
  0.6203   2.4940   1.0805   2.8404
  0.6340   2.5221   1.0570   2.8630
  0.6465   2.5467   1.0322   2.8875
  0.6579   2.5680   1.0059   2.9138
  0.6682   2.5864   0.9782   2.9420
  0.6774   2.6021   0.9490   2.9721
  0.6855   2.6154   0.9184   3.0041
  0.6923   2.6258   0.8852   3.0389
  0.6980   2.6340   0.8503   3.0758
  0.7027   2.6403   0.8137   3.1147
  0.7066   2.6456   0.7765   3.1550
  0.7094   2.6491   0.7372   3.1977
  0.7112   2.6510   0.6960   3.2426
  0.7121   2.6514   0.6529   3.2899
  0.7119   2.6505   0.6079   3.3394
  0.7108   2.6484   0.5609   3.3913
  0.7088   2.6450   0.5119   3.4455
  0.7059   2.6405   0.4608   3.5021
  0.7021   2.6350   0.4077   3.5612
  0.6974   2.6284   0.3524   3.6228
  0.6918   2.6207   0.2950   3.6869
  0.6854   2.6120   0.2353   3.7537
  0.6784   2.6029   0.1742   3.8224
  0.6705   2.5928   0.1108   3.8937
  0.6619   2.5817   0.0450   3.9679
  0.6524   2.5696  -0.0232   4.0448
  0.6422   2.5564  -0.0940   4.1246
  0.6313   2.5421  -0.1673   4.2072
  0.6196   2.5266  -0.2431   4.2929
  0.6072   2.5100  -0.3217   4.3815
  0.5940   2.4922  -0.4029   4.4732
  0.5802   2.4729  -0.4869   4.5681
  0.5657   2.4523  -0.5738   4.6662
  0.5505   2.4301  -0.6635   4.7676
  0.5347   2.4061  -0.7562   4.8723
  0.5182   2.3803  -0.8519   4.9805
  0.5012   2.3524  -0.9507   5.0922
  0.4835   2.3222  -1.0527   5.2076
  0.4652   2.2893  -1.1579   5.3266
  0.4464   2.2535  -1.2664   5.4495
  0.4271   2.2144  -1.3783   5.5762
  0.4065   2.1698  -1.4965   5.7090
  0.3852   2.1202  -1.6194   5.8467
  0.3642   2.0681  -1.7427   5.9865
  0.3422   2.0096  -1.8717   6.1319
  0.3195   1.9440  -2.0061   6.2830
  0.2961   1.8711  -2.1453   6.4394
  0.2724   1.7907  -2.2886   6.6007
  0.2483   1.7017  -2.4361   6.7670
  0.2241   1.6035  -2.5874   6.9380
  0.1996   1.4942  -2.7434   7.1147
  0.1747   1.3722  -2.9044   7.2973
  0.1509   1.2398  -3.0649   7.4818
  0.1270   1.0914  -3.2304   7.6724
  0.1030   0.9250  -3.4009   7.8692
  0.0791   0.7380  -3.5767   8.0726
  0.0553   0.5277  -3.7580   8.2828
  0.0315   0.2908  -3.9450   8.5002
  0.0009   0.0011  -4.1694   8.7484
  0.0009   0.0011  -4.1694   8.7484
 -0.2634   0.2425  -3.4833   3.8179
 -0.5214   0.4390  -2.9355  -0.0263
 -0.7724   0.6016  -2.5033  -3.0128
 -1.0158   0.7388  -2.1654  -5.3266
 -1.2511   0.8572  -1.9036  -7.1153
 -1.4781   0.9619  -1.7027  -8.4956
 -1.6964   1.0568  -1.5500  -9.5591
 -1.9061   1.1449  -1.4357 -10.3772
 -2.1071   1.2287  -1.3519 -11.0055
 -2.2992   1.3098  -1.2922 -11.4869
 -2.4827   1.3896  -1.2519 -11.8548
 -2.6574   1.4692  -1.2271 -12.1348
 -2.8235   1.5491  -1.2149 -12.3469
 -2.9811   1.6301  -1.2128 -12.5062
 -3.1303   1.7124  -1.2192 -12.6248
 -3.2712   1.7963  -1.2326 -12.7116
 -3.4038   1.8820  -1.2519 -12.7736
 -3.5284   1.9695  -1.2761 -12.8165
 -3.6449   2.0588  -1.3045 -12.8442
 -3.7537   2.1501  -1.3365 -12.8601
 -3.8547   2.2431  -1.3717 -12.8667
 -3.9481   2.3378  -1.4096 -12.8659
 -4.0341   2.4342  -1.4498 -12.8591
 -4.1127   2.5321  -1.4921 -12.8475
 -4.1840   2.6314  -1.5361 -12.8321
 -4.2483   2.7319  -1.5816 -12.8134
 -4.3056   2.8336  -1.6284 -12.7921
 -4.3560   2.9364  -1.6762 -12.7684
 -4.3997   3.0400  -1.7249 -12.7428
 -4.4368   3.1443  -1.7741 -12.7155
 -4.4674   3.2493  -1.8237 -12.6866
 -4.4917   3.3548  -1.8735 -12.6562
 -4.5097   3.4606  -1.9232 -12.6246
 -4.5215   3.5667  -1.9728 -12.5917
 -4.5274   3.6728  -2.0218 -12.5576
 -4.5273   3.7790  -2.0703 -12.5224
 -4.5215   3.8850  -2.1178 -12.4861
 -4.5101   3.9907  -2.1642 -12.4488
 -4.4930   4.0960  -2.2094 -12.4103
 -4.4706   4.2009  -2.2529 -12.3709
 -4.4428   4.3051  -2.2948 -12.3305
 -4.4099   4.4086  -2.3346 -12.2890
 -4.3718   4.5112  -2.3721 -12.2466
 -4.3288   4.6128  -2.4072 -12.2031
 -4.2809   4.7134  -2.4396 -12.1586
 -4.2282   4.8128  -2.4690 -12.1132
 -4.1709   4.9108  -2.4951 -12.0667
 -4.1090   5.0073  -2.5178 -12.0191
 -4.0426   5.1022  -2.5367 -11.9704
 -3.9719   5.1953  -2.5516 -11.9205
 -3.8969   5.2865  -2.5623 -11.8694
 -3.8178   5.3755  -2.5684 -11.8168
 -3.7346   5.4621  -2.5696 -11.7627
 -3.6474   5.5460  -2.5657 -11.7067
 -3.5564   5.6270  -2.5565 -11.6486
 -3.4615   5.7046  -2.5415 -11.5880
 -3.3628   5.7784  -2.5206 -11.5244
 -3.2605   5.8479  -2.4934 -11.4570
 -3.1545   5.9123  -2.4597 -11.3850
 -3.0450   5.9709  -2.4191 -11.3074
 -2.9319   6.0226  -2.3714 -11.2227
 -2.8153   6.0661  -2.3162 -11.1290
 -2.6951   6.0998  -2.2533 -11.0242
 -2.5713   6.1217  -2.1823 -10.9053
 -2.4438   6.1294  -2.1030 -10.7688
 -2.3126   6.1197  -2.0151 -10.6099
 -2.1774   6.0886  -1.9183 -10.4229
 -2.0379   6.0313  -1.8123 -10.2005
 -1.8940   5.9416  -1.6968  -9.9335
 -1.7450   5.8116  -1.5717  -9.6103
 -1.5905   5.6317  -1.4365  -9.2163
 -1.4296   5.3894  -1.2913  -8.7334
 -1.2613   5.0694  -1.1357  -8.1386
 -1.0845   4.6522  -0.9699  -7.4034
 -0.8974   4.1134  -0.7937  -6.4917
 -0.6982   3.4224  -0.6075  -5.3587
 -0.4843   2.5407  -0.4120  -3.9486
 -0.2528   1.4201  -0.2083  -2.1913
  0.0001   0.0003   0.0016  -0.0001
 -0.0004   0.0014   0.0000  -0.0006
 -0.0004   0.0014   0.0000  -0.0006
 -0.0005   0.0014   0.0000  -0.0006
 -0.0006   0.0014   0.0000  -0.0006
 -0.0007   0.0014  -0.0000  -0.0006
 -0.0008   0.0014  -0.0000  -0.0006
  4.9707  -5.3036  -0.0484   0.0102
  4.9879  -5.0042   0.2082  -0.4404
  5.0033  -4.7083   0.4550  -0.8404
  5.0167  -4.4160   0.6921  -1.1947
  5.0281  -4.1269   0.9197  -1.5078
  5.0374  -3.8409   1.1382  -1.7837
  5.0444  -3.5579   1.3477  -2.0259
  5.0492  -3.2778   1.5484  -2.2378
  5.0516  -3.0004   1.7407  -2.4223
  5.0516  -2.7256   1.9245  -2.5822
  5.0490  -2.4534   2.1003  -2.7197
  5.0439  -2.1836   2.2681  -2.8372
  5.0362  -1.9161   2.4282  -2.9367
  5.0259  -1.6509   2.5807  -3.0198
  5.0128  -1.3878   2.7258  -3.0883
  4.9970  -1.1268   2.8636  -3.1436
  4.9784  -0.8678   2.9943  -3.1870
  4.9570  -0.6108   3.1181  -3.2197
  4.9328  -0.3556   3.2350  -3.2428
  4.9058  -0.1022   3.3451  -3.2572
  4.8759   0.1494   3.4487  -3.2639
  4.8432   0.3993   3.5458  -3.2636
  4.8077   0.6476   3.6366  -3.2569
  4.7693   0.8943   3.7210  -3.2446
  4.7282   1.1395   3.7993  -3.2273
  4.6842   1.3832   3.8715  -3.2053
  4.6374   1.6254   3.9377  -3.1792
  4.5879   1.8663   3.9980  -3.1494
  4.5356   2.1058   4.0524  -3.1163
  4.4806   2.3441   4.1011  -3.0801
  4.4229   2.5811   4.1441  -3.0413
  4.3626   2.8169   4.1814  -2.9999
  4.2997   3.0516   4.2132  -2.9564
  4.2342   3.2852   4.2395  -2.9108
  4.1662   3.5177   4.2603  -2.8634
  4.0958   3.7492   4.2757  -2.8143
  4.0229   3.9798   4.2858  -2.7638
  3.9476   4.2095   4.2906  -2.7118
  3.8700   4.4383   4.2901  -2.6585
  3.7901   4.6663   4.2844  -2.6041
  3.7079   4.8936   4.2735  -2.5486
  3.6236   5.1202   4.2574  -2.4921
  3.5371   5.3463   4.2363  -2.4347
  3.4486   5.5717   4.2100  -2.3764
  3.3580   5.7967   4.1787  -2.3173
  3.2654   6.0212   4.1423  -2.2575
  3.1709   6.2454   4.1010  -2.1969
  3.0745   6.4693   4.0547  -2.1357
  2.9762   6.6930   4.0033  -2.0738
  2.8760   6.9166   3.9471  -2.0113
  2.7741   7.1402   3.8859  -1.9483
  2.6705   7.3637   3.8198  -1.8847
  2.5651   7.5875   3.7487  -1.8206
  2.4581   7.8114   3.6728  -1.7560
  2.3494   8.0357   3.5920  -1.6910
  2.2390   8.2604   3.5063  -1.6255
  2.1271   8.4857   3.4158  -1.5596
  2.0135   8.7116   3.3204  -1.4933
  1.8983   8.9382   3.2201  -1.4266
  1.7816   9.1658   3.1150  -1.3596
  1.6633   9.3944   3.0050  -1.2923
  1.5434   9.6242   2.8902  -1.2247
  1.4219   9.8553   2.7705  -1.1569
  1.2989  10.0878   2.6460  -1.0888
  1.1742  10.3220   2.5166  -1.0205
  1.0478  10.5579   2.3825  -0.9521
  0.9198  10.7958   2.2434  -0.8835
  0.7901  11.0359   2.0996  -0.8149
  0.6586  11.2783   1.9509  -0.7462
  0.5253  11.5233   1.7974  -0.6775
  0.3902  11.7711   1.6390  -0.6088
  0.2531  12.0219   1.4758  -0.5402
  0.1140  12.2760   1.3078  -0.4717
 -0.0272  12.5336   1.1350  -0.4034
 -0.1705  12.7951   0.9573  -0.3353
 -0.3162  13.0606   0.7748  -0.2674
 -0.4643  13.3307   0.5875  -0.1999
 -0.6149  13.6055   0.3954  -0.1327
 -0.7683  13.8855   0.1985  -0.0660
 -0.9245  14.1711  -0.0032   0.0003
 -0.9245  14.1711  -0.0032   0.0003
 -0.2900   8.1299  -0.6730   0.5453
  0.2204   3.3327  -1.3028   1.0250
  0.6188  -0.4450  -1.8956   1.4444
  0.9210  -3.4017  -2.4538   1.8123
  1.1434  -5.7054  -2.9797   2.1382
  1.3007  -7.4941  -3.4751   2.4311
  1.4058  -8.8794  -3.9415   2.6986
  1.4694  -9.9496  -4.3802   2.9473
  1.5001 -10.7748  -4.7925   3.1822
  1.5049 -11.4094  -5.1793   3.4076
  1.4893 -11.8960  -5.5415   3.6268
  1.4577 -12.2679  -5.8800   3.8421
  1.4134 -12.5505  -6.1956   4.0555
  1.3591 -12.7638  -6.4890   4.2684
  1.2968 -12.9232  -6.7609   4.4818
  1.2282 -13.0404  -7.0119   4.6964
  1.1545 -13.1248  -7.2426   4.9127
  1.0767 -13.1834  -7.4536   5.1310
  0.9956 -13.2217  -7.6456   5.3516
  0.9119 -13.2439  -7.8190   5.5743
  0.8260 -13.2534  -7.9745   5.7993
  0.7384 -13.2526  -8.1125   6.0265
  0.6495 -13.2436  -8.2336   6.2556
  0.5594 -13.2278  -8.3384   6.4867
  0.4685 -13.2064  -8.4273   6.7193
  0.3771 -13.1804  -8.5009   6.9535
  0.2852 -13.1504  -8.5596   7.1890
  0.1931 -13.1170  -8.6040   7.4254
  0.1011 -13.0805  -8.6346   7.6628
  0.0091 -13.0413  -8.6518   7.9007
 -0.0825 -12.9997  -8.6561   8.1390
 -0.1736 -12.9558  -8.6481   8.3774
 -0.2641 -12.9098  -8.6281   8.6158
 -0.3538 -12.8618  -8.5967   8.8539
 -0.4425 -12.8118  -8.5542   9.0916
 -0.5301 -12.7600  -8.5013   9.3285
 -0.6163 -12.7064  -8.4382   9.5646
 -0.7011 -12.6510  -8.3656   9.7995
 -0.7842 -12.5939  -8.2837  10.0331
 -0.8655 -12.5350  -8.1931  10.2653
 -0.9448 -12.4745  -8.0941  10.4957
 -1.0219 -12.4124  -7.9872  10.7243
 -1.0966 -12.3485  -7.8729  10.9507
 -1.1686 -12.2831  -7.7515  11.1749
 -1.2379 -12.2160  -7.6234  11.3966
 -1.3041 -12.1473  -7.4890  11.6156
 -1.3672 -12.0769  -7.3488  11.8317
 -1.4268 -12.0049  -7.2031  12.0446
 -1.4827 -11.9312  -7.0522  12.2542
 -1.5347 -11.8558  -6.8966  12.4600
 -1.5826 -11.7785  -6.7366  12.6620
 -1.6262 -11.6994  -6.5725  12.8596
 -1.6651 -11.6182  -6.4047  13.0525
 -1.6992 -11.5347  -6.2335  13.2403
 -1.7282 -11.4487  -6.0591  13.4223
 -1.7518 -11.3599  -5.8820  13.5978
 -1.7698 -11.2678  -5.7022  13.7661
 -1.7820 -11.1718  -5.5202  13.9261
 -1.7879 -11.0711  -5.3360  14.0765
 -1.7873 -10.9648  -5.1498  14.2156
 -1.7801 -10.8515  -4.9617  14.3414
 -1.7657 -10.7298  -4.7718  14.4512
 -1.7440 -10.5975  -4.5800  14.5418
 -1.7145 -10.4519  -4.3862  14.6089
 -1.6770 -10.2898  -4.1900  14.6471
 -1.6311 -10.1070  -3.9911  14.6493
 -1.5763  -9.8980  -3.7886  14.6067
 -1.5122  -9.6562  -3.5817  14.5078
 -1.4383  -9.3729  -3.3688  14.3380
 -1.3541  -9.0376  -3.1483  14.0781
 -1.2590  -8.6368  -2.9175  13.7038
 -1.1523  -8.1536  -2.6731  13.1836
 -1.0331  -7.5672  -2.4109  12.4768
 -0.9006  -6.8517  -2.1249  11.5310
 -0.7538  -5.9756  -1.8080  10.2781
 -0.5914  -4.9006  -1.4506   8.6304
 -0.4123  -3.5816  -1.0408   6.4739
 -0.2151  -1.9668  -0.5634   3.6610
  0.0013  -0.0003   0.0000   0.0002
  0.0000  -0.0006  -0.0033   0.0064
  0.0000  -0.0006  -0.0033   0.0064
  0.0000  -0.0006  -0.0034   0.0064
 -0.0000  -0.0006  -0.0034   0.0064
 -0.0000  -0.0006  -0.0035   0.0065
  0.0400   0.0220  12.5875 -10.6986
 -0.0063   0.3249  12.4894 -10.4807
 -0.0504   0.6012  12.3918 -10.2648
 -0.0925   0.8518  12.2947 -10.0506
 -0.1328   1.0779  12.1978  -9.8382
 -0.1711   1.2812  12.1012  -9.6273
 -0.2078   1.4632  12.0047  -9.4178
 -0.2427   1.6258  11.9083  -9.2096
 -0.2760   1.7706  11.8117  -9.0026
 -0.3077   1.8991  11.7149  -8.7967
 -0.3379   2.0129  11.6179  -8.5917
 -0.3666   2.1134  11.5204  -8.3876
 -0.3939   2.2017  11.4225  -8.1842
 -0.4197   2.2792  11.3240  -7.9816
 -0.4442   2.3467  11.2247  -7.7796
 -0.4674   2.4052  11.1246  -7.5781
 -0.4892   2.4557  11.0237  -7.3770
 -0.5097   2.4989  10.9217  -7.1763
 -0.5291   2.5354  10.8186  -6.9760
 -0.5471   2.5659  10.7142  -6.7758
 -0.5640   2.5910  10.6086  -6.5759
 -0.5798   2.6111  10.5015  -6.3760
 -0.5943   2.6267  10.3928  -6.1762
 -0.6078   2.6383  10.2826  -5.9764
 -0.6202   2.6460  10.1706  -5.7766
 -0.6315   2.6504  10.0567  -5.5766
 -0.6417   2.6516   9.9409  -5.3766
 -0.6509   2.6500   9.8230  -5.1763
 -0.6591   2.6458   9.7030  -4.9758
 -0.6663   2.6391   9.5807  -4.7750
 -0.6725   2.6302   9.4561  -4.5739
 -0.6777   2.6192   9.3291  -4.3725
 -0.6821   2.6064   9.1995  -4.1707
 -0.6855   2.5917   9.0673  -3.9685
 -0.6880   2.5754   8.9324  -3.7658
 -0.6896   2.5575   8.7948  -3.5628
 -0.6903   2.5382   8.6542  -3.3592
 -0.6902   2.5174   8.5106  -3.1551
 -0.6892   2.4954   8.3641  -2.9505
 -0.6874   2.4721   8.2144  -2.7453
 -0.6847   2.4477   8.0615  -2.5396
 -0.6813   2.4221   7.9054  -2.3333
 -0.6771   2.3953   7.7460  -2.1263
 -0.6720   2.3675   7.5832  -1.9188
 -0.6662   2.3387   7.4170  -1.7107
 -0.6597   2.3088   7.2473  -1.5018
 -0.6523   2.2778   7.0741  -1.2924
 -0.6443   2.2458   6.8973  -1.0822
 -0.6354   2.2128   6.7170  -0.8714
 -0.6259   2.1788   6.5330  -0.6599
 -0.6156   2.1437   6.3453  -0.4477
 -0.6046   2.1074   6.1540  -0.2347
 -0.5928   2.0701   5.9589  -0.0210
 -0.5804   2.0316   5.7602   0.1934
 -0.5672   1.9919   5.5577   0.4086
 -0.5533   1.9510   5.3515   0.6245
 -0.5387   1.9087   5.1416   0.8413
 -0.5234   1.8650   4.9279   1.0589
 -0.5074   1.8199   4.7106   1.2772
 -0.4908   1.7731   4.4896   1.4965
 -0.4734   1.7246   4.2648   1.7166
 -0.4553   1.6742   4.0365   1.9376
 -0.4365   1.6217   3.8045   2.1595
 -0.4170   1.5671   3.5689   2.3823
 -0.3967   1.5099   3.3298   2.6061
 -0.3758   1.4501   3.0871   2.8310
 -0.3542   1.3872   2.8409   3.0568
 -0.3318   1.3209   2.5913   3.2838
 -0.3086   1.2508   2.3383   3.5118
 -0.2848   1.1764   2.0819   3.7411
 -0.2601   1.0972   1.8222   3.9715
 -0.2347   1.0124   1.5593   4.2032
 -0.2085   0.9214   1.2931   4.4363
 -0.1814   0.8231   1.0238   4.6707
 -0.1535   0.7165   0.7513   4.9066
 -0.1246   0.6003   0.4757   5.1439
 -0.0949   0.4730   0.1971   5.3829
 -0.0643   0.3327  -0.0845   5.6236
 -0.0327   0.1769  -0.3691   5.8661
 -0.0004   0.0023  -0.6568   6.1104
 -0.0004   0.0023  -0.6568   6.1104
 -0.2113   0.7345  -0.8471   3.5267
 -0.4133   1.3086  -1.0565   1.4549
 -0.6069   1.7608  -1.2836  -0.1719
 -0.7923   2.1168  -1.5250  -1.4365
 -0.9697   2.3979  -1.7765  -2.4117
 -1.1394   2.6209  -2.0343  -3.1588
 -1.3013   2.7989  -2.2952  -3.7280
 -1.4557   2.9423  -2.5562  -4.1597
 -1.6026   3.0588  -2.8153  -4.4855
 -1.7422   3.1547  -3.0705  -4.7303
 -1.8746   3.2345  -3.3204  -4.9135
 -2.0000   3.3018  -3.5641  -5.0498
 -2.1184   3.3594  -3.8006  -5.1506
 -2.2301   3.4092  -4.0294  -5.2246
 -2.3352   3.4528  -4.2501  -5.2783
 -2.4339   3.4915  -4.4624  -5.3168
 -2.5263   3.5261  -4.6659  -5.3438
 -2.6127   3.5573  -4.8607  -5.3620
 -2.6932   3.5857  -5.0465  -5.3735
 -2.7680   3.6116  -5.2233  -5.3798
 -2.8373   3.6355  -5.3912  -5.3820
 -2.9013   3.6576  -5.5500  -5.3809
 -2.9600   3.6781  -5.6999  -5.3771
 -3.0138   3.6972  -5.8408  -5.3710
 -3.0627   3.7150  -5.9729  -5.3628
 -3.1070   3.7317  -6.0961  -5.3530
 -3.1467   3.7474  -6.2105  -5.3415
 -3.1820   3.7621  -6.3161  -5.3285
 -3.2130   3.7760  -6.4131  -5.3142
 -3.2399   3.7892  -6.5014  -5.2987
 -3.2627   3.8017  -6.5812  -5.2820
 -3.2816   3.8135  -6.6524  -5.2644
 -3.2967   3.8248  -6.7152  -5.2458
 -3.3080   3.8355  -6.7695  -5.2264
 -3.3156   3.8458  -6.8155  -5.2064
 -3.3196   3.8557  -6.8532  -5.1858
 -3.3200   3.8651  -6.8826  -5.1648
 -3.3169   3.8742  -6.9037  -5.1435
 -3.3103   3.8829  -6.9167  -5.1221
 -3.3002   3.8912  -6.9215  -5.1006
 -3.2867   3.8993  -6.9181  -5.0792
 -3.2698   3.9070  -6.9065  -5.0580
 -3.2495   3.9144  -6.8868  -5.0370
 -3.2258   3.9215  -6.8590  -5.0165
 -3.1987   3.9283  -6.8230  -4.9965
 -3.1681   3.9348  -6.7788  -4.9770
 -3.1342   3.9411  -6.7264  -4.9582
 -3.0968   3.9470  -6.6657  -4.9400
 -3.0560   3.9526  -6.5967  -4.9225
 -3.0116   3.9579  -6.5194  -4.9058
 -2.9638   3.9628  -6.4336  -4.8897
 -2.9125   3.9674  -6.3393  -4.8744
 -2.8576   3.9715  -6.2364  -4.8598
 -2.7992   3.9751  -6.1247  -4.8458
 -2.7371   3.9781  -6.0042  -4.8323
 -2.6715   3.9805  -5.8747  -4.8192
 -2.6021   3.9820  -5.7360  -4.8063
 -2.5291   3.9826  -5.5881  -4.7933
 -2.4524   3.9819  -5.4307  -4.7800
 -2.3720   3.9796  -5.2636  -4.7660
 -2.2878   3.9753  -5.0867  -4.7506
 -2.1998   3.9685  -4.8998  -4.7333
 -2.1081   3.9585  -4.7026  -4.7130
 -2.0125   3.9442  -4.4949  -4.6887
 -1.9131   3.9244  -4.2764  -4.6587
 -1.8098   3.8975  -4.0470  -4.6211
 -1.7026   3.8614  -3.8064  -4.5732
 -1.5915   3.8131  -3.5544  -4.5116
 -1.4762   3.7491  -3.2907  -4.4319
 -1.3567   3.6644  -3.0151  -4.3282
 -1.2328   3.5526  -2.7275  -4.1929
 -1.1042   3.4056  -2.4278  -4.0162
 -0.9703   3.2125  -2.1158  -3.7855
 -0.8305   2.9595  -1.7917  -3.4843
 -0.6840   2.6291  -1.4554  -3.0918
 -0.5294   2.1990  -1.1073  -2.5818
  5.6235  -6.1264  -1.1814  -2.5664
  5.6439  -5.8162  -0.8701  -2.6431
  5.6626  -5.5097  -0.5690  -2.7085
  5.6793  -5.2068  -0.2779  -2.7637
  5.6941  -4.9074   0.0034  -2.8095
  5.7066  -4.6113   0.2751  -2.8469
  5.7169  -4.3184   0.5374  -2.8766
  5.7248  -4.0286   0.7905  -2.8993
  5.7301  -3.7417   1.0345  -2.9157
  5.7329  -3.4577   1.2695  -2.9262
  5.7329  -3.1765   1.4958  -2.9316
  5.7302  -2.8979   1.7134  -2.9321
  5.7246  -2.6220   1.9225  -2.9284
  5.7161  -2.3485   2.1232  -2.9207
  5.7046  -2.0776   2.3157  -2.9095
  5.6901  -1.8090   2.5000  -2.8950
  5.6725  -1.5428   2.6764  -2.8777
  5.6518  -1.2789   2.8447  -2.8578
  5.6280  -1.0171   3.0053  -2.8355
  5.6010  -0.7576   3.1581  -2.8112
  5.5708  -0.5002   3.3033  -2.7850
  5.5375  -0.2449   3.4409  -2.7572
  5.5009   0.0084   3.5711  -2.7280
  5.4613   0.2597   3.6939  -2.6975
  5.4184   0.5090   3.8094  -2.6659
  5.3724   0.7563   3.9176  -2.6333
  5.3233   1.0018   4.0186  -2.6000
  5.2712   1.2454   4.1126  -2.5660
  5.2159   1.4872   4.1995  -2.5315
  5.1577   1.7271   4.2794  -2.4965
  5.0965   1.9653   4.3523  -2.4612
  5.0324   2.2018   4.4184  -2.4256
  4.9654   2.4365   4.4777  -2.3899
  4.8956   2.6696   4.5301  -2.3540
  4.8231   2.9010   4.5758  -2.3182
  4.7479   3.1309   4.6148  -2.2824
  4.6701   3.3592   4.6472  -2.2467
  4.5897   3.5859   4.6729  -2.2112
  4.5068   3.8111   4.6921  -2.1759
  4.4215   4.0349   4.7046  -2.1407
  4.3339   4.2573   4.7107  -2.1059
  4.2440   4.4783   4.7102  -2.0713
  4.1519   4.6979   4.7032  -2.0371
  4.0576   4.9163   4.6898  -2.0031
  3.9613   5.1335   4.6699  -1.9695
  3.8630   5.3494   4.6437  -1.9362
  3.7628   5.5642   4.6110  -1.9032
  3.6607   5.7779   4.5719  -1.8705
  3.5568   5.9906   4.5265  -1.8381
  3.4512   6.2023   4.4747  -1.8059
  3.3440   6.4132   4.4165  -1.7740
  3.2351   6.6231   4.3520  -1.7422
  3.1247   6.8323   4.2811  -1.7104
  3.0128   7.0408   4.2040  -1.6787
  2.8995   7.2486   4.1205  -1.6470
  2.7847   7.4559   4.0307  -1.6150
  2.6687   7.6627   3.9345  -1.5828
  2.5513   7.8691   3.8321  -1.5501
  2.4327   8.0752   3.7234  -1.5168
  2.3128   8.2811   3.6083  -1.4827
  2.1917   8.4868   3.4870  -1.4477
  2.0695   8.6925   3.3594  -1.4114
  1.9461   8.8983   3.2255  -1.3736
  1.8216   9.1042   3.0852  -1.3341
  1.6960   9.3104   2.9388  -1.2924
  1.5692   9.5171   2.7860  -1.2482
  1.4414   9.7242   2.6270  -1.2010
  1.3124   9.9320   2.4617  -1.1504
  1.1823  10.1405   2.2902  -1.0958
  1.0511  10.3500   2.1124  -1.0366
  0.9187  10.5605   1.9284  -0.9721
  0.7852  10.7722   1.7382  -0.9016
  0.6504  10.9853   1.5419  -0.8242
  0.5145  11.1999   1.3394  -0.7389
  0.3772  11.4162   1.1308  -0.6447
  0.2386  11.6344   0.9161  -0.5405
  0.0986  11.8547   0.6954  -0.4251
 -0.0428  12.0773   0.4686  -0.2971
 -0.1858  12.3023   0.2360  -0.1556
 -0.3304  12.5301  -0.0025   0.0003
 -0.3304  12.5301  -0.0025   0.0003
  0.0840   7.3814  -0.6812   0.7523
  0.4093   3.2757  -1.3219   1.3669
  0.6545   0.0195  -1.9272   1.8760
  0.8304  -2.5526  -2.4991   2.3032
  0.9485  -4.5781  -3.0395   2.6669
  1.0192  -6.1693  -3.5500   2.9812
  1.0517  -7.4169  -4.0319   3.2574
  1.0537  -8.3935  -4.4865   3.5044
  1.0316  -9.1566  -4.9150   3.7293
  0.9906  -9.7520  -5.3183   3.9376
  0.9348 -10.2156  -5.6974   4.1336
  0.8676 -10.5755  -6.0530   4.3209
  0.7916 -10.8540  -6.3861   4.5021
  0.7090 -11.0684  -6.6973   4.6792
  0.6212 -11.2323  -6.9874   4.8540
  0.5298 -11.3564  -7.2569   5.0277
  0.4356 -11.4489  -7.5066   5.2011
  0.3395 -11.5164  -7.7370   5.3750
  0.2422 -11.5640  -7.9488   5.5499
  0.1442 -11.5957  -8.1424   5.7261
  0.0459 -11.6145  -8.3184   5.9039
 -0.0523 -11.6230  -8.4774   6.0834
 -0.1502 -11.6231  -8.6199   6.2646
 -0.2474 -11.6163  -8.7462   6.4476
 -0.3438 -11.6037  -8.8571   6.6323
 -0.4392 -11.5863  -8.9528   6.8187
 -0.5334 -11.5649  -9.0338   7.0067
 -0.6263 -11.5399  -9.1007   7.1962
 -0.7177 -11.5119  -9.1538   7.3870
 -0.8075 -11.4813  -9.1936   7.5789
 -0.8955 -11.4483  -9.2205   7.7720
 -0.9817 -11.4131  -9.2348   7.9659
 -1.0659 -11.3760  -9.2371   8.1607
 -1.1480 -11.3371  -9.2276   8.3560
 -1.2278 -11.2966  -9.2068   8.5517
 -1.3053 -11.2544  -9.1751   8.7478
 -1.3803 -11.2108  -9.1328   8.9439
 -1.4527 -11.1657  -9.0802   9.1401
 -1.5223 -11.1194  -9.0178   9.3361
 -1.5891 -11.0717  -8.9458   9.5317
 -1.6528 -11.0228  -8.8646   9.7268
 -1.7135 -10.9727  -8.7746   9.9213
 -1.7708 -10.9214  -8.6760  10.1149
 -1.8247 -10.8690  -8.5691  10.3075
 -1.8750 -10.8154  -8.4544  10.4989
 -1.9216 -10.7608  -8.3319  10.6890
 -1.9644 -10.7050  -8.2022  10.8775
 -2.0030 -10.6481  -8.0654  11.0641
 -2.0375 -10.5901  -7.9217  11.2488
 -2.0676 -10.5308  -7.7716  11.4312
 -2.0932 -10.4703  -7.6151  11.6109
 -2.1140 -10.4084  -7.4526  11.7877
 -2.1299 -10.3449  -7.2843  11.9612
 -2.1408 -10.2796  -7.1104  12.1309
 -2.1464 -10.2124  -6.9311  12.2961
 -2.1465 -10.1427  -6.7466  12.4562
 -2.1409 -10.0701  -6.5570  12.6105
 -2.1295  -9.9941  -6.3625  12.7577
 -2.1120  -9.9139  -6.1631  12.8966
 -2.0881  -9.8284  -5.9590  13.0257
 -2.0577  -9.7365  -5.7502  13.1428
 -2.0206  -9.6366  -5.5366  13.2454
 -1.9764  -9.5267  -5.3181  13.3303
 -1.9249  -9.4043  -5.0945  13.3934
 -1.8658  -9.2664  -4.8654  13.4295
 -1.7989  -9.1090  -4.6304  13.4320
 -1.7237  -8.9273  -4.3888  13.3924
 -1.6400  -8.7152  -4.1396  13.3001
 -1.5473  -8.4649  -3.8816  13.1413
 -1.4453  -8.1670  -3.6130  12.8984
 -1.3333  -7.8095  -3.3315  12.5492
 -1.2109  -7.3775  -3.0343  12.0649
 -1.0774  -6.8525  -2.7174  11.4087
 -0.9321  -6.2114  -2.3759  10.5336
 -0.7743  -5.4256  -2.0034   9.3791
 -0.6029  -4.4596  -1.5915   7.8671
 -0.4172  -3.2699  -1.1299   5.8967
 -0.2160  -1.8040  -0.6053   3.3345
  0.0015  -0.0003  -0.0003   0.0002
  0.0005  -0.0006  -0.0028   0.0056
  0.0005  -0.0006  -0.0029   0.0056
  0.0005  -0.0006  -0.0030   0.0057
  0.0005  -0.0006  -0.0030   0.0057
  0.0005  -0.0006  -0.0031   0.0057
  0.0004  -0.0006  -0.0031   0.0057
  0.0444   0.0220  11.4279  -9.9856
  0.0726   0.2570  11.3242  -9.7770
  0.1001   0.4761  11.2215  -9.5706
  0.1269   0.6796  11.1197  -9.3663
  0.1530   0.8678  11.0187  -9.1639
  0.1782   1.0414  10.9183  -8.9633
  0.2026   1.2009  10.8185  -8.7644
  0.2262   1.3471  10.7192  -8.5670
  0.2488   1.4806  10.6202  -8.3711
  0.2705   1.6023  10.5215  -8.1766
  0.2913   1.7129  10.4230  -7.9834
  0.3111   1.8133  10.3245  -7.7913
  0.3300   1.9040  10.2261  -7.6002
  0.3479   1.9860  10.1275  -7.4102
  0.3648   2.0598  10.0288  -7.2211
  0.3808   2.1260   9.9298  -7.0329
  0.3958   2.1854   9.8304  -6.8454
  0.4099   2.2384   9.7306  -6.6586
  0.4230   2.2856   9.6303  -6.4724
  0.4351   2.3275   9.5293  -6.2868
  0.4463   2.3645   9.4276  -6.1018
  0.4566   2.3971   9.3251  -5.9172
  0.4659   2.4257   9.2218  -5.7330
  0.4744   2.4507   9.1175  -5.5491
  0.4819   2.4722   9.0121  -5.3656
  0.4885   2.4908   8.9056  -5.1823
  0.4943   2.5065   8.7979  -4.9992
  0.4992   2.5198   8.6890  -4.8163
  0.5032   2.5308   8.5786  -4.6335
  0.5064   2.5397   8.4668  -4.4508
  0.5087   2.5467   8.3535  -4.2682
  0.5102   2.5521   8.2386  -4.0856
  0.5109   2.5558   8.1221  -3.9030
  0.5108   2.5581   8.0038  -3.7204
  0.5099   2.5590   7.8837  -3.5376
  0.5083   2.5588   7.7617  -3.3548
  0.5058   2.5574   7.6379  -3.1719
  0.5027   2.5550   7.5120  -2.9888
  0.4988   2.5515   7.3840  -2.8056
  0.4942   2.5472   7.2539  -2.6222
  0.4890   2.5419   7.1217  -2.4385
  0.4830   2.5357   6.9872  -2.2547
  0.4764   2.5287   6.8505  -2.0706
  0.4692   2.5208   6.7114  -1.8862
  0.4613   2.5121   6.5699  -1.7015
  0.4528   2.5024   6.4261  -1.5166
  0.4437   2.4919   6.2798  -1.3313
  0.4341   2.4804   6.1310  -1.1457
  0.4239   2.4679   5.9797  -0.9598
  0.4131   2.4544   5.8258  -0.7735
  0.4019   2.4397   5.6694  -0.5869
  0.3902   2.4237   5.5104  -0.3999
  0.3780   2.4064   5.3488  -0.2125
  0.3653   2.3876   5.1845  -0.0246
  0.3523   2.3672   5.0176   0.1636
  0.3388   2.3450   4.8481   0.3522
  0.3250   2.3207   4.6759   0.5413
  0.3108   2.2942   4.5010   0.7309
  0.2963   2.2652   4.3235   0.9209
  0.2815   2.2335   4.1434   1.1114
  0.2665   2.1986   3.9605   1.3024
  0.2512   2.1603   3.7751   1.4940
  0.2358   2.1182   3.5870   1.6860
  0.2202   2.0717   3.3963   1.8786
  0.2045   2.0203   3.2030   2.0718
  0.1888   1.9635   3.0071   2.2655
  0.1731   1.9005   2.8086   2.4599
  0.1574   1.8307   2.6076   2.6549
  0.1418   1.7531   2.4041   2.8506
  0.1263   1.6669   2.1981   3.0469
  0.1111   1.5708   1.9896   3.2440
  0.0962   1.4637   1.7787   3.4418
  0.0817   1.3441   1.5654   3.6404
  0.0676   1.2105   1.3496   3.8398
  0.0542   1.0612   1.1315   4.0401
  0.0413   0.8941   0.9110   4.2412
  0.0293   0.7070   0.6882   4.4433
  0.0182   0.4975   0.4630   4.6464
  0.0081   0.2629   0.2356   4.8505
 -0.0008   0.0003   0.0059   5.0557
 -0.0008   0.0003   0.0059   5.0557
  0.0085   0.8957  -0.1127   2.7940
  0.0139   1.6120  -0.2487   0.9866
  0.0151   2.1852  -0.3995  -0.4555
  0.0117   2.6439  -0.5625  -1.6042
  0.0037   3.0110  -0.7350  -2.5174
 -0.0089   3.3046  -0.9144  -3.2417
 -0.0259   3.5392  -1.0985  -3.8147
 -0.0474   3.7261  -1.2856  -4.2665
 -0.0730   3.8746  -1.4740  -4.6213
 -0.1028   3.9921  -1.6625  -4.8982
 -0.1365   4.0842  -1.8499  -5.1129
 -0.1740   4.1557  -2.0353  -5.2778
 -0.2151   4.2103  -2.2181  -5.4025
 -0.2597   4.2509  -2.3977  -5.4952
 -0.3075   4.2799  -2.5735  -5.5620
 -0.3585   4.2990  -2.7453  -5.6080
 -0.4125   4.3098  -2.9126  -5.6371
 -0.4693   4.3134  -3.0753  -5.6526
 -0.5287   4.3108  -3.2331  -5.6570
 -0.5905   4.3027  -3.3859  -5.6523
 -0.6547   4.2897  -3.5335  -5.6400
 -0.7210   4.2721  -3.6757  -5.6216
 -0.7893   4.2505  -3.8126  -5.5980
 -0.8593   4.2251  -3.9439  -5.5700
 -0.9309   4.1961  -4.0697  -5.5382
 -1.0040   4.1636  -4.1897  -5.5033
 -1.0784   4.1280  -4.3040  -5.4656
 -1.1538   4.0891  -4.4126  -5.4254
 -1.2302   4.0472  -4.5152  -5.3832
 -1.3073   4.0023  -4.6119  -5.3389
 -1.3849   3.9546  -4.7025  -5.2930
 -1.4628   3.9039  -4.7871  -5.2455
 -1.5410   3.8504  -4.8656  -5.1966
 -1.6191   3.7941  -4.9378  -5.1465
 -1.6969   3.7351  -5.0038  -5.0951
 -1.7743   3.6734  -5.0634  -5.0427
 -1.8511   3.6089  -5.1167  -4.9892
 -1.9270   3.5418  -5.1634  -4.9349
 -2.0019   3.4720  -5.2035  -4.8797
 -2.0754   3.3996  -5.2370  -4.8238
 -2.1474   3.3246  -5.2638  -4.7672
 -2.2177   3.2469  -5.2838  -4.7099
 -2.2859   3.1668  -5.2968  -4.6521
 -2.3519   3.0840  -5.3028  -4.5938
 -2.4153   2.9988  -5.3018  -4.5350
 -2.4759   2.9110  -5.2935  -4.4758
 -2.5335   2.8208  -5.2779  -4.4163
 -2.5876   2.7281  -5.2549  -4.3564
 -2.6381   2.6330  -5.2243  -4.2963
 -2.6846   2.5355  -5.1861  -4.2359
 -2.7267   2.4356  -5.1402  -4.1752
 -2.7642   2.3332  -5.0863  -4.1143
 -2.7966   2.2286  -5.0243  -4.0532
 -2.8235   2.1215  -4.9542  -3.9917
 -2.8446   2.0122  -4.8758  -3.9299
 -2.8595   1.9005  -4.7888  -3.8676
 -2.8676   1.7864  -4.6933  -3.8048
 -2.8685   1.6700  -4.5889  -3.7412
 -2.8618   1.5513  -4.4756  -3.6767
 -2.8468   1.4302  -4.3531  -3.6108
 -2.8230   1.3069  -4.2213  -3.5432
 -2.7899   1.1812  -4.0799  -3.4734
 -2.7468   1.0533  -3.9289  -3.4007
 -2.6930   0.9232  -3.7679  -3.3244
 -2.6278   0.7913  -3.5968  -3.2433
 -2.5504   0.6576  -3.4153  -3.1562
 -2.4602   0.5228  -3.2233  -3.0615
 -2.3561   0.3875  -3.0205  -2.9572
 -2.2373   0.2528  -2.8066  -2.8411
 -2.1028   0.1204  -2.5814  -2.7102
 -1.9516  -0.0075  -2.3446  -2.5611
 -1.7827  -0.1274  -2.0961  -2.3895
 -1.5949  -0.2346  -1.8354  -2.1905
 -1.3872  -0.3225  -1.5622  -1.9581
 -1.1584  -0.3817  -1.2764  -1.6852
 -0.9071  -0.3996  -0.9775  -1.3636
 -0.6319  -0.3591  -0.6652  -0.9835
 -0.3309  -0.2366  -0.3390  -0.5334
 -0.0015   0.0004   0.0014  -0.0002
 -0.0015   0.0004   0.0013  -0.0003
 -0.0016   0.0004   0.0013  -0.0003
 -0.0017   0.0005   0.0013  -0.0003
 -0.0018   0.0005   0.0013  -0.0003
 -0.0020   0.0005   0.0013  -0.0003
 -0.0021   0.0005   0.0013  -0.0002
  5.5956  -5.2522  -0.0709   0.0118
  5.5858  -4.9229   0.1918  -0.4227
  5.5737  -4.5978   0.4455  -0.8107
  5.5592  -4.2769   0.6903  -1.1565
  5.5424  -3.9600   0.9263  -1.4640
  5.5230  -3.6470   1.1537  -1.7367
  5.5010  -3.3376   1.3725  -1.9779
  5.4763  -3.0320   1.5829  -2.1904
  5.4489  -2.7298   1.7851  -2.3770
  5.4187  -2.4311   1.9791  -2.5399
  5.3857  -2.1358   2.1652  -2.6815
  5.3498  -1.8437   2.3433  -2.8037
  5.3111  -1.5548   2.5138  -2.9082
  5.2695  -1.2690   2.6766  -2.9967
  5.2249  -0.9862   2.8318  -3.0708
  5.1775  -0.7065   2.9797  -3.1316
  5.1271  -0.4296   3.1202  -3.1805
  5.0739  -0.1556   3.2535  -3.2185
  5.0177   0.1156   3.3797  -3.2467
  4.9588   0.3840   3.4988  -3.2660
  4.8970   0.6498   3.6110  -3.2771
  4.8325   0.9129   3.7163  -3.2808
  4.7652   1.1735   3.8149  -3.2778
  4.6952   1.4315   3.9067  -3.2686
  4.6226   1.6870   3.9919  -3.2540
  4.5475   1.9400   4.0705  -3.2343
  4.4698   2.1907   4.1426  -3.2099
  4.3897   2.4391   4.2083  -3.1814
  4.3072   2.6851   4.2677  -3.1491
  4.2224   2.9290   4.3207  -3.1133
  4.1354   3.1706   4.3676  -3.0743
  4.0462   3.4102   4.4082  -3.0324
  3.9550   3.6476   4.4428  -2.9879
  3.8617   3.8830   4.4713  -2.9410
  3.7665   4.1165   4.4938  -2.8918
  3.6694   4.3481   4.5103  -2.8406
  3.5706   4.5778   4.5210  -2.7875
  3.4701   4.8058   4.5258  -2.7327
  3.3679   5.0320   4.5249  -2.6763
  3.2642   5.2566   4.5182  -2.6185
  3.1590   5.4797   4.5058  -2.5594
  3.0524   5.7012   4.4878  -2.4990
  2.9445   5.9212   4.4642  -2.4375
  2.8353   6.1399   4.4350  -2.3750
  2.7249   6.3573   4.4004  -2.3115
  2.6134   6.5735   4.3602  -2.2471
  2.5007   6.7886   4.3147  -2.1819
  2.3870   7.0026   4.2637  -2.1160
  2.2724   7.2156   4.2074  -2.0494
  2.1568   7.4278   4.1458  -1.9821
  2.0403   7.6392   4.0790  -1.9143
  1.9229   7.8499   4.0069  -1.8460
  1.8047   8.0600   3.9296  -1.7772
  1.6858   8.2696   3.8472  -1.7080
  1.5660   8.4788   3.7596  -1.6384
  1.4456   8.6877   3.6669  -1.5686
  1.3244   8.8965   3.5692  -1.4984
  1.2025   9.1051   3.4665  -1.4281
  1.0799   9.3139   3.3587  -1.3577
  0.9566   9.5227   3.2460  -1.2872
  0.8326   9.7319   3.1284  -1.2167
  0.7080   9.9416   3.0058  -1.1462
  0.5826  10.1517   2.8784  -1.0758
  0.4564  10.3626   2.7462  -1.0057
  0.3296  10.5743   2.6091  -0.9358
  0.2019  10.7870   2.4673  -0.8663
  0.0735  11.0009   2.3207  -0.7972
 -0.0558  11.2161   2.1695  -0.7287
 -0.1860  11.4327   2.0135  -0.6608
 -0.3171  11.6511   1.8528  -0.5937
 -0.4492  11.8713   1.6876  -0.5275
 -0.5824  12.0935   1.5177  -0.4623
 -0.7167  12.3180   1.3433  -0.3984
 -0.8522  12.5449   1.1644  -0.3357
 -0.9889  12.7746   0.9809  -0.2747
 -1.1271  13.0072   0.7930  -0.2153
 -1.2667  13.2430   0.6006  -0.1579
 -1.4079  13.4823   0.4039  -0.1027
 -1.5509  13.7254   0.2028  -0.0499
 -1.6956  13.9725  -0.0027   0.0002
 -1.6956  13.9725  -0.0027   0.0002
 -1.5798  24.3854  -0.2582   0.1304
 -0.7581  25.1060  -0.5991   0.2667
  0.3022  22.0461  -0.9642   0.4048
  1.3414  18.4072  -1.3210   0.5435
  2.3213  14.6861  -1.6648   0.6832
  3.2237  11.0768  -1.9942   0.8251
  4.0401   7.6594  -2.3089   0.9699
  4.7671   4.4619  -2.6092   1.1183
  5.4046   1.4839  -2.8954   1.2705
  5.9543  -1.2908  -3.1681   1.4269
  6.4192  -3.8864  -3.4277   1.5878
  6.8026  -6.3295  -3.6749   1.7531
  7.1081  -8.6468  -3.9102   1.9230
  7.3387 -10.8622  -4.1338   2.0974
  7.4973 -12.9959  -4.3464   2.2763
  7.5859 -15.0633  -4.5482   2.4596
  7.6059 -17.0739  -4.7395   2.6473
  7.5577 -19.0306  -4.9205   2.8393
  7.4411 -20.9280  -5.0913   3.0355
  7.2549 -22.7507  -5.2520   3.2357
  6.9972 -24.4711  -5.4024   3.4400
  6.6652 -26.0469  -5.5423   3.6481
  6.2566 -27.4200  -5.6711   3.8601
  5.7700 -28.5193  -5.7882   4.0758
  5.2079 -29.2756  -5.8929   4.2951
  4.5798 -29.6576  -5.9846   4.5177
  3.9019 -29.6971  -6.0635   4.7435
  3.1913 -29.4639  -6.1304   4.9724
  2.4630 -29.0318  -6.1860   5.2043
  1.7282 -28.4623  -6.2311   5.4390
  0.9954 -27.8016  -6.2664   5.6767
  0.2707 -27.0832  -6.2925   5.9172
 -0.4414 -26.3301  -6.3099   6.1604
 -1.1375 -25.5581  -6.3191   6.4064
 -1.8151 -24.7777  -6.3205   6.6551
 -2.4720 -23.9953  -6.3144   6.9066
 -3.1067 -23.2149  -6.3011   7.1607
 -3.7178 -22.4387  -6.2810   7.4176
 -4.3039 -21.6676  -6.2544   7.6772
 -4.8641 -20.9017  -6.2214   7.9395
 -5.3971 -20.1407  -6.1824   8.2045
 -5.9022 -19.3840  -6.1376   8.4724
 -6.3784 -18.6309  -6.0872   8.7431
 -6.8248 -17.8806  -6.0315   9.0166
 -7.2407 -17.1325  -5.9707   9.2931
 -7.6252 -16.3861  -5.9049   9.5725
 -7.9776 -15.6408  -5.8345   9.8549
 -8.2972 -14.8964  -5.7594  10.1404
 -8.5833 -14.1528  -5.6801  10.4289
 -8.8354 -13.4099  -5.5966  10.7205
 -9.0530 -12.6679  -5.5090  11.0152
 -9.2354 -11.9271  -5.4176  11.3128
 -9.3822 -11.1880  -5.3225  11.6134
 -9.4930 -10.4510  -5.2238  11.9165
 -9.5674  -9.7169  -5.1217  12.2221
 -9.6051  -8.9865  -5.0162  12.5296
 -9.6059  -8.2608  -4.9074  12.8384
 -9.5694  -7.5410  -4.7955  13.1476
 -9.4955  -6.8284  -4.6803  13.4561
 -9.3840  -6.1245  -4.5621  13.7623
 -9.2349  -5.4309  -4.4406  14.0641
 -9.0479  -4.7497  -4.3158  14.3587
 -8.8230  -4.0831  -4.1875  14.6424
 -8.5602  -3.4337  -4.0554  14.9103
 -8.2595  -2.8046  -3.9190  15.1560
 -7.9209  -2.1992  -3.7777  15.3713
 -7.5443  -1.6217  -3.6307  15.5451
 -7.1298  -1.0770  -3.4766  15.6633
 -6.6773  -0.5706  -3.3139  15.7073
 -6.1868  -0.1095  -3.1401  15.6528
 -5.6582   0.2984  -2.9522  15.4682
 -5.0913   0.6435  -2.7461  15.1119
 -4.4858   0.9144  -2.5162  14.5296
 -3.8413   1.0975  -2.2551  13.6497
 -3.1572   1.1765  -1.9531  12.3776
 -2.4325   1.1317  -1.5971  10.5868
 -1.6659   0.9401  -1.1700   8.1063
 -0.8557   0.5737  -0.6485   4.6973
  0.0010  -0.0004   0.0010   0.0003
  0.0492   0.0186  11.5917  -7.7993
 -0.0524  -0.6727  11.5304  -7.6331
 -0.1511  -1.2616  11.4692  -7.4670
 -0.2472  -1.7583  11.4080  -7.3012
 -0.3407  -2.1720  11.3465  -7.1354
 -0.4317  -2.5113  11.2846  -6.9696
 -0.5202  -2.7837  11.2221  -6.8037
 -0.6060  -2.9959  11.1589  -6.6376
 -0.6891  -3.1541  11.0949  -6.4713
 -0.7695  -3.2639  11.0298  -6.3046
 -0.8470  -3.3302  10.9636  -6.1376
 -0.9216  -3.3576  10.8960  -5.9701
 -0.9932  -3.3501  10.8271  -5.8022
 -1.0618  -3.3114  10.7565  -5.6337
 -1.1273  -3.2447  10.6843  -5.4646
 -1.1895  -3.1531  10.6102  -5.2949
 -1.2486  -3.0391  10.5342  -5.1245
 -1.3045  -2.9052  10.4561  -4.9533
 -1.3571  -2.7537  10.3759  -4.7815
 -1.4065  -2.5863  10.2933  -4.6088
 -1.4526  -2.4049  10.2083  -4.4354
 -1.4954  -2.2110  10.1208  -4.2611
 -1.5349  -2.0062  10.0307  -4.0860
 -1.5713  -1.7916   9.9378  -3.9099
 -1.6044  -1.5685   9.8421  -3.7330
 -1.6343  -1.3379   9.7435  -3.5551
 -1.6611  -1.1007   9.6418  -3.3763
 -1.6847  -0.8578   9.5370  -3.1965
 -1.7053  -0.6101   9.4290  -3.0158
 -1.7229  -0.3581   9.3177  -2.8341
 -1.7375  -0.1026   9.2030  -2.6514
 -1.7491   0.1558   9.0848  -2.4677
 -1.7579   0.4166   8.9631  -2.2830
 -1.7639   0.6793   8.8378  -2.0973
 -1.7671   0.9434   8.7087  -1.9106
 -1.7676   1.2084   8.5760  -1.7229
 -1.7656   1.4739   8.4394  -1.5342
 -1.7609   1.7395   8.2989  -1.3445
 -1.7538   2.0047   8.1545  -1.1538
 -1.7443   2.2693   8.0062  -0.9621
 -1.7325   2.5327   7.8538  -0.7693
 -1.7184   2.7946   7.6973  -0.5756
 -1.7021   3.0546   7.5368  -0.3809
 -1.6838   3.3122   7.3721  -0.1852
 -1.6634   3.5670   7.2033   0.0115
 -1.6411   3.8185   7.0303   0.2092
 -1.6169   4.0662   6.8532   0.4078
 -1.5909   4.3096   6.6718   0.6074
 -1.5633   4.5480   6.4862   0.8080
 -1.5340   4.7808   6.2964   1.0096
 -1.5032   5.0074   6.1024   1.2122
 -1.4709   5.2269   5.9042   1.4157
 -1.4373   5.4385   5.7017   1.6202
 -1.4024   5.6412   5.4951   1.8257
 -1.3662   5.8340   5.2844   2.0322
 -1.3288   6.0157   5.0694   2.2397
 -1.2903   6.1851   4.8504   2.4482
 -1.2507   6.3407   4.6272   2.6577
 -1.2101   6.4810   4.4000   2.8682
 -1.1685   6.6041   4.1687   3.0798
 -1.1259   6.7081   3.9333   3.2925
 -1.0823   6.7909   3.6940   3.5063
 -1.0377   6.8500   3.4508   3.7212
 -0.9921   6.8828   3.2035   3.9372
 -0.9454   6.8862   2.9524   4.1545
 -0.8976   6.8570   2.6974   4.3730
 -0.8485   6.7914   2.4386   4.5928
 -0.7980   6.6855   2.1759   4.8139
 -0.7460   6.5345   1.9093   5.0364
 -0.6923   6.3336   1.6390   5.2604
 -0.6367   6.0771   1.3649   5.4859
 -0.5789   5.7590   1.0870   5.7130
 -0.5187   5.3722   0.8052   5.9417
 -0.4557   4.9094   0.5197   6.1722
 -0.3896   4.3621   0.2303   6.4045
 -0.3202   3.7211  -0.0629   6.6388
 -0.2469   2.9762  -0.3601   6.8752
 -0.1695   2.1163  -0.6612   7.1137
 -0.0878   1.1289  -0.9664   7.3546
 -0.0014   0.0003  -1.2756   7.5978
 -0.0014   0.0003  -1.2756   7.5978
 -0.2673  -1.2439  -0.7749  -0.4662
 -0.5312  -2.1682  -0.4383  -6.8863
 -0.7918  -2.8377  -0.2624 -11.8958
 -1.0480  -3.3039  -0.2331 -15.6968
 -1.2983  -3.6077  -0.3298 -18.4714
 -1.5414  -3.7821  -0.5289 -20.3906
 -1.7761  -3.8530  -0.8064 -21.6165
 -2.0015  -3.8416  -1.1405 -22.2970
 -2.2168  -3.7646  -1.5127 -22.5586
 -2.4214  -3.6356  -1.9084 -22.5058
 -2.6149  -3.4654  -2.3166 -22.2212
 -2.7972  -3.2629  -2.7289 -21.7697
 -2.9681  -3.0349  -3.1390 -21.2013
 -3.1276  -2.7872  -3.5426 -20.5537
 -3.2758  -2.5241  -3.9365 -19.8553
 -3.4127  -2.2493  -4.3185 -19.1276
 -3.5386  -1.9656  -4.6873 -18.3859
 -3.6537  -1.6754  -5.0417 -17.6414
 -3.7581  -1.3805  -5.3813 -16.9018
 -3.8522  -1.0824  -5.7057 -16.1722
 -3.9361  -0.7823  -6.0146 -15.4562
 -4.0102  -0.4810  -6.3081 -14.7559
 -4.0747  -0.1793  -6.5862 -14.0722
 -4.1299   0.1222  -6.8489 -13.4057
 -4.1760   0.4231  -7.0963 -12.7564
 -4.2134   0.7231  -7.3285 -12.1240
 -4.2424   1.0218  -7.5456 -11.5078
 -4.2631   1.3192  -7.7479 -10.9072
 -4.2760   1.6152  -7.9353 -10.3215
 -4.2813   1.9096  -8.1081  -9.7498
 -4.2792   2.2024  -8.2662  -9.1914
 -4.2702   2.4936  -8.4099  -8.6454
 -4.2544   2.7833  -8.5392  -8.1110
 -4.2321   3.0715  -8.6543  -7.5876
 -4.2037   3.3583  -8.7551  -7.0743
 -4.1693   3.6438  -8.8419  -6.5705
 -4.1294   3.9281  -8.9147  -6.0756
 -4.0842   4.2112  -8.9735  -5.5890
 -4.0339   4.4934  -9.0184  -5.1101
 -3.9789   4.7748  -9.0495  -4.6384
 -3.9194   5.0554  -9.0669  -4.1735
 -3.8558   5.3355  -9.0705  -3.7148
 -3.7882   5.6152  -9.0606  -3.2619
 -3.7171   5.8946  -9.0371  -2.8146
 -3.6426   6.1738  -9.0000  -2.3724
 -3.5651   6.4531  -8.9495  -1.9350
 -3.4849   6.7324  -8.8855  -1.5022
 -3.4022   7.0120  -8.8081  -1.0737
 -3.3173   7.2918  -8.7174  -0.6493
 -3.2305   7.5719  -8.6134  -0.2289
 -3.1422   7.8524  -8.4962   0.1877
 -3.0525   8.1332  -8.3657   0.6004
 -2.9617   8.4140  -8.2220   1.0092
 -2.8703   8.6948  -8.0652   1.4141
 -2.7783   8.9751  -7.8953   1.8147
 -2.6861   9.2545  -7.7123   2.2108
 -2.5939   9.5323  -7.5163   2.6018
 -2.5020   9.8075  -7.3073   2.9871
 -2.4106  10.0788  -7.0855   3.3656
 -2.3199  10.3447  -6.8507   3.7363
 -2.2300  10.6028  -6.6032   4.0975
 -2.1411  10.8504  -6.3428   4.4472
 -2.0532  11.0840  -6.0698   4.7828
 -1.9663  11.2988  -5.7842   5.1012
 -1.8802  11.4891  -5.4860   5.3982
 -1.7947  11.6472  -5.1753   5.6687
 -1.7094  11.7637  -4.8521   5.9064
 -1.6237  11.8266  -4.5165   6.1033
 -1.5366  11.8206  -4.1686   6.2495
 -1.4469  11.7267  -3.8084   6.3326
 -1.3529  11.5207  -3.4359   6.3373
 -1.2523  11.1723  -3.0510   6.2446
 -1.1422  10.6434  -2.6536   6.0311
 -1.0190   9.8864  -2.2437   5.6676
 -0.8779   8.8416  -1.8209   5.1181
 -0.7132   7.4347  -1.3852   4.3382
 -0.5178   5.5730  -0.9364   3.2729
 -0.2836   3.1420  -0.4743   1.8546
  6.2619  -6.4824  -0.5590   1.8740
  6.3067  -6.1642  -0.2756   0.3976
  6.3486  -5.8502  -0.0017  -0.8939
  6.3874  -5.5402   0.2621  -2.0189
  6.4231  -5.2338   0.5157  -2.9939
  6.4556  -4.9310   0.7588  -3.8340
  6.4847  -4.6316   0.9918  -4.5528
  6.5105  -4.3354   1.2148  -5.1625
  6.5328  -4.0423   1.4280  -5.6742
  6.5515  -3.7521   1.6318  -6.0979
  6.5667  -3.4647   1.8266  -6.4426
  6.5783  -3.1800   2.0125  -6.7164
  6.5861  -2.8979   2.1900  -6.9268
  6.5902  -2.6183   2.3593  -7.0803
  6.5905  -2.3411   2.5207  -7.1830
  6.5869  -2.0662   2.6745  -7.2403
  6.5795  -1.7937   2.8210  -7.2569
  6.5682  -1.5233   2.9602  -7.2373
  6.5530  -1.2551   3.0924  -7.1855
  6.5340  -0.9890   3.2178  -7.1048
  6.5110  -0.7249   3.3366  -6.9986
  6.4840  -0.4629   3.4488  -6.8697
  6.4532  -0.2028   3.5545  -6.7207
  6.4186   0.0554   3.6540  -6.5538
  6.3800   0.3116   3.7472  -6.3712
  6.3376   0.5660   3.8343  -6.1746
  6.2915   0.8185   3.9152  -5.9659
  6.2416   1.0692   3.9902  -5.7464
  6.1880   1.3181   4.0591  -5.5175
  6.1307   1.5652   4.1222  -5.2804
  6.0699   1.8106   4.1793  -5.0363
  6.0055   2.0542   4.2306  -4.7861
  5.9377   2.2961   4.2760  -4.5306
  5.8664   2.5364   4.3157  -4.2707
  5.7919   2.7749   4.3496  -4.0071
  5.7142   3.0119   4.3777  -3.7404
  5.6333   3.2472   4.4001  -3.4712
  5.5493   3.4808   4.4167  -3.2002
  5.4624   3.7130   4.4277  -2.9277
  5.3726   3.9435   4.4330  -2.6542
  5.2800   4.1726   4.4326  -2.3803
  5.1848   4.4002   4.4265  -2.1062
  5.0869   4.6263   4.4147  -1.8325
  4.9865   4.8509   4.3974  -1.5595
  4.8837   5.0742   4.3743  -1.2876
  4.7786   5.2962   4.3457  -1.0172
  4.6712   5.5168   4.3114  -0.7488
  4.5618   5.7362   4.2715  -0.4826
  4.4503   5.9544   4.2259  -0.2193
  4.3368   6.1713   4.1748   0.0408
  4.2215   6.3872   4.1180   0.2971
  4.1044   6.6020   4.0556   0.5492
  3.9855   6.8158   3.9876   0.7963
  3.8651   7.0287   3.9140   1.0379
  3.7432   7.2407   3.8348   1.2733
  3.6197   7.4519   3.7499   1.5016
  3.4949   7.6623   3.6594   1.7219
  3.3688   7.8721   3.5633   1.9334
  3.2414   8.0813   3.4616   2.1350
  3.1128   8.2901   3.3542   2.3254
  2.9830   8.4984   3.2412   2.5033
  2.8522   8.7063   3.1226   2.6673
  2.7203   8.9141   2.9983   2.8156
  2.5874   9.1217   2.8684   2.9465
  2.4535   9.3293   2.7328   3.0580
  2.3188   9.5370   2.5915   3.1477
  2.1831   9.7449   2.4446   3.2132
  2.0466   9.9532   2.2919   3.2515
  1.9092  10.1619   2.1336   3.2596
  1.7710  10.3711   1.9695   3.2340
  1.6320  10.5811   1.7997   3.1708
  1.4922  10.7919   1.6241   3.0655
  1.3517  11.0038   1.4426   2.9135
  1.2103  11.2168   1.2551   2.7094
  1.0682  11.4312   1.0617   2.4470
  0.9253  11.6470   0.8620   2.1198
  0.7816  11.8646   0.6560   1.7203
  0.6371  12.0841   0.4434   1.2403
  0.4918  12.3057   0.2239   0.6704
  0.3457  12.5295  -0.0029   0.0003
  0.3457  12.5295  -0.0029   0.0003
  0.7961   6.3922  -0.7156  -1.1678
  1.1405   1.5350  -1.3846  -2.0209
  1.3879  -2.2763  -2.0146  -2.6202
  1.5510  -5.2420  -2.6091  -3.0147
  1.6436  -7.5300  -3.1711  -3.2438
  1.6789  -9.2783  -3.7024  -3.3391
  1.6686 -10.5997  -4.2048  -3.3260
  1.6226 -11.5847  -4.6796  -3.2248
  1.5493 -12.3059  -5.1278  -3.0522
  1.4552 -12.8210  -5.5503  -2.8215
  1.3459 -13.1757  -5.9480  -2.5432
  1.2257 -13.4061  -6.3215  -2.2262
  1.0978 -13.5403  -6.6714  -1.8774
  0.9650 -13.6006  -6.9982  -1.5026
  0.8292 -13.6044  -7.3026  -1.1064
  0.6921 -13.5652  -7.5849  -0.6924
  0.5548 -13.4936  -7.8457  -0.2639
  0.4184 -13.3977  -8.0855   0.1768
  0.2834 -13.2840  -8.3045   0.6276
  0.1505 -13.1573  -8.5034   1.0869
  0.0200 -13.0214  -8.6826   1.5532
 -0.1077 -12.8792  -8.8424   2.0253
 -0.2324 -12.7328  -8.9834   2.5025
 -0.3539 -12.5839  -9.1060   2.9838
 -0.4721 -12.4338  -9.2105   3.4686
 -0.5870 -12.2832  -9.2976   3.9563
 -0.6983 -12.1330  -9.3675   4.4464
 -0.8061 -11.9835  -9.4209   4.9385
 -0.9104 -11.8350  -9.4580   5.4321
 -1.0109 -11.6878  -9.4795   5.9270
 -1.1079 -11.5419  -9.4858   6.4226
 -1.2011 -11.3974  -9.4774   6.9189
 -1.2905 -11.2543  -9.4547   7.4153
 -1.3762 -11.1126  -9.4183   7.9117
 -1.4581 -10.9721  -9.3687   8.4077
 -1.5361 -10.8329  -9.3063   8.9030
 -1.6103 -10.6948  -9.2318   9.3973
 -1.6805 -10.5578  -9.1456   9.8903
 -1.7467 -10.4218  -9.0483  10.3817
 -1.8088 -10.2866  -8.9405  10.8712
 -1.8669 -10.1522  -8.8227  11.3584
 -1.9209 -10.0185  -8.6954  11.8431
 -1.9706  -9.8854  -8.5593  12.3248
 -2.0160  -9.7529  -8.4148  12.8032
 -2.0571  -9.6208  -8.2627  13.2781
 -2.0938  -9.4891  -8.1035  13.7490
 -2.1261  -9.3577  -7.9377  14.2155
 -2.1537  -9.2265  -7.7660  14.6773
 -2.1767  -9.0954  -7.5890  15.1340
 -2.1950  -8.9644  -7.4073  15.5851
 -2.2085  -8.8333  -7.2214  16.0301
 -2.2170  -8.7020  -7.0319  16.4685
 -2.2206  -8.5704  -6.8395  16.8996
 -2.2190  -8.4382  -6.6447  17.3227
 -2.2123  -8.3053  -6.4481  17.7368
 -2.2002  -8.1715  -6.2501  18.1408
 -2.1827  -8.0363  -6.0513  18.5332
 -2.1597  -7.8994  -5.8521  18.9124
 -2.1310  -7.7602  -5.6530  19.2761
 -2.0965  -7.6182  -5.4544  19.6215
 -2.0561  -7.4726  -5.2563  19.9451
 -2.0096  -7.3223  -5.0591  20.2424
 -1.9568  -7.1661  -4.8627  20.5077
 -1.8976  -7.0026  -4.6670  20.7339
 -1.8318  -6.8297  -4.4716  20.9117
 -1.7591  -6.6452  -4.2758  21.0295
 -1.6794  -6.4460  -4.0785  21.0727
 -1.5923  -6.2284  -3.8783  21.0227
 -1.4974  -5.9879  -3.6729  20.8558
 -1.3945  -5.7187  -3.4595  20.5420
 -1.2831  -5.4137  -3.2342  20.0435
 -1.1627  -5.0639  -2.9919  19.3123
 -1.0327  -4.6584  -2.7261  18.2877
 -0.8923  -4.1834  -2.4283  16.8930
 -0.7406  -3.6219  -2.0880  15.0317
 -0.5768  -2.9525  -1.6922  12.5825
 -0.3995  -2.1489  -1.2250   9.3938
 -0.2074  -1.1784  -0.6680   5.2772
  0.0011  -0.0003  -0.0005   0.0003
  0.0006  -0.0005  -0.0077   0.0119
  0.0006  -0.0005  -0.0077   0.0118
  0.0006  -0.0005  -0.0077   0.0118
  0.0006  -0.0005  -0.0078   0.0119
  0.0458   0.0234  12.0786 -10.5282
  0.0046   0.1517  12.0035 -10.3342
 -0.0348   0.2715  11.9290 -10.1417
 -0.0725   0.3836  11.8550  -9.9505
 -0.1085   0.4886  11.7814  -9.7605
 -0.1429   0.5872  11.7082  -9.5716
 -0.1757   0.6800  11.6351  -9.3837
 -0.2070   0.7676  11.5622  -9.1966
 -0.2368   0.8504  11.4893  -9.0103
 -0.2652   0.9288  11.4163  -8.8247
 -0.2921   1.0034  11.3431  -8.6396
 -0.3177   1.0743  11.2696  -8.4550
 -0.3419   1.1420  11.1958  -8.2708
 -0.3648   1.2067  11.1214  -8.0869
 -0.3864   1.2688  11.0464  -7.9031
 -0.4068   1.3284  10.9706  -7.7196
 -0.4259   1.3859  10.8941  -7.5360
 -0.4438   1.4413  10.8166  -7.3525
 -0.4606   1.4949  10.7381  -7.1688
 -0.4762   1.5468  10.6584  -6.9850
 -0.4907   1.5972  10.5775  -6.8010
 -0.5041   1.6462  10.4952  -6.6168
 -0.5164   1.6940  10.4115  -6.4321
 -0.5277   1.7406  10.3261  -6.2471
 -0.5379   1.7862  10.2391  -6.0617
 -0.5472   1.8308  10.1502  -5.8758
 -0.5555   1.8745  10.0594  -5.6893
 -0.5629   1.9173   9.9666  -5.5022
 -0.5693   1.9594   9.8716  -5.3145
 -0.5749   2.0008   9.7744  -5.1262
 -0.5795   2.0414   9.6748  -4.9371
 -0.5833   2.0814   9.5727  -4.7473
 -0.5863   2.1208   9.4680  -4.5567
 -0.5885   2.1595   9.3606  -4.3653
 -0.5898   2.1977   9.2505  -4.1730
 -0.5904   2.2352   9.1374  -3.9799
 -0.5902   2.2720   9.0213  -3.7859
 -0.5894   2.3083   8.9021  -3.5910
 -0.5877   2.3438   8.7796  -3.3952
 -0.5854   2.3786   8.6539  -3.1983
 -0.5825   2.4127   8.5247  -3.0005
 -0.5788   2.4460   8.3920  -2.8018
 -0.5746   2.4784   8.2557  -2.6020
 -0.5697   2.5098   8.1158  -2.4012
 -0.5642   2.5402   7.9721  -2.1993
 -0.5581   2.5694   7.8246  -1.9964
 -0.5515   2.5974   7.6731  -1.7925
 -0.5443   2.6240   7.5177  -1.5874
 -0.5365   2.6490   7.3583  -1.3813
 -0.5282   2.6723   7.1947  -1.1742
 -0.5194   2.6937   7.0270  -0.9659
 -0.5101   2.7130   6.8550  -0.7566
 -0.5002   2.7299   6.6789  -0.5462
 -0.4899   2.7441   6.4984  -0.3346
 -0.4791   2.7555   6.3136  -0.1220
 -0.4678   2.7636   6.1245   0.0918
 -0.4560   2.7680   5.9310   0.3066
 -0.4438   2.7685   5.7332   0.5226
 -0.4310   2.7644   5.5309   0.7397
 -0.4178   2.7554   5.3242   0.9579
 -0.4040   2.7409   5.1131   1.1773
 -0.3898   2.7202   4.8977   1.3978
 -0.3750   2.6926   4.6778   1.6195
 -0.3597   2.6575   4.4536   1.8424
 -0.3438   2.6139   4.2251   2.0664
 -0.3273   2.5610   3.9922   2.2916
 -0.3101   2.4977   3.7551   2.5181
 -0.2923   2.4229   3.5137   2.7457
 -0.2738   2.3352   3.2680   2.9747
 -0.2545   2.2334   3.0182   3.2049
 -0.2343   2.1159   2.7643   3.4365
 -0.2133   1.9810   2.5063   3.6693
 -0.1912   1.8267   2.2442   3.9036
 -0.1681   1.6510   1.9781   4.1393
 -0.1439   1.4517   1.7081   4.3765
 -0.1184   1.2261   1.4342   4.6152
 -0.0915   0.9714   1.1564   4.8554
 -0.0631   0.6846   0.8748   5.0973
 -0.0330   0.3621   0.5895   5.3409
 -0.0012   0.0003   0.3004   5.5862
 -0.0012   0.0003   0.3004   5.5862
 -0.1985   0.7395   0.0186   3.1163
 -0.3894   1.3558  -0.2771   1.2480
 -0.5736   1.8610  -0.5814  -0.1824
 -0.7510   2.2705  -0.8900  -1.2868
 -0.9219   2.6005  -1.1997  -2.1444
 -1.0863   2.8653  -1.5078  -2.8125
 -1.2444   3.0777  -1.8122  -3.3338
 -1.3963   3.2481  -2.1113  -3.7401
 -1.5421   3.3850  -2.4039  -4.0563
 -1.6821   3.4954  -2.6890  -4.3012
 -1.8162   3.5848  -2.9659  -4.4897
 -1.9448   3.6576  -3.2340  -4.6336
 -2.0677   3.7174  -3.4931  -4.7420
 -2.1853   3.7668  -3.7427  -4.8222
 -2.2975   3.8081  -3.9828  -4.8799
 -2.4045   3.8429  -4.2132  -4.9197
 -2.5063   3.8726  -4.4338  -4.9452
 -2.6031   3.8984  -4.6446  -4.9593
 -2.6949   3.9209  -4.8457  -4.9644
 -2.7818   3.9409  -5.0370  -4.9621
 -2.8638   3.9589  -5.2186  -4.9541
 -2.9411   3.9753  -5.3906  -4.9413
 -3.0136   3.9904  -5.5530  -4.9248
 -3.0815   4.0045  -5.7060  -4.9053
 -3.1448   4.0178  -5.8495  -4.8834
 -3.2036   4.0304  -5.9837  -4.8595
 -3.2578   4.0425  -6.1086  -4.8340
 -3.3076   4.0542  -6.2243  -4.8073
 -3.3530   4.0655  -6.3309  -4.7795
 -3.3941   4.0766  -6.4284  -4.7509
 -3.4307   4.0875  -6.5168  -4.7216
 -3.4631   4.0982  -6.5964  -4.6918
 -3.4913   4.1088  -6.6669  -4.6616
 -3.5152   4.1193  -6.7287  -4.6310
 -3.5349   4.1298  -6.7815  -4.6002
 -3.5504   4.1402  -6.8256  -4.5692
 -3.5618   4.1506  -6.8609  -4.5380
 -3.5690   4.1610  -6.8873  -4.5067
 -3.5722   4.1714  -6.9051  -4.4754
 -3.5712   4.1818  -6.9141  -4.4440
 -3.5661   4.1923  -6.9143  -4.4126
 -3.5570   4.2027  -6.9058  -4.3812
 -3.5439   4.2132  -6.8885  -4.3499
 -3.5266   4.2238  -6.8625  -4.3186
 -3.5054   4.2343  -6.8276  -4.2874
 -3.4800   4.2448  -6.7840  -4.2563
 -3.4507   4.2553  -6.7315  -4.2253
 -3.4173   4.2658  -6.6701  -4.1943
 -3.3799   4.2762  -6.5998  -4.1634
 -3.3384   4.2865  -6.5205  -4.1326
 -3.2928   4.2966  -6.4322  -4.1018
 -3.2432   4.3064  -6.3348  -4.0710
 -3.1895   4.3160  -6.2282  -4.0401
 -3.1318   4.3250  -6.1125  -4.0091
 -3.0699   4.3334  -5.9875  -3.9778
 -3.0038   4.3411  -5.8531  -3.9462
 -2.9336   4.3477  -5.7093  -3.9140
 -2.8592   4.3530  -5.5560  -3.8810
 -2.7806   4.3565  -5.3930  -3.8469
 -2.6976   4.3579  -5.2204  -3.8112
 -2.6103   4.3565  -5.0380  -3.7736
 -2.5186   4.3516  -4.8456  -3.7333
 -2.4224   4.3421  -4.6433  -3.6895
 -2.3215   4.3269  -4.4309  -3.6412
 -2.2160   4.3044  -4.2083  -3.5871
 -2.1055   4.2727  -3.9754  -3.5253
 -1.9900   4.2294  -3.7322  -3.4539
 -1.8691   4.1712  -3.4785  -3.3701
 -1.7426   4.0943  -3.2142  -3.2705
 -1.6102   3.9936  -2.9394  -3.1510
 -1.4712   3.8627  -2.6540  -3.0064
 -1.3252   3.6935  -2.3580  -2.8302
 -1.1714   3.4755  -2.0514  -2.6149
 -1.0087   3.1954  -1.7343  -2.3515
  5.6287  -6.1444  -1.8110  -2.3349
  5.6517  -5.8431  -1.4663  -2.6772
  5.6730  -5.5454  -1.1330  -2.9753
  5.6923  -5.2512  -0.8110  -3.2331
  5.7095  -4.9602  -0.4998  -3.4542
  5.7245  -4.6724  -0.1993  -3.6419
  5.7372  -4.3876   0.0909  -3.7994
  5.7476  -4.1058   0.3710  -3.9293
  5.7554  -3.8266   0.6413  -4.0343
  5.7607  -3.5502   0.9018  -4.1165
  5.7633  -3.2764   1.1529  -4.1782
  5.7632  -3.0050   1.3946  -4.2212
  5.7603  -2.7361   1.6273  -4.2474
  5.7546  -2.4695   1.8509  -4.2582
  5.7459  -2.2051   2.0658  -4.2552
  5.7343  -1.9430   2.2719  -4.2397
  5.7197  -1.6830   2.4695  -4.2130
  5.7021  -1.4251   2.6586  -4.1761
  5.6814  -1.1692   2.8393  -4.1300
  5.6577  -0.9153   3.0119  -4.0757
  5.6308  -0.6633   3.1762  -4.0141
  5.6008  -0.4132   3.3325  -3.9458
  5.5678  -0.1650   3.4807  -3.8717
  5.5316   0.0815   3.6211  -3.7924
  5.4923   0.3261   3.7536  -3.7084
  5.4500   0.5690   3.8783  -3.6203
  5.4046   0.8102   3.9953  -3.5286
  5.3562   1.0497   4.1046  -3.4338
  5.3047   1.2876   4.2063  -3.3363
  5.2503   1.5239   4.3005  -3.2364
  5.1930   1.7585   4.3871  -3.1345
  5.1327   1.9916   4.4663  -3.0310
  5.0697   2.2232   4.5380  -2.9261
  5.0038   2.4532   4.6023  -2.8201
  4.9352   2.6818   4.6593  -2.7134
  4.8639   2.9090   4.7090  -2.6060
  4.7900   3.1347   4.7514  -2.4983
  4.7135   3.3591   4.7865  -2.3904
  4.6345   3.5821   4.8144  -2.2825
  4.5531   3.8038   4.8351  -2.1749
  4.4693   4.0242   4.8487  -2.0677
  4.3832   4.2434   4.8551  -1.9610
  4.2948   4.4614   4.8545  -1.8550
  4.2043   4.6782   4.8467  -1.7499
  4.1117   4.8939   4.8319  -1.6458
  4.0170   5.1085   4.8100  -1.5428
  3.9204   5.3221   4.7811  -1.4411
  3.8219   5.5348   4.7452  -1.3409
  3.7215   5.7465   4.7023  -1.2421
  3.6194   5.9573   4.6525  -1.1451
  3.5155   6.1673   4.5957  -1.0499
  3.4100   6.3766   4.5320  -0.9566
  3.3029   6.5852   4.4614  -0.8655
  3.1942   6.7931   4.3839  -0.7765
  3.0841   7.0005   4.2995  -0.6900
  2.9725   7.2074   4.2082  -0.6060
  2.8595   7.4139   4.1101  -0.5247
  2.7452   7.6200   4.0052  -0.4462
  2.6296   7.8259   3.8935  -0.3708
  2.5127   8.0316   3.7749  -0.2986
  2.3946   8.2373   3.6496  -0.2299
  2.2753   8.4429   3.5175  -0.1647
  2.1548   8.6486   3.3786  -0.1035
  2.0331   8.8546   3.2330  -0.0464
  1.9104   9.0609   3.0807   0.0064
  1.7865   9.2675   2.9217   0.0545
  1.6614   9.4747   2.7560   0.0976
  1.5353   9.6826   2.5836   0.1354
  1.4081   9.8913   2.4045   0.1675
  1.2798  10.1008   2.2187   0.1936
  1.1503  10.3115   2.0263   0.2131
  1.0198  10.5233   1.8273   0.2257
  0.8880  10.7365   1.6217   0.2308
  0.7551  10.9511   1.4094   0.2278
  0.6210  11.1675   1.1906   0.2161
  0.4857  11.3857   0.9651   0.1950
  0.3491  11.6060   0.7331   0.1637
  0.2111  11.8284   0.4945   0.1215
  0.0717  12.0534   0.2492   0.0674
 -0.0691  12.2810  -0.0026   0.0003
 -0.0691  12.2810  -0.0026   0.0003
  0.2840   7.1961  -0.5480   1.0556
  0.5509   3.1435  -1.0640   1.9347
  0.7402  -0.0681  -1.5531   2.6622
  0.8631  -2.6025  -2.0170   3.2630
  0.9308  -4.5962  -2.4573   3.7601
  0.9538  -6.1609  -2.8752   4.1736
  0.9412  -7.3865  -3.2718   4.5202
  0.9006  -8.3452  -3.6480   4.8139
  0.8383  -9.0939  -4.0046   5.0657
  0.7594  -9.6777  -4.3424   5.2849
  0.6680 -10.1322  -4.6618   5.4786
  0.5674 -10.4850  -4.9637   5.6526
  0.4601 -10.7582  -5.2484   5.8114
  0.3481 -10.9686  -5.5165   5.9587
  0.2331 -11.1296  -5.7685   6.0971
  0.1162 -11.2517  -6.0047   6.2291
 -0.0014 -11.3430  -6.2258   6.3561
 -0.1192 -11.4099  -6.4319   6.4797
 -0.2363 -11.4574  -6.6236   6.6008
 -0.3525 -11.4894  -6.8012   6.7203
 -0.4671 -11.5089  -6.9651   6.8387
 -0.5800 -11.5183  -7.1156   6.9566
 -0.6910 -11.5196  -7.2530   7.0741
 -0.7996 -11.5142  -7.3777   7.1917
 -0.9059 -11.5032  -7.4899   7.3095
 -1.0096 -11.4876  -7.5900   7.4276
 -1.1107 -11.4682  -7.6783   7.5461
 -1.2089 -11.4454  -7.7551   7.6650
 -1.3042 -11.4198  -7.8206   7.7844
 -1.3965 -11.3917  -7.8751   7.9042
 -1.4857 -11.3614  -7.9189   8.0245
 -1.5717 -11.3292  -7.9522   8.1452
 -1.6544 -11.2952  -7.9753   8.2662
 -1.7338 -11.2596  -7.9884   8.3876
 -1.8097 -11.2225  -7.9919   8.5093
 -1.8821 -11.1841  -7.9858   8.6311
 -1.9508 -11.1443  -7.9705   8.7531
 -2.0159 -11.1035  -7.9461   8.8752
 -2.0771 -11.0614  -7.9129   8.9973
 -2.1345 -11.0184  -7.8711   9.1194
 -2.1879 -10.9743  -7.8208   9.2414
 -2.2372 -10.9292  -7.7624   9.3631
 -2.2824 -10.8832  -7.6960   9.4846
 -2.3233 -10.8363  -7.6217   9.6057
 -2.3599 -10.7885  -7.5398   9.7263
 -2.3921 -10.7399  -7.4505   9.8464
 -2.4196 -10.6904  -7.3538   9.9658
 -2.4426 -10.6399  -7.2501  10.0843
 -2.4607 -10.5886  -7.1394  10.2019
 -2.4740 -10.5363  -7.0219  10.3183
 -2.4823 -10.4829  -6.8978  10.4334
 -2.4855 -10.4283  -6.7672  10.5469
 -2.4835 -10.3724  -6.6302  10.6585
 -2.4761 -10.3149  -6.4870  10.7678
 -2.4632 -10.2557  -6.3376  10.8743
 -2.4448 -10.1942  -6.1823  10.9776
 -2.4206 -10.1300  -6.0209  11.0770
 -2.3905 -10.0625  -5.8538  11.1715
 -2.3544  -9.9909  -5.6808  11.2601
 -2.3122  -9.9143  -5.5019  11.3415
 -2.2636  -9.8313  -5.3173  11.4139
 -2.2085  -9.7403  -5.1267  11.4753
 -2.1468  -9.6393  -4.9301  11.5227
 -2.0782  -9.5257  -4.7272  11.5529
 -2.0025  -9.3963  -4.5178  11.5613
 -1.9196  -9.2469  -4.3014  11.5424
 -1.8291  -9.0725  -4.0774  11.4891
 -1.7309  -8.8666  -3.8450  11.3922
 -1.6244  -8.6211  -3.6031  11.2402
 -1.5095  -8.3258  -3.3504  11.0181
 -1.3857  -7.9682  -3.0849  10.7071
 -1.2525  -7.5325  -2.8042  10.2828
 -1.1093  -6.9992  -2.5052   9.7141
 -0.9555  -6.3443  -2.1838   8.9610
 -0.7903  -5.5384  -1.8348   7.9722
 -0.6129  -4.5459  -1.4515   6.6812
 -0.4224  -3.3251  -1.0254   5.0022
 -0.2180  -1.8275  -0.5460   2.8238
  0.0012  -0.0003   0.0002   0.0002
