  0.6500  -1.5690   0.6000  -1.8000
  0.6500  -1.5690   0.6000  -1.8000
  0.6500  -1.5689   0.6001  -1.8000
  0.6501  -1.5688   0.6002  -1.8001
  0.6502  -1.5686   0.6005  -1.8002
  0.6503  -1.5683   0.6008  -1.8004
  0.6505  -1.5679   0.6012  -1.8006
  0.6507  -1.5674   0.6017  -1.8009
  0.6510  -1.5669   0.6023  -1.8011
  0.6513  -1.5663   0.6030  -1.8015
  0.6516  -1.5656   0.6037  -1.8019
  0.6519  -1.5648   0.6046  -1.8023
  0.6523  -1.5640   0.6055  -1.8027
  0.6528  -1.5631   0.6065  -1.8032
  0.6532  -1.5621   0.6076  -1.8038
  0.6537  -1.5611   0.6087  -1.8043
  0.6542  -1.5600   0.6099  -1.8049
  0.6548  -1.5589   0.6112  -1.8056
  0.6553  -1.5576   0.6125  -1.8062
  0.6559  -1.5564   0.6140  -1.8069
  0.6566  -1.5550   0.6154  -1.8076
  0.6572  -1.5537   0.6170  -1.8084
  0.6579  -1.5522   0.6186  -1.8091
  0.6586  -1.5507   0.6202  -1.8099
  0.6593  -1.5492   0.6219  -1.8107
  0.6600  -1.5476   0.6237  -1.8116
  0.6608  -1.5460   0.6255  -1.8124
  0.6616  -1.5443   0.6274  -1.8133
  0.6624  -1.5426   0.6293  -1.8142
  0.6632  -1.5408   0.6312  -1.8151
  0.6640  -1.5390   0.6333  -1.8160
  0.6649  -1.5372   0.6353  -1.8169
  0.6658  -1.5353   0.6374  -1.8179
  0.6666  -1.5334   0.6395  -1.8188
  0.6675  -1.5315   0.6417  -1.8198
  0.6684  -1.5295   0.6439  -1.8208
  0.6694  -1.5275   0.6462  -1.8217
  0.6703  -1.5254   0.6484  -1.8227
  0.6712  -1.5234   0.6507  -1.8237
  0.6722  -1.5213   0.6531  -1.8247
  0.6731  -1.5192   0.6555  -1.8257
  0.6741  -1.5170   0.6579  -1.8267
  0.6751  -1.5149   0.6603  -1.8277
  0.6761  -1.5127   0.6627  -1.8287
  0.6771  -1.5105   0.6652  -1.8297
  0.6780  -1.5082   0.6677  -1.8307
  0.6790  -1.5060   0.6702  -1.8317
  0.6800  -1.5037   0.6727  -1.8327
  0.6811  -1.5015   0.6752  -1.8337
  0.6821  -1.4992   0.6778  -1.8347
  0.6831  -1.4969   0.6804  -1.8357
  0.6841  -1.4946   0.6830  -1.8366
  0.6851  -1.4923   0.6855  -1.8376
  0.6861  -1.4899   0.6881  -1.8385
  0.6871  -1.4876   0.6907  -1.8394
  0.6882  -1.4853   0.6934  -1.8403
  0.6892  -1.4829   0.6960  -1.8412
  0.6902  -1.4806   0.6986  -1.8421
  0.6912  -1.4783   0.7012  -1.8430
  0.6922  -1.4759   0.7038  -1.8439
  0.6932  -1.4736   0.7064  -1.8447
  0.6942  -1.4713   0.7090  -1.8455
  0.6952  -1.4689   0.7117  -1.8463
  0.6962  -1.4666   0.7143  -1.8471
  0.6972  -1.4643   0.7168  -1.8478
  0.6982  -1.4620   0.7194  -1.8486
  0.6992  -1.4597   0.7220  -1.8493
  0.7002  -1.4574   0.7245  -1.8499
  0.7012  -1.4552   0.7271  -1.8506
  0.7021  -1.4529   0.7296  -1.8512
  0.7031  -1.4507   0.7321  -1.8518
  0.7040  -1.4484   0.7346  -1.8524
  0.7050  -1.4462   0.7371  -1.8529
  0.7059  -1.4439   0.7396  -1.8535
  0.7068  -1.4417   0.7420  -1.8539
  0.7078  -1.4395   0.7445  -1.8544
  0.7087  -1.4373   0.7469  -1.8548
  0.7096  -1.4352   0.7493  -1.8552
  0.7105  -1.4330   0.7517  -1.8556
  0.7114  -1.4309   0.7540  -1.8559
  0.7123  -1.4287   0.7564  -1.8563
  0.7131  -1.4266   0.7587  -1.8565
  0.7140  -1.4245   0.7610  -1.8568
  0.7148  -1.4224   0.7632  -1.8570
  0.7157  -1.4204   0.7655  -1.8572
  0.7165  -1.4183   0.7677  -1.8573
  0.7174  -1.4163   0.7699  -1.8574
  0.7182  -1.4143   0.7720  -1.8575
  0.7190  -1.4123   0.7741  -1.8575
  0.7198  -1.4103   0.7762  -1.8575
  0.7206  -1.4084   0.7783  -1.8575
  0.7214  -1.4064   0.7804  -1.8574
  0.7221  -1.4045   0.7824  -1.8573
  0.7229  -1.4026   0.7843  -1.8572
  0.7236  -1.4008   0.7863  -1.8570
  0.7244  -1.3989   0.7882  -1.8567
  0.7251  -1.3971   0.7901  -1.8565
  0.7258  -1.3953   0.7919  -1.8562
  0.7265  -1.3936   0.7937  -1.8558
  0.7272  -1.3919   0.7955  -1.8554
  0.7279  -1.3902   0.7972  -1.8550
  0.7286  -1.3885   0.7989  -1.8545
  0.7293  -1.3869   0.8005  -1.8540
  0.7299  -1.3853   0.8021  -1.8535
  0.7306  -1.3838   0.8036  -1.8529
  0.7312  -1.3823   0.8051  -1.8522
  0.7318  -1.3808   0.8066  -1.8516
  0.7325  -1.3794   0.8080  -1.8508
  0.7331  -1.3780   0.8094  -1.8501
  0.7337  -1.3766   0.8107  -1.8492
  0.7343  -1.3753   0.8120  -1.8484
  0.7348  -1.3740   0.8132  -1.8474
  0.7354  -1.3728   0.8143  -1.8465
  0.7360  -1.3716   0.8154  -1.8455
  0.7365  -1.3705   0.8165  -1.8444
  0.7370  -1.3694   0.8175  -1.8433
  0.7375  -1.3683   0.8184  -1.8421
  0.7381  -1.3673   0.8193  -1.8409
  0.7386  -1.3664   0.8201  -1.8396
  0.7390  -1.3655   0.8209  -1.8383
  0.7390  -1.3655   0.8209  -1.8383
  0.7395  -1.3646   0.8216  -1.8369
  0.7403  -1.3652   0.8223  -1.8356
  0.7413  -1.3671   0.8231  -1.8342
  0.7426  -1.3703   0.8238  -1.8329
  0.7442  -1.3747   0.8246  -1.8316
  0.7460  -1.3800   0.8255  -1.8304
  0.7480  -1.3862   0.8263  -1.8291
  0.7502  -1.3932   0.8272  -1.8279
  0.7526  -1.4009   0.8281  -1.8267
  0.7552  -1.4092   0.8290  -1.8255
  0.7580  -1.4181   0.8299  -1.8243
  0.7609  -1.4274   0.8309  -1.8232
  0.7640  -1.4371   0.8319  -1.8221
  0.7671  -1.4471   0.8330  -1.8210
  0.7705  -1.4575   0.8340  -1.8199
  0.7739  -1.4682   0.8351  -1.8188
  0.7775  -1.4790   0.8363  -1.8177
  0.7811  -1.4901   0.8374  -1.8167
  0.7849  -1.5014   0.8386  -1.8156
  0.7888  -1.5127   0.8398  -1.8146
  0.7927  -1.5243   0.8410  -1.8136
  0.7967  -1.5358   0.8423  -1.8126
  0.8009  -1.5475   0.8436  -1.8117
  0.8051  -1.5592   0.8449  -1.8107
  0.8094  -1.5710   0.8462  -1.8098
  0.8137  -1.5828   0.8476  -1.8088
  0.8181  -1.5946   0.8490  -1.8079
  0.8226  -1.6064   0.8504  -1.8070
  0.8271  -1.6183   0.8519  -1.8061
  0.8317  -1.6300   0.8533  -1.8052
  0.8364  -1.6418   0.8548  -1.8043
  0.8411  -1.6536   0.8564  -1.8034
  0.8458  -1.6653   0.8579  -1.8025
  0.8506  -1.6769   0.8595  -1.8016
  0.8554  -1.6885   0.8610  -1.8007
  0.8603  -1.7001   0.8626  -1.7999
  0.8652  -1.7116   0.8643  -1.7990
  0.8701  -1.7230   0.8659  -1.7981
  0.8750  -1.7344   0.8676  -1.7973
  0.8800  -1.7456   0.8693  -1.7964
  0.8850  -1.7569   0.8710  -1.7955
  0.8900  -1.7680   0.8727  -1.7947
  0.8951  -1.7790   0.8744  -1.7938
  0.9001  -1.7900   0.8761  -1.7929
  0.9051  -1.8009   0.8779  -1.7920
  0.9102  -1.8117   0.8797  -1.7911
  0.9153  -1.8224   0.8815  -1.7902
  0.9203  -1.8330   0.8833  -1.7893
  0.9254  -1.8435   0.8851  -1.7884
  0.9304  -1.8540   0.8869  -1.7875
  0.9355  -1.8643   0.8888  -1.7866
  0.9405  -1.8746   0.8906  -1.7856
  0.9455  -1.8847   0.8925  -1.7847
  0.9505  -1.8947   0.8944  -1.7837
  0.9555  -1.9047   0.8962  -1.7827
  0.9604  -1.9145   0.8981  -1.7817
  0.9654  -1.9243   0.9000  -1.7807
  0.9702  -1.9339   0.9019  -1.7797
  0.9751  -1.9435   0.9038  -1.7786
  0.9799  -1.9529   0.9057  -1.7776
  0.9847  -1.9622   0.9076  -1.7765
  0.9894  -1.9715   0.9096  -1.7754
  0.9940  -1.9806   0.9115  -1.7742
  0.9987  -1.9896   0.9134  -1.7731
  1.0032  -1.9985   0.9153  -1.7719
  1.0077  -2.0073   0.9172  -1.7707
  1.0121  -2.0160   0.9192  -1.7695
  1.0165  -2.0246   0.9211  -1.7682
  1.0208  -2.0331   0.9230  -1.7670
  1.0250  -2.0415   0.9249  -1.7657
  1.0291  -2.0497   0.9268  -1.7643
  1.0331  -2.0578   0.9287  -1.7629
  1.0371  -2.0658   0.9306  -1.7615
  1.0410  -2.0737   0.9325  -1.7601
  1.0447  -2.0815   0.9344  -1.7586
  1.0484  -2.0891   0.9363  -1.7571
  1.0519  -2.0966   0.9381  -1.7556
  1.0554  -2.1039   0.9400  -1.7540
  1.0587  -2.1111   0.9418  -1.7524
  1.0620  -2.1182   0.9436  -1.7507
  1.0651  -2.1251   0.9454  -1.7490
  1.0680  -2.1318   0.9472  -1.7473
  1.0709  -2.1383   0.9490  -1.7455
  1.0736  -2.1446   0.9508  -1.7436
  1.0762  -2.1508   0.9525  -1.7418
  1.0786  -2.1567   0.9542  -1.7398
  1.0809  -2.1624   0.9559  -1.7378
  1.0831  -2.1678   0.9576  -1.7358
  1.0851  -2.1730   0.9592  -1.7337
  1.0869  -2.1778   0.9609  -1.7316
  1.0886  -2.1824   0.9625  -1.7294
  1.0901  -2.1866   0.9640  -1.7272
  1.0914  -2.1904   0.9656  -1.7249
  1.0926  -2.1938   0.9671  -1.7225
  1.0936  -2.1968   0.9686  -1.7201
  1.0944  -2.1993   0.9700  -1.7176
  1.0950  -2.2012   0.9715  -1.7151
  1.0954  -2.2026   0.9729  -1.7125
  1.0957  -2.2033   0.9742  -1.7098
  1.0957  -2.2033   0.9742  -1.7098
  1.0957  -2.2033   0.9755  -1.7071
  1.0958  -2.2030   0.9768  -1.7043
  1.0960  -2.2025   0.9782  -1.7016
  1.0961  -2.2017   0.9795  -1.6989
  1.0963  -2.2008   0.9808  -1.6962
  1.0965  -2.1996   0.9821  -1.6935
  1.0968  -2.1983   0.9834  -1.6908
  1.0971  -2.1969   0.9847  -1.6881
  1.0974  -2.1953   0.9859  -1.6854
  1.0978  -2.1936   0.9872  -1.6827
  1.0982  -2.1917   0.9884  -1.6800
  1.0986  -2.1898   0.9897  -1.6773
  1.0990  -2.1878   0.9909  -1.6746
  1.0995  -2.1857   0.9921  -1.6718
  1.1000  -2.1836   0.9934  -1.6691
  1.1005  -2.1813   0.9945  -1.6664
  1.1010  -2.1790   0.9957  -1.6636
  1.1016  -2.1767   0.9969  -1.6608
  1.1022  -2.1743   0.9980  -1.6581
  1.1028  -2.1719   0.9992  -1.6553
  1.1034  -2.1694   1.0003  -1.6524
  1.1040  -2.1669   1.0013  -1.6496
  1.1046  -2.1644   1.0024  -1.6467
  1.1053  -2.1619   1.0034  -1.6438
  1.1059  -2.1593   1.0044  -1.6409
  1.1066  -2.1567   1.0054  -1.6380
  1.1073  -2.1541   1.0064  -1.6350
  1.1080  -2.1515   1.0073  -1.6320
  1.1086  -2.1489   1.0082  -1.6290
  1.1093  -2.1462   1.0090  -1.6259
  1.1101  -2.1436   1.0098  -1.6228
  1.1108  -2.1410   1.0106  -1.6196
  1.1115  -2.1383   1.0113  -1.6164
  1.1122  -2.1357   1.0120  -1.6132
  1.1129  -2.1330   1.0127  -1.6099
  1.1136  -2.1303   1.0133  -1.6066
  1.1143  -2.1277   1.0139  -1.6032
  1.1150  -2.1251   1.0144  -1.5997
  1.1157  -2.1224   1.0148  -1.5962
  1.1164  -2.1198   1.0152  -1.5927
  1.1171  -2.1172   1.0156  -1.5890
  1.1178  -2.1145   1.0159  -1.5853
  1.1185  -2.1119   1.0161  -1.5816
  1.1192  -2.1093   1.0163  -1.5778
  1.1199  -2.1067   1.0164  -1.5739
  1.1205  -2.1041   1.0165  -1.5699
  1.1212  -2.1016   1.0164  -1.5659
  1.1218  -2.0990   1.0163  -1.5617
  1.1224  -2.0965   1.0162  -1.5575
  1.1231  -2.0939   1.0159  -1.5532
  1.1237  -2.0914   1.0156  -1.5489
  1.1243  -2.0889   1.0152  -1.5444
  1.1248  -2.0865   1.0147  -1.5398
  1.1254  -2.0840   1.0141  -1.5352
  1.1260  -2.0816   1.0135  -1.5304
  1.1265  -2.0792   1.0127  -1.5255
  1.1270  -2.0768   1.0119  -1.5205
  1.1275  -2.0745   1.0109  -1.5154
  1.1280  -2.0721   1.0099  -1.5102
  1.1285  -2.0698   1.0087  -1.5049
  1.1289  -2.0676   1.0074  -1.4995
  1.1293  -2.0654   1.0061  -1.4939
  1.1297  -2.0632   1.0046  -1.4882
  1.1301  -2.0611   1.0029  -1.4823
  1.1305  -2.0590   1.0012  -1.4763
  1.1308  -2.0570   0.9993  -1.4702
  1.1312  -2.0551   0.9973  -1.4639
  1.1314  -2.0532   0.9952  -1.4575
  1.1317  -2.0514   0.9929  -1.4509
  1.1320  -2.0497   0.9905  -1.4441
  1.1322  -2.0481   0.9879  -1.4372
  1.1324  -2.0466   0.9851  -1.4301
  1.1326  -2.0452   0.9822  -1.4228
  1.1327  -2.0440   0.9792  -1.4153
  1.1328  -2.0429   0.9759  -1.4076
  1.1329  -2.0420   0.9725  -1.3997
  1.1330  -2.0412   0.9689  -1.3917
  1.1331  -2.0407   0.9652  -1.3834
  1.1331  -2.0404   0.9612  -1.3749
  1.1331  -2.0404   0.9612  -1.3749
  1.1331  -2.0404   0.9571  -1.3661
  1.1329  -2.0402   0.9536  -1.3623
  1.1323  -2.0397   0.9507  -1.3623
  1.1316  -2.0391   0.9482  -1.3654
  1.1305  -2.0384   0.9460  -1.3707
  1.1293  -2.0375   0.9441  -1.3778
  1.1278  -2.0366   0.9424  -1.3863
  1.1261  -2.0355   0.9408  -1.3959
  1.1242  -2.0344   0.9394  -1.4062
  1.1221  -2.0331   0.9380  -1.4172
  1.1198  -2.0318   0.9368  -1.4287
  1.1173  -2.0304   0.9355  -1.4406
  1.1147  -2.0290   0.9343  -1.4527
  1.1118  -2.0274   0.9331  -1.4651
  1.1089  -2.0258   0.9318  -1.4776
  1.1057  -2.0241   0.9306  -1.4902
  1.1025  -2.0223   0.9294  -1.5029
  1.0991  -2.0204   0.9281  -1.5157
  1.0955  -2.0184   0.9269  -1.5285
  1.0919  -2.0164   0.9256  -1.5413
  1.0881  -2.0142   0.9242  -1.5542
  1.0843  -2.0120   0.9229  -1.5671
  1.0803  -2.0096   0.9214  -1.5799
  1.0763  -2.0072   0.9200  -1.5928
  1.0722  -2.0047   0.9185  -1.6056
  1.0680  -2.0020   0.9170  -1.6185
  1.0637  -1.9993   0.9154  -1.6313
  1.0594  -1.9965   0.9138  -1.6441
  1.0551  -1.9935   0.9121  -1.6568
  1.0507  -1.9905   0.9104  -1.6696
  1.0462  -1.9874   0.9086  -1.6823
  1.0418  -1.9841   0.9068  -1.6950
  1.0373  -1.9808   0.9049  -1.7076
  1.0328  -1.9773   0.9030  -1.7203
  1.0283  -1.9737   0.9010  -1.7329
  1.0237  -1.9701   0.8990  -1.7454
  1.0192  -1.9663   0.8969  -1.7579
  1.0147  -1.9624   0.8948  -1.7704
  1.0102  -1.9584   0.8926  -1.7829
  1.0057  -1.9543   0.8904  -1.7953
  1.0012  -1.9501   0.8881  -1.8077
  0.9968  -1.9458   0.8859  -1.8200
  0.9924  -1.9414   0.8835  -1.8323
  0.9880  -1.9369   0.8811  -1.8445
  0.9837  -1.9323   0.8787  -1.8567
  0.9794  -1.9276   0.8763  -1.8689
  0.9751  -1.9227   0.8738  -1.8810
  0.9710  -1.9178   0.8713  -1.8931
  0.9669  -1.9128   0.8688  -1.9051
  0.9628  -1.9077   0.8663  -1.9171
  0.9588  -1.9025   0.8637  -1.9290
  0.9550  -1.8972   0.8612  -1.9408
  0.9511  -1.8919   0.8586  -1.9527
  0.9474  -1.8864   0.8560  -1.9644
  0.9438  -1.8809   0.8535  -1.9761
  0.9402  -1.8752   0.8509  -1.9878
  0.9367  -1.8695   0.8484  -1.9994
  0.9334  -1.8637   0.8458  -2.0109
  0.9301  -1.8579   0.8434  -2.0223
  0.9270  -1.8520   0.8409  -2.0337
  0.9239  -1.8460   0.8385  -2.0450
  0.9210  -1.8400   0.8361  -2.0563
  0.9182  -1.8339   0.8338  -2.0674
  0.9155  -1.8278   0.8315  -2.0784
  0.9129  -1.8217   0.8294  -2.0893
  0.9105  -1.8156   0.8272  -2.1001
  0.9081  -1.8095   0.8252  -2.1107
  0.9060  -1.8034   0.8233  -2.1211
  0.9039  -1.7973   0.8215  -2.1313
  0.9020  -1.7914   0.8198  -2.1413
  0.9003  -1.7856   0.8182  -2.1509
  0.8987  -1.7799   0.8168  -2.1601
  0.8973  -1.7746   0.8155  -2.1688
  0.8960  -1.7695   0.8144  -2.1770
  0.8949  -1.7648   0.8134  -2.1844
  0.8940  -1.7607   0.8126  -2.1909
  0.8933  -1.7573   0.8120  -2.1962
  0.8928  -1.7548   0.8116  -2.2002
  0.8926  -1.7533   0.8114  -2.2023
  0.8926  -1.7533   0.8114  -2.2023
  0.8926  -1.7533   0.8114  -2.2024
  0.8926  -1.7533   0.8114  -2.2024
  0.8926  -1.7533   0.8114  -2.2024
  0.8926  -1.7533   0.8114  -2.2024
  0.8926  -1.7533   0.8114  -2.2024
  0.8926  -1.7533   0.8114  -2.2024
  0.8976  -1.7586   0.8113  -2.2023
  0.9025  -1.7636   0.8115  -2.2028
  0.9075  -1.7684   0.8120  -2.2036
  0.9126  -1.7728   0.8127  -2.2048
  0.9176  -1.7769   0.8136  -2.2063
  0.9226  -1.7807   0.8147  -2.2081
  0.9277  -1.7843   0.8161  -2.2101
  0.9327  -1.7876   0.8176  -2.2124
  0.9378  -1.7906   0.8194  -2.2148
  0.9428  -1.7933   0.8213  -2.2174
  0.9479  -1.7957   0.8234  -2.2201
  0.9529  -1.7979   0.8257  -2.2229
  0.9580  -1.7998   0.8281  -2.2259
  0.9630  -1.8015   0.8307  -2.2289
  0.9680  -1.8029   0.8334  -2.2320
  0.9730  -1.8040   0.8363  -2.2351
  0.9780  -1.8049   0.8393  -2.2383
  0.9829  -1.8055   0.8424  -2.2415
  0.9879  -1.8058   0.8456  -2.2448
  0.9928  -1.8060   0.8490  -2.2480
  0.9976  -1.8058   0.8524  -2.2513
  1.0025  -1.8054   0.8560  -2.2546
  1.0073  -1.8048   0.8596  -2.2578
  1.0121  -1.8039   0.8633  -2.2611
  1.0168  -1.8027   0.8671  -2.2643
  1.0215  -1.8013   0.8710  -2.2675
  1.0261  -1.7997   0.8749  -2.2707
  1.0307  -1.7978   0.8789  -2.2738
  1.0352  -1.7957   0.8830  -2.2769
  1.0397  -1.7934   0.8871  -2.2800
  1.0441  -1.7908   0.8912  -2.2831
  1.0485  -1.7880   0.8954  -2.2861
  1.0528  -1.7849   0.8996  -2.2890
  1.0570  -1.7817   0.9039  -2.2919
  1.0612  -1.7781   0.9081  -2.2948
  1.0653  -1.7744   0.9124  -2.2976
  1.0693  -1.7704   0.9167  -2.3004
  1.0733  -1.7662   0.9210  -2.3031
  1.0771  -1.7618   0.9253  -2.3057
  1.0809  -1.7571   0.9295  -2.3083
  1.0846  -1.7522   0.9338  -2.3109
  1.0883  -1.7471   0.9381  -2.3134
  1.0918  -1.7417   0.9423  -2.3158
  1.0952  -1.7362   0.9465  -2.3182
  1.0986  -1.7304   0.9507  -2.3205
  1.1019  -1.7244   0.9548  -2.3228
  1.1050  -1.7181   0.9589  -2.3250
  1.1081  -1.7116   0.9630  -2.3271
  1.1111  -1.7049   0.9670  -2.3292
  1.1140  -1.6980   0.9709  -2.3312
  1.1167  -1.6909   0.9748  -2.3331
  1.1194  -1.6835   0.9787  -2.3350
  1.1220  -1.6759   0.9824  -2.3368
  1.1244  -1.6681   0.9861  -2.3386
  1.1268  -1.6601   0.9897  -2.3403
  1.1290  -1.6518   0.9932  -2.3419
  1.1311  -1.6433   0.9966  -2.3435
  1.1332  -1.6346   0.9999  -2.3450
  1.1351  -1.6257   1.0031  -2.3464
  1.1368  -1.6165   1.0062  -2.3478
  1.1385  -1.6071   1.0092  -2.3490
  1.1400  -1.5975   1.0121  -2.3503
  1.1415  -1.5877   1.0149  -2.3514
  1.1428  -1.5776   1.0176  -2.3525
  1.1439  -1.5672   1.0201  -2.3535
  1.1450  -1.5567   1.0225  -2.3545
  1.1459  -1.5459   1.0247  -2.3554
  1.1467  -1.5349   1.0268  -2.3562
  1.1474  -1.5236   1.0287  -2.3569
  1.1479  -1.5121   1.0305  -2.3576
  1.1483  -1.5003   1.0322  -2.3582
  1.1485  -1.4883   1.0337  -2.3588
  1.1486  -1.4760   1.0350  -2.3592
  1.1486  -1.4634   1.0361  -2.3596
  1.1484  -1.4507   1.0371  -2.3600
  1.1481  -1.4376   1.0378  -2.3602
  1.1477  -1.4243   1.0384  -2.3604
  1.1471  -1.4107   1.0388  -2.3606
  1.1463  -1.3968   1.0390  -2.3606
  1.1463  -1.3968   1.0390  -2.3606
  1.1454  -1.3826   1.0390  -2.3606
  1.1451  -1.3745   1.0383  -2.3601
  1.1453  -1.3711   1.0370  -2.3591
  1.1459  -1.3716   1.0351  -2.3576
  1.1468  -1.3750   1.0327  -2.3558
  1.1480  -1.3807   1.0297  -2.3537
  1.1493  -1.3882   1.0262  -2.3512
  1.1507  -1.3971   1.0223  -2.3485
  1.1521  -1.4070   1.0179  -2.3456
  1.1536  -1.4178   1.0131  -2.3424
  1.1552  -1.4292   1.0079  -2.3390
  1.1566  -1.4411   1.0024  -2.3354
  1.1581  -1.4534   0.9965  -2.3315
  1.1595  -1.4659   0.9903  -2.3275
  1.1609  -1.4787   0.9838  -2.3232
  1.1622  -1.4916   0.9771  -2.3187
  1.1634  -1.5046   0.9701  -2.3140
  1.1646  -1.5178   0.9628  -2.3091
  1.1656  -1.5309   0.9554  -2.3040
  1.1666  -1.5442   0.9477  -2.2986
  1.1675  -1.5574   0.9399  -2.2931
  1.1684  -1.5707   0.9319  -2.2873
  1.1691  -1.5839   0.9238  -2.2812
  1.1697  -1.5972   0.9156  -2.2750
  1.1703  -1.6104   0.9072  -2.2685
  1.1708  -1.6236   0.8988  -2.2618
  1.1712  -1.6368   0.8903  -2.2548
  1.1714  -1.6499   0.8818  -2.2476
  1.1716  -1.6630   0.8731  -2.2402
  1.1717  -1.6761   0.8645  -2.2325
  1.1717  -1.6892   0.8559  -2.2246
  1.1717  -1.7022   0.8472  -2.2165
  1.1715  -1.7151   0.8386  -2.2081
  1.1712  -1.7280   0.8299  -2.1995
  1.1709  -1.7409   0.8213  -2.1907
  1.1704  -1.7537   0.8128  -2.1816
  1.1699  -1.7665   0.8043  -2.1722
  1.1693  -1.7792   0.7958  -2.1627
  1.1686  -1.7918   0.7875  -2.1529
  1.1678  -1.8044   0.7792  -2.1428
  1.1669  -1.8170   0.7710  -2.1326
  1.1660  -1.8294   0.7629  -2.1221
  1.1650  -1.8418   0.7549  -2.1114
  1.1639  -1.8542   0.7470  -2.1004
  1.1627  -1.8665   0.7393  -2.0892
  1.1615  -1.8787   0.7317  -2.0778
  1.1602  -1.8908   0.7242  -2.0662
  1.1588  -1.9029   0.7168  -2.0544
  1.1574  -1.9149   0.7096  -2.0423
  1.1559  -1.9268   0.7026  -2.0301
  1.1543  -1.9387   0.6957  -2.0176
  1.1528  -1.9505   0.6889  -2.0050
  1.1511  -1.9622   0.6824  -1.9921
  1.1495  -1.9738   0.6760  -1.9791
  1.1478  -1.9853   0.6697  -1.9658
  1.1460  -1.9968   0.6637  -1.9524
  1.1443  -2.0081   0.6578  -1.9388
  1.1425  -2.0194   0.6521  -1.9250
  1.1407  -2.0306   0.6466  -1.9111
  1.1390  -2.0417   0.6412  -1.8970
  1.1372  -2.0526   0.6361  -1.8828
  1.1354  -2.0635   0.6311  -1.8685
  1.1336  -2.0742   0.6263  -1.8540
  1.1319  -2.0848   0.6218  -1.8395
  1.1302  -2.0952   0.6174  -1.8249
  1.1285  -2.1055   0.6132  -1.8102
  1.1269  -2.1156   0.6092  -1.7956
  1.1253  -2.1255   0.6054  -1.7810
  1.1238  -2.1352   0.6018  -1.7665
  1.1223  -2.1446   0.5985  -1.7521
  1.1210  -2.1536   0.5953  -1.7380
  1.1197  -2.1622   0.5924  -1.7243
  1.1186  -2.1704   0.5897  -1.7111
  1.1175  -2.1780   0.5873  -1.6987
  1.1166  -2.1848   0.5852  -1.6871
  1.1159  -2.1908   0.5834  -1.6769
  1.1153  -2.1957   0.5819  -1.6682
  1.1149  -2.1993   0.5809  -1.6618
  1.1147  -2.2012   0.5803  -1.6581
  1.1147  -2.2012   0.5803  -1.6581
  1.1147  -2.2012   0.5803  -1.6581
  1.1147  -2.2012   0.5803  -1.6581
  1.1147  -2.2012   0.5803  -1.6581
  1.1147  -2.2012   0.5803  -1.6581
  1.1147  -2.2012   0.5803  -1.6581
  1.1147  -2.2012   0.5929  -1.6688
  1.1147  -2.2009   0.6054  -1.6793
  1.1146  -2.2003   0.6178  -1.6895
  1.1145  -2.1994   0.6301  -1.6996
  1.1144  -2.1984   0.6423  -1.7094
  1.1142  -2.1971   0.6544  -1.7190
  1.1140  -2.1956   0.6664  -1.7284
  1.1138  -2.1940   0.6783  -1.7377
  1.1135  -2.1922   0.6901  -1.7467
  1.1132  -2.1903   0.7018  -1.7555
  1.1129  -2.1883   0.7134  -1.7640
  1.1125  -2.1862   0.7250  -1.7724
  1.1121  -2.1840   0.7364  -1.7806
  1.1117  -2.1817   0.7477  -1.7886
  1.1112  -2.1794   0.7589  -1.7964
  1.1108  -2.1770   0.7700  -1.8040
  1.1103  -2.1745   0.7811  -1.8113
  1.1098  -2.1720   0.7920  -1.8185
  1.1092  -2.1695   0.8028  -1.8255
  1.1087  -2.1669   0.8135  -1.8323
  1.1081  -2.1643   0.8241  -1.8388
  1.1076  -2.1617   0.8346  -1.8452
  1.1070  -2.1591   0.8450  -1.8514
  1.1064  -2.1564   0.8553  -1.8574
  1.1057  -2.1538   0.8655  -1.8631
  1.1051  -2.1511   0.8755  -1.8687
  1.1045  -2.1485   0.8855  -1.8741
  1.1038  -2.1458   0.8953  -1.8793
  1.1032  -2.1432   0.9050  -1.8843
  1.1025  -2.1406   0.9146  -1.8890
  1.1018  -2.1379   0.9240  -1.8936
  1.1011  -2.1353   0.9334  -1.8980
  1.1005  -2.1327   0.9426  -1.9021
  1.0998  -2.1301   0.9516  -1.9061
  1.0991  -2.1275   0.9606  -1.9099
  1.0984  -2.1250   0.9694  -1.9134
  1.0977  -2.1224   0.9780  -1.9168
  1.0970  -2.1199   0.9865  -1.9200
  1.0963  -2.1174   0.9949  -1.9229
  1.0956  -2.1150   1.0031  -1.9257
  1.0949  -2.1125   1.0112  -1.9282
  1.0943  -2.1101   1.0191  -1.9305
  1.0936  -2.1077   1.0268  -1.9327
  1.0929  -2.1053   1.0344  -1.9346
  1.0923  -2.1030   1.0418  -1.9363
  1.0916  -2.1007   1.0491  -1.9378
  1.0909  -2.0984   1.0561  -1.9391
  1.0903  -2.0962   1.0630  -1.9402
  1.0897  -2.0939   1.0698  -1.9410
  1.0890  -2.0918   1.0763  -1.9417
  1.0884  -2.0896   1.0826  -1.9421
  1.0878  -2.0875   1.0888  -1.9424
  1.0872  -2.0854   1.0947  -1.9424
  1.0866  -2.0834   1.1005  -1.9422
  1.0861  -2.0814   1.1061  -1.9418
  1.0855  -2.0795   1.1114  -1.9412
  1.0850  -2.0776   1.1166  -1.9403
  1.0845  -2.0757   1.1215  -1.9393
  1.0840  -2.0739   1.1262  -1.9380
  1.0835  -2.0721   1.1307  -1.9365
  1.0830  -2.0704   1.1350  -1.9348
  1.0825  -2.0687   1.1390  -1.9328
  1.0821  -2.0671   1.1428  -1.9307
  1.0817  -2.0655   1.1464  -1.9283
  1.0813  -2.0640   1.1497  -1.9257
  1.0809  -2.0626   1.1528  -1.9229
  1.0806  -2.0612   1.1556  -1.9198
  1.0802  -2.0598   1.1582  -1.9165
  1.0799  -2.0586   1.1606  -1.9130
  1.0796  -2.0574   1.1626  -1.9093
  1.0794  -2.0563   1.1645  -1.9053
  1.0791  -2.0553   1.1660  -1.9011
  1.0789  -2.0544   1.1673  -1.8967
  1.0787  -2.0536   1.1683  -1.8920
  1.0786  -2.0528   1.1691  -1.8871
  1.0785  -2.0522   1.1696  -1.8819
  1.0784  -2.0518   1.1698  -1.8765
  1.0783  -2.0514   1.1697  -1.8709
  1.0783  -2.0513   1.1693  -1.8651
  1.0783  -2.0513   1.1693  -1.8651
  1.0783  -2.0513   1.1686  -1.8589
  1.0781  -2.0505   1.1678  -1.8554
  1.0776  -2.0492   1.1667  -1.8540
  1.0770  -2.0475   1.1655  -1.8541
  1.0762  -2.0453   1.1639  -1.8556
  1.0753  -2.0429   1.1622  -1.8580
  1.0741  -2.0403   1.1601  -1.8611
  1.0728  -2.0375   1.1578  -1.8649
  1.0714  -2.0346   1.1553  -1.8690
  1.0698  -2.0315   1.1525  -1.8735
  1.0680  -2.0284   1.1494  -1.8782
  1.0662  -2.0251   1.1461  -1.8832
  1.0642  -2.0218   1.1425  -1.8882
  1.0620  -2.0185   1.1387  -1.8934
  1.0598  -2.0151   1.1347  -1.8986
  1.0575  -2.0116   1.1304  -1.9039
  1.0550  -2.0081   1.1260  -1.9092
  1.0525  -2.0046   1.1213  -1.9145
  1.0499  -2.0010   1.1164  -1.9199
  1.0472  -1.9974   1.1114  -1.9253
  1.0444  -1.9938   1.1062  -1.9306
  1.0416  -1.9902   1.1008  -1.9360
  1.0387  -1.9865   1.0952  -1.9414
  1.0357  -1.9829   1.0895  -1.9468
  1.0327  -1.9792   1.0837  -1.9522
  1.0297  -1.9755   1.0777  -1.9575
  1.0266  -1.9717   1.0716  -1.9629
  1.0234  -1.9680   1.0654  -1.9682
  1.0202  -1.9642   1.0591  -1.9735
  1.0170  -1.9604   1.0527  -1.9789
  1.0138  -1.9566   1.0462  -1.9842
  1.0105  -1.9528   1.0396  -1.9894
  1.0072  -1.9490   1.0329  -1.9947
  1.0039  -1.9452   1.0262  -1.9999
  1.0006  -1.9414   1.0195  -2.0052
  0.9973  -1.9375   1.0126  -2.0104
  0.9940  -1.9337   1.0058  -2.0156
  0.9907  -1.9298   0.9989  -2.0207
  0.9874  -1.9259   0.9920  -2.0259
  0.9841  -1.9220   0.9851  -2.0310
  0.9807  -1.9182   0.9782  -2.0361
  0.9775  -1.9143   0.9712  -2.0412
  0.9742  -1.9104   0.9643  -2.0462
  0.9709  -1.9064   0.9574  -2.0513
  0.9677  -1.9025   0.9506  -2.0563
  0.9645  -1.8986   0.9438  -2.0613
  0.9614  -1.8947   0.9370  -2.0663
  0.9582  -1.8907   0.9303  -2.0712
  0.9551  -1.8868   0.9236  -2.0762
  0.9521  -1.8828   0.9170  -2.0811
  0.9491  -1.8789   0.9105  -2.0860
  0.9461  -1.8749   0.9040  -2.0909
  0.9432  -1.8709   0.8977  -2.0957
  0.9403  -1.8670   0.8915  -2.1006
  0.9375  -1.8630   0.8853  -2.1055
  0.9348  -1.8590   0.8793  -2.1103
  0.9321  -1.8550   0.8735  -2.1151
  0.9295  -1.8510   0.8677  -2.1199
  0.9270  -1.8471   0.8621  -2.1247
  0.9245  -1.8431   0.8567  -2.1295
  0.9222  -1.8391   0.8514  -2.1343
  0.9199  -1.8351   0.8464  -2.1390
  0.9177  -1.8311   0.8415  -2.1437
  0.9156  -1.8272   0.8368  -2.1484
  0.9135  -1.8232   0.8323  -2.1531
  0.9116  -1.8193   0.8280  -2.1578
  0.9098  -1.8154   0.8239  -2.1624
  0.9081  -1.8116   0.8201  -2.1670
  0.9065  -1.8077   0.8166  -2.1715
  0.9051  -1.8040   0.8133  -2.1759
  0.9037  -1.8003   0.8103  -2.1803
  0.9025  -1.7968   0.8075  -2.1845
  0.9014  -1.7934   0.8051  -2.1885
  0.9004  -1.7902   0.8030  -2.1923
  0.8996  -1.7872   0.8012  -2.1957
  0.8989  -1.7846   0.7998  -2.1988
  0.8989  -1.7846   0.7998  -2.1988
  0.9045  -1.7907   0.7986  -2.2014
  0.9101  -1.7965   0.7977  -2.2040
  0.9158  -1.8020   0.7971  -2.2068
  0.9215  -1.8072   0.7969  -2.2095
  0.9272  -1.8121   0.7969  -2.2123
  0.9329  -1.8168   0.7971  -2.2152
  0.9386  -1.8211   0.7977  -2.2180
  0.9443  -1.8251   0.7985  -2.2209
  0.9501  -1.8288   0.7995  -2.2239
  0.9558  -1.8323   0.8008  -2.2268
  0.9615  -1.8355   0.8023  -2.2297
  0.9673  -1.8384   0.8040  -2.2327
  0.9730  -1.8410   0.8059  -2.2356
  0.9787  -1.8433   0.8080  -2.2385
  0.9844  -1.8454   0.8103  -2.2414
  0.9901  -1.8472   0.8128  -2.2443
  0.9958  -1.8488   0.8155  -2.2472
  1.0014  -1.8501   0.8184  -2.2500
  1.0070  -1.8511   0.8214  -2.2529
  1.0126  -1.8518   0.8245  -2.2557
  1.0182  -1.8523   0.8278  -2.2585
  1.0237  -1.8526   0.8313  -2.2612
  1.0293  -1.8526   0.8348  -2.2640
  1.0347  -1.8523   0.8385  -2.2667
  1.0401  -1.8518   0.8423  -2.2693
  1.0455  -1.8510   0.8463  -2.2720
  1.0508  -1.8500   0.8503  -2.2746
  1.0561  -1.8488   0.8544  -2.2771
  1.0613  -1.8473   0.8586  -2.2797
  1.0665  -1.8456   0.8629  -2.2821
  1.0716  -1.8436   0.8672  -2.2846
  1.0766  -1.8414   0.8716  -2.2870
  1.0816  -1.8390   0.8761  -2.2894
  1.0865  -1.8363   0.8806  -2.2918
  1.0913  -1.8334   0.8852  -2.2941
  1.0960  -1.8303   0.8898  -2.2964
  1.1007  -1.8269   0.8945  -2.2986
  1.1053  -1.8233   0.8992  -2.3008
  1.1098  -1.8195   0.9038  -2.3030
  1.1142  -1.8155   0.9086  -2.3052
  1.1186  -1.8112   0.9133  -2.3073
  1.1228  -1.8067   0.9180  -2.3093
  1.1269  -1.8020   0.9227  -2.3114
  1.1310  -1.7971   0.9274  -2.3134
  1.1350  -1.7920   0.9320  -2.3153
  1.1388  -1.7866   0.9367  -2.3173
  1.1426  -1.7811   0.9413  -2.3192
  1.1463  -1.7753   0.9459  -2.3211
  1.1498  -1.7693   0.9504  -2.3229
  1.1533  -1.7631   0.9549  -2.3247
  1.1566  -1.7567   0.9593  -2.3265
  1.1598  -1.7501   0.9636  -2.3282
  1.1630  -1.7432   0.9679  -2.3299
  1.1660  -1.7362   0.9721  -2.3316
  1.1689  -1.7290   0.9762  -2.3332
  1.1717  -1.7215   0.9803  -2.3349
  1.1743  -1.7138   0.9842  -2.3364
  1.1769  -1.7060   0.9880  -2.3380
  1.1793  -1.6979   0.9918  -2.3395
  1.1816  -1.6896   0.9954  -2.3410
  1.1838  -1.6811   0.9989  -2.3424
  1.1859  -1.6724   1.0022  -2.3439
  1.1878  -1.6635   1.0054  -2.3452
  1.1897  -1.6544   1.0085  -2.3466
  1.1914  -1.6451   1.0115  -2.3479
  1.1929  -1.6356   1.0142  -2.3491
  1.1944  -1.6259   1.0169  -2.3503
  1.1957  -1.6159   1.0193  -2.3515
  1.1969  -1.6058   1.0216  -2.3525
  1.1979  -1.5955   1.0237  -2.3536
  1.1988  -1.5849   1.0257  -2.3546
  1.1996  -1.5741   1.0274  -2.3555
  1.2003  -1.5631   1.0289  -2.3563
  1.2008  -1.5519   1.0303  -2.3570
  1.2012  -1.5405   1.0314  -2.3577
  1.2014  -1.5289   1.0323  -2.3582
  1.2015  -1.5170   1.0330  -2.3586
  1.2015  -1.5050   1.0335  -2.3589
  1.2013  -1.4927   1.0337  -2.3591
  1.2013  -1.4927   1.0337  -2.3591
  1.2009  -1.4801   1.0337  -2.3591
  1.2010  -1.4727   1.0331  -2.3583
  1.2014  -1.4695   1.0317  -2.3570
  1.2021  -1.4694   1.0298  -2.3551
  1.2029  -1.4720   1.0273  -2.3528
  1.2039  -1.4766   1.0243  -2.3501
  1.2049  -1.4827   1.0207  -2.3471
  1.2059  -1.4902   1.0167  -2.3439
  1.2070  -1.4986   1.0122  -2.3404
  1.2080  -1.5077   1.0073  -2.3366
  1.2090  -1.5175   1.0020  -2.3327
  1.2099  -1.5277   0.9963  -2.3286
  1.2108  -1.5383   0.9902  -2.3243
  1.2116  -1.5491   0.9838  -2.3198
  1.2123  -1.5602   0.9771  -2.3151
  1.2129  -1.5714   0.9701  -2.3102
  1.2135  -1.5828   0.9629  -2.3052
  1.2139  -1.5942   0.9554  -2.3000
  1.2142  -1.6057   0.9476  -2.2946
  1.2145  -1.6173   0.9397  -2.2891
  1.2146  -1.6289   0.9315  -2.2833
  1.2147  -1.6405   0.9232  -2.2774
  1.2146  -1.6521   0.9148  -2.2714
  1.2145  -1.6638   0.9061  -2.2651
  1.2142  -1.6754   0.8974  -2.2586
  1.2139  -1.6870   0.8885  -2.2520
  1.2134  -1.6986   0.8796  -2.2452
  1.2129  -1.7101   0.8705  -2.2382
  1.2123  -1.7217   0.8614  -2.2310
  1.2116  -1.7332   0.8523  -2.2236
  1.2108  -1.7447   0.8431  -2.2160
  1.2099  -1.7561   0.8339  -2.2082
  1.2089  -1.7675   0.8246  -2.2003
  1.2078  -1.7789   0.8154  -2.1921
  1.2067  -1.7902   0.8062  -2.1838
  1.2054  -1.8015   0.7970  -2.1752
  1.2041  -1.8128   0.7878  -2.1665
  1.2027  -1.8240   0.7787  -2.1575
  1.2013  -1.8352   0.7696  -2.1484
  1.1998  -1.8463   0.7606  -2.1390
  1.1982  -1.8574   0.7516  -2.1295
  1.1965  -1.8684   0.7428  -2.1198
  1.1948  -1.8793   0.7340  -2.1099
  1.1930  -1.8903   0.7253  -2.0998
  1.1912  -1.9011   0.7167  -2.0894
  1.1893  -1.9120   0.7083  -2.0789
  1.1874  -1.9227   0.6999  -2.0683
  1.1855  -1.9334   0.6917  -2.0574
  1.1835  -1.9441   0.6837  -2.0463
  1.1814  -1.9547   0.6758  -2.0351
  1.1794  -1.9652   0.6680  -2.0236
  1.1773  -1.9757   0.6604  -2.0120
  1.1751  -1.9861   0.6529  -2.0002
  1.1730  -1.9964   0.6456  -1.9883
  1.1709  -2.0067   0.6385  -1.9761
  1.1687  -2.0169   0.6316  -1.9638
  1.1666  -2.0270   0.6248  -1.9514
  1.1644  -2.0371   0.6183  -1.9388
  1.1623  -2.0471   0.6119  -1.9260
  1.1602  -2.0570   0.6058  -1.9131
  1.1581  -2.0669   0.5998  -1.9001
  1.1561  -2.0766   0.5941  -1.8870
  1.1540  -2.0862   0.5885  -1.8737
  1.1521  -2.0958   0.5832  -1.8604
  1.1501  -2.1052   0.5781  -1.8470
  1.1483  -2.1144   0.5732  -1.8336
  1.1465  -2.1235   0.5686  -1.8201
  1.1447  -2.1325   0.5642  -1.8067
  1.1431  -2.1412   0.5601  -1.7934
  1.1416  -2.1496   0.5562  -1.7803
  1.1401  -2.1578   0.5526  -1.7674
  1.1388  -2.1656   0.5493  -1.7548
  1.1376  -2.1730   0.5462  -1.7428
  1.1365  -2.1798   0.5435  -1.7314
  1.1356  -2.1861   0.5411  -1.7208
  1.1348  -2.1915   0.5391  -1.7115
  1.1342  -2.1959   0.5375  -1.7036
  1.1338  -2.1992   0.5364  -1.6977
  1.1335  -2.2010   0.5358  -1.6944
  1.1335  -2.2010   0.5358  -1.6944
  1.1335  -2.2010   0.5358  -1.6944
  1.1335  -2.2010   0.5358  -1.6944
  1.1335  -2.2010   0.5358  -1.6943
  1.1335  -2.2010   0.5358  -1.6943
  1.1336  -2.2010   0.5358  -1.6943
  1.1336  -2.2010   0.5358  -1.6943
  1.1336  -2.2010   0.5472  -1.7043
  1.1337  -2.2007   0.5585  -1.7141
  1.1338  -2.2003   0.5698  -1.7237
  1.1339  -2.1996   0.5809  -1.7330
  1.1340  -2.1987   0.5919  -1.7422
  1.1342  -2.1977   0.6028  -1.7512
  1.1344  -2.1965   0.6136  -1.7599
  1.1347  -2.1951   0.6244  -1.7685
  1.1349  -2.1936   0.6350  -1.7769
  1.1352  -2.1920   0.6455  -1.7850
  1.1355  -2.1903   0.6559  -1.7930
  1.1358  -2.1885   0.6662  -1.8008
  1.1361  -2.1866   0.6765  -1.8084
  1.1365  -2.1846   0.6866  -1.8158
  1.1368  -2.1826   0.6966  -1.8230
  1.1372  -2.1804   0.7066  -1.8301
  1.1376  -2.1783   0.7164  -1.8369
  1.1380  -2.1760   0.7261  -1.8436
  1.1384  -2.1737   0.7357  -1.8501
  1.1389  -2.1714   0.7453  -1.8563
  1.1393  -2.1690   0.7547  -1.8624
  1.1398  -2.1666   0.7640  -1.8684
  1.1402  -2.1642   0.7732  -1.8741
  1.1407  -2.1618   0.7824  -1.8796
  1.1412  -2.1593   0.7914  -1.8850
  1.1417  -2.1568   0.8003  -1.8902
  1.1422  -2.1543   0.8091  -1.8952
  1.1427  -2.1518   0.8178  -1.9000
  1.1432  -2.1492   0.8263  -1.9046
  1.1437  -2.1467   0.8348  -1.9091
  1.1442  -2.1442   0.8432  -1.9134
  1.1447  -2.1416   0.8514  -1.9174
  1.1452  -2.1391   0.8595  -1.9213
  1.1457  -2.1365   0.8675  -1.9251
  1.1462  -2.1339   0.8754  -1.9286
  1.1467  -2.1314   0.8832  -1.9320
  1.1472  -2.1288   0.8908  -1.9351
  1.1477  -2.1263   0.8983  -1.9381
  1.1482  -2.1237   0.9057  -1.9409
  1.1487  -2.1212   0.9130  -1.9435
  1.1492  -2.1186   0.9201  -1.9460
  1.1497  -2.1161   0.9271  -1.9482
  1.1502  -2.1136   0.9339  -1.9503
  1.1507  -2.1110   0.9406  -1.9522
  1.1511  -2.1085   0.9472  -1.9539
  1.1516  -2.1060   0.9536  -1.9554
  1.1520  -2.1035   0.9599  -1.9567
  1.1524  -2.1011   0.9660  -1.9579
  1.1529  -2.0986   0.9720  -1.9589
  1.1533  -2.0961   0.9778  -1.9596
  1.1537  -2.0937   0.9835  -1.9602
  1.1541  -2.0913   0.9890  -1.9606
  1.1545  -2.0889   0.9944  -1.9608
  1.1548  -2.0865   0.9996  -1.9609
  1.1552  -2.0841   1.0046  -1.9607
  1.1555  -2.0818   1.0094  -1.9603
  1.1558  -2.0794   1.0141  -1.9598
  1.1561  -2.0771   1.0186  -1.9591
  1.1564  -2.0749   1.0229  -1.9581
  1.1567  -2.0726   1.0271  -1.9570
  1.1570  -2.0704   1.0310  -1.9557
  1.1572  -2.0683   1.0348  -1.9542
  1.1575  -2.0662   1.0384  -1.9525
  1.1577  -2.0641   1.0418  -1.9507
  1.1579  -2.0621   1.0450  -1.9486
  1.1581  -2.0601   1.0480  -1.9463
  1.1583  -2.0582   1.0508  -1.9439
  1.1584  -2.0564   1.0534  -1.9412
  1.1586  -2.0546   1.0558  -1.9384
  1.1587  -2.0530   1.0580  -1.9353
  1.1588  -2.0514   1.0600  -1.9321
  1.1589  -2.0499   1.0618  -1.9286
  1.1590  -2.0486   1.0634  -1.9250
  1.1590  -2.0474   1.0647  -1.9212
  1.1591  -2.0463   1.0658  -1.9171
  1.1591  -2.0454   1.0667  -1.9129
  1.1592  -2.0447   1.0674  -1.9084
  1.1592  -2.0442   1.0679  -1.9038
  1.1592  -2.0440   1.0681  -1.8989
  1.1592  -2.0440   1.0681  -1.8989
  1.1592  -2.0439   1.0681  -1.8939
  1.1592  -2.0431   1.0680  -1.8911
  1.1592  -2.0414   1.0678  -1.8901
  1.1592  -2.0393   1.0674  -1.8906
  1.1592  -2.0366   1.0668  -1.8922
  1.1593  -2.0336   1.0661  -1.8947
  1.1592  -2.0303   1.0652  -1.8979
  1.1592  -2.0268   1.0641  -1.9017
  1.1592  -2.0230   1.0628  -1.9060
  1.1591  -2.0192   1.0613  -1.9106
  1.1590  -2.0152   1.0596  -1.9155
  1.1589  -2.0111   1.0578  -1.9206
  1.1587  -2.0069   1.0558  -1.9259
  1.1585  -2.0027   1.0535  -1.9313
  1.1582  -1.9985   1.0511  -1.9368
  1.1579  -1.9942   1.0486  -1.9424
  1.1575  -1.9899   1.0458  -1.9480
  1.1571  -1.9856   1.0429  -1.9536
  1.1567  -1.9813   1.0398  -1.9593
  1.1561  -1.9770   1.0366  -1.9649
  1.1555  -1.9726   1.0332  -1.9706
  1.1549  -1.9684   1.0297  -1.9762
  1.1542  -1.9641   1.0260  -1.9818
  1.1534  -1.9598   1.0222  -1.9874
  1.1525  -1.9556   1.0183  -1.9930
  1.1516  -1.9514   1.0142  -1.9985
  1.1506  -1.9473   1.0100  -2.0040
  1.1495  -1.9431   1.0057  -2.0095
  1.1484  -1.9390   1.0013  -2.0149
  1.1471  -1.9350   0.9968  -2.0203
  1.1458  -1.9310   0.9921  -2.0257
  1.1444  -1.9270   0.9874  -2.0310
  1.1430  -1.9231   0.9827  -2.0362
  1.1414  -1.9193   0.9778  -2.0414
  1.1398  -1.9155   0.9729  -2.0465
  1.1381  -1.9117   0.9679  -2.0516
  1.1363  -1.9081   0.9628  -2.0567
  1.1345  -1.9045   0.9577  -2.0617
  1.1326  -1.9009   0.9525  -2.0666
  1.1306  -1.8975   0.9473  -2.0715
  1.1285  -1.8941   0.9421  -2.0763
  1.1263  -1.8907   0.9368  -2.0811
  1.1241  -1.8875   0.9315  -2.0858
  1.1218  -1.8843   0.9262  -2.0904
  1.1195  -1.8812   0.9209  -2.0950
  1.1171  -1.8782   0.9156  -2.0996
  1.1146  -1.8753   0.9103  -2.1040
  1.1121  -1.8725   0.9050  -2.1085
  1.1095  -1.8698   0.8998  -2.1128
  1.1068  -1.8671   0.8946  -2.1171
  1.1041  -1.8646   0.8894  -2.1213
  1.1014  -1.8622   0.8842  -2.1255
  1.0986  -1.8598   0.8792  -2.1296
  1.0959  -1.8576   0.8741  -2.1337
  1.0930  -1.8555   0.8692  -2.1377
  1.0902  -1.8535   0.8643  -2.1416
  1.0873  -1.8516   0.8595  -2.1455
  1.0845  -1.8498   0.8548  -2.1493
  1.0816  -1.8481   0.8502  -2.1530
  1.0787  -1.8466   0.8458  -2.1567
  1.0759  -1.8451   0.8414  -2.1603
  1.0731  -1.8438   0.8372  -2.1639
  1.0703  -1.8426   0.8331  -2.1673
  1.0675  -1.8416   0.8292  -2.1707
  1.0648  -1.8407   0.8254  -2.1741
  1.0622  -1.8399   0.8218  -2.1773
  1.0596  -1.8392   0.8184  -2.1804
  1.0572  -1.8387   0.8152  -2.1835
  1.0548  -1.8383   0.8121  -2.1865
  1.0526  -1.8381   0.8093  -2.1893
  1.0505  -1.8379   0.8068  -2.1920
  1.0485  -1.8379   0.8044  -2.1946
  1.0468  -1.8381   0.8023  -2.1970
  1.0452  -1.8383   0.8005  -2.1992
  1.0438  -1.8386   0.7989  -2.2011
  1.0426  -1.8390   0.7976  -2.2028
  1.0417  -1.8394   0.7967  -2.2042
  1.0411  -1.8398   0.7960  -2.2052
  1.0407  -1.8400   0.7957  -2.2057
  1.0407  -1.8400   0.7957  -2.2057
  1.0407  -1.8400   0.7957  -2.2057
  1.0407  -1.8400   0.7957  -2.2057
  1.0407  -1.8400   0.7957  -2.2057
  1.0407  -1.8400   0.7957  -2.2057
  1.0407  -1.8400   0.7957  -2.2057
  1.0407  -1.8400   0.7957  -2.2057
  1.0463  -1.8453   0.7956  -2.2057
  1.0519  -1.8502   0.7958  -2.2061
  1.0575  -1.8548   0.7962  -2.2069
  1.0631  -1.8591   0.7969  -2.2081
  1.0686  -1.8630   0.7979  -2.2095
  1.0741  -1.8667   0.7990  -2.2113
  1.0796  -1.8700   0.8004  -2.2132
  1.0851  -1.8730   0.8020  -2.2154
  1.0905  -1.8758   0.8037  -2.2178
  1.0960  -1.8782   0.8057  -2.2204
  1.1013  -1.8803   0.8079  -2.2230
  1.1067  -1.8822   0.8102  -2.2258
  1.1120  -1.8837   0.8127  -2.2287
  1.1173  -1.8850   0.8154  -2.2317
  1.1225  -1.8860   0.8183  -2.2348
  1.1277  -1.8867   0.8212  -2.2379
  1.1328  -1.8871   0.8244  -2.2411
  1.1379  -1.8873   0.8276  -2.2443
  1.1429  -1.8872   0.8310  -2.2476
  1.1479  -1.8868   0.8345  -2.2509
  1.1528  -1.8861   0.8381  -2.2541
  1.1576  -1.8852   0.8418  -2.2574
  1.1624  -1.8840   0.8456  -2.2607
  1.1670  -1.8826   0.8495  -2.2640
  1.1717  -1.8809   0.8535  -2.2672
  1.1762  -1.8790   0.8576  -2.2704
  1.1807  -1.8768   0.8617  -2.2737
  1.1851  -1.8743   0.8660  -2.2768
  1.1894  -1.8717   0.8702  -2.2800
  1.1936  -1.8687   0.8745  -2.2831
  1.1977  -1.8656   0.8789  -2.2862
  1.2018  -1.8622   0.8833  -2.2892
  1.2057  -1.8585   0.8878  -2.2922
  1.2096  -1.8546   0.8922  -2.2951
  1.2134  -1.8505   0.8967  -2.2980
  1.2170  -1.8462   0.9012  -2.3009
  1.2206  -1.8416   0.9058  -2.3037
  1.2241  -1.8368   0.9103  -2.3064
  1.2275  -1.8317   0.9148  -2.3091
  1.2307  -1.8265   0.9193  -2.3117
  1.2339  -1.8210   0.9238  -2.3142
  1.2369  -1.8153   0.9283  -2.3167
  1.2399  -1.8094   0.9328  -2.3192
  1.2427  -1.8032   0.9372  -2.3216
  1.2454  -1.7969   0.9416  -2.3239
  1.2480  -1.7903   0.9460  -2.3261
  1.2505  -1.7835   0.9503  -2.3283
  1.2529  -1.7765   0.9546  -2.3304
  1.2552  -1.7693   0.9588  -2.3325
  1.2574  -1.7619   0.9629  -2.3344
  1.2594  -1.7542   0.9670  -2.3364
  1.2613  -1.7464   0.9710  -2.3382
  1.2631  -1.7383   0.9749  -2.3400
  1.2648  -1.7301   0.9788  -2.3417
  1.2664  -1.7216   0.9825  -2.3433
  1.2678  -1.7129   0.9862  -2.3449
  1.2692  -1.7040   0.9898  -2.3464
  1.2704  -1.6949   0.9932  -2.3478
  1.2714  -1.6856   0.9966  -2.3492
  1.2724  -1.6761   0.9998  -2.3505
  1.2732  -1.6663   1.0030  -2.3517
  1.2739  -1.6564   1.0060  -2.3528
  1.2745  -1.6462   1.0089  -2.3539
  1.2750  -1.6359   1.0116  -2.3549
  1.2753  -1.6253   1.0142  -2.3558
  1.2755  -1.6145   1.0167  -2.3567
  1.2756  -1.6035   1.0190  -2.3575
  1.2755  -1.5923   1.0212  -2.3582
  1.2753  -1.5809   1.0232  -2.3589
  1.2750  -1.5692   1.0250  -2.3595
  1.2746  -1.5573   1.0267  -2.3600
  1.2740  -1.5452   1.0282  -2.3605
  1.2733  -1.5329   1.0296  -2.3609
  1.2724  -1.5204   1.0307  -2.3612
  1.2714  -1.5076   1.0317  -2.3615
  1.2703  -1.4946   1.0325  -2.3617
  1.2690  -1.4814   1.0331  -2.3619
  1.2676  -1.4679   1.0335  -2.3620
  1.2661  -1.4541   1.0337  -2.3620
  1.2661  -1.4541   1.0337  -2.3620
  1.2644  -1.4402   1.0337  -2.3620
  1.2628  -1.4158   1.0335  -2.3619
  1.2620  -1.3907   1.0329  -2.3616
  1.2623  -1.3686   1.0319  -2.3612
  1.2637  -1.3502   1.0306  -2.3607
  1.2660  -1.3355   1.0289  -2.3600
  1.2692  -1.3245   1.0269  -2.3592
  1.2733  -1.3168   1.0246  -2.3582
  1.2780  -1.3123   1.0220  -2.3571
  1.2834  -1.3109   1.0191  -2.3558
  1.2894  -1.3121   1.0159  -2.3544
  1.2958  -1.3160   1.0125  -2.3528
  1.3026  -1.3224   1.0088  -2.3510
  1.3097  -1.3310   1.0049  -2.3491
  1.3171  -1.3419   1.0008  -2.3470
  1.3246  -1.3549   0.9964  -2.3447
  1.3321  -1.3699   0.9919  -2.3423
  1.3398  -1.3870   0.9872  -2.3396
  1.3473  -1.4060   0.9822  -2.3368
  1.3548  -1.4270   0.9771  -2.3338
  1.3620  -1.4497   0.9719  -2.3305
  1.3690  -1.4742   0.9665  -2.3271
  1.3757  -1.5002   0.9609  -2.3234
  1.3819  -1.5277   0.9553  -2.3196
  1.3877  -1.5562   0.9495  -2.3155
  1.3929  -1.5854   0.9436  -2.3112
  1.3975  -1.6151   0.9376  -2.3067
  1.4014  -1.6448   0.9315  -2.3019
  1.4046  -1.6743   0.9254  -2.2970
  1.4070  -1.7033   0.9192  -2.2918
  1.4088  -1.7318   0.9130  -2.2863
  1.4098  -1.7596   0.9067  -2.2807
  1.4100  -1.7866   0.9004  -2.2747
  1.4096  -1.8130   0.8941  -2.2686
  1.4085  -1.8385   0.8878  -2.2622
  1.4066  -1.8633   0.8815  -2.2555
  1.4042  -1.8873   0.8752  -2.2486
  1.4011  -1.9105   0.8689  -2.2414
  1.3973  -1.9330   0.8626  -2.2340
  1.3930  -1.9546   0.8563  -2.2263
  1.3882  -1.9755   0.8501  -2.2184
  1.3828  -1.9957   0.8439  -2.2102
  1.3769  -2.0151   0.8378  -2.2017
  1.3705  -2.0337   0.8317  -2.1930
  1.3637  -2.0516   0.8257  -2.1840
  1.3564  -2.0687   0.8197  -2.1747
  1.3488  -2.0851   0.8138  -2.1651
  1.3408  -2.1007   0.8080  -2.1553
  1.3325  -2.1156   0.8022  -2.1451
  1.3239  -2.1298   0.7965  -2.1347
  1.3151  -2.1432   0.7909  -2.1240
  1.3061  -2.1559   0.7854  -2.1129
  1.2968  -2.1678   0.7800  -2.1016
  1.2874  -2.1790   0.7747  -2.0900
  1.2779  -2.1894   0.7695  -2.0781
  1.2684  -2.1991   0.7643  -2.0659
  1.2588  -2.2081   0.7593  -2.0534
  1.2492  -2.2164   0.7544  -2.0405
  1.2396  -2.2239   0.7496  -2.0274
  1.2301  -2.2308   0.7449  -2.0139
  1.2207  -2.2369   0.7404  -2.0001
  1.2115  -2.2423   0.7359  -1.9861
  1.2024  -2.2471   0.7316  -1.9717
  1.1936  -2.2511   0.7274  -1.9571
  1.1851  -2.2546   0.7234  -1.9422
  1.1768  -2.2574   0.7195  -1.9270
  1.1689  -2.2596   0.7157  -1.9116
  1.1613  -2.2612   0.7121  -1.8961
  1.1542  -2.2623   0.7086  -1.8804
  1.1475  -2.2628   0.7053  -1.8647
  1.1413  -2.2630   0.7021  -1.8491
  1.1357  -2.2627   0.6992  -1.8336
  1.1306  -2.2620   0.6964  -1.8185
  1.1261  -2.2611   0.6939  -1.8040
  1.1223  -2.2600   0.6917  -1.7903
  1.1191  -2.2588   0.6897  -1.7779
  1.1167  -2.2577   0.6881  -1.7674
  1.1150  -2.2568   0.6869  -1.7592
  1.1141  -2.2562   0.6863  -1.7546
  1.1141  -2.2562   0.6863  -1.7546
  1.1142  -2.2562   0.6979  -1.7623
  1.1141  -2.2568   0.7094  -1.7700
  1.1140  -2.2581   0.7209  -1.7774
  1.1137  -2.2599   0.7323  -1.7848
  1.1134  -2.2620   0.7436  -1.7919
  1.1130  -2.2645   0.7549  -1.7989
  1.1125  -2.2673   0.7661  -1.8057
  1.1118  -2.2703   0.7773  -1.8123
  1.1112  -2.2735   0.7884  -1.8188
  1.1104  -2.2767   0.7994  -1.8251
  1.1095  -2.2801   0.8104  -1.8312
  1.1086  -2.2834   0.8213  -1.8372
  1.1076  -2.2868   0.8321  -1.8430
  1.1066  -2.2901   0.8429  -1.8486
  1.1054  -2.2933   0.8535  -1.8541
  1.1043  -2.2965   0.8642  -1.8594
  1.1030  -2.2995   0.8747  -1.8645
  1.1017  -2.3024   0.8851  -1.8695
  1.1003  -2.3052   0.8955  -1.8742
  1.0989  -2.3078   0.9058  -1.8788
  1.0975  -2.3102   0.9160  -1.8833
  1.0960  -2.3124   0.9261  -1.8875
  1.0945  -2.3144   0.9362  -1.8916
  1.0929  -2.3162   0.9461  -1.8955
  1.0913  -2.3177   0.9560  -1.8993
  1.0896  -2.3191   0.9657  -1.9028
  1.0880  -2.3202   0.9753  -1.9062
  1.0863  -2.3210   0.9849  -1.9094
  1.0846  -2.3217   0.9943  -1.9124
  1.0829  -2.3220   1.0036  -1.9152
  1.0811  -2.3221   1.0128  -1.9179
  1.0794  -2.3220   1.0219  -1.9204
  1.0776  -2.3215   1.0309  -1.9226
  1.0759  -2.3209   1.0397  -1.9247
  1.0741  -2.3199   1.0484  -1.9267
  1.0723  -2.3187   1.0570  -1.9284
  1.0706  -2.3172   1.0654  -1.9299
  1.0688  -2.3155   1.0737  -1.9313
  1.0670  -2.3135   1.0819  -1.9324
  1.0653  -2.3112   1.0899  -1.9334
  1.0636  -2.3087   1.0978  -1.9341
  1.0618  -2.3059   1.1054  -1.9347
  1.0601  -2.3028   1.1130  -1.9351
  1.0585  -2.2995   1.1204  -1.9353
  1.0568  -2.2960   1.1276  -1.9353
  1.0552  -2.2921   1.1346  -1.9351
  1.0535  -2.2881   1.1414  -1.9347
  1.0520  -2.2838   1.1481  -1.9341
  1.0504  -2.2792   1.1546  -1.9332
  1.0489  -2.2744   1.1609  -1.9322
  1.0473  -2.2694   1.1670  -1.9310
  1.0459  -2.2642   1.1729  -1.9296
  1.0444  -2.2588   1.1786  -1.9280
  1.0430  -2.2531   1.1841  -1.9262
  1.0417  -2.2473   1.1894  -1.9241
  1.0403  -2.2413   1.1945  -1.9219
  1.0391  -2.2351   1.1993  -1.9194
  1.0378  -2.2288   1.2039  -1.9168
  1.0366  -2.2223   1.2083  -1.9139
  1.0354  -2.2157   1.2125  -1.9108
  1.0343  -2.2090   1.2164  -1.9075
  1.0332  -2.2022   1.2201  -1.9040
  1.0322  -2.1953   1.2236  -1.9003
  1.0312  -2.1884   1.2268  -1.8964
  1.0302  -2.1815   1.2297  -1.8922
  1.0293  -2.1747   1.2324  -1.8878
  1.0285  -2.1679   1.2349  -1.8833
  1.0277  -2.1612   1.2370  -1.8784
  1.0270  -2.1547   1.2390  -1.8734
  1.0263  -2.1483   1.2406  -1.8681
  1.0256  -2.1423   1.2420  -1.8627
  1.0250  -2.1365   1.2430  -1.8569
  1.0245  -2.1311   1.2439  -1.8510
  1.0241  -2.1262   1.2444  -1.8448
  1.0237  -2.1219   1.2446  -1.8384
  1.0234  -2.1181   1.2445  -1.8318
  1.0231  -2.1152   1.2442  -1.8249
  1.0229  -2.1131   1.2435  -1.8178
  1.0229  -2.1119   1.2426  -1.8104
  1.0229  -2.1119   1.2426  -1.8104
  1.0229  -2.1119   1.2413  -1.8028
  1.0226  -2.1132   1.2405  -1.8033
  1.0221  -2.1153   1.2401  -1.8102
  1.0213  -2.1182   1.2398  -1.8221
  1.0202  -2.1215   1.2396  -1.8378
  1.0189  -2.1251   1.2392  -1.8563
  1.0174  -2.1289   1.2387  -1.8767
  1.0156  -2.1327   1.2379  -1.8983
  1.0136  -2.1366   1.2368  -1.9206
  1.0114  -2.1403   1.2353  -1.9431
  1.0090  -2.1440   1.2333  -1.9656
  1.0063  -2.1474   1.2310  -1.9879
  1.0035  -2.1507   1.2283  -2.0096
  1.0006  -2.1537   1.2252  -2.0308
  0.9975  -2.1565   1.2216  -2.0514
  0.9942  -2.1590   1.2177  -2.0712
  0.9908  -2.1613   1.2134  -2.0904
  0.9872  -2.1633   1.2087  -2.1087
  0.9836  -2.1649   1.2036  -2.1264
  0.9798  -2.1663   1.1983  -2.1433
  0.9760  -2.1674   1.1925  -2.1595
  0.9720  -2.1682   1.1865  -2.1749
  0.9680  -2.1687   1.1802  -2.1897
  0.9639  -2.1688   1.1736  -2.2037
  0.9598  -2.1687   1.1668  -2.2172
  0.9556  -2.1683   1.1597  -2.2299
  0.9514  -2.1676   1.1524  -2.2420
  0.9472  -2.1665   1.1448  -2.2535
  0.9429  -2.1652   1.1371  -2.2644
  0.9386  -2.1636   1.1291  -2.2748
  0.9344  -2.1617   1.1210  -2.2845
  0.9301  -2.1595   1.1128  -2.2937
  0.9258  -2.1570   1.1043  -2.3024
  0.9216  -2.1542   1.0958  -2.3105
  0.9173  -2.1511   1.0872  -2.3181
  0.9131  -2.1478   1.0784  -2.3251
  0.9089  -2.1441   1.0696  -2.3317
  0.9048  -2.1402   1.0606  -2.3378
  0.9007  -2.1360   1.0517  -2.3434
  0.8967  -2.1315   1.0427  -2.3485
  0.8927  -2.1267   1.0336  -2.3531
  0.8888  -2.1217   1.0245  -2.3573
  0.8849  -2.1163   1.0155  -2.3610
  0.8812  -2.1107   1.0064  -2.3643
  0.8774  -2.1048   0.9974  -2.3671
  0.8738  -2.0987   0.9884  -2.3694
  0.8702  -2.0922   0.9794  -2.3714
  0.8667  -2.0855   0.9705  -2.3729
  0.8633  -2.0785   0.9617  -2.3740
  0.8600  -2.0712   0.9530  -2.3746
  0.8568  -2.0636   0.9444  -2.3748
  0.8537  -2.0558   0.9359  -2.3747
  0.8506  -2.0476   0.9275  -2.3741
  0.8476  -2.0392   0.9193  -2.3730
  0.8448  -2.0305   0.9112  -2.3716
  0.8420  -2.0215   0.9033  -2.3698
  0.8393  -2.0123   0.8956  -2.3676
  0.8367  -2.0027   0.8881  -2.3650
  0.8342  -1.9929   0.8808  -2.3620
  0.8318  -1.9829   0.8737  -2.3586
  0.8295  -1.9725   0.8669  -2.3549
  0.8273  -1.9619   0.8603  -2.3508
  0.8251  -1.9511   0.8539  -2.3464
  0.8231  -1.9400   0.8479  -2.3416
  0.8211  -1.9287   0.8421  -2.3365
  0.8192  -1.9172   0.8366  -2.3311
  0.8174  -1.9055   0.8314  -2.3254
  0.8157  -1.8938   0.8266  -2.3195
  0.8141  -1.8820   0.8220  -2.3134
  0.8125  -1.8701   0.8179  -2.3072
  0.8111  -1.8584   0.8141  -2.3008
  0.8097  -1.8469   0.8106  -2.2945
  0.8085  -1.8357   0.8076  -2.2882
  0.8074  -1.8251   0.8049  -2.2822
  0.8063  -1.8152   0.8027  -2.2765
  0.8055  -1.8063   0.8009  -2.2714
  0.8047  -1.7989   0.7995  -2.2671
  0.8042  -1.7933   0.7985  -2.2638
  0.8042  -1.7933   0.7985  -2.2638
  0.8105  -1.7998   0.7980  -2.2619
  0.8168  -1.8060   0.7977  -2.2615
  0.8231  -1.8118   0.7977  -2.2624
  0.8295  -1.8174   0.7980  -2.2645
  0.8360  -1.8226   0.7985  -2.2674
  0.8424  -1.8275   0.7992  -2.2713
  0.8489  -1.8322   0.8002  -2.2758
  0.8554  -1.8365   0.8015  -2.2810
  0.8619  -1.8405   0.8029  -2.2867
  0.8685  -1.8443   0.8045  -2.2928
  0.8751  -1.8478   0.8063  -2.2992
  0.8816  -1.8509   0.8083  -2.3059
  0.8882  -1.8538   0.8105  -2.3129
  0.8948  -1.8565   0.8129  -2.3199
  0.9014  -1.8588   0.8154  -2.3271
  0.9080  -1.8609   0.8181  -2.3344
  0.9146  -1.8627   0.8209  -2.3416
  0.9211  -1.8642   0.8239  -2.3489
  0.9277  -1.8654   0.8270  -2.3560
  0.9342  -1.8664   0.8302  -2.3631
  0.9407  -1.8672   0.8335  -2.3701
  0.9472  -1.8676   0.8370  -2.3770
  0.9537  -1.8678   0.8405  -2.3837
  0.9601  -1.8678   0.8442  -2.3903
  0.9665  -1.8674   0.8479  -2.3967
  0.9728  -1.8669   0.8518  -2.4028
  0.9791  -1.8661   0.8557  -2.4088
  0.9853  -1.8650   0.8597  -2.4145
  0.9915  -1.8637   0.8637  -2.4201
  0.9977  -1.8621   0.8678  -2.4253
  1.0037  -1.8603   0.8720  -2.4304
  1.0097  -1.8582   0.8763  -2.4352
  1.0157  -1.8560   0.8805  -2.4397
  1.0215  -1.8534   0.8848  -2.4440
  1.0273  -1.8506   0.8892  -2.4480
  1.0330  -1.8476   0.8936  -2.4517
  1.0387  -1.8444   0.8980  -2.4552
  1.0442  -1.8409   0.9024  -2.4584
  1.0497  -1.8372   0.9068  -2.4613
  1.0551  -1.8332   0.9113  -2.4640
  1.0603  -1.8291   0.9157  -2.4663
  1.0655  -1.8247   0.9201  -2.4685
  1.0706  -1.8200   0.9245  -2.4703
  1.0756  -1.8152   0.9289  -2.4718
  1.0805  -1.8101   0.9333  -2.4731
  1.0853  -1.8048   0.9376  -2.4742
  1.0899  -1.7993   0.9420  -2.4749
  1.0945  -1.7936   0.9462  -2.4754
  1.0989  -1.7876   0.9505  -2.4756
  1.1033  -1.7814   0.9546  -2.4756
  1.1075  -1.7751   0.9587  -2.4753
  1.1116  -1.7685   0.9628  -2.4747
  1.1156  -1.7616   0.9668  -2.4739
  1.1195  -1.7546   0.9707  -2.4729
  1.1232  -1.7474   0.9745  -2.4716
  1.1268  -1.7399   0.9783  -2.4701
  1.1303  -1.7323   0.9819  -2.4684
  1.1337  -1.7244   0.9855  -2.4664
  1.1369  -1.7163   0.9890  -2.4643
  1.1400  -1.7080   0.9923  -2.4620
  1.1430  -1.6995   0.9956  -2.4595
  1.1459  -1.6908   0.9987  -2.4568
  1.1486  -1.6819   1.0017  -2.4540
  1.1512  -1.6728   1.0046  -2.4511
  1.1536  -1.6634   1.0073  -2.4480
  1.1560  -1.6539   1.0099  -2.4449
  1.1581  -1.6442   1.0123  -2.4416
  1.1602  -1.6342   1.0146  -2.4384
  1.1621  -1.6240   1.0168  -2.4351
  1.1639  -1.6137   1.0187  -2.4319
  1.1655  -1.6031   1.0205  -2.4287
  1.1670  -1.5923   1.0221  -2.4257
  1.1683  -1.5813   1.0236  -2.4227
  1.1695  -1.5701   1.0248  -2.4200
  1.1706  -1.5586   1.0259  -2.4176
  1.1715  -1.5470   1.0268  -2.4155
  1.1723  -1.5351   1.0274  -2.4137
  1.1730  -1.5231   1.0279  -2.4125
  1.1735  -1.5107   1.0281  -2.4118
  1.1735  -1.5107   1.0281  -2.4118
  1.1738  -1.4982   1.0281  -2.4118
  1.1746  -1.4918   1.0274  -2.4130
  1.1757  -1.4903   1.0260  -2.4150
  1.1771  -1.4926   1.0240  -2.4176
  1.1787  -1.4978   1.0214  -2.4207
  1.1803  -1.5053   1.0182  -2.4239
  1.1820  -1.5146   1.0145  -2.4272
  1.1837  -1.5252   1.0103  -2.4306
  1.1853  -1.5368   1.0056  -2.4338
  1.1868  -1.5491   1.0005  -2.4368
  1.1883  -1.5619   0.9949  -2.4397
  1.1896  -1.5751   0.9890  -2.4422
  1.1909  -1.5885   0.9827  -2.4444
  1.1920  -1.6021   0.9760  -2.4463
  1.1929  -1.6157   0.9690  -2.4478
  1.1938  -1.6293   0.9617  -2.4489
  1.1944  -1.6428   0.9541  -2.4496
  1.1950  -1.6563   0.9463  -2.4499
  1.1954  -1.6697   0.9382  -2.4497
  1.1957  -1.6830   0.9299  -2.4491
  1.1959  -1.6962   0.9214  -2.4480
  1.1959  -1.7092   0.9127  -2.4464
  1.1958  -1.7221   0.9038  -2.4444
  1.1955  -1.7348   0.8949  -2.4419
  1.1952  -1.7474   0.8857  -2.4389
  1.1947  -1.7598   0.8765  -2.4355
  1.1941  -1.7721   0.8672  -2.4315
  1.1934  -1.7842   0.8579  -2.4271
  1.1926  -1.7962   0.8485  -2.4221
  1.1917  -1.8080   0.8390  -2.4167
  1.1907  -1.8197   0.8295  -2.4108
  1.1896  -1.8313   0.8200  -2.4043
  1.1884  -1.8427   0.8106  -2.3974
  1.1871  -1.8539   0.8011  -2.3900
  1.1857  -1.8650   0.7917  -2.3821
  1.1843  -1.8760   0.7823  -2.3737
  1.1827  -1.8868   0.7730  -2.3648
  1.1811  -1.8975   0.7638  -2.3554
  1.1794  -1.9081   0.7546  -2.3455
  1.1777  -1.9185   0.7456  -2.3351
  1.1759  -1.9288   0.7366  -2.3242
  1.1740  -1.9390   0.7278  -2.3129
  1.1721  -1.9490   0.7191  -2.3010
  1.1701  -1.9589   0.7106  -2.2887
  1.1681  -1.9686   0.7021  -2.2759
  1.1660  -1.9782   0.6939  -2.2626
  1.1640  -1.9877   0.6858  -2.2489
  1.1618  -1.9971   0.6778  -2.2347
  1.1597  -2.0063   0.6701  -2.2200
  1.1575  -2.0154   0.6625  -2.2049
  1.1553  -2.0244   0.6551  -2.1893
  1.1531  -2.0332   0.6479  -2.1732
  1.1509  -2.0419   0.6408  -2.1568
  1.1487  -2.0505   0.6340  -2.1399
  1.1464  -2.0589   0.6273  -2.1225
  1.1442  -2.0672   0.6209  -2.1048
  1.1420  -2.0754   0.6146  -2.0867
  1.1398  -2.0834   0.6086  -2.0681
  1.1377  -2.0913   0.6027  -2.0492
  1.1356  -2.0991   0.5971  -2.0299
  1.1335  -2.1067   0.5916  -2.0103
  1.1314  -2.1142   0.5864  -1.9904
  1.1294  -2.1215   0.5813  -1.9701
  1.1274  -2.1287   0.5765  -1.9496
  1.1255  -2.1357   0.5718  -1.9289
  1.1237  -2.1425   0.5673  -1.9080
  1.1219  -2.1491   0.5630  -1.8870
  1.1203  -2.1556   0.5590  -1.8659
  1.1187  -2.1618   0.5551  -1.8449
  1.1172  -2.1678   0.5514  -1.8240
  1.1158  -2.1735   0.5479  -1.8035
  1.1145  -2.1789   0.5447  -1.7834
  1.1133  -2.1840   0.5417  -1.7641
  1.1123  -2.1887   0.5390  -1.7458
  1.1114  -2.1928   0.5366  -1.7289
  1.1107  -2.1965   0.5345  -1.7139
  1.1101  -2.1994   0.5328  -1.7013
  1.1097  -2.2016   0.5316  -1.6919
  1.1095  -2.2027   0.5309  -1.6866
  1.1095  -2.2027   0.5309  -1.6866
  1.1095  -2.2027   0.5309  -1.6866
  1.1095  -2.2027   0.5309  -1.6866
  1.1095  -2.2027   0.5309  -1.6866
  1.1095  -2.2027   0.5309  -1.6866
  1.1095  -2.2027   0.5430  -1.6971
  1.1095  -2.2026   0.5550  -1.7075
  1.1095  -2.2023   0.5669  -1.7176
  1.1094  -2.2019   0.5787  -1.7276
  1.1093  -2.2014   0.5905  -1.7373
  1.1092  -2.2008   0.6022  -1.7469
  1.1090  -2.2002   0.6139  -1.7563
  1.1088  -2.1994   0.6254  -1.7655
  1.1086  -2.1985   0.6369  -1.7745
  1.1083  -2.1976   0.6483  -1.7833
  1.1080  -2.1966   0.6597  -1.7919
  1.1077  -2.1955   0.6709  -1.8004
  1.1073  -2.1944   0.6821  -1.8087
  1.1070  -2.1932   0.6933  -1.8168
  1.1066  -2.1919   0.7043  -1.8247
  1.1062  -2.1906   0.7153  -1.8324
  1.1058  -2.1892   0.7262  -1.8399
  1.1053  -2.1878   0.7370  -1.8473
  1.1049  -2.1863   0.7477  -1.8544
  1.1044  -2.1847   0.7584  -1.8614
  1.1039  -2.1831   0.7690  -1.8682
  1.1034  -2.1815   0.7795  -1.8748
  1.1029  -2.1798   0.7899  -1.8813
  1.1023  -2.1780   0.8002  -1.8875
  1.1018  -2.1763   0.8104  -1.8936
  1.1013  -2.1744   0.8206  -1.8995
  1.1007  -2.1725   0.8306  -1.9051
  1.1001  -2.1706   0.8406  -1.9106
  1.0996  -2.1687   0.8505  -1.9160
  1.0990  -2.1667   0.8603  -1.9211
  1.0984  -2.1646   0.8699  -1.9260
  1.0978  -2.1625   0.8795  -1.9308
  1.0972  -2.1604   0.8890  -1.9353
  1.0967  -2.1583   0.8983  -1.9397
  1.0961  -2.1561   0.9076  -1.9439
  1.0955  -2.1538   0.9167  -1.9478
  1.0949  -2.1516   0.9257  -1.9516
  1.0943  -2.1493   0.9346  -1.9552
  1.0937  -2.1469   0.9434  -1.9586
  1.0931  -2.1445   0.9521  -1.9618
  1.0925  -2.1421   0.9606  -1.9648
  1.0920  -2.1397   0.9690  -1.9676
  1.0914  -2.1372   0.9772  -1.9702
  1.0908  -2.1347   0.9854  -1.9726
  1.0903  -2.1321   0.9933  -1.9748
  1.0897  -2.1296   1.0012  -1.9768
  1.0891  -2.1270   1.0088  -1.9786
  1.0886  -2.1244   1.0164  -1.9802
  1.0881  -2.1217   1.0237  -1.9816
  1.0875  -2.1190   1.0309  -1.9828
  1.0870  -2.1163   1.0379  -1.9837
  1.0865  -2.1136   1.0448  -1.9845
  1.0860  -2.1109   1.0515  -1.9850
  1.0855  -2.1081   1.0580  -1.9854
  1.0850  -2.1054   1.0643  -1.9855
  1.0846  -2.1026   1.0704  -1.9854
  1.0841  -2.0999   1.0763  -1.9851
  1.0837  -2.0971   1.0821  -1.9846
  1.0832  -2.0943   1.0876  -1.9838
  1.0828  -2.0916   1.0929  -1.9829
  1.0824  -2.0888   1.0980  -1.9817
  1.0820  -2.0861   1.1029  -1.9803
  1.0816  -2.0834   1.1076  -1.9787
  1.0813  -2.0808   1.1121  -1.9768
  1.0809  -2.0781   1.1163  -1.9748
  1.0806  -2.0756   1.1203  -1.9725
  1.0803  -2.0731   1.1240  -1.9699
  1.0800  -2.0707   1.1276  -1.9672
  1.0797  -2.0683   1.1308  -1.9642
  1.0795  -2.0661   1.1338  -1.9610
  1.0793  -2.0640   1.1366  -1.9576
  1.0790  -2.0620   1.1391  -1.9539
  1.0788  -2.0602   1.1414  -1.9500
  1.0787  -2.0585   1.1433  -1.9459
  1.0785  -2.0571   1.1450  -1.9415
  1.0784  -2.0558   1.1465  -1.9369
  1.0783  -2.0549   1.1476  -1.9320
  1.0783  -2.0542   1.1485  -1.9269
  1.0782  -2.0538   1.1491  -1.9216
  1.0782  -2.0538   1.1491  -1.9216
  1.0782  -2.0538   1.1494  -1.9160
  1.0780  -2.0531   1.1494  -1.9129
  1.0776  -2.0517   1.1491  -1.9116
  1.0771  -2.0499   1.1486  -1.9118
  1.0763  -2.0476   1.1477  -1.9131
  1.0754  -2.0450   1.1465  -1.9153
  1.0743  -2.0421   1.1450  -1.9181
  1.0731  -2.0391   1.1431  -1.9214
  1.0717  -2.0358   1.1410  -1.9251
  1.0701  -2.0324   1.1386  -1.9292
  1.0684  -2.0289   1.1359  -1.9335
  1.0666  -2.0253   1.1330  -1.9380
  1.0647  -2.0217   1.1297  -1.9426
  1.0626  -2.0180   1.1262  -1.9474
  1.0604  -2.0142   1.1225  -1.9522
  1.0581  -2.0104   1.1185  -1.9571
  1.0557  -2.0066   1.1143  -1.9620
  1.0532  -2.0027   1.1099  -1.9669
  1.0506  -1.9988   1.1052  -1.9719
  1.0479  -1.9949   1.1004  -1.9769
  1.0451  -1.9909   1.0953  -1.9818
  1.0423  -1.9870   1.0901  -1.9868
  1.0393  -1.9830   1.0847  -1.9917
  1.0363  -1.9790   1.0792  -1.9966
  1.0332  -1.9750   1.0735  -2.0015
  1.0301  -1.9710   1.0676  -2.0064
  1.0269  -1.9669   1.0616  -2.0113
  1.0236  -1.9629   1.0555  -2.0161
  1.0203  -1.9588   1.0493  -2.0209
  1.0170  -1.9548   1.0430  -2.0257
  1.0136  -1.9507   1.0366  -2.0305
  1.0102  -1.9466   1.0300  -2.0352
  1.0067  -1.9425   1.0234  -2.0399
  1.0032  -1.9384   1.0168  -2.0445
  0.9997  -1.9343   1.0100  -2.0492
  0.9961  -1.9302   1.0033  -2.0538
  0.9926  -1.9260   0.9964  -2.0583
  0.9890  -1.9219   0.9896  -2.0629
  0.9855  -1.9177   0.9827  -2.0674
  0.9819  -1.9135   0.9758  -2.0718
  0.9783  -1.9094   0.9689  -2.0763
  0.9748  -1.9052   0.9620  -2.0807
  0.9712  -1.9010   0.9550  -2.0851
  0.9677  -1.8967   0.9482  -2.0894
  0.9641  -1.8925   0.9413  -2.0938
  0.9606  -1.8883   0.9345  -2.0980
  0.9571  -1.8840   0.9277  -2.1023
  0.9537  -1.8798   0.9210  -2.1065
  0.9503  -1.8755   0.9143  -2.1107
  0.9469  -1.8712   0.9077  -2.1149
  0.9436  -1.8670   0.9012  -2.1190
  0.9403  -1.8627   0.8947  -2.1231
  0.9370  -1.8584   0.8884  -2.1272
  0.9338  -1.8540   0.8822  -2.1312
  0.9307  -1.8497   0.8761  -2.1352
  0.9276  -1.8454   0.8701  -2.1392
  0.9246  -1.8410   0.8642  -2.1432
  0.9217  -1.8367   0.8585  -2.1471
  0.9188  -1.8323   0.8530  -2.1510
  0.9161  -1.8280   0.8476  -2.1548
  0.9134  -1.8236   0.8423  -2.1586
  0.9107  -1.8193   0.8373  -2.1624
  0.9082  -1.8149   0.8325  -2.1661
  0.9058  -1.8106   0.8278  -2.1698
  0.9035  -1.8062   0.8234  -2.1735
  0.9013  -1.8019   0.8192  -2.1770
  0.8992  -1.7977   0.8152  -2.1806
  0.8972  -1.7934   0.8115  -2.1840
  0.8953  -1.7893   0.8080  -2.1874
  0.8936  -1.7852   0.8048  -2.1907
  0.8919  -1.7812   0.8018  -2.1938
  0.8905  -1.7773   0.7992  -2.1968
  0.8892  -1.7736   0.7968  -2.1996
  0.8880  -1.7702   0.7948  -2.2023
  0.8880  -1.7702   0.7948  -2.2023
  0.8936  -1.7763   0.7930  -2.2046
  0.8993  -1.7821   0.7915  -2.2073
  0.9049  -1.7877   0.7904  -2.2102
  0.9106  -1.7929   0.7895  -2.2135
  0.9163  -1.7979   0.7890  -2.2169
  0.9221  -1.8026   0.7888  -2.2206
  0.9278  -1.8070   0.7889  -2.2244
  0.9335  -1.8111   0.7893  -2.2283
  0.9393  -1.8149   0.7900  -2.2323
  0.9451  -1.8184   0.7909  -2.2365
  0.9508  -1.8217   0.7920  -2.2406
  0.9566  -1.8247   0.7934  -2.2449
  0.9623  -1.8275   0.7950  -2.2491
  0.9681  -1.8299   0.7969  -2.2534
  0.9738  -1.8321   0.7989  -2.2576
  0.9796  -1.8341   0.8012  -2.2619
  0.9853  -1.8358   0.8037  -2.2661
  0.9910  -1.8372   0.8063  -2.2702
  0.9967  -1.8383   0.8092  -2.2744
  1.0023  -1.8393   0.8122  -2.2785
  1.0080  -1.8399   0.8154  -2.2825
  1.0136  -1.8403   0.8187  -2.2864
  1.0191  -1.8405   0.8222  -2.2903
  1.0247  -1.8404   0.8258  -2.2941
  1.0302  -1.8401   0.8296  -2.2978
  1.0356  -1.8395   0.8334  -2.3014
  1.0410  -1.8387   0.8374  -2.3049
  1.0464  -1.8377   0.8415  -2.3084
  1.0517  -1.8364   0.8457  -2.3117
  1.0569  -1.8349   0.8500  -2.3149
  1.0621  -1.8331   0.8544  -2.3181
  1.0673  -1.8311   0.8589  -2.3211
  1.0723  -1.8289   0.8634  -2.3240
  1.0773  -1.8264   0.8680  -2.3269
  1.0823  -1.8237   0.8727  -2.3296
  1.0871  -1.8208   0.8774  -2.3322
  1.0919  -1.8177   0.8822  -2.3347
  1.0966  -1.8143   0.8869  -2.3371
  1.1013  -1.8108   0.8918  -2.3393
  1.1058  -1.8070   0.8966  -2.3415
  1.1103  -1.8029   0.9014  -2.3436
  1.1147  -1.7987   0.9063  -2.3455
  1.1190  -1.7942   0.9112  -2.3474
  1.1232  -1.7896   0.9160  -2.3492
  1.1273  -1.7847   0.9208  -2.3508
  1.1313  -1.7796   0.9256  -2.3523
  1.1352  -1.7742   0.9304  -2.3538
  1.1390  -1.7687   0.9352  -2.3551
  1.1428  -1.7629   0.9399  -2.3564
  1.1464  -1.7570   0.9445  -2.3575
  1.1499  -1.7508   0.9491  -2.3586
  1.1533  -1.7444   0.9537  -2.3595
  1.1566  -1.7379   0.9581  -2.3604
  1.1598  -1.7311   0.9625  -2.3612
  1.1629  -1.7241   0.9668  -2.3618
  1.1659  -1.7169   0.9710  -2.3625
  1.1687  -1.7094   0.9751  -2.3630
  1.1715  -1.7018   0.9791  -2.3634
  1.1741  -1.6940   0.9830  -2.3638
  1.1766  -1.6860   0.9868  -2.3641
  1.1790  -1.6777   0.9904  -2.3643
  1.1813  -1.6693   0.9940  -2.3645
  1.1834  -1.6606   0.9973  -2.3646
  1.1855  -1.6518   1.0006  -2.3646
  1.1874  -1.6427   1.0036  -2.3646
  1.1892  -1.6335   1.0066  -2.3646
  1.1908  -1.6240   1.0093  -2.3645
  1.1924  -1.6143   1.0119  -2.3643
  1.1938  -1.6044   1.0143  -2.3642
  1.1951  -1.5943   1.0165  -2.3640
  1.1962  -1.5840   1.0186  -2.3638
  1.1972  -1.5735   1.0204  -2.3635
  1.1981  -1.5627   1.0220  -2.3633
  1.1989  -1.5518   1.0234  -2.3631
  1.1995  -1.5406   1.0246  -2.3629
  1.2000  -1.5292   1.0256  -2.3627
  1.2003  -1.5176   1.0263  -2.3625
  1.2005  -1.5058   1.0268  -2.3624
  1.2006  -1.4937   1.0270  -2.3623
  1.2006  -1.4937   1.0270  -2.3623
  1.2005  -1.4815   1.0270  -2.3623
  1.2008  -1.4743   1.0265  -2.3613
  1.2014  -1.4711   1.0254  -2.3593
  1.2021  -1.4712   1.0239  -2.3567
  1.2030  -1.4738   1.0219  -2.3534
  1.2039  -1.4784   1.0194  -2.3496
  1.2049  -1.4846   1.0165  -2.3455
  1.2058  -1.4919   1.0133  -2.3410
  1.2067  -1.5003   1.0096  -2.3361
  1.2075  -1.5094   1.0056  -2.3311
  1.2083  -1.5191   1.0013  -2.3258
  1.2090  -1.5292   0.9966  -2.3203
  1.2095  -1.5397   0.9916  -2.3147
  1.2100  -1.5504   0.9864  -2.3088
  1.2103  -1.5614   0.9809  -2.3029
  1.2106  -1.5725   0.9751  -2.2968
  1.2107  -1.5838   0.9691  -2.2906
  1.2107  -1.5951   0.9629  -2.2842
  1.2106  -1.6065   0.9564  -2.2777
  1.2103  -1.6180   0.9498  -2.2711
  1.2100  -1.6295   0.9430  -2.2644
  1.2095  -1.6410   0.9361  -2.2576
  1.2089  -1.6525   0.9289  -2.2506
  1.2082  -1.6640   0.9217  -2.2435
  1.2074  -1.6755   0.9143  -2.2363
  1.2065  -1.6870   0.9068  -2.2290
  1.2055  -1.6985   0.8992  -2.2216
  1.2044  -1.7100   0.8915  -2.2141
  1.2032  -1.7214   0.8838  -2.2064
  1.2019  -1.7329   0.8760  -2.1986
  1.2005  -1.7443   0.8681  -2.1907
  1.1990  -1.7556   0.8602  -2.1827
  1.1974  -1.7669   0.8522  -2.1745
  1.1958  -1.7782   0.8443  -2.1663
  1.1941  -1.7895   0.8363  -2.1579
  1.1923  -1.8007   0.8283  -2.1494
  1.1904  -1.8119   0.8203  -2.1407
  1.1884  -1.8231   0.8123  -2.1320
  1.1864  -1.8342   0.8044  -2.1231
  1.1843  -1.8452   0.7965  -2.1141
  1.1822  -1.8562   0.7886  -2.1050
  1.1800  -1.8672   0.7808  -2.0958
  1.1778  -1.8781   0.7730  -2.0864
  1.1755  -1.8890   0.7653  -2.0769
  1.1732  -1.8999   0.7577  -2.0673
  1.1708  -1.9106   0.7501  -2.0576
  1.1684  -1.9214   0.7427  -2.0477
  1.1660  -1.9321   0.7353  -2.0378
  1.1635  -1.9427   0.7281  -2.0277
  1.1611  -1.9533   0.7210  -2.0175
  1.1586  -1.9638   0.7139  -2.0072
  1.1561  -1.9743   0.7070  -1.9967
  1.1536  -1.9848   0.7003  -1.9862
  1.1512  -1.9951   0.6936  -1.9755
  1.1487  -2.0054   0.6871  -1.9648
  1.1462  -2.0157   0.6808  -1.9539
  1.1438  -2.0259   0.6746  -1.9429
  1.1414  -2.0360   0.6686  -1.9318
  1.1390  -2.0461   0.6628  -1.9207
  1.1366  -2.0561   0.6571  -1.9094
  1.1343  -2.0660   0.6516  -1.8980
  1.1320  -2.0758   0.6463  -1.8866
  1.1298  -2.0856   0.6411  -1.8752
  1.1277  -2.0952   0.6362  -1.8636
  1.1256  -2.1047   0.6315  -1.8521
  1.1236  -2.1141   0.6270  -1.8405
  1.1217  -2.1234   0.6226  -1.8290
  1.1198  -2.1324   0.6186  -1.8175
  1.1181  -2.1413   0.6147  -1.8061
  1.1165  -2.1499   0.6111  -1.7949
  1.1150  -2.1583   0.6078  -1.7838
  1.1136  -2.1662   0.6047  -1.7731
  1.1123  -2.1738   0.6019  -1.7629
  1.1112  -2.1808   0.5994  -1.7531
  1.1103  -2.1871   0.5972  -1.7442
  1.1095  -2.1926   0.5954  -1.7362
  1.1089  -2.1972   0.5939  -1.7295
  1.1085  -2.2005   0.5929  -1.7245
  1.1082  -2.2023   0.5923  -1.7217
