  3.2844   3.8569  16.8852  17.4344
  3.7247   4.1055  18.5030  20.4508
  3.5291   4.1497  19.0548  20.6768
  2.7286   4.2978  19.6284  20.3541
  3.3700   4.0213  19.9197  20.0958
  3.4024   3.9193  19.6700  20.1155
  3.3587   3.8379  19.5131  20.0815
  3.2771   3.7670  19.3631  20.0439
  3.2419   3.6793  19.2145  20.0060
  3.4460   3.5297  19.0665  19.9683
  3.0836   3.5418  18.9200  19.9300
  3.0401   3.4641  18.7739  19.8922
  2.9968   3.3871  18.6284  19.8544
  2.9525   3.3110  18.4838  19.8166
  3.1736   3.1613  18.3394  19.7792
  2.8445   3.1662  18.1966  19.7412
  3.0441   3.0240  18.0537  19.7038
  2.7408   3.0226  17.9122  19.6659
  2.6872   2.9521  17.7711  19.6284
  2.8141   2.8319  17.6304  19.5911
  1.8726   3.0077  17.4920  19.5525
  2.0743   2.8662  17.3526  19.5154
  2.3470   2.7085  17.2137  19.4783
  2.4064   2.5960  17.0760  19.4411
  2.5218   2.4850  16.9389  19.4039
  2.4724   2.4209  16.8027  19.3666
  2.2453   2.4042  16.6674  19.3291
  2.2134   2.3348  16.5325  19.2919
  2.2928   2.2362  16.3982  19.2548
  2.2345   2.1746  16.2647  19.2176
  2.1790   2.1127  16.1318  19.1804
  2.0200   2.0782  15.9998  19.1431
  1.9673   2.0161  15.8683  19.1060
  1.9149   1.9544  15.7375  19.0688
  1.9450   1.8727  15.6073  19.0318
  1.8942   1.8133  15.4778  18.9948
  1.8397   1.7565  15.3491  18.9577
  1.7906   1.7000  15.2209  18.9206
  1.6584   1.6652  15.0936  18.8834
  1.6838   1.5906  14.9667  18.8465
  1.4063   1.5935  14.8408  18.8092
  0.9355   1.6432  14.7158  18.7716
  1.5066   1.4318  14.5903  18.7353
  1.4442   1.3823  14.4662  18.6982
  1.4285   1.3198  14.3427  18.6612
  1.3712   1.2683  14.2200  18.6241
  1.3179   1.2163  14.0980  18.5870
  1.2651   1.1646  13.9766  18.5499
  1.2305   1.1090  13.8559  18.5128
  1.1785   1.0580  13.7359  18.4756
  1.1296   1.0067  13.6165  18.4385
  1.0859   0.9547  13.4979  18.4013
  1.0367   0.9043  13.3799  18.3641
  0.9872   0.8545  13.2626  18.3268
  0.9363   0.8053  13.1460  18.2895
  0.8812   0.7575  13.0301  18.2522
  0.8173   0.7121  12.9148  18.2148
  0.7452   0.6689  12.8003  18.1774
  0.6698   0.6268  12.6864  18.1399
  0.5937   0.5852  12.5732  18.1024
  0.5178   0.5439  12.4608  18.0649
  0.4426   0.5028  12.3490  18.0273
  0.3683   0.4620  12.2379  17.9896
  0.2951   0.4214  12.1276  17.9519
  0.2242   0.3818  12.0179  17.9141
  0.2527   0.4069  11.9089  17.8765
  0.3586   0.4826  11.8005  17.8390
  0.3759   0.4996  11.6929  17.8012
  0.3902   0.5143  11.5860  17.7634
  0.2633   0.6553  11.4799  17.7254
  0.2851   0.6357  11.3744  17.6874
  0.3080   0.6153  11.2695  17.6493
  0.3248   0.6017  11.1654  17.6111
  0.3362   0.5937  11.0620  17.5729
  0.2974   0.6371  10.9593  17.5345
  0.3467   0.5907  10.8573  17.4961
  0.3530   0.5882  10.7560  17.4576
  0.3563   0.5887  10.6554  17.4191
  0.3596   0.5892  10.5555  17.3804
  0.3628   0.5897  10.4563  17.3417
  0.3660   0.5903  10.3578  17.3028
  0.3692   0.5909  10.2600  17.2639
  0.3724   0.5913  10.1629  17.2249
  0.3757   0.5917  10.0664  17.1858
  0.3961   0.5760   9.9706  17.1467
  0.3955   0.5801   9.8755  17.1074
  0.3997   0.5796   9.7810  17.0681
  0.4098   0.5738   9.6872  17.0287
  0.4211   0.5669   9.5940  16.9892
 -0.8536   1.7771   9.4971  16.9484
  0.4708   0.5161   9.4118  16.9101
  0.4954   0.5109   9.3207  16.8704
  0.5116   0.5005   9.2301  16.8306
  0.5305   0.4873   9.1401  16.7907
  0.5860   0.4336   9.0505  16.7508
  0.5921   0.4272   8.9617  16.7109
  0.5856   0.4020   8.8734  16.6708
  0.5189   0.3034   8.7852  16.6305
  0.4756   0.2739   8.6982  16.5905
  0.5427   0.3439   8.6126  16.5509
  0.4432   0.2349   8.5261  16.5106
  0.4367   0.2256   8.4411  16.4708
  0.4449   0.2334   8.3567  16.4312
  0.4620   0.2432   8.2729  16.3916
  0.4639   0.2559   8.1895  16.3521
  0.4777   0.2670   8.1065  16.3126
  0.4896   0.2785   8.0238  16.2733
  0.5017   0.2898   7.9414  16.2342
  0.5295   0.2989   7.8592  16.1952
 -1.0058   0.7637   7.7714  16.1537
  0.1926  -0.0564   7.6989  16.1201
  0.4353   0.2125   7.6224  16.0863
  0.2052  -0.0441   7.5443  16.0491
  0.2331  -0.0250   7.4653  16.0151
  0.2877   0.0447   7.3859  15.9815
  0.2710   0.0065   7.3061  15.9501
  0.3249   0.0832   7.2251  15.9220
  0.2167  -0.0411   7.1427  15.9015
  0.2103  -0.0457   7.0522  15.8934
  0.0000   0.0000   0.0000   0.0000
  1.4182  -1.0459  10.4903  12.6272
  1.5033  -1.0499  12.4020  14.4623
  1.4727  -0.9431  12.5524  14.8826
  1.4330  -0.8375  12.7654  14.9410
  1.3935  -0.7429  12.6488  15.0862
  1.3554  -0.6586  12.7038  15.1495
  1.3185  -0.5838  12.7239  15.2259
  1.2828  -0.5175  12.7612  15.2955
  1.2480  -0.4588  12.8071  15.3613
  1.2142  -0.4068  12.9408  15.3912
  1.1812  -0.3608  13.0536  15.4302
  1.1488  -0.3202  13.1211  15.4883
  1.1168  -0.2846  13.0282  15.6115
  1.0854  -0.2531  12.9735  15.7187
  1.0549  -0.2252  13.2321  15.7008
  1.0244  -0.2007  13.2580  15.7764
  0.9940  -0.1794  13.0829  15.9313
  0.9642  -0.1606  13.1148  16.0042
  0.9346  -0.1440  13.1486  16.0763
  0.9052  -0.1296  13.1755  16.1513
  0.8762  -0.1168  13.4272  16.1399
  0.8470  -0.1058  13.4383  16.2217
  0.8180  -0.0962  13.4509  16.3028
  0.7890  -0.0878  13.4650  16.3835
  0.7601  -0.0806  13.4803  16.4636
  0.7312  -0.0743  13.4968  16.5433
  0.7024  -0.0689  13.5143  16.6227
  0.6735  -0.0642  13.5327  16.7017
  0.6447  -0.0603  13.5518  16.7804
  0.6158  -0.0569  13.5717  16.8588
  0.5868  -0.0541  13.5921  16.9371
  0.5579  -0.0517  13.6130  17.0151
  0.5289  -0.0497  13.6343  17.0930
  0.4998  -0.0481  13.6559  17.1708
  0.4707  -0.0467  13.6777  17.2484
  0.4415  -0.0457  13.6997  17.3259
  0.4122  -0.0449  13.7217  17.4034
  0.3829  -0.0443  13.7438  17.4808
  0.3535  -0.0438  13.7658  17.5581
  0.3240  -0.0435  13.7876  17.6354
  0.2945  -0.0434  13.8093  17.7126
  0.2649  -0.0433  13.8307  17.7898
  0.2352  -0.0433  13.8519  17.8670
  0.2055  -0.0434  13.8727  17.9442
  0.1757  -0.0436  13.8932  18.0213
  0.1458  -0.0438  13.9132  18.0983
  0.1158  -0.0440  13.9328  18.1753
  0.0858  -0.0442  13.9518  18.2523
  0.0558  -0.0444  13.9704  18.3292
  0.0256  -0.0446  13.9883  18.4061
 -0.0045  -0.0447  14.0057  18.4828
 -0.0348  -0.0449  14.0224  18.5595
 -0.0651  -0.0449  14.0385  18.6361
 -0.0954  -0.0450  14.0539  18.7126
 -0.1258  -0.0449  14.0686  18.7889
 -0.1563  -0.0448  14.0826  18.8651
 -0.1868  -0.0445  14.0959  18.9412
 -0.2173  -0.0442  14.1083  19.0170
 -0.2479  -0.0437  14.1200  19.0927
 -0.2785  -0.0431  14.1308  19.1681
 -0.3092  -0.0424  14.1409  19.2433
 -0.3399  -0.0414  14.1501  19.3183
 -0.3706  -0.0403  14.1584  19.3929
 -0.4014  -0.0390  14.1659  19.4673
 -0.4322  -0.0375  14.1725  19.5413
 -0.4631  -0.0357  14.1782  19.6149
 -0.4940  -0.0337  14.1829  19.6882
 -0.5250  -0.0314  14.1868  19.7610
 -0.5560  -0.0287  14.1897  19.8335
 -0.5871  -0.0257  14.1917  19.9054
 -0.6182  -0.0223  14.1926  19.9769
 -0.6494  -0.0184  14.1927  20.0478
 -0.6807  -0.0141  14.1917  20.1182
 -0.7120  -0.0093  14.1897  20.1879
 -0.7434  -0.0039  14.1868  20.2571
 -0.7749   0.0021  14.1828  20.3256
 -0.8064   0.0088  14.1777  20.3933
 -0.8381   0.0162  14.1717  20.4604
 -0.8699   0.0245  14.1645  20.5267
 -0.9017   0.0337  14.1563  20.5921
 -0.9337   0.0439  14.1470  20.6567
 -0.9657   0.0552  14.1365  20.7204
 -0.9979   0.0677  14.1250  20.7832
 -1.0301   0.0816  14.1123  20.8449
 -1.0625   0.0970  14.0984  20.9056
 -1.0949   0.1140  14.0834  20.9652
 -1.1275   0.1328  14.0671  21.0236
 -1.1601   0.1536  14.0496  21.0808
 -1.1927   0.1765  14.0308  21.1366
 -1.2254   0.2020  14.0107  21.1910
 -1.2581   0.2300  13.9893  21.2439
 -1.2908   0.2611  13.9664  21.2952
 -1.3233   0.2954  13.9420  21.3446
 -1.3557   0.3334  13.9160  21.3921
 -1.3879   0.3753  13.8883  21.4374
 -1.4195   0.4217  13.8587  21.4802
 -1.4501   0.4729  13.8269  21.5199
 -1.4789   0.5294  13.7923  21.5557
 -1.5019   0.5911  13.7541  21.5862
  0.4398   0.2489   1.2616   5.0124
  0.4354   0.2236   3.4701   5.4380
  0.4290   0.1946   2.5594   5.6227
  0.4235   0.1701   3.7579   5.9683
  0.4171   0.1478   3.9195   6.2361
  0.4105   0.1280   4.0673   6.5020
  0.4039   0.1106   4.2141   6.7678
  0.3973   0.0951   4.3606   7.0336
  0.3907   0.0810   4.4496   7.2882
  0.3840   0.0686   4.0407   7.4725
  0.3773   0.0576   3.8219   7.6848
  0.3709   0.0481   4.2249   7.9846
  0.3647   0.0397   4.8791   8.3268
  0.3574   0.0300   1.9170   8.1309
  0.3526   0.0254   5.3011   8.8823
  0.3464   0.0192   5.4312   9.1448
  0.3404   0.0136   5.5645   9.4077
  0.3345   0.0086   5.6951   9.6702
  0.3287   0.0041   5.8215   9.9321
  0.3231   0.0001   5.9441  10.1932
  0.3170  -0.0037   5.0323  10.3136
  0.3123  -0.0072   6.1763  10.7151
  0.3071  -0.0108   6.2909  10.9742
  0.3022  -0.0140   6.4037  11.2326
  0.2974  -0.0169   6.5146  11.4903
  0.2928  -0.0195   6.6235  11.7473
  0.2885  -0.0219   6.7304  12.0035
  0.2843  -0.0242   6.8353  12.2589
  0.2804  -0.0262   6.9381  12.5135
  0.2767  -0.0281   7.0392  12.7674
  0.2732  -0.0298   7.1376  13.0201
  0.2699  -0.0315   7.2343  13.2720
  0.2669  -0.0331   7.3289  13.5230
  0.2641  -0.0345   7.4216  13.7730
  0.2615  -0.0359   7.5124  14.0220
  0.2592  -0.0372   7.6014  14.2700
  0.2570  -0.0385   7.6890  14.5170
  0.2552  -0.0398   7.7700  14.7620
  0.2535  -0.0410   7.8592  15.0080
  0.2521  -0.0422   7.9404  15.2516
  0.2509  -0.0434   8.0195  15.4939
  0.2498  -0.0447   7.9833  15.7076
  0.2491  -0.0459   8.1279  15.9626
  0.2486  -0.0471   8.1957  16.1999
  0.2483  -0.0484   8.2614  16.4354
  0.2481  -0.0496   8.2450  16.6513
  0.2483  -0.0510   8.3059  16.8836
  0.2487  -0.0524   8.3633  17.1141
  0.2493  -0.0539   8.4172  17.3428
  0.2502  -0.0556   8.4670  17.5694
  0.2508  -0.0590   6.2124  17.1390
  0.2516  -0.0607   6.8028  17.5045
  0.2530  -0.0615   8.6138  18.2453
  0.2550  -0.0637   8.6684  18.4669
  0.2572  -0.0661   8.7065  18.6841
  0.2596  -0.0688   8.7414  18.8992
  0.2623  -0.0717   8.7653  19.1107
  0.2651  -0.0748   8.7992  19.3226
  0.2682  -0.0783   8.8351  19.5332
  0.2715  -0.0820   8.8634  19.7409
  0.2750  -0.0862   8.8885  19.9462
  0.2786  -0.0907   8.9111  20.1494
  0.2825  -0.0956   8.9314  20.3507
  0.2866  -0.1011   8.9490  20.5496
  0.2908  -0.1070   8.9637  20.7463
  0.2952  -0.1136   8.9743  20.9405
  0.2998  -0.1208   8.9706  21.1293
  0.3045  -0.1288   8.9741  21.3183
  0.3094  -0.1376   9.0017  21.5121
  0.3145  -0.1472   9.0226  21.7036
  0.3197  -0.1577   9.0371  21.8931
  0.3250  -0.1692   9.0542  22.0832
  0.3304  -0.1819   8.9781  22.2485
  0.3359  -0.1957   8.9810  22.4363
  0.3415  -0.2109   9.0374  22.6424
  0.3471  -0.2401  -6.3326  17.5989
  0.3462  -0.2489   8.9642  23.0615
  0.3475  -0.2713   9.1098  23.3314
  0.3395  -0.2978   9.1054  23.5984
  0.0000   0.0000   0.0000   0.0000
 -3.7004   0.2096   1.9076  -3.8844
 -3.5519   0.1440   1.7098  -2.9235
 -3.4049   0.0949   1.5362  -2.1960
 -3.2596   0.0592   1.3826  -1.6473
 -3.1163   0.0340   1.2453  -1.2348
 -2.9752   0.0172   1.1212  -0.9255
 -2.8364   0.0066   1.0079  -0.6943
 -2.6999   0.0009   0.9034  -0.5220
 -2.5658  -0.0012   0.8063  -0.3942
 -2.4341  -0.0007   0.7153  -0.2998
 -2.3047   0.0018   0.6296  -0.2305
 -2.1777   0.0057   0.5486  -0.1800
 -2.0531   0.0105   0.4717  -0.1437
 -1.9308   0.0160   0.3986  -0.1180
 -1.8107   0.0218   0.3289  -0.1001
 -1.6929   0.0278   0.2625  -0.0880
 -1.5773   0.0339   0.1992  -0.0802
 -1.4639   0.0400   0.1388  -0.0756
 -1.3527   0.0459   0.0814  -0.0732
 -1.2436   0.0517   0.0268  -0.0724
 -1.1365   0.0573  -0.0250  -0.0727
 -1.0315   0.0626  -0.0741  -0.0737
 -0.9286   0.0678  -0.1204  -0.0752
 -0.8276   0.0726  -0.1640  -0.0768
 -0.7286   0.0773  -0.2049  -0.0786
 -0.6316   0.0817  -0.2431  -0.0802
 -0.5365   0.0858  -0.2785  -0.0817
 -0.4433   0.0897  -0.3113  -0.0830
 -0.3520   0.0934  -0.3414  -0.0840
 -0.2626   0.0969  -0.3687  -0.0847
 -0.1750   0.1002  -0.3933  -0.0851
 -0.0893   0.1033  -0.4152  -0.0852
 -0.0054   0.1062  -0.4343  -0.0850
  0.0767   0.1089  -0.4506  -0.0844
  0.1570   0.1114  -0.4642  -0.0835
  0.2356   0.1137  -0.4749  -0.0823
  0.3123   0.1159  -0.4829  -0.0807
  0.3873   0.1180  -0.4880  -0.0789
  0.4606   0.1198  -0.4903  -0.0767
  0.5321   0.1216  -0.4897  -0.0743
  0.6019   0.1231  -0.4862  -0.0716
  0.6700   0.1246  -0.4798  -0.0687
  0.7363   0.1258  -0.4705  -0.0655
  0.8010   0.1270  -0.4582  -0.0621
  0.8639   0.1279  -0.4429  -0.0585
  0.9252   0.1288  -0.4247  -0.0548
  0.9848   0.1294  -0.4034  -0.0508
  1.0427   0.1299  -0.3790  -0.0466
  1.0989   0.1303  -0.3515  -0.0423
  1.1535   0.1304  -0.3210  -0.0378
  1.2064   0.1304  -0.2872  -0.0331
  1.2577   0.1301  -0.2503  -0.0283
  1.3073   0.1296  -0.2101  -0.0232
  1.3553   0.1289  -0.1667  -0.0179
  1.4017   0.1278  -0.1200  -0.0122
  1.4464   0.1264  -0.0699  -0.0062
  1.4896   0.1246  -0.0165   0.0003
  1.5312   0.1222   0.0404   0.0074
  1.5712   0.1193   0.1008   0.0154
  1.6096   0.1157   0.1646   0.0243
  1.6464   0.1113   0.2321   0.0347
  1.6818   0.1057   0.3032   0.0468
  1.7156   0.0989   0.3779   0.0612
  1.7479   0.0904   0.4564   0.0786
  1.7787   0.0798   0.5387   0.0998
  1.8081   0.0667   0.6249   0.1260
  1.8361   0.0504   0.7151   0.1586
  1.8627   0.0300   0.8093   0.1995
  1.8880   0.0045   0.9076   0.2509
  1.9120  -0.0276   1.0103   0.3158
  1.9349  -0.0680   1.1173   0.3980
  1.9567  -0.1189   1.2288   0.5022
  1.9775  -0.1832   1.3451   0.6346
  1.9975  -0.2647   1.4664   0.8026
  2.0169  -0.3679   1.5928   1.0159
  2.0358  -0.4990   1.7248   1.2863
  2.0547  -0.6659   1.8625   1.6285
  2.0739  -0.8786   2.0065   2.0603
  0.0000   0.0000   0.0000   0.0000
 -2.6855  23.3698   0.9370   0.0457
 -2.9688  23.3097   0.8831   0.0517
 -3.2525  23.2474   0.8302   0.0533
 -3.5367  23.1830   0.7785   0.0522
 -3.8212  23.1164   0.7278   0.0495
 -4.1060  23.0476   0.6781   0.0460
 -4.3913  22.9766   0.6294   0.0421
 -4.6768  22.9034   0.5816   0.0381
 -4.9627  22.8280   0.5348   0.0341
 -5.2489  22.7503   0.4889   0.0303
 -5.5353  22.6704   0.4439   0.0266
 -5.8219  22.5882   0.3997   0.0231
 -6.1087  22.5038   0.3564   0.0198
 -6.3956  22.4171   0.3138   0.0166
 -6.6826  22.3281   0.2720   0.0136
 -6.9697  22.2368   0.2310   0.0108
 -7.2568  22.1432   0.1908   0.0081
 -7.5438  22.0473   0.1512   0.0056
 -7.8307  21.9491   0.1123   0.0032
 -8.1175  21.8486   0.0741   0.0009
 -8.4041  21.7458   0.0364  -0.0012
 -8.6904  21.6407  -0.0005  -0.0033
 -8.9764  21.5333  -0.0370  -0.0052
 -9.2620  21.4236  -0.0728  -0.0070
 -9.5473  21.3115  -0.1081  -0.0088
 -9.8320  21.1972  -0.1429  -0.0104
-10.1162  21.0806  -0.1773  -0.0120
-10.3998  20.9617  -0.2111  -0.0134
-10.6827  20.8406  -0.2445  -0.0148
-10.9649  20.7172  -0.2775  -0.0161
-11.2463  20.5916  -0.3101  -0.0173
-11.5268  20.4638  -0.3423  -0.0185
-11.8064  20.3338  -0.3741  -0.0195
-12.0851  20.2017  -0.4057  -0.0205
-12.3627  20.0673  -0.4369  -0.0214
-12.6392  19.9309  -0.4678  -0.0222
-12.9146  19.7923  -0.4985  -0.0230
-13.1887  19.6517  -0.5289  -0.0237
-13.4616  19.5090  -0.5590  -0.0243
-13.7331  19.3643  -0.5890  -0.0248
-14.0032  19.2176  -0.6188  -0.0253
-14.2718  19.0689  -0.6484  -0.0257
-14.5390  18.9183  -0.6778  -0.0261
-14.8045  18.7657  -0.7072  -0.0263
-15.0684  18.6113  -0.7364  -0.0265
-15.3306  18.4550  -0.7655  -0.0267
-15.5910  18.2969  -0.7946  -0.0267
-15.8497  18.1370  -0.8236  -0.0267
-16.1064  17.9753  -0.8525  -0.0266
-16.3613  17.8119  -0.8814  -0.0264
-16.6141  17.6467  -0.9103  -0.0261
-16.8650  17.4798  -0.9393  -0.0258
-17.1137  17.3113  -0.9682  -0.0253
-17.3604  17.1410  -0.9972  -0.0247
-17.6048  16.9692  -1.0262  -0.0239
-17.8470  16.7957  -1.0553  -0.0231
-18.0869  16.6206  -1.0845  -0.0221
-18.3245  16.4439  -1.1137  -0.0209
-18.5597  16.2656  -1.1431  -0.0195
-18.7924  16.0857  -1.1725  -0.0179
-19.0227  15.9043  -1.2021  -0.0161
-19.2505  15.7212  -1.2318  -0.0141
-19.4757  15.5366  -1.2616  -0.0117
-19.6984  15.3504  -1.2916  -0.0091
-19.9184  15.1626  -1.3218  -0.0060
-20.1357  14.9731  -1.3520  -0.0026
-20.3503  14.7820  -1.3825   0.0012
-20.5623  14.5893  -1.4131   0.0056
-20.7714  14.3948  -1.4439   0.0104
-20.9778  14.1986  -1.4748   0.0159
-21.1814  14.0007  -1.5058   0.0219
-21.3821  13.8009  -1.5371   0.0286
-21.5801  13.5993  -1.5684   0.0360
-21.7752  13.3957  -1.6000   0.0440
-21.9675  13.1901  -1.6316   0.0526
-22.1570  12.9825  -1.6634   0.0614
-22.3437  12.7726  -1.6952   0.0702
-22.5275  12.5606  -1.7272   0.0779
-22.7086  12.3462  -1.7592   0.0832
  0.0000   0.0000   0.0000   0.0000
  1.0651  -4.8015  -5.0162   0.5884
  0.9286  -3.7396  -4.7780   0.5126
  0.8041  -2.8958  -4.5467   0.4410
  0.6921  -2.2336  -4.3220   0.3779
  0.5916  -1.7184  -4.1037   0.3245
  0.5012  -1.3197  -3.8914   0.2802
  0.4196  -1.0124  -3.6850   0.2440
  0.3453  -0.7763  -3.4844   0.2145
  0.2772  -0.5954  -3.2893   0.1905
  0.2143  -0.4570  -3.0996   0.1709
  0.1560  -0.3514  -2.9151   0.1549
  0.1016  -0.2710  -2.7357   0.1417
  0.0506  -0.2100  -2.5613   0.1307
  0.0027  -0.1638  -2.3918   0.1215
 -0.0424  -0.1290  -2.2270   0.1136
 -0.0849  -0.1029  -2.0668   0.1070
 -0.1250  -0.0834  -1.9111   0.1012
 -0.1629  -0.0690  -1.7597   0.0962
 -0.1985  -0.0585  -1.6127   0.0918
 -0.2321  -0.0508  -1.4699   0.0880
 -0.2636  -0.0453  -1.3312   0.0847
 -0.2931  -0.0414  -1.1965   0.0818
 -0.3207  -0.0387  -1.0657   0.0793
 -0.3463  -0.0369  -0.9388   0.0771
 -0.3701  -0.0357  -0.8157   0.0753
 -0.3919  -0.0349  -0.6962   0.0739
 -0.4119  -0.0343  -0.5804   0.0727
 -0.4300  -0.0339  -0.4681   0.0719
 -0.4463  -0.0336  -0.3593   0.0714
 -0.4607  -0.0333  -0.2540   0.0712
 -0.4732  -0.0329  -0.1520   0.0713
 -0.4839  -0.0324  -0.0534   0.0717
 -0.4928  -0.0319   0.0420   0.0724
 -0.4998  -0.0312   0.1342   0.0733
 -0.5049  -0.0304   0.2232   0.0746
 -0.5082  -0.0294   0.3090   0.0760
 -0.5095  -0.0283   0.3917   0.0778
 -0.5091  -0.0271   0.4714   0.0797
 -0.5067  -0.0257   0.5481   0.0819
 -0.5024  -0.0241   0.6217   0.0843
 -0.4963  -0.0225   0.6924   0.0869
 -0.4882  -0.0207   0.7601   0.0897
 -0.4782  -0.0187   0.8249   0.0926
 -0.4662  -0.0166   0.8868   0.0956
 -0.4523  -0.0144   0.9458   0.0987
 -0.4364  -0.0121   1.0019   0.1019
 -0.4186  -0.0097   1.0552   0.1051
 -0.3987  -0.0071   1.1056   0.1083
 -0.3768  -0.0044   1.1532   0.1115
 -0.3529  -0.0015   1.1980   0.1146
 -0.3269   0.0015   1.2399   0.1175
 -0.2988   0.0047   1.2790   0.1202
 -0.2686   0.0081   1.3154   0.1226
 -0.2363   0.0118   1.3489   0.1246
 -0.2018   0.0159   1.3797   0.1262
 -0.1652   0.0203   1.4077   0.1271
 -0.1263   0.0252   1.4329   0.1271
 -0.0853   0.0307   1.4554   0.1262
 -0.0419   0.0370   1.4752   0.1240
  0.0037   0.0443   1.4922   0.1201
  0.0516   0.0529   1.5067   0.1142
  0.1018   0.0630   1.5185   0.1057
  0.1544   0.0752   1.5278   0.0940
  0.2094   0.0900   1.5346   0.0781
  0.2668   0.1080   1.5392   0.0570
  0.3266   0.1301   1.5416   0.0292
  0.3890   0.1575   1.5420  -0.0072
  0.4538   0.1915   1.5408  -0.0544
  0.5212   0.2338   1.5383  -0.1156
  0.5912   0.2866   1.5350  -0.1946
  0.6638   0.3526   1.5315  -0.2967
  0.7390   0.4352   1.5286  -0.4285
  0.8170   0.5386   1.5275  -0.5985
  0.8977   0.6677   1.5294  -0.8180
  0.9813   0.8285   1.5363  -1.1018
  1.0677   1.0280   1.5505  -1.4690
  1.1571   1.2737   1.5750  -1.9451
  1.2494   1.5732   1.6138  -2.5638
  1.3447   1.9322   1.6718  -3.3704
  0.0000   0.0000   0.0000   0.0000
  0.8699   0.2342  12.1097  25.9892
  0.8647   0.2102  11.9989  25.9999
  0.8595   0.1877  11.8861  26.0086
  0.8543   0.1667  11.7713  26.0151
  0.8491   0.1474  11.6547  26.0196
  0.8439   0.1295  11.5361  26.0222
  0.8388   0.1132  11.4158  26.0229
  0.8336   0.0983  11.2937  26.0218
  0.8285   0.0848  11.1698  26.0188
  0.8234   0.0725  11.0442  26.0141
  0.8184   0.0614  10.9170  26.0076
  0.8134   0.0514  10.7881  25.9995
  0.8084   0.0424  10.6577  25.9897
  0.8035   0.0343  10.5258  25.9783
  0.7987   0.0270  10.3923  25.9653
  0.7939   0.0205  10.2575  25.9507
  0.7892   0.0147  10.1212  25.9346
  0.7845   0.0096   9.9836  25.9170
  0.7799   0.0050   9.8447  25.8978
  0.7754   0.0010   9.7045  25.8772
  0.7710  -0.0025   9.5631  25.8552
  0.7667  -0.0056   9.4205  25.8316
  0.7624  -0.0083   9.2768  25.8067
  0.7582  -0.0106   9.1321  25.7803
  0.7541  -0.0127   8.9863  25.7525
  0.7501  -0.0144   8.8395  25.7232
  0.7462  -0.0158   8.6918  25.6926
  0.7424  -0.0171   8.5433  25.6606
  0.7387  -0.0181   8.3939  25.6272
  0.7351  -0.0189   8.2438  25.5924
  0.7316  -0.0195   8.0930  25.5562
  0.7281  -0.0200   7.9415  25.5186
  0.7248  -0.0204   7.7894  25.4796
  0.7216  -0.0206   7.6367  25.4392
  0.7185  -0.0208   7.4836  25.3975
  0.7155  -0.0208   7.3300  25.3543
  0.7127  -0.0208   7.1761  25.3097
  0.7099  -0.0207   7.0218  25.2637
  0.7073  -0.0206   6.8673  25.2163
  0.7047  -0.0204   6.7125  25.1675
  0.7023  -0.0202   6.5576  25.1172
  0.7000  -0.0200   6.4026  25.0655
  0.6979  -0.0198   6.2476  25.0124
  0.6958  -0.0195   6.0926  24.9578
  0.6939  -0.0193   5.9376  24.9017
  0.6921  -0.0191   5.7828  24.8442
  0.6904  -0.0190   5.6282  24.7852
  0.6889  -0.0188   5.4738  24.7247
  0.6875  -0.0188   5.3198  24.6628
  0.6862  -0.0188   5.1660  24.5993
  0.6851  -0.0189   5.0127  24.5343
  0.6841  -0.0190   4.8599  24.4677
  0.6832  -0.0193   4.7075  24.3997
  0.6825  -0.0197   4.5557  24.3301
  0.6819  -0.0202   4.4045  24.2589
  0.6815  -0.0209   4.2540  24.1862
  0.6812  -0.0218   4.1041  24.1119
  0.6811  -0.0229   3.9550  24.0360
  0.6811  -0.0242   3.8066  23.9585
  0.6812  -0.0257   3.6591  23.8794
  0.6816  -0.0275   3.5124  23.7987
  0.6820  -0.0296   3.3666  23.7164
  0.6827  -0.0321   3.2217  23.6325
  0.6835  -0.0350   3.0777  23.5469
  0.6844  -0.0383   2.9347  23.4596
  0.6856  -0.0420   2.7927  23.3707
  0.6869  -0.0463   2.6517  23.2802
  0.6884  -0.0513   2.5117  23.1879
  0.6900  -0.0569   2.3727  23.0939
  0.6919  -0.0633   2.2349  22.9982
  0.6940  -0.0705   2.0980  22.9008
  0.6962  -0.0787   1.9622  22.8017
  0.6987  -0.0881   1.8275  22.7007
  0.7014  -0.0987   1.6939  22.5981
  0.7042  -0.1107   1.5613  22.4936
  0.7074  -0.1244   1.4297  22.3873
  0.7108  -0.1400   1.2992  22.2792
  0.7144  -0.1577   1.1697  22.1692
  0.7183  -0.1780   1.0412  22.0574
  0.0000   0.0000   0.0000   0.0000
 -1.7842   0.9765  -2.8344  -2.8304
 -1.7370   0.7698  -2.7874  -2.2871
 -1.6913   0.6055  -2.7302  -1.8552
 -1.6466   0.4754  -2.6648  -1.5116
 -1.6026   0.3725  -2.5931  -1.2376
 -1.5593   0.2911  -2.5165  -1.0189
 -1.5164   0.2268  -2.4362  -0.8438
 -1.4740   0.1759  -2.3534  -0.7034
 -1.4318   0.1358  -2.2688  -0.5904
 -1.3898   0.1040  -2.1830  -0.4991
 -1.3479   0.0788  -2.0967  -0.4252
 -1.3062   0.0589  -2.0101  -0.3649
 -1.2646   0.0431  -1.9237  -0.3156
 -1.2230   0.0306  -1.8377  -0.2750
 -1.1814   0.0206  -1.7523  -0.2413
 -1.1398   0.0127  -1.6676  -0.2132
 -1.0982   0.0064  -1.5837  -0.1896
 -1.0566   0.0015  -1.5008  -0.1696
 -1.0148  -0.0025  -1.4188  -0.1525
 -0.9730  -0.0056  -1.3378  -0.1377
 -0.9311  -0.0081  -1.2578  -0.1248
 -0.8890  -0.0100  -1.1788  -0.1134
 -0.8468  -0.0115  -1.1009  -0.1033
 -0.8044  -0.0126  -1.0240  -0.0943
 -0.7618  -0.0134  -0.9481  -0.0861
 -0.7190  -0.0140  -0.8733  -0.0786
 -0.6760  -0.0143  -0.7993  -0.0717
 -0.6327  -0.0144  -0.7264  -0.0653
 -0.5891  -0.0143  -0.6543  -0.0593
 -0.5452  -0.0141  -0.5831  -0.0537
 -0.5009  -0.0137  -0.5128  -0.0483
 -0.4563  -0.0131  -0.4433  -0.0432
 -0.4113  -0.0125  -0.3746  -0.0384
 -0.3659  -0.0117  -0.3066  -0.0337
 -0.3200  -0.0107  -0.2394  -0.0292
 -0.2737  -0.0097  -0.1728  -0.0248
 -0.2269  -0.0085  -0.1069  -0.0206
 -0.1795  -0.0072  -0.0416  -0.0165
 -0.1316  -0.0057   0.0232  -0.0125
 -0.0831  -0.0041   0.0874  -0.0085
 -0.0340  -0.0024   0.1511  -0.0047
  0.0158  -0.0006   0.2144  -0.0009
  0.0663   0.0014   0.2773   0.0027
  0.1175   0.0035   0.3398   0.0064
  0.1694   0.0058   0.4021   0.0099
  0.2222   0.0081   0.4640   0.0135
  0.2757   0.0106   0.5257   0.0170
  0.3302   0.0132   0.5872   0.0204
  0.3855   0.0160   0.6485   0.0238
  0.4418   0.0188   0.7098   0.0272
  0.4991   0.0218   0.7710   0.0307
  0.5574   0.0248   0.8322   0.0341
  0.6169   0.0279   0.8934   0.0376
  0.6774   0.0310   0.9547   0.0411
  0.7392   0.0342   1.0162   0.0448
  0.8022   0.0373   1.0778   0.0486
  0.8665   0.0403   1.1397   0.0527
  0.9321   0.0433   1.2018   0.0570
  0.9992   0.0460   1.2643   0.0618
  1.0678   0.0484   1.3272   0.0671
  1.1380   0.0503   1.3906   0.0731
  1.2099   0.0516   1.4544   0.0799
  1.2835   0.0522   1.5189   0.0880
  1.3590   0.0516   1.5839   0.0975
  1.4365   0.0496   1.6497   0.1090
  1.5161   0.0458   1.7162   0.1229
  1.5980   0.0396   1.7835   0.1399
  1.6824   0.0303   1.8517   0.1608
  1.7695   0.0171   1.9209   0.1869
  1.8595  -0.0011   1.9911   0.2192
  1.9526  -0.0256   2.0624   0.2596
  2.0494  -0.0582   2.1349   0.3102
  2.1501  -0.1010   2.2087   0.3735
  2.2554  -0.1566   2.2839   0.4529
  2.3659  -0.2282   2.3604   0.5524
  2.4823  -0.3195   2.4385   0.6770
  2.6056  -0.4350   2.5182   0.8328
  2.7365  -0.5792   2.5996   1.0271
  2.8759  -0.7552   2.6827   1.2685
  0.0000   0.0000   0.0000   0.0000
 -9.2854  21.0933   1.1922  -0.5371
 -9.5077  21.0574   1.1396  -0.4772
 -9.7302  21.0185   1.0878  -0.4233
 -9.9530  20.9767   1.0370  -0.3749
-10.1759  20.9320   0.9870  -0.3313
-10.3990  20.8845   0.9379  -0.2922
-10.6221  20.8341   0.8895  -0.2570
-10.8453  20.7808   0.8419  -0.2255
-11.0685  20.7249   0.7949  -0.1972
-11.2917  20.6661   0.7487  -0.1719
-11.5148  20.6047   0.7031  -0.1492
-11.7378  20.5405   0.6581  -0.1290
-11.9605  20.4738   0.6137  -0.1108
-12.1830  20.4043   0.5699  -0.0946
-12.4053  20.3324   0.5266  -0.0802
-12.6271  20.2578   0.4839  -0.0673
-12.8486  20.1807   0.4416  -0.0559
-13.0695  20.1012   0.3998  -0.0457
-13.2899  20.0191   0.3585  -0.0367
-13.5097  19.9347   0.3176  -0.0287
-13.7289  19.8479   0.2772  -0.0216
-13.9472  19.7587   0.2371  -0.0153
-14.1648  19.6673   0.1974  -0.0098
-14.3815  19.5735   0.1581  -0.0050
-14.5973  19.4776   0.1191  -0.0007
-14.8120  19.3794   0.0804   0.0030
-15.0256  19.2791   0.0421   0.0062
-15.2381  19.1767   0.0041   0.0090
-15.4494  19.0723  -0.0337   0.0114
-15.6594  18.9658  -0.0712   0.0135
-15.8680  18.8574  -0.1084   0.0152
-16.0752  18.7470  -0.1454   0.0167
-16.2809  18.6348  -0.1821   0.0179
-16.4850  18.5207  -0.2187   0.0189
-16.6875  18.4049  -0.2550   0.0197
-16.8883  18.2872  -0.2911   0.0203
-17.0874  18.1679  -0.3271   0.0207
-17.2847  18.0469  -0.3629   0.0210
-17.4800  17.9243  -0.3986   0.0212
-17.6735  17.8001  -0.4341   0.0212
-17.8649  17.6744  -0.4695   0.0211
-18.0543  17.5472  -0.5047   0.0209
-18.2416  17.4186  -0.5399   0.0206
-18.4268  17.2885  -0.5750   0.0201
-18.6097  17.1571  -0.6100   0.0196
-18.7903  17.0243  -0.6449   0.0190
-18.9687  16.8902  -0.6797   0.0183
-19.1447  16.7548  -0.7145   0.0176
-19.3183  16.6182  -0.7493   0.0167
-19.4894  16.4803  -0.7840   0.0157
-19.6581  16.3413  -0.8186   0.0147
-19.8242  16.2011  -0.8533   0.0135
-19.9878  16.0597  -0.8880   0.0123
-20.1488  15.9172  -0.9226   0.0110
-20.3071  15.7736  -0.9573   0.0095
-20.4628  15.6288  -0.9919   0.0080
-20.6158  15.4829  -1.0266   0.0063
-20.7662  15.3360  -1.0613   0.0046
-20.9137  15.1879  -1.0960   0.0027
-21.0586  15.0387  -1.1308   0.0006
-21.2006  14.8884  -1.1656  -0.0015
-21.3399  14.7370  -1.2005  -0.0038
-21.4764  14.5844  -1.2354  -0.0063
-21.6100  14.4307  -1.2704  -0.0089
-21.7409  14.2757  -1.3054  -0.0117
-21.8690  14.1196  -1.3404  -0.0147
-21.9942  13.9621  -1.3756  -0.0178
-22.1166  13.8034  -1.4108  -0.0212
-22.2362  13.6433  -1.4460  -0.0248
-22.3530  13.4819  -1.4814  -0.0286
-22.4670  13.3189  -1.5168  -0.0326
-22.5782  13.1545  -1.5522  -0.0370
-22.6866  12.9884  -1.5878  -0.0416
-22.7924  12.8207  -1.6234  -0.0464
-22.8953  12.6513  -1.6590  -0.0516
-22.9956  12.4800  -1.6947  -0.0572
-23.0933  12.3068  -1.7305  -0.0631
-23.1883  12.1316  -1.7664  -0.0693
-23.2807  11.9542  -1.8023  -0.0760
  0.0000   0.0000   0.0000   0.0000
 10.4864   1.2400  -3.0115   0.7294
  9.3661   0.3397  -2.8995   0.6073
  8.3024  -0.2743  -2.7883   0.5082
  7.2904  -0.6966  -2.6785   0.4276
  6.3245  -0.9906  -2.5704   0.3618
  5.4001  -1.1994  -2.4642   0.3081
  4.5137  -1.3522  -2.3601   0.2639
  3.6628  -1.4686  -2.2581   0.2274
  2.8455  -1.5621  -2.1584   0.1972
  2.0606  -1.6415  -2.0608   0.1720
  1.3071  -1.7123  -1.9655   0.1508
  0.5848  -1.7772  -1.8724   0.1329
 -0.1062  -1.8366  -1.7815   0.1176
 -0.7655  -1.8888  -1.6929   0.1045
 -1.3918  -1.9298  -1.6065   0.0933
 -1.9835  -1.9542  -1.5224   0.0835
 -2.5375  -1.9548  -1.4404   0.0750
 -3.0497  -1.9256  -1.3607   0.0677
 -3.5145  -1.8440  -1.2830   0.0613
 -3.9220  -1.6990  -1.2074   0.0559
 -4.2592  -1.4837  -1.1336   0.0513
 -4.5122  -1.2071  -1.0617   0.0475
 -4.6741  -0.9035  -0.9917   0.0444
 -4.7527  -0.6184  -0.9235   0.0420
 -4.7667  -0.3798  -0.8571   0.0400
 -4.7346  -0.1916  -0.7923   0.0386
 -4.6702  -0.0455  -0.7291   0.0375
 -4.5826   0.0689  -0.6673   0.0368
 -4.4774   0.1589  -0.6067   0.0365
 -4.3586   0.2295  -0.5474   0.0364
 -4.2286   0.2843  -0.4892   0.0366
 -4.0898   0.3258  -0.4320   0.0370
 -3.9437   0.3568  -0.3759   0.0378
 -3.7919   0.3792  -0.3208   0.0388
 -3.6354   0.3952  -0.2664   0.0401
 -3.4752   0.4061  -0.2128   0.0416
 -3.3120   0.4136  -0.1599   0.0435
 -3.1462   0.4184  -0.1076   0.0456
 -2.9784   0.4213  -0.0558   0.0479
 -2.8087   0.4228  -0.0045   0.0506
 -2.6374   0.4234   0.0465   0.0535
 -2.4647   0.4232   0.0971   0.0567
 -2.2906   0.4226   0.1475   0.0602
 -2.1152   0.4216   0.1977   0.0640
 -1.9385   0.4204   0.2477   0.0680
 -1.7606   0.4189   0.2976   0.0723
 -1.5815   0.4173   0.3476   0.0768
 -1.4011   0.4154   0.3975   0.0816
 -1.2195   0.4134   0.4476   0.0866
 -1.0366   0.4112   0.4978   0.0917
 -0.8524   0.4089   0.5482   0.0971
 -0.6669   0.4064   0.5990   0.1025
 -0.4800   0.4037   0.6501   0.1080
 -0.2918   0.4008   0.7016   0.1135
 -0.1021   0.3977   0.7536   0.1188
  0.0890   0.3944   0.8062   0.1239
  0.2817   0.3909   0.8594   0.1286
  0.4759   0.3872   0.9133   0.1327
  0.6717   0.3832   0.9681   0.1358
  0.8692   0.3789   1.0237   0.1378
  1.0684   0.3742   1.0804   0.1381
  1.2693   0.3691   1.1382   0.1362
  1.4720   0.3636   1.1972   0.1314
  1.6766   0.3574   1.2577   0.1228
  1.8830   0.3505   1.3199   0.1093
  2.0914   0.3428   1.3838   0.0895
  2.3017   0.3340   1.4499   0.0616
  2.5140   0.3239   1.5185   0.0232
  2.7284   0.3121   1.5899  -0.0284
  2.9449   0.2984   1.6648  -0.0971
  3.1635   0.2823   1.7438  -0.1874
  3.3844   0.2632   1.8277  -0.3054
  3.6076   0.2404   1.9177  -0.4586
  3.8331   0.2131   2.0149  -0.6566
  4.0612   0.1804   2.1209  -0.9117
  4.2920   0.1410   2.2376  -1.2393
  4.5256   0.0933   2.3674  -1.6591
  4.7622   0.0357   2.5129  -2.1960
  5.0020  -0.0341   2.6775  -2.8814
  0.0511  -0.0050  -0.1039  -0.0190
  0.0478  -0.0055  -0.0825  -0.0222
  0.0478  -0.0055  -0.0825  -0.0222
  0.0478  -0.0055  -0.0825  -0.0222
  0.0478  -0.0055  -0.0825  -0.0222
  0.0478  -0.0055  -0.0825  -0.0222
  0.0478  -0.0055  -0.0825  -0.0222
  0.0478  -0.0055  -0.0825  -0.0222
  0.0000   0.0000   0.0000   0.0000
 -0.0498  -0.5778  16.0954  28.7932
 -0.0296  -0.5017  15.9286  28.7841
 -0.0096  -0.4332  15.7600  28.7739
  0.0103  -0.3716  15.5897  28.7628
  0.0300  -0.3161  15.4177  28.7508
  0.0495  -0.2662  15.2440  28.7377
  0.0689  -0.2212  15.0686  28.7237
  0.0882  -0.1808  14.8916  28.7088
  0.1074  -0.1445  14.7129  28.6930
  0.1264  -0.1118  14.5326  28.6761
  0.1454  -0.0824  14.3508  28.6584
  0.1642  -0.0559  14.1674  28.6397
  0.1830  -0.0321  13.9825  28.6200
  0.2016  -0.0107  13.7962  28.5994
  0.2202   0.0086  13.6083  28.5779
  0.2387   0.0259  13.4191  28.5553
  0.2571   0.0415  13.2285  28.5318
  0.2754   0.0556  13.0366  28.5073
  0.2937   0.0682  12.8433  28.4818
  0.3118   0.0796  12.6488  28.4552
  0.3299   0.0899  12.4531  28.4276
  0.3479   0.0992  12.2562  28.3989
  0.3659   0.1076  12.0583  28.3691
  0.3838   0.1152  11.8592  28.3383
  0.4016   0.1220  11.6591  28.3062
  0.4194   0.1283  11.4581  28.2731
  0.4371   0.1339  11.2561  28.2387
  0.4548   0.1390  11.0533  28.2031
  0.4724   0.1436  10.8497  28.1663
  0.4900   0.1478  10.6454  28.1282
  0.5075   0.1516  10.4404  28.0888
  0.5251   0.1551  10.2347  28.0481
  0.5425   0.1582  10.0285  28.0059
  0.5600   0.1610   9.8218  27.9624
  0.5774   0.1636   9.6147  27.9174
  0.5949   0.1659   9.4072  27.8710
  0.6122   0.1679   9.1995  27.8230
  0.6296   0.1696   8.9915  27.7735
  0.6470   0.1711   8.7833  27.7223
  0.6644   0.1723   8.5751  27.6696
  0.6818   0.1733   8.3669  27.6151
  0.6991   0.1740   8.1588  27.5589
  0.7165   0.1744   7.9508  27.5010
  0.7339   0.1744   7.7430  27.4413
  0.7513   0.1742   7.5355  27.3798
  0.7687   0.1735   7.3284  27.3163
  0.7861   0.1725   7.1218  27.2510
  0.8036   0.1709   6.9156  27.1837
  0.8210   0.1689   6.7101  27.1144
  0.8385   0.1663   6.5052  27.0431
  0.8560   0.1631   6.3011  26.9697
  0.8736   0.1592   6.0978  26.8943
  0.8911   0.1545   5.8954  26.8167
  0.9087   0.1490   5.6939  26.7369
  0.9264   0.1424   5.4935  26.6550
  0.9440   0.1348   5.2941  26.5708
  0.9617   0.1260   5.0960  26.4844
  0.9795   0.1158   4.8990  26.3957
  0.9973   0.1041   4.7034  26.3047
  1.0151   0.0907   4.5090  26.2113
  1.0330   0.0754   4.3161  26.1157
  1.0509   0.0580   4.1247  26.0176
  1.0690   0.0383   3.9347  25.9172
  1.0871   0.0159   3.7463  25.8144
  1.1052  -0.0094   3.5595  25.7091
  1.1235  -0.0378   3.3744  25.6015
  1.1419  -0.0699   3.1909  25.4914
  1.1604  -0.1060   3.0091  25.3788
  1.1790  -0.1465   2.8291  25.2638
  1.1978  -0.1919   2.6508  25.1463
  1.2167  -0.2427   2.4743  25.0264
  1.2359  -0.2997   2.2996  24.9040
  1.2553  -0.3633   2.1267  24.7791
  1.2749  -0.4343   1.9557  24.6517
  1.2949  -0.5136   1.7864  24.5219
  1.3151  -0.6019   1.6190  24.3895
  1.3357  -0.7003   1.4534  24.2547
  1.3566  -0.8099   1.2897  24.1174
  1.3780  -0.9317   1.1277  23.9775
  0.0000   0.0000   0.0000   0.0000
 -2.3113  -1.3293  -1.9641  -5.9165
 -2.2093  -0.9886  -2.2111  -4.7307
 -2.1067  -0.7177  -2.4114  -3.7570
 -2.0039  -0.5021  -2.5678  -2.9532
 -1.9014  -0.3302  -2.6832  -2.2871
 -1.7994  -0.1933  -2.7609  -1.7346
 -1.6984  -0.0842  -2.8042  -1.2776
 -1.5986   0.0026  -2.8169  -0.9026
 -1.5001   0.0717  -2.8031  -0.5984
 -1.4032   0.1266  -2.7671  -0.3556
 -1.3079   0.1700  -2.7130  -0.1652
 -1.2145   0.2043  -2.6448  -0.0190
 -1.1228   0.2312  -2.5658   0.0909
 -1.0331   0.2523  -2.4792   0.1716
 -0.9454   0.2687  -2.3874   0.2293
 -0.8597   0.2813  -2.2925   0.2694
 -0.7762   0.2910  -2.1961   0.2964
 -0.6949   0.2982  -2.0995   0.3140
 -0.6158   0.3036  -2.0037   0.3252
 -0.5389   0.3074  -1.9091   0.3324
 -0.4643   0.3101  -1.8162   0.3373
 -0.3919   0.3118  -1.7248   0.3413
 -0.3217   0.3129  -1.6350   0.3452
 -0.2534   0.3133  -1.5464   0.3495
 -0.1872   0.3133  -1.4588   0.3544
 -0.1229   0.3130  -1.3718   0.3597
 -0.0604   0.3125  -1.2852   0.3654
  0.0003   0.3118  -1.1988   0.3711
  0.0593   0.3110  -1.1125   0.3767
  0.1164   0.3103  -1.0262   0.3819
  0.1719   0.3095  -0.9399   0.3865
  0.2257   0.3087  -0.8534   0.3904
  0.2777   0.3081  -0.7669   0.3936
  0.3281   0.3076  -0.6803   0.3960
  0.3767   0.3072  -0.5937   0.3976
  0.4237   0.3070  -0.5070   0.3985
  0.4690   0.3069  -0.4202   0.3988
  0.5126   0.3071  -0.3334   0.3985
  0.5545   0.3075  -0.2466   0.3976
  0.5947   0.3081  -0.1598   0.3963
  0.6332   0.3089  -0.0728   0.3947
  0.6701   0.3100   0.0142   0.3928
  0.7053   0.3113   0.1013   0.3906
  0.7387   0.3129   0.1885   0.3883
  0.7705   0.3148   0.2758   0.3859
  0.8005   0.3169   0.3634   0.3834
  0.8289   0.3192   0.4512   0.3810
  0.8555   0.3218   0.5392   0.3785
  0.8804   0.3246   0.6276   0.3760
  0.9035   0.3276   0.7163   0.3736
  0.9249   0.3307   0.8054   0.3712
  0.9445   0.3339   0.8950   0.3688
  0.9623   0.3371   0.9851   0.3664
  0.9783   0.3402   1.0758   0.3639
  0.9924   0.3431   1.1671   0.3613
  1.0046   0.3456   1.2591   0.3585
  1.0150   0.3475   1.3518   0.3553
  1.0234   0.3486   1.4453   0.3516
  1.0299   0.3484   1.5397   0.3473
  1.0343   0.3466   1.6349   0.3419
  1.0368   0.3425   1.7311   0.3354
  1.0371   0.3355   1.8283   0.3271
  1.0354   0.3246   1.9265   0.3168
  1.0315   0.3086   2.0258   0.3037
  1.0254   0.2862   2.1262   0.2870
  1.0170   0.2553   2.2278   0.2659
  1.0065   0.2137   2.3304   0.2392
  0.9936   0.1584   2.4342   0.2054
  0.9784   0.0856   2.5391   0.1627
  0.9609  -0.0094   2.6450   0.1088
  0.9411  -0.1326   2.7520   0.0410
  0.9192  -0.2914   2.8598  -0.0441
  0.8954  -0.4952   2.9685  -0.1509
  0.8698  -0.7557   3.0778  -0.2846
  0.8431  -1.0876   3.1876  -0.4517
  0.8157  -1.5091   3.2976  -0.6602
  0.7883  -2.0427   3.4072  -0.9201
  0.7616  -2.7162   3.5161  -1.2435
  0.7365  -3.5640   3.6237  -1.6458
  0.0000   0.0000   0.0000   0.0000
 -3.5263  23.8760   0.9050  -1.1996
 -3.8473  23.8122   0.8529  -1.0426
 -4.1686  23.7454   0.8021  -0.9018
 -4.4901  23.6757   0.7527  -0.7756
 -4.8119  23.6028   0.7045  -0.6625
 -5.1338  23.5270   0.6576  -0.5613
 -5.4559  23.4480   0.6119  -0.4707
 -5.7781  23.3660   0.5673  -0.3897
 -6.1003  23.2809   0.5239  -0.3173
 -6.4225  23.1926   0.4814  -0.2526
 -6.7447  23.1012   0.4400  -0.1950
 -7.0668  23.0066   0.3996  -0.1436
 -7.3887  22.9088   0.3600  -0.0978
 -7.7104  22.8079   0.3213  -0.0570
 -8.0318  22.7037   0.2834  -0.0208
 -8.3528  22.5964   0.2463   0.0114
 -8.6733  22.4858   0.2099   0.0399
 -8.9932  22.3721   0.1742   0.0652
 -9.3126  22.2552   0.1391   0.0875
 -9.6312  22.1350   0.1047   0.1073
 -9.9490  22.0117   0.0709   0.1247
-10.2659  21.8853   0.0377   0.1400
-10.5819  21.7557   0.0050   0.1535
-10.8967  21.6230  -0.0272   0.1653
-11.2104  21.4871  -0.0588   0.1757
-11.5229  21.3483  -0.0901   0.1847
-11.8340  21.2064  -0.1208   0.1925
-12.1436  21.0615  -0.1512   0.1993
-12.4516  20.9136  -0.1811   0.2051
-12.7581  20.7629  -0.2107   0.2102
-13.0627  20.6093  -0.2399   0.2144
-13.3656  20.4529  -0.2688   0.2180
-13.6665  20.2937  -0.2974   0.2210
-13.9654  20.1319  -0.3257   0.2234
-14.2622  19.9675  -0.3537   0.2254
-14.5567  19.8004  -0.3814   0.2269
-14.8490  19.6309  -0.4089   0.2279
-15.1389  19.4590  -0.4362   0.2286
-15.4263  19.2847  -0.4633   0.2289
-15.7111  19.1082  -0.4902   0.2289
-15.9933  18.9294  -0.5170   0.2285
-16.2727  18.7485  -0.5436   0.2277
-16.5494  18.5656  -0.5701   0.2267
-16.8231  18.3807  -0.5964   0.2253
-17.0939  18.1939  -0.6227   0.2235
-17.3616  18.0053  -0.6490   0.2213
-17.6262  17.8150  -0.6752   0.2188
-17.8876  17.6230  -0.7013   0.2158
-18.1458  17.4295  -0.7275   0.2123
-18.4006  17.2345  -0.7536   0.2084
-18.6520  17.0380  -0.7798   0.2039
-18.9000  16.8402  -0.8060   0.1987
-19.1444  16.6411  -0.8323   0.1929
-19.3852  16.4408  -0.8586   0.1864
-19.6224  16.2395  -0.8851   0.1790
-19.8559  16.0370  -0.9116   0.1707
-20.0856  15.8335  -0.9383   0.1614
-20.3116  15.6292  -0.9652   0.1510
-20.5337  15.4239  -0.9922   0.1393
-20.7519  15.2178  -1.0195   0.1262
-20.9661  15.0110  -1.0469   0.1115
-21.1764  14.8035  -1.0746   0.0952
-21.3827  14.5952  -1.1025   0.0768
-21.5849  14.3864  -1.1307   0.0564
-21.7831  14.1770  -1.1592   0.0335
-21.9772  13.9670  -1.1881   0.0081
-22.1672  13.7565  -1.2172  -0.0203
-22.3530  13.5455  -1.2468  -0.0520
-22.5347  13.3340  -1.2767  -0.0873
-22.7122  13.1220  -1.3071  -0.1266
-22.8856  12.9096  -1.3379  -0.1704
-23.0548  12.6967  -1.3692  -0.2191
-23.2198  12.4833  -1.4010  -0.2734
-23.3807  12.2695  -1.4334  -0.3337
-23.5374  12.0552  -1.4664  -0.4009
-23.6900  11.8404  -1.5001  -0.4755
-23.8385  11.6251  -1.5345  -0.5586
-23.9829  11.4092  -1.5697  -0.6509
-24.1233  11.1927  -1.6058  -0.7536
  0.0000   0.0000   0.0000   0.0000
 -1.0151  -5.8474  -4.8070  -1.2303
 -1.0590  -4.5717  -4.5942  -0.9019
 -1.0905  -3.5537  -4.3907  -0.6388
 -1.1100  -2.7459  -4.1951  -0.4281
 -1.1190  -2.1080  -4.0061  -0.2595
 -1.1190  -1.6059  -3.8229  -0.1248
 -1.1117  -1.2119  -3.6448  -0.0174
 -1.0987  -0.9036  -3.4712   0.0681
 -1.0813  -0.6629  -3.3018   0.1359
 -1.0606  -0.4755  -3.1364   0.1894
 -1.0374  -0.3299  -2.9745   0.2315
 -1.0123  -0.2173  -2.8161   0.2643
 -0.9861  -0.1304  -2.6609   0.2896
 -0.9590  -0.0637  -2.5089   0.3089
 -0.9313  -0.0128  -2.3599   0.3234
 -0.9034   0.0258  -2.2137   0.3341
 -0.8752   0.0547  -2.0705   0.3416
 -0.8471   0.0761  -1.9299   0.3467
 -0.8189   0.0918  -1.7920   0.3499
 -0.7908   0.1029  -1.6568   0.3516
 -0.7628   0.1106  -1.5240   0.3522
 -0.7348   0.1157  -1.3938   0.3518
 -0.7069   0.1187  -1.2660   0.3509
 -0.6791   0.1202  -1.1406   0.3495
 -0.6513   0.1206  -1.0175   0.3478
 -0.6235   0.1202  -0.8967   0.3459
 -0.5957   0.1192  -0.7782   0.3441
 -0.5678   0.1178  -0.6620   0.3422
 -0.5398   0.1161  -0.5479   0.3405
 -0.5116   0.1143  -0.4360   0.3390
 -0.4833   0.1124  -0.3263   0.3377
 -0.4548   0.1105  -0.2187   0.3367
 -0.4260   0.1086  -0.1133   0.3361
 -0.3970   0.1067  -0.0099   0.3358
 -0.3677   0.1050   0.0913   0.3358
 -0.3380   0.1033   0.1904   0.3362
 -0.3079   0.1018   0.2874   0.3370
 -0.2775   0.1004   0.3822   0.3382
 -0.2466   0.0991   0.4749   0.3399
 -0.2152   0.0979   0.5654   0.3419
 -0.1834   0.0968   0.6537   0.3443
 -0.1511   0.0959   0.7398   0.3470
 -0.1182   0.0950   0.8236   0.3502
 -0.0848   0.0943   0.9051   0.3536
 -0.0507   0.0937   0.9841   0.3574
 -0.0161   0.0932   1.0607   0.3615
  0.0192   0.0928   1.1348   0.3657
  0.0552   0.0925   1.2063   0.3702
  0.0918   0.0924   1.2751   0.3748
  0.1292   0.0923   1.3412   0.3793
  0.1672   0.0924   1.4044   0.3839
  0.2061   0.0927   1.4646   0.3882
  0.2457   0.0930   1.5217   0.3922
  0.2861   0.0936   1.5756   0.3958
  0.3274   0.0944   1.6262   0.3986
  0.3695   0.0955   1.6733   0.4004
  0.4125   0.0969   1.7170   0.4008
  0.4564   0.0987   1.7569   0.3995
  0.5012   0.1009   1.7930   0.3960
  0.5470   0.1037   1.8253   0.3894
  0.5937   0.1072   1.8535   0.3791
  0.6415   0.1115   1.8776   0.3640
  0.6902   0.1170   1.8975   0.3428
  0.7401   0.1238   1.9131   0.3138
  0.7910   0.1322   1.9246   0.2751
  0.8430   0.1427   1.9317   0.2241
  0.8962   0.1557   1.9348   0.1576
  0.9506   0.1719   1.9338   0.0716
  1.0063   0.1921   1.9291  -0.0390
  1.0632   0.2172   1.9210  -0.1804
  1.1216   0.2484   1.9102  -0.3607
  1.1813   0.2872   1.8974  -0.5899
  1.2427   0.3355   1.8838  -0.8805
  1.3056   0.3957   1.8707  -1.2484
  1.3704   0.4705   1.8603  -1.7133
  1.4371   0.5637   1.8550  -2.3000
  1.5060   0.6796   1.8579  -3.0392
  1.5772   0.8238   1.8728  -3.9690
  1.6511   1.0032   1.9043  -5.1357
  0.0487  -0.0049  -0.1666  -0.0150
  0.0490  -0.0054  -0.0903  -0.0214
  0.0490  -0.0054  -0.0904  -0.0212
  0.0490  -0.0054  -0.0904  -0.0212
  0.0490  -0.0054  -0.0904  -0.0212
  0.0000   0.0000   0.0000   0.0000
  0.4392   0.0550  16.5686  28.6707
  0.4484   0.0472  16.4250  28.6700
  0.4575   0.0402  16.2795  28.6681
  0.4664   0.0339  16.1323  28.6651
  0.4750   0.0283  15.9832  28.6612
  0.4835   0.0232  15.8324  28.6561
  0.4919   0.0188  15.6798  28.6501
  0.5001   0.0148  15.5255  28.6431
  0.5081   0.0113  15.3694  28.6352
  0.5160   0.0082  15.2115  28.6263
  0.5238   0.0056  15.0519  28.6165
  0.5315   0.0032  14.8906  28.6058
  0.5390   0.0012  14.7277  28.5942
  0.5465  -0.0005  14.5630  28.5817
  0.5539  -0.0019  14.3967  28.5683
  0.5612  -0.0031  14.2287  28.5540
  0.5684  -0.0041  14.0592  28.5389
  0.5756  -0.0048  13.8880  28.5228
  0.5827  -0.0054  13.7153  28.5059
  0.5897  -0.0057  13.5410  28.4882
  0.5967  -0.0059  13.3653  28.4695
  0.6037  -0.0060  13.1880  28.4499
  0.6106  -0.0059  13.0094  28.4295
  0.6175  -0.0057  12.8293  28.4081
  0.6244  -0.0054  12.6478  28.3858
  0.6312  -0.0050  12.4650  28.3626
  0.6380  -0.0044  12.2809  28.3384
  0.6448  -0.0038  12.0955  28.3133
  0.6516  -0.0032  11.9089  28.2872
  0.6585  -0.0024  11.7212  28.2602
  0.6653  -0.0016  11.5323  28.2321
  0.6721  -0.0008  11.3423  28.2030
  0.6789   0.0001  11.1513  28.1728
  0.6858   0.0010  10.9593  28.1415
  0.6926   0.0019  10.7664  28.1091
  0.6995   0.0029  10.5726  28.0756
  0.7064   0.0039  10.3779  28.0410
  0.7134   0.0048  10.1826  28.0051
  0.7203   0.0057   9.9865  27.9681
  0.7274   0.0067   9.7897  27.9298
  0.7344   0.0075   9.5924  27.8902
  0.7415   0.0084   9.3945  27.8492
  0.7487   0.0091   9.1962  27.8070
  0.7559   0.0098   8.9975  27.7633
  0.7632   0.0104   8.7985  27.7182
  0.7705   0.0109   8.5992  27.6717
  0.7779   0.0113   8.3997  27.6236
  0.7854   0.0116   8.2002  27.5741
  0.7930   0.0117   8.0006  27.5229
  0.8006   0.0116   7.8010  27.4701
  0.8083   0.0113   7.6015  27.4157
  0.8161   0.0108   7.4022  27.3596
  0.8240   0.0100   7.2031  27.3018
  0.8319   0.0090   7.0044  27.2422
  0.8400   0.0076   6.8061  27.1807
  0.8482   0.0059   6.6082  27.1175
  0.8565   0.0038   6.4109  27.0523
  0.8649   0.0013   6.2142  26.9852
  0.8734  -0.0017   6.0182  26.9162
  0.8820  -0.0053   5.8230  26.8451
  0.8908  -0.0095   5.6286  26.7721
  0.8997  -0.0143   5.4351  26.6969
  0.9087  -0.0199   5.2425  26.6197
  0.9179  -0.0262   5.0510  26.5403
  0.9273  -0.0335   4.8606  26.4588
  0.9368  -0.0418   4.6713  26.3751
  0.9464  -0.0512   4.4832  26.2891
  0.9563  -0.0618   4.2964  26.2009
  0.9663  -0.0738   4.1108  26.1104
  0.9765  -0.0872   3.9267  26.0177
  0.9870  -0.1024   3.7439  25.9226
  0.9976  -0.1193   3.5625  25.8252
  1.0085  -0.1383   3.3827  25.7254
  1.0196  -0.1596   3.2043  25.6232
  1.0310  -0.1833   3.0275  25.5186
  1.0426  -0.2097   2.8522  25.4117
  1.0545  -0.2392   2.6785  25.3022
  1.0667  -0.2720   2.5063  25.1904
  1.0792  -0.3086   2.3358  25.0761
  0.0000   0.0000   0.0000   0.0000
 -1.4932   0.6904  -3.6616  -2.6160
 -1.4386   0.5772  -3.5479  -1.9923
 -1.3849   0.4739  -3.4291  -1.5475
 -1.3324   0.3848  -3.3079  -1.2213
 -1.2811   0.3104  -3.1861  -0.9764
 -1.2310   0.2495  -3.0650  -0.7888
 -1.1819   0.2004  -2.9454  -0.6428
 -1.1339   0.1610  -2.8276  -0.5280
 -1.0868   0.1297  -2.7121  -0.4366
 -1.0406   0.1049  -2.5990  -0.3635
 -0.9951   0.0853  -2.4884  -0.3045
 -0.9505   0.0698  -2.3803  -0.2566
 -0.9066   0.0577  -2.2748  -0.2176
 -0.8633   0.0481  -2.1719  -0.1856
 -0.8206   0.0406  -2.0713  -0.1592
 -0.7785   0.0347  -1.9732  -0.1373
 -0.7370   0.0301  -1.8773  -0.1190
 -0.6960   0.0265  -1.7836  -0.1036
 -0.6554   0.0237  -1.6920  -0.0906
 -0.6153   0.0216  -1.6024  -0.0795
 -0.5757   0.0199  -1.5147  -0.0699
 -0.5364   0.0187  -1.4288  -0.0617
 -0.4975   0.0177  -1.3445  -0.0544
 -0.4590   0.0171  -1.2618  -0.0480
 -0.4207   0.0166  -1.1805  -0.0423
 -0.3828   0.0164  -1.1007  -0.0371
 -0.3452   0.0162  -1.0221  -0.0324
 -0.3078   0.0162  -0.9447  -0.0281
 -0.2707   0.0164  -0.8684  -0.0242
 -0.2338   0.0166  -0.7931  -0.0205
 -0.1971   0.0168  -0.7187  -0.0170
 -0.1606   0.0172  -0.6452  -0.0137
 -0.1243   0.0176  -0.5725  -0.0106
 -0.0881   0.0181  -0.5004  -0.0075
 -0.0520   0.0186  -0.4290  -0.0046
 -0.0160   0.0192  -0.3582  -0.0018
  0.0199   0.0198  -0.2878   0.0009
  0.0557   0.0205  -0.2178   0.0036
  0.0915   0.0213  -0.1483   0.0062
  0.1272   0.0220  -0.0790   0.0088
  0.1629   0.0228  -0.0099   0.0113
  0.1986   0.0237   0.0589   0.0138
  0.2343   0.0246   0.1277   0.0162
  0.2701   0.0255   0.1963   0.0187
  0.3059   0.0264   0.2650   0.0211
  0.3418   0.0274   0.3336   0.0235
  0.3778   0.0283   0.4024   0.0259
  0.4138   0.0293   0.4713   0.0283
  0.4500   0.0303   0.5403   0.0306
  0.4863   0.0313   0.6096   0.0330
  0.5228   0.0323   0.6792   0.0354
  0.5594   0.0332   0.7491   0.0377
  0.5962   0.0341   0.8193   0.0401
  0.6332   0.0349   0.8899   0.0426
  0.6704   0.0357   0.9610   0.0451
  0.7079   0.0362   1.0326   0.0476
  0.7455   0.0366   1.1046   0.0503
  0.7835   0.0368   1.1773   0.0532
  0.8217   0.0366   1.2505   0.0562
  0.8602   0.0360   1.3244   0.0595
  0.8990   0.0349   1.3990   0.0632
  0.9381   0.0332   1.4742   0.0674
  0.9776   0.0306   1.5502   0.0723
  1.0174   0.0269   1.6270   0.0780
  1.0576   0.0218   1.7045   0.0848
  1.0982   0.0150   1.7829   0.0930
  1.1392   0.0060   1.8621   0.1030
  1.1807  -0.0058   1.9422   0.1152
  1.2226  -0.0212   2.0232   0.1304
  1.2652  -0.0412   2.1052   0.1492
  1.3083  -0.0669   2.1881   0.1725
  1.3520  -0.0999   2.2720   0.2013
  1.3966  -0.1424   2.3568   0.2366
  1.4420  -0.1970   2.4428   0.2796
  0.0000   0.0000   0.0000   0.0000
 -5.3684  22.0742   1.7296  -0.3158
 -5.6417  22.0282   1.6645  -0.2739
 -5.9153  21.9793   1.6004  -0.2362
 -6.1891  21.9276   1.5375  -0.2023
 -6.4632  21.8730   1.4755  -0.1720
 -6.7375  21.8156   1.4145  -0.1448
 -7.0119  21.7553   1.3544  -0.1204
 -7.2865  21.6922   1.2953  -0.0987
 -7.5611  21.6262   1.2369  -0.0793
 -7.8357  21.5573   1.1794  -0.0620
 -8.1103  21.4857   1.1226  -0.0466
 -8.3848  21.4111   1.0666  -0.0330
 -8.6591  21.3338   1.0112  -0.0208
 -8.9332  21.2536   0.9566  -0.0101
 -9.2070  21.1706   0.9026  -0.0007
 -9.4804  21.0849   0.8492   0.0077
 -9.7534  20.9963   0.7965   0.0150
-10.0260  20.9050   0.7443   0.0214
-10.2979  20.8110   0.6926   0.0269
-10.5692  20.7142   0.6415   0.0318
-10.8398  20.6147   0.5909   0.0359
-11.1096  20.5126   0.5407   0.0395
-11.3785  20.4078   0.4910   0.0426
-11.6464  20.3004   0.4418   0.0451
-11.9133  20.1904   0.3930   0.0473
-12.1791  20.0779   0.3446   0.0491
-12.4437  19.9629   0.2966   0.0505
-12.7069  19.8454   0.2489   0.0516
-12.9689  19.7255   0.2016   0.0525
-13.2294  19.6032   0.1546   0.0531
-13.4883  19.4786   0.1079   0.0535
-13.7457  19.3517   0.0615   0.0538
-14.0014  19.2226   0.0154   0.0538
-14.2553  19.0913  -0.0304   0.0537
-14.5074  18.9579  -0.0760   0.0534
-14.7575  18.8225  -0.1214   0.0530
-15.0057  18.6850  -0.1666   0.0525
-15.2518  18.5456  -0.2116   0.0519
-15.4958  18.4042  -0.2564   0.0512
-15.7376  18.2611  -0.3010   0.0503
-15.9771  18.1162  -0.3455   0.0494
-16.2143  17.9695  -0.3899   0.0484
-16.4490  17.8213  -0.4341   0.0473
-16.6813  17.6714  -0.4783   0.0461
-16.9111  17.5200  -0.5224   0.0448
-17.1382  17.3671  -0.5664   0.0434
-17.3627  17.2128  -0.6103   0.0419
-17.5846  17.0571  -0.6542   0.0402
-17.8036  16.9002  -0.6981   0.0385
-18.0198  16.7420  -0.7420   0.0367
-18.2332  16.5826  -0.7858   0.0347
-18.4436  16.4220  -0.8297   0.0326
-18.6511  16.2604  -0.8736   0.0303
-18.8556  16.0977  -0.9175   0.0278
-19.0571  15.9341  -0.9615   0.0252
-19.2555  15.7695  -1.0055   0.0224
-19.4507  15.6039  -1.0496   0.0194
-19.6428  15.4375  -1.0938   0.0162
-19.8317  15.2703  -1.1380   0.0127
-20.0174  15.1022  -1.1824   0.0090
-20.1999  14.9334  -1.2269   0.0050
-20.3790  14.7638  -1.2714   0.0007
-20.5549  14.5935  -1.3161  -0.0039
-20.7275  14.4224  -1.3610  -0.0089
-20.8968  14.2507  -1.4059  -0.0143
-21.0627  14.0782  -1.4511  -0.0202
-21.2253  13.9051  -1.4963  -0.0264
-21.3845  13.7313  -1.5418  -0.0332
-21.5403  13.5568  -1.5874  -0.0406
-21.6928  13.3816  -1.6332  -0.0485
-21.8419  13.2057  -1.6791  -0.0570
-21.9877  13.0290  -1.7253  -0.0663
-22.1301  12.8516  -1.7716  -0.0763
-22.2691  12.6735  -1.8182  -0.0871
-22.4048  12.4945  -1.8649  -0.0989
-22.5372  12.3147  -1.9119  -0.1116
-22.6663  12.1340  -1.9591  -0.1254
-22.7921  11.9523  -2.0065  -0.1404
-22.9146  11.7697  -2.0542  -0.1567
  0.0000   0.0000   0.0000   0.0000
 -1.0644  -4.4159  -3.8362   1.0157
 -1.1070  -3.5171  -3.6853   0.8436
 -1.1381  -2.7973  -3.5382   0.6937
 -1.1586  -2.2250  -3.3947   0.5670
 -1.1698  -1.7719  -3.2546   0.4617
 -1.1729  -1.4142  -3.1178   0.3751
 -1.1695  -1.1323  -2.9843   0.3044
 -1.1608  -0.9102  -2.8538   0.2467
 -1.1477  -0.7353  -2.7264   0.1997
 -1.1311  -0.5973  -2.6019   0.1614
 -1.1117  -0.4884  -2.4802   0.1300
 -1.0902  -0.4022  -2.3613   0.1043
 -1.0668  -0.3339  -2.2450   0.0830
 -1.0420  -0.2795  -2.1314   0.0653
 -1.0160  -0.2361  -2.0202   0.0506
 -0.9891  -0.2013  -1.9114   0.0382
 -0.9613  -0.1732  -1.8049   0.0277
 -0.9329  -0.1505  -1.7007   0.0187
 -0.9039  -0.1319  -1.5986   0.0110
 -0.8744  -0.1166  -1.4986   0.0044
 -0.8444  -0.1038  -1.4007  -0.0013
 -0.8140  -0.0932  -1.3047  -0.0062
 -0.7832  -0.0841  -1.2105  -0.0104
 -0.7520  -0.0763  -1.1182  -0.0141
 -0.7205  -0.0696  -1.0276  -0.0173
 -0.6886  -0.0637  -0.9387  -0.0199
 -0.6564  -0.0584  -0.8514  -0.0222
 -0.6238  -0.0537  -0.7656  -0.0240
 -0.5909  -0.0493  -0.6814  -0.0254
 -0.5577  -0.0454  -0.5985  -0.0264
 -0.5240  -0.0417  -0.5170  -0.0271
 -0.4901  -0.0383  -0.4369  -0.0274
 -0.4557  -0.0350  -0.3580  -0.0274
 -0.4210  -0.0320  -0.2803  -0.0270
 -0.3858  -0.0291  -0.2038  -0.0263
 -0.3503  -0.0263  -0.1284  -0.0252
 -0.3143  -0.0236  -0.0541  -0.0238
 -0.2779  -0.0210   0.0192  -0.0221
 -0.2411  -0.0185   0.0915  -0.0201
 -0.2038  -0.0161   0.1628  -0.0178
 -0.1660  -0.0138   0.2333  -0.0151
 -0.1277  -0.0115   0.3029  -0.0122
 -0.0889  -0.0093   0.3717  -0.0090
 -0.0495  -0.0071   0.4397  -0.0055
 -0.0097  -0.0050   0.5069  -0.0017
  0.0308  -0.0028   0.5734   0.0024
  0.0718  -0.0008   0.6392   0.0066
  0.1135   0.0013   0.7044   0.0111
  0.1558   0.0034   0.7689   0.0158
  0.1987   0.0055   0.8328   0.0206
  0.2423   0.0077   0.8962   0.0256
  0.2866   0.0099   0.9590   0.0307
  0.3316   0.0123   1.0212   0.0358
  0.3774   0.0149   1.0830   0.0408
  0.4239   0.0177   1.1444   0.0457
  0.4712   0.0208   1.2053   0.0504
  0.5193   0.0243   1.2658   0.0548
  0.5683   0.0284   1.3259   0.0586
  0.6181   0.0332   1.3856   0.0617
  0.6688   0.0390   1.4451   0.0638
  0.7204   0.0459   1.5043   0.0645
  0.7730   0.0543   1.5632   0.0636
  0.8265   0.0646   1.6220   0.0604
  0.8810   0.0773   1.6808   0.0543
  0.9365   0.0931   1.7395   0.0444
  0.9931   0.1128   1.7983   0.0297
  1.0508   0.1373   1.8574   0.0089
  1.1095   0.1679   1.9169  -0.0199
  1.1694   0.2062   1.9771  -0.0588
  1.2305   0.2541   2.0383  -0.1107
  1.2928   0.3141   2.1007  -0.1791
  1.3563   0.3891   2.1650  -0.2688
  1.4210   0.4827   2.2316  -0.3857
  1.4871   0.5993   2.3015  -0.5376
  1.5545   0.7439   2.3757  -0.7345
  1.6233   0.9225   2.4554  -0.9895
  1.6935   1.1413   2.5424  -1.3200
  1.7651   1.4063   2.6389  -1.7490
  0.0000   0.0000   0.0000   0.0000
  0.5067   0.2645  15.5121  27.4239
  0.5114   0.2382  15.3638  27.4153
  0.5160   0.2142  15.2139  27.4057
  0.5205   0.1924  15.0625  27.3951
  0.5249   0.1725  14.9095  27.3835
  0.5293   0.1544  14.7549  27.3710
  0.5337   0.1379  14.5989  27.3576
  0.5380   0.1229  14.4413  27.3432
  0.5423   0.1092  14.2822  27.3279
  0.5466   0.0968  14.1217  27.3117
  0.5509   0.0856  13.9597  27.2946
  0.5552   0.0755  13.7963  27.2765
  0.5595   0.0663  13.6316  27.2576
  0.5639   0.0580  13.4654  27.2378
  0.5682   0.0505  13.2979  27.2171
  0.5725   0.0439  13.1291  27.1955
  0.5769   0.0379  12.9590  27.1730
  0.5813   0.0325  12.7876  27.1496
  0.5857   0.0278  12.6151  27.1253
  0.5901   0.0236  12.4413  27.1001
  0.5946   0.0199  12.2664  27.0739
  0.5990   0.0166  12.0903  27.0468
  0.6036   0.0138  11.9131  27.0188
  0.6081   0.0113  11.7349  26.9898
  0.6127   0.0092  11.5557  26.9598
  0.6174   0.0074  11.3755  26.9288
  0.6221   0.0059  11.1944  26.8969
  0.6268   0.0047  11.0124  26.8639
  0.6316   0.0037  10.8295  26.8299
  0.6364   0.0029  10.6458  26.7948
  0.6413   0.0023  10.4614  26.7586
  0.6462   0.0019  10.2763  26.7213
  0.6512   0.0016  10.0905  26.6830
  0.6562   0.0015   9.9040  26.6434
  0.6613   0.0014   9.7171  26.6027
  0.6665   0.0015   9.5296  26.5608
  0.6717   0.0017   9.3416  26.5177
  0.6770   0.0019   9.1533  26.4733
  0.6823   0.0022   8.9646  26.4277
  0.6877   0.0026   8.7756  26.3807
  0.6932   0.0029   8.5864  26.3325
  0.6987   0.0033   8.3970  26.2828
  0.7044   0.0037   8.2075  26.2318
  0.7101   0.0040   8.0180  26.1794
  0.7158   0.0043   7.8284  26.1255
  0.7217   0.0045   7.6390  26.0702
  0.7276   0.0047   7.4496  26.0133
  0.7336   0.0048   7.2605  25.9550
  0.7397   0.0047   7.0716  25.8950
  0.7459   0.0046   6.8831  25.8335
  0.7521   0.0042   6.6949  25.7704
  0.7585   0.0037   6.5072  25.7056
  0.7649   0.0030   6.3200  25.6392
  0.7714   0.0020   6.1333  25.5711
  0.7781   0.0007   5.9473  25.5012
  0.7848  -0.0009   5.7620  25.4296
  0.7916  -0.0028   5.5774  25.3562
  0.7985  -0.0051   5.3936  25.2811
  0.8056  -0.0079   5.2106  25.2041
  0.8127  -0.0113   5.0286  25.1253
  0.8199  -0.0151   4.8475  25.0446
  0.8273  -0.0197   4.6675  24.9621
  0.8348  -0.0249   4.4885  24.8777
  0.8423  -0.0310   4.3106  24.7913
  0.8501  -0.0380   4.1338  24.7030
  0.8579  -0.0460   3.9583  24.6127
  0.8659  -0.0551   3.7839  24.5205
  0.8740  -0.0655   3.6108  24.4263
  0.8823  -0.0773   3.4390  24.3301
  0.8907  -0.0907   3.2685  24.2319
  0.8993  -0.1059   3.0994  24.1317
  0.9081  -0.1231   2.9316  24.0294
  0.9171  -0.1425   2.7651  23.9251
  0.9262  -0.1643   2.6001  23.8187
  0.9356  -0.1889   2.4365  23.7103
  0.9451  -0.2165   2.2742  23.5997
  0.9550  -0.2475   2.1134  23.4871
  0.9650  -0.2823   1.9540  23.3724
  0.9754  -0.3212   1.7960  23.2555
  0.0000   0.0000   0.0000   0.0000
 -1.7089   0.6515  -3.0324  -2.4680
 -1.6453   0.5421  -2.9758  -1.9830
 -1.5827   0.4431  -2.9133  -1.6038
 -1.5213   0.3580  -2.8461  -1.3054
 -1.4610   0.2873  -2.7752  -1.0691
 -1.4019   0.2298  -2.7016  -0.8811
 -1.3439   0.1835  -2.6259  -0.7307
 -1.2869   0.1467  -2.5488  -0.6101
 -1.2309   0.1176  -2.4708  -0.5128
 -1.1759   0.0947  -2.3921  -0.4341
 -1.1218   0.0768  -2.3132  -0.3701
 -1.0685   0.0629  -2.2343  -0.3178
 -1.0161   0.0520  -2.1554  -0.2749
 -0.9644   0.0436  -2.0769  -0.2394
 -0.9136   0.0372  -1.9986  -0.2100
 -0.8635   0.0322  -1.9209  -0.1854
 -0.8141   0.0285  -1.8436  -0.1647
 -0.7654   0.0257  -1.7668  -0.1471
 -0.7173   0.0236  -1.6906  -0.1320
 -0.6699   0.0221  -1.6149  -0.1189
 -0.6232   0.0210  -1.5397  -0.1075
 -0.5770   0.0203  -1.4651  -0.0975
 -0.5314   0.0199  -1.3910  -0.0886
 -0.4864   0.0197  -1.3173  -0.0806
 -0.4419   0.0197  -1.2441  -0.0733
 -0.3979   0.0198  -1.1714  -0.0666
 -0.3544   0.0200  -1.0990  -0.0605
 -0.3114   0.0204  -1.0270  -0.0548
 -0.2689   0.0208  -0.9553  -0.0494
 -0.2268   0.0212  -0.8839  -0.0444
 -0.1852   0.0217  -0.8127  -0.0396
 -0.1439   0.0223  -0.7418  -0.0350
 -0.1030   0.0229  -0.6710  -0.0306
 -0.0625   0.0236  -0.6003  -0.0264
 -0.0224   0.0242  -0.5298  -0.0224
  0.0174   0.0250  -0.4592  -0.0184
  0.0570   0.0257  -0.3887  -0.0146
  0.0962   0.0265  -0.3181  -0.0108
  0.1351   0.0273  -0.2475  -0.0072
  0.1738   0.0281  -0.1767  -0.0036
  0.2123   0.0289  -0.1057  -0.0001
  0.2505   0.0298  -0.0345   0.0034
  0.2885   0.0306   0.0370   0.0068
  0.3263   0.0315   0.1087   0.0101
  0.3640   0.0324   0.1809   0.0134
  0.4015   0.0333   0.2534   0.0166
  0.4389   0.0342   0.3264   0.0198
  0.4762   0.0350   0.3999   0.0230
  0.5133   0.0359   0.4740   0.0261
  0.5504   0.0367   0.5487   0.0292
  0.5874   0.0375   0.6240   0.0323
  0.6244   0.0383   0.7000   0.0354
  0.6613   0.0390   0.7768   0.0385
  0.6983   0.0395   0.8543   0.0416
  0.7352   0.0400   0.9328   0.0448
  0.7721   0.0403   1.0121   0.0480
  0.8091   0.0404   1.0924   0.0513
  0.8462   0.0402   1.1737   0.0548
  0.8833   0.0397   1.2561   0.0586
  0.9205   0.0388   1.3397   0.0626
  0.9578   0.0374   1.4244   0.0670
  0.9953   0.0353   1.5103   0.0720
  1.0329   0.0323   1.5975   0.0777
  1.0706   0.0282   1.6861   0.0844
  1.1086   0.0228   1.7761   0.0923
  1.1468   0.0156   1.8675   0.1018
  1.1853   0.0063   1.9605   0.1133
  1.2241  -0.0058   2.0551   0.1276
  1.2632  -0.0215   2.1513   0.1451
  1.3027  -0.0415   2.2493   0.1670
  1.3426  -0.0673   2.3490   0.1942
  1.3831  -0.1002   2.4506   0.2282
  1.4242  -0.1423   2.5541   0.2705
  1.4661  -0.1963   2.6596   0.3230
  1.5089  -0.2657   2.7672   0.3876
  0.0000   0.0000   0.0000   0.0000
 -5.1506  22.2940   1.6222  -0.2274
 -5.4255  22.2412   1.5581  -0.1960
 -5.7008  22.1856   1.4952  -0.1679
 -5.9763  22.1272   1.4334  -0.1427
 -6.2521  22.0660   1.3726  -0.1202
 -6.5281  22.0020   1.3129  -0.1001
 -6.8043  21.9353   1.2541  -0.0821
 -7.0806  21.8657   1.1963  -0.0662
 -7.3569  21.7934   1.1394  -0.0520
 -7.6333  21.7182   1.0834  -0.0394
 -7.9096  21.6403   1.0282  -0.0283
 -8.1859  21.5596   0.9738  -0.0185
 -8.4620  21.4761   0.9202  -0.0099
 -8.7379  21.3898   0.8673  -0.0023
 -9.0135  21.3008   0.8152   0.0043
 -9.2888  21.2090   0.7637   0.0101
 -9.5637  21.1145   0.7130   0.0151
 -9.8381  21.0173   0.6628   0.0194
-10.1119  20.9174   0.6133   0.0232
-10.3851  20.8147   0.5644   0.0263
-10.6576  20.7095   0.5160   0.0290
-10.9293  20.6015   0.4682   0.0312
-11.2001  20.4910   0.4209   0.0331
-11.4700  20.3779   0.3741   0.0346
-11.7388  20.2622   0.3278   0.0358
-12.0066  20.1441   0.2819   0.0367
-12.2732  20.0234   0.2365   0.0374
-12.5385  19.9004   0.1915   0.0378
-12.8025  19.7749   0.1470   0.0381
-13.0650  19.6471   0.1027   0.0383
-13.3261  19.5169   0.0589   0.0382
-13.5855  19.3846   0.0154   0.0381
-13.8434  19.2500  -0.0278   0.0378
-14.0994  19.1132  -0.0707   0.0374
-14.3537  18.9744  -0.1133   0.0370
-14.6061  18.8335  -0.1556   0.0364
-14.8566  18.6906  -0.1977   0.0358
-15.1050  18.5458  -0.2396   0.0352
-15.3513  18.3991  -0.2812   0.0344
-15.5955  18.2506  -0.3227   0.0336
-15.8374  18.1003  -0.3640   0.0328
-16.0770  17.9483  -0.4051   0.0319
-16.3143  17.7947  -0.4461   0.0309
-16.5491  17.6395  -0.4870   0.0299
-16.7815  17.4828  -0.5278   0.0288
-17.0113  17.3246  -0.5684   0.0277
-17.2385  17.1650  -0.6090   0.0266
-17.4630  17.0040  -0.6496   0.0253
-17.6848  16.8418  -0.6901   0.0240
-17.9039  16.6783  -0.7305   0.0226
-18.1202  16.5137  -0.7710   0.0212
-18.3336  16.3478  -0.8114   0.0196
-18.5441  16.1810  -0.8519   0.0180
-18.7516  16.0130  -0.8924   0.0162
-18.9562  15.8441  -0.9329   0.0144
-19.1578  15.6742  -0.9735   0.0124
-19.3562  15.5035  -1.0142   0.0103
-19.5516  15.3318  -1.0549   0.0081
-19.7439  15.1593  -1.0957   0.0057
-19.9330  14.9860  -1.1367   0.0031
-20.1189  14.8119  -1.1777   0.0004
-20.3016  14.6371  -1.2188  -0.0026
-20.4811  14.4616  -1.2601  -0.0058
-20.6573  14.2853  -1.3016  -0.0092
-20.8303  14.1083  -1.3431  -0.0128
-21.0000  13.9306  -1.3849  -0.0167
-21.1663  13.7523  -1.4268  -0.0210
-21.3294  13.5732  -1.4689  -0.0255
-21.4892  13.3935  -1.5111  -0.0304
-21.6456  13.2131  -1.5536  -0.0356
-21.7988  13.0320  -1.5963  -0.0413
-21.9486  12.8501  -1.6391  -0.0474
-22.0951  12.6675  -1.6822  -0.0540
-22.2383  12.4842  -1.7255  -0.0610
-22.3783  12.3000  -1.7690  -0.0687
-22.5149  12.1150  -1.8127  -0.0769
-22.6483  11.9291  -1.8567  -0.0858
-22.7785  11.7423  -1.9009  -0.0954
-22.9054  11.5545  -1.9454  -0.1057
  0.0000   0.0000   0.0000   0.0000
 -0.9132  -4.4572  -4.0045   0.9461
 -0.9612  -3.5452  -3.8441   0.7872
 -0.9983  -2.8150  -3.6876   0.6490
 -1.0252  -2.2347  -3.5349   0.5322
 -1.0429  -1.7757  -3.3858   0.4352
 -1.0528  -1.4138  -3.2402   0.3555
 -1.0562  -1.1289  -3.0980   0.2904
 -1.0543  -0.9047  -2.9591   0.2374
 -1.0479  -0.7284  -2.8235   0.1942
 -1.0380  -0.5897  -2.6910   0.1590
 -1.0253  -0.4803  -2.5615   0.1302
 -1.0102  -0.3940  -2.4350   0.1066
 -0.9932  -0.3257  -2.3113   0.0870
 -0.9747  -0.2715  -2.1904   0.0708
 -0.9548  -0.2284  -2.0723   0.0572
 -0.9339  -0.1939  -1.9568   0.0458
 -0.9120  -0.1661  -1.8438   0.0361
 -0.8892  -0.1437  -1.7332   0.0279
 -0.8657  -0.1255  -1.6251   0.0208
 -0.8416  -0.1105  -1.5193   0.0147
 -0.8168  -0.0981  -1.4157   0.0095
 -0.7915  -0.0877  -1.3142   0.0049
 -0.7656  -0.0789  -1.2149   0.0010
 -0.7392  -0.0714  -1.1175  -0.0024
 -0.7122  -0.0649  -1.0221  -0.0053
 -0.6848  -0.0592  -0.9287  -0.0077
 -0.6568  -0.0541  -0.8370  -0.0097
 -0.6284  -0.0496  -0.7471  -0.0113
 -0.5995  -0.0454  -0.6589  -0.0126
 -0.5700  -0.0416  -0.5723  -0.0134
 -0.5400  -0.0380  -0.4874  -0.0139
 -0.5096  -0.0347  -0.4039  -0.0141
 -0.4785  -0.0315  -0.3220  -0.0139
 -0.4470  -0.0285  -0.2414  -0.0134
 -0.4149  -0.0256  -0.1623  -0.0126
 -0.3822  -0.0229  -0.0845  -0.0114
 -0.3490  -0.0202  -0.0080  -0.0099
 -0.3152  -0.0177   0.0673  -0.0081
 -0.2807  -0.0152   0.1414  -0.0060
 -0.2457  -0.0127   0.2143  -0.0036
 -0.2100  -0.0104   0.2861  -0.0009
 -0.1737  -0.0081   0.3568   0.0021
 -0.1367  -0.0058   0.4265   0.0054
 -0.0990  -0.0036   0.4951   0.0089
 -0.0606  -0.0014   0.5628   0.0127
 -0.0215   0.0007   0.6295   0.0167
  0.0183   0.0029   0.6953   0.0210
  0.0589   0.0050   0.7602   0.0254
  0.1003   0.0071   0.8243   0.0300
  0.1425   0.0093   0.8875   0.0348
  0.1855   0.0115   0.9500   0.0396
  0.2294   0.0138   1.0116   0.0446
  0.2741   0.0162   1.0725   0.0495
  0.3197   0.0189   1.1327   0.0543
  0.3663   0.0217   1.1922   0.0589
  0.4137   0.0248   1.2510   0.0633
  0.4622   0.0284   1.3091   0.0673
  0.5116   0.0325   1.3667   0.0707
  0.5621   0.0373   1.4236   0.0732
  0.6136   0.0431   1.4800   0.0747
  0.6661   0.0499   1.5359   0.0748
  0.7198   0.0583   1.5914   0.0731
  0.7746   0.0685   1.6464   0.0689
  0.8305   0.0811   1.7012   0.0616
  0.8876   0.0967   1.7557   0.0504
  0.9459   0.1161   1.8101   0.0340
  1.0054   0.1403   1.8646   0.0112
  1.0662   0.1705   1.9193  -0.0201
  1.1283   0.2082   1.9745  -0.0620
  1.1916   0.2554   2.0305  -0.1176
  1.2564   0.3145   2.0877  -0.1906
  1.3224   0.3884   2.1466  -0.2861
  1.3899   0.4806   2.2080  -0.4102
  1.4588   0.5953   2.2727  -0.5711
  1.5292   0.7377   2.3417  -0.7793
  1.6011   0.9135   2.4166  -1.0487
  1.6745   1.1288   2.4992  -1.3973
  1.7493   1.3895   2.5919  -1.8489
  1.8257   1.7000   2.6975  -2.4358
  0.0000   0.0000   0.0000   0.0000
