  0.6500  -1.5690   0.6000  -1.8000
  0.6500  -1.5690   0.6000  -1.8000
  0.6500  -1.5689   0.6001  -1.8000
  0.6501  -1.5688   0.6002  -1.8001
  0.6502  -1.5686   0.6005  -1.8002
  0.6503  -1.5683   0.6008  -1.8004
  0.6505  -1.5679   0.6012  -1.8006
  0.6507  -1.5674   0.6017  -1.8009
  0.6510  -1.5669   0.6023  -1.8011
  0.6513  -1.5663   0.6030  -1.8015
  0.6516  -1.5656   0.6037  -1.8019
  0.6519  -1.5648   0.6046  -1.8023
  0.6523  -1.5640   0.6055  -1.8027
  0.6528  -1.5631   0.6065  -1.8032
  0.6532  -1.5621   0.6076  -1.8038
  0.6537  -1.5611   0.6087  -1.8043
  0.6542  -1.5600   0.6099  -1.8049
  0.6548  -1.5589   0.6112  -1.8056
  0.6553  -1.5576   0.6125  -1.8062
  0.6559  -1.5564   0.6140  -1.8069
  0.6566  -1.5550   0.6154  -1.8076
  0.6572  -1.5537   0.6170  -1.8084
  0.6579  -1.5522   0.6186  -1.8091
  0.6586  -1.5507   0.6202  -1.8099
  0.6593  -1.5492   0.6219  -1.8107
  0.6600  -1.5476   0.6237  -1.8116
  0.6608  -1.5460   0.6255  -1.8124
  0.6616  -1.5443   0.6274  -1.8133
  0.6624  -1.5426   0.6293  -1.8142
  0.6632  -1.5408   0.6312  -1.8151
  0.6640  -1.5390   0.6333  -1.8160
  0.6649  -1.5372   0.6353  -1.8169
  0.6658  -1.5353   0.6374  -1.8179
  0.6666  -1.5334   0.6395  -1.8188
  0.6675  -1.5315   0.6417  -1.8198
  0.6684  -1.5295   0.6439  -1.8208
  0.6694  -1.5275   0.6462  -1.8217
  0.6703  -1.5254   0.6484  -1.8227
  0.6712  -1.5234   0.6507  -1.8237
  0.6722  -1.5213   0.6531  -1.8247
  0.6731  -1.5192   0.6555  -1.8257
  0.6741  -1.5170   0.6579  -1.8267
  0.6751  -1.5149   0.6603  -1.8277
  0.6761  -1.5127   0.6627  -1.8287
  0.6771  -1.5105   0.6652  -1.8297
  0.6780  -1.5082   0.6677  -1.8307
  0.6790  -1.5060   0.6702  -1.8317
  0.6800  -1.5037   0.6727  -1.8327
  0.6811  -1.5015   0.6752  -1.8337
  0.6821  -1.4992   0.6778  -1.8347
  0.6831  -1.4969   0.6804  -1.8357
  0.6841  -1.4946   0.6830  -1.8366
  0.6851  -1.4923   0.6855  -1.8376
  0.6861  -1.4899   0.6881  -1.8385
  0.6871  -1.4876   0.6907  -1.8394
  0.6882  -1.4853   0.6934  -1.8403
  0.6892  -1.4829   0.6960  -1.8412
  0.6902  -1.4806   0.6986  -1.8421
  0.6912  -1.4783   0.7012  -1.8430
  0.6922  -1.4759   0.7038  -1.8439
  0.6932  -1.4736   0.7064  -1.8447
  0.6942  -1.4713   0.7090  -1.8455
  0.6952  -1.4689   0.7117  -1.8463
  0.6962  -1.4666   0.7143  -1.8471
  0.6972  -1.4643   0.7168  -1.8478
  0.6982  -1.4620   0.7194  -1.8486
  0.6992  -1.4597   0.7220  -1.8493
  0.7002  -1.4574   0.7245  -1.8499
  0.7012  -1.4552   0.7271  -1.8506
  0.7021  -1.4529   0.7296  -1.8512
  0.7031  -1.4507   0.7321  -1.8518
  0.7040  -1.4484   0.7346  -1.8524
  0.7050  -1.4462   0.7371  -1.8529
  0.7059  -1.4439   0.7396  -1.8535
  0.7068  -1.4417   0.7420  -1.8539
  0.7078  -1.4395   0.7445  -1.8544
  0.7087  -1.4373   0.7469  -1.8548
  0.7096  -1.4352   0.7493  -1.8552
  0.7105  -1.4330   0.7517  -1.8556
  0.7114  -1.4309   0.7540  -1.8559
  0.7123  -1.4287   0.7564  -1.8563
  0.7131  -1.4266   0.7587  -1.8565
  0.7140  -1.4245   0.7610  -1.8568
  0.7148  -1.4224   0.7632  -1.8570
  0.7157  -1.4204   0.7655  -1.8572
  0.7165  -1.4183   0.7677  -1.8573
  0.7174  -1.4163   0.7699  -1.8574
  0.7182  -1.4143   0.7720  -1.8575
  0.7190  -1.4123   0.7741  -1.8575
  0.7198  -1.4103   0.7762  -1.8575
  0.7206  -1.4084   0.7783  -1.8575
  0.7214  -1.4064   0.7804  -1.8574
  0.7221  -1.4045   0.7824  -1.8573
  0.7229  -1.4026   0.7843  -1.8572
  0.7236  -1.4008   0.7863  -1.8570
  0.7244  -1.3989   0.7882  -1.8567
  0.7251  -1.3971   0.7901  -1.8565
  0.7258  -1.3953   0.7919  -1.8562
  0.7265  -1.3936   0.7937  -1.8558
  0.7272  -1.3919   0.7955  -1.8554
  0.7279  -1.3902   0.7972  -1.8550
  0.7286  -1.3885   0.7989  -1.8545
  0.7293  -1.3869   0.8005  -1.8540
  0.7299  -1.3853   0.8021  -1.8535
  0.7306  -1.3838   0.8036  -1.8529
  0.7312  -1.3823   0.8051  -1.8522
  0.7318  -1.3808   0.8066  -1.8516
  0.7325  -1.3794   0.8080  -1.8508
  0.7331  -1.3780   0.8094  -1.8501
  0.7337  -1.3766   0.8107  -1.8492
  0.7343  -1.3753   0.8120  -1.8484
  0.7348  -1.3740   0.8132  -1.8474
  0.7354  -1.3728   0.8143  -1.8465
  0.7360  -1.3716   0.8154  -1.8455
  0.7365  -1.3705   0.8165  -1.8444
  0.7370  -1.3694   0.8175  -1.8433
  0.7375  -1.3683   0.8184  -1.8421
  0.7381  -1.3673   0.8193  -1.8409
  0.7386  -1.3664   0.8201  -1.8396
  0.7390  -1.3655   0.8209  -1.8383
  0.7390  -1.3655   0.8209  -1.8383
  0.7395  -1.3646   0.8216  -1.8369
  0.7403  -1.3652   0.8223  -1.8356
  0.7413  -1.3671   0.8231  -1.8342
  0.7426  -1.3703   0.8238  -1.8329
  0.7442  -1.3747   0.8246  -1.8316
  0.7460  -1.3800   0.8255  -1.8304
  0.7480  -1.3862   0.8263  -1.8291
  0.7502  -1.3932   0.8272  -1.8279
  0.7526  -1.4009   0.8281  -1.8267
  0.7552  -1.4092   0.8290  -1.8255
  0.7580  -1.4181   0.8299  -1.8243
  0.7609  -1.4274   0.8309  -1.8232
  0.7640  -1.4371   0.8319  -1.8221
  0.7671  -1.4471   0.8330  -1.8210
  0.7705  -1.4575   0.8340  -1.8199
  0.7739  -1.4682   0.8351  -1.8188
  0.7775  -1.4790   0.8363  -1.8177
  0.7811  -1.4901   0.8374  -1.8167
  0.7849  -1.5014   0.8386  -1.8156
  0.7888  -1.5127   0.8398  -1.8146
  0.7927  -1.5243   0.8410  -1.8136
  0.7967  -1.5358   0.8423  -1.8126
  0.8009  -1.5475   0.8436  -1.8117
  0.8051  -1.5592   0.8449  -1.8107
  0.8094  -1.5710   0.8462  -1.8098
  0.8137  -1.5828   0.8476  -1.8088
  0.8181  -1.5946   0.8490  -1.8079
  0.8226  -1.6064   0.8504  -1.8070
  0.8271  -1.6183   0.8519  -1.8061
  0.8317  -1.6300   0.8533  -1.8052
  0.8364  -1.6418   0.8548  -1.8043
  0.8411  -1.6536   0.8564  -1.8034
  0.8458  -1.6653   0.8579  -1.8025
  0.8506  -1.6769   0.8595  -1.8016
  0.8554  -1.6885   0.8610  -1.8007
  0.8603  -1.7001   0.8626  -1.7999
  0.8652  -1.7116   0.8643  -1.7990
  0.8701  -1.7230   0.8659  -1.7981
  0.8750  -1.7344   0.8676  -1.7973
  0.8800  -1.7456   0.8693  -1.7964
  0.8850  -1.7569   0.8710  -1.7955
  0.8900  -1.7680   0.8727  -1.7947
  0.8951  -1.7790   0.8744  -1.7938
  0.9001  -1.7900   0.8761  -1.7929
  0.9051  -1.8009   0.8779  -1.7920
  0.9102  -1.8117   0.8797  -1.7911
  0.9153  -1.8224   0.8815  -1.7902
  0.9203  -1.8330   0.8833  -1.7893
  0.9254  -1.8435   0.8851  -1.7884
  0.9304  -1.8540   0.8869  -1.7875
  0.9355  -1.8643   0.8888  -1.7866
  0.9405  -1.8746   0.8906  -1.7856
  0.9455  -1.8847   0.8925  -1.7847
  0.9505  -1.8947   0.8944  -1.7837
  0.9555  -1.9047   0.8962  -1.7827
  0.9604  -1.9145   0.8981  -1.7817
  0.9654  -1.9243   0.9000  -1.7807
  0.9702  -1.9339   0.9019  -1.7797
  0.9751  -1.9435   0.9038  -1.7786
  0.9799  -1.9529   0.9057  -1.7776
  0.9847  -1.9622   0.9076  -1.7765
  0.9894  -1.9715   0.9096  -1.7754
  0.9940  -1.9806   0.9115  -1.7742
  0.9987  -1.9896   0.9134  -1.7731
  1.0032  -1.9985   0.9153  -1.7719
  1.0077  -2.0073   0.9172  -1.7707
  1.0121  -2.0160   0.9192  -1.7695
  1.0165  -2.0246   0.9211  -1.7682
  1.0208  -2.0331   0.9230  -1.7670
  1.0250  -2.0415   0.9249  -1.7657
  1.0291  -2.0497   0.9268  -1.7643
  1.0331  -2.0578   0.9287  -1.7629
  1.0371  -2.0658   0.9306  -1.7615
  1.0410  -2.0737   0.9325  -1.7601
  1.0447  -2.0815   0.9344  -1.7586
  1.0484  -2.0891   0.9363  -1.7571
  1.0519  -2.0966   0.9381  -1.7556
  1.0554  -2.1039   0.9400  -1.7540
  1.0587  -2.1111   0.9418  -1.7524
  1.0620  -2.1182   0.9436  -1.7507
  1.0651  -2.1251   0.9454  -1.7490
  1.0680  -2.1318   0.9472  -1.7473
  1.0709  -2.1383   0.9490  -1.7455
  1.0736  -2.1446   0.9508  -1.7436
  1.0762  -2.1508   0.9525  -1.7418
  1.0786  -2.1567   0.9542  -1.7398
  1.0809  -2.1624   0.9559  -1.7378
  1.0831  -2.1678   0.9576  -1.7358
  1.0851  -2.1730   0.9592  -1.7337
  1.0869  -2.1778   0.9609  -1.7316
  1.0886  -2.1824   0.9625  -1.7294
  1.0901  -2.1866   0.9640  -1.7272
  1.0914  -2.1904   0.9656  -1.7249
  1.0926  -2.1938   0.9671  -1.7225
  1.0936  -2.1968   0.9686  -1.7201
  1.0944  -2.1993   0.9700  -1.7176
  1.0950  -2.2012   0.9715  -1.7151
  1.0954  -2.2026   0.9729  -1.7125
  1.0957  -2.2033   0.9742  -1.7098
  1.0957  -2.2033   0.9742  -1.7098
  1.0957  -2.2033   0.9755  -1.7071
  1.0958  -2.2028   0.9768  -1.7043
  1.0958  -2.2020   0.9781  -1.7015
  1.0958  -2.2008   0.9794  -1.6987
  1.0958  -2.1992   0.9806  -1.6959
  1.0957  -2.1974   0.9819  -1.6930
  1.0957  -2.1954   0.9831  -1.6902
  1.0957  -2.1931   0.9843  -1.6872
  1.0956  -2.1907   0.9854  -1.6843
  1.0955  -2.1880   0.9866  -1.6813
  1.0955  -2.1853   0.9877  -1.6783
  1.0954  -2.1824   0.9888  -1.6753
  1.0954  -2.1794   0.9898  -1.6722
  1.0953  -2.1763   0.9909  -1.6691
  1.0952  -2.1732   0.9919  -1.6660
  1.0952  -2.1699   0.9929  -1.6628
  1.0951  -2.1667   0.9938  -1.6596
  1.0951  -2.1634   0.9947  -1.6564
  1.0950  -2.1600   0.9956  -1.6531
  1.0950  -2.1566   0.9964  -1.6498
  1.0949  -2.1533   0.9972  -1.6464
  1.0949  -2.1499   0.9980  -1.6430
  1.0949  -2.1465   0.9987  -1.6395
  1.0949  -2.1431   0.9994  -1.6360
  1.0949  -2.1397   1.0001  -1.6325
  1.0949  -2.1364   1.0007  -1.6289
  1.0949  -2.1330   1.0012  -1.6253
  1.0949  -2.1297   1.0017  -1.6216
  1.0950  -2.1265   1.0022  -1.6178
  1.0951  -2.1232   1.0026  -1.6140
  1.0951  -2.1200   1.0030  -1.6102
  1.0952  -2.1168   1.0033  -1.6063
  1.0953  -2.1137   1.0036  -1.6023
  1.0954  -2.1106   1.0039  -1.5983
  1.0956  -2.1076   1.0040  -1.5942
  1.0957  -2.1046   1.0041  -1.5901
  1.0959  -2.1017   1.0042  -1.5859
  1.0961  -2.0988   1.0042  -1.5816
  1.0962  -2.0960   1.0041  -1.5773
  1.0965  -2.0932   1.0040  -1.5728
  1.0967  -2.0905   1.0038  -1.5684
  1.0969  -2.0879   1.0036  -1.5638
  1.0972  -2.0853   1.0033  -1.5592
  1.0974  -2.0828   1.0029  -1.5545
  1.0977  -2.0803   1.0024  -1.5497
  1.0980  -2.0779   1.0019  -1.5448
  1.0983  -2.0756   1.0013  -1.5399
  1.0986  -2.0734   1.0006  -1.5349
  1.0989  -2.0712   0.9998  -1.5298
  1.0993  -2.0691   0.9990  -1.5246
  1.0996  -2.0670   0.9981  -1.5193
  1.1000  -2.0651   0.9971  -1.5139
  1.1003  -2.0632   0.9960  -1.5084
  1.1007  -2.0613   0.9948  -1.5028
  1.1011  -2.0596   0.9935  -1.4971
  1.1014  -2.0579   0.9922  -1.4914
  1.1018  -2.0563   0.9907  -1.4855
  1.1022  -2.0548   0.9892  -1.4795
  1.1026  -2.0533   0.9875  -1.4733
  1.1030  -2.0520   0.9858  -1.4671
  1.1034  -2.0507   0.9839  -1.4608
  1.1038  -2.0494   0.9819  -1.4543
  1.1042  -2.0483   0.9798  -1.4477
  1.1045  -2.0472   0.9776  -1.4410
  1.1049  -2.0462   0.9753  -1.4341
  1.1053  -2.0453   0.9729  -1.4271
  1.1056  -2.0444   0.9703  -1.4200
  1.1060  -2.0437   0.9677  -1.4127
  1.1063  -2.0430   0.9649  -1.4053
  1.1066  -2.0423   0.9619  -1.3978
  1.1069  -2.0418   0.9588  -1.3900
  1.1072  -2.0413   0.9556  -1.3822
  1.1074  -2.0409   0.9523  -1.3741
  1.1076  -2.0406   0.9488  -1.3659
  1.1078  -2.0403   0.9451  -1.3575
  1.1080  -2.0401   0.9413  -1.3489
  1.1081  -2.0399   0.9374  -1.3402
  1.1082  -2.0398   0.9332  -1.3312
  1.1082  -2.0398   0.9289  -1.3221
  1.1082  -2.0398   0.9289  -1.3221
  1.1082  -2.0398   0.9245  -1.3127
  1.1079  -2.0394   0.9208  -1.3087
  1.1073  -2.0386   0.9177  -1.3089
  1.1064  -2.0376   0.9151  -1.3123
  1.1052  -2.0364   0.9129  -1.3181
  1.1037  -2.0350   0.9110  -1.3259
  1.1020  -2.0335   0.9094  -1.3351
  1.1000  -2.0318   0.9079  -1.3455
  1.0978  -2.0299   0.9065  -1.3567
  1.0953  -2.0280   0.9052  -1.3685
  1.0926  -2.0260   0.9040  -1.3808
  1.0897  -2.0238   0.9029  -1.3935
  1.0866  -2.0216   0.9018  -1.4065
  1.0832  -2.0193   0.9007  -1.4196
  1.0797  -2.0168   0.8996  -1.4330
  1.0760  -2.0143   0.8986  -1.4464
  1.0721  -2.0117   0.8975  -1.4599
  1.0681  -2.0090   0.8964  -1.4735
  1.0639  -2.0062   0.8954  -1.4871
  1.0596  -2.0033   0.8943  -1.5008
  1.0551  -2.0003   0.8932  -1.5144
  1.0506  -1.9971   0.8920  -1.5281
  1.0459  -1.9939   0.8909  -1.5417
  1.0410  -1.9906   0.8897  -1.5553
  1.0361  -1.9872   0.8885  -1.5689
  1.0311  -1.9837   0.8873  -1.5825
  1.0260  -1.9801   0.8861  -1.5961
  1.0209  -1.9763   0.8848  -1.6096
  1.0157  -1.9725   0.8835  -1.6231
  1.0104  -1.9685   0.8821  -1.6366
  1.0050  -1.9645   0.8808  -1.6500
  0.9996  -1.9603   0.8794  -1.6634
  0.9942  -1.9560   0.8779  -1.6768
  0.9887  -1.9516   0.8765  -1.6902
  0.9832  -1.9471   0.8750  -1.7035
  0.9777  -1.9425   0.8735  -1.7167
  0.9722  -1.9378   0.8719  -1.7300
  0.9667  -1.9329   0.8703  -1.7432
  0.9612  -1.9280   0.8687  -1.7563
  0.9557  -1.9229   0.8670  -1.7694
  0.9502  -1.9177   0.8654  -1.7825
  0.9448  -1.9124   0.8637  -1.7955
  0.9394  -1.9070   0.8619  -1.8085
  0.9340  -1.9015   0.8602  -1.8215
  0.9286  -1.8959   0.8584  -1.8344
  0.9233  -1.8902   0.8566  -1.8473
  0.9181  -1.8843   0.8548  -1.8601
  0.9129  -1.8784   0.8530  -1.8729
  0.9078  -1.8724   0.8512  -1.8856
  0.9027  -1.8662   0.8493  -1.8983
  0.8977  -1.8600   0.8475  -1.9109
  0.8929  -1.8536   0.8456  -1.9235
  0.8881  -1.8472   0.8437  -1.9360
  0.8833  -1.8406   0.8419  -1.9485
  0.8787  -1.8340   0.8400  -1.9610
  0.8742  -1.8272   0.8382  -1.9733
  0.8698  -1.8204   0.8363  -1.9857
  0.8656  -1.8135   0.8345  -1.9979
  0.8614  -1.8065   0.8327  -2.0101
  0.8574  -1.7995   0.8310  -2.0222
  0.8535  -1.7924   0.8292  -2.0343
  0.8497  -1.7852   0.8275  -2.0462
  0.8461  -1.7779   0.8259  -2.0581
  0.8426  -1.7707   0.8243  -2.0699
  0.8393  -1.7633   0.8227  -2.0815
  0.8361  -1.7560   0.8212  -2.0930
  0.8331  -1.7487   0.8198  -2.1043
  0.8302  -1.7414   0.8184  -2.1155
  0.8276  -1.7342   0.8171  -2.1264
  0.8251  -1.7271   0.8159  -2.1370
  0.8228  -1.7201   0.8148  -2.1473
  0.8207  -1.7133   0.8138  -2.1571
  0.8188  -1.7069   0.8129  -2.1665
  0.8171  -1.7007   0.8121  -2.1752
  0.8156  -1.6951   0.8114  -2.1831
  0.8144  -1.6901   0.8109  -2.1900
  0.8135  -1.6860   0.8105  -2.1958
  0.8128  -1.6829   0.8102  -2.2000
  0.8125  -1.6811   0.8100  -2.2024
  0.8125  -1.6811   0.8100  -2.2024
  0.8171  -1.6864   0.8100  -2.2023
  0.8218  -1.6914   0.8102  -2.2028
  0.8265  -1.6962   0.8107  -2.2037
  0.8313  -1.7007   0.8114  -2.2050
  0.8360  -1.7049   0.8123  -2.2066
  0.8408  -1.7088   0.8135  -2.2085
  0.8455  -1.7125   0.8149  -2.2106
  0.8503  -1.7160   0.8164  -2.2130
  0.8551  -1.7192   0.8182  -2.2155
  0.8599  -1.7221   0.8201  -2.2183
  0.8648  -1.7248   0.8222  -2.2211
  0.8696  -1.7272   0.8245  -2.2241
  0.8744  -1.7294   0.8269  -2.2272
  0.8792  -1.7313   0.8295  -2.2303
  0.8840  -1.7330   0.8323  -2.2336
  0.8888  -1.7345   0.8352  -2.2369
  0.8936  -1.7357   0.8382  -2.2402
  0.8984  -1.7367   0.8413  -2.2435
  0.9032  -1.7374   0.8446  -2.2469
  0.9080  -1.7379   0.8479  -2.2503
  0.9127  -1.7381   0.8514  -2.2536
  0.9175  -1.7382   0.8550  -2.2570
  0.9222  -1.7379   0.8586  -2.2603
  0.9268  -1.7375   0.8624  -2.2636
  0.9315  -1.7368   0.8662  -2.2669
  0.9361  -1.7359   0.8701  -2.2702
  0.9407  -1.7348   0.8741  -2.2734
  0.9453  -1.7334   0.8781  -2.2766
  0.9498  -1.7318   0.8822  -2.2798
  0.9543  -1.7300   0.8863  -2.2829
  0.9587  -1.7279   0.8905  -2.2859
  0.9631  -1.7256   0.8947  -2.2889
  0.9674  -1.7231   0.8990  -2.2919
  0.9717  -1.7204   0.9032  -2.2948
  0.9759  -1.7174   0.9075  -2.2976
  0.9801  -1.7142   0.9118  -2.3004
  0.9842  -1.7108   0.9162  -2.3031
  0.9883  -1.7072   0.9205  -2.3057
  0.9923  -1.7033   0.9248  -2.3083
  0.9962  -1.6993   0.9291  -2.3109
  1.0001  -1.6950   0.9334  -2.3133
  1.0039  -1.6904   0.9377  -2.3158
  1.0076  -1.6857   0.9420  -2.3181
  1.0112  -1.6807   0.9462  -2.3204
  1.0148  -1.6755   0.9504  -2.3226
  1.0183  -1.6701   0.9546  -2.3247
  1.0217  -1.6644   0.9587  -2.3268
  1.0250  -1.6586   0.9628  -2.3289
  1.0283  -1.6525   0.9668  -2.3308
  1.0314  -1.6461   0.9708  -2.3327
  1.0345  -1.6396   0.9746  -2.3345
  1.0374  -1.6328   0.9785  -2.3363
  1.0403  -1.6258   0.9822  -2.3380
  1.0431  -1.6186   0.9859  -2.3396
  1.0457  -1.6111   0.9895  -2.3412
  1.0483  -1.6035   0.9930  -2.3427
  1.0508  -1.5955   0.9964  -2.3441
  1.0531  -1.5874   0.9997  -2.3455
  1.0554  -1.5790   1.0029  -2.3468
  1.0576  -1.5704   1.0061  -2.3481
  1.0596  -1.5616   1.0090  -2.3493
  1.0615  -1.5525   1.0119  -2.3504
  1.0633  -1.5432   1.0147  -2.3515
  1.0650  -1.5336   1.0173  -2.3525
  1.0666  -1.5238   1.0198  -2.3534
  1.0681  -1.5137   1.0222  -2.3543
  1.0694  -1.5034   1.0244  -2.3551
  1.0706  -1.4929   1.0265  -2.3559
  1.0717  -1.4821   1.0284  -2.3566
  1.0726  -1.4710   1.0302  -2.3572
  1.0735  -1.4597   1.0318  -2.3578
  1.0742  -1.4481   1.0333  -2.3583
  1.0747  -1.4362   1.0345  -2.3587
  1.0751  -1.4241   1.0357  -2.3591
  1.0754  -1.4117   1.0366  -2.3594
  1.0755  -1.3990   1.0374  -2.3597
  1.0755  -1.3860   1.0379  -2.3599
  1.0753  -1.3727   1.0383  -2.3600
  1.0750  -1.3592   1.0385  -2.3601
  1.0750  -1.3592   1.0385  -2.3601
  1.0745  -1.3453   1.0385  -2.3601
  1.0747  -1.3375   1.0379  -2.3593
  1.0754  -1.3345   1.0367  -2.3578
  1.0766  -1.3352   1.0349  -2.3558
  1.0781  -1.3389   1.0326  -2.3533
  1.0799  -1.3448   1.0298  -2.3503
  1.0819  -1.3525   1.0266  -2.3470
  1.0839  -1.3615   1.0229  -2.3434
  1.0861  -1.3716   1.0188  -2.3395
  1.0883  -1.3824   1.0143  -2.3354
  1.0906  -1.3939   1.0095  -2.3310
  1.0928  -1.4058   1.0043  -2.3263
  1.0951  -1.4181   0.9988  -2.3215
  1.0973  -1.4307   0.9931  -2.3165
  1.0995  -1.4435   0.9870  -2.3112
  1.1016  -1.4564   0.9807  -2.3058
  1.1037  -1.4695   0.9741  -2.3001
  1.1058  -1.4826   0.9674  -2.2943
  1.1078  -1.4958   0.9604  -2.2882
  1.1097  -1.5091   0.9533  -2.2820
  1.1116  -1.5224   0.9460  -2.2756
  1.1134  -1.5357   0.9385  -2.2689
  1.1151  -1.5490   0.9309  -2.2621
  1.1168  -1.5623   0.9232  -2.2551
  1.1184  -1.5756   0.9154  -2.2478
  1.1199  -1.5889   0.9075  -2.2404
  1.1214  -1.6022   0.8996  -2.2327
  1.1227  -1.6155   0.8916  -2.2248
  1.1240  -1.6288   0.8835  -2.2168
  1.1252  -1.6420   0.8754  -2.2085
  1.1264  -1.6553   0.8673  -2.2000
  1.1274  -1.6685   0.8592  -2.1913
  1.1284  -1.6817   0.8511  -2.1824
  1.1293  -1.6948   0.8430  -2.1733
  1.1301  -1.7080   0.8349  -2.1640
  1.1309  -1.7211   0.8268  -2.1545
  1.1315  -1.7341   0.8188  -2.1447
  1.1321  -1.7472   0.8109  -2.1348
  1.1326  -1.7602   0.8030  -2.1246
  1.1331  -1.7732   0.7952  -2.1143
  1.1334  -1.7861   0.7875  -2.1038
  1.1337  -1.7991   0.7798  -2.0930
  1.1339  -1.8119   0.7723  -2.0821
  1.1340  -1.8248   0.7649  -2.0709
  1.1340  -1.8376   0.7575  -2.0596
  1.1340  -1.8503   0.7503  -2.0480
  1.1339  -1.8631   0.7432  -2.0363
  1.1338  -1.8757   0.7362  -2.0244
  1.1335  -1.8884   0.7294  -2.0123
  1.1332  -1.9010   0.7227  -2.0000
  1.1329  -1.9135   0.7161  -1.9875
  1.1325  -1.9260   0.7097  -1.9749
  1.1320  -1.9384   0.7034  -1.9621
  1.1314  -1.9508   0.6973  -1.9491
  1.1309  -1.9631   0.6913  -1.9359
  1.1302  -1.9754   0.6855  -1.9226
  1.1296  -1.9876   0.6799  -1.9091
  1.1288  -1.9998   0.6744  -1.8955
  1.1281  -2.0118   0.6691  -1.8818
  1.1273  -2.0238   0.6639  -1.8679
  1.1265  -2.0357   0.6590  -1.8539
  1.1257  -2.0476   0.6542  -1.8398
  1.1248  -2.0593   0.6495  -1.8256
  1.1239  -2.0709   0.6451  -1.8113
  1.1231  -2.0824   0.6408  -1.7969
  1.1222  -2.0937   0.6368  -1.7826
  1.1213  -2.1049   0.6329  -1.7682
  1.1204  -2.1159   0.6292  -1.7539
  1.1196  -2.1266   0.6257  -1.7397
  1.1188  -2.1370   0.6224  -1.7257
  1.1180  -2.1471   0.6193  -1.7119
  1.1172  -2.1568   0.6164  -1.6985
  1.1165  -2.1660   0.6137  -1.6856
  1.1159  -2.1745   0.6114  -1.6734
  1.1153  -2.1822   0.6093  -1.6621
  1.1149  -2.1890   0.6075  -1.6520
  1.1145  -2.1945   0.6060  -1.6436
  1.1142  -2.1986   0.6050  -1.6372
  1.1141  -2.2008   0.6044  -1.6337
  1.1141  -2.2008   0.6044  -1.6337
  1.1141  -2.2008   0.6044  -1.6337
  1.1141  -2.2008   0.6044  -1.6336
  1.1141  -2.2008   0.6044  -1.6336
  1.1141  -2.2008   0.6044  -1.6336
  1.1141  -2.2008   0.6044  -1.6336
  1.1141  -2.2008   0.6044  -1.6336
  1.1141  -2.2008   0.6044  -1.6336
  1.1141  -2.2008   0.6171  -1.6446
  1.1141  -2.2006   0.6297  -1.6554
  1.1140  -2.2003   0.6422  -1.6659
  1.1139  -2.1998   0.6545  -1.6762
  1.1138  -2.1991   0.6668  -1.6863
  1.1136  -2.1984   0.6789  -1.6961
  1.1134  -2.1975   0.6910  -1.7058
  1.1131  -2.1965   0.7029  -1.7152
  1.1128  -2.1954   0.7148  -1.7244
  1.1125  -2.1942   0.7265  -1.7334
  1.1121  -2.1929   0.7381  -1.7422
  1.1118  -2.1915   0.7496  -1.7508
  1.1113  -2.1901   0.7611  -1.7591
  1.1109  -2.1886   0.7724  -1.7673
  1.1104  -2.1870   0.7836  -1.7753
  1.1099  -2.1853   0.7947  -1.7830
  1.1094  -2.1836   0.8056  -1.7905
  1.1089  -2.1818   0.8165  -1.7979
  1.1084  -2.1800   0.8273  -1.8050
  1.1078  -2.1781   0.8379  -1.8119
  1.1072  -2.1762   0.8485  -1.8186
  1.1066  -2.1742   0.8589  -1.8251
  1.1060  -2.1722   0.8692  -1.8314
  1.1054  -2.1702   0.8794  -1.8375
  1.1047  -2.1681   0.8895  -1.8434
  1.1041  -2.1660   0.8995  -1.8491
  1.1034  -2.1639   0.9093  -1.8546
  1.1028  -2.1617   0.9190  -1.8599
  1.1021  -2.1595   0.9286  -1.8650
  1.1014  -2.1573   0.9380  -1.8699
  1.1007  -2.1551   0.9474  -1.8746
  1.1000  -2.1528   0.9566  -1.8790
  1.0994  -2.1505   0.9656  -1.8833
  1.0987  -2.1482   0.9746  -1.8874
  1.0980  -2.1459   0.9833  -1.8912
  1.0973  -2.1436   0.9920  -1.8949
  1.0966  -2.1412   1.0005  -1.8983
  1.0959  -2.1389   1.0088  -1.9016
  1.0952  -2.1365   1.0170  -1.9046
  1.0945  -2.1341   1.0251  -1.9074
  1.0938  -2.1317   1.0329  -1.9101
  1.0931  -2.1293   1.0407  -1.9125
  1.0925  -2.1269   1.0482  -1.9147
  1.0918  -2.1244   1.0556  -1.9167
  1.0911  -2.1220   1.0628  -1.9184
  1.0905  -2.1195   1.0699  -1.9200
  1.0898  -2.1171   1.0767  -1.9214
  1.0892  -2.1146   1.0834  -1.9225
  1.0886  -2.1121   1.0899  -1.9235
  1.0879  -2.1097   1.0962  -1.9242
  1.0873  -2.1072   1.1023  -1.9247
  1.0867  -2.1047   1.1083  -1.9250
  1.0861  -2.1022   1.1140  -1.9250
  1.0856  -2.0998   1.1195  -1.9249
  1.0850  -2.0973   1.1248  -1.9245
  1.0845  -2.0948   1.1299  -1.9240
  1.0839  -2.0924   1.1348  -1.9232
  1.0834  -2.0899   1.1395  -1.9221
  1.0829  -2.0875   1.1439  -1.9209
  1.0824  -2.0851   1.1481  -1.9194
  1.0819  -2.0827   1.1521  -1.9177
  1.0815  -2.0804   1.1559  -1.9158
  1.0811  -2.0780   1.1594  -1.9137
  1.0806  -2.0758   1.1627  -1.9113
  1.0803  -2.0735   1.1657  -1.9087
  1.0799  -2.0713   1.1685  -1.9059
  1.0795  -2.0692   1.1711  -1.9029
  1.0792  -2.0671   1.1733  -1.8996
  1.0789  -2.0651   1.1754  -1.8961
  1.0786  -2.0632   1.1771  -1.8923
  1.0783  -2.0614   1.1786  -1.8884
  1.0781  -2.0597   1.1799  -1.8841
  1.0779  -2.0581   1.1808  -1.8797
  1.0777  -2.0567   1.1815  -1.8750
  1.0775  -2.0555   1.1819  -1.8700
  1.0774  -2.0544   1.1820  -1.8649
  1.0773  -2.0536   1.1819  -1.8594
  1.0772  -2.0530   1.1814  -1.8538
  1.0772  -2.0527   1.1807  -1.8478
  1.0772  -2.0527   1.1807  -1.8478
  1.0772  -2.0527   1.1797  -1.8417
  1.0770  -2.0519   1.1784  -1.8382
  1.0766  -2.0504   1.1770  -1.8368
  1.0760  -2.0485   1.1754  -1.8372
  1.0753  -2.0463   1.1736  -1.8388
  1.0744  -2.0437   1.1715  -1.8415
  1.0733  -2.0409   1.1691  -1.8449
  1.0721  -2.0379   1.1665  -1.8489
  1.0708  -2.0347   1.1636  -1.8534
  1.0693  -2.0315   1.1605  -1.8582
  1.0676  -2.0281   1.1571  -1.8632
  1.0659  -2.0246   1.1535  -1.8684
  1.0640  -2.0211   1.1497  -1.8737
  1.0620  -2.0175   1.1456  -1.8792
  1.0600  -2.0139   1.1412  -1.8847
  1.0578  -2.0102   1.1367  -1.8902
  1.0555  -2.0065   1.1320  -1.8958
  1.0532  -2.0028   1.1270  -1.9014
  1.0507  -1.9990   1.1219  -1.9070
  1.0482  -1.9952   1.1166  -1.9127
  1.0456  -1.9914   1.1111  -1.9183
  1.0430  -1.9876   1.1054  -1.9239
  1.0403  -1.9837   1.0996  -1.9295
  1.0375  -1.9798   1.0936  -1.9351
  1.0347  -1.9759   1.0875  -1.9408
  1.0318  -1.9720   1.0813  -1.9463
  1.0289  -1.9681   1.0750  -1.9519
  1.0260  -1.9641   1.0685  -1.9575
  1.0230  -1.9602   1.0620  -1.9631
  1.0200  -1.9562   1.0553  -1.9686
  1.0170  -1.9523   1.0486  -1.9741
  1.0139  -1.9483   1.0418  -1.9796
  1.0109  -1.9443   1.0350  -1.9851
  1.0078  -1.9403   1.0280  -1.9906
  1.0047  -1.9363   1.0211  -1.9960
  1.0016  -1.9323   1.0141  -2.0014
  0.9984  -1.9282   1.0070  -2.0068
  0.9953  -1.9242   0.9999  -2.0122
  0.9922  -1.9202   0.9929  -2.0176
  0.9891  -1.9161   0.9858  -2.0229
  0.9860  -1.9121   0.9787  -2.0282
  0.9829  -1.9080   0.9716  -2.0335
  0.9798  -1.9040   0.9646  -2.0388
  0.9768  -1.8999   0.9575  -2.0441
  0.9737  -1.8958   0.9505  -2.0493
  0.9707  -1.8918   0.9436  -2.0545
  0.9677  -1.8877   0.9367  -2.0597
  0.9648  -1.8836   0.9298  -2.0649
  0.9618  -1.8795   0.9230  -2.0700
  0.9589  -1.8754   0.9163  -2.0752
  0.9561  -1.8713   0.9097  -2.0803
  0.9533  -1.8672   0.9032  -2.0854
  0.9505  -1.8631   0.8967  -2.0905
  0.9478  -1.8590   0.8904  -2.0956
  0.9452  -1.8549   0.8842  -2.1006
  0.9426  -1.8508   0.8781  -2.1057
  0.9400  -1.8467   0.8722  -2.1107
  0.9375  -1.8426   0.8664  -2.1157
  0.9351  -1.8385   0.8607  -2.1207
  0.9328  -1.8344   0.8552  -2.1257
  0.9305  -1.8303   0.8499  -2.1307
  0.9283  -1.8262   0.8448  -2.1357
  0.9262  -1.8221   0.8398  -2.1406
  0.9242  -1.8180   0.8351  -2.1455
  0.9223  -1.8139   0.8306  -2.1504
  0.9205  -1.8099   0.8263  -2.1553
  0.9187  -1.8059   0.8222  -2.1601
  0.9171  -1.8019   0.8184  -2.1649
  0.9156  -1.7980   0.8148  -2.1696
  0.9141  -1.7941   0.8115  -2.1743
  0.9128  -1.7904   0.8085  -2.1788
  0.9116  -1.7867   0.8057  -2.1832
  0.9106  -1.7832   0.8033  -2.1874
  0.9096  -1.7799   0.8012  -2.1913
  0.9088  -1.7769   0.7994  -2.1950
  0.9082  -1.7741   0.7979  -2.1982
  0.9076  -1.7719   0.7968  -2.2009
  0.9073  -1.7702   0.7961  -2.2029
  0.9071  -1.7692   0.7957  -2.2040
  0.9071  -1.7692   0.7957  -2.2040
  0.9128  -1.7757   0.7956  -2.2040
  0.9185  -1.7817   0.7959  -2.2043
  0.9242  -1.7875   0.7963  -2.2050
  0.9300  -1.7930   0.7970  -2.2059
  0.9357  -1.7981   0.7979  -2.2070
  0.9414  -1.8030   0.7991  -2.2084
  0.9472  -1.8075   0.8005  -2.2099
  0.9529  -1.8118   0.8021  -2.2116
  0.9586  -1.8157   0.8038  -2.2134
  0.9644  -1.8194   0.8058  -2.2154
  0.9701  -1.8227   0.8080  -2.2174
  0.9758  -1.8258   0.8103  -2.2196
  0.9815  -1.8286   0.8128  -2.2219
  0.9872  -1.8311   0.8155  -2.2242
  0.9928  -1.8333   0.8183  -2.2266
  0.9985  -1.8353   0.8213  -2.2290
  1.0041  -1.8370   0.8244  -2.2315
  1.0097  -1.8384   0.8276  -2.2340
  1.0152  -1.8396   0.8309  -2.2366
  1.0207  -1.8404   0.8344  -2.2392
  1.0262  -1.8411   0.8380  -2.2418
  1.0317  -1.8414   0.8417  -2.2444
  1.0371  -1.8415   0.8455  -2.2470
  1.0424  -1.8414   0.8494  -2.2497
  1.0477  -1.8410   0.8533  -2.2523
  1.0530  -1.8403   0.8573  -2.2549
  1.0582  -1.8394   0.8615  -2.2576
  1.0633  -1.8382   0.8656  -2.2602
  1.0684  -1.8368   0.8699  -2.2628
  1.0734  -1.8352   0.8742  -2.2654
  1.0784  -1.8333   0.8785  -2.2680
  1.0832  -1.8311   0.8829  -2.2706
  1.0881  -1.8288   0.8873  -2.2732
  1.0928  -1.8261   0.8918  -2.2757
  1.0975  -1.8233   0.8962  -2.2783
  1.1020  -1.8202   0.9007  -2.2808
  1.1065  -1.8169   0.9052  -2.2833
  1.1110  -1.8133   0.9097  -2.2858
  1.1153  -1.8095   0.9143  -2.2883
  1.1195  -1.8055   0.9188  -2.2907
  1.1237  -1.8013   0.9233  -2.2931
  1.1277  -1.7968   0.9278  -2.2955
  1.1317  -1.7921   0.9322  -2.2979
  1.1356  -1.7872   0.9367  -2.3003
  1.1393  -1.7821   0.9411  -2.3026
  1.1430  -1.7767   0.9455  -2.3050
  1.1466  -1.7712   0.9498  -2.3073
  1.1500  -1.7654   0.9541  -2.3096
  1.1534  -1.7594   0.9583  -2.3118
  1.1566  -1.7531   0.9625  -2.3140
  1.1597  -1.7467   0.9666  -2.3162
  1.1628  -1.7400   0.9707  -2.3184
  1.1657  -1.7332   0.9746  -2.3206
  1.1685  -1.7261   0.9785  -2.3227
  1.1712  -1.7188   0.9823  -2.3248
  1.1737  -1.7112   0.9861  -2.3269
  1.1762  -1.7035   0.9897  -2.3289
  1.1785  -1.6956   0.9932  -2.3309
  1.1808  -1.6874   0.9966  -2.3329
  1.1828  -1.6791   0.9999  -2.3349
  1.1848  -1.6705   1.0031  -2.3368
  1.1867  -1.6617   1.0062  -2.3386
  1.1884  -1.6527   1.0092  -2.3404
  1.1900  -1.6434   1.0120  -2.3422
  1.1915  -1.6340   1.0146  -2.3439
  1.1928  -1.6244   1.0172  -2.3456
  1.1940  -1.6145   1.0196  -2.3472
  1.1951  -1.6044   1.0218  -2.3487
  1.1961  -1.5941   1.0239  -2.3502
  1.1969  -1.5836   1.0258  -2.3516
  1.1976  -1.5729   1.0275  -2.3529
  1.1981  -1.5619   1.0291  -2.3541
  1.1986  -1.5507   1.0305  -2.3552
  1.1988  -1.5393   1.0317  -2.3562
  1.1990  -1.5277   1.0327  -2.3571
  1.1990  -1.5158   1.0335  -2.3578
  1.1988  -1.5037   1.0341  -2.3583
  1.1986  -1.4914   1.0346  -2.3587
  1.1981  -1.4788   1.0348  -2.3589
  1.1981  -1.4788   1.0348  -2.3589
  1.1976  -1.4660   1.0348  -2.3589
  1.1974  -1.4585   1.0342  -2.3577
  1.1976  -1.4552   1.0330  -2.3554
  1.1980  -1.4551   1.0313  -2.3524
  1.1986  -1.4576   1.0291  -2.3488
  1.1993  -1.4622   1.0264  -2.3447
  1.2001  -1.4683   1.0233  -2.3402
  1.2009  -1.4756   1.0197  -2.3354
  1.2016  -1.4839   1.0158  -2.3303
  1.2024  -1.4930   1.0114  -2.3250
  1.2031  -1.5026   1.0067  -2.3194
  1.2037  -1.5126   1.0017  -2.3137
  1.2043  -1.5231   0.9963  -2.3079
  1.2047  -1.5337   0.9907  -2.3019
  1.2051  -1.5446   0.9847  -2.2957
  1.2054  -1.5557   0.9785  -2.2894
  1.2057  -1.5669   0.9721  -2.2830
  1.2058  -1.5782   0.9654  -2.2765
  1.2058  -1.5895   0.9585  -2.2699
  1.2057  -1.6009   0.9514  -2.2631
  1.2055  -1.6124   0.9441  -2.2562
  1.2053  -1.6238   0.9367  -2.2492
  1.2049  -1.6353   0.9291  -2.2421
  1.2044  -1.6468   0.9214  -2.2349
  1.2039  -1.6583   0.9135  -2.2276
  1.2032  -1.6698   0.9056  -2.2201
  1.2025  -1.6813   0.8975  -2.2126
  1.2017  -1.6927   0.8894  -2.2049
  1.2008  -1.7042   0.8812  -2.1971
  1.1998  -1.7156   0.8729  -2.1892
  1.1987  -1.7271   0.8646  -2.1811
  1.1975  -1.7385   0.8562  -2.1730
  1.1963  -1.7499   0.8478  -2.1647
  1.1950  -1.7612   0.8394  -2.1563
  1.1936  -1.7726   0.8310  -2.1478
  1.1922  -1.7839   0.8226  -2.1392
  1.1906  -1.7952   0.8143  -2.1304
  1.1890  -1.8064   0.8059  -2.1215
  1.1874  -1.8177   0.7976  -2.1125
  1.1857  -1.8289   0.7893  -2.1034
  1.1839  -1.8400   0.7811  -2.0942
  1.1821  -1.8512   0.7729  -2.0848
  1.1802  -1.8623   0.7648  -2.0754
  1.1783  -1.8734   0.7568  -2.0658
  1.1764  -1.8844   0.7489  -2.0560
  1.1744  -1.8954   0.7410  -2.0462
  1.1723  -1.9064   0.7333  -2.0362
  1.1703  -1.9173   0.7257  -2.0262
  1.1682  -1.9282   0.7182  -2.0160
  1.1661  -1.9391   0.7108  -2.0057
  1.1639  -1.9499   0.7035  -1.9952
  1.1618  -1.9607   0.6964  -1.9847
  1.1596  -1.9715   0.6894  -1.9740
  1.1574  -1.9822   0.6826  -1.9633
  1.1553  -1.9928   0.6759  -1.9524
  1.1531  -2.0034   0.6694  -1.9415
  1.1509  -2.0140   0.6631  -1.9304
  1.1488  -2.0245   0.6569  -1.9192
  1.1467  -2.0350   0.6509  -1.9080
  1.1446  -2.0454   0.6451  -1.8966
  1.1425  -2.0557   0.6395  -1.8852
  1.1405  -2.0660   0.6340  -1.8737
  1.1385  -2.0762   0.6288  -1.8622
  1.1365  -2.0863   0.6238  -1.8506
  1.1346  -2.0963   0.6190  -1.8390
  1.1328  -2.1062   0.6144  -1.8273
  1.1310  -2.1160   0.6100  -1.8157
  1.1294  -2.1255   0.6059  -1.8042
  1.1278  -2.1349   0.6020  -1.7927
  1.1263  -2.1441   0.5983  -1.7814
  1.1249  -2.1529   0.5950  -1.7703
  1.1236  -2.1614   0.5918  -1.7595
  1.1224  -2.1695   0.5890  -1.7491
  1.1214  -2.1770   0.5865  -1.7393
  1.1205  -2.1838   0.5843  -1.7302
  1.1197  -2.1898   0.5824  -1.7220
  1.1191  -2.1948   0.5809  -1.7152
  1.1187  -2.1984   0.5799  -1.7100
  1.1185  -2.2005   0.5793  -1.7070
  1.1185  -2.2005   0.5793  -1.7070
  1.1185  -2.2005   0.5793  -1.7070
  1.1185  -2.2005   0.5793  -1.7070
  1.1185  -2.2005   0.5793  -1.7070
  1.1185  -2.2005   0.5793  -1.7070
  1.1185  -2.2005   0.5793  -1.7070
  1.1185  -2.2005   0.5793  -1.7070
  1.1185  -2.2005   0.5793  -1.7070
  1.1186  -2.2005   0.5908  -1.7166
  1.1186  -2.2001   0.6022  -1.7260
  1.1187  -2.1995   0.6136  -1.7352
  1.1188  -2.1986   0.6248  -1.7443
  1.1189  -2.1975   0.6360  -1.7531
  1.1190  -2.1961   0.6471  -1.7617
  1.1192  -2.1945   0.6581  -1.7702
  1.1194  -2.1928   0.6690  -1.7785
  1.1195  -2.1909   0.6798  -1.7865
  1.1197  -2.1889   0.6906  -1.7944
  1.1199  -2.1867   0.7012  -1.8022
  1.1201  -2.1844   0.7118  -1.8097
  1.1204  -2.1821   0.7223  -1.8170
  1.1206  -2.1796   0.7327  -1.8242
  1.1209  -2.1771   0.7431  -1.8312
  1.1211  -2.1745   0.7533  -1.8380
  1.1214  -2.1719   0.7634  -1.8446
  1.1217  -2.1692   0.7735  -1.8510
  1.1220  -2.1665   0.7835  -1.8572
  1.1223  -2.1638   0.7934  -1.8633
  1.1226  -2.1610   0.8032  -1.8692
  1.1230  -2.1582   0.8129  -1.8749
  1.1233  -2.1555   0.8225  -1.8804
  1.1237  -2.1527   0.8320  -1.8857
  1.1240  -2.1499   0.8414  -1.8909
  1.1244  -2.1471   0.8507  -1.8958
  1.1247  -2.1443   0.8599  -1.9006
  1.1251  -2.1415   0.8690  -1.9052
  1.1255  -2.1387   0.8780  -1.9096
  1.1258  -2.1359   0.8869  -1.9138
  1.1262  -2.1332   0.8957  -1.9178
  1.1266  -2.1304   0.9043  -1.9217
  1.1270  -2.1277   0.9129  -1.9254
  1.1274  -2.1250   0.9213  -1.9288
  1.1278  -2.1223   0.9296  -1.9321
  1.1282  -2.1196   0.9378  -1.9352
  1.1286  -2.1170   0.9459  -1.9381
  1.1290  -2.1144   0.9538  -1.9409
  1.1294  -2.1118   0.9616  -1.9434
  1.1298  -2.1092   0.9693  -1.9457
  1.1302  -2.1067   0.9768  -1.9479
  1.1306  -2.1042   0.9842  -1.9498
  1.1309  -2.1017   0.9914  -1.9516
  1.1313  -2.0993   0.9985  -1.9532
  1.1317  -2.0968   1.0055  -1.9546
  1.1321  -2.0945   1.0123  -1.9557
  1.1325  -2.0921   1.0190  -1.9567
  1.1328  -2.0898   1.0254  -1.9575
  1.1332  -2.0875   1.0318  -1.9581
  1.1336  -2.0853   1.0379  -1.9585
  1.1339  -2.0831   1.0439  -1.9587
  1.1343  -2.0809   1.0497  -1.9587
  1.1346  -2.0788   1.0554  -1.9585
  1.1350  -2.0767   1.0608  -1.9581
  1.1353  -2.0747   1.0661  -1.9576
  1.1356  -2.0726   1.0712  -1.9568
  1.1359  -2.0707   1.0761  -1.9558
  1.1362  -2.0688   1.0808  -1.9546
  1.1365  -2.0669   1.0854  -1.9531
  1.1368  -2.0651   1.0897  -1.9515
  1.1370  -2.0633   1.0938  -1.9497
  1.1373  -2.0615   1.0977  -1.9477
  1.1375  -2.0599   1.1014  -1.9455
  1.1378  -2.0582   1.1049  -1.9430
  1.1380  -2.0567   1.1082  -1.9404
  1.1382  -2.0551   1.1112  -1.9375
  1.1384  -2.0537   1.1140  -1.9345
  1.1386  -2.0523   1.1166  -1.9312
  1.1388  -2.0510   1.1190  -1.9277
  1.1389  -2.0498   1.1212  -1.9240
  1.1390  -2.0486   1.1231  -1.9201
  1.1392  -2.0476   1.1247  -1.9159
  1.1393  -2.0466   1.1262  -1.9116
  1.1394  -2.0457   1.1273  -1.9070
  1.1394  -2.0450   1.1283  -1.9022
  1.1395  -2.0443   1.1290  -1.8972
  1.1396  -2.0438   1.1294  -1.8920
  1.1396  -2.0435   1.1296  -1.8865
  1.1396  -2.0433   1.1295  -1.8808
  1.1396  -2.0433   1.1295  -1.8808
  1.1396  -2.0433   1.1292  -1.8749
  1.1394  -2.0425   1.1286  -1.8713
  1.1390  -2.0410   1.1279  -1.8695
  1.1383  -2.0391   1.1270  -1.8692
  1.1375  -2.0368   1.1258  -1.8700
  1.1365  -2.0342   1.1244  -1.8717
  1.1354  -2.0314   1.1228  -1.8741
  1.1340  -2.0284   1.1210  -1.8771
  1.1325  -2.0252   1.1189  -1.8805
  1.1308  -2.0220   1.1166  -1.8843
  1.1290  -2.0187   1.1140  -1.8883
  1.1271  -2.0154   1.1112  -1.8926
  1.1250  -2.0120   1.1082  -1.8970
  1.1227  -2.0085   1.1050  -1.9016
  1.1204  -2.0050   1.1015  -1.9062
  1.1179  -2.0015   1.0979  -1.9110
  1.1153  -1.9980   1.0941  -1.9158
  1.1126  -1.9944   1.0900  -1.9207
  1.1098  -1.9909   1.0858  -1.9256
  1.1069  -1.9873   1.0815  -1.9305
  1.1038  -1.9837   1.0769  -1.9355
  1.1008  -1.9801   1.0722  -1.9405
  1.0976  -1.9765   1.0674  -1.9455
  1.0943  -1.9729   1.0624  -1.9506
  1.0910  -1.9693   1.0572  -1.9556
  1.0876  -1.9657   1.0519  -1.9607
  1.0841  -1.9621   1.0466  -1.9657
  1.0806  -1.9584   1.0411  -1.9708
  1.0770  -1.9548   1.0354  -1.9759
  1.0734  -1.9512   1.0297  -1.9810
  1.0697  -1.9476   1.0239  -1.9860
  1.0660  -1.9439   1.0180  -1.9911
  1.0623  -1.9403   1.0121  -1.9962
  1.0585  -1.9366   1.0060  -2.0012
  1.0547  -1.9330   0.9999  -2.0063
  1.0509  -1.9294   0.9938  -2.0114
  1.0470  -1.9257   0.9876  -2.0164
  1.0432  -1.9221   0.9814  -2.0214
  1.0393  -1.9185   0.9751  -2.0265
  1.0355  -1.9148   0.9688  -2.0315
  1.0316  -1.9112   0.9625  -2.0365
  1.0277  -1.9075   0.9562  -2.0415
  1.0239  -1.9039   0.9499  -2.0465
  1.0200  -1.9003   0.9436  -2.0515
  1.0162  -1.8966   0.9373  -2.0564
  1.0124  -1.8930   0.9310  -2.0614
  1.0086  -1.8894   0.9248  -2.0664
  1.0049  -1.8857   0.9186  -2.0713
  1.0012  -1.8821   0.9124  -2.0762
  0.9975  -1.8785   0.9063  -2.0811
  0.9938  -1.8748   0.9003  -2.0860
  0.9903  -1.8712   0.8943  -2.0909
  0.9867  -1.8676   0.8885  -2.0958
  0.9832  -1.8640   0.8827  -2.1007
  0.9798  -1.8604   0.8770  -2.1056
  0.9765  -1.8567   0.8714  -2.1104
  0.9732  -1.8531   0.8659  -2.1153
  0.9700  -1.8495   0.8606  -2.1201
  0.9668  -1.8460   0.8554  -2.1250
  0.9638  -1.8424   0.8503  -2.1298
  0.9608  -1.8388   0.8454  -2.1346
  0.9579  -1.8352   0.8406  -2.1394
  0.9551  -1.8317   0.8361  -2.1441
  0.9525  -1.8282   0.8317  -2.1489
  0.9499  -1.8246   0.8274  -2.1536
  0.9475  -1.8212   0.8234  -2.1583
  0.9451  -1.8177   0.8197  -2.1630
  0.9429  -1.8143   0.8161  -2.1676
  0.9409  -1.8109   0.8128  -2.1721
  0.9389  -1.8076   0.8097  -2.1765
  0.9371  -1.8044   0.8068  -2.1808
  0.9355  -1.8013   0.8043  -2.1850
  0.9340  -1.7983   0.8020  -2.1890
  0.9327  -1.7955   0.8000  -2.1927
  0.9316  -1.7930   0.7984  -2.1961
  0.9307  -1.7907   0.7970  -2.1991
  0.9300  -1.7888   0.7959  -2.2016
  0.9295  -1.7874   0.7952  -2.2035
  0.9292  -1.7866   0.7949  -2.2045
  0.9292  -1.7866   0.7949  -2.2045
  0.9292  -1.7866   0.7949  -2.2045
  0.9292  -1.7866   0.7949  -2.2045
  0.9292  -1.7866   0.7949  -2.2045
  0.9348  -1.7923   0.7948  -2.2045
  0.9404  -1.7977   0.7950  -2.2050
  0.9461  -1.8028   0.7955  -2.2059
  0.9517  -1.8076   0.7962  -2.2072
  0.9573  -1.8121   0.7971  -2.2089
  0.9629  -1.8163   0.7983  -2.2109
  0.9685  -1.8201   0.7996  -2.2132
  0.9741  -1.8238   0.8012  -2.2157
  0.9797  -1.8271   0.8030  -2.2184
  0.9853  -1.8301   0.8050  -2.2212
  0.9909  -1.8328   0.8071  -2.2242
  0.9964  -1.8353   0.8095  -2.2273
  1.0020  -1.8375   0.8120  -2.2305
  1.0075  -1.8394   0.8146  -2.2338
  1.0129  -1.8410   0.8174  -2.2372
  1.0184  -1.8424   0.8204  -2.2406
  1.0238  -1.8435   0.8235  -2.2440
  1.0292  -1.8444   0.8267  -2.2475
  1.0346  -1.8450   0.8300  -2.2510
  1.0399  -1.8453   0.8335  -2.2544
  1.0451  -1.8453   0.8370  -2.2579
  1.0504  -1.8451   0.8407  -2.2613
  1.0555  -1.8447   0.8445  -2.2648
  1.0606  -1.8440   0.8483  -2.2682
  1.0657  -1.8431   0.8523  -2.2715
  1.0707  -1.8419   0.8563  -2.2749
  1.0757  -1.8404   0.8604  -2.2782
  1.0806  -1.8387   0.8645  -2.2814
  1.0854  -1.8368   0.8687  -2.2846
  1.0901  -1.8346   0.8730  -2.2877
  1.0948  -1.8322   0.8773  -2.2908
  1.0994  -1.8296   0.8816  -2.2938
  1.1040  -1.8267   0.8860  -2.2968
  1.1084  -1.8236   0.8904  -2.2997
  1.1128  -1.8203   0.8949  -2.3025
  1.1171  -1.8167   0.8993  -2.3053
  1.1213  -1.8129   0.9038  -2.3080
  1.1254  -1.8088   0.9083  -2.3106
  1.1295  -1.8046   0.9128  -2.3132
  1.1334  -1.8001   0.9172  -2.3157
  1.1373  -1.7954   0.9217  -2.3182
  1.1410  -1.7905   0.9261  -2.3205
  1.1447  -1.7853   0.9306  -2.3228
  1.1482  -1.7799   0.9350  -2.3250
  1.1517  -1.7743   0.9393  -2.3272
  1.1551  -1.7685   0.9437  -2.3293
  1.1583  -1.7625   0.9479  -2.3313
  1.1615  -1.7563   0.9522  -2.3333
  1.1645  -1.7498   0.9564  -2.3351
  1.1675  -1.7431   0.9605  -2.3369
  1.1703  -1.7362   0.9646  -2.3387
  1.1730  -1.7291   0.9686  -2.3404
  1.1756  -1.7218   0.9725  -2.3420
  1.1781  -1.7143   0.9763  -2.3435
  1.1805  -1.7065   0.9801  -2.3450
  1.1828  -1.6986   0.9838  -2.3464
  1.1849  -1.6904   0.9874  -2.3477
  1.1869  -1.6820   0.9908  -2.3489
  1.1888  -1.6734   0.9942  -2.3501
  1.1906  -1.6646   0.9975  -2.3513
  1.1923  -1.6556   1.0006  -2.3523
  1.1939  -1.6463   1.0037  -2.3533
  1.1953  -1.6369   1.0066  -2.3543
  1.1966  -1.6272   1.0093  -2.3551
  1.1978  -1.6173   1.0120  -2.3559
  1.1988  -1.6072   1.0145  -2.3567
  1.1998  -1.5969   1.0168  -2.3574
  1.2006  -1.5863   1.0190  -2.3580
  1.2012  -1.5756   1.0211  -2.3585
  1.2018  -1.5646   1.0229  -2.3590
  1.2022  -1.5534   1.0247  -2.3595
  1.2024  -1.5420   1.0262  -2.3599
  1.2026  -1.5303   1.0276  -2.3602
  1.2026  -1.5184   1.0288  -2.3605
  1.2024  -1.5063   1.0298  -2.3607
  1.2022  -1.4939   1.0306  -2.3609
  1.2018  -1.4813   1.0312  -2.3610
  1.2012  -1.4685   1.0316  -2.3611
  1.2005  -1.4554   1.0318  -2.3611
  1.2005  -1.4554   1.0318  -2.3611
  1.1997  -1.4420   1.0318  -2.3611
  1.1999  -1.4287   1.0314  -2.3601
  1.2012  -1.4169   1.0306  -2.3583
  1.2036  -1.4072   1.0293  -2.3559
  1.2070  -1.3998   1.0277  -2.3528
  1.2112  -1.3947   1.0257  -2.3494
  1.2161  -1.3918   1.0233  -2.3455
  1.2217  -1.3911   1.0205  -2.3413
  1.2279  -1.3926   1.0175  -2.3369
  1.2344  -1.3962   1.0141  -2.3322
  1.2413  -1.4017   1.0104  -2.3273
  1.2485  -1.4090   1.0064  -2.3222
  1.2557  -1.4179   1.0021  -2.3169
  1.2630  -1.4281   0.9976  -2.3115
  1.2703  -1.4394   0.9928  -2.3060
  1.2774  -1.4514   0.9879  -2.3003
  1.2844  -1.4642   0.9827  -2.2944
  1.2911  -1.4775   0.9773  -2.2885
  1.2975  -1.4913   0.9717  -2.2824
  1.3035  -1.5058   0.9660  -2.2762
  1.3092  -1.5210   0.9601  -2.2699
  1.3145  -1.5371   0.9540  -2.2634
  1.3193  -1.5541   0.9478  -2.2569
  1.3237  -1.5718   0.9415  -2.2502
  1.3276  -1.5902   0.9351  -2.2434
  1.3310  -1.6088   0.9285  -2.2364
  1.3338  -1.6276   0.9219  -2.2294
  1.3360  -1.6463   0.9152  -2.2222
  1.3377  -1.6648   0.9085  -2.2149
  1.3388  -1.6830   0.9017  -2.2075
  1.3393  -1.7008   0.8948  -2.1999
  1.3393  -1.7183   0.8879  -2.1923
  1.3388  -1.7354   0.8810  -2.1845
  1.3378  -1.7522   0.8741  -2.1765
  1.3362  -1.7686   0.8672  -2.1685
  1.3343  -1.7847   0.8603  -2.1603
  1.3318  -1.8004   0.8533  -2.1520
  1.3290  -1.8159   0.8464  -2.1436
  1.3257  -1.8311   0.8396  -2.1350
  1.3221  -1.8460   0.8327  -2.1263
  1.3181  -1.8606   0.8259  -2.1175
  1.3138  -1.8750   0.8192  -2.1086
  1.3091  -1.8891   0.8125  -2.0995
  1.3041  -1.9031   0.8058  -2.0903
  1.2989  -1.9168   0.7993  -2.0810
  1.2934  -1.9303   0.7928  -2.0716
  1.2877  -1.9435   0.7863  -2.0620
  1.2817  -1.9566   0.7800  -2.0523
  1.2756  -1.9695   0.7737  -2.0425
  1.2693  -1.9821   0.7676  -2.0326
  1.2628  -1.9945   0.7615  -2.0225
  1.2562  -2.0068   0.7556  -2.0123
  1.2495  -2.0188   0.7497  -2.0020
  1.2427  -2.0307   0.7440  -1.9916
  1.2358  -2.0423   0.7384  -1.9811
  1.2289  -2.0537   0.7329  -1.9704
  1.2219  -2.0650   0.7275  -1.9597
  1.2150  -2.0760   0.7223  -1.9488
  1.2081  -2.0868   0.7172  -1.9379
  1.2012  -2.0975   0.7122  -1.9268
  1.1944  -2.1079   0.7074  -1.9157
  1.1877  -2.1181   0.7028  -1.9044
  1.1811  -2.1281   0.6983  -1.8931
  1.1746  -2.1379   0.6940  -1.8818
  1.1684  -2.1474   0.6898  -1.8703
  1.1623  -2.1567   0.6858  -1.8589
  1.1564  -2.1658   0.6820  -1.8475
  1.1508  -2.1745   0.6784  -1.8361
  1.1455  -2.1830   0.6750  -1.8248
  1.1405  -2.1912   0.6718  -1.8136
  1.1359  -2.1990   0.6687  -1.8026
  1.1316  -2.2065   0.6660  -1.7919
  1.1277  -2.2135   0.6634  -1.7816
  1.1242  -2.2200   0.6611  -1.7718
  1.1213  -2.2259   0.6591  -1.7628
  1.1188  -2.2311   0.6574  -1.7548
  1.1169  -2.2354   0.6561  -1.7481
  1.1156  -2.2387   0.6551  -1.7430
  1.1149  -2.2406   0.6546  -1.7402
  1.1149  -2.2406   0.6546  -1.7402
  1.1149  -2.2406   0.6546  -1.7402
  1.1149  -2.2406   0.6546  -1.7402
  1.1149  -2.2406   0.6546  -1.7402
  1.1149  -2.2406   0.6546  -1.7401
  1.1149  -2.2406   0.6546  -1.7401
  1.1149  -2.2406   0.6546  -1.7401
  1.1149  -2.2406   0.6546  -1.7401
  1.1149  -2.2406   0.6546  -1.7401
  1.1150  -2.2406   0.6664  -1.7493
  1.1149  -2.2411   0.6782  -1.7583
  1.1147  -2.2421   0.6899  -1.7671
  1.1144  -2.2434   0.7015  -1.7758
  1.1139  -2.2450   0.7130  -1.7842
  1.1134  -2.2469   0.7245  -1.7925
  1.1127  -2.2490   0.7359  -1.8006
  1.1119  -2.2513   0.7472  -1.8085
  1.1111  -2.2536   0.7584  -1.8162
  1.1101  -2.2560   0.7696  -1.8237
  1.1090  -2.2584   0.7807  -1.8311
  1.1078  -2.2608   0.7917  -1.8382
  1.1066  -2.2632   0.8026  -1.8452
  1.1053  -2.2656   0.8135  -1.8520
  1.1039  -2.2678   0.8243  -1.8587
  1.1024  -2.2700   0.8350  -1.8651
  1.1008  -2.2720   0.8456  -1.8714
  1.0992  -2.2740   0.8561  -1.8775
  1.0975  -2.2757   0.8666  -1.8834
  1.0958  -2.2773   0.8770  -1.8891
  1.0940  -2.2788   0.8873  -1.8946
  1.0921  -2.2801   0.8975  -1.9000
  1.0902  -2.2812   0.9076  -1.9051
  1.0883  -2.2821   0.9176  -1.9101
  1.0863  -2.2828   0.9275  -1.9149
  1.0843  -2.2833   0.9373  -1.9195
  1.0823  -2.2836   0.9470  -1.9240
  1.0802  -2.2837   0.9566  -1.9282
  1.0781  -2.2836   0.9661  -1.9323
  1.0760  -2.2832   0.9755  -1.9361
  1.0739  -2.2827   0.9848  -1.9398
  1.0717  -2.2819   0.9940  -1.9433
  1.0696  -2.2809   1.0031  -1.9466
  1.0674  -2.2798   1.0120  -1.9497
  1.0652  -2.2783   1.0208  -1.9526
  1.0630  -2.2767   1.0295  -1.9554
  1.0609  -2.2749   1.0380  -1.9579
  1.0587  -2.2728   1.0465  -1.9602
  1.0566  -2.2706   1.0547  -1.9624
  1.0544  -2.2681   1.0629  -1.9643
  1.0523  -2.2654   1.0709  -1.9660
  1.0502  -2.2625   1.0787  -1.9676
  1.0481  -2.2594   1.0864  -1.9689
  1.0460  -2.2561   1.0940  -1.9701
  1.0440  -2.2527   1.1013  -1.9710
  1.0419  -2.2490   1.1085  -1.9718
  1.0399  -2.2451   1.1156  -1.9723
  1.0380  -2.2411   1.1225  -1.9727
  1.0361  -2.2369   1.1291  -1.9728
  1.0342  -2.2325   1.1357  -1.9728
  1.0323  -2.2279   1.1420  -1.9725
  1.0305  -2.2232   1.1481  -1.9720
  1.0287  -2.2184   1.1541  -1.9713
  1.0270  -2.2134   1.1598  -1.9704
  1.0253  -2.2083   1.1654  -1.9693
  1.0236  -2.2030   1.1707  -1.9680
  1.0220  -2.1976   1.1758  -1.9665
  1.0205  -2.1922   1.1807  -1.9647
  1.0190  -2.1866   1.1854  -1.9628
  1.0176  -2.1810   1.1899  -1.9606
  1.0162  -2.1753   1.1942  -1.9582
  1.0148  -2.1696   1.1982  -1.9556
  1.0136  -2.1639   1.2020  -1.9528
  1.0123  -2.1581   1.2055  -1.9498
  1.0112  -2.1524   1.2088  -1.9465
  1.0101  -2.1467   1.2119  -1.9430
  1.0090  -2.1412   1.2147  -1.9394
  1.0081  -2.1357   1.2172  -1.9354
  1.0072  -2.1303   1.2195  -1.9313
  1.0063  -2.1252   1.2216  -1.9269
  1.0056  -2.1203   1.2233  -1.9223
  1.0049  -2.1156   1.2248  -1.9175
  1.0043  -2.1113   1.2260  -1.9124
  1.0037  -2.1074   1.2270  -1.9072
  1.0033  -2.1039   1.2277  -1.9016
  1.0029  -2.1009   1.2281  -1.8959
  1.0026  -2.0986   1.2281  -1.8899
  1.0024  -2.0969   1.2280  -1.8837
  1.0023  -2.0960   1.2275  -1.8772
  1.0023  -2.0960   1.2275  -1.8772
  1.0023  -2.0960   1.2267  -1.8705
  1.0021  -2.0965   1.2263  -1.8720
  1.0018  -2.0973   1.2261  -1.8800
  1.0013  -2.0984   1.2261  -1.8928
  1.0007  -2.0996   1.2259  -1.9094
  0.9998  -2.1008   1.2256  -1.9285
  0.9989  -2.1021   1.2250  -1.9493
  0.9977  -2.1034   1.2240  -1.9712
  0.9965  -2.1045   1.2227  -1.9936
  0.9951  -2.1056   1.2209  -2.0160
  0.9935  -2.1066   1.2188  -2.0383
  0.9919  -2.1074   1.2161  -2.0602
  0.9901  -2.1081   1.2131  -2.0815
  0.9882  -2.1086   1.2096  -2.1022
  0.9863  -2.1089   1.2057  -2.1221
  0.9842  -2.1090   1.2015  -2.1413
  0.9820  -2.1090   1.1968  -2.1597
  0.9798  -2.1087   1.1918  -2.1773
  0.9775  -2.1083   1.1864  -2.1941
  0.9751  -2.1077   1.1807  -2.2101
  0.9727  -2.1068   1.1746  -2.2254
  0.9702  -2.1058   1.1683  -2.2399
  0.9677  -2.1046   1.1617  -2.2536
  0.9651  -2.1032   1.1548  -2.2666
  0.9625  -2.1015   1.1477  -2.2790
  0.9598  -2.0997   1.1404  -2.2906
  0.9571  -2.0977   1.1328  -2.3016
  0.9545  -2.0955   1.1251  -2.3120
  0.9518  -2.0931   1.1171  -2.3217
  0.9490  -2.0905   1.1090  -2.3309
  0.9463  -2.0877   1.1008  -2.3394
  0.9436  -2.0847   1.0924  -2.3474
  0.9409  -2.0815   1.0839  -2.3548
  0.9382  -2.0781   1.0753  -2.3617
  0.9355  -2.0746   1.0666  -2.3680
  0.9328  -2.0708   1.0578  -2.3739
  0.9301  -2.0669   1.0490  -2.3792
  0.9274  -2.0627   1.0401  -2.3840
  0.9248  -2.0584   1.0312  -2.3884
  0.9222  -2.0539   1.0223  -2.3922
  0.9196  -2.0492   1.0134  -2.3956
  0.9171  -2.0443   1.0044  -2.3986
  0.9146  -2.0392   0.9955  -2.4011
  0.9121  -2.0339   0.9866  -2.4031
  0.9096  -2.0285   0.9778  -2.4047
  0.9072  -2.0228   0.9690  -2.4059
  0.9049  -2.0170   0.9603  -2.4066
  0.9026  -2.0109   0.9517  -2.4069
  0.9003  -2.0047   0.9431  -2.4068
  0.8981  -1.9983   0.9347  -2.4062
  0.8959  -1.9917   0.9264  -2.4053
  0.8938  -1.9849   0.9182  -2.4039
  0.8917  -1.9779   0.9102  -2.4022
  0.8896  -1.9707   0.9023  -2.4000
  0.8877  -1.9633   0.8946  -2.3974
  0.8857  -1.9558   0.8871  -2.3945
  0.8838  -1.9480   0.8797  -2.3911
  0.8820  -1.9401   0.8726  -2.3874
  0.8802  -1.9320   0.8657  -2.3832
  0.8785  -1.9237   0.8590  -2.3787
  0.8768  -1.9153   0.8525  -2.3739
  0.8752  -1.9066   0.8463  -2.3686
  0.8736  -1.8979   0.8403  -2.3631
  0.8721  -1.8890   0.8346  -2.3571
  0.8706  -1.8799   0.8292  -2.3509
  0.8692  -1.8708   0.8241  -2.3444
  0.8679  -1.8615   0.8192  -2.3376
  0.8665  -1.8522   0.8147  -2.3306
  0.8653  -1.8430   0.8105  -2.3234
  0.8641  -1.8337   0.8066  -2.3160
  0.8630  -1.8246   0.8031  -2.3086
  0.8619  -1.8157   0.7999  -2.3013
  0.8609  -1.8071   0.7971  -2.2940
  0.8600  -1.7989   0.7946  -2.2870
  0.8592  -1.7914   0.7925  -2.2805
  0.8585  -1.7846   0.7909  -2.2746
  0.8579  -1.7790   0.7896  -2.2696
  0.8579  -1.7790   0.7896  -2.2696
  0.8638  -1.7855   0.7886  -2.2658
  0.8697  -1.7916   0.7880  -2.2638
  0.8757  -1.7974   0.7876  -2.2634
  0.8817  -1.8029   0.7876  -2.2643
  0.8877  -1.8081   0.7878  -2.2663
  0.8937  -1.8131   0.7882  -2.2694
  0.8998  -1.8177   0.7890  -2.2734
  0.9059  -1.8220   0.7899  -2.2782
  0.9120  -1.8260   0.7911  -2.2835
  0.9181  -1.8297   0.7926  -2.2895
  0.9242  -1.8332   0.7942  -2.2958
  0.9303  -1.8363   0.7960  -2.3025
  0.9365  -1.8392   0.7981  -2.3095
  0.9426  -1.8418   0.8003  -2.3167
  0.9487  -1.8441   0.8027  -2.3240
  0.9548  -1.8462   0.8053  -2.3315
  0.9609  -1.8479   0.8080  -2.3390
  0.9670  -1.8494   0.8109  -2.3465
  0.9731  -1.8507   0.8139  -2.3540
  0.9791  -1.8517   0.8171  -2.3614
  0.9851  -1.8524   0.8204  -2.3687
  0.9911  -1.8528   0.8238  -2.3759
  0.9971  -1.8530   0.8274  -2.3830
  1.0030  -1.8530   0.8311  -2.3899
  1.0089  -1.8526   0.8348  -2.3966
  1.0147  -1.8521   0.8387  -2.4031
  1.0205  -1.8513   0.8427  -2.4094
  1.0262  -1.8502   0.8467  -2.4155
  1.0319  -1.8489   0.8508  -2.4213
  1.0375  -1.8473   0.8551  -2.4269
  1.0431  -1.8455   0.8593  -2.4322
  1.0486  -1.8435   0.8637  -2.4373
  1.0540  -1.8412   0.8681  -2.4421
  1.0594  -1.8387   0.8725  -2.4466
  1.0647  -1.8359   0.8770  -2.4509
  1.0699  -1.8329   0.8815  -2.4549
  1.0750  -1.8297   0.8861  -2.4585
  1.0801  -1.8262   0.8906  -2.4619
  1.0851  -1.8225   0.8952  -2.4650
  1.0900  -1.8186   0.8998  -2.4678
  1.0948  -1.8145   0.9044  -2.4704
  1.0995  -1.8101   0.9090  -2.4726
  1.1041  -1.8055   0.9136  -2.4745
  1.1086  -1.8007   0.9182  -2.4762
  1.1130  -1.7956   0.9228  -2.4775
  1.1173  -1.7904   0.9274  -2.4786
  1.1215  -1.7849   0.9319  -2.4794
  1.1256  -1.7792   0.9363  -2.4799
  1.1296  -1.7733   0.9408  -2.4801
  1.1335  -1.7671   0.9452  -2.4801
  1.1373  -1.7608   0.9495  -2.4798
  1.1410  -1.7542   0.9537  -2.4792
  1.1445  -1.7474   0.9579  -2.4783
  1.1480  -1.7404   0.9621  -2.4772
  1.1513  -1.7332   0.9661  -2.4759
  1.1545  -1.7258   0.9700  -2.4743
  1.1576  -1.7182   0.9739  -2.4725
  1.1605  -1.7104   0.9777  -2.4704
  1.1634  -1.7023   0.9813  -2.4682
  1.1661  -1.6941   0.9849  -2.4657
  1.1687  -1.6856   0.9883  -2.4631
  1.1711  -1.6769   0.9916  -2.4602
  1.1735  -1.6681   0.9947  -2.4573
  1.1757  -1.6590   0.9978  -2.4541
  1.1778  -1.6497   1.0007  -2.4509
  1.1797  -1.6401   1.0034  -2.4476
  1.1815  -1.6304   1.0060  -2.4442
  1.1832  -1.6205   1.0084  -2.4408
  1.1848  -1.6104   1.0107  -2.4373
  1.1862  -1.6000   1.0127  -2.4339
  1.1875  -1.5894   1.0146  -2.4306
  1.1886  -1.5787   1.0164  -2.4273
  1.1896  -1.5677   1.0179  -2.4243
  1.1905  -1.5564   1.0192  -2.4214
  1.1913  -1.5450   1.0203  -2.4189
  1.1919  -1.5334   1.0212  -2.4166
  1.1923  -1.5215   1.0219  -2.4148
  1.1926  -1.5094   1.0224  -2.4135
  1.1928  -1.4971   1.0226  -2.4128
  1.1928  -1.4971   1.0226  -2.4128
  1.1928  -1.4845   1.0226  -2.4128
  1.1933  -1.4777   1.0219  -2.4138
  1.1941  -1.4753   1.0206  -2.4155
  1.1951  -1.4766   1.0186  -2.4176
  1.1963  -1.4807   1.0160  -2.4201
  1.1975  -1.4871   1.0129  -2.4227
  1.1989  -1.4951   1.0093  -2.4253
  1.2002  -1.5045   1.0052  -2.4278
  1.2014  -1.5149   1.0006  -2.4302
  1.2026  -1.5260   0.9956  -2.4324
  1.2038  -1.5378   0.9901  -2.4344
  1.2048  -1.5500   0.9843  -2.4360
  1.2057  -1.5624   0.9782  -2.4372
  1.2065  -1.5752   0.9717  -2.4381
  1.2072  -1.5880   0.9648  -2.4386
  1.2078  -1.6009   0.9577  -2.4387
  1.2082  -1.6139   0.9503  -2.4384
  1.2085  -1.6269   0.9427  -2.4376
  1.2087  -1.6399   0.9348  -2.4364
  1.2087  -1.6529   0.9268  -2.4347
  1.2087  -1.6657   0.9185  -2.4326
  1.2085  -1.6786   0.9101  -2.4300
  1.2081  -1.6913   0.9016  -2.4269
  1.2077  -1.7040   0.8929  -2.4233
  1.2071  -1.7165   0.8841  -2.4192
  1.2064  -1.7290   0.8752  -2.4147
  1.2056  -1.7414   0.8663  -2.4097
  1.2047  -1.7537   0.8572  -2.4042
  1.2036  -1.7659   0.8482  -2.3982
  1.2025  -1.7779   0.8391  -2.3918
  1.2013  -1.7899   0.8300  -2.3849
  1.1999  -1.8017   0.8209  -2.3775
  1.1985  -1.8135   0.8119  -2.3696
  1.1970  -1.8251   0.8028  -2.3613
  1.1954  -1.8367   0.7938  -2.3525
  1.1937  -1.8481   0.7849  -2.3433
  1.1919  -1.8594   0.7761  -2.3336
  1.1900  -1.8706   0.7673  -2.3235
  1.1881  -1.8817   0.7586  -2.3130
  1.1861  -1.8926   0.7500  -2.3020
  1.1841  -1.9035   0.7415  -2.2906
  1.1819  -1.9142   0.7332  -2.2788
  1.1798  -1.9248   0.7249  -2.2666
  1.1775  -1.9353   0.7168  -2.2539
  1.1753  -1.9457   0.7089  -2.2409
  1.1730  -1.9560   0.7011  -2.2275
  1.1706  -1.9662   0.6934  -2.2138
  1.1682  -1.9762   0.6860  -2.1996
  1.1658  -1.9861   0.6786  -2.1851
  1.1634  -1.9959   0.6715  -2.1703
  1.1609  -2.0056   0.6645  -2.1551
  1.1584  -2.0151   0.6577  -2.1396
  1.1560  -2.0245   0.6511  -2.1237
  1.1535  -2.0338   0.6447  -2.1075
  1.1510  -2.0430   0.6385  -2.0911
  1.1485  -2.0520   0.6324  -2.0743
  1.1461  -2.0610   0.6265  -2.0572
  1.1436  -2.0697   0.6209  -2.0399
  1.1412  -2.0784   0.6154  -2.0223
  1.1389  -2.0869   0.6101  -2.0045
  1.1365  -2.0953   0.6050  -1.9864
  1.1342  -2.1035   0.6001  -1.9681
  1.1320  -2.1116   0.5953  -1.9496
  1.1298  -2.1195   0.5908  -1.9310
  1.1277  -2.1273   0.5864  -1.9123
  1.1257  -2.1348   0.5823  -1.8934
  1.1238  -2.1422   0.5783  -1.8746
  1.1219  -2.1494   0.5745  -1.8558
  1.1201  -2.1563   0.5709  -1.8371
  1.1185  -2.1630   0.5675  -1.8186
  1.1169  -2.1694   0.5643  -1.8005
  1.1155  -2.1755   0.5614  -1.7828
  1.1143  -2.1812   0.5586  -1.7659
  1.1131  -2.1864   0.5561  -1.7499
  1.1121  -2.1911   0.5539  -1.7352
  1.1113  -2.1952   0.5521  -1.7222
  1.1107  -2.1985   0.5505  -1.7113
  1.1103  -2.2010   0.5494  -1.7032
  1.1100  -2.2023   0.5489  -1.6986
  1.1100  -2.2023   0.5489  -1.6986
  1.1100  -2.2023   0.5489  -1.6986
  1.1100  -2.2023   0.5489  -1.6986
  1.1101  -2.2023   0.5607  -1.7086
  1.1101  -2.2021   0.5724  -1.7184
  1.1101  -2.2018   0.5841  -1.7280
  1.1100  -2.2014   0.5957  -1.7375
  1.1099  -2.2008   0.6073  -1.7467
  1.1098  -2.2002   0.6188  -1.7558
  1.1096  -2.1994   0.6302  -1.7647
  1.1094  -2.1986   0.6415  -1.7734
  1.1092  -2.1976   0.6528  -1.7819
  1.1089  -2.1965   0.6640  -1.7903
  1.1086  -2.1954   0.6751  -1.7985
  1.1083  -2.1942   0.6862  -1.8065
  1.1080  -2.1929   0.6972  -1.8143
  1.1076  -2.1916   0.7081  -1.8220
  1.1072  -2.1901   0.7190  -1.8294
  1.1068  -2.1887   0.7298  -1.8367
  1.1064  -2.1871   0.7405  -1.8438
  1.1060  -2.1855   0.7511  -1.8508
  1.1055  -2.1838   0.7617  -1.8575
  1.1051  -2.1821   0.7721  -1.8641
  1.1046  -2.1804   0.7825  -1.8705
  1.1041  -2.1786   0.7929  -1.8767
  1.1036  -2.1767   0.8031  -1.8828
  1.1031  -2.1748   0.8132  -1.8886
  1.1025  -2.1729   0.8233  -1.8943
  1.1020  -2.1709   0.8333  -1.8998
  1.1014  -2.1689   0.8432  -1.9051
  1.1009  -2.1669   0.8530  -1.9103
  1.1003  -2.1648   0.8627  -1.9152
  1.0997  -2.1627   0.8723  -1.9200
  1.0991  -2.1606   0.8818  -1.9246
  1.0985  -2.1584   0.8912  -1.9290
  1.0980  -2.1562   0.9005  -1.9332
  1.0974  -2.1539   0.9097  -1.9372
  1.0968  -2.1517   0.9187  -1.9410
  1.0962  -2.1494   0.9277  -1.9447
  1.0956  -2.1471   0.9366  -1.9481
  1.0950  -2.1447   0.9453  -1.9514
  1.0944  -2.1424   0.9539  -1.9544
  1.0938  -2.1400   0.9624  -1.9573
  1.0932  -2.1376   0.9707  -1.9600
  1.0926  -2.1351   0.9789  -1.9625
  1.0920  -2.1327   0.9870  -1.9648
  1.0915  -2.1302   0.9950  -1.9669
  1.0909  -2.1277   1.0028  -1.9688
  1.0903  -2.1252   1.0104  -1.9705
  1.0898  -2.1227   1.0179  -1.9720
  1.0892  -2.1201   1.0252  -1.9733
  1.0887  -2.1175   1.0324  -1.9743
  1.0881  -2.1150   1.0394  -1.9752
  1.0876  -2.1124   1.0463  -1.9759
  1.0871  -2.1098   1.0529  -1.9764
  1.0866  -2.1072   1.0594  -1.9767
  1.0861  -2.1046   1.0658  -1.9767
  1.0856  -2.1019   1.0719  -1.9766
  1.0851  -2.0993   1.0778  -1.9762
  1.0846  -2.0967   1.0836  -1.9757
  1.0842  -2.0941   1.0891  -1.9749
  1.0837  -2.0915   1.0945  -1.9739
  1.0833  -2.0889   1.0996  -1.9727
  1.0829  -2.0863   1.1045  -1.9712
  1.0825  -2.0838   1.1093  -1.9696
  1.0821  -2.0813   1.1138  -1.9677
  1.0818  -2.0788   1.1180  -1.9657
  1.0814  -2.0763   1.1221  -1.9634
  1.0811  -2.0740   1.1259  -1.9608
  1.0808  -2.0716   1.1295  -1.9581
  1.0805  -2.0694   1.1328  -1.9551
  1.0802  -2.0672   1.1359  -1.9519
  1.0799  -2.0651   1.1387  -1.9485
  1.0797  -2.0631   1.1413  -1.9449
  1.0795  -2.0613   1.1436  -1.9410
  1.0793  -2.0596   1.1457  -1.9369
  1.0791  -2.0580   1.1475  -1.9325
  1.0790  -2.0566   1.1491  -1.9279
  1.0789  -2.0555   1.1503  -1.9231
  1.0788  -2.0546   1.1513  -1.9181
  1.0787  -2.0539   1.1520  -1.9128
  1.0787  -2.0536   1.1525  -1.9073
  1.0787  -2.0536   1.1525  -1.9073
  1.0787  -2.0536   1.1526  -1.9015
  1.0785  -2.0529   1.1525  -1.8981
  1.0780  -2.0515   1.1521  -1.8966
  1.0774  -2.0497   1.1515  -1.8966
  1.0767  -2.0475   1.1505  -1.8977
  1.0757  -2.0450   1.1493  -1.8996
  1.0745  -2.0422   1.1478  -1.9023
  1.0732  -2.0392   1.1460  -1.9056
  1.0718  -2.0360   1.1440  -1.9092
  1.0701  -2.0327   1.1416  -1.9132
  1.0684  -2.0293   1.1390  -1.9175
  1.0665  -2.0258   1.1361  -1.9220
  1.0644  -2.0222   1.1330  -1.9266
  1.0623  -2.0186   1.1296  -1.9314
  1.0600  -2.0149   1.1259  -1.9363
  1.0576  -2.0112   1.1221  -1.9412
  1.0550  -2.0074   1.1180  -1.9462
  1.0524  -2.0037   1.1137  -1.9512
  1.0497  -1.9999   1.1092  -1.9563
  1.0469  -1.9960   1.1044  -1.9614
  1.0440  -1.9922   1.0995  -1.9664
  1.0410  -1.9883   1.0944  -1.9715
  1.0379  -1.9844   1.0892  -1.9766
  1.0348  -1.9805   1.0838  -1.9817
  1.0315  -1.9766   1.0782  -1.9868
  1.0283  -1.9727   1.0725  -1.9918
  1.0249  -1.9687   1.0666  -1.9968
  1.0215  -1.9648   1.0606  -2.0019
  1.0181  -1.9608   1.0545  -2.0069
  1.0146  -1.9568   1.0483  -2.0118
  1.0111  -1.9528   1.0420  -2.0168
  1.0075  -1.9488   1.0355  -2.0217
  1.0039  -1.9448   1.0290  -2.0266
  1.0003  -1.9407   1.0225  -2.0315
  0.9966  -1.9367   1.0158  -2.0364
  0.9929  -1.9326   1.0091  -2.0412
  0.9893  -1.9285   1.0024  -2.0460
  0.9856  -1.9244   0.9956  -2.0507
  0.9819  -1.9203   0.9888  -2.0555
  0.9782  -1.9162   0.9819  -2.0602
  0.9745  -1.9121   0.9750  -2.0649
  0.9708  -1.9080   0.9682  -2.0695
  0.9671  -1.9038   0.9613  -2.0742
  0.9635  -1.8997   0.9544  -2.0788
  0.9598  -1.8955   0.9476  -2.0833
  0.9562  -1.8913   0.9408  -2.0879
  0.9526  -1.8871   0.9340  -2.0924
  0.9491  -1.8829   0.9273  -2.0969
  0.9456  -1.8787   0.9206  -2.1013
  0.9421  -1.8744   0.9140  -2.1057
  0.9387  -1.8702   0.9075  -2.1101
  0.9353  -1.8659   0.9010  -2.1145
  0.9320  -1.8617   0.8947  -2.1188
  0.9287  -1.8574   0.8884  -2.1231
  0.9255  -1.8531   0.8822  -2.1274
  0.9224  -1.8488   0.8762  -2.1316
  0.9193  -1.8445   0.8703  -2.1358
  0.9163  -1.8402   0.8646  -2.1400
  0.9134  -1.8359   0.8589  -2.1441
  0.9105  -1.8316   0.8535  -2.1482
  0.9078  -1.8272   0.8482  -2.1523
  0.9051  -1.8229   0.8431  -2.1563
  0.9025  -1.8186   0.8382  -2.1603
  0.9001  -1.8143   0.8335  -2.1643
  0.8977  -1.8100   0.8290  -2.1682
  0.8955  -1.8057   0.8247  -2.1720
  0.8933  -1.8015   0.8207  -2.1758
  0.8913  -1.7973   0.8169  -2.1795
  0.8894  -1.7931   0.8133  -2.1831
  0.8877  -1.7891   0.8101  -2.1867
  0.8860  -1.7851   0.8071  -2.1900
  0.8845  -1.7813   0.8043  -2.1933
  0.8832  -1.7776   0.8019  -2.1964
  0.8820  -1.7742   0.7998  -2.1992
  0.8820  -1.7742   0.7998  -2.1992
  0.8877  -1.7803   0.7980  -2.2017
  0.8933  -1.7861   0.7965  -2.2046
  0.8990  -1.7916   0.7953  -2.2077
  0.9047  -1.7968   0.7944  -2.2110
  0.9104  -1.8017   0.7939  -2.2145
  0.9162  -1.8063   0.7936  -2.2182
  0.9219  -1.8106   0.7937  -2.2220
  0.9277  -1.8147   0.7940  -2.2259
  0.9335  -1.8185   0.7946  -2.2299
  0.9393  -1.8220   0.7955  -2.2339
  0.9451  -1.8252   0.7966  -2.2381
  0.9508  -1.8281   0.7979  -2.2422
  0.9566  -1.8308   0.7995  -2.2464
  0.9624  -1.8333   0.8013  -2.2505
  0.9682  -1.8354   0.8033  -2.2547
  0.9739  -1.8373   0.8055  -2.2588
  0.9797  -1.8389   0.8080  -2.2629
  0.9854  -1.8403   0.8106  -2.2670
  0.9911  -1.8415   0.8134  -2.2710
  0.9968  -1.8423   0.8163  -2.2750
  1.0025  -1.8429   0.8194  -2.2789
  1.0081  -1.8433   0.8227  -2.2828
  1.0137  -1.8434   0.8262  -2.2865
  1.0193  -1.8433   0.8297  -2.2902
  1.0248  -1.8429   0.8334  -2.2939
  1.0303  -1.8423   0.8372  -2.2974
  1.0357  -1.8415   0.8412  -2.3008
  1.0411  -1.8404   0.8452  -2.3042
  1.0465  -1.8391   0.8494  -2.3075
  1.0518  -1.8375   0.8536  -2.3107
  1.0570  -1.8357   0.8580  -2.3137
  1.0621  -1.8337   0.8624  -2.3167
  1.0673  -1.8314   0.8669  -2.3196
  1.0723  -1.8289   0.8714  -2.3224
  1.0773  -1.8262   0.8760  -2.3251
  1.0822  -1.8232   0.8807  -2.3277
  1.0870  -1.8200   0.8853  -2.3302
  1.0917  -1.8166   0.8901  -2.3326
  1.0964  -1.8130   0.8948  -2.3348
  1.1010  -1.8092   0.8996  -2.3370
  1.1055  -1.8051   0.9044  -2.3391
  1.1099  -1.8008   0.9092  -2.3411
  1.1143  -1.7963   0.9140  -2.3430
  1.1185  -1.7916   0.9188  -2.3448
  1.1226  -1.7867   0.9236  -2.3465
  1.1267  -1.7815   0.9283  -2.3481
  1.1307  -1.7762   0.9330  -2.3496
  1.1345  -1.7706   0.9377  -2.3510
  1.1383  -1.7648   0.9424  -2.3523
  1.1419  -1.7588   0.9470  -2.3536
  1.1455  -1.7526   0.9515  -2.3547
  1.1489  -1.7462   0.9560  -2.3558
  1.1523  -1.7396   0.9604  -2.3567
  1.1555  -1.7328   0.9647  -2.3576
  1.1586  -1.7257   0.9690  -2.3584
  1.1616  -1.7185   0.9731  -2.3591
  1.1645  -1.7110   0.9772  -2.3598
  1.1673  -1.7034   0.9812  -2.3604
  1.1700  -1.6955   0.9850  -2.3609
  1.1725  -1.6875   0.9887  -2.3613
  1.1749  -1.6792   0.9924  -2.3616
  1.1772  -1.6707   0.9958  -2.3619
  1.1794  -1.6620   0.9992  -2.3622
  1.1815  -1.6531   1.0024  -2.3624
  1.1834  -1.6441   1.0054  -2.3625
  1.1853  -1.6348   1.0083  -2.3626
  1.1869  -1.6252   1.0110  -2.3626
  1.1885  -1.6155   1.0136  -2.3626
  1.1900  -1.6056   1.0160  -2.3626
  1.1913  -1.5955   1.0182  -2.3625
  1.1924  -1.5851   1.0202  -2.3624
  1.1935  -1.5746   1.0220  -2.3623
  1.1944  -1.5638   1.0236  -2.3622
  1.1952  -1.5528   1.0250  -2.3621
  1.1959  -1.5417   1.0261  -2.3619
  1.1964  -1.5302   1.0271  -2.3618
  1.1967  -1.5186   1.0278  -2.3617
  1.1970  -1.5068   1.0283  -2.3616
  1.1971  -1.4947   1.0285  -2.3616
  1.1971  -1.4947   1.0285  -2.3616
  1.1970  -1.4824   1.0285  -2.3616
  1.1974  -1.4752   1.0280  -2.3605
  1.1980  -1.4720   1.0269  -2.3586
  1.1987  -1.4721   1.0254  -2.3560
  1.1996  -1.4747   1.0233  -2.3528
  1.2006  -1.4793   1.0208  -2.3491
  1.2016  -1.4854   1.0179  -2.3450
  1.2026  -1.4928   1.0146  -2.3405
  1.2035  -1.5012   1.0110  -2.3357
  1.2044  -1.5102   1.0069  -2.3307
  1.2053  -1.5199   1.0025  -2.3255
  1.2060  -1.5301   0.9978  -2.3201
  1.2066  -1.5405   0.9928  -2.3145
  1.2071  -1.5513   0.9875  -2.3087
  1.2075  -1.5623   0.9820  -2.3028
  1.2078  -1.5734   0.9761  -2.2968
  1.2080  -1.5847   0.9701  -2.2906
  1.2081  -1.5960   0.9638  -2.2843
  1.2080  -1.6074   0.9573  -2.2778
  1.2078  -1.6189   0.9506  -2.2713
  1.2076  -1.6304   0.9438  -2.2646
  1.2072  -1.6419   0.9368  -2.2578
  1.2066  -1.6534   0.9296  -2.2509
  1.2060  -1.6649   0.9223  -2.2438
  1.2053  -1.6764   0.9149  -2.2366
  1.2045  -1.6879   0.9073  -2.2293
  1.2035  -1.6994   0.8997  -2.2219
  1.2025  -1.7109   0.8919  -2.2144
  1.2013  -1.7223   0.8841  -2.2067
  1.2001  -1.7337   0.8763  -2.1989
  1.1988  -1.7451   0.8683  -2.1910
  1.1974  -1.7565   0.8604  -2.1830
  1.1959  -1.7678   0.8524  -2.1748
  1.1943  -1.7791   0.8443  -2.1665
  1.1926  -1.7904   0.8363  -2.1581
  1.1909  -1.8016   0.8283  -2.1496
  1.1890  -1.8127   0.8202  -2.1409
  1.1872  -1.8239   0.8122  -2.1321
  1.1852  -1.8350   0.8042  -2.1232
  1.1832  -1.8460   0.7963  -2.1142
  1.1811  -1.8570   0.7883  -2.1050
  1.1790  -1.8680   0.7805  -2.0957
  1.1768  -1.8789   0.7727  -2.0863
  1.1746  -1.8898   0.7649  -2.0768
  1.1723  -1.9006   0.7573  -2.0671
  1.1700  -1.9114   0.7497  -2.0573
  1.1677  -1.9221   0.7422  -2.0474
  1.1653  -1.9328   0.7348  -2.0373
  1.1630  -1.9434   0.7276  -2.0272
  1.1605  -1.9540   0.7204  -2.0169
  1.1581  -1.9645   0.7134  -2.0065
  1.1557  -1.9750   0.7064  -1.9959
  1.1532  -1.9854   0.6996  -1.9853
  1.1508  -1.9957   0.6930  -1.9745
  1.1484  -2.0060   0.6865  -1.9637
  1.1460  -2.0163   0.6801  -1.9527
  1.1436  -2.0264   0.6739  -1.9416
  1.1412  -2.0365   0.6679  -1.9304
  1.1388  -2.0466   0.6620  -1.9191
  1.1365  -2.0565   0.6563  -1.9078
  1.1342  -2.0664   0.6508  -1.8963
  1.1320  -2.0762   0.6455  -1.8848
  1.1298  -2.0859   0.6403  -1.8732
  1.1277  -2.0956   0.6354  -1.8615
  1.1256  -2.1050   0.6306  -1.8498
  1.1237  -2.1144   0.6261  -1.8381
  1.1218  -2.1236   0.6218  -1.8265
  1.1200  -2.1327   0.6177  -1.8148
  1.1182  -2.1415   0.6139  -1.8033
  1.1166  -2.1501   0.6102  -1.7919
  1.1151  -2.1584   0.6069  -1.7808
  1.1138  -2.1663   0.6038  -1.7699
  1.1125  -2.1738   0.6010  -1.7595
  1.1114  -2.1808   0.5985  -1.7497
  1.1105  -2.1871   0.5963  -1.7406
  1.1097  -2.1926   0.5944  -1.7326
  1.1091  -2.1972   0.5930  -1.7258
  1.1087  -2.2005   0.5919  -1.7208
  1.1085  -2.2023   0.5914  -1.7179
