  0.0000   0.2565  -0.1200
  0.0000   0.2565  -0.1200
  0.0000   0.2565  -0.1200
  0.0000   0.2565  -0.1200
  0.0000   0.2565  -0.1201
  0.0001   0.2565  -0.1201
  0.0001   0.2565  -0.1201
  0.0001   0.2565  -0.1202
  0.0002   0.2565  -0.1203
  0.0002   0.2565  -0.1204
  0.0003   0.2565  -0.1205
  0.0003   0.2565  -0.1206
  0.0004   0.2565  -0.1207
  0.0005   0.2565  -0.1208
  0.0005   0.2565  -0.1209
  0.0006   0.2564  -0.1210
  0.0007   0.2564  -0.1212
  0.0008   0.2564  -0.1213
  0.0009   0.2564  -0.1215
  0.0010   0.2564  -0.1216
  0.0011   0.2564  -0.1218
  0.0012   0.2564  -0.1219
  0.0013   0.2564  -0.1221
  0.0014   0.2564  -0.1223
  0.0015   0.2564  -0.1225
  0.0017   0.2564  -0.1226
  0.0018   0.2564  -0.1228
  0.0019   0.2564  -0.1230
  0.0021   0.2564  -0.1232
  0.0022   0.2564  -0.1234
  0.0024   0.2564  -0.1236
  0.0025   0.2564  -0.1238
  0.0027   0.2564  -0.1240
  0.0028   0.2564  -0.1242
  0.0030   0.2564  -0.1244
  0.0031   0.2564  -0.1246
  0.0033   0.2564  -0.1248
  0.0035   0.2564  -0.1250
  0.0037   0.2564  -0.1251
  0.0038   0.2564  -0.1253
  0.0040   0.2564  -0.1255
  0.0042   0.2565  -0.1257
  0.0044   0.2565  -0.1259
  0.0046   0.2565  -0.1261
  0.0048   0.2565  -0.1263
  0.0050   0.2565  -0.1265
  0.0052   0.2565  -0.1267
  0.0054   0.2565  -0.1268
  0.0056   0.2566  -0.1270
  0.0058   0.2566  -0.1272
  0.0060   0.2566  -0.1273
  0.0063   0.2566  -0.1275
  0.0065   0.2566  -0.1277
  0.0067   0.2567  -0.1278
  0.0069   0.2567  -0.1280
  0.0071   0.2567  -0.1281
  0.0074   0.2568  -0.1283
  0.0076   0.2568  -0.1284
  0.0078   0.2568  -0.1285
  0.0081   0.2569  -0.1286
  0.0083   0.2569  -0.1288
  0.0086   0.2569  -0.1289
  0.0088   0.2570  -0.1290
  0.0090   0.2570  -0.1291
  0.0093   0.2571  -0.1292
  0.0095   0.2571  -0.1293
  0.0098   0.2572  -0.1294
  0.0100   0.2572  -0.1294
  0.0103   0.2573  -0.1295
  0.0106   0.2573  -0.1296
  0.0108   0.2574  -0.1296
  0.0111   0.2574  -0.1297
  0.0113   0.2575  -0.1297
  0.0116   0.2576  -0.1297
  0.0119   0.2576  -0.1298
  0.0121   0.2577  -0.1298
  0.0124   0.2578  -0.1298
  0.0127   0.2579  -0.1298
  0.0129   0.2579  -0.1298
  0.0132   0.2580  -0.1297
  0.0135   0.2581  -0.1297
  0.0138   0.2582  -0.1297
  0.0140   0.2583  -0.1296
  0.0143   0.2584  -0.1296
  0.0146   0.2585  -0.1295
  0.0149   0.2586  -0.1294
  0.0152   0.2587  -0.1293
  0.0154   0.2588  -0.1292
  0.0157   0.2589  -0.1291
  0.0160   0.2590  -0.1290
  0.0163   0.2591  -0.1289
  0.0166   0.2592  -0.1288
  0.0169   0.2593  -0.1286
  0.0171   0.2595  -0.1285
  0.0174   0.2596  -0.1283
  0.0177   0.2597  -0.1281
  0.0180   0.2598  -0.1279
  0.0183   0.2600  -0.1277
  0.0186   0.2601  -0.1275
  0.0189   0.2603  -0.1273
  0.0192   0.2604  -0.1271
  0.0195   0.2606  -0.1268
  0.0198   0.2607  -0.1266
  0.0200   0.2609  -0.1263
  0.0203   0.2610  -0.1260
  0.0206   0.2612  -0.1257
  0.0209   0.2614  -0.1254
  0.0212   0.2615  -0.1251
  0.0215   0.2617  -0.1248
  0.0218   0.2619  -0.1244
  0.0221   0.2621  -0.1241
  0.0224   0.2623  -0.1237
  0.0227   0.2624  -0.1234
  0.0230   0.2626  -0.1230
  0.0233   0.2628  -0.1226
  0.0236   0.2630  -0.1222
  0.0239   0.2632  -0.1218
  0.0242   0.2635  -0.1213
  0.0245   0.2637  -0.1209
  0.0247   0.2639  -0.1204
  0.0247   0.2639  -0.1204
  0.0250   0.2641  -0.1199
  0.0253   0.2643  -0.1195
  0.0256   0.2646  -0.1190
  0.0260   0.2648  -0.1185
  0.0263   0.2650  -0.1181
  0.0266   0.2652  -0.1176
  0.0269   0.2654  -0.1172
  0.0272   0.2656  -0.1168
  0.0276   0.2658  -0.1163
  0.0279   0.2659  -0.1159
  0.0283   0.2661  -0.1155
  0.0286   0.2663  -0.1151
  0.0290   0.2665  -0.1148
  0.0293   0.2667  -0.1144
  0.0297   0.2668  -0.1140
  0.0301   0.2670  -0.1137
  0.0305   0.2672  -0.1134
  0.0308   0.2673  -0.1130
  0.0312   0.2675  -0.1127
  0.0316   0.2677  -0.1125
  0.0320   0.2678  -0.1122
  0.0324   0.2680  -0.1119
  0.0328   0.2681  -0.1117
  0.0333   0.2683  -0.1115
  0.0337   0.2684  -0.1113
  0.0341   0.2686  -0.1111
  0.0345   0.2687  -0.1109
  0.0350   0.2688  -0.1108
  0.0354   0.2690  -0.1106
  0.0359   0.2691  -0.1105
  0.0363   0.2692  -0.1104
  0.0368   0.2694  -0.1104
  0.0373   0.2695  -0.1103
  0.0377   0.2696  -0.1103
  0.0382   0.2697  -0.1103
  0.0387   0.2698  -0.1103
  0.0392   0.2700  -0.1103
  0.0397   0.2701  -0.1103
  0.0402   0.2702  -0.1104
  0.0407   0.2703  -0.1105
  0.0412   0.2704  -0.1106
  0.0417   0.2705  -0.1107
  0.0422   0.2706  -0.1109
  0.0428   0.2707  -0.1111
  0.0433   0.2708  -0.1113
  0.0439   0.2709  -0.1115
  0.0444   0.2710  -0.1117
  0.0450   0.2711  -0.1120
  0.0455   0.2712  -0.1123
  0.0461   0.2713  -0.1126
  0.0467   0.2713  -0.1130
  0.0472   0.2714  -0.1134
  0.0478   0.2715  -0.1138
  0.0484   0.2716  -0.1142
  0.0490   0.2717  -0.1147
  0.0496   0.2717  -0.1152
  0.0502   0.2718  -0.1157
  0.0509   0.2719  -0.1162
  0.0515   0.2720  -0.1168
  0.0521   0.2720  -0.1174
  0.0528   0.2721  -0.1181
  0.0534   0.2722  -0.1187
  0.0541   0.2722  -0.1194
  0.0547   0.2723  -0.1202
  0.0554   0.2723  -0.1209
  0.0561   0.2724  -0.1217
  0.0567   0.2724  -0.1225
  0.0574   0.2725  -0.1234
  0.0581   0.2725  -0.1243
  0.0588   0.2726  -0.1252
  0.0595   0.2726  -0.1262
  0.0602   0.2727  -0.1272
  0.0610   0.2727  -0.1283
  0.0617   0.2728  -0.1293
  0.0624   0.2728  -0.1305
  0.0632   0.2728  -0.1316
  0.0639   0.2729  -0.1328
  0.0647   0.2729  -0.1341
  0.0655   0.2729  -0.1353
  0.0662   0.2730  -0.1367
  0.0670   0.2730  -0.1380
  0.0678   0.2730  -0.1394
  0.0686   0.2730  -0.1409
  0.0694   0.2731  -0.1424
  0.0702   0.2731  -0.1439
  0.0710   0.2731  -0.1455
  0.0719   0.2731  -0.1471
  0.0727   0.2731  -0.1488
  0.0736   0.2731  -0.1505
  0.0744   0.2732  -0.1523
  0.0753   0.2732  -0.1541
  0.0761   0.2732  -0.1560
  0.0770   0.2732  -0.1579
  0.0779   0.2732  -0.1599
  0.0788   0.2732  -0.1619
  0.0797   0.2732  -0.1640
  0.0806   0.2732  -0.1661
  0.0815   0.2732  -0.1683
  0.0815   0.2732  -0.1683
  0.0824   0.2732  -0.1705
  0.0834   0.2732  -0.1727
  0.0843   0.2732  -0.1749
  0.0852   0.2732  -0.1770
  0.0862   0.2732  -0.1791
  0.0871   0.2732  -0.1811
  0.0881   0.2732  -0.1831
  0.0891   0.2733  -0.1850
  0.0900   0.2733  -0.1869
  0.0910   0.2733  -0.1888
  0.0920   0.2734  -0.1906
  0.0930   0.2734  -0.1923
  0.0940   0.2734  -0.1940
  0.0949   0.2735  -0.1957
  0.0959   0.2735  -0.1973
  0.0969   0.2736  -0.1989
  0.0980   0.2737  -0.2004
  0.0990   0.2737  -0.2018
  0.1000   0.2738  -0.2032
  0.1010   0.2739  -0.2046
  0.1020   0.2740  -0.2058
  0.1031   0.2740  -0.2071
  0.1041   0.2741  -0.2083
  0.1051   0.2742  -0.2094
  0.1062   0.2743  -0.2105
  0.1072   0.2744  -0.2115
  0.1083   0.2745  -0.2124
  0.1094   0.2747  -0.2133
  0.1104   0.2748  -0.2141
  0.1115   0.2749  -0.2149
  0.1126   0.2750  -0.2156
  0.1137   0.2752  -0.2163
  0.1148   0.2753  -0.2169
  0.1159   0.2754  -0.2174
  0.1170   0.2756  -0.2179
  0.1181   0.2758  -0.2183
  0.1192   0.2759  -0.2186
  0.1203   0.2761  -0.2189
  0.1214   0.2763  -0.2191
  0.1226   0.2764  -0.2192
  0.1237   0.2766  -0.2193
  0.1248   0.2768  -0.2193
  0.1260   0.2770  -0.2192
  0.1271   0.2772  -0.2190
  0.1283   0.2774  -0.2188
  0.1295   0.2776  -0.2185
  0.1306   0.2778  -0.2182
  0.1318   0.2780  -0.2178
  0.1330   0.2783  -0.2173
  0.1342   0.2785  -0.2167
  0.1354   0.2787  -0.2161
  0.1366   0.2790  -0.2153
  0.1378   0.2792  -0.2145
  0.1390   0.2795  -0.2137
  0.1402   0.2798  -0.2127
  0.1414   0.2800  -0.2117
  0.1427   0.2803  -0.2106
  0.1439   0.2806  -0.2094
  0.1452   0.2809  -0.2081
  0.1464   0.2812  -0.2068
  0.1477   0.2815  -0.2054
  0.1489   0.2818  -0.2039
  0.1502   0.2821  -0.2023
  0.1515   0.2824  -0.2006
  0.1528   0.2827  -0.1989
  0.1540   0.2830  -0.1971
  0.1553   0.2834  -0.1952
  0.1566   0.2837  -0.1932
  0.1580   0.2841  -0.1911
  0.1593   0.2844  -0.1889
  0.1606   0.2848  -0.1867
  0.1619   0.2851  -0.1843
  0.1633   0.2855  -0.1819
  0.1646   0.2859  -0.1794
  0.1660   0.2863  -0.1768
  0.1673   0.2867  -0.1741
  0.1687   0.2871  -0.1713
  0.1701   0.2875  -0.1685
  0.1715   0.2879  -0.1655
  0.1715   0.2879  -0.1655
  0.1729   0.2883  -0.1624
  0.1742   0.2887  -0.1594
  0.1756   0.2891  -0.1563
  0.1770   0.2895  -0.1532
  0.1784   0.2899  -0.1501
  0.1798   0.2903  -0.1470
  0.1811   0.2906  -0.1439
  0.1825   0.2910  -0.1407
  0.1839   0.2914  -0.1375
  0.1852   0.2917  -0.1343
  0.1866   0.2920  -0.1311
  0.1880   0.2924  -0.1279
  0.1893   0.2927  -0.1246
  0.1907   0.2930  -0.1213
  0.1920   0.2933  -0.1180
  0.1934   0.2936  -0.1147
  0.1947   0.2939  -0.1113
  0.1961   0.2942  -0.1080
  0.1974   0.2945  -0.1046
  0.1988   0.2947  -0.1012
  0.2001   0.2950  -0.0978
  0.2015   0.2952  -0.0944
  0.2028   0.2955  -0.0910
  0.2042   0.2957  -0.0876
  0.2055   0.2959  -0.0841
  0.2068   0.2961  -0.0807
  0.2082   0.2963  -0.0773
  0.2095   0.2965  -0.0738
  0.2109   0.2967  -0.0703
  0.2122   0.2969  -0.0669
  0.2135   0.2970  -0.0634
  0.2149   0.2972  -0.0600
  0.2162   0.2973  -0.0565
  0.2175   0.2975  -0.0530
  0.2189   0.2976  -0.0496
  0.2202   0.2977  -0.0461
  0.2216   0.2978  -0.0427
  0.2229   0.2979  -0.0392
  0.2242   0.2980  -0.0358
  0.2256   0.2980  -0.0324
  0.2269   0.2981  -0.0290
  0.2283   0.2982  -0.0256
  0.2296   0.2982  -0.0222
  0.2309   0.2982  -0.0188
  0.2323   0.2982  -0.0154
  0.2336   0.2983  -0.0121
  0.2350   0.2983  -0.0087
  0.2363   0.2982  -0.0054
  0.2377   0.2982  -0.0021
  0.2390   0.2982   0.0012
  0.2403   0.2981   0.0044
  0.2417   0.2981   0.0077
  0.2431   0.2980   0.0109
  0.2444   0.2979   0.0141
  0.2458   0.2978   0.0173
  0.2471   0.2977   0.0204
  0.2485   0.2976   0.0236
  0.2498   0.2975   0.0267
  0.2512   0.2973   0.0298
  0.2526   0.2972   0.0328
  0.2539   0.2970   0.0359
  0.2553   0.2968   0.0389
  0.2567   0.2967   0.0419
  0.2581   0.2965   0.0448
  0.2595   0.2962   0.0478
  0.2608   0.2960   0.0507
  0.2622   0.2958   0.0535
  0.2636   0.2955   0.0564
  0.2650   0.2953   0.0592
  0.2650   0.2953   0.0592
  0.2664   0.2950   0.0621
  0.2678   0.2947   0.0648
  0.2692   0.2945   0.0674
  0.2706   0.2942   0.0699
  0.2720   0.2939   0.0723
  0.2734   0.2937   0.0745
  0.2748   0.2935   0.0767
  0.2762   0.2932   0.0788
  0.2776   0.2930   0.0808
  0.2790   0.2928   0.0826
  0.2804   0.2926   0.0844
  0.2818   0.2924   0.0860
  0.2831   0.2922   0.0876
  0.2845   0.2920   0.0891
  0.2859   0.2919   0.0905
  0.2873   0.2917   0.0917
  0.2887   0.2915   0.0929
  0.2901   0.2914   0.0940
  0.2915   0.2913   0.0950
  0.2929   0.2911   0.0959
  0.2943   0.2910   0.0967
  0.2957   0.2909   0.0974
  0.2970   0.2908   0.0980
  0.2984   0.2907   0.0986
  0.2998   0.2906   0.0990
  0.3012   0.2905   0.0994
  0.3026   0.2904   0.0997
  0.3040   0.2903   0.0999
  0.3054   0.2903   0.1000
  0.3068   0.2902   0.1000
  0.3081   0.2902   0.0999
  0.3095   0.2901   0.0998
  0.3109   0.2901   0.0995
  0.3123   0.2901   0.0992
  0.3137   0.2901   0.0989
  0.3151   0.2900   0.0984
  0.3165   0.2900   0.0978
  0.3179   0.2901   0.0972
  0.3193   0.2901   0.0965
  0.3207   0.2901   0.0957
  0.3221   0.2901   0.0949
  0.3234   0.2902   0.0939
  0.3248   0.2902   0.0929
  0.3262   0.2903   0.0918
  0.3276   0.2904   0.0907
  0.3290   0.2904   0.0894
  0.3304   0.2905   0.0881
  0.3318   0.2906   0.0867
  0.3332   0.2907   0.0853
  0.3346   0.2908   0.0837
  0.3360   0.2910   0.0821
  0.3374   0.2911   0.0805
  0.3388   0.2912   0.0787
  0.3402   0.2914   0.0769
  0.3416   0.2916   0.0750
  0.3431   0.2917   0.0731
  0.3445   0.2919   0.0710
  0.3459   0.2921   0.0690
  0.3473   0.2923   0.0668
  0.3487   0.2925   0.0646
  0.3501   0.2927   0.0623
  0.3515   0.2929   0.0599
  0.3530   0.2932   0.0575
  0.3544   0.2934   0.0550
  0.3558   0.2937   0.0524
  0.3572   0.2940   0.0498
  0.3587   0.2942   0.0471
  0.3601   0.2945   0.0444
  0.3615   0.2948   0.0415
  0.3630   0.2951   0.0387
  0.3644   0.2954   0.0357
  0.3644   0.2954   0.0357
  0.3658   0.2958   0.0327
  0.3673   0.2961   0.0297
  0.3687   0.2964   0.0268
  0.3701   0.2967   0.0240
  0.3716   0.2970   0.0212
  0.3730   0.2973   0.0185
  0.3744   0.2975   0.0158
  0.3758   0.2978   0.0132
  0.3772   0.2981   0.0105
  0.3787   0.2983   0.0080
  0.3801   0.2985   0.0054
  0.3815   0.2987   0.0029
  0.3829   0.2990   0.0004
  0.3843   0.2992  -0.0021
  0.3857   0.2994  -0.0046
  0.3871   0.2996  -0.0070
  0.3885   0.2997  -0.0094
  0.3899   0.2999  -0.0118
  0.3913   0.3001  -0.0142
  0.3927   0.3002  -0.0166
  0.3941   0.3004  -0.0189
  0.3955   0.3005  -0.0213
  0.3969   0.3006  -0.0237
  0.3983   0.3007  -0.0260
  0.3997   0.3008  -0.0283
  0.4011   0.3009  -0.0307
  0.4025   0.3010  -0.0330
  0.4039   0.3011  -0.0353
  0.4053   0.3012  -0.0376
  0.4067   0.3012  -0.0399
  0.4081   0.3013  -0.0422
  0.4095   0.3013  -0.0446
  0.4109   0.3013  -0.0469
  0.4123   0.3013  -0.0492
  0.4137   0.3013  -0.0515
  0.4150   0.3013  -0.0538
  0.4164   0.3013  -0.0562
  0.4178   0.3013  -0.0585
  0.4192   0.3013  -0.0608
  0.4206   0.3012  -0.0632
  0.4220   0.3012  -0.0655
  0.4234   0.3011  -0.0679
  0.4248   0.3011  -0.0703
  0.4262   0.3010  -0.0726
  0.4275   0.3009  -0.0750
  0.4289   0.3008  -0.0774
  0.4303   0.3007  -0.0798
  0.4317   0.3006  -0.0822
  0.4331   0.3004  -0.0847
  0.4345   0.3003  -0.0871
  0.4359   0.3001  -0.0895
  0.4373   0.3000  -0.0920
  0.4387   0.2998  -0.0945
  0.4401   0.2996  -0.0970
  0.4415   0.2994  -0.0995
  0.4429   0.2992  -0.1020
  0.4443   0.2990  -0.1046
  0.4457   0.2988  -0.1071
  0.4471   0.2985  -0.1097
  0.4485   0.2983  -0.1123
  0.4499   0.2980  -0.1149
  0.4513   0.2978  -0.1176
  0.4527   0.2975  -0.1203
  0.4541   0.2972  -0.1230
  0.4555   0.2969  -0.1257
  0.4569   0.2966  -0.1285
  0.4583   0.2963  -0.1313
  0.4597   0.2959  -0.1341
  0.4612   0.2956  -0.1371
  0.4612   0.2956  -0.1371
  0.4626   0.2952  -0.1400
  0.4640   0.2949  -0.1430
  0.4654   0.2945  -0.1459
  0.4669   0.2942  -0.1487
  0.4683   0.2938  -0.1515
  0.4697   0.2935  -0.1542
  0.4711   0.2932  -0.1568
  0.4726   0.2929  -0.1594
  0.4740   0.2925  -0.1620
  0.4754   0.2922  -0.1645
  0.4768   0.2919  -0.1669
  0.4783   0.2916  -0.1692
  0.4797   0.2913  -0.1716
  0.4811   0.2910  -0.1738
  0.4826   0.2907  -0.1760
  0.4840   0.2905  -0.1781
  0.4855   0.2902  -0.1801
  0.4869   0.2899  -0.1821
  0.4883   0.2897  -0.1841
  0.4898   0.2894  -0.1859
  0.4912   0.2892  -0.1877
  0.4927   0.2889  -0.1894
  0.4941   0.2887  -0.1911
  0.4955   0.2884  -0.1927
  0.4970   0.2882  -0.1942
  0.4984   0.2880  -0.1956
  0.4999   0.2877  -0.1970
  0.5013   0.2875  -0.1983
  0.5028   0.2873  -0.1996
  0.5043   0.2871  -0.2007
  0.5057   0.2869  -0.2018
  0.5072   0.2867  -0.2028
  0.5086   0.2865  -0.2037
  0.5101   0.2864  -0.2046
  0.5116   0.2862  -0.2054
  0.5130   0.2860  -0.2061
  0.5145   0.2858  -0.2067
  0.5159   0.2857  -0.2072
  0.5174   0.2855  -0.2077
  0.5189   0.2854  -0.2081
  0.5204   0.2852  -0.2084
  0.5218   0.2851  -0.2086
  0.5233   0.2850  -0.2087
  0.5248   0.2848  -0.2087
  0.5263   0.2847  -0.2087
  0.5277   0.2846  -0.2086
  0.5292   0.2845  -0.2083
  0.5307   0.2844  -0.2080
  0.5322   0.2843  -0.2076
  0.5337   0.2842  -0.2071
  0.5352   0.2841  -0.2065
  0.5367   0.2840  -0.2058
  0.5382   0.2839  -0.2050
  0.5397   0.2839  -0.2042
  0.5412   0.2838  -0.2032
  0.5427   0.2837  -0.2021
  0.5442   0.2837  -0.2009
  0.5457   0.2836  -0.1997
  0.5472   0.2836  -0.1983
  0.5487   0.2835  -0.1968
  0.5502   0.2835  -0.1952
  0.5517   0.2835  -0.1935
  0.5532   0.2835  -0.1917
  0.5547   0.2835  -0.1898
  0.5562   0.2834  -0.1878
  0.5578   0.2834  -0.1857
  0.5593   0.2835  -0.1835
  0.5608   0.2835  -0.1811
  0.5623   0.2835  -0.1787
  0.5639   0.2835  -0.1761
  0.5654   0.2835  -0.1734
  0.5669   0.2836  -0.1706
  0.5685   0.2836  -0.1677
  0.5700   0.2836  -0.1647
  0.5715   0.2837  -0.1615
  0.5731   0.2838  -0.1582
  0.5746   0.2838  -0.1548
  0.5762   0.2839  -0.1513
  0.5777   0.2840  -0.1477
  0.5777   0.2840  -0.1477
  0.5793   0.2841  -0.1439
  0.5808   0.2841  -0.1401
  0.5824   0.2842  -0.1363
  0.5839   0.2843  -0.1326
  0.5854   0.2843  -0.1288
  0.5870   0.2843  -0.1250
  0.5885   0.2844  -0.1211
  0.5900   0.2844  -0.1173
  0.5916   0.2844  -0.1135
  0.5931   0.2844  -0.1096
  0.5946   0.2844  -0.1057
  0.5961   0.2844  -0.1019
  0.5977   0.2844  -0.0980
  0.5992   0.2843  -0.0941
  0.6007   0.2843  -0.0901
  0.6022   0.2843  -0.0862
  0.6037   0.2842  -0.0822
  0.6053   0.2841  -0.0783
  0.6068   0.2841  -0.0743
  0.6083   0.2840  -0.0703
  0.6098   0.2839  -0.0663
  0.6113   0.2838  -0.0623
  0.6128   0.2837  -0.0583
  0.6143   0.2836  -0.0542
  0.6158   0.2835  -0.0502
  0.6174   0.2833  -0.0461
  0.6189   0.2832  -0.0421
  0.6204   0.2830  -0.0380
  0.6219   0.2829  -0.0339
  0.6234   0.2827  -0.0299
  0.6249   0.2825  -0.0258
  0.6264   0.2823  -0.0217
  0.6279   0.2821  -0.0176
  0.6294   0.2819  -0.0135
  0.6309   0.2817  -0.0094
  0.6324   0.2815  -0.0053
  0.6339   0.2812  -0.0012
  0.6354   0.2810   0.0029
  0.6369   0.2807   0.0070
  0.6384   0.2805   0.0111
  0.6399   0.2802   0.0152
  0.6415   0.2799   0.0193
  0.6430   0.2796   0.0233
  0.6445   0.2793   0.0274
  0.6460   0.2790   0.0315
  0.6475   0.2787   0.0356
  0.6490   0.2783   0.0396
  0.6505   0.2780   0.0437
  0.6520   0.2776   0.0477
  0.6535   0.2772   0.0518
  0.6551   0.2768   0.0558
  0.6566   0.2764   0.0598
  0.6581   0.2760   0.0638
  0.6596   0.2756   0.0678
  0.6611   0.2752   0.0717
  0.6626   0.2748   0.0757
  0.6642   0.2743   0.0796
  0.6657   0.2738   0.0835
  0.6672   0.2734   0.0874
  0.6688   0.2729   0.0913
  0.6703   0.2724   0.0951
  0.6718   0.2719   0.0990
  0.6734   0.2714   0.1028
  0.6749   0.2708   0.1066
  0.6764   0.2703   0.1104
  0.6780   0.2697   0.1141
  0.6795   0.2692   0.1178
  0.6811   0.2686   0.1215
  0.6811   0.2686   0.1215
  0.6826   0.2680   0.1253
  0.6841   0.2674   0.1288
  0.6857   0.2668   0.1322
  0.6872   0.2663   0.1355
  0.6888   0.2658   0.1385
  0.6903   0.2652   0.1414
  0.6918   0.2647   0.1441
  0.6934   0.2643   0.1467
  0.6949   0.2638   0.1491
  0.6964   0.2633   0.1513
  0.6980   0.2629   0.1534
  0.6995   0.2625   0.1554
  0.7010   0.2621   0.1572
  0.7025   0.2617   0.1588
  0.7041   0.2613   0.1603
  0.7056   0.2610   0.1617
  0.7071   0.2606   0.1629
  0.7086   0.2603   0.1640
  0.7101   0.2600   0.1650
  0.7117   0.2597   0.1658
  0.7132   0.2595   0.1665
  0.7147   0.2592   0.1671
  0.7162   0.2589   0.1675
  0.7177   0.2587   0.1679
  0.7192   0.2585   0.1681
  0.7207   0.2583   0.1682
  0.7222   0.2581   0.1681
  0.7237   0.2579   0.1680
  0.7252   0.2578   0.1678
  0.7267   0.2576   0.1674
  0.7283   0.2575   0.1670
  0.7298   0.2574   0.1664
  0.7313   0.2573   0.1658
  0.7328   0.2572   0.1650
  0.7343   0.2571   0.1642
  0.7358   0.2570   0.1632
  0.7372   0.2570   0.1622
  0.7387   0.2570   0.1610
  0.7402   0.2569   0.1598
  0.7417   0.2569   0.1585
  0.7432   0.2569   0.1571
  0.7447   0.2570   0.1556
  0.7462   0.2570   0.1540
  0.7477   0.2570   0.1523
  0.7492   0.2571   0.1506
  0.7507   0.2572   0.1488
  0.7522   0.2573   0.1469
  0.7537   0.2573   0.1449
  0.7552   0.2575   0.1428
  0.7566   0.2576   0.1407
  0.7581   0.2577   0.1385
  0.7596   0.2579   0.1363
  0.7611   0.2580   0.1340
  0.7626   0.2582   0.1316
  0.7641   0.2584   0.1291
  0.7656   0.2586   0.1266
  0.7670   0.2588   0.1240
  0.7685   0.2590   0.1214
  0.7700   0.2592   0.1187
  0.7715   0.2595   0.1159
  0.7730   0.2597   0.1131
  0.7745   0.2600   0.1102
  0.7760   0.2603   0.1073
  0.7774   0.2605   0.1043
  0.7789   0.2608   0.1013
  0.7804   0.2612   0.0982
  0.7819   0.2615   0.0951
  0.7834   0.2618   0.0920
  0.7849   0.2622   0.0888
  0.7863   0.2625   0.0855
  0.7878   0.2629   0.0822
  0.7878   0.2629   0.0822
  0.7893   0.2632   0.0789
  0.7908   0.2636   0.0756
  0.7923   0.2640   0.0724
  0.7937   0.2643   0.0692
  0.7952   0.2647   0.0661
  0.7967   0.2650   0.0631
  0.7981   0.2653   0.0601
  0.7996   0.2656   0.0571
  0.8011   0.2660   0.0542
  0.8025   0.2663   0.0513
  0.8040   0.2666   0.0484
  0.8054   0.2668   0.0456
  0.8069   0.2671   0.0428
  0.8083   0.2674   0.0400
  0.8098   0.2676   0.0373
  0.8112   0.2679   0.0345
  0.8127   0.2681   0.0318
  0.8141   0.2684   0.0291
  0.8155   0.2686   0.0265
  0.8170   0.2688   0.0238
  0.8184   0.2690   0.0211
  0.8198   0.2692   0.0185
  0.8213   0.2694   0.0159
  0.8227   0.2696   0.0133
  0.8241   0.2698   0.0106
  0.8256   0.2700   0.0080
  0.8270   0.2701   0.0054
  0.8284   0.2703   0.0028
  0.8298   0.2704   0.0003
  0.8313   0.2705  -0.0023
  0.8327   0.2707  -0.0049
  0.8341   0.2708  -0.0075
  0.8355   0.2709  -0.0101
  0.8370   0.2710  -0.0127
  0.8384   0.2710  -0.0153
  0.8398   0.2711  -0.0179
  0.8412   0.2712  -0.0205
  0.8426   0.2712  -0.0231
  0.8441   0.2713  -0.0257
  0.8455   0.2713  -0.0283
  0.8469   0.2713  -0.0310
  0.8483   0.2713  -0.0336
  0.8497   0.2713  -0.0363
  0.8511   0.2713  -0.0389
  0.8526   0.2713  -0.0416
  0.8540   0.2712  -0.0443
  0.8554   0.2712  -0.0470
  0.8568   0.2711  -0.0497
  0.8582   0.2711  -0.0524
  0.8597   0.2710  -0.0551
  0.8611   0.2709  -0.0579
  0.8625   0.2708  -0.0606
  0.8639   0.2707  -0.0634
  0.8654   0.2706  -0.0662
  0.8668   0.2705  -0.0690
  0.8682   0.2703  -0.0719
  0.8696   0.2702  -0.0747
  0.8711   0.2700  -0.0776
  0.8725   0.2698  -0.0805
  0.8739   0.2696  -0.0834
  0.8754   0.2694  -0.0864
  0.8768   0.2692  -0.0894
  0.8783   0.2690  -0.0924
  0.8797   0.2688  -0.0954
  0.8811   0.2685  -0.0985
  0.8826   0.2683  -0.1016
  0.8840   0.2680  -0.1047
  0.8855   0.2677  -0.1079
  0.8855   0.2677  -0.1079
  0.8870   0.2674  -0.1112
  0.8884   0.2671  -0.1145
  0.8899   0.2668  -0.1177
  0.8913   0.2665  -0.1208
  0.8928   0.2662  -0.1239
  0.8942   0.2660  -0.1270
  0.8957   0.2657  -0.1300
  0.8971   0.2654  -0.1329
  0.8986   0.2652  -0.1357
  0.9001   0.2649  -0.1385
  0.9015   0.2647  -0.1413
  0.9030   0.2644  -0.1439
  0.9044   0.2642  -0.1465
  0.9059   0.2640  -0.1491
  0.9074   0.2637  -0.1516
  0.9088   0.2635  -0.1540
  0.9103   0.2633  -0.1563
  0.9118   0.2631  -0.1586
  0.9132   0.2629  -0.1608
  0.9147   0.2627  -0.1630
  0.9162   0.2625  -0.1650
  0.9176   0.2623  -0.1671
  0.9191   0.2621  -0.1690
  0.9206   0.2620  -0.1709
  0.9221   0.2618  -0.1726
  0.9235   0.2616  -0.1744
  0.9250   0.2615  -0.1760
  0.9265   0.2613  -0.1776
  0.9280   0.2612  -0.1791
  0.9294   0.2610  -0.1805
  0.9309   0.2609  -0.1818
  0.9324   0.2608  -0.1831
  0.9339   0.2607  -0.1843
  0.9354   0.2606  -0.1854
  0.9369   0.2604  -0.1864
  0.9384   0.2603  -0.1873
  0.9398   0.2602  -0.1882
  0.9413   0.2601  -0.1890
  0.9428   0.2601  -0.1896
  0.9443   0.2600  -0.1902
  0.9458   0.2599  -0.1908
  0.9473   0.2598  -0.1912
  0.9488   0.2598  -0.1915
  0.9503   0.2597  -0.1918
  0.9518   0.2597  -0.1919
  0.9533   0.2596  -0.1920
  0.9548   0.2596  -0.1919
  0.9563   0.2595  -0.1918
  0.9578   0.2595  -0.1916
  0.9593   0.2595  -0.1913
  0.9608   0.2595  -0.1909
  0.9623   0.2594  -0.1904
  0.9638   0.2594  -0.1898
  0.9653   0.2594  -0.1890
  0.9669   0.2594  -0.1882
  0.9684   0.2595  -0.1873
  0.9699   0.2595  -0.1863
  0.9714   0.2595  -0.1852
  0.9729   0.2595  -0.1840
  0.9744   0.2596  -0.1826
  0.9760   0.2596  -0.1812
  0.9775   0.2597  -0.1796
  0.9790   0.2597  -0.1780
  0.9805   0.2598  -0.1762
  0.9821   0.2598  -0.1743
  0.9836   0.2599  -0.1723
  0.9851   0.2600  -0.1702
  0.9867   0.2601  -0.1680
  0.9882   0.2601  -0.1657
  0.9897   0.2602  -0.1632
  0.9913   0.2603  -0.1606
  0.9928   0.2605  -0.1579
  0.9944   0.2606  -0.1551
  0.9959   0.2607  -0.1522
  0.9975   0.2608  -0.1492
  0.9990   0.2609  -0.1460
  1.0006   0.2611  -0.1427
  1.0021   0.2612  -0.1393
  1.0037   0.2614  -0.1357
  1.0037   0.2614  -0.1357
  1.0052   0.2615  -0.1320
  1.0068   0.2617  -0.1283
  1.0083   0.2618  -0.1246
  1.0099   0.2619  -0.1209
  1.0114   0.2620  -0.1172
  1.0130   0.2622  -0.1135
  1.0145   0.2623  -0.1097
  1.0160   0.2624  -0.1059
  1.0176   0.2624  -0.1021
  1.0191   0.2625  -0.0983
  1.0206   0.2626  -0.0945
  1.0222   0.2627  -0.0906
  1.0237   0.2627  -0.0868
  1.0252   0.2627  -0.0829
  1.0267   0.2628  -0.0790
  1.0283   0.2628  -0.0751
  1.0298   0.2628  -0.0711
  1.0313   0.2628  -0.0672
  1.0328   0.2628  -0.0632
  1.0344   0.2628  -0.0592
  1.0359   0.2628  -0.0552
  1.0374   0.2628  -0.0512
  1.0389   0.2628  -0.0472
  1.0404   0.2627  -0.0432
  1.0419   0.2627  -0.0391
  1.0435   0.2626  -0.0351
  1.0450   0.2625  -0.0310
  1.0465   0.2625  -0.0270
  1.0480   0.2624  -0.0229
  1.0495   0.2623  -0.0188
  1.0510   0.2622  -0.0147
  1.0525   0.2621  -0.0106
  1.0541   0.2619  -0.0065
  1.0556   0.2618  -0.0024
  1.0571   0.2617   0.0017
  1.0586   0.2615   0.0058
  1.0601   0.2613   0.0099
  1.0616   0.2612   0.0141
  1.0631   0.2610   0.0182
  1.0646   0.2608   0.0223
  1.0662   0.2606   0.0264
  1.0677   0.2604   0.0305
  1.0692   0.2601   0.0346
  1.0707   0.2599   0.0387
  1.0722   0.2597   0.0428
  1.0737   0.2594   0.0469
  1.0752   0.2591   0.0510
  1.0768   0.2589   0.0550
  1.0783   0.2586   0.0591
  1.0798   0.2583   0.0631
  1.0813   0.2580   0.0672
  1.0828   0.2577   0.0712
  1.0844   0.2573   0.0752
  1.0859   0.2570   0.0792
  1.0874   0.2566   0.0832
  1.0889   0.2563   0.0871
  1.0905   0.2559   0.0911
  1.0920   0.2555   0.0950
  1.0935   0.2551   0.0989
  1.0951   0.2547   0.1028
  1.0966   0.2543   0.1066
  1.0981   0.2538   0.1105
  1.0997   0.2534   0.1143
  1.1012   0.2529   0.1181
  1.1028   0.2524   0.1218
  1.1043   0.2520   0.1255
  1.1058   0.2515   0.1292
  1.1074   0.2510   0.1329
  1.1074   0.2510   0.1329
  1.1089   0.2504   0.1366
  1.1105   0.2499   0.1402
  1.1120   0.2494   0.1436
  1.1136   0.2489   0.1468
  1.1151   0.2485   0.1498
  1.1166   0.2480   0.1528
  1.1182   0.2476   0.1555
  1.1197   0.2472   0.1581
  1.1212   0.2468   0.1605
  1.1227   0.2464   0.1628
  1.1243   0.2460   0.1649
  1.1258   0.2457   0.1668
  1.1273   0.2453   0.1686
  1.1288   0.2450   0.1703
  1.1304   0.2447   0.1718
  1.1319   0.2444   0.1731
  1.1334   0.2442   0.1744
  1.1349   0.2439   0.1755
  1.1364   0.2437   0.1764
  1.1380   0.2434   0.1772
  1.1395   0.2432   0.1779
  1.1410   0.2430   0.1785
  1.1425   0.2429   0.1789
  1.1440   0.2427   0.1792
  1.1455   0.2425   0.1794
  1.1470   0.2424   0.1795
  1.1485   0.2423   0.1795
  1.1500   0.2422   0.1793
  1.1515   0.2421   0.1791
  1.1530   0.2420   0.1787
  1.1545   0.2420   0.1783
  1.1560   0.2419   0.1777
  1.1575   0.2419   0.1770
  1.1590   0.2418   0.1762
  1.1605   0.2418   0.1753
  1.1620   0.2418   0.1744
  1.1635   0.2419   0.1733
  1.1650   0.2419   0.1721
  1.1665   0.2419   0.1709
  1.1680   0.2420   0.1696
  1.1695   0.2421   0.1681
  1.1710   0.2422   0.1666
  1.1725   0.2423   0.1650
  1.1740   0.2424   0.1634
  1.1755   0.2425   0.1616
  1.1770   0.2426   0.1598
  1.1785   0.2428   0.1579
  1.1799   0.2430   0.1559
  1.1814   0.2431   0.1539
  1.1829   0.2433   0.1517
  1.1844   0.2435   0.1496
  1.1859   0.2437   0.1473
  1.1874   0.2440   0.1450
  1.1889   0.2442   0.1426
  1.1903   0.2445   0.1402
  1.1918   0.2447   0.1377
  1.1933   0.2450   0.1351
  1.1948   0.2453   0.1325
  1.1963   0.2456   0.1298
  1.1977   0.2459   0.1271
  1.1992   0.2462   0.1243
  1.2007   0.2465   0.1215
  1.2022   0.2469   0.1186
  1.2037   0.2472   0.1157
  1.2052   0.2476   0.1127
  1.2066   0.2479   0.1097
  1.2081   0.2483   0.1066
  1.2096   0.2487   0.1035
  1.2111   0.2491   0.1004
  1.2126   0.2495   0.0972
  1.2140   0.2499   0.0940
  1.2140   0.2499   0.0940
  1.2155   0.2504   0.0908
  1.2170   0.2508   0.0876
  1.2185   0.2512   0.0844
  1.2199   0.2516   0.0814
  1.2214   0.2520   0.0784
  1.2229   0.2524   0.0754
  1.2243   0.2528   0.0725
  1.2258   0.2532   0.0696
  1.2272   0.2536   0.0667
  1.2287   0.2539   0.0639
  1.2301   0.2543   0.0611
  1.2316   0.2546   0.0584
  1.2330   0.2550   0.0557
  1.2344   0.2553   0.0530
  1.2359   0.2556   0.0503
  1.2373   0.2559   0.0477
  1.2388   0.2562   0.0451
  1.2402   0.2565   0.0425
  1.2416   0.2568   0.0399
  1.2431   0.2571   0.0373
  1.2445   0.2574   0.0348
  1.2459   0.2577   0.0322
  1.2473   0.2579   0.0297
  1.2488   0.2582   0.0272
  1.2502   0.2584   0.0246
  1.2516   0.2586   0.0221
  1.2530   0.2588   0.0196
  1.2544   0.2591   0.0171
  1.2559   0.2593   0.0146
  1.2573   0.2595   0.0121
  1.2587   0.2596   0.0097
  1.2601   0.2598   0.0072
  1.2615   0.2600   0.0047
  1.2629   0.2601   0.0022
  1.2643   0.2603  -0.0003
  1.2658   0.2604  -0.0028
  1.2672   0.2605  -0.0053
  1.2686   0.2606  -0.0078
  1.2700   0.2608  -0.0104
  1.2714   0.2608  -0.0129
  1.2728   0.2609  -0.0154
  1.2742   0.2610  -0.0180
  1.2756   0.2611  -0.0205
  1.2770   0.2611  -0.0231
  1.2785   0.2612  -0.0257
  1.2799   0.2612  -0.0283
  1.2813   0.2612  -0.0309
  1.2827   0.2612  -0.0335
  1.2841   0.2612  -0.0361
  1.2855   0.2612  -0.0388
  1.2869   0.2612  -0.0414
  1.2884   0.2611  -0.0441
  1.2898   0.2611  -0.0468
  1.2912   0.2610  -0.0495
  1.2926   0.2610  -0.0522
  1.2940   0.2609  -0.0550
  1.2955   0.2608  -0.0578
  1.2969   0.2607  -0.0606
  1.2983   0.2606  -0.0634
  1.2997   0.2605  -0.0662
  1.3012   0.2603  -0.0691
  1.3026   0.2602  -0.0720
  1.3040   0.2600  -0.0749
  1.3055   0.2598  -0.0779
  1.3069   0.2596  -0.0808
  1.3083   0.2595  -0.0839
  1.3098   0.2592  -0.0869
  1.3112   0.2590  -0.0900
  1.3127   0.2588  -0.0932
  1.3127   0.2588  -0.0932
  1.3141   0.2585  -0.0965
  1.3156   0.2583  -0.0997
  1.3170   0.2580  -0.1029
  1.3185   0.2578  -0.1060
  1.3200   0.2575  -0.1091
  1.3214   0.2573  -0.1121
  1.3229   0.2571  -0.1151
  1.3243   0.2568  -0.1180
  1.3258   0.2566  -0.1208
  1.3272   0.2564  -0.1236
  1.3287   0.2562  -0.1263
  1.3302   0.2560  -0.1289
  1.3316   0.2558  -0.1315
  1.3331   0.2557  -0.1340
  1.3345   0.2555  -0.1365
  1.3360   0.2553  -0.1389
  1.3375   0.2551  -0.1412
  1.3389   0.2550  -0.1435
  1.3404   0.2548  -0.1457
  1.3419   0.2547  -0.1478
  1.3433   0.2546  -0.1499
  1.3448   0.2544  -0.1519
  1.3463   0.2543  -0.1538
  1.3478   0.2542  -0.1556
  1.3492   0.2541  -0.1574
  1.3507   0.2539  -0.1591
  1.3522   0.2538  -0.1608
  1.3537   0.2537  -0.1623
  1.3552   0.2537  -0.1638
  1.3566   0.2536  -0.1652
  1.3581   0.2535  -0.1666
  1.3596   0.2534  -0.1678
  1.3611   0.2533  -0.1690
  1.3626   0.2533  -0.1701
  1.3641   0.2532  -0.1712
  1.3656   0.2532  -0.1721
  1.3671   0.2531  -0.1730
  1.3685   0.2531  -0.1737
  1.3700   0.2531  -0.1744
  1.3715   0.2530  -0.1751
  1.3730   0.2530  -0.1756
  1.3745   0.2530  -0.1760
  1.3760   0.2530  -0.1764
  1.3775   0.2530  -0.1767
  1.3790   0.2530  -0.1768
  1.3805   0.2530  -0.1769
  1.3821   0.2530  -0.1769
  1.3836   0.2530  -0.1768
  1.3851   0.2530  -0.1767
  1.3866   0.2531  -0.1764
  1.3881   0.2531  -0.1760
  1.3896   0.2532  -0.1755
  1.3911   0.2532  -0.1750
  1.3926   0.2533  -0.1743
  1.3942   0.2533  -0.1735
  1.3957   0.2534  -0.1727
  1.3972   0.2535  -0.1717
  1.3987   0.2535  -0.1706
  1.4003   0.2536  -0.1694
  1.4018   0.2537  -0.1682
  1.4033   0.2538  -0.1668
  1.4049   0.2539  -0.1653
  1.4064   0.2540  -0.1637
  1.4079   0.2541  -0.1620
  1.4095   0.2542  -0.1602
  1.4110   0.2544  -0.1582
  1.4125   0.2545  -0.1562
  1.4141   0.2546  -0.1541
  1.4156   0.2548  -0.1518
  1.4172   0.2549  -0.1494
  1.4187   0.2551  -0.1469
  1.4203   0.2552  -0.1443
  1.4218   0.2554  -0.1416
  1.4234   0.2556  -0.1387
  1.4249   0.2557  -0.1358
  1.4265   0.2559  -0.1327
  1.4280   0.2561  -0.1295
  1.4296   0.2563  -0.1261
  1.4312   0.2565  -0.1227
  1.4312   0.2565  -0.1227
  1.4327   0.2567  -0.1191
  1.4343   0.2569  -0.1155
  1.4358   0.2571  -0.1119
  1.4374   0.2573  -0.1082
  1.4390   0.2574  -0.1046
  1.4405   0.2576  -0.1009
  1.4421   0.2577  -0.0973
  1.4436   0.2579  -0.0936
  1.4451   0.2580  -0.0899
  1.4467   0.2581  -0.0861
  1.4482   0.2583  -0.0824
  1.4498   0.2584  -0.0786
  1.4513   0.2585  -0.0749
  1.4528   0.2586  -0.0711
  1.4544   0.2587  -0.0673
  1.4559   0.2587  -0.0634
  1.4574   0.2588  -0.0596
  1.4590   0.2589  -0.0557
  1.4605   0.2589  -0.0518
  1.4620   0.2590  -0.0480
  1.4636   0.2590  -0.0441
  1.4651   0.2590  -0.0401
  1.4666   0.2590  -0.0362
  1.4681   0.2590  -0.0323
  1.4697   0.2590  -0.0283
  1.4712   0.2590  -0.0244
  1.4727   0.2590  -0.0204
  1.4742   0.2590  -0.0164
  1.4757   0.2589  -0.0124
  1.4773   0.2589  -0.0085
  1.4788   0.2588  -0.0045
  1.4803   0.2588  -0.0005
  1.4818   0.2587   0.0036
  1.4834   0.2586   0.0076
  1.4849   0.2585   0.0116
  1.4864   0.2584   0.0156
  1.4879   0.2583   0.0196
  1.4894   0.2582   0.0236
  1.4910   0.2581   0.0276
  1.4925   0.2579   0.0317
  1.4940   0.2578   0.0357
  1.4955   0.2576   0.0397
  1.4970   0.2574   0.0437
  1.4986   0.2572   0.0477
  1.5001   0.2570   0.0517
  1.5016   0.2568   0.0557
  1.5031   0.2566   0.0597
  1.5047   0.2564   0.0636
  1.5062   0.2562   0.0676
  1.5077   0.2559   0.0715
  1.5093   0.2557   0.0755
  1.5108   0.2554   0.0794
  1.5123   0.2551   0.0833
  1.5138   0.2548   0.0872
  1.5154   0.2545   0.0911
  1.5169   0.2542   0.0949
  1.5185   0.2539   0.0988
  1.5200   0.2535   0.1026
  1.5215   0.2532   0.1064
  1.5231   0.2528   0.1102
  1.5246   0.2525   0.1140
  1.5262   0.2521   0.1177
  1.5277   0.2517   0.1214
  1.5293   0.2513   0.1251
  1.5308   0.2508   0.1288
  1.5324   0.2504   0.1324
  1.5339   0.2500   0.1361
  1.5355   0.2495   0.1396
  1.5355   0.2495   0.1396
  1.5370   0.2490   0.1433
  1.5386   0.2486   0.1467
  1.5401   0.2481   0.1500
  1.5417   0.2477   0.1532
  1.5432   0.2473   0.1561
  1.5448   0.2469   0.1589
  1.5463   0.2465   0.1616
  1.5478   0.2461   0.1641
  1.5494   0.2458   0.1664
  1.5509   0.2454   0.1685
  1.5525   0.2451   0.1705
  1.5540   0.2448   0.1724
  1.5555   0.2445   0.1741
  1.5571   0.2442   0.1756
  1.5586   0.2440   0.1770
  1.5601   0.2437   0.1783
  1.5616   0.2435   0.1794
  1.5632   0.2433   0.1804
  1.5647   0.2431   0.1813
  1.5662   0.2429   0.1820
  1.5677   0.2428   0.1826
  1.5693   0.2426   0.1831
  1.5708   0.2425   0.1834
  1.5723   0.2423   0.1837
  1.5738   0.2422   0.1838
  1.5753   0.2421   0.1838
  1.5769   0.2420   0.1837
  1.5784   0.2420   0.1834
  1.5799   0.2419   0.1831
  1.5814   0.2419   0.1826
  1.5829   0.2419   0.1821
  1.5844   0.2418   0.1814
  1.5859   0.2418   0.1807
  1.5874   0.2418   0.1798
  1.5889   0.2419   0.1789
  1.5904   0.2419   0.1778
  1.5919   0.2420   0.1767
  1.5935   0.2420   0.1755
  1.5950   0.2421   0.1741
  1.5965   0.2422   0.1727
  1.5980   0.2423   0.1713
  1.5995   0.2424   0.1697
  1.6010   0.2425   0.1680
  1.6024   0.2427   0.1663
  1.6039   0.2428   0.1645
  1.6054   0.2430   0.1626
  1.6069   0.2432   0.1606
  1.6084   0.2434   0.1586
  1.6099   0.2436   0.1565
  1.6114   0.2438   0.1543
  1.6129   0.2440   0.1521
  1.6144   0.2442   0.1498
  1.6159   0.2445   0.1474
  1.6174   0.2447   0.1450
  1.6189   0.2450   0.1425
  1.6204   0.2453   0.1400
  1.6218   0.2456   0.1374
  1.6233   0.2459   0.1347
  1.6248   0.2462   0.1320
  1.6263   0.2465   0.1292
  1.6278   0.2468   0.1264
  1.6293   0.2472   0.1236
  1.6308   0.2475   0.1206
  1.6322   0.2479   0.1177
  1.6337   0.2483   0.1147
  1.6352   0.2487   0.1117
  1.6367   0.2491   0.1086
  1.6382   0.2495   0.1055
  1.6397   0.2499   0.1023
  1.6411   0.2503   0.0991
  1.6426   0.2507   0.0959
  1.6426   0.2507   0.0959
  1.6441   0.2512   0.0926
  1.6456   0.2516   0.0894
  1.6471   0.2521   0.0863
  1.6485   0.2525   0.0832
  1.6500   0.2529   0.0801
  1.6515   0.2533   0.0772
  1.6529   0.2537   0.0742
  1.6544   0.2541   0.0713
  1.6558   0.2545   0.0685
  1.6573   0.2548   0.0657
  1.6587   0.2552   0.0629
  1.6602   0.2555   0.0601
  1.6616   0.2559   0.0574
  1.6631   0.2562   0.0547
  1.6645   0.2566   0.0520
  1.6659   0.2569   0.0494
  1.6674   0.2572   0.0468
  1.6688   0.2575   0.0441
  1.6703   0.2578   0.0415
  1.6717   0.2581   0.0390
  1.6731   0.2584   0.0364
  1.6745   0.2587   0.0339
  1.6760   0.2590   0.0313
  1.6774   0.2592   0.0288
  1.6788   0.2595   0.0262
  1.6802   0.2597   0.0237
  1.6817   0.2599   0.0212
  1.6831   0.2602   0.0187
  1.6845   0.2604   0.0162
  1.6859   0.2606   0.0137
  1.6873   0.2608   0.0112
  1.6888   0.2610   0.0087
  1.6902   0.2611   0.0062
  1.6916   0.2613   0.0037
  1.6930   0.2614   0.0012
  1.6944   0.2616  -0.0014
  1.6958   0.2617  -0.0039
  1.6973   0.2618  -0.0064
  1.6987   0.2620  -0.0089
  1.7001   0.2621  -0.0115
  1.7015   0.2622  -0.0140
  1.7029   0.2622  -0.0166
  1.7043   0.2623  -0.0192
  1.7057   0.2624  -0.0217
  1.7071   0.2624  -0.0243
  1.7086   0.2625  -0.0269
  1.7100   0.2625  -0.0296
  1.7114   0.2625  -0.0322
  1.7128   0.2625  -0.0348
  1.7142   0.2625  -0.0375
  1.7156   0.2625  -0.0402
  1.7171   0.2625  -0.0429
  1.7185   0.2625  -0.0456
  1.7199   0.2624  -0.0483
  1.7213   0.2624  -0.0511
  1.7227   0.2623  -0.0538
  1.7242   0.2622  -0.0566
  1.7256   0.2621  -0.0594
  1.7270   0.2620  -0.0623
  1.7285   0.2619  -0.0651
  1.7299   0.2618  -0.0680
  1.7313   0.2616  -0.0709
  1.7328   0.2615  -0.0738
  1.7342   0.2613  -0.0768
  1.7356   0.2611  -0.0798
  1.7371   0.2610  -0.0829
  1.7385   0.2608  -0.0859
  1.7400   0.2605  -0.0891
  1.7400   0.2605  -0.0891
  1.7414   0.2603  -0.0923
  1.7429   0.2601  -0.0955
  1.7443   0.2598  -0.0987
  1.7458   0.2596  -0.1018
  1.7472   0.2594  -0.1048
  1.7487   0.2592  -0.1078
  1.7501   0.2590  -0.1108
  1.7516   0.2588  -0.1136
  1.7531   0.2586  -0.1165
  1.7545   0.2584  -0.1192
  1.7560   0.2582  -0.1220
  1.7574   0.2580  -0.1246
  1.7589   0.2579  -0.1272
  1.7604   0.2577  -0.1297
  1.7618   0.2576  -0.1322
  1.7633   0.2574  -0.1346
  1.7648   0.2573  -0.1370
  1.7662   0.2571  -0.1393
  1.7677   0.2570  -0.1415
  1.7692   0.2568  -0.1436
  1.7707   0.2567  -0.1457
  1.7721   0.2566  -0.1477
  1.7736   0.2565  -0.1497
  1.7751   0.2564  -0.1516
  1.7766   0.2563  -0.1534
  1.7780   0.2562  -0.1552
  1.7795   0.2561  -0.1568
  1.7810   0.2560  -0.1585
  1.7825   0.2559  -0.1600
  1.7840   0.2559  -0.1615
  1.7855   0.2558  -0.1628
  1.7869   0.2557  -0.1642
  1.7884   0.2557  -0.1654
  1.7899   0.2556  -0.1665
  1.7914   0.2556  -0.1676
  1.7929   0.2555  -0.1686
  1.7944   0.2555  -0.1695
  1.7959   0.2555  -0.1704
  1.7974   0.2554  -0.1711
  1.7989   0.2554  -0.1718
  1.8004   0.2554  -0.1724
  1.8019   0.2554  -0.1729
  1.8034   0.2554  -0.1733
  1.8049   0.2554  -0.1737
  1.8064   0.2554  -0.1739
  1.8079   0.2554  -0.1741
  1.8095   0.2554  -0.1741
  1.8110   0.2555  -0.1741
  1.8125   0.2555  -0.1740
  1.8140   0.2555  -0.1738
  1.8155   0.2556  -0.1734
  1.8170   0.2556  -0.1730
  1.8186   0.2557  -0.1725
  1.8201   0.2557  -0.1719
  1.8216   0.2558  -0.1712
  1.8231   0.2559  -0.1704
  1.8247   0.2560  -0.1695
  1.8262   0.2560  -0.1685
  1.8277   0.2561  -0.1674
  1.8292   0.2562  -0.1662
  1.8308   0.2563  -0.1649
  1.8323   0.2564  -0.1634
  1.8339   0.2565  -0.1619
  1.8354   0.2567  -0.1603
  1.8369   0.2568  -0.1585
  1.8385   0.2569  -0.1566
  1.8400   0.2570  -0.1546
  1.8416   0.2572  -0.1525
  1.8431   0.2573  -0.1503
  1.8447   0.2575  -0.1480
  1.8462   0.2576  -0.1456
  1.8478   0.2578  -0.1430
  1.8493   0.2580  -0.1403
  1.8509   0.2582  -0.1375
  1.8524   0.2583  -0.1346
  1.8540   0.2585  -0.1315
  1.8556   0.2587  -0.1283
  1.8571   0.2589  -0.1251
  1.8587   0.2591  -0.1216
  1.8587   0.2591  -0.1216
  1.8602   0.2593  -0.1181
  1.8618   0.2595  -0.1145
  1.8634   0.2597  -0.1109
  1.8649   0.2599  -0.1074
  1.8665   0.2601  -0.1038
  1.8680   0.2602  -0.1001
  1.8696   0.2604  -0.0965
  1.8711   0.2606  -0.0929
  1.8727   0.2607  -0.0892
  1.8742   0.2608  -0.0855
  1.8758   0.2610  -0.0818
  1.8773   0.2611  -0.0781
  1.8789   0.2612  -0.0744
  1.8804   0.2613  -0.0706
  1.8819   0.2614  -0.0668
  1.8835   0.2614  -0.0631
  1.8850   0.2615  -0.0593
  1.8865   0.2616  -0.0554
  1.8881   0.2616  -0.0516
  1.8896   0.2617  -0.0478
  1.8911   0.2617  -0.0439
  1.8926   0.2618  -0.0400
  1.8942   0.2618  -0.0362
  1.8957   0.2618  -0.0323
  1.8972   0.2618  -0.0284
  1.8988   0.2618  -0.0245
  1.9003   0.2618  -0.0205
  1.9018   0.2618  -0.0166
  1.9033   0.2617  -0.0127
  1.9049   0.2617  -0.0087
  1.9064   0.2616  -0.0048
  1.9079   0.2616  -0.0008
  1.9094   0.2615   0.0032
  1.9109   0.2614   0.0071
  1.9125   0.2613   0.0111
  1.9140   0.2612   0.0151
  1.9155   0.2611   0.0191
  1.9170   0.2610   0.0230
  1.9186   0.2609   0.0270
  1.9201   0.2608   0.0310
  1.9216   0.2606   0.0350
  1.9231   0.2604   0.0389
  1.9247   0.2603   0.0429
  1.9262   0.2601   0.0469
  1.9277   0.2599   0.0508
  1.9292   0.2597   0.0548
  1.9308   0.2595   0.0587
  1.9323   0.2593   0.0626
  1.9338   0.2590   0.0666
  1.9353   0.2588   0.0705
  1.9369   0.2585   0.0744
  1.9384   0.2583   0.0783
  1.9399   0.2580   0.0821
  1.9415   0.2577   0.0860
  1.9430   0.2574   0.0898
  1.9446   0.2571   0.0937
  1.9461   0.2568   0.0975
  1.9476   0.2565   0.1012
  1.9492   0.2561   0.1050
  1.9507   0.2558   0.1088
  1.9523   0.2554   0.1125
  1.9538   0.2550   0.1162
  1.9554   0.2546   0.1199
  1.9569   0.2542   0.1235
  1.9585   0.2538   0.1272
  1.9600   0.2534   0.1308
  1.9616   0.2529   0.1343
  1.9631   0.2525   0.1379
  1.9631   0.2525   0.1379
  1.9647   0.2520   0.1415
  1.9662   0.2516   0.1449
  1.9678   0.2511   0.1481
  1.9693   0.2507   0.1512
  1.9709   0.2503   0.1541
  1.9724   0.2499   0.1569
  1.9740   0.2495   0.1595
  1.9755   0.2492   0.1619
  1.9771   0.2488   0.1641
  1.9786   0.2485   0.1662
  1.9802   0.2482   0.1682
  1.9817   0.2479   0.1700
  1.9832   0.2476   0.1716
  1.9848   0.2473   0.1731
  1.9863   0.2471   0.1745
  1.9878   0.2468   0.1757
  1.9894   0.2466   0.1768
  1.9909   0.2464   0.1777
  1.9924   0.2462   0.1785
  1.9940   0.2460   0.1792
  1.9955   0.2459   0.1798
  1.9970   0.2457   0.1802
  1.9985   0.2456   0.1805
  2.0001   0.2454   0.1807
  2.0016   0.2453   0.1808
  2.0031   0.2452   0.1808
  2.0046   0.2452   0.1806
  2.0061   0.2451   0.1804
  2.0077   0.2450   0.1800
  2.0092   0.2450   0.1795
  2.0107   0.2450   0.1789
  2.0122   0.2450   0.1783
  2.0137   0.2450   0.1775
  2.0152   0.2450   0.1766
  2.0167   0.2450   0.1756
  2.0182   0.2450   0.1746
  2.0198   0.2451   0.1734
  2.0213   0.2451   0.1722
  2.0228   0.2452   0.1708
  2.0243   0.2453   0.1694
  2.0258   0.2454   0.1679
  2.0273   0.2455   0.1663
  2.0288   0.2457   0.1646
  2.0303   0.2458   0.1629
  2.0318   0.2459   0.1610
  2.0333   0.2461   0.1591
  2.0348   0.2463   0.1572
  2.0363   0.2465   0.1551
  2.0378   0.2467   0.1530
  2.0393   0.2469   0.1508
  2.0408   0.2471   0.1486
  2.0423   0.2473   0.1462
  2.0438   0.2476   0.1439
  2.0452   0.2478   0.1414
  2.0467   0.2481   0.1389
  2.0482   0.2484   0.1364
  2.0497   0.2486   0.1337
  2.0512   0.2489   0.1311
  2.0527   0.2493   0.1283
  2.0542   0.2496   0.1256
  2.0557   0.2499   0.1227
  2.0572   0.2502   0.1199
  2.0587   0.2506   0.1169
  2.0602   0.2509   0.1140
  2.0616   0.2513   0.1110
  2.0631   0.2517   0.1079
  2.0646   0.2521   0.1048
  2.0661   0.2525   0.1017
  2.0676   0.2529   0.0985
  2.0691   0.2533   0.0953
  2.0706   0.2537   0.0921
  2.0706   0.2537   0.0921
  2.0720   0.2542   0.0888
  2.0735   0.2546   0.0856
  2.0750   0.2550   0.0824
  2.0765   0.2554   0.0793
  2.0780   0.2558   0.0763
  2.0794   0.2562   0.0733
  2.0809   0.2566   0.0703
  2.0823   0.2570   0.0674
  2.0838   0.2574   0.0645
  2.0853   0.2578   0.0617
  2.0867   0.2581   0.0589
  2.0882   0.2585   0.0561
  2.0896   0.2588   0.0534
  2.0911   0.2591   0.0507
  2.0925   0.2595   0.0480
  2.0939   0.2598   0.0453
  2.0954   0.2601   0.0427
  2.0968   0.2604   0.0400
  2.0983   0.2607   0.0374
  2.0997   0.2610   0.0348
  2.1011   0.2612   0.0323
  2.1026   0.2615   0.0297
  2.1040   0.2618   0.0271
  2.1054   0.2620   0.0246
  2.1069   0.2623   0.0220
  2.1083   0.2625   0.0195
  2.1097   0.2627   0.0170
  2.1111   0.2629   0.0144
  2.1126   0.2631   0.0119
  2.1140   0.2633   0.0094
  2.1154   0.2635   0.0069
  2.1168   0.2637   0.0043
  2.1182   0.2639   0.0018
  2.1197   0.2640  -0.0007
  2.1211   0.2642  -0.0033
  2.1225   0.2643  -0.0058
  2.1239   0.2644  -0.0083
  2.1253   0.2645  -0.0109
  2.1268   0.2646  -0.0134
  2.1282   0.2647  -0.0160
  2.1296   0.2648  -0.0186
  2.1310   0.2649  -0.0211
  2.1324   0.2650  -0.0237
  2.1339   0.2650  -0.0263
  2.1353   0.2651  -0.0289
  2.1367   0.2651  -0.0315
  2.1381   0.2651  -0.0342
  2.1395   0.2651  -0.0368
  2.1409   0.2651  -0.0395
  2.1424   0.2651  -0.0422
  2.1438   0.2651  -0.0449
  2.1452   0.2651  -0.0476
  2.1466   0.2650  -0.0503
  2.1481   0.2650  -0.0530
  2.1495   0.2649  -0.0558
  2.1509   0.2648  -0.0586
  2.1523   0.2647  -0.0614
  2.1538   0.2646  -0.0642
  2.1552   0.2645  -0.0670
  2.1566   0.2644  -0.0699
  2.1581   0.2643  -0.0728
  2.1595   0.2641  -0.0757
  2.1610   0.2640  -0.0787
  2.1624   0.2638  -0.0817
  2.1638   0.2636  -0.0847
  2.1653   0.2634  -0.0877
  2.1667   0.2632  -0.0908
  2.1682   0.2630  -0.0940
  2.1697   0.2628  -0.0972
  2.1697   0.2628  -0.0972
  2.1711   0.2625  -0.1005
  2.1726   0.2622  -0.1037
  2.1740   0.2620  -0.1069
  2.1755   0.2617  -0.1101
  2.1769   0.2615  -0.1132
  2.1784   0.2613  -0.1162
  2.1799   0.2611  -0.1192
  2.1813   0.2608  -0.1222
  2.1828   0.2606  -0.1250
  2.1843   0.2604  -0.1278
  2.1857   0.2602  -0.1306
  2.1872   0.2600  -0.1333
  2.1887   0.2598  -0.1359
  2.1901   0.2596  -0.1385
  2.1916   0.2594  -0.1410
  2.1931   0.2593  -0.1434
  2.1945   0.2591  -0.1458
  2.1960   0.2589  -0.1481
  2.1975   0.2588  -0.1504
  2.1989   0.2586  -0.1526
  2.2004   0.2585  -0.1547
  2.2019   0.2583  -0.1567
  2.2034   0.2582  -0.1587
  2.2048   0.2580  -0.1606
  2.2063   0.2579  -0.1625
  2.2078   0.2578  -0.1643
  2.2093   0.2577  -0.1659
  2.2108   0.2576  -0.1676
  2.2123   0.2575  -0.1691
  2.2137   0.2574  -0.1706
  2.2152   0.2573  -0.1720
  2.2167   0.2572  -0.1733
  2.2182   0.2571  -0.1746
  2.2197   0.2570  -0.1757
  2.2212   0.2569  -0.1768
  2.2227   0.2569  -0.1778
  2.2242   0.2568  -0.1787
  2.2256   0.2568  -0.1796
  2.2271   0.2567  -0.1803
  2.2286   0.2567  -0.1810
  2.2301   0.2566  -0.1816
  2.2316   0.2566  -0.1821
  2.2331   0.2566  -0.1825
  2.2346   0.2565  -0.1828
  2.2361   0.2565  -0.1831
  2.2376   0.2565  -0.1832
  2.2391   0.2565  -0.1833
  2.2407   0.2565  -0.1832
  2.2422   0.2565  -0.1831
  2.2437   0.2565  -0.1828
  2.2452   0.2565  -0.1825
  2.2467   0.2565  -0.1821
  2.2482   0.2566  -0.1816
  2.2497   0.2566  -0.1809
  2.2512   0.2566  -0.1802
  2.2528   0.2567  -0.1794
  2.2543   0.2567  -0.1785
  2.2558   0.2568  -0.1774
  2.2573   0.2569  -0.1763
  2.2588   0.2569  -0.1750
  2.2604   0.2570  -0.1737
  2.2619   0.2571  -0.1722
  2.2634   0.2572  -0.1707
  2.2649   0.2572  -0.1690
  2.2665   0.2573  -0.1672
  2.2680   0.2574  -0.1653
  2.2695   0.2576  -0.1633
  2.2711   0.2577  -0.1611
  2.2726   0.2578  -0.1589
  2.2742   0.2579  -0.1565
  2.2757   0.2580  -0.1540
  2.2772   0.2582  -0.1514
  2.2788   0.2583  -0.1487
  2.2803   0.2585  -0.1459
  2.2819   0.2586  -0.1429
  2.2834   0.2588  -0.1398
  2.2850   0.2589  -0.1366
  2.2865   0.2591  -0.1333
  2.2881   0.2593  -0.1298
  2.2881   0.2593  -0.1298
  2.2896   0.2595  -0.1262
  2.2912   0.2597  -0.1226
  2.2927   0.2598  -0.1190
  2.2943   0.2600  -0.1154
  2.2958   0.2601  -0.1118
  2.2974   0.2603  -0.1081
  2.2989   0.2604  -0.1044
  2.3004   0.2605  -0.1008
  2.3020   0.2606  -0.0970
  2.3035   0.2607  -0.0933
  2.3050   0.2608  -0.0896
  2.3066   0.2609  -0.0858
  2.3081   0.2610  -0.0820
  2.3096   0.2611  -0.0782
  2.3112   0.2611  -0.0744
  2.3127   0.2612  -0.0706
  2.3142   0.2613  -0.0668
  2.3157   0.2613  -0.0629
  2.3172   0.2613  -0.0590
  2.3188   0.2613  -0.0551
  2.3203   0.2614  -0.0512
  2.3218   0.2614  -0.0473
  2.3233   0.2614  -0.0434
  2.3248   0.2613  -0.0394
  2.3263   0.2613  -0.0355
  2.3279   0.2613  -0.0315
  2.3294   0.2613  -0.0275
  2.3309   0.2612  -0.0236
  2.3324   0.2611  -0.0196
  2.3339   0.2611  -0.0156
  2.3354   0.2610  -0.0116
  2.3369   0.2609  -0.0076
  2.3385   0.2608  -0.0035
  2.3400   0.2607   0.0005
  2.3415   0.2606   0.0045
  2.3430   0.2605   0.0085
  2.3445   0.2603   0.0126
  2.3460   0.2602   0.0166
  2.3475   0.2600   0.0206
  2.3490   0.2599   0.0246
  2.3506   0.2597   0.0287
  2.3521   0.2595   0.0327
  2.3536   0.2593   0.0367
  2.3551   0.2591   0.0407
  2.3566   0.2589   0.0447
  2.3581   0.2587   0.0487
  2.3596   0.2584   0.0527
  2.3612   0.2582   0.0567
  2.3627   0.2579   0.0606
  2.3642   0.2577   0.0646
  2.3657   0.2574   0.0686
  2.3672   0.2571   0.0725
  2.3688   0.2568   0.0764
  2.3703   0.2565   0.0803
  2.3718   0.2562   0.0842
  2.3733   0.2558   0.0881
  2.3749   0.2555   0.0919
  2.3764   0.2551   0.0958
  2.3779   0.2547   0.0996
  2.3795   0.2544   0.1034
  2.3810   0.2540   0.1071
  2.3825   0.2536   0.1109
  2.3841   0.2531   0.1146
  2.3856   0.2527   0.1183
  2.3871   0.2523   0.1220
  2.3887   0.2518   0.1256
  2.3902   0.2514   0.1292
  2.3918   0.2509   0.1328
  2.3918   0.2509   0.1328
  2.3933   0.2504   0.1365
  2.3949   0.2499   0.1399
  2.3964   0.2494   0.1432
  2.3979   0.2490   0.1464
  2.3995   0.2485   0.1493
  2.4010   0.2481   0.1521
  2.4026   0.2477   0.1547
  2.4041   0.2473   0.1572
  2.4056   0.2470   0.1595
  2.4071   0.2466   0.1617
  2.4087   0.2463   0.1637
  2.4102   0.2460   0.1655
  2.4117   0.2456   0.1672
  2.4133   0.2454   0.1688
  2.4148   0.2451   0.1702
  2.4163   0.2448   0.1714
  2.4178   0.2446   0.1726
  2.4193   0.2443   0.1736
  2.4209   0.2441   0.1745
  2.4224   0.2439   0.1752
  2.4239   0.2437   0.1758
  2.4254   0.2436   0.1763
  2.4269   0.2434   0.1767
  2.4284   0.2433   0.1770
  2.4299   0.2432   0.1771
  2.4314   0.2430   0.1771
  2.4330   0.2429   0.1770
  2.4345   0.2429   0.1768
  2.4360   0.2428   0.1765
  2.4375   0.2427   0.1761
  2.4390   0.2427   0.1756
  2.4405   0.2427   0.1750
  2.4420   0.2426   0.1742
  2.4435   0.2426   0.1734
  2.4450   0.2426   0.1725
  2.4465   0.2427   0.1715
  2.4480   0.2427   0.1704
  2.4495   0.2428   0.1692
  2.4510   0.2428   0.1679
  2.4525   0.2429   0.1666
  2.4540   0.2430   0.1651
  2.4554   0.2431   0.1636
  2.4569   0.2432   0.1620
  2.4584   0.2433   0.1603
  2.4599   0.2435   0.1585
  2.4614   0.2436   0.1567
  2.4629   0.2438   0.1548
  2.4644   0.2440   0.1528
  2.4659   0.2441   0.1507
  2.4674   0.2443   0.1486
  2.4689   0.2446   0.1464
  2.4703   0.2448   0.1441
  2.4718   0.2450   0.1418
  2.4733   0.2453   0.1394
  2.4748   0.2455   0.1370
  2.4763   0.2458   0.1345
  2.4778   0.2461   0.1319
  2.4792   0.2464   0.1293
  2.4807   0.2467   0.1266
  2.4822   0.2470   0.1239
  2.4837   0.2473   0.1211
  2.4852   0.2476   0.1183
  2.4867   0.2480   0.1154
  2.4881   0.2483   0.1125
  2.4896   0.2487   0.1095
  2.4911   0.2491   0.1065
  2.4926   0.2495   0.1035
  2.4941   0.2499   0.1004
  2.4955   0.2503   0.0973
  2.4970   0.2507   0.0941
  2.4985   0.2511   0.0909
  2.4985   0.2511   0.0909
  2.5000   0.2515   0.0877
  2.5015   0.2520   0.0845
  2.5029   0.2524   0.0814
  2.5044   0.2528   0.0783
  2.5059   0.2532   0.0753
  2.5073   0.2536   0.0724
  2.5088   0.2540   0.0695
  2.5102   0.2544   0.0666
  2.5117   0.2547   0.0638
  2.5131   0.2551   0.0610
  2.5146   0.2555   0.0582
  2.5160   0.2558   0.0555
  2.5175   0.2562   0.0528
  2.5189   0.2565   0.0501
  2.5204   0.2568   0.0475
  2.5218   0.2571   0.0448
  2.5232   0.2574   0.0422
  2.5247   0.2577   0.0396
  2.5261   0.2580   0.0371
  2.5275   0.2583   0.0345
  2.5290   0.2586   0.0320
  2.5304   0.2589   0.0295
  2.5318   0.2591   0.0269
  2.5332   0.2594   0.0244
  2.5347   0.2596   0.0219
  2.5361   0.2598   0.0194
  2.5375   0.2601   0.0169
  2.5389   0.2603   0.0145
  2.5403   0.2605   0.0120
  2.5418   0.2607   0.0095
  2.5432   0.2609   0.0070
  2.5446   0.2610   0.0045
  2.5460   0.2612   0.0021
  2.5474   0.2614  -0.0004
  2.5488   0.2615  -0.0029
  2.5502   0.2616  -0.0054
  2.5517   0.2618  -0.0079
  2.5531   0.2619  -0.0104
  2.5545   0.2620  -0.0129
  2.5559   0.2621  -0.0154
  2.5573   0.2622  -0.0179
  2.5587   0.2622  -0.0205
  2.5601   0.2623  -0.0230
  2.5615   0.2624  -0.0255
  2.5630   0.2624  -0.0281
  2.5644   0.2624  -0.0307
  2.5658   0.2625  -0.0333
  2.5672   0.2625  -0.0359
  2.5686   0.2625  -0.0385
  2.5700   0.2625  -0.0411
  2.5714   0.2624  -0.0438
  2.5729   0.2624  -0.0464
  2.5743   0.2624  -0.0491
  2.5757   0.2623  -0.0518
  2.5771   0.2622  -0.0545
  2.5785   0.2622  -0.0573
  2.5800   0.2621  -0.0600
  2.5814   0.2620  -0.0628
  2.5828   0.2619  -0.0656
  2.5842   0.2617  -0.0684
  2.5857   0.2616  -0.0713
  2.5871   0.2615  -0.0742
  2.5885   0.2613  -0.0771
  2.5900   0.2611  -0.0800
  2.5914   0.2609  -0.0830
  2.5929   0.2607  -0.0860
  2.5943   0.2605  -0.0890
  2.5957   0.2603  -0.0921
  2.5957   0.2603  -0.0921
  2.5972   0.2601  -0.0954
  2.5986   0.2598  -0.0986
  2.6001   0.2596  -0.1017
  2.6015   0.2594  -0.1047
  2.6030   0.2591  -0.1078
  2.6045   0.2589  -0.1107
  2.6059   0.2587  -0.1136
  2.6074   0.2585  -0.1165
  2.6088   0.2583  -0.1193
  2.6103   0.2581  -0.1220
  2.6117   0.2579  -0.1247
  2.6132   0.2577  -0.1273
  2.6147   0.2575  -0.1299
  2.6161   0.2574  -0.1324
  2.6176   0.2572  -0.1348
  2.6190   0.2571  -0.1372
  2.6205   0.2569  -0.1395
  2.6220   0.2568  -0.1418
  2.6234   0.2566  -0.1440
  2.6249   0.2565  -0.1461
  2.6264   0.2563  -0.1482
  2.6279   0.2562  -0.1502
  2.6293   0.2561  -0.1521
  2.6308   0.2560  -0.1540
  2.6323   0.2559  -0.1557
  2.6338   0.2558  -0.1575
  2.6352   0.2557  -0.1591
  2.6367   0.2556  -0.1607
  2.6382   0.2555  -0.1622
  2.6397   0.2554  -0.1636
  2.6412   0.2553  -0.1650
  2.6427   0.2553  -0.1663
  2.6442   0.2552  -0.1675
  2.6456   0.2552  -0.1686
  2.6471   0.2551  -0.1697
  2.6486   0.2551  -0.1706
  2.6501   0.2550  -0.1715
  2.6516   0.2550  -0.1723
  2.6531   0.2550  -0.1730
  2.6546   0.2549  -0.1737
  2.6561   0.2549  -0.1743
  2.6576   0.2549  -0.1747
  2.6591   0.2549  -0.1751
  2.6606   0.2549  -0.1754
  2.6621   0.2549  -0.1756
  2.6637   0.2549  -0.1758
  2.6652   0.2549  -0.1758
  2.6667   0.2550  -0.1757
  2.6682   0.2550  -0.1756
  2.6697   0.2550  -0.1753
  2.6712   0.2551  -0.1750
  2.6727   0.2551  -0.1746
  2.6743   0.2551  -0.1740
  2.6758   0.2552  -0.1734
  2.6773   0.2553  -0.1727
  2.6788   0.2553  -0.1718
  2.6804   0.2554  -0.1709
  2.6819   0.2555  -0.1699
  2.6834   0.2556  -0.1687
  2.6849   0.2557  -0.1675
  2.6865   0.2558  -0.1661
  2.6880   0.2559  -0.1647
  2.6895   0.2560  -0.1631
  2.6911   0.2561  -0.1614
  2.6926   0.2562  -0.1597
  2.6942   0.2563  -0.1578
  2.6957   0.2565  -0.1558
  2.6973   0.2566  -0.1536
  2.6988   0.2567  -0.1514
  2.7003   0.2569  -0.1490
  2.7019   0.2570  -0.1466
  2.7035   0.2572  -0.1440
  2.7050   0.2574  -0.1413
  2.7066   0.2575  -0.1385
  2.7081   0.2577  -0.1355
  2.7097   0.2579  -0.1324
  2.7112   0.2581  -0.1292
  2.7128   0.2583  -0.1259
  2.7144   0.2585  -0.1225
  2.7144   0.2585  -0.1225
  2.7159   0.2587  -0.1189
  2.7175   0.2589  -0.1153
  2.7191   0.2591  -0.1117
  2.7206   0.2593  -0.1081
  2.7222   0.2594  -0.1045
  2.7237   0.2596  -0.1009
  2.7253   0.2597  -0.0972
  2.7268   0.2599  -0.0935
  2.7284   0.2600  -0.0898
  2.7299   0.2602  -0.0861
  2.7315   0.2603  -0.0824
  2.7330   0.2604  -0.0787
  2.7345   0.2605  -0.0749
  2.7361   0.2606  -0.0712
  2.7376   0.2607  -0.0674
  2.7391   0.2608  -0.0636
  2.7407   0.2608  -0.0597
  2.7422   0.2609  -0.0559
  2.7437   0.2610  -0.0521
  2.7453   0.2610  -0.0482
  2.7468   0.2610  -0.0443
  2.7483   0.2611  -0.0404
  2.7499   0.2611  -0.0365
  2.7514   0.2611  -0.0326
  2.7529   0.2611  -0.0287
  2.7544   0.2611  -0.0248
  2.7560   0.2611  -0.0208
  2.7575   0.2610  -0.0169
  2.7590   0.2610  -0.0129
  2.7605   0.2610  -0.0089
  2.7621   0.2609  -0.0050
  2.7636   0.2608  -0.0010
  2.7651   0.2608   0.0030
  2.7666   0.2607   0.0070
  2.7681   0.2606   0.0110
  2.7697   0.2605   0.0150
  2.7712   0.2604   0.0190
  2.7727   0.2603   0.0230
  2.7742   0.2601   0.0270
  2.7758   0.2600   0.0310
  2.7773   0.2598   0.0350
  2.7788   0.2597   0.0390
  2.7803   0.2595   0.0430
  2.7819   0.2593   0.0470
  2.7834   0.2591   0.0509
  2.7849   0.2589   0.0549
  2.7864   0.2587   0.0589
  2.7880   0.2585   0.0628
  2.7895   0.2583   0.0668
  2.7910   0.2580   0.0707
  2.7926   0.2577   0.0746
  2.7941   0.2575   0.0785
  2.7956   0.2572   0.0824
  2.7972   0.2569   0.0863
  2.7987   0.2566   0.0902
  2.8002   0.2563   0.0940
  2.8018   0.2560   0.0979
  2.8033   0.2556   0.1017
  2.8048   0.2553   0.1055
  2.8064   0.2549   0.1092
  2.8079   0.2546   0.1130
  2.8095   0.2542   0.1167
  2.8110   0.2538   0.1204
  2.8126   0.2534   0.1241
  2.8141   0.2530   0.1277
  2.8157   0.2525   0.1314
  2.8172   0.2521   0.1350
  2.8188   0.2516   0.1385
  2.8188   0.2516   0.1385
  2.8204   0.2512   0.1422
  2.8219   0.2507   0.1456
  2.8235   0.2502   0.1489
  2.8250   0.2498   0.1520
  2.8265   0.2494   0.1550
  2.8281   0.2490   0.1578
  2.8296   0.2486   0.1605
  2.8312   0.2482   0.1630
  2.8327   0.2479   0.1653
  2.8343   0.2476   0.1675
  2.8358   0.2472   0.1695
  2.8373   0.2469   0.1713
  2.8389   0.2467   0.1730
  2.8404   0.2464   0.1746
  2.8419   0.2461   0.1760
  2.8435   0.2459   0.1773
  2.8450   0.2456   0.1784
  2.8465   0.2454   0.1794
  2.8480   0.2452   0.1803
  2.8496   0.2451   0.1810
  2.8511   0.2449   0.1816
  2.8526   0.2447   0.1821
  2.8541   0.2446   0.1825
  2.8557   0.2445   0.1827
  2.8572   0.2443   0.1829
  2.8587   0.2443   0.1829
  2.8602   0.2442   0.1828
  2.8617   0.2441   0.1826
  2.8632   0.2440   0.1823
  2.8647   0.2440   0.1818
  2.8663   0.2440   0.1813
  2.8678   0.2439   0.1807
  2.8693   0.2439   0.1799
  2.8708   0.2440   0.1791
  2.8723   0.2440   0.1782
  2.8738   0.2440   0.1772
  2.8753   0.2441   0.1761
  2.8768   0.2441   0.1749
  2.8783   0.2442   0.1736
  2.8798   0.2443   0.1722
  2.8813   0.2444   0.1707
  2.8828   0.2445   0.1692
  2.8843   0.2446   0.1675
  2.8858   0.2448   0.1658
  2.8873   0.2449   0.1641
  2.8888   0.2451   0.1622
  2.8903   0.2453   0.1603
  2.8918   0.2454   0.1583
  2.8933   0.2456   0.1562
  2.8948   0.2459   0.1540
  2.8963   0.2461   0.1518
  2.8977   0.2463   0.1496
  2.8992   0.2465   0.1472
  2.9007   0.2468   0.1448
  2.9022   0.2471   0.1424
  2.9037   0.2473   0.1398
  2.9052   0.2476   0.1373
  2.9067   0.2479   0.1346
  2.9082   0.2482   0.1320
  2.9096   0.2486   0.1292
  2.9111   0.2489   0.1264
  2.9126   0.2492   0.1236
  2.9141   0.2496   0.1207
  2.9156   0.2500   0.1178
  2.9171   0.2503   0.1148
  2.9185   0.2507   0.1118
  2.9200   0.2511   0.1088
  2.9215   0.2515   0.1057
  2.9230   0.2519   0.1025
  2.9245   0.2524   0.0994
  2.9260   0.2528   0.0962
  2.9260   0.2528   0.0962
  2.9274   0.2532   0.0929
  2.9289   0.2537   0.0898
  2.9304   0.2541   0.0866
  2.9319   0.2545   0.0836
  2.9333   0.2549   0.0806
  2.9348   0.2553   0.0776
  2.9362   0.2557   0.0747
  2.9377   0.2561   0.0718
  2.9391   0.2565   0.0690
  2.9406   0.2568   0.0662
  2.9420   0.2572   0.0635
  2.9435   0.2576   0.0607
  2.9449   0.2579   0.0580
  2.9464   0.2583   0.0554
  2.9478   0.2586   0.0527
  2.9493   0.2589   0.0501
  2.9507   0.2592   0.0475
  2.9521   0.2595   0.0449
  2.9536   0.2598   0.0423
  2.9550   0.2601   0.0398
  2.9564   0.2604   0.0373
  2.9578   0.2607   0.0347
  2.9593   0.2609   0.0322
  2.9607   0.2612   0.0297
  2.9621   0.2614   0.0272
  2.9635   0.2617   0.0247
  2.9650   0.2619   0.0223
  2.9664   0.2621   0.0198
  2.9678   0.2623   0.0173
  2.9692   0.2625   0.0148
  2.9706   0.2627   0.0124
  2.9721   0.2629   0.0099
  2.9735   0.2631   0.0074
  2.9749   0.2633   0.0049
  2.9763   0.2634   0.0025
  2.9777   0.2635  -0.0000
  2.9791   0.2637  -0.0025
  2.9805   0.2638  -0.0050
  2.9820   0.2639  -0.0075
  2.9834   0.2640  -0.0100
  2.9848   0.2641  -0.0125
  2.9862   0.2642  -0.0151
  2.9876   0.2643  -0.0176
  2.9890   0.2643  -0.0202
  2.9904   0.2644  -0.0227
  2.9918   0.2644  -0.0253
  2.9933   0.2644  -0.0279
  2.9947   0.2645  -0.0305
  2.9961   0.2645  -0.0331
  2.9975   0.2645  -0.0357
  2.9989   0.2644  -0.0384
  3.0003   0.2644  -0.0410
  3.0018   0.2644  -0.0437
  3.0032   0.2643  -0.0464
  3.0046   0.2643  -0.0491
  3.0060   0.2642  -0.0519
  3.0074   0.2641  -0.0546
  3.0089   0.2640  -0.0574
  3.0103   0.2639  -0.0602
  3.0117   0.2638  -0.0630
  3.0132   0.2637  -0.0659
  3.0146   0.2635  -0.0688
  3.0160   0.2634  -0.0717
  3.0175   0.2632  -0.0746
  3.0189   0.2630  -0.0776
  3.0203   0.2629  -0.0806
  3.0218   0.2627  -0.0837
  3.0232   0.2624  -0.0868
  3.0247   0.2622  -0.0899
  3.0247   0.2622  -0.0899
  3.0261   0.2620  -0.0932
  3.0276   0.2617  -0.0964
  3.0291   0.2615  -0.0996
  3.0305   0.2612  -0.1027
  3.0320   0.2610  -0.1058
  3.0334   0.2608  -0.1088
  3.0349   0.2606  -0.1117
  3.0363   0.2604  -0.1146
  3.0378   0.2601  -0.1175
  3.0393   0.2599  -0.1202
  3.0407   0.2598  -0.1230
  3.0422   0.2596  -0.1256
  3.0437   0.2594  -0.1282
  3.0451   0.2592  -0.1308
  3.0466   0.2590  -0.1332
  3.0481   0.2589  -0.1357
  3.0495   0.2587  -0.1380
  3.0510   0.2586  -0.1403
  3.0525   0.2584  -0.1425
  3.0539   0.2583  -0.1447
  3.0554   0.2581  -0.1468
  3.0569   0.2580  -0.1488
  3.0584   0.2579  -0.1508
  3.0598   0.2578  -0.1527
  3.0613   0.2576  -0.1545
  3.0628   0.2575  -0.1562
  3.0643   0.2574  -0.1579
  3.0658   0.2573  -0.1595
  3.0673   0.2572  -0.1611
  3.0687   0.2572  -0.1625
  3.0702   0.2571  -0.1639
  3.0717   0.2570  -0.1652
  3.0732   0.2569  -0.1665
  3.0747   0.2569  -0.1676
  3.0762   0.2568  -0.1687
  3.0777   0.2568  -0.1697
  3.0792   0.2567  -0.1706
  3.0807   0.2567  -0.1715
  3.0822   0.2566  -0.1722
  3.0837   0.2566  -0.1729
  3.0852   0.2566  -0.1735
  3.0867   0.2566  -0.1740
  3.0882   0.2566  -0.1744
  3.0897   0.2566  -0.1747
  3.0912   0.2566  -0.1750
  3.0927   0.2566  -0.1751
  3.0942   0.2566  -0.1752
  3.0957   0.2566  -0.1751
  3.0973   0.2566  -0.1750
  3.0988   0.2566  -0.1748
  3.1003   0.2567  -0.1745
  3.1018   0.2567  -0.1741
  3.1033   0.2568  -0.1736
  3.1049   0.2568  -0.1729
  3.1064   0.2569  -0.1722
  3.1079   0.2569  -0.1714
  3.1094   0.2570  -0.1705
  3.1110   0.2571  -0.1695
  3.1125   0.2571  -0.1684
  3.1140   0.2572  -0.1672
  3.1156   0.2573  -0.1658
  3.1171   0.2574  -0.1644
  3.1186   0.2575  -0.1629
  3.1202   0.2576  -0.1612
  3.1217   0.2577  -0.1594
  3.1232   0.2579  -0.1576
  3.1248   0.2580  -0.1556
  3.1263   0.2581  -0.1535
  3.1279   0.2583  -0.1512
  3.1294   0.2584  -0.1489
  3.1310   0.2585  -0.1464
  3.1325   0.2587  -0.1439
  3.1341   0.2589  -0.1412
  3.1356   0.2590  -0.1384
  3.1372   0.2592  -0.1354
  3.1388   0.2594  -0.1324
  3.1403   0.2596  -0.1292
  3.1419   0.2598  -0.1259
  3.1434   0.2599  -0.1224
  3.1434   0.2599  -0.1224
  3.1450   0.2602  -0.1189
  3.1466   0.2603  -0.1153
  3.1481   0.2605  -0.1117
  3.1497   0.2607  -0.1081
  3.1512   0.2609  -0.1045
  3.1528   0.2610  -0.1009
  3.1544   0.2612  -0.0972
  3.1559   0.2613  -0.0936
  3.1574   0.2615  -0.0899
  3.1590   0.2616  -0.0862
  3.1605   0.2617  -0.0825
  3.1621   0.2618  -0.0788
  3.1636   0.2619  -0.0750
  3.1652   0.2620  -0.0713
  3.1667   0.2621  -0.0675
  3.1682   0.2622  -0.0637
  3.1698   0.2622  -0.0599
  3.1713   0.2623  -0.0561
  3.1728   0.2623  -0.0522
  3.1743   0.2624  -0.0484
  3.1759   0.2624  -0.0445
  3.1774   0.2624  -0.0406
  3.1789   0.2624  -0.0368
  3.1805   0.2624  -0.0329
  3.1820   0.2624  -0.0289
  3.1835   0.2624  -0.0250
  3.1850   0.2624  -0.0211
  3.1866   0.2624  -0.0171
  3.1881   0.2623  -0.0132
  3.1896   0.2623  -0.0092
  3.1911   0.2622  -0.0053
  3.1927   0.2622  -0.0013
  3.1942   0.2621   0.0027
  3.1957   0.2620   0.0066
  3.1972   0.2619   0.0106
  3.1987   0.2618   0.0146
  3.2003   0.2617   0.0186
  3.2018   0.2615   0.0226
  3.2033   0.2614   0.0266
  3.2048   0.2613   0.0305
  3.2064   0.2611   0.0345
  3.2079   0.2609   0.0385
  3.2094   0.2608   0.0425
  3.2109   0.2606   0.0464
  3.2125   0.2604   0.0504
  3.2140   0.2602   0.0544
  3.2155   0.2600   0.0583
  3.2170   0.2597   0.0623
  3.2186   0.2595   0.0662
  3.2201   0.2592   0.0701
  3.2216   0.2590   0.0740
  3.2232   0.2587   0.0779
  3.2247   0.2584   0.0818
  3.2262   0.2581   0.0857
  3.2278   0.2578   0.0895
  3.2293   0.2575   0.0934
  3.2308   0.2572   0.0972
  3.2324   0.2568   0.1010
  3.2339   0.2565   0.1048
  3.2355   0.2561   0.1085
  3.2370   0.2557   0.1122
  3.2385   0.2554   0.1160
  3.2401   0.2550   0.1196
  3.2416   0.2545   0.1233
  3.2432   0.2541   0.1270
  3.2448   0.2537   0.1306
  3.2463   0.2532   0.1341
  3.2479   0.2528   0.1377
  3.2479   0.2528   0.1377
  3.2494   0.2523   0.1413
  3.2510   0.2518   0.1448
  3.2525   0.2514   0.1480
  3.2541   0.2509   0.1511
  3.2556   0.2505   0.1541
  3.2572   0.2501   0.1568
  3.2587   0.2497   0.1594
  3.2603   0.2494   0.1618
  3.2618   0.2490   0.1641
  3.2633   0.2487   0.1662
  3.2649   0.2484   0.1682
  3.2664   0.2481   0.1700
  3.2680   0.2478   0.1717
  3.2695   0.2475   0.1732
  3.2710   0.2472   0.1746
  3.2726   0.2470   0.1758
  3.2741   0.2468   0.1769
  3.2756   0.2465   0.1779
  3.2772   0.2463   0.1787
  3.2787   0.2462   0.1794
  3.2802   0.2460   0.1800
  3.2817   0.2458   0.1804
  3.2833   0.2457   0.1807
  3.2848   0.2456   0.1809
  3.2863   0.2454   0.1810
  3.2878   0.2453   0.1810
  3.2893   0.2452   0.1809
  3.2909   0.2452   0.1806
  3.2924   0.2451   0.1803
  3.2939   0.2451   0.1798
  3.2954   0.2450   0.1792
  3.2969   0.2450   0.1786
  3.2984   0.2450   0.1778
  3.2999   0.2450   0.1769
  3.3014   0.2450   0.1760
  3.3030   0.2451   0.1749
  3.3045   0.2451   0.1737
  3.3060   0.2452   0.1725
  3.3075   0.2452   0.1712
  3.3090   0.2453   0.1697
  3.3105   0.2454   0.1682
  3.3120   0.2455   0.1667
  3.3135   0.2457   0.1650
  3.3150   0.2458   0.1632
  3.3165   0.2459   0.1614
  3.3180   0.2461   0.1595
  3.3195   0.2463   0.1576
  3.3210   0.2464   0.1555
  3.3225   0.2466   0.1534
  3.3240   0.2468   0.1512
  3.3255   0.2471   0.1490
  3.3270   0.2473   0.1466
  3.3284   0.2475   0.1443
  3.3299   0.2478   0.1418
  3.3314   0.2480   0.1393
  3.3329   0.2483   0.1368
  3.3344   0.2486   0.1342
  3.3359   0.2489   0.1315
  3.3374   0.2492   0.1288
  3.3389   0.2495   0.1260
  3.3404   0.2498   0.1232
  3.3419   0.2502   0.1203
  3.3434   0.2505   0.1174
  3.3448   0.2509   0.1144
  3.3463   0.2512   0.1114
  3.3478   0.2516   0.1083
  3.3493   0.2520   0.1052
  3.3508   0.2524   0.1021
  3.3523   0.2528   0.0989
  3.3538   0.2532   0.0957
  3.3552   0.2537   0.0925
  3.3552   0.2537   0.0925
  3.3567   0.2541   0.0892
  3.3582   0.2545   0.0860
  3.3597   0.2549   0.0828
  3.3612   0.2553   0.0797
  3.3626   0.2558   0.0767
  3.3641   0.2561   0.0737
  3.3656   0.2565   0.0707
  3.3670   0.2569   0.0678
  3.3685   0.2573   0.0649
  3.3699   0.2576   0.0621
  3.3714   0.2580   0.0593
  3.3728   0.2584   0.0565
  3.3743   0.2587   0.0538
  3.3757   0.2590   0.0511
  3.3772   0.2594   0.0484
  3.3786   0.2597   0.0457
  3.3801   0.2600   0.0430
  3.3815   0.2603   0.0404
  3.3829   0.2606   0.0378
  3.3844   0.2609   0.0352
  3.3858   0.2611   0.0326
  3.3872   0.2614   0.0300
  3.3887   0.2617   0.0275
  3.3901   0.2619   0.0249
  3.3915   0.2621   0.0224
  3.3930   0.2624   0.0198
  3.3944   0.2626   0.0173
  3.3958   0.2628   0.0148
  3.3972   0.2630   0.0122
  3.3987   0.2632   0.0097
  3.4001   0.2634   0.0072
  3.4015   0.2636   0.0047
  3.4029   0.2637   0.0021
  3.4043   0.2639  -0.0004
  3.4058   0.2640  -0.0029
  3.4072   0.2642  -0.0055
  3.4086   0.2643  -0.0080
  3.4100   0.2644  -0.0106
  3.4114   0.2645  -0.0131
  3.4129   0.2646  -0.0157
  3.4143   0.2647  -0.0182
  3.4157   0.2647  -0.0208
  3.4171   0.2648  -0.0234
  3.4185   0.2649  -0.0260
  3.4199   0.2649  -0.0286
  3.4214   0.2649  -0.0313
  3.4228   0.2650  -0.0339
  3.4242   0.2650  -0.0365
  3.4256   0.2650  -0.0392
  3.4270   0.2649  -0.0419
  3.4285   0.2649  -0.0446
  3.4299   0.2649  -0.0473
  3.4313   0.2648  -0.0500
  3.4327   0.2648  -0.0528
  3.4342   0.2647  -0.0555
  3.4356   0.2646  -0.0583
  3.4370   0.2646  -0.0611
  3.4384   0.2645  -0.0639
  3.4399   0.2643  -0.0668
  3.4413   0.2642  -0.0697
  3.4427   0.2641  -0.0726
  3.4442   0.2639  -0.0755
  3.4456   0.2638  -0.0784
  3.4471   0.2636  -0.0814
  3.4485   0.2634  -0.0844
  3.4500   0.2632  -0.0875
  3.4514   0.2630  -0.0906
  3.4529   0.2628  -0.0937
  3.4543   0.2625  -0.0969
  3.4543   0.2625  -0.0969
