  0.0000   0.0000   0.0000   0.0000
  0.0287  -0.0079   0.0367  -0.0282
  0.0604  -0.0058   0.0819  -0.0592
  0.0918  -0.0028   0.1270  -0.0897
  0.1225   0.0000   0.1710  -0.1193
  0.1526   0.0027   0.2141  -0.1479
  0.1820   0.0053   0.2560  -0.1755
  0.2108   0.0077   0.2970  -0.2022
  0.2390   0.0099   0.3369  -0.2279
  0.2665   0.0121   0.3759  -0.2527
  0.2933   0.0141   0.4138  -0.2765
  0.3195   0.0160   0.4508  -0.2994
  0.3451   0.0178   0.4868  -0.3214
  0.3701   0.0195   0.5218  -0.3424
  0.3944   0.0210   0.5559  -0.3625
  0.4182   0.0226   0.5890  -0.3817
  0.4413   0.0240   0.6212  -0.4001
  0.4638   0.0253   0.6524  -0.4175
  0.4857   0.0266   0.6828  -0.4340
  0.5070   0.0278   0.7122  -0.4496
  0.5277   0.0289   0.7408  -0.4643
  0.5478   0.0300   0.7685  -0.4782
  0.5673   0.0310   0.7952  -0.4912
  0.5863   0.0320   0.8212  -0.5034
  0.6047   0.0330   0.8462  -0.5146
  0.6225   0.0339   0.8704  -0.5251
  0.6397   0.0347   0.8938  -0.5347
  0.6564   0.0356   0.9163  -0.5434
  0.6725   0.0364   0.9379  -0.5514
  0.6881   0.0372   0.9588  -0.5585
  0.7031   0.0379   0.9788  -0.5647
  0.7176   0.0387   0.9981  -0.5702
  0.7315   0.0396   1.0166  -0.5749
  0.7449   0.0405   1.0344  -0.5788
  0.7578   0.0416   1.0514  -0.5820
  0.7702   0.0427   1.0676  -0.5843
  0.7820   0.0438   1.0831  -0.5860
  0.7934   0.0451   1.0980  -0.5868
  0.8042   0.0464   1.1121  -0.5869
  0.8145   0.0478   1.1254  -0.5863
  0.8243   0.0493   1.1381  -0.5849
  0.8337   0.0509   1.1501  -0.5828
  0.8425   0.0527   1.1614  -0.5800
  0.8509   0.0545   1.1720  -0.5764
  0.8588   0.0564   1.1820  -0.5722
  0.8662   0.0584   1.1912  -0.5672
  0.8731   0.0605   1.1999  -0.5616
  0.8796   0.0628   1.2078  -0.5552
  0.8856   0.0651   1.2151  -0.5482
  0.8912   0.0676   1.2217  -0.5405
  0.8963   0.0702   1.2278  -0.5321
  0.9009   0.0729   1.2331  -0.5230
  0.9051   0.0758   1.2379  -0.5133
  0.9089   0.0788   1.2420  -0.5029
  0.9122   0.0819   1.2455  -0.4919
  0.9151   0.0851   1.2484  -0.4802
  0.9175   0.0885   1.2506  -0.4679
  0.9195   0.0920   1.2523  -0.4550
  0.9211   0.0956   1.2534  -0.4414
  0.9223   0.0994   1.2538  -0.4272
  0.9231   0.1034   1.2537  -0.4124
  0.9234   0.1075   1.2530  -0.3970
  0.9234   0.1117   1.2517  -0.3810
  0.9229   0.1161   1.2499  -0.3644
  0.9221   0.1206   1.2475  -0.3471
  0.9208   0.1253   1.2445  -0.3293
  0.9192   0.1301   1.2409  -0.3109
  0.9171   0.1351   1.2368  -0.2920
  0.9147   0.1403   1.2321  -0.2724
  0.9119   0.1456   1.2269  -0.2523
  0.9087   0.1511   1.2212  -0.2316
  0.9051   0.1567   1.2148  -0.2104
  0.9012   0.1625   1.2080  -0.1885
  0.8968   0.1685   1.2006  -0.1661
  0.8921   0.1747   1.1926  -0.1432
  0.8870   0.1810   1.1840  -0.1196
  0.8815   0.1876   1.1749  -0.0955
  0.8756   0.1943   1.1653  -0.0708
  0.8693   0.2012   1.1551  -0.0456
  0.8627   0.2083   1.1444  -0.0198
  0.8557   0.2156   1.1331   0.0066
  0.8483   0.2231   1.1213   0.0334
  0.8406   0.2308   1.1089   0.0609
  0.8325   0.2387   1.0961   0.0888
  0.8240   0.2468   1.0827   0.1173
  0.8152   0.2551   1.0688   0.1464
  0.8060   0.2636   1.0543   0.1759
  0.7965   0.2723   1.0394   0.2060
  0.7866   0.2812   1.0240   0.2366
  0.7764   0.2903   1.0080   0.2677
  0.7659   0.2996   0.9915   0.2993
  0.7550   0.3091   0.9746   0.3314
  0.7438   0.3189   0.9571   0.3640
  0.7322   0.3288   0.9392   0.3971
  0.7203   0.3390   0.9208   0.4306
  0.7081   0.3494   0.9019   0.4647
  0.6956   0.3600   0.8825   0.4992
  0.6827   0.3709   0.8626   0.5343
  0.6696   0.3819   0.8423   0.5698
  0.6561   0.3932   0.8215   0.6057
  0.6423   0.4047   0.8002   0.6422
  0.6282   0.4165   0.7785   0.6791
  0.6138   0.4285   0.7563   0.7164
  0.5990   0.4407   0.7337   0.7542
  0.5840   0.4531   0.7106   0.7925
  0.5687   0.4658   0.6871   0.8312
  0.5531   0.4788   0.6631   0.8704
  0.5372   0.4919   0.6387   0.9100
  0.5210   0.5054   0.6139   0.9501
  0.5045   0.5191   0.5886   0.9905
  0.4877   0.5330   0.5629   1.0315
  0.4706   0.5472   0.5368   1.0728
  0.4533   0.5617   0.5103   1.1146
  0.4357   0.5764   0.4833   1.1568
  0.4178   0.5914   0.4559   1.1995
  0.3996   0.6067   0.4282   1.2426
  0.3811   0.6223   0.4000   1.2861
  0.3624   0.6382   0.3715   1.3300
  0.3434   0.6545   0.3426   1.3743
  0.3241   0.6711   0.3133   1.4190
  0.3241   0.6711   0.3133   1.4190
  0.5939  -0.8426   0.3387   1.3852
  0.8734  -2.3398   0.3710   1.3493
  1.1372  -3.6917   0.4052   1.3128
  1.3837  -4.8994   0.4408   1.2761
  1.6137  -5.9748   0.4775   1.2392
  1.8284  -6.9296   0.5154   1.2022
  2.0287  -7.7747   0.5542   1.1649
  2.2159  -8.5204   0.5941   1.1276
  2.3908  -9.1757   0.6348   1.0900
  2.5546  -9.7492   0.6764   1.0524
  2.7081 -10.2484   0.7187   1.0146
  2.8523 -10.6802   0.7618   0.9766
  2.9878 -11.0511   0.8057   0.9386
  3.1155 -11.3666   0.8503   0.9004
  3.2359 -11.6320   0.8955   0.8621
  3.3497 -11.8517   0.9414   0.8237
  3.4575 -12.0301   0.9879   0.7851
  3.5596 -12.1709   1.0351   0.7465
  3.6566 -12.2774   1.0828   0.7077
  3.7489 -12.3528   1.1312   0.6688
  3.8366 -12.3997   1.1802   0.6298
  3.9203 -12.4208   1.2297   0.5907
  4.0001 -12.4181   1.2799   0.5514
  4.0763 -12.3938   1.3306   0.5121
  4.1490 -12.3497   1.3819   0.4725
  4.2184 -12.2874   1.4338   0.4329
  4.2847 -12.2085   1.4863   0.3932
  4.3480 -12.1144   1.5394   0.3533
  4.4083 -12.0062   1.5931   0.3132
  4.4659 -11.8852   1.6473   0.2730
  4.5206 -11.7524   1.7022   0.2327
  4.5727 -11.6087   1.7578   0.1923
  4.6221 -11.4551   1.8139   0.1517
  4.6687 -11.2924   1.8707   0.1109
  4.7128 -11.1213   1.9281   0.0700
  4.7542 -10.9426   1.9861   0.0289
  4.7929 -10.7569   2.0449  -0.0123
  4.8289 -10.5649   2.1043  -0.0537
  4.8622 -10.3672   2.1643  -0.0952
  4.8927 -10.1642   2.2251  -0.1369
  4.9205  -9.9566   2.2866  -0.1788
  4.9454  -9.7448   2.3488  -0.2209
  4.9675  -9.5293   2.4118  -0.2632
  4.9866  -9.3106   2.4755  -0.3056
  5.0028  -9.0891   2.5400  -0.3482
  5.0159  -8.8652   2.6053  -0.3910
  5.0259  -8.6394   2.6714  -0.4340
  5.0328  -8.4120   2.7383  -0.4772
  5.0364  -8.1834   2.8060  -0.5206
  5.0368  -7.9541   2.8746  -0.5642
  5.0338  -7.7243   2.9441  -0.6080
  5.0274  -7.4944   3.0144  -0.6520
  5.0175  -7.2647   3.0857  -0.6962
  5.0040  -7.0357   3.1579  -0.7406
  4.9870  -6.8075   3.2310  -0.7853
  4.9663  -6.5806   3.3051  -0.8301
  4.9419  -6.3552   3.3802  -0.8752
  4.9136  -6.1317   3.4564  -0.9205
  4.8815  -5.9102   3.5335  -0.9660
  4.8456  -5.6912   3.6117  -1.0117
  4.8056  -5.4749   3.6909  -1.0577
  4.7617  -5.2615   3.7713  -1.1039
  4.7136  -5.0513   3.8528  -1.1503
  4.6615  -4.8446   3.9354  -1.1969
  4.6052  -4.6416   4.0192  -1.2438
  4.5447  -4.4424   4.1042  -1.2909
  4.4799  -4.2475   4.1903  -1.3382
  4.4109  -4.0568   4.2778  -1.3857
  4.3375  -3.8706   4.3664  -1.4335
  4.2598  -3.6892   4.4564  -1.4814
  4.1777  -3.5125   4.5477  -1.5296
  4.0912  -3.3409   4.6403  -1.5781
  4.0002  -3.1743   4.7342  -1.6267
  3.9047  -3.0128   4.8296  -1.6755
  3.8048  -2.8566   4.9264  -1.7246
  3.7003  -2.7057   5.0246  -1.7738
  3.5913  -2.5600   5.1242  -1.8233
  3.4777  -2.4196   5.2254  -1.8729
  3.3596  -2.2844   5.3281  -1.9228
  3.2368  -2.1542   5.4323  -1.9728
  3.1095  -2.0290   5.5382  -2.0230
  2.9775  -1.9085   5.6456  -2.0734
  2.8409  -1.7925   5.7547  -2.1239
  2.6997  -1.6806   5.8655  -2.1745
  2.5538  -1.5725   5.9780  -2.2254
  2.4033  -1.4677   6.0922  -2.2763
  2.2482  -1.3657   6.2082  -2.3274
  2.0884  -1.2658   6.3260  -2.3786
  1.9239  -1.1674   6.4457  -2.4298
  1.7548  -1.0695   6.5673  -2.4812
  1.5811  -0.9712   6.6908  -2.5326
  1.4027  -0.8714   6.8162  -2.5841
  1.2197  -0.7688   6.9437  -2.6357
  1.0320  -0.6620   7.0733  -2.6872
  0.8398  -0.5494   7.2049  -2.7388
  0.6430  -0.4292   7.3387  -2.7904
  0.4416  -0.2994   7.4747  -2.8419
  0.2356  -0.1577   7.6130  -2.8934
  0.2356  -0.1577   7.6130  -2.8934
  0.2199   0.1474   7.5576  -2.7949
  0.2062   0.4481   7.5047  -2.6935
  0.1931   0.7249   7.4507  -2.5913
  0.1804   0.9779   7.3947  -2.4879
  0.1679   1.2087   7.3366  -2.3833
  0.1556   1.4190   7.2763  -2.2776
  0.1435   1.6102   7.2140  -2.1706
  0.1315   1.7839   7.1494  -2.0626
  0.1197   1.9412   7.0827  -1.9533
  0.1080   2.0834   7.0138  -1.8429
  0.0964   2.2117   6.9426  -1.7313
  0.0849   2.3269   6.8692  -1.6186
  0.0735   2.4302   6.7935  -1.5047
  0.0623   2.5224   6.7155  -1.3897
  0.0511   2.6043   6.6352  -1.2735
  0.0400   2.6767   6.5526  -1.1562
  0.0290   2.7402   6.4676  -1.0378
  0.0182   2.7956   6.3802  -0.9182
  0.0075   2.8434   6.2905  -0.7975
 -0.0031   2.8842   6.1983  -0.6757
 -0.0136   2.9186   6.1037  -0.5527
 -0.0239   2.9469   6.0066  -0.4286
 -0.0341   2.9697   5.9071  -0.3035
 -0.0442   2.9873   5.8051  -0.1771
 -0.0541   3.0001   5.7005  -0.0497
 -0.0638   3.0086   5.5935   0.0788
 -0.0733   3.0129   5.4840   0.2085
 -0.0826   3.0134   5.3719   0.3393
 -0.0918   3.0103   5.2573   0.4712
 -0.1007   3.0040   5.1401   0.6041
 -0.1094   2.9946   5.0204   0.7383
 -0.1179   2.9824   4.8981   0.8735
 -0.1262   2.9675   4.7733   1.0098
 -0.1342   2.9502   4.6459   1.1473
 -0.1419   2.9305   4.5159   1.2858
 -0.1494   2.9086   4.3834   1.4255
 -0.1566   2.8847   4.2483   1.5664
 -0.1635   2.8589   4.1106   1.7083
 -0.1702   2.8312   3.9704   1.8515
 -0.1765   2.8018   3.8277   1.9957
 -0.1824   2.7708   3.6824   2.1411
 -0.1881   2.7382   3.5345   2.2877
 -0.1934   2.7040   3.3842   2.4355
 -0.1983   2.6683   3.2313   2.5845
 -0.2029   2.6312   3.0760   2.7346
 -0.2070   2.5926   2.9181   2.8860
 -0.2108   2.5527   2.7578   3.0386
 -0.2141   2.5113   2.5950   3.1925
 -0.2170   2.4685   2.4298   3.3477
 -0.2195   2.4243   2.2622   3.5041
 -0.2214   2.3786   2.0922   3.6619
 -0.2229   2.3315   1.9197   3.8211
 -0.2239   2.2828   1.7449   3.9816
 -0.2244   2.2325   1.5678   4.1435
 -0.2243   2.1805   1.3883   4.3069
 -0.2237   2.1268   1.2064   4.4717
 -0.2225   2.0713   1.0223   4.6381
 -0.2207   2.0138   0.8359   4.8060
 -0.2183   1.9542   0.6473   4.9755
 -0.2152   1.8925   0.4563   5.1466
 -0.2115   1.8284   0.2632   5.3195
 -0.2071   1.7618   0.0678   5.4941
 -0.2020   1.6926  -0.1298   5.6705
 -0.1961   1.6205  -0.3296   5.8487
 -0.1895   1.5454  -0.5315   6.0289
 -0.1821   1.4669  -0.7357   6.2111
 -0.1739   1.3849  -0.9420   6.3953
 -0.1648   1.2991  -1.1505   6.5817
 -0.1548   1.2091  -1.3612   6.7703
 -0.1439   1.1148  -1.5740   6.9611
 -0.1321   1.0157  -1.7890   7.1544
 -0.1193   0.9114  -2.0062   7.3502
 -0.1055   0.8016  -2.2255   7.5486
 -0.0907   0.6859  -2.4471   7.7496
 -0.0747   0.5637  -2.6708   7.9535
 -0.0576   0.4346  -2.8969   8.1603
 -0.0394   0.2981  -3.1251   8.3701
 -0.0199   0.1535  -3.3557   8.5832
  0.0008   0.0003  -3.5886   8.7995
  0.0008   0.0003  -3.5886   8.7995
 -0.2412   1.0871  -3.7329   6.2902
 -0.5219   2.2203  -3.9215   3.6928
 -0.8018   3.2159  -4.1377   1.4267
 -1.0740   4.0578  -4.3729  -0.4901
 -1.3375   4.7643  -4.6231  -2.0979
 -1.5923   5.3559  -4.8848  -3.4429
 -1.8386   5.8510  -5.1546  -4.5665
 -2.0766   6.2651  -5.4294  -5.5040
 -2.3062   6.6111  -5.7063  -6.2853
 -2.5275   6.8999  -5.9829  -6.9358
 -2.7406   7.1406  -6.2570  -7.4766
 -2.9455   7.3410  -6.5266  -7.9253
 -3.1423   7.5072  -6.7900  -8.2971
 -3.3309   7.6449  -7.0460  -8.6043
 -3.5113   7.7583  -7.2932  -8.8573
 -3.6837   7.8514  -7.5306  -9.0651
 -3.8479   7.9272  -7.7575  -9.2349
 -4.0040   7.9885  -7.9730  -9.3729
 -4.1521   8.0376  -8.1766  -9.4842
 -4.2921   8.0763  -8.3678  -9.5731
 -4.4240   8.1062  -8.5461  -9.6434
 -4.5478   8.1287  -8.7112  -9.6979
 -4.6635   8.1450  -8.8628  -9.7394
 -4.7712   8.1560  -9.0007  -9.7698
 -4.8708   8.1627  -9.1246  -9.7911
 -4.9623   8.1656  -9.2344  -9.8046
 -5.0457   8.1654  -9.3300  -9.8117
 -5.1209   8.1626  -9.4112  -9.8133
 -5.1881   8.1577  -9.4780  -9.8104
 -5.2470   8.1510  -9.5304  -9.8036
 -5.2978   8.1429  -9.5681  -9.7935
 -5.3404   8.1336  -9.5913  -9.7806
 -5.3747   8.1234  -9.5998  -9.7652
 -5.4007   8.1124  -9.5936  -9.7477
 -5.4185   8.1008  -9.5728  -9.7281
 -5.4278   8.0888  -9.5373  -9.7066
 -5.4288   8.0762  -9.4870  -9.6832
 -5.4214   8.0633  -9.4220  -9.6579
 -5.4055   8.0500  -9.3423  -9.6306
 -5.3810   8.0361  -9.2478  -9.6012
 -5.3480   8.0217  -9.1385  -9.5693
 -5.3062   8.0064  -9.0145  -9.5347
 -5.2558   7.9902  -8.8757  -9.4969
 -5.1965   7.9726  -8.7220  -9.4554
 -5.1283   7.9533  -8.5535  -9.4097
 -5.0512   7.9318  -8.3702  -9.3589
 -4.9649   7.9073  -8.1719  -9.3022
 -4.8693   7.8792  -7.9587  -9.2386
 -4.7644   7.8464  -7.7306  -9.1669
 -4.6500   7.8078  -7.4875  -9.0856
 -4.5258   7.7619  -7.2293  -8.9930
 -4.3917   7.7070  -6.9560  -8.8871
 -4.2473   7.6410  -6.6676  -8.7657
 -4.0924   7.5614  -6.3640  -8.6260
 -3.9267   7.4651  -6.0452  -8.4648
 -3.7497   7.3484  -5.7111  -8.2784
 -3.5610   7.2069  -5.3617  -8.0624
 -3.3598   7.0353  -4.9969  -7.8117
 -3.1457   6.8273  -4.6167  -7.5201
 -2.9176   6.5751  -4.2212  -7.1807
 -2.6747   6.2695  -3.8102  -6.7852
 -2.4158   5.8995  -3.3840  -6.3238
 -2.1394   5.4519  -2.9426  -5.7852
 -1.8440   4.9109  -2.4862  -5.1560
 -1.5276   4.2575  -2.0152  -4.4206
 -1.1878   3.4693  -1.5300  -3.5606
 -0.8220   2.5193  -1.0314  -2.5546
 -0.4272   1.3755  -0.5203  -1.3776
  0.0004   0.0002   0.0019  -0.0001
  4.3343  -4.4027  -0.0030   0.0046
  4.3308  -4.1562   0.2378  -0.3318
  4.3255  -3.8980   0.4834  -0.6583
  4.3195  -3.6422   0.7208  -0.9575
  4.3126  -3.3896   0.9493  -1.2305
  4.3050  -3.1400   1.1690  -1.4788
  4.2964  -2.8934   1.3799  -1.7042
  4.2868  -2.6494   1.5823  -1.9082
  4.2761  -2.4081   1.7763  -2.0923
  4.2644  -2.1693   1.9620  -2.2578
  4.2516  -1.9329   2.1395  -2.4061
  4.2375  -1.6987   2.3090  -2.5384
  4.2222  -1.4666   2.4705  -2.6558
  4.2056  -1.2365   2.6241  -2.7594
  4.1877  -1.0083   2.7700  -2.8502
  4.1684  -0.7820   2.9083  -2.9292
  4.1478  -0.5573   3.0389  -2.9971
  4.1257  -0.3343   3.1621  -3.0549
  4.1022  -0.1128   3.2779  -3.1033
  4.0772   0.1073   3.3864  -3.1429
  4.0507   0.3260   3.4876  -3.1746
  4.0227   0.5435   3.5817  -3.1988
  3.9931   0.7597   3.6685  -3.2162
  3.9620   0.9749   3.7484  -3.2273
  3.9293   1.1890   3.8212  -3.2326
  3.8951   1.4022   3.8870  -3.2325
  3.8592   1.6145   3.9460  -3.2275
  3.8218   1.8260   3.9980  -3.2180
  3.7827   2.0368   4.0433  -3.2043
  3.7420   2.2469   4.0818  -3.1868
  3.6996   2.4564   4.1135  -3.1657
  3.6556   2.6655   4.1385  -3.1414
  3.6100   2.8740   4.1569  -3.1140
  3.5627   3.0822   4.1686  -3.0839
  3.5138   3.2902   4.1737  -3.0513
  3.4632   3.4978   4.1723  -3.0162
  3.4109   3.7054   4.1643  -2.9789
  3.3570   3.9129   4.1498  -2.9395
  3.3014   4.1203   4.1289  -2.8982
  3.2441   4.3279   4.1014  -2.8550
  3.1851   4.5356   4.0676  -2.8101
  3.1245   4.7436   4.0273  -2.7634
  3.0622   4.9519   3.9807  -2.7151
  2.9982   5.1606   3.9277  -2.6651
  2.9325   5.3698   3.8685  -2.6135
  2.8651   5.5796   3.8029  -2.5603
  2.7960   5.7901   3.7310  -2.5054
  2.7251   6.0014   3.6529  -2.4488
  2.6526   6.2136   3.5686  -2.3904
  2.5783   6.4267   3.4781  -2.3301
  2.5022   6.6410   3.3814  -2.2679
  2.4244   6.8565   3.2786  -2.2035
  2.3447   7.0733   3.1698  -2.1369
  2.2633   7.2915   3.0548  -2.0678
  2.1800   7.5114   2.9338  -1.9960
  2.0949   7.7329   2.8068  -1.9214
  2.0078   7.9563   2.6739  -1.8435
  1.9189   8.1818   2.5350  -1.7623
  1.8279   8.4094   2.3902  -1.6772
  1.7350   8.6393   2.2396  -1.5880
  1.6399   8.8718   2.0833  -1.4943
  1.5428   9.1069   1.9211  -1.3955
  1.4435   9.3450   1.7533  -1.2913
  1.3420   9.5861   1.5799  -1.1810
  1.2381   9.8305   1.4009  -1.0642
  1.1319  10.0785   1.2164  -0.9401
  1.0232  10.3303   1.0265  -0.8081
  0.9120  10.5862   0.8312  -0.6674
  0.7981  10.8464   0.6307  -0.5171
  0.6814  11.1113   0.4249  -0.3565
  0.5618  11.3811   0.2141  -0.1843
  0.4392  11.6562  -0.0017   0.0003
  0.4392  11.6562  -0.0017   0.0003
  0.8802   7.5515  -0.4537   0.7335
  1.3415   3.3537  -0.9754   1.4705
  1.7364  -0.2582  -1.4856   2.1475
  2.0573  -3.2564  -1.9714   2.7499
  2.3109  -5.7196  -2.4312   3.2865
  2.5063  -7.7367  -2.8656   3.7690
  2.6519  -9.3830  -3.2754   4.2080
  2.7560 -10.7269  -3.6615   4.6120
  2.8254 -11.8215  -4.0247   4.9884
  2.8659 -12.7131  -4.3656   5.3433
  2.8825 -13.4387  -4.6849   5.6817
  2.8795 -14.0289  -4.9832   6.0075
  2.8601 -14.5089  -5.2611   6.3237
  2.8274 -14.8989  -5.5191   6.6331
  2.7835 -15.2155  -5.7577   6.9375
  2.7305 -15.4723  -5.9775   7.2386
  2.6698 -15.6801  -6.1790   7.5376
  2.6027 -15.8479  -6.3627   7.8355
  2.5305 -15.9828  -6.5290   8.1329
  2.4538 -16.0907  -6.6785   8.4303
  2.3734 -16.1764  -6.8115   8.7282
  2.2899 -16.2436  -6.9286   9.0266
  2.2039 -16.2955  -7.0303   9.3258
  2.1158 -16.3346  -7.1169   9.6256
  2.0259 -16.3629  -7.1891   9.9259
  1.9346 -16.3821  -7.2471  10.2267
  1.8421 -16.3935  -7.2915  10.5277
  1.7487 -16.3981  -7.3228  10.8287
  1.6547 -16.3968  -7.3413  11.1293
  1.5603 -16.3902  -7.3476  11.4292
  1.4656 -16.3788  -7.3421  11.7280
  1.3708 -16.3630  -7.3252  12.0253
  1.2762 -16.3430  -7.2974  12.3208
  1.1820 -16.3191  -7.2591  12.6139
  1.0882 -16.2914  -7.2108  12.9040
  0.9951 -16.2597  -7.1528  13.1907
  0.9029 -16.2240  -7.0856  13.4734
  0.8118 -16.1843  -7.0095  13.7515
  0.7219 -16.1402  -6.9251  14.0241
  0.6335 -16.0914  -6.8325  14.2906
  0.5467 -16.0376  -6.7323  14.5501
  0.4617 -15.9782  -6.6247  14.8016
  0.3787 -15.9126  -6.5100  15.0440
  0.2981 -15.8400  -6.3886  15.2762
  0.2199 -15.7595  -6.2607  15.4967
  0.1444 -15.6701  -6.1265  15.7038
  0.0719 -15.5704  -5.9862  15.8957
  0.0026 -15.4588  -5.8399  16.0702
 -0.0632 -15.3336  -5.6878  16.2246
 -0.1253 -15.1925  -5.5297  16.3559
 -0.1833 -15.0328  -5.3657  16.4605
 -0.2369 -14.8516  -5.1956  16.5341
 -0.2858 -14.6452  -5.0189  16.5715
 -0.3295 -14.4091  -4.8354  16.5666
 -0.3678 -14.1384  -4.6443  16.5120
 -0.4001 -13.8268  -4.4449  16.3990
 -0.4260 -13.4672  -4.2361  16.2169
 -0.4449 -13.0510  -4.0166  15.9530
 -0.4564 -12.5683  -3.7845  15.5919
 -0.4596 -12.0070  -3.5378  15.1154
 -0.4541 -11.3531  -3.2739  14.5011
 -0.4389 -10.5899  -2.9897  13.7224
 -0.4134  -9.6977  -2.6811  12.7473
 -0.3766  -8.6534  -2.3436  11.5371
 -0.3279  -7.4295  -1.9718  10.0459
 -0.2662  -5.9938  -1.5592   8.2186
 -0.1911  -4.3082  -1.0985   5.9894
 -0.1020  -2.3278  -0.5813   3.2806
  0.0011  -0.0001   0.0013   0.0005
  0.0296   0.0188  11.4074  -8.7406
 -0.0201   0.2286  11.3207  -8.5639
 -0.0678   0.4409  11.2381  -8.3872
 -0.1136   0.6387  11.1561  -8.2117
 -0.1575   0.8218  11.0738  -8.0369
 -0.1997   0.9911  10.9908  -7.8626
 -0.2403   1.1475  10.9071  -7.6888
 -0.2792   1.2919  10.8227  -7.5154
 -0.3165   1.4252  10.7373  -7.3422
 -0.3523   1.5480  10.6510  -7.1693
 -0.3865   1.6612  10.5636  -6.9966
 -0.4191   1.7654  10.4751  -6.8239
 -0.4503   1.8612  10.3854  -6.6514
 -0.4800   1.9491  10.2944  -6.4787
 -0.5082   2.0297  10.2020  -6.3061
 -0.5349   2.1035  10.1081  -6.1333
 -0.5603   2.1708  10.0127  -5.9603
 -0.5842   2.2323   9.9156  -5.7871
 -0.6068   2.2881   9.8168  -5.6136
 -0.6280   2.3386   9.7162  -5.4398
 -0.6478   2.3842   9.6137  -5.2657
 -0.6663   2.4253   9.5092  -5.0911
 -0.6835   2.4619   9.4027  -4.9161
 -0.6994   2.4945   9.2940  -4.7407
 -0.7140   2.5232   9.1831  -4.5647
 -0.7274   2.5482   9.0699  -4.3881
 -0.7395   2.5698   8.9543  -4.2110
 -0.7503   2.5881   8.8363  -4.0333
 -0.7600   2.6033   8.7157  -3.8549
 -0.7684   2.6155   8.5925  -3.6758
 -0.7756   2.6249   8.4667  -3.4961
 -0.7817   2.6315   8.3381  -3.3156
 -0.7867   2.6356   8.2066  -3.1343
 -0.7905   2.6371   8.0723  -2.9523
 -0.7931   2.6362   7.9350  -2.7695
 -0.7947   2.6330   7.7946  -2.5858
 -0.7952   2.6275   7.6512  -2.4013
 -0.7946   2.6198   7.5046  -2.2159
 -0.7930   2.6099   7.3549  -2.0296
 -0.7903   2.5979   7.2018  -1.8425
 -0.7866   2.5838   7.0455  -1.6544
 -0.7819   2.5676   6.8857  -1.4653
 -0.7762   2.5494   6.7226  -1.2753
 -0.7695   2.5292   6.5560  -1.0843
 -0.7619   2.5069   6.3859  -0.8922
 -0.7533   2.4827   6.2122  -0.6992
 -0.7438   2.4564   6.0350  -0.5051
 -0.7334   2.4280   5.8542  -0.3099
 -0.7221   2.3977   5.6698  -0.1136
 -0.7099   2.3652   5.4817   0.0838
 -0.6969   2.3306   5.2899   0.2823
 -0.6830   2.2939   5.0944   0.4820
 -0.6683   2.2550   4.8952   0.6829
 -0.6527   2.2139   4.6923   0.8849
 -0.6363   2.1705   4.4856   1.0883
 -0.6192   2.1247   4.2752   1.2929
 -0.6012   2.0765   4.0610   1.4988
 -0.5825   2.0258   3.8431   1.7060
 -0.5631   1.9725   3.6214   1.9146
 -0.5429   1.9165   3.3960   2.1247
 -0.5220   1.8578   3.1669   2.3362
 -0.5004   1.7961   2.9340   2.5492
 -0.4781   1.7315   2.6974   2.7637
 -0.4551   1.6637   2.4572   2.9798
 -0.4314   1.5927   2.2132   3.1976
 -0.4070   1.5182   1.9655   3.4171
 -0.3820   1.4402   1.7142   3.6384
 -0.3564   1.3584   1.4592   3.8615
 -0.3301   1.2726   1.2007   4.0865
 -0.3032   1.1828   0.9385   4.3135
 -0.2757   1.0886   0.6727   4.5426
 -0.2476   0.9897   0.4034   4.7738
 -0.2188   0.8861   0.1306   5.0073
 -0.1895   0.7774  -0.1458   5.2431
 -0.1596   0.6632  -0.4257   5.4813
 -0.1291   0.5434  -0.7091   5.7221
 -0.0980   0.4176  -0.9960   5.9655
 -0.0664   0.2854  -1.2864   6.2117
 -0.0341   0.1464  -1.5802   6.4609
 -0.0013   0.0002  -1.8774   6.7131
 -0.0013   0.0002  -1.8774   6.7131
 -0.2841   0.4267  -1.9396   4.7700
 -0.6104   0.8627  -2.0274   2.7395
 -0.9339   1.2369  -2.1335   0.9486
 -1.2446   1.5417  -2.2557  -0.5772
 -1.5422   1.7915  -2.3915  -1.8674
 -1.8264   1.9953  -2.5389  -2.9569
 -2.0973   2.1617  -2.6957  -3.8774
 -2.3550   2.2978  -2.8599  -4.6557
 -2.5998   2.4095  -3.0299  -5.3146
 -2.8318   2.5020  -3.2040  -5.8731
 -3.0513   2.5794  -3.3808  -6.3469
 -3.2585   2.6452  -3.5591  -6.7494
 -3.4536   2.7020  -3.7378  -7.0917
 -3.6367   2.7523  -3.9158  -7.3830
 -3.8082   2.7980  -4.0923  -7.6309
 -3.9682   2.8404  -4.2666  -7.8418
 -4.1168   2.8809  -4.4380  -8.0212
 -4.2544   2.9202  -4.6060  -8.1735
 -4.3811   2.9592  -4.7698  -8.3024
 -4.4970   2.9984  -4.9292  -8.4110
 -4.6025   3.0382  -5.0835  -8.5019
 -4.6975   3.0789  -5.2324  -8.5775
 -4.7824   3.1205  -5.3755  -8.6394
 -4.8573   3.1633  -5.5124  -8.6894
 -4.9224   3.2071  -5.6428  -8.7288
 -4.9778   3.2520  -5.7662  -8.7586
 -5.0237   3.2979  -5.8825  -8.7799
 -5.0602   3.3446  -5.9911  -8.7935
 -5.0876   3.3919  -6.0919  -8.8002
 -5.1060   3.4397  -6.1845  -8.8007
 -5.1155   3.4877  -6.2686  -8.7954
 -5.1162   3.5358  -6.3438  -8.7849
 -5.1084   3.5836  -6.4099  -8.7697
 -5.0922   3.6308  -6.4665  -8.7501
 -5.0677   3.6773  -6.5133  -8.7266
 -5.0350   3.7226  -6.5501  -8.6993
 -4.9944   3.7666  -6.5764  -8.6687
 -4.9458   3.8089  -6.5920  -8.6349
 -4.8896   3.8491  -6.5966  -8.5981
 -4.8257   3.8870  -6.5899  -8.5585
 -4.7543   3.9222  -6.5714  -8.5162
 -4.6755   3.9542  -6.5410  -8.4712
 -4.5895   3.9828  -6.4982  -8.4235
 -4.4964   4.0075  -6.4428  -8.3730
 -4.3963   4.0279  -6.3744  -8.3195
 -4.2892   4.0434  -6.2927  -8.2627
 -4.1754   4.0535  -6.1974  -8.2022
 -4.0548   4.0576  -6.0881  -8.1374
 -3.9276   4.0552  -5.9645  -8.0675
 -3.7938   4.0454  -5.8263  -7.9915
 -3.6536   4.0274  -5.6731  -7.9083
 -3.5069   4.0004  -5.5045  -7.8162
 -3.3539   3.9632  -5.3203  -7.7134
 -3.1946   3.9146  -5.1201  -7.5976
 -3.0289   3.8532  -4.9036  -7.4658
 -2.8570   3.7775  -4.6704  -7.3148
 -2.6788   3.6855  -4.4201  -7.1403
 -2.4942   3.5751  -4.1525  -6.9375
 -2.3032   3.4437  -3.8672  -6.7004
 -2.1057   3.2884  -3.5639  -6.4220
 -1.9017   3.1058  -3.2424  -6.0938
 -1.6908   2.8918  -2.9023  -5.7060
 -1.4730   2.6418  -2.5436  -5.2466
 -1.2480   2.3502  -2.1659  -4.7017
 -1.0155   2.0105  -1.7694  -4.0547
 -0.7751   1.6153  -1.3540  -3.2862
 -0.5264   1.1558  -0.9201  -2.3731
 -0.2689   0.6215  -0.4683  -1.2884
  5.9535  -7.2889  -0.5572  -1.2715
  5.9862  -6.9127  -0.2746  -1.3885
  6.0194  -6.5164   0.0174  -1.5079
  6.0512  -6.1254   0.2991  -1.6193
  6.0810  -5.7414   0.5687  -1.7223
  6.1083  -5.3645   0.8262  -1.8176
  6.1330  -4.9943   1.0721  -1.9058
  6.1549  -4.6306   1.3067  -1.9874
  6.1737  -4.2731   1.5301  -2.0630
  6.1895  -3.9216   1.7428  -2.1331
  6.2019  -3.5758   1.9450  -2.1982
  6.2109  -3.2354   2.1369  -2.2586
  6.2164  -2.9004   2.3188  -2.3148
  6.2183  -2.5706   2.4910  -2.3672
  6.2165  -2.2457   2.6537  -2.4159
  6.2109  -1.9256   2.8071  -2.4613
  6.2016  -1.6101   2.9513  -2.5037
  6.1883  -1.2992   3.0867  -2.5432
  6.1712  -0.9927   3.2134  -2.5800
  6.1502  -0.6905   3.3315  -2.6144
  6.1254  -0.3924   3.4413  -2.6465
  6.0966  -0.0984   3.5429  -2.6763
  6.0640   0.1917   3.6364  -2.7039
  6.0275   0.4779   3.7221  -2.7296
  5.9873   0.7603   3.8000  -2.7532
  5.9433   1.0391   3.8702  -2.7748
  5.8957   1.3142   3.9330  -2.7946
  5.8445   1.5858   3.9883  -2.8124
  5.7897   1.8539   4.0364  -2.8282
  5.7314   2.1186   4.0773  -2.8422
  5.6698   2.3800   4.1111  -2.8541
  5.6049   2.6382   4.1379  -2.8641
  5.5368   2.8931   4.1578  -2.8720
  5.4656   3.1449   4.1709  -2.8778
  5.3914   3.3937   4.1772  -2.8813
  5.3144   3.6394   4.1769  -2.8826
  5.2345   3.8822   4.1699  -2.8816
  5.1520   4.1222   4.1563  -2.8781
  5.0670   4.3592   4.1362  -2.8721
  4.9795   4.5936   4.1097  -2.8634
  4.8896   4.8252   4.0767  -2.8519
  4.7975   5.0541   4.0374  -2.8376
  4.7033   5.2805   3.9917  -2.8202
  4.6071   5.5044   3.9397  -2.7997
  4.5090   5.7258   3.8814  -2.7759
  4.4090   5.9448   3.8169  -2.7486
  4.3074   6.1614   3.7462  -2.7176
  4.2041   6.3758   3.6692  -2.6830
  4.0994   6.5880   3.5861  -2.6443
  3.9932   6.7981   3.4968  -2.6015
  3.8857   7.0061   3.4014  -2.5543
  3.7769   7.2120   3.2998  -2.5025
  3.6670   7.4161   3.1921  -2.4460
  3.5560   7.6183   3.0783  -2.3843
  3.4439   7.8187   2.9584  -2.3174
  3.3309   8.0174   2.8324  -2.2450
  3.2171   8.2145   2.7003  -2.1666
  3.1024   8.4101   2.5622  -2.0821
  2.9869   8.6041   2.4180  -1.9910
  2.8707   8.7968   2.2677  -1.8930
  2.7539   8.9882   2.1114  -1.7878
  2.6363   9.1783   1.9491  -1.6748
  2.5182   9.3674   1.7808  -1.5537
  2.3996   9.5554   1.6065  -1.4240
  2.2803   9.7424   1.4262  -1.2850
  2.1606   9.9286   1.2399  -1.1363
  2.0403  10.1140   1.0476  -0.9772
  1.9196  10.2988   0.8495  -0.8070
  1.7983  10.4831   0.6454  -0.6250
  1.6766  10.6669   0.4354  -0.4304
  1.5544  10.8503   0.2196  -0.2223
  1.4317  11.0335  -0.0020   0.0002
  1.4317  11.0335  -0.0020   0.0002
  1.5072   7.9195  -0.4866   0.5130
  1.5734   4.6949  -1.0451   1.0666
  1.6060   1.9726  -1.5956   1.6104
  1.6113  -0.5059  -2.1392   2.2335
  1.5790  -2.4754  -2.6543   2.5923
  1.5241  -4.1384  -3.1424   2.9227
  1.4480  -5.5255  -3.6040   3.2311
  1.3542  -6.6828  -4.0403   3.5225
  1.2458  -7.6464  -4.4519   3.8007
  1.1253  -8.4475  -4.8398   4.0692
  0.9953  -9.1120  -5.2045   4.3307
  0.8578  -9.6620  -5.5468   4.5874
  0.7148 -10.1157  -5.8673   4.8410
  0.5678 -10.4885  -6.1664   5.0930
  0.4182 -10.7934  -6.4448   5.3443
  0.2671 -11.0410  -6.7030   5.5960
  0.1155 -11.2403  -6.9415   5.8485
 -0.0356 -11.3988  -7.1607   6.1023
 -0.1857 -11.5228  -7.3612   6.3578
 -0.3340 -11.6173  -7.5432   6.6151
 -0.4800 -11.6869  -7.7074   6.8744
 -0.6233 -11.7350  -7.8540   7.1355
 -0.7634 -11.7648  -7.9836   7.3985
 -0.9000 -11.7788  -8.0966   7.6632
 -1.0328 -11.7792  -8.1932   7.9294
 -1.1615 -11.7676  -8.2740   8.1969
 -1.2858 -11.7457  -8.3393   8.4655
 -1.4055 -11.7146  -8.3896   8.7348
 -1.5204 -11.6754  -8.4252   9.0046
 -1.6302 -11.6291  -8.4464   9.2745
 -1.7348 -11.5764  -8.4537   9.5441
 -1.8340 -11.5178  -8.4474   9.8130
 -1.9275 -11.4540  -8.4280  10.0809
 -2.0153 -11.3853  -8.3956  10.3472
 -2.0971 -11.3121  -8.3508  10.6115
 -2.1728 -11.2348  -8.2939  10.8733
 -2.2422 -11.1534  -8.2251  11.1319
 -2.3052 -11.0682  -8.1449  11.3868
 -2.3615 -10.9793  -8.0535  11.6374
 -2.4111 -10.8867  -7.9513  11.8827
 -2.4537 -10.7903  -7.8385  12.1221
 -2.4893 -10.6901  -7.7155  12.3546
 -2.5175 -10.5859  -7.5825  12.5791
 -2.5384 -10.4774  -7.4397  12.7944
 -2.5516 -10.3642  -7.2874  12.9992
 -2.5570 -10.2458  -7.1258  13.1919
 -2.5545 -10.1217  -6.9551  13.3707
 -2.5439  -9.9911  -6.7752  13.5336
 -2.5249  -9.8530  -6.5865  13.6779
 -2.4973  -9.7063  -6.3888  13.8010
 -2.4611  -9.5496  -6.1822  13.8994
 -2.4159  -9.3812  -5.9665  13.9693
 -2.3615  -9.1991  -5.7416  14.0059
 -2.2977  -9.0009  -5.5071  14.0039
 -2.2243  -8.7837  -5.2627  13.9568
 -2.1410  -8.5441  -5.0077  13.8569
 -2.0475  -8.2781  -4.7416  13.6951
 -1.9435  -7.9807  -4.4632  13.4608
 -1.8287  -7.6464  -4.1714  13.1411
 -1.7027  -7.2685  -3.8649  12.7209
 -1.5651  -6.8389  -3.5417  12.1821
 -1.4156  -6.3485  -3.1998  11.5035
 -1.2538  -5.7861  -2.8365  10.6595
 -1.0791  -5.1389  -2.4488   9.6203
 -0.8912  -4.3917  -2.0331   8.3501
 -0.6896  -3.5269  -1.5852   6.8070
 -0.4739  -2.5236  -1.1005   4.9413
 -0.2438  -1.3575  -0.5737   2.6951
 -0.1870  -1.3349  11.8356  -8.6959
 -0.2194  -1.0914  11.7684  -8.5321
 -0.2507  -0.8444  11.7037  -8.3658
 -0.2806  -0.5848  11.6393  -8.1998
 -0.3092  -0.3285  11.5743  -8.0339
 -0.3364  -0.0823  11.5086  -7.8679
 -0.3623   0.1505  11.4419  -7.7017
 -0.3869   0.3688  11.3742  -7.5353
 -0.4102   0.5723  11.3054  -7.3686
 -0.4323   0.7612  11.2354  -7.2017
 -0.4532   0.9361  11.1640  -7.0343
 -0.4730   1.0977  11.0913  -6.8666
 -0.4916   1.2468  11.0171  -6.6983
 -0.5091   1.3840  10.9414  -6.5296
 -0.5256   1.5102  10.8640  -6.3603
 -0.5409   1.6259  10.7848  -6.1905
 -0.5552   1.7320  10.7037  -6.0200
 -0.5685   1.8290  10.6208  -5.8489
 -0.5807   1.9175  10.5357  -5.6771
 -0.5920   1.9980  10.4485  -5.5045
 -0.6022   2.0712  10.3591  -5.3312
 -0.6115   2.1374  10.2674  -5.1572
 -0.6198   2.1972  10.1732  -4.9823
 -0.6272   2.2508  10.0764  -4.8066
 -0.6336   2.2988   9.9771  -4.6300
 -0.6392   2.3414   9.8750  -4.4525
 -0.6438   2.3790   9.7700  -4.2742
 -0.6475   2.4118   9.6622  -4.0949
 -0.6503   2.4403   9.5514  -3.9147
 -0.6523   2.4645   9.4374  -3.7336
 -0.6534   2.4848   9.3202  -3.5515
 -0.6537   2.5013   9.1998  -3.3684
 -0.6531   2.5143   9.0760  -3.1843
 -0.6518   2.5239   8.9487  -2.9993
 -0.6496   2.5303   8.8179  -2.8132
 -0.6467   2.5336   8.6834  -2.6262
 -0.6430   2.5340   8.5453  -2.4381
 -0.6386   2.5316   8.4034  -2.2490
 -0.6334   2.5265   8.2577  -2.0588
 -0.6276   2.5187   8.1080  -1.8677
 -0.6210   2.5084   7.9545  -1.6755
 -0.6137   2.4956   7.7968  -1.4823
 -0.6058   2.4804   7.6352  -1.2880
 -0.5972   2.4629   7.4694  -1.0927
 -0.5880   2.4430   7.2994  -0.8964
 -0.5781   2.4208   7.1252  -0.6991
 -0.5677   2.3963   6.9468  -0.5007
 -0.5566   2.3695   6.7642  -0.3013
 -0.5450   2.3404   6.5773  -0.1008
 -0.5328   2.3089   6.3860   0.1006
 -0.5201   2.2752   6.1905   0.3031
 -0.5069   2.2391   5.9907   0.5067
 -0.4931   2.2005   5.7865   0.7113
 -0.4789   2.1595   5.5780   0.9169
 -0.4641   2.1159   5.3653   1.1236
 -0.4489   2.0697   5.1482   1.3313
 -0.4333   2.0207   4.9269   1.5401
 -0.4173   1.9690   4.7014   1.7500
 -0.4008   1.9143   4.4716   1.9609
 -0.3839   1.8565   4.2377   2.1730
 -0.3667   1.7956   3.9996   2.3862
 -0.3490   1.7312   3.7574   2.6005
 -0.3311   1.6634   3.5112   2.8160
 -0.3128   1.5919   3.2610   3.0326
 -0.2941   1.5164   3.0069   3.2505
 -0.2752   1.4369   2.7489   3.4696
 -0.2560   1.3531   2.4871   3.6900
 -0.2365   1.2648   2.2215   3.9117
 -0.2168   1.1717   1.9522   4.1348
 -0.1968   1.0739   1.6793   4.3593
 -0.1767   0.9712   1.4028   4.5852
 -0.1563   0.8635   1.1229   4.8127
 -0.1358   0.7513   0.8395   5.0417
 -0.1152   0.6351   0.5529   5.2723
 -0.0946   0.5160   0.2630   5.5047
 -0.0739   0.3960  -0.0301   5.7388
 -0.0535   0.2785  -0.3261   5.9747
 -0.0333   0.1684  -0.6251   6.2125
 -0.0140   0.0730  -0.9268   6.4523
  0.0029   0.0010  -1.2311   6.6942
  0.0029   0.0010  -1.2311   6.6942
 -0.2387   0.2871  -1.4039   5.0631
 -0.5137   0.5355  -1.6117   3.3382
 -0.7809   0.7186  -1.8329   1.8067
 -1.0390   0.8850  -2.0594   0.4923
 -1.2862   1.0269  -2.2898  -0.6277
 -1.5220   1.1439  -2.5230  -1.5810
 -1.7464   1.2387  -2.7582  -2.3930
 -1.9595   1.3146  -2.9945  -3.0852
 -2.1614   1.3751  -3.2309  -3.6759
 -2.3522   1.4231  -3.4665  -4.1804
 -2.5322   1.4615  -3.7007  -4.6116
 -2.7015   1.4925  -3.9325  -4.9801
 -2.8603   1.5181  -4.1613  -5.2951
 -3.0087   1.5398  -4.3866  -5.5639
 -3.1469   1.5590  -4.6076  -5.7930
 -3.2752   1.5767  -4.8239  -5.9877
 -3.3936   1.5937  -5.0350  -6.1523
 -3.5023   1.6108  -5.2405  -6.2908
 -3.6016   1.6283  -5.4398  -6.4061
 -3.6916   1.6466  -5.6326  -6.5011
 -3.7724   1.6660  -5.8185  -6.5780
 -3.8443   1.6866  -5.9971  -6.6387
 -3.9074   1.7085  -6.1681  -6.6849
 -3.9619   1.7318  -6.3311  -6.7181
 -4.0079   1.7562  -6.4858  -6.7395
 -4.0456   1.7818  -6.6317  -6.7501
 -4.0751   1.8084  -6.7687  -6.7510
 -4.0967   1.8358  -6.8963  -6.7430
 -4.1105   1.8639  -7.0143  -6.7269
 -4.1167   1.8924  -7.1222  -6.7034
 -4.1153   1.9211  -7.2199  -6.6731
 -4.1067   1.9499  -7.3069  -6.6366
 -4.0908   1.9784  -7.3829  -6.5945
 -4.0680   2.0064  -7.4475  -6.5472
 -4.0383   2.0337  -7.5006  -6.4953
 -4.0020   2.0599  -7.5417  -6.4393
 -3.9591   2.0849  -7.5705  -6.3796
 -3.9098   2.1083  -7.5867  -6.3165
 -3.8544   2.1300  -7.5900  -6.2505
 -3.7928   2.1495  -7.5800  -6.1819
 -3.7254   2.1668  -7.5564  -6.1111
 -3.6522   2.1815  -7.5188  -6.0384
 -3.5733   2.1932  -7.4670  -5.9640
 -3.4891   2.2018  -7.4006  -5.8881
 -3.3995   2.2070  -7.3192  -5.8109
 -3.3048   2.2084  -7.2226  -5.7324
 -3.2050   2.2057  -7.1104  -5.6528
 -3.1004   2.1986  -6.9822  -5.5717
 -2.9911   2.1868  -6.8377  -5.4891
 -2.8771   2.1698  -6.6766  -5.4046
 -2.7587   2.1474  -6.4985  -5.3175
 -2.6361   2.1189  -6.3030  -5.2272
 -2.5092   2.0840  -6.0899  -5.1326
 -2.3782   2.0421  -5.8587  -5.0324
 -2.2434   1.9927  -5.6092  -4.9249
 -2.1047   1.9351  -5.3408  -4.8081
 -1.9623   1.8685  -5.0534  -4.6792
 -1.8163   1.7922  -4.7465  -4.5352
 -1.6668   1.7053  -4.4198  -4.3721
 -1.5140   1.6068  -4.0729  -4.1852
 -1.3579   1.4956  -3.7055  -3.9689
 -1.1986   1.3705  -3.3173  -3.7161
 -1.0362   1.2303  -2.9079  -3.4188
 -0.8707   1.0737  -2.4772  -3.0672
 -0.7023   0.8992  -2.0250  -2.6495
 -0.5311   0.7057  -1.5510  -2.1519
 -0.3572   0.4918  -1.0553  -1.5581
 -0.1807   0.2567  -0.5380  -0.8485
  6.0644  -6.4608  -0.6587  -0.8301
  6.1132  -6.0980  -0.3674  -0.9873
  6.1577  -5.7378  -0.0841  -1.1370
  6.2006  -5.3767   0.1922  -1.2779
  6.2419  -5.0140   0.4624  -1.4111
  6.2682  -4.7135   0.6773  -1.5153
  6.3049  -4.3514   0.9326  -1.6337
  6.3377  -3.9950   1.1765  -1.7435
  6.3664  -3.6442   1.4090  -1.8455
  6.3907  -3.2990   1.6304  -1.9401
  6.4105  -2.9592   1.8410  -2.0279
  6.4258  -2.6245   2.0411  -2.1096
  6.4364  -2.2948   2.2310  -2.1855
  6.4423  -1.9701   2.4108  -2.2561
  6.4435  -1.6501   2.5809  -2.3217
  6.4398  -1.3347   2.7414  -2.3828
  6.4313  -1.0239   2.8925  -2.4397
  6.4179  -0.7175   3.0345  -2.4926
  6.3998  -0.4155   3.1676  -2.5419
  6.3768  -0.1177   3.2920  -2.5876
  6.3490   0.1759   3.4077  -2.6302
  6.3166   0.4654   3.5150  -2.6696
  6.2795   0.7509   3.6141  -2.7061
  6.2378   1.0325   3.7051  -2.7398
  6.1917   1.3101   3.7881  -2.7709
  6.1411   1.5840   3.8633  -2.7993
  6.0863   1.8540   3.9308  -2.8252
  6.0273   2.1204   3.9907  -2.8486
  5.9643   2.3831   4.0431  -2.8695
  5.8974   2.6421   4.0882  -2.8880
  5.8267   2.8976   4.1260  -2.9041
  5.7524   3.1497   4.1566  -2.9178
  5.6746   3.3982   4.1802  -2.9290
  5.5935   3.6434   4.1967  -2.9378
  5.5091   3.8852   4.2062  -2.9440
  5.4218   4.1237   4.2089  -2.9476
  5.3315   4.3589   4.2048  -2.9486
  5.2385   4.5909   4.1939  -2.9469
  5.1430   4.8198   4.1764  -2.9424
  5.0450   5.0456   4.1522  -2.9350
  4.9447   5.2683   4.1213  -2.9246
  4.8423   5.4880   4.0839  -2.9112
  4.7379   5.7048   4.0400  -2.8945
  4.6317   5.9187   3.9896  -2.8745
  4.5238   6.1297   3.9327  -2.8510
  4.4143   6.3380   3.8693  -2.8239
  4.3033   6.5435   3.7995  -2.7931
  4.1911   6.7464   3.7233  -2.7583
  4.0776   6.9467   3.6407  -2.7194
  3.9631   7.1444   3.5518  -2.6761
  3.8476   7.3397   3.4564  -2.6284
  3.7312   7.5325   3.3547  -2.5760
  3.6141   7.7230   3.2467  -2.5186
  3.4963   7.9112   3.1323  -2.4560
  3.3779   8.0972   3.0117  -2.3879
  3.2590   8.2810   2.8846  -2.3141
  3.1396   8.4628   2.7513  -2.2342
  3.0199   8.6425   2.6116  -2.1479
  2.8999   8.8203   2.4657  -2.0548
  2.7797   8.9962   2.3134  -1.9546
  2.6593   9.1703   2.1549  -1.8469
  2.5388   9.3427   1.9900  -1.7310
  2.4181   9.5135   1.8189  -1.6067
  2.2974   9.6826   1.6415  -1.4733
  2.1767   9.8503   1.4578  -1.3304
  2.0560  10.0165   1.2679  -1.1771
  1.9353  10.1814   1.0718  -1.0129
  1.8146  10.3450   0.8694  -0.8371
  1.6940  10.5074   0.6608  -0.6487
  1.5734  10.6688   0.4461  -0.4471
  1.4529  10.8291   0.2252  -0.2311
  1.3325  10.9885  -0.0018   0.0002
  1.3325  10.9885  -0.0018   0.0002
  1.3257   8.0436  -0.5099   0.3515
  1.3026   4.9986  -1.0972   0.7321
  1.2576   2.3272  -1.6776   1.0876
  1.1904   0.0586  -2.2345   1.4152
  1.1018  -1.8418  -2.7651   1.7218
  0.9945  -3.4430  -3.2706   2.0121
  0.8706  -4.7781  -3.7504   2.2805
  0.7328  -5.8931  -4.2053   2.5402
  0.5837  -6.8218  -4.6358   2.7940
  0.4254  -7.5936  -5.0427   3.0445
  0.2600  -8.2331  -5.4264   3.2937
  0.0893  -8.7610  -5.7874   3.5430
 -0.0850  -9.1948  -6.1262   3.7938
 -0.2616  -9.5492  -6.4433   4.0467
 -0.4392  -9.8364  -6.7390   4.3027
 -0.6168 -10.0666  -7.0139   4.5620
 -0.7935 -10.2484  -7.2682   4.8250
 -0.9684 -10.3891  -7.5025   5.0919
 -1.1409 -10.4947  -7.7172   5.3627
 -1.3103 -10.5703  -7.9125   5.6374
 -1.4761 -10.6200  -8.0889   5.9159
 -1.6378 -10.6475  -8.2468   6.1980
 -1.7951 -10.6557  -8.3865   6.4835
 -1.9474 -10.6471  -8.5084   6.7722
 -2.0946 -10.6238  -8.6130   7.0636
 -2.2362 -10.5877  -8.7005   7.3575
 -2.3720 -10.5403  -8.7714   7.6536
 -2.5017 -10.4828  -8.8260   7.9514
 -2.6251 -10.4163  -8.8648   8.2506
 -2.7419 -10.3418  -8.8881   8.5506
 -2.8518 -10.2601  -8.8962   8.8511
 -2.9548 -10.1719  -8.8896   9.1516
 -3.0505 -10.0777  -8.8686   9.4515
 -3.1387  -9.9781  -8.8337   9.7503
 -3.2193  -9.8734  -8.7851  10.0476
 -3.2921  -9.7642  -8.7233  10.3425
 -3.3568  -9.6507  -8.6487  10.6346
 -3.4133  -9.5331  -8.5616  10.9231
 -3.4614  -9.4117  -8.4623  11.2073
 -3.5009  -9.2867  -8.3513  11.4862
 -3.5316  -9.1581  -8.2288  11.7591
 -3.5534  -9.0261  -8.0952  12.0248
 -3.5660  -8.8906  -7.9508  12.2823
 -3.5693  -8.7517  -7.7959  12.5302
 -3.5631  -8.6091  -7.6308  12.7671
 -3.5473  -8.4627  -7.4557  12.9913
 -3.5215  -8.3122  -7.2709  13.2009
 -3.4857  -8.1573  -7.0766  13.3937
 -3.4397  -7.9972  -6.8728  13.5672
 -3.3832  -7.8315  -6.6597  13.7183
 -3.3160  -7.6592  -6.4373  13.8437
 -3.2381  -7.4794  -6.2057  13.9393
 -3.1490  -7.2907  -5.9645  14.0003
 -3.0487  -7.0915  -5.7138  14.0212
 -2.9369  -6.8800  -5.4529  13.9953
 -2.8134  -6.6539  -5.1816  13.9149
 -2.6779  -6.4104  -4.8991  13.7706
 -2.5301  -6.1462  -4.6046  13.5516
 -2.3697  -5.8575  -4.2969  13.2448
 -2.1965  -5.5395  -3.9747  12.8349
 -2.0101  -5.1867  -3.6363  12.3034
 -1.8102  -4.7924  -3.2796  11.6288
 -1.5964  -4.3489  -2.9021  10.7850
 -1.3684  -3.8469  -2.5009   9.7415
 -1.1256  -3.2755  -2.0724   8.4620
 -0.8677  -2.6217  -1.6128   6.9035
 -0.5942  -1.8704  -1.1174   5.0153
 -0.3048  -1.0036  -0.5813   2.7376
  0.0009  -0.0001   0.0009   0.0003
  0.0577   0.0219  11.6804  -8.3685
  0.0053   0.2272  11.6178  -8.2078
 -0.0461   0.4351  11.5574  -8.0442
 -0.0954   0.6283  11.4973  -7.8807
 -0.1430   0.8074  11.4366  -7.7173
 -0.1887   0.9732  11.3751  -7.5538
 -0.2327   1.1265  11.3128  -7.3902
 -0.2750   1.2684  11.2495  -7.2264
 -0.3155   1.3995  11.1851  -7.0623
 -0.3544   1.5205  11.1197  -6.8979
 -0.3916   1.6323  11.0530  -6.7331
 -0.4272   1.7353  10.9850  -6.5679
 -0.4612   1.8302  10.9155  -6.4023
 -0.4936   1.9176  10.8446  -6.2362
 -0.5245   1.9978  10.7720  -6.0695
 -0.5538   2.0715  10.6978  -5.9022
 -0.5816   2.1390  10.6217  -5.7343
 -0.6079   2.2008  10.5436  -5.5658
 -0.6327   2.2571  10.4636  -5.3965
 -0.6560   2.3084  10.3815  -5.2265
 -0.6779   2.3549  10.2971  -5.0557
 -0.6984   2.3970  10.2104  -4.8841
 -0.7174   2.4348  10.1212  -4.7118
 -0.7351   2.4687  10.0295  -4.5385
 -0.7513   2.4988   9.9352  -4.3644
 -0.7662   2.5254   9.8382  -4.1894
 -0.7798   2.5486   9.7383  -4.0134
 -0.7921   2.5687   9.6354  -3.8365
 -0.8030   2.5857   9.5295  -3.6587
 -0.8126   2.5998   9.4205  -3.4798
 -0.8210   2.6111   9.3083  -3.3000
 -0.8282   2.6198   9.1927  -3.1192
 -0.8340   2.6259   9.0737  -2.9373
 -0.8387   2.6296   8.9512  -2.7545
 -0.8422   2.6308   8.8251  -2.5706
 -0.8445   2.6298   8.6954  -2.3856
 -0.8456   2.6265   8.5619  -2.1996
 -0.8456   2.6210   8.4245  -2.0126
 -0.8444   2.6133   8.2833  -1.8245
 -0.8421   2.6035   8.1381  -1.6353
 -0.8388   2.5916   7.9888  -1.4451
 -0.8343   2.5777   7.8355  -1.2537
 -0.8288   2.5616   7.6780  -1.0614
 -0.8222   2.5436   7.5163  -0.8679
 -0.8146   2.5234   7.3504  -0.6734
 -0.8060   2.5012   7.1802  -0.4779
 -0.7964   2.4770   7.0057  -0.2812
 -0.7858   2.4506   6.8268  -0.0836
 -0.7743   2.4221   6.6436   0.1152
 -0.7618   2.3915   6.4560   0.3150
 -0.7483   2.3587   6.2640   0.5159
 -0.7340   2.3237   6.0676   0.7179
 -0.7187   2.2864   5.8668   0.9209
 -0.7025   2.2467   5.6615   1.1249
 -0.6855   2.2047   5.4519   1.3301
 -0.6676   2.1601   5.2380   1.5363
 -0.6488   2.1131   5.0196   1.7436
 -0.6292   2.0634   4.7970   1.9520
 -0.6088   2.0109   4.5700   2.1616
 -0.5875   1.9556   4.3388   2.3722
 -0.5654   1.8974   4.1034   2.5839
 -0.5425   1.8362   3.8638   2.7968
 -0.5189   1.7717   3.6201   3.0109
 -0.4944   1.7039   3.3723   3.2262
 -0.4692   1.6326   3.1205   3.4426
 -0.4432   1.5577   2.8647   3.6603
 -0.4165   1.4790   2.6051   3.8793
 -0.3890   1.3963   2.3416   4.0997
 -0.3607   1.3093   2.0744   4.3213
 -0.3318   1.2180   1.8034   4.5444
 -0.3020   1.1220   1.5289   4.7689
 -0.2716   1.0210   1.2508   4.9950
 -0.2404   0.9149   0.9692   5.2225
 -0.2085   0.8034   0.6842   5.4518
 -0.1758   0.6860   0.3959   5.6827
 -0.1424   0.5626   0.1043   5.9154
 -0.1083   0.4327  -0.1905   6.1499
 -0.0734   0.2960  -0.4884   6.3864
 -0.0378   0.1519  -0.7895   6.6249
 -0.0014   0.0002  -1.0935   6.8655
 -0.0014   0.0002  -1.0935   6.8655
 -0.2276  -0.1388  -1.2616   5.2205
 -0.4798  -0.3021  -1.4740   3.4920
 -0.7387  -0.3118  -1.6949   1.9576
 -0.9930  -0.2567  -1.9199   0.6419
 -1.2392  -0.1803  -2.1480  -0.4777
 -1.4761  -0.1009  -2.3785  -1.4294
 -1.7034  -0.0260  -2.6106  -2.2390
 -1.9208   0.0420  -2.8435  -2.9282
 -2.1283   0.1030  -3.0763  -3.5154
 -2.3257   0.1579  -3.3081  -4.0162
 -2.5132   0.2078  -3.5383  -4.4434
 -2.6907   0.2541  -3.7661  -4.8081
 -2.8582   0.2982  -3.9909  -5.1191
 -3.0159   0.3411  -4.2119  -5.3842
 -3.1637   0.3838  -4.4288  -5.6097
 -3.3018   0.4271  -4.6409  -5.8010
 -3.4302   0.4716  -4.8478  -5.9625
 -3.5491   0.5179  -5.0491  -6.0981
 -3.6584   0.5661  -5.2442  -6.2110
 -3.7583   0.6165  -5.4330  -6.3038
 -3.8489   0.6693  -5.6149  -6.3789
 -3.9304   0.7245  -5.7896  -6.4382
 -4.0027   0.7820  -5.9568  -6.4834
 -4.0660   0.8417  -6.1161  -6.5159
 -4.1205   0.9034  -6.2672  -6.5369
 -4.1662   0.9669  -6.4098  -6.5477
 -4.2033   1.0320  -6.5435  -6.5490
 -4.2319   1.0984  -6.6681  -6.5418
 -4.2521   1.1659  -6.7832  -6.5268
 -4.2641   1.2340  -6.8885  -6.5048
 -4.2680   1.3026  -6.9838  -6.4762
 -4.2639   1.3712  -7.0686  -6.4418
 -4.2520   1.4394  -7.1428  -6.4020
 -4.2325   1.5070  -7.2059  -6.3574
 -4.2054   1.5736  -7.2577  -6.3084
 -4.1709   1.6388  -7.2978  -6.2554
 -4.1293   1.7022  -7.3260  -6.1988
 -4.0806   1.7635  -7.3419  -6.1391
 -4.0249   1.8222  -7.3453  -6.0766
 -3.9626   1.8780  -7.3357  -6.0116
 -3.8937   1.9304  -7.3129  -5.9444
 -3.8184   1.9791  -7.2767  -5.8753
 -3.7368   2.0235  -7.2265  -5.8046
 -3.6492   2.0632  -7.1622  -5.7323
 -3.5556   2.0978  -7.0835  -5.6587
 -3.4564   2.1266  -6.9899  -5.5838
 -3.3515   2.1493  -6.8812  -5.5075
 -3.2413   2.1650  -6.7571  -5.4297
 -3.1259   2.1732  -6.6172  -5.3502
 -3.0054   2.1732  -6.4612  -5.2686
 -2.8800   2.1642  -6.2888  -5.1843
 -2.7499   2.1453  -6.0996  -5.0965
 -2.6152   2.1155  -5.8933  -5.0043
 -2.4761   2.0738  -5.6696  -4.9063
 -2.3328   2.0189  -5.4282  -4.8009
 -2.1854   1.9498  -5.1686  -4.6861
 -2.0341   1.8649  -4.8907  -4.5592
 -1.8790   1.7629  -4.5939  -4.4173
 -1.7203   1.6426  -4.2781  -4.2566
 -1.5581   1.5026  -3.9428  -4.0724
 -1.3926   1.3424  -3.5878  -3.8594
 -1.2240   1.1619  -3.2127  -3.6109
 -1.0526   0.9625  -2.8172  -3.3191
 -0.8787   0.7478  -2.4010  -2.9746
 -0.7027   0.5253  -1.9638  -2.5665
 -0.5255   0.3084  -1.5054  -2.0817
 -0.3480   0.1200  -1.0254  -1.5048
 -0.1722  -0.0024  -0.5235  -0.8179
  6.0239  -6.1522  -0.6476  -0.7989
  6.0783  -5.8000  -0.3617  -0.9509
  6.1299  -5.4450  -0.0786  -1.0980
  6.1797  -5.0837   0.1998  -1.2374
  6.2265  -4.7269   0.4675  -1.3676
  6.2716  -4.3697   0.7291  -1.4914
  6.3096  -4.0273   0.9703  -1.6022
  6.3458  -3.6831   1.2071  -1.7084
  6.3778  -3.3432   1.4334  -1.8075
  6.4067  -3.0050   1.6526  -1.9017
  6.4310  -2.6720   1.8611  -1.9894
  6.4504  -2.3439   2.0591  -2.0712
  6.4649  -2.0206   2.2469  -2.1474
  6.4744  -1.7021   2.4248  -2.2186
  6.4789  -1.3881   2.5931  -2.2850
  6.4784  -1.0786   2.7518  -2.3471
  6.4728  -0.7735   2.9013  -2.4052
  6.4622  -0.4726   3.0417  -2.4594
  6.4466  -0.1760   3.1732  -2.5101
  6.4259   0.1166   3.2961  -2.5575
  6.4003   0.4050   3.4104  -2.6017
  6.3699   0.6895   3.5164  -2.6429
  6.3346   0.9701   3.6143  -2.6814
  6.2945   1.2469   3.7041  -2.7170
  6.2499   1.5198   3.7860  -2.7501
  6.2007   1.7890   3.8601  -2.7806
  6.1471   2.0545   3.9266  -2.8086
  6.0892   2.3164   3.9856  -2.8342
  6.0271   2.5747   4.0372  -2.8573
  5.9610   2.8294   4.0814  -2.8780
  5.8911   3.0806   4.1185  -2.8963
  5.8174   3.3284   4.1485  -2.9122
  5.7402   3.5728   4.1714  -2.9256
  5.6595   3.8138   4.1873  -2.9364
  5.5756   4.0515   4.1964  -2.9447
  5.4885   4.2859   4.1987  -2.9504
  5.3986   4.5171   4.1942  -2.9534
  5.3058   4.7452   4.1830  -2.9536
  5.2104   4.9700   4.1652  -2.9510
  5.1125   5.1918   4.1407  -2.9454
  5.0124   5.4106   4.1097  -2.9367
  4.9100   5.6263   4.0722  -2.9249
  4.8057   5.8392   4.0282  -2.9098
  4.6995   6.0491   3.9778  -2.8912
  4.5916   6.2562   3.9209  -2.8691
  4.4821   6.4605   3.8576  -2.8432
  4.3711   6.6621   3.7880  -2.8134
  4.2588   6.8610   3.7119  -2.7796
  4.1453   7.0572   3.6296  -2.7416
  4.0308   7.2510   3.5409  -2.6991
  3.9153   7.4422   3.4458  -2.6520
  3.7989   7.6310   3.3444  -2.6000
  3.6818   7.8174   3.2368  -2.5429
  3.5640   8.0014   3.1228  -2.4805
  3.4456   8.1833   3.0025  -2.4125
  3.3268   8.3629   2.8759  -2.3386
  3.2075   8.5404   2.7431  -2.2584
  3.0879   8.7158   2.6039  -2.1717
  2.9680   8.8893   2.4585  -2.0780
  2.8480   9.0608   2.3067  -1.9771
  2.7277   9.2305   2.1487  -1.8684
  2.6074   9.3984   1.9844  -1.7515
  2.4870   9.5645   1.8139  -1.6259
  2.3666   9.7290   1.6370  -1.4912
  2.2462   9.8920   1.4540  -1.3466
  2.1258  10.0534   1.2646  -1.1915
  2.0055  10.2134   1.0690  -1.0254
  1.8853  10.3721   0.8672  -0.8474
  1.7651  10.5295   0.6592  -0.6568
  1.6451  10.6857   0.4450  -0.4526
  1.5252  10.8408   0.2247  -0.2340
  1.4054  10.9948  -0.0019   0.0002
  1.4054  10.9948  -0.0019   0.0002
  1.4030   8.0594  -0.5161   0.3270
  1.3845   5.0237  -1.1087   0.6923
  1.3434   2.4348  -1.6936   1.0828
  1.2777   0.0894  -2.2706   1.5674
  1.1852  -1.7873  -2.8177   1.8136
  1.0763  -3.3723  -3.3359   2.0539
  0.9522  -4.6984  -3.8261   2.2914
  0.8154  -5.8069  -4.2893   2.5282
  0.6680  -6.7312  -4.7262   2.7661
  0.5123  -7.5001  -5.1378   3.0064
  0.3502  -8.1377  -5.5247   3.2503
  0.1833  -8.6645  -5.8877   3.4984
  0.0132  -9.0975  -6.2272   3.7513
 -0.1588  -9.4512  -6.5440   4.0093
 -0.3316  -9.7379  -6.8386   4.2726
 -0.5041  -9.9675  -7.1115   4.5413
 -0.6755 -10.1488  -7.3632   4.8152
 -0.8450 -10.2889  -7.5942   5.0944
 -1.0120 -10.3938  -7.8051   5.3785
 -1.1758 -10.4685  -7.9962   5.6673
 -1.3362 -10.5173  -8.1680   5.9605
 -1.4924 -10.5438  -8.3210   6.2579
 -1.6443 -10.5509  -8.4557   6.5589
 -1.7914 -10.5413  -8.5724   6.8632
 -1.9335 -10.5170  -8.6716   7.1705
 -2.0701 -10.4799  -8.7537   7.4802
 -2.2012 -10.4315  -8.8192   7.7920
 -2.3263 -10.3731  -8.8685   8.1053
 -2.4454 -10.3059  -8.9019   8.4198
 -2.5581 -10.2307  -8.9200   8.7348
 -2.6643 -10.1485  -8.9232   9.0500
 -2.7638 -10.0599  -8.9118   9.3648
 -2.8564  -9.9656  -8.8863   9.6786
 -2.9419  -9.8660  -8.8470   9.9910
 -3.0201  -9.7616  -8.7944  10.3013
 -3.0908  -9.6528  -8.7289  10.6088
 -3.1539  -9.5399  -8.6508  10.9130
 -3.2092  -9.4233  -8.5606  11.2130
 -3.2565  -9.3031  -8.4586  11.5083
 -3.2957  -9.1795  -8.3451  11.7978
 -3.3265  -9.0526  -8.2206  12.0806
 -3.3489  -8.9225  -8.0853  12.3558
 -3.3626  -8.7892  -7.9396  12.6222
 -3.3674  -8.6527  -7.7837  12.8784
 -3.3633  -8.5128  -7.6180  13.1229
 -3.3499  -8.3693  -7.4427  13.3542
 -3.3272  -8.2219  -7.2580  13.5702
 -3.2949  -8.0702  -7.0641  13.7687
 -3.2529  -7.9136  -6.8610  13.9471
 -3.2010  -7.7515  -6.6490  14.1024
 -3.1390  -7.5830  -6.4280  14.2310
 -3.0666  -7.4069  -6.1979  14.3287
 -2.9837  -7.2220  -5.9586  14.3908
 -2.8900  -7.0267  -5.7098  14.4114
 -2.7853  -6.8191  -5.4512  14.3838
 -2.6694  -6.5968  -5.1821  14.3000
 -2.5420  -6.3569  -4.9019  14.1504
 -2.4029  -6.0963  -4.6097  13.9238
 -2.2517  -5.8110  -4.3043  13.6069
 -2.0882  -5.4962  -3.9842  13.1839
 -1.9120  -5.1465  -3.6476  12.6359
 -1.7227  -4.7553  -3.2923  11.9406
 -1.5201  -4.3148  -2.9158  11.0717
 -1.3036  -3.8159  -2.5148   9.9977
 -1.0729  -3.2480  -2.0859   8.6818
 -0.8275  -2.5986  -1.6248   7.0800
 -0.5670  -1.8528  -1.1268   5.1411
 -0.2910  -0.9934  -0.5868   2.8046
 -0.2313  -0.9704  11.5811  -8.1453
 -0.2707  -0.6736  11.5236  -7.9920
 -0.3087  -0.3863  11.4690  -7.8365
 -0.3449  -0.1182  11.4143  -7.6810
 -0.3794   0.1315  11.3587  -7.5251
 -0.4123   0.3633  11.3022  -7.3690
 -0.4436   0.5782  11.2446  -7.2124
 -0.4734   0.7773  11.1858  -7.0554
 -0.5017   0.9615  11.1258  -6.8979
 -0.5285   1.1319  11.0644  -6.7399
 -0.5539   1.2894  11.0016  -6.5813
 -0.5779   1.4348  10.9373  -6.4221
 -0.6006   1.5689  10.8714  -6.2622
 -0.6220   1.6925  10.8038  -6.1016
 -0.6421   1.8064  10.7345  -5.9402
 -0.6609   1.9111  10.6632  -5.7781
 -0.6784   2.0073  10.5900  -5.6152
 -0.6947   2.0954  10.5147  -5.4514
 -0.7098   2.1762  10.4372  -5.2868
 -0.7238   2.2499  10.3575  -5.1213
 -0.7365   2.3171  10.2754  -4.9548
 -0.7481   2.3782  10.1908  -4.7874
 -0.7586   2.4336  10.1037  -4.6189
 -0.7680   2.4835  10.0139  -4.4495
 -0.7763   2.5284   9.9214  -4.2791
 -0.7835   2.5686   9.8260  -4.1076
 -0.7896   2.6042   9.7277  -3.9350
 -0.7947   2.6356   9.6262  -3.7614
 -0.7987   2.6630   9.5217  -3.5866
 -0.8018   2.6867   9.4139  -3.4107
 -0.8039   2.7067   9.3027  -3.2338
 -0.8050   2.7233   9.1882  -3.0556
 -0.8051   2.7366   9.0701  -2.8763
 -0.8043   2.7468   8.9484  -2.6959
 -0.8026   2.7541   8.8230  -2.5143
 -0.7999   2.7584   8.6938  -2.3315
 -0.7964   2.7601   8.5608  -2.1476
 -0.7920   2.7590   8.4239  -1.9625
 -0.7867   2.7554   8.2829  -1.7762
 -0.7807   2.7492   8.1379  -1.5887
 -0.7737   2.7406   7.9888  -1.4000
 -0.7660   2.7295   7.8355  -1.2101
 -0.7575   2.7161   7.6779  -1.0191
 -0.7482   2.7004   7.5160  -0.8268
 -0.7382   2.6823   7.3498  -0.6334
 -0.7274   2.6619   7.1792  -0.4388
 -0.7158   2.6392   7.0042  -0.2430
 -0.7036   2.6142   6.8248  -0.0460
 -0.6907   2.5868   6.6409   0.1522
 -0.6770   2.5571   6.4525   0.3515
 -0.6628   2.5250   6.2596   0.5521
 -0.6478   2.4904   6.0621   0.7538
 -0.6322   2.4534   5.8602   0.9567
 -0.6160   2.4138   5.6538   1.1608
 -0.5991   2.3715   5.4428   1.3661
 -0.5817   2.3266   5.2274   1.5726
 -0.5636   2.2789   5.0075   1.7803
 -0.5450   2.2282   4.7831   1.9893
 -0.5257   2.1745   4.5544   2.1994
 -0.5060   2.1177   4.3212   2.4108
 -0.4856   2.0577   4.0837   2.6235
 -0.4647   1.9942   3.8419   2.8374
 -0.4433   1.9271   3.5958   3.0527
 -0.4213   1.8562   3.3456   3.2692
 -0.3988   1.7814   3.0911   3.4871
 -0.3758   1.7025   2.8326   3.7065
 -0.3522   1.6192   2.5701   3.9272
 -0.3282   1.5312   2.3035   4.1494
 -0.3036   1.4385   2.0331   4.3731
 -0.2786   1.3406   1.7588   4.5984
 -0.2530   1.2373   1.4807   4.8252
 -0.2269   1.1283   1.1989   5.0538
 -0.2003   1.0133   0.9135   5.2840
 -0.1732   0.8918   0.6244   5.5161
 -0.1456   0.7636   0.3319   5.7500
 -0.1176   0.6282   0.0359   5.9859
 -0.0890   0.4850  -0.2635   6.2238
 -0.0599   0.3333  -0.5662   6.4639
 -0.0305   0.1723  -0.8721   6.7062
 -0.0008   0.0005  -1.1814   6.9508
 -0.0008   0.0005  -1.1814   6.9508
 -0.2540   0.1999  -1.3387   5.2701
 -0.5457   0.4032  -1.5297   3.5017
 -0.8338   0.5645  -1.7315   1.9316
 -1.1096   0.6854  -1.9400   0.5851
 -1.3733   0.7811  -2.1533  -0.5614
 -1.6248   0.8550  -2.3706  -1.5365
 -1.8641   0.9111  -2.5908  -2.3666
 -2.0914   0.9534  -2.8128  -3.0738
 -2.3068   0.9851  -3.0359  -3.6771
 -2.5105   1.0091  -3.2589  -4.1922
 -2.7028   1.0276  -3.4812  -4.6323
 -2.8839   1.0426  -3.7018  -5.0087
 -3.0539   1.0556  -3.9202  -5.3304
 -3.2130   1.0679  -4.1356  -5.6053
 -3.3615   1.0805  -4.3475  -5.8399
 -3.4995   1.0940  -4.5552  -6.0397
 -3.6272   1.1090  -4.7584  -6.2091
 -3.7447   1.1259  -4.9564  -6.3521
 -3.8524   1.1449  -5.1490  -6.4719
 -3.9502   1.1663  -5.3356  -6.5712
 -4.0385   1.1901  -5.5160  -6.6524
 -4.1174   1.2162  -5.6896  -6.7173
 -4.1870   1.2445  -5.8561  -6.7678
 -4.2475   1.2750  -6.0152  -6.8051
 -4.2992   1.3075  -6.1665  -6.8307
 -4.3420   1.3417  -6.3098  -6.8455
 -4.3763   1.3775  -6.4445  -6.8506
 -4.4022   1.4146  -6.5705  -6.8468
 -4.4197   1.4527  -6.6873  -6.8349
 -4.4292   1.4916  -6.7947  -6.8154
 -4.4307   1.5310  -6.8923  -6.7892
 -4.4244   1.5706  -6.9797  -6.7567
 -4.4105   1.6101  -7.0567  -6.7185
 -4.3891   1.6493  -7.1230  -6.6751
 -4.3603   1.6877  -7.1780  -6.6269
 -4.3244   1.7252  -7.2217  -6.5744
 -4.2814   1.7615  -7.2535  -6.5181
 -4.2315   1.7962  -7.2733  -6.4583
 -4.1749   1.8291  -7.2806  -6.3954
 -4.1117   1.8599  -7.2750  -6.3297
 -4.0421   1.8883  -7.2564  -6.2616
 -3.9662   1.9141  -7.2242  -6.1914
 -3.8841   1.9368  -7.1783  -6.1192
 -3.7960   1.9564  -7.1182  -6.0453
 -3.7020   1.9724  -7.0436  -5.9698
 -3.6023   1.9846  -6.9541  -5.8928
 -3.4971   1.9926  -6.8495  -5.8142
 -3.3863   1.9962  -6.7293  -5.7340
 -3.2702   1.9950  -6.5932  -5.6518
 -3.1489   1.9887  -6.4409  -5.5673
 -3.0226   1.9769  -6.2720  -5.4799
 -2.8913   1.9591  -6.0861  -5.3888
 -2.7552   1.9351  -5.8829  -5.2930
 -2.6143   1.9041  -5.6621  -5.1910
 -2.4689   1.8659  -5.4232  -5.0812
 -2.3190   1.8196  -5.1659  -4.9614
 -2.1647   1.7647  -4.8898  -4.8290
 -2.0061   1.7004  -4.5946  -4.6806
 -1.8433   1.6259  -4.2800  -4.5123
 -1.6765   1.5400  -3.9455  -4.3193
 -1.5056   1.4417  -3.5908  -4.0956
 -1.3308   1.3297  -3.2157  -3.8343
 -1.1521   1.2024  -2.8197  -3.5270
 -0.9696   1.0581  -2.4028  -3.1636
 -0.7833   0.8948  -1.9646  -2.7322
 -0.5934   0.7102  -1.5051  -2.2186
 -0.3997   0.5017  -1.0243  -1.6059
 -0.2025   0.2662  -0.5223  -0.8743
  5.9786  -6.1381  -0.6411  -0.8555
  6.0302  -5.7863  -0.3594  -0.9978
  6.0816  -5.4188  -0.0713  -1.1404
  6.1307  -5.0538   0.2077  -1.2746
  6.1776  -4.6899   0.4785  -1.4012
  6.2206  -4.3319   0.7375  -1.5191
  6.2598  -3.9798   0.9848  -1.6289
  6.2948  -3.6333   1.2207  -1.7312
  6.3255  -3.2922   1.4457  -1.8267
  6.3518  -2.9563   1.6599  -1.9158
  6.3736  -2.6255   1.8636  -1.9991
  6.3908  -2.2997   2.0572  -2.0769
  6.4034  -1.9786   2.2407  -2.1498
  6.4111  -1.6623   2.4146  -2.2181
  6.4141  -1.3504   2.5790  -2.2822
  6.4122  -1.0430   2.7341  -2.3422
  6.4055  -0.7399   2.8802  -2.3986
  6.3940  -0.4410   3.0174  -2.4515
  6.3776  -0.1463   3.1459  -2.5012
  6.3564   0.1443   3.2659  -2.5478
  6.3305   0.4310   3.3776  -2.5916
  6.3000   0.7137   3.4812  -2.6325
  6.2647   0.9926   3.5767  -2.6708
  6.2250   1.2677   3.6643  -2.7066
  6.1808   1.5390   3.7442  -2.7399
  6.1322   1.8067   3.8166  -2.7707
  6.0794   2.0708   3.8814  -2.7992
  6.0225   2.3313   3.9389  -2.8253
  5.9616   2.5883   3.9891  -2.8491
  5.8968   2.8418   4.0321  -2.8704
  5.8282   3.0919   4.0681  -2.8894
  5.7561   3.3386   4.0971  -2.9060
  5.6804   3.5820   4.1192  -2.9201
  5.6015   3.8221   4.1345  -2.9318
  5.5194   4.0590   4.1430  -2.9408
  5.4343   4.2927   4.1449  -2.9473
  5.3463   4.5233   4.1401  -2.9510
  5.2556   4.7507   4.1287  -2.9519
  5.1623   4.9752   4.1108  -2.9499
  5.0666   5.1966   4.0864  -2.9449
  4.9686   5.4150   4.0556  -2.9368
  4.8684   5.6306   4.0184  -2.9254
  4.7663   5.8433   3.9748  -2.9107
  4.6623   6.0532   3.9248  -2.8926
  4.5566   6.2604   3.8686  -2.8707
  4.4493   6.4649   3.8060  -2.8451
  4.3406   6.6667   3.7372  -2.8155
  4.2305   6.8660   3.6621  -2.7818
  4.1191   7.0627   3.5807  -2.7438
  4.0067   7.2570   3.4931  -2.7014
  3.8932   7.4488   3.3993  -2.6542
  3.7789   7.6383   3.2993  -2.6020
  3.6637   7.8255   3.1930  -2.5448
  3.5478   8.0105   3.0806  -2.4821
  3.4313   8.1933   2.9619  -2.4138
  3.3142   8.3740   2.8370  -2.3395
  3.1966   8.5527   2.7059  -2.2589
  3.0787   8.7294   2.5687  -2.1718
  2.9604   8.9042   2.4252  -2.0777
  2.8417   9.0772   2.2755  -1.9763
  2.7229   9.2484   2.1197  -1.8672
  2.6039   9.4180   1.9576  -1.7499
  2.4847   9.5859   1.7894  -1.6240
  2.3654   9.7523   1.6150  -1.4889
  2.2460   9.9172   1.4344  -1.3441
  2.1266  10.0807   1.2476  -1.1889
  2.0071  10.2428   1.0547  -1.0228
  1.8876  10.4038   0.8556  -0.8449
  1.7681  10.5635   0.6504  -0.6545
  1.6486  10.7222   0.4390  -0.4509
  1.5291  10.8799   0.2216  -0.2330
  1.4096  11.0366  -0.0019   0.0002
  1.4096  11.0366  -0.0019   0.0002
  1.4257   8.0660  -0.5077   0.3793
  1.4275   4.9925  -1.0906   0.7968
  1.4046   2.3750  -1.6658   1.2281
  1.3565   0.0028  -2.2334   1.7518
  1.2792  -1.8926  -2.7715   2.0296
  1.1842  -3.4930  -3.2812   2.2951
  1.0727  -4.8314  -3.7634   2.5521
  0.9473  -5.9497  -4.2191   2.8036
  0.8105  -6.8821  -4.6491   3.0522
  0.6646  -7.6577  -5.0541   3.2997
  0.5115  -8.3012  -5.4350   3.5476
  0.3531  -8.8332  -5.7923   3.7971
  0.1909  -9.2712  -6.1267   4.0490
  0.0263  -9.6298  -6.4387   4.3041
 -0.1395  -9.9213  -6.7290   4.5627
 -0.3054 -10.1560  -6.9980   4.8252
 -0.4705 -10.3425  -7.2462   5.0917
 -0.6342 -10.4880  -7.4742   5.3622
 -0.7957 -10.5987  -7.6824   5.6367
 -0.9545 -10.6795  -7.8713   5.9150
 -1.1100 -10.7348  -8.0413   6.1970
 -1.2618 -10.7682  -8.1929   6.4825
 -1.4096 -10.7825  -8.3264   6.7711
 -1.5529 -10.7805  -8.4424   7.0625
 -1.6915 -10.7641  -8.5412   7.3565
 -1.8251 -10.7352  -8.6233   7.6526
 -1.9534 -10.6954  -8.6891   7.9504
 -2.0762 -10.6458  -8.7390   8.2495
 -2.1932 -10.5877  -8.7734   8.5496
 -2.3043 -10.5220  -8.7927   8.8501
 -2.4093 -10.4494  -8.7974   9.1507
 -2.5079 -10.3706  -8.7877   9.4508
 -2.5999 -10.2862  -8.7642   9.7499
 -2.6852 -10.1968  -8.7271  10.0475
 -2.7637 -10.1027  -8.6770  10.3431
 -2.8351 -10.0042  -8.6141  10.6361
 -2.8992  -9.9018  -8.5388  10.9257
 -2.9560  -9.7956  -8.4516  11.2114
 -3.0051  -9.6858  -8.3527  11.4924
 -3.0466  -9.5725  -8.2425  11.7679
 -3.0801  -9.4559  -8.1214  12.0370
 -3.1056  -9.3359  -7.9895  12.2986
 -3.1228  -9.2125  -7.8474  12.5517
 -3.1316  -9.0856  -7.6952  12.7950
 -3.1318  -8.9550  -7.5331  13.0271
 -3.1233  -8.8203  -7.3615  13.2462
 -3.1058  -8.6813  -7.1806  13.4505
 -3.0793  -8.5373  -6.9904  13.6379
 -3.0434  -8.3878  -6.7911  13.8056
 -2.9980  -8.2319  -6.5827  13.9509
 -2.9429  -8.0686  -6.3654  14.0702
 -2.8780  -7.8966  -6.1389  14.1594
 -2.8029  -7.7145  -5.9031  14.2138
 -2.7175  -7.5205  -5.6579  14.2277
 -2.6216  -7.3123  -5.4027  14.1945
 -2.5148  -7.0873  -5.1370  14.1062
 -2.3970  -6.8424  -4.8601  13.9536
 -2.2678  -6.5740  -4.5711  13.7256
 -2.1270  -6.2776  -4.2689  13.4091
 -1.9742  -5.9479  -3.9519  12.9885
 -1.8092  -5.5788  -3.6185  12.4453
 -1.6315  -5.1631  -3.2664  11.7577
 -1.4407  -4.6921  -2.8930  10.8997
 -1.2365  -4.1559  -2.4954   9.8405
 -1.0184  -3.5424  -2.0699   8.5437
 -0.7861  -2.8378  -1.6124   6.9663
 -0.5390  -2.0259  -1.1183   5.0577
 -0.2768  -1.0875  -0.5824   2.7588
  0.0009  -0.0002   0.0007   0.0004
  0.0551   0.0217  11.7394  -8.3901
  0.0131   0.1442  11.6790  -8.2354
 -0.0286   0.2735  11.6210  -8.0780
 -0.0691   0.4240  11.5630  -7.9206
 -0.1083   0.5792  11.5044  -7.7629
 -0.1461   0.7318  11.4449  -7.6049
 -0.1826   0.8780  11.3844  -7.4465
 -0.2176   1.0162  11.3228  -7.2877
 -0.2514   1.1456  11.2600  -7.1284
 -0.2837   1.2660  11.1958  -6.9685
 -0.3148   1.3777  11.1303  -6.8081
 -0.3445   1.4809  11.0633  -6.6471
 -0.3729   1.5761  10.9947  -6.4854
 -0.3999   1.6636  10.9244  -6.3230
 -0.4257   1.7439  10.8524  -6.1599
 -0.4502   1.8174  10.7785  -5.9960
 -0.4735   1.8845  10.7027  -5.8313
 -0.4955   1.9457  10.6248  -5.6657
 -0.5162   2.0013  10.5447  -5.4993
 -0.5357   2.0516  10.4624  -5.3320
 -0.5539   2.0970  10.3778  -5.1638
 -0.5709   2.1378  10.2907  -4.9946
 -0.5868   2.1742  10.2011  -4.8245
 -0.6014   2.2065  10.1089  -4.6534
 -0.6149   2.2350  10.0139  -4.4813
 -0.6271   2.2598   9.9161  -4.3082
 -0.6383   2.2812   9.8153  -4.1340
 -0.6483   2.2994   9.7115  -3.9588
 -0.6571   2.3144   9.6047  -3.7825
 -0.6649   2.3265   9.4945  -3.6051
 -0.6715   2.3359   9.3811  -3.4266
 -0.6771   2.3425   9.2643  -3.2470
 -0.6816   2.3467   9.1440  -3.0663
 -0.6851   2.3483   9.0202  -2.8845
 -0.6875   2.3477   8.8927  -2.7015
 -0.6889   2.3447   8.7615  -2.5175
 -0.6892   2.3396   8.6264  -2.3322
 -0.6886   2.3323   8.4875  -2.1459
 -0.6870   2.3230   8.3446  -1.9584
 -0.6845   2.3116   8.1977  -1.7698
 -0.6810   2.2983   8.0468  -1.5801
 -0.6765   2.2830   7.8917  -1.3892
 -0.6712   2.2657   7.7324  -1.1972
 -0.6650   2.2465   7.5688  -1.0040
 -0.6579   2.2255   7.4010  -0.8098
 -0.6499   2.2025   7.2289  -0.6144
 -0.6411   2.1775   7.0524  -0.4178
 -0.6315   2.1507   6.8716  -0.2202
 -0.6210   2.1219   6.6863  -0.0214
 -0.6098   2.0911   6.4967   0.1784
 -0.5977   2.0582   6.3026   0.3794
 -0.5849   2.0233   6.1040   0.5815
 -0.5714   1.9863   5.9011   0.7848
 -0.5572   1.9471   5.6937   0.9891
 -0.5422   1.9057   5.4818   1.1946
 -0.5265   1.8619   5.2656   1.4012
 -0.5102   1.8158   5.0450   1.6089
 -0.4932   1.7671   4.8200   1.8178
 -0.4756   1.7158   4.5908   2.0278
 -0.4573   1.6618   4.3572   2.2390
 -0.4384   1.6050   4.1193   2.4513
 -0.4190   1.5451   3.8773   2.6649
 -0.3990   1.4822   3.6311   2.8797
 -0.3784   1.4159   3.3808   3.0957
 -0.3572   1.3463   3.1265   3.3129
 -0.3356   1.2730   2.8681   3.5315
 -0.3134   1.1959   2.6059   3.7514
 -0.2908   1.1149   2.3397   3.9727
 -0.2677   1.0298   2.0698   4.1953
 -0.2441   0.9406   1.7962   4.4194
 -0.2201   0.8471   1.5189   4.6451
 -0.1958   0.7495   1.2380   4.8722
 -0.1711   0.6482   0.9536   5.1010
 -0.1460   0.5437   0.6658   5.3315
 -0.1208   0.4372   0.3747   5.5636
 -0.0953   0.3309   0.0804   5.7976
 -0.0698   0.2281  -0.2171   6.0334
 -0.0444   0.1338  -0.5175   6.2712
 -0.0197   0.0552  -0.8208   6.5110
  0.0029   0.0011  -1.1268   6.7529
  0.0029   0.0011  -1.1268   6.7529
 -0.2386   0.2769  -1.3027   5.1153
 -0.5137   0.5206  -1.5139   3.3857
 -0.7810   0.7023  -1.7377   1.8502
 -1.0393   0.8648  -1.9667   0.5326
 -1.2866   1.0028  -2.1993  -0.5896
 -1.5227   1.1164  -2.4346  -1.5445
 -1.7474   1.2083  -2.6717  -2.3574
 -1.9610   1.2821  -2.9097  -3.0500
 -2.1634   1.3409  -3.1477  -3.6408
 -2.3549   1.3879  -3.3848  -4.1449
 -2.5357   1.4256  -3.6202  -4.5754
 -2.7058   1.4564  -3.8531  -4.9431
 -2.8655   1.4820  -4.0830  -5.2569
 -3.0148   1.5040  -4.3091  -5.5245
 -3.1541   1.5237  -4.5309  -5.7523
 -3.2834   1.5421  -4.7479  -5.9455
 -3.4030   1.5599  -4.9596  -6.1087
 -3.5130   1.5778  -5.1655  -6.2455
 -3.6135   1.5962  -5.3652  -6.3593
 -3.7047   1.6155  -5.5583  -6.4527
 -3.7868   1.6360  -5.7443  -6.5281
 -3.8600   1.6576  -5.9231  -6.5872
 -3.9244   1.6806  -6.0941  -6.6319
 -3.9802   1.7048  -6.2570  -6.6636
 -4.0276   1.7303  -6.4116  -6.6835
 -4.0666   1.7569  -6.5574  -6.6927
 -4.0975   1.7846  -6.6942  -6.6922
 -4.1204   1.8130  -6.8216  -6.6829
 -4.1355   1.8421  -6.9393  -6.6655
 -4.1429   1.8717  -7.0470  -6.6407
 -4.1428   1.9014  -7.1443  -6.6092
 -4.1354   1.9312  -7.2310  -6.5716
 -4.1207   1.9607  -7.3067  -6.5284
 -4.0990   1.9898  -7.3712  -6.4801
 -4.0704   2.0181  -7.4240  -6.4272
 -4.0351   2.0453  -7.4648  -6.3702
 -3.9932   2.0714  -7.4935  -6.3094
 -3.9448   2.0959  -7.5096  -6.2454
 -3.8901   2.1187  -7.5127  -6.1785
 -3.8293   2.1394  -7.5027  -6.1090
 -3.7625   2.1578  -7.4792  -6.0373
 -3.6899   2.1737  -7.4418  -5.9637
 -3.6115   2.1867  -7.3903  -5.8884
 -3.5276   2.1966  -7.3242  -5.8117
 -3.4383   2.2030  -7.2434  -5.7336
 -3.3437   2.2057  -7.1474  -5.6543
 -3.2440   2.2044  -7.0359  -5.5738
 -3.1393   2.1988  -6.9086  -5.4920
 -3.0297   2.1884  -6.7652  -5.4086
 -2.9155   2.1729  -6.6053  -5.3232
 -2.7966   2.1519  -6.4286  -5.2354
 -2.6733   2.1250  -6.2348  -5.1445
 -2.5456   2.0916  -6.0235  -5.0493
 -2.4138   2.0513  -5.7944  -4.9486
 -2.2779   2.0034  -5.5471  -4.8409
 -2.1380   1.9472  -5.2813  -4.7240
 -1.9942   1.8821  -4.9966  -4.5955
 -1.8467   1.8072  -4.6927  -4.4521
 -1.6955   1.7215  -4.3693  -4.2902
 -1.5407   1.6240  -4.0260  -4.1051
 -1.3825   1.5137  -3.6625  -3.8913
 -1.2209   1.3891  -3.2784  -3.6420
 -1.0560   1.2491  -2.8736  -3.3494
 -0.8879   1.0920  -2.4478  -3.0037
 -0.7166   0.9164  -2.0007  -2.5938
 -0.5422   0.7208  -1.5322  -2.1060
 -0.3649   0.5036  -1.0424  -1.5244
 -0.1846   0.2637  -0.5313  -0.8299
  6.0183  -6.1962  -0.6507  -0.8116
  6.0652  -5.8434  -0.3667  -0.9685
  6.1113  -5.4763  -0.0774  -1.1237
  6.1552  -5.1090   0.2041  -1.2695
  6.1964  -4.7455   0.4757  -1.4057
  6.2345  -4.3866   0.7369  -1.5326
  6.2686  -4.0336   0.9864  -1.6503
  6.2987  -3.6861   1.2245  -1.7594
  6.3246  -3.3442   1.4515  -1.8606
  6.3462  -3.0075   1.6678  -1.9545
  6.3634  -2.6759   1.8736  -2.0417
  6.3760  -2.3493   2.0692  -2.1226
  6.3840  -2.0275   2.2547  -2.1978
  6.3873  -1.7104   2.4305  -2.2676
  6.3860  -1.3979   2.5967  -2.3326
  6.3799  -1.0899   2.7536  -2.3930
  6.3690  -0.7862   2.9014  -2.4491
  6.3535  -0.4868   3.0403  -2.5013
  6.3332  -0.1916   3.1704  -2.5498
  6.3082   0.0995   3.2920  -2.5948
  6.2786   0.3866   3.4052  -2.6366
  6.2445   0.6697   3.5102  -2.6753
  6.2058   0.9490   3.6070  -2.7111
  6.1627   1.2244   3.6960  -2.7440
  6.1152   1.4961   3.7771  -2.7743
  6.0635   1.7640   3.8506  -2.8020
  6.0077   2.0283   3.9165  -2.8271
  5.9479   2.2891   3.9749  -2.8497
  5.8842   2.5462   4.0260  -2.8699
  5.8167   2.7999   4.0699  -2.8877
  5.7456   3.0502   4.1066  -2.9031
  5.6711   3.2970   4.1363  -2.9160
  5.5931   3.5406   4.1590  -2.9265
  5.5120   3.7808   4.1748  -2.9346
  5.4278   4.0178   4.1837  -2.9401
  5.3407   4.2516   4.1859  -2.9431
  5.2509   4.4822   4.1813  -2.9434
  5.1584   4.7097   4.1701  -2.9411
  5.0635   4.9342   4.1522  -2.9360
  4.9662   5.1557   4.1278  -2.9280
  4.8668   5.3742   4.0969  -2.9171
  4.7653   5.5899   4.0595  -2.9031
  4.6620   5.8027   4.0156  -2.8860
  4.5569   6.0127   3.9653  -2.8655
  4.4501   6.2199   3.9085  -2.8416
  4.3419   6.4245   3.8454  -2.8142
  4.2322   6.6265   3.7759  -2.7830
  4.1214   6.8259   3.7001  -2.7479
  4.0093   7.0228   3.6180  -2.7088
  3.8963   7.2172   3.5295  -2.6654
  3.7823   7.4093   3.4347  -2.6176
  3.6675   7.5990   3.3336  -2.5650
  3.5519   7.7865   3.2262  -2.5076
  3.4357   7.9718   3.1126  -2.4451
  3.3189   8.1549   2.9926  -2.3771
  3.2016   8.3360   2.8664  -2.3034
  3.0839   8.5151   2.7339  -2.2237
  2.9659   8.6923   2.5951  -2.1376
  2.8475   8.8676   2.4501  -2.0449
  2.7289   9.0411   2.2988  -1.9451
  2.6101   9.2129   2.1412  -1.8377
  2.4912   9.3830   1.9775  -1.7224
  2.3722   9.5516   1.8074  -1.5986
  2.2531   9.7187   1.6312  -1.4659
  2.1339   9.8843   1.4487  -1.3236
  2.0148  10.0486   1.2599  -1.1711
  1.8956  10.2117   1.0650  -1.0077
  1.7764  10.3735   0.8639  -0.8328
  1.6573  10.5343   0.6567  -0.6454
  1.5382  10.6940   0.4433  -0.4448
  1.4191  10.8528   0.2238  -0.2299
  1.3000  11.0107  -0.0018   0.0002
  1.3000  11.0107  -0.0018   0.0002
  1.3048   8.0381  -0.5091   0.3631
  1.2946   4.9634  -1.0956   0.7546
  1.2619   2.2623  -1.6746   1.1232
  1.2045  -0.0029  -2.2298   1.4738
  1.1254  -1.9430  -2.7622   1.8162
  1.0250  -3.5482  -3.2679   2.0966
  0.9080  -4.8926  -3.7475   2.3653
  0.7766  -6.0143  -4.2019   2.6258
  0.6333  -6.9485  -4.6316   2.8811
  0.4805  -7.7246  -5.0374   3.1335
  0.3202  -8.3675  -5.4197   3.3850
  0.1544  -8.8982  -5.7792   3.6369
 -0.0154  -9.3342  -6.1163   3.8904
 -0.1877  -9.6903  -6.4315   4.1463
 -0.3613  -9.9788  -6.7254   4.4053
 -0.5350 -10.2102  -6.9982   4.6677
 -0.7081 -10.3931  -7.2505   4.9339
 -0.8796 -10.5347  -7.4828   5.2040
 -1.0488 -10.6411  -7.6953   5.4780
 -1.2152 -10.7174  -7.8885   5.7559
 -1.3782 -10.7679  -8.0628   6.0375
 -1.5373 -10.7962  -8.2186   6.3228
 -1.6921 -10.8052  -8.3563   6.6113
 -1.8422 -10.7975  -8.4763   6.9029
 -1.9873 -10.7751  -8.5789   7.1973
 -2.1271 -10.7400  -8.6647   7.4941
 -2.2612 -10.6936  -8.7339   7.7929
 -2.3895 -10.6372  -8.7869   8.0934
 -2.5116 -10.5719  -8.8242   8.3951
 -2.6273 -10.4986  -8.8461   8.6977
 -2.7364 -10.4182  -8.8530   9.0006
 -2.8387 -10.3313  -8.8453   9.3034
 -2.9340 -10.2385  -8.8234   9.6055
 -3.0220 -10.1403  -8.7876   9.9065
 -3.1026 -10.0371  -8.7385  10.2057
 -3.1756  -9.9294  -8.6762  10.5025
 -3.2407  -9.8174  -8.6013  10.7964
 -3.2978  -9.7015  -8.5141  11.0866
 -3.3468  -9.5817  -8.4149  11.3723
 -3.3874  -9.4582  -8.3041  11.6527
 -3.4194  -9.3313  -8.1820  11.9269
 -3.4426  -9.2009  -8.0490  12.1939
 -3.4570  -9.0669  -7.9054  12.4525
 -3.4622  -8.9295  -7.7515  12.7013
 -3.4582  -8.7883  -7.5876  12.9391
 -3.4446  -8.6433  -7.4138  13.1640
 -3.4214  -8.4940  -7.2305  13.3741
 -3.3884  -8.3401  -7.0379  13.5674
 -3.3453  -8.1809  -6.8360  13.7411
 -3.2920  -8.0159  -6.6249  13.8923
 -3.2282  -7.8440  -6.4047  14.0175
 -3.1538  -7.6642  -6.1753  14.1126
 -3.0685  -7.4751  -5.9366  14.1729
 -2.9721  -7.2751  -5.6884  14.1927
 -2.8644  -7.0623  -5.4302  14.1653
 -2.7451  -6.8341  -5.1616  14.0829
 -2.6141  -6.5878  -4.8819  13.9360
 -2.4709  -6.3199  -4.5901  13.7137
 -2.3153  -6.0264  -4.2852  13.4027
 -2.1470  -5.7023  -3.9657  12.9875
 -1.9657  -5.3419  -3.6299  12.4495
 -1.7709  -4.9384  -3.2756  11.7666
 -1.5624  -4.4835  -2.9002  10.9128
 -1.3398  -3.9678  -2.5008   9.8570
 -1.1025  -3.3798  -2.0738   8.5624
 -0.8502  -2.7062  -1.6149   6.9854
 -0.5825  -1.9313  -1.1197   5.0748
 -0.2989  -1.0366  -0.5830   2.7700
 -0.2387  -1.0136  11.5559  -8.1760
 -0.2781  -0.7117  11.4984  -8.0222
 -0.3160  -0.4198  11.4437  -7.8661
 -0.3522  -0.1475  11.3890  -7.7099
 -0.3867   0.1060  11.3335  -7.5536
 -0.4195   0.3414  11.2770  -7.3969
 -0.4507   0.5596  11.2195  -7.2398
 -0.4803   0.7616  11.1608  -7.0824
 -0.5085   0.9486  11.1009  -6.9244
 -0.5353   1.1214  11.0397  -6.7660
 -0.5606   1.2811  10.9771  -6.6070
 -0.5845   1.4285  10.9131  -6.4474
 -0.6071   1.5645  10.8474  -6.2871
 -0.6284   1.6897  10.7801  -6.1262
 -0.6484   1.8050  10.7110  -5.9645
 -0.6671   1.9110  10.6401  -5.8021
 -0.6846   2.0083  10.5672  -5.6389
 -0.7008   2.0975  10.4923  -5.4749
 -0.7158   2.1790  10.4153  -5.3100
 -0.7297   2.2535  10.3360  -5.1442
 -0.7424   2.3214  10.2543  -4.9775
 -0.7539   2.3830  10.1702  -4.8099
 -0.7643   2.4388  10.0836  -4.6413
 -0.7736   2.4891   9.9943  -4.4717
 -0.7818   2.5343   9.9023  -4.3011
 -0.7889   2.5746   9.8075  -4.1294
 -0.7950   2.6104   9.7097  -3.9567
 -0.8000   2.6419   9.6089  -3.7830
 -0.8040   2.6693   9.5049  -3.6081
 -0.8070   2.6929   9.3978  -3.4321
 -0.8090   2.7128   9.2872  -3.2551
 -0.8100   2.7293   9.1733  -3.0769
 -0.8100   2.7425   9.0559  -2.8975
 -0.8092   2.7525   8.9349  -2.7170
 -0.8074   2.7596   8.8102  -2.5354
 -0.8047   2.7637   8.6817  -2.3526
 -0.8011   2.7651   8.5494  -2.1686
 -0.7966   2.7637   8.4132  -1.9835
 -0.7913   2.7598   8.2730  -1.7972
 -0.7851   2.7533   8.1288  -1.6097
 -0.7781   2.7444   7.9804  -1.4210
 -0.7703   2.7330   7.8278  -1.2312
 -0.7617   2.7193   7.6710  -1.0401
 -0.7524   2.7032   7.5099  -0.8479
 -0.7422   2.6848   7.3445  -0.6545
 -0.7314   2.6640   7.1747  -0.4600
 -0.7198   2.6410   7.0005  -0.2642
 -0.7074   2.6156   6.8219  -0.0673
 -0.6944   2.5880   6.6387   0.1307
 -0.6807   2.5579   6.4511   0.3300
 -0.6663   2.5255   6.2590   0.5304
 -0.6513   2.4906   6.0624   0.7320
 -0.6356   2.4532   5.8613   0.9348
 -0.6193   2.4133   5.6556   1.1388
 -0.6023   2.3708   5.4455   1.3439
 -0.5848   2.3256   5.2309   1.5503
 -0.5666   2.2776   5.0118   1.7578
 -0.5479   2.2267   4.7882   1.9665
 -0.5286   2.1728   4.5603   2.1765
 -0.5087   2.1158   4.3279   2.3876
 -0.4882   2.0556   4.0912   2.6001
 -0.4672   1.9919   3.8502   2.8138
 -0.4457   1.9246   3.6050   3.0287
 -0.4236   1.8537   3.3555   3.2450
 -0.4010   1.7788   3.1019   3.4626
 -0.3779   1.6998   2.8442   3.6816
 -0.3542   1.6164   2.5825   3.9020
 -0.3300   1.5285   2.3168   4.1238
 -0.3053   1.4357   2.0471   4.3471
 -0.2801   1.3379   1.7737   4.5720
 -0.2544   1.2347   1.4965   4.7984
 -0.2282   1.1258   1.2155   5.0264
 -0.2014   1.0109   0.9310   5.2562
 -0.1742   0.8897   0.6428   5.4877
 -0.1464   0.7617   0.3512   5.7211
 -0.1182   0.6265   0.0561   5.9564
 -0.0894   0.4837  -0.2423   6.1937
 -0.0602   0.3324  -0.5441   6.4331
 -0.0306   0.1718  -0.8491   6.6746
 -0.0008   0.0004  -1.1574   6.9185
 -0.0008   0.0004  -1.1574   6.9185
 -0.2521   0.2009  -1.3182   5.2630
 -0.5413   0.4059  -1.5130   3.5216
 -0.8269   0.5823  -1.7181   1.9761
 -1.0998   0.7143  -1.9292   0.6495
 -1.3604   0.8163  -2.1449  -0.4811
 -1.6087   0.8935  -2.3640  -1.4438
 -1.8448   0.9508  -2.5858  -2.2642
 -2.0688   0.9926  -2.8092  -2.9640
 -2.2809   1.0226  -3.0334  -3.5617
 -2.4813   1.0440  -3.2574  -4.0728
 -2.6703   1.0592  -3.4805  -4.5102
 -2.8480   1.0704  -3.7019  -4.8847
 -3.0147   1.0792  -3.9209  -5.2055
 -3.1706   1.0870  -4.1369  -5.4802
 -3.3158   1.0948  -4.3492  -5.7150
 -3.4505   1.1034  -4.5575  -5.9154
 -3.5751   1.1133  -4.7611  -6.0858
 -3.6895   1.1250  -4.9596  -6.2300
 -3.7941   1.1387  -5.1526  -6.3511
 -3.8890   1.1546  -5.3397  -6.4519
 -3.9744   1.1729  -5.5205  -6.5346
 -4.0505   1.1933  -5.6945  -6.6012
 -4.1175   1.2160  -5.8615  -6.6533
 -4.1755   1.2408  -6.0211  -6.6924
 -4.2247   1.2675  -6.1730  -6.7196
 -4.2652   1.2958  -6.3167  -6.7361
 -4.2974   1.3257  -6.4520  -6.7428
 -4.3212   1.3568  -6.5785  -6.7405
 -4.3369   1.3890  -6.6959  -6.7301
 -4.3447   1.4218  -6.8039  -6.7121
 -4.3446   1.4551  -6.9020  -6.6872
 -4.3369   1.4885  -6.9901  -6.6561
 -4.3218   1.5219  -7.0677  -6.6192
 -4.2993   1.5549  -7.1345  -6.5770
 -4.2696   1.5871  -7.1902  -6.5300
 -4.2330   1.6184  -7.2345  -6.4786
 -4.1895   1.6485  -7.2670  -6.4234
 -4.1393   1.6771  -7.2873  -6.3646
 -4.0825   1.7039  -7.2952  -6.3027
 -4.0193   1.7286  -7.2902  -6.2380
 -3.9499   1.7510  -7.2722  -6.1708
 -3.8744   1.7709  -7.2406  -6.1015
 -3.7929   1.7878  -7.1951  -6.0303
 -3.7055   1.8017  -7.1355  -5.9573
 -3.6125   1.8122  -7.0613  -5.8828
 -3.5140   1.8190  -6.9723  -5.8069
 -3.4100   1.8219  -6.8680  -5.7294
 -3.3008   1.8206  -6.7481  -5.6503
 -3.1865   1.8149  -6.6123  -5.5694
 -3.0671   1.8043  -6.4601  -5.4863
 -2.9428   1.7887  -6.2913  -5.4004
 -2.8138   1.7677  -6.1054  -5.3110
 -2.6802   1.7409  -5.9022  -5.2170
 -2.5420   1.7079  -5.6812  -5.1171
 -2.3995   1.6683  -5.4420  -5.0096
 -2.2527   1.6217  -5.1844  -4.8924
 -2.1017   1.5675  -4.9078  -4.7629
 -1.9467   1.5052  -4.6120  -4.6177
 -1.7877   1.4340  -4.2967  -4.4530
 -1.6249   1.3533  -3.9613  -4.2639
 -1.4583   1.2621  -3.6056  -4.0446
 -1.2881   1.1596  -3.2293  -3.7881
 -1.1144   1.0445  -2.8320  -3.4860
 -0.9371   0.9155  -2.4136  -3.1284
 -0.7565   0.7711  -1.9737  -2.7032
 -0.5726   0.6096  -1.5122  -2.1962
 -0.3854   0.4289  -1.0292  -1.5906
 -0.1951   0.2267  -0.5249  -0.8665
  5.9917  -6.1569  -0.6454  -0.8476
  6.0382  -5.8297  -0.3781  -0.9952
  6.0892  -5.4647  -0.0875  -1.1479
  6.1314  -5.1235   0.1748  -1.2817
  6.1713  -4.7812   0.4296  -1.4070
  6.2140  -4.4263   0.6904  -1.5317
  6.2531  -4.0762   0.9402  -1.6476
  6.2884  -3.7310   1.1794  -1.7554
  6.3198  -3.3901   1.4083  -1.8559
  6.3505  -3.0374   1.6397  -1.9549
  6.3734  -2.7054   1.8485  -2.0420
  6.3915  -2.3784   2.0468  -2.1228
  6.4050  -2.0562   2.2350  -2.1979
  6.4136  -1.7387   2.4132  -2.2676
  6.4174  -1.4258   2.5818  -2.3324
  6.4163  -1.1173   2.7410  -2.3927
  6.4103  -0.8132   2.8908  -2.4486
  6.3994  -0.5134   3.0317  -2.5007
  6.3836  -0.2177   3.1637  -2.5490
  6.3630   0.0739   3.2870  -2.5939
  6.3375   0.3615   3.4018  -2.6355
  6.3073   0.6451   3.5083  -2.6740
  6.2724   0.9249   3.6067  -2.7096
  6.2329   1.2008   3.6969  -2.7423
  6.1889   1.4730   3.7793  -2.7724
  6.1405   1.7415   3.8540  -2.7999
  6.0877   2.0064   3.9209  -2.8249
  6.0308   2.2677   3.9804  -2.8473
  5.9698   2.5254   4.0325  -2.8674
  5.9049   2.7796   4.0772  -2.8850
  5.8361   3.0304   4.1147  -2.9002
  5.7637   3.2778   4.1451  -2.9130
  5.6878   3.5219   4.1685  -2.9233
  5.6085   3.7626   4.1848  -2.9312
  5.5260   4.0001   4.1943  -2.9366
  5.4405   4.2343   4.1970  -2.9394
  5.3520   4.4654   4.1929  -2.9396
  5.2608   4.6934   4.1821  -2.9371
  5.1670   4.9183   4.1646  -2.9319
  5.0707   5.1402   4.1405  -2.9238
  4.9721   5.3591   4.1098  -2.9128
  4.8713   5.5751   4.0726  -2.8987
  4.7685   5.7881   4.0289  -2.8814
  4.6639   5.9984   3.9787  -2.8609
  4.5575   6.2059   3.9220  -2.8369
  4.4495   6.4107   3.8590  -2.8094
  4.3400   6.6128   3.7895  -2.7781
  4.2292   6.8123   3.7136  -2.7430
  4.1171   7.0092   3.6314  -2.7038
  4.0040   7.2037   3.5428  -2.6603
  3.8898   7.3957   3.4479  -2.6124
  3.7747   7.5853   3.3467  -2.5599
  3.6588   7.7727   3.2391  -2.5025
  3.5422   7.9577   3.1251  -2.4399
  3.4250   8.1406   3.0049  -2.3719
  3.3072   8.3214   2.8783  -2.2983
  3.1890   8.5001   2.7455  -2.2187
  3.0704   8.6768   2.6063  -2.1327
  2.9514   8.8516   2.4608  -2.0401
  2.8322   9.0245   2.3090  -1.9404
  2.7128   9.1956   2.1509  -1.8332
  2.5932   9.3650   1.9865  -1.7181
  2.4734   9.5328   1.8158  -1.5946
  2.3536   9.6990   1.6388  -1.4621
  2.2338   9.8637   1.4556  -1.3201
  2.1138  10.0269   1.2661  -1.1680
  1.9939  10.1889   1.0703  -1.0050
  1.8740  10.3495   0.8683  -0.8305
  1.7542  10.5089   0.6600  -0.6436
  1.6343  10.6673   0.4456  -0.4435
  1.5145  10.8246   0.2250  -0.2293
  1.3948  10.9809  -0.0018   0.0002
  1.3948  10.9809  -0.0018   0.0002
  1.4074   8.0270  -0.5232   0.3036
  1.4062   4.9724  -1.1247   0.6373
  1.3828   2.2897  -1.7182   0.9578
  1.3351   0.0385  -2.2872   1.2702
  1.2655  -1.8892  -2.8326   1.5819
  1.1748  -3.4845  -3.3504   1.8390
  1.0673  -4.8208  -3.8415   2.0909
  0.9453  -5.9359  -4.3064   2.3402
  0.8113  -6.8649  -4.7460   2.5892
  0.6676  -7.6370  -5.1609   2.8395
  0.5161  -8.2768  -5.5515   3.0926
  0.3588  -8.8051  -5.9187   3.3494
  0.1972  -9.2394  -6.2627   3.6106
  0.0327  -9.5944  -6.5842   3.8767
 -0.1333  -9.8823  -6.8835   4.1480
 -0.3000 -10.1133  -7.1613   4.4248
 -0.4663 -10.2962  -7.4178   4.7070
 -0.6314 -10.4381  -7.6536   4.9945
 -0.7948 -10.5450  -7.8691   5.2873
 -0.9556 -10.6220  -8.0647   5.5851
 -1.1136 -10.6733  -8.2408   5.8877
 -1.2680 -10.7024  -8.3978   6.1947
 -1.4187 -10.7124  -8.5362   6.5059
 -1.5651 -10.7056  -8.6564   6.8207
 -1.7069 -10.6843  -8.7587   7.1389
 -1.8438 -10.6503  -8.8436   7.4600
 -1.9756 -10.6049  -8.9115   7.7835
 -2.1019 -10.5495  -8.9628   8.1090
 -2.2225 -10.4852  -8.9979   8.4360
 -2.3373 -10.4129  -9.0173   8.7640
 -2.4458 -10.3333  -9.0214   9.0925
 -2.5480 -10.2473  -9.0105   9.4209
 -2.6437 -10.1553  -8.9852   9.7486
 -2.7325 -10.0578  -8.9457  10.0751
 -2.8144  -9.9553  -8.8926  10.3997
 -2.8891  -9.8482  -8.8263  10.7219
 -2.9564  -9.7367  -8.7471  11.0407
 -3.0161  -9.6212  -8.6554  11.3556
 -3.0682  -9.5017  -8.5517  11.6657
 -3.1123  -9.3786  -8.4363  11.9700
 -3.1482  -9.2518  -8.3096  12.2677
 -3.1759  -9.1215  -8.1720  12.5575
 -3.1951  -8.9877  -8.0239  12.8383
 -3.2055  -8.8503  -7.8654  13.1088
 -3.2072  -8.7091  -7.6970  13.3673
 -3.1998  -8.5640  -7.5189  13.6122
 -3.1831  -8.4147  -7.3314  13.8413
 -3.1570  -8.2607  -7.1346  14.0524
 -3.1213  -8.1015  -6.9288  14.2428
 -3.0757  -7.9364  -6.7140  14.4094
 -3.0201  -7.7646  -6.4902  14.5484
 -2.9542  -7.5849  -6.2574  14.6558
 -2.8779  -7.3962  -6.0155  14.7263
 -2.7908  -7.1967  -5.7643  14.7543
 -2.6928  -6.9845  -5.5032  14.7326
 -2.5837  -6.7573  -5.2318  14.6530
 -2.4630  -6.5123  -4.9494  14.5059
 -2.3307  -6.2461  -4.6550  14.2796
 -2.1863  -5.9547  -4.3473  13.9604
 -2.0295  -5.6334  -4.0250  13.5320
 -1.8601  -5.2763  -3.6860  12.9750
 -1.6775  -4.8769  -3.3282  12.2665
 -1.4816  -4.4270  -2.9488  11.3791
 -1.2717  -3.9172  -2.5445  10.2803
 -1.0476  -3.3363  -2.1117   8.9317
 -0.8087  -2.6712  -1.6459   7.2879
 -0.5546  -1.9062  -1.1422   5.2952
 -0.2849  -1.0231  -0.5952   2.8907
  0.0009  -0.0002   0.0009   0.0003
  0.0544   0.0217  11.6342  -8.2935
  0.0032   0.2299  11.5740  -8.1372
 -0.0470   0.4314  11.5168  -7.9787
 -0.0955   0.6198  11.4596  -7.8204
 -0.1422   0.7956  11.4017  -7.6619
 -0.1872   0.9591  11.3429  -7.5031
 -0.2304   1.1108  11.2831  -7.3441
 -0.2719   1.2514  11.2222  -7.1847
 -0.3118   1.3815  11.1602  -7.0249
 -0.3500   1.5019  11.0970  -6.8647
 -0.3867   1.6131  11.0324  -6.7040
 -0.4217   1.7158  10.9664  -6.5427
 -0.4551   1.8105  10.8989  -6.3808
 -0.4870   1.8978  10.8297  -6.2183
 -0.5173   1.9780  10.7589  -6.0552
 -0.5462   2.0517  10.6863  -5.8913
 -0.5735   2.1193  10.6117  -5.7267
 -0.5994   2.1812  10.5352  -5.5613
 -0.6237   2.2377  10.4565  -5.3951
 -0.6467   2.2892  10.3757  -5.2281
 -0.6682   2.3359  10.2925  -5.0601
 -0.6883   2.3782  10.2070  -4.8913
 -0.7070   2.4162  10.1190  -4.7215
 -0.7243   2.4503  10.0283  -4.5508
 -0.7403   2.4807   9.9350  -4.3791
 -0.7549   2.5076   9.8389  -4.2064
 -0.7682   2.5311   9.7398  -4.0326
 -0.7802   2.5514   9.6378  -3.8578
 -0.7909   2.5687   9.5327  -3.6820
 -0.8003   2.5831   9.4243  -3.5051
 -0.8085   2.5947   9.3127  -3.3270
 -0.8154   2.6038   9.1978  -3.1479
 -0.8211   2.6102   9.0793  -2.9677
 -0.8256   2.6142   8.9573  -2.7863
 -0.8289   2.6159   8.8317  -2.6038
 -0.8311   2.6153   8.7023  -2.4202
 -0.8321   2.6124   8.5692  -2.2354
 -0.8319   2.6073   8.4321  -2.0494
 -0.8307   2.6002   8.2911  -1.8623
 -0.8283   2.5909   8.1461  -1.6740
 -0.8249   2.5796   7.9970  -1.4845
 -0.8204   2.5662   7.8437  -1.2939
 -0.8149   2.5508   7.6863  -1.1021
 -0.8083   2.5334   7.5245  -0.9092
 -0.8007   2.5139   7.3585  -0.7150
 -0.7921   2.4925   7.1882  -0.5197
 -0.7826   2.4690   7.0134  -0.3232
 -0.7720   2.4434   6.8342  -0.1256
 -0.7606   2.4158   6.6506   0.0733
 -0.7481   2.3860   6.4625   0.2733
 -0.7348   2.3541   6.2700   0.4745
 -0.7206   2.3199   6.0729   0.6769
 -0.7054   2.2835   5.8714   0.8804
 -0.6894   2.2448   5.6654   1.0852
 -0.6726   2.2037   5.4549   1.2911
 -0.6549   2.1601   5.2399   1.4983
 -0.6363   2.1140   5.0204   1.7066
 -0.6169   2.0652   4.7965   1.9162
 -0.5967   2.0137   4.5682   2.1270
 -0.5758   1.9594   4.3356   2.3390
 -0.5540   1.9020   4.0985   2.5523
 -0.5314   1.8416   3.8572   2.7669
 -0.5081   1.7779   3.6116   2.9828
 -0.4840   1.7108   3.3618   3.2001
 -0.4592   1.6401   3.1079   3.4186
 -0.4336   1.5658   2.8498   3.6386
 -0.4072   1.4875   2.5877   3.8600
 -0.3802   1.4052   2.3216   4.0829
 -0.3524   1.3185   2.0516   4.3073
 -0.3239   1.2273   1.7777   4.5333
 -0.2947   1.1314   1.5001   4.7608
 -0.2648   1.0304   1.2187   4.9901
 -0.2341   0.9242   0.9336   5.2211
 -0.2028   0.8124   0.6449   5.4538
 -0.1708   0.6947   0.3527   5.6885
 -0.1380   0.5707   0.0571   5.9251
 -0.1046   0.4401  -0.2420   6.1638
 -0.0706   0.3021  -0.5445   6.4046
 -0.0359   0.1560  -0.8502   6.6477
 -0.0009   0.0004  -1.1592   6.8931
 -0.0009   0.0004  -1.1592   6.8931
 -0.2551   0.2008  -1.3149   5.2250
 -0.5481   0.4033  -1.5040   3.4691
 -0.8375   0.5637  -1.7040   1.9097
 -1.1148   0.6840  -1.9108   0.5721
 -1.3800   0.7793  -2.1225  -0.5670
 -1.6329   0.8531  -2.3381  -1.5363
 -1.8735   0.9094  -2.5567  -2.3616
 -2.1021   0.9520  -2.7772  -3.0652
 -2.3187   0.9841  -2.9987  -3.6656
 -2.5237   1.0086  -3.2203  -4.1786
 -2.7172   1.0277  -3.4411  -4.6173
 -2.8994   1.0435  -3.6604  -4.9927
 -3.0705   1.0574  -3.8774  -5.3139
 -3.2307   1.0706  -4.0915  -5.5888
 -3.3801   1.0841  -4.3021  -5.8236
 -3.5190   1.0987  -4.5087  -6.0239
 -3.6476   1.1148  -4.7107  -6.1942
 -3.7661   1.1329  -4.9078  -6.3382
 -3.8745   1.1533  -5.0994  -6.4592
 -3.9731   1.1759  -5.2851  -6.5598
 -4.0621   1.2010  -5.4646  -6.6425
 -4.1417   1.2285  -5.6374  -6.7091
 -4.2119   1.2583  -5.8033  -6.7613
 -4.2730   1.2903  -5.9618  -6.8006
 -4.3252   1.3243  -6.1126  -6.8281
 -4.3686   1.3601  -6.2554  -6.8450
 -4.4033   1.3975  -6.3897  -6.8522
 -4.4295   1.4362  -6.5154  -6.8505
 -4.4475   1.4760  -6.6321  -6.8408
 -4.4572   1.5165  -6.7393  -6.8236
 -4.4590   1.5576  -6.8369  -6.7997
 -4.4529   1.5988  -6.9244  -6.7695
 -4.4391   1.6400  -7.0015  -6.7337
 -4.4178   1.6808  -7.0679  -6.6926
 -4.3891   1.7210  -7.1233  -6.6469
 -4.3532   1.7602  -7.1673  -6.5968
 -4.3102   1.7981  -7.1996  -6.5429
 -4.2603   1.8345  -7.2199  -6.4855
 -4.2035   1.8690  -7.2278  -6.4249
 -4.1402   1.9014  -7.2230  -6.3616
 -4.0703   1.9314  -7.2051  -6.2958
 -3.9941   1.9587  -7.1738  -6.2279
 -3.9117   1.9830  -7.1288  -6.1579
 -3.8233   2.0040  -7.0697  -6.0862
 -3.7289   2.0214  -6.9962  -6.0128
 -3.6288   2.0350  -6.9080  -5.9378
 -3.5230   2.0443  -6.8046  -5.8612
 -3.4117   2.0491  -6.6857  -5.7828
 -3.2950   2.0490  -6.5510  -5.7024
 -3.1731   2.0436  -6.4001  -5.6195
 -3.0460   2.0326  -6.2328  -5.5335
 -2.9140   2.0156  -6.0485  -5.4436
 -2.7771   1.9921  -5.8470  -5.3488
 -2.6354   1.9615  -5.6278  -5.2477
 -2.4891   1.9233  -5.3907  -5.1384
 -2.3382   1.8770  -5.1353  -5.0189
 -2.1829   1.8217  -4.8612  -4.8863
 -2.0232   1.7566  -4.5680  -4.7374
 -1.8593   1.6808  -4.2554  -4.5681
 -1.6913   1.5934  -3.9230  -4.3735
 -1.5191   1.4929  -3.5706  -4.1477
 -1.3430   1.3781  -3.1977  -3.8836
 -1.1628   1.2473  -2.8041  -3.5727
 -0.9788   1.0987  -2.3896  -3.2048
 -0.7910   0.9301  -1.9539  -2.7679
 -0.5993   0.7390  -1.4969  -2.2476
 -0.4038   0.5226  -1.0187  -1.6269
 -0.2046   0.2777  -0.5194  -0.8857
  5.9879  -6.1942  -0.6380  -0.8669
  6.0392  -5.8406  -0.3552  -1.0095
  6.0869  -5.4877  -0.0785  -1.1467
  6.1355  -5.1229   0.2002  -1.2805
  6.1823  -4.7574   0.4720  -1.4072
  6.2253  -4.3978   0.7319  -1.5252
  6.2644  -4.0441   0.9801  -1.6350
  6.2994  -3.6961   1.2170  -1.7373
  6.3302  -3.3535   1.4428  -1.8327
  6.3566  -3.0162   1.6578  -1.9218
  6.3785  -2.6840   1.8623  -2.0049
  6.3958  -2.3569   2.0565  -2.0827
  6.4084  -2.0345   2.2408  -2.1554
  6.4163  -1.7168   2.4153  -2.2235
  6.4195  -1.4037   2.5803  -2.2873
  6.4177  -1.0951   2.7360  -2.3471
  6.4112  -0.7908   2.8826  -2.4033
  6.3998  -0.4907   3.0203  -2.4559
  6.3836  -0.1949   3.1493  -2.5053
  6.3627   0.0969   3.2697  -2.5516
  6.3369   0.3846   3.3818  -2.5950
  6.3065   0.6684   3.4857  -2.6357
  6.2715   0.9484   3.5816  -2.6737
  6.2319   1.2245   3.6696  -2.7092
  6.1879   1.4969   3.7498  -2.7421
  6.1395   1.7656   3.8224  -2.7726
  6.0868   2.0306   3.8875  -2.8008
  6.0300   2.2921   3.9452  -2.8266
  5.9692   2.5501   3.9956  -2.8500
  5.9045   2.8045   4.0388  -2.8711
  5.8361   3.0556   4.0749  -2.8897
  5.7640   3.3032   4.1041  -2.9060
  5.6884   3.5475   4.1263  -2.9199
  5.6096   3.7886   4.1416  -2.9312
  5.5275   4.0263   4.1502  -2.9400
  5.4424   4.2609   4.1521  -2.9462
  5.3545   4.4923   4.1474  -2.9496
  5.2638   4.7206   4.1360  -2.9503
  5.1705   4.9459   4.1181  -2.9480
  5.0747   5.1681   4.0937  -2.9428
  4.9767   5.3874   4.0628  -2.9345
  4.8765   5.6038   4.0256  -2.9230
  4.7743   5.8173   3.9819  -2.9081
  4.6703   6.0281   3.9319  -2.8898
  4.5645   6.2360   3.8755  -2.8678
  4.4571   6.4413   3.8128  -2.8421
  4.3482   6.6439   3.7438  -2.8124
  4.2380   6.8439   3.6686  -2.7786
  4.1266   7.0414   3.5871  -2.7405
  4.0140   7.2364   3.4993  -2.6980
  3.9004   7.4290   3.4053  -2.6507
  3.7859   7.6192   3.3051  -2.5986
  3.6705   7.8072   3.1986  -2.5413
  3.5545   7.9929   3.0860  -2.4787
  3.4378   8.1765   2.9671  -2.4103
  3.3205   8.3579   2.8420  -2.3361
  3.2027   8.5373   2.7106  -2.2556
  3.0845   8.7147   2.5731  -2.1686
  2.9660   8.8903   2.4294  -2.0746
  2.8472   9.0640   2.2794  -1.9734
  2.7281   9.2359   2.1233  -1.8644
  2.6089   9.4061   1.9609  -1.7473
  2.4894   9.5748   1.7924  -1.6215
  2.3699   9.7418   1.6177  -1.4866
  2.2503   9.9074   1.4368  -1.3420
  2.1306  10.0716   1.2497  -1.1871
  2.0109  10.2345   1.0564  -1.0212
  1.8911  10.3962   0.8570  -0.8436
  1.7714  10.5566   0.6514  -0.6536
  1.6516  10.7160   0.4398  -0.4502
  1.5319  10.8744   0.2220  -0.2326
  1.4121  11.0319  -0.0019   0.0002
  1.4121  11.0319  -0.0019   0.0002
  1.4275   8.0615  -0.5083   0.3764
  1.4286   4.9882  -1.0919   0.7911
  1.4049   2.3714  -1.6677   1.2203
  1.3560  -0.0007  -2.2360   1.7419
  1.2781  -1.8960  -2.7747   2.0181
  1.1824  -3.4965  -3.2850   2.2823
  1.0702  -4.8349  -3.7678   2.5384
  0.9443  -5.9533  -4.2240   2.7894
  0.8069  -6.8858  -4.6544   3.0375
  0.6604  -7.6615  -5.0599   3.2848
  0.5067  -8.3050  -5.4411   3.5327
  0.3478  -8.8370  -5.7987   3.7824
  0.1850  -9.2749  -6.1334   4.0347
  0.0200  -9.6335  -6.4457   4.2902
 -0.1463  -9.9248  -6.7363   4.5494
 -0.3127 -10.1594  -7.0055   4.8125
 -0.4784 -10.3457  -7.2539   5.0797
 -0.6425 -10.4910  -7.4821   5.3510
 -0.8045 -10.6014  -7.6904   5.6264
 -0.9637 -10.6819  -7.8794   5.9056
 -1.1196 -10.7368  -8.0494   6.1886
 -1.2719 -10.7698  -8.2010   6.4751
 -1.4201 -10.7837  -8.3346   6.7647
 -1.5638 -10.7812  -8.4506   7.0572
 -1.7028 -10.7643  -8.5494   7.3523
 -1.8367 -10.7349  -8.6314   7.6495
 -1.9653 -10.6945  -8.6972   7.9484
 -2.0884 -10.6444  -8.7470   8.2487
 -2.2058 -10.5857  -8.7812   8.5500
 -2.3171 -10.5193  -8.8004   8.8517
 -2.4223 -10.4461  -8.8049   9.1534
 -2.5211 -10.3666  -8.7951   9.4547
 -2.6134 -10.2816  -8.7714   9.7549
 -2.6989 -10.1914  -8.7342  10.0537
 -2.7775 -10.0966  -8.6838  10.3505
 -2.8490  -9.9974  -8.6207  10.6446
 -2.9133  -9.8942  -8.5453  10.9354
 -2.9701  -9.7873  -8.4578  11.2222
 -3.0193  -9.6767  -8.3587  11.5043
 -3.0608  -9.5627  -8.2483  11.7809
 -3.0943  -9.4453  -8.1269  12.0510
 -3.1197  -9.3246  -7.9949  12.3137
 -3.1369  -9.2004  -7.8525  12.5679
 -3.1456  -9.0727  -7.7001  12.8122
 -3.1457  -8.9414  -7.5378  13.0452
 -3.1370  -8.8060  -7.3660  13.2652
 -3.1193  -8.6663  -7.1848  13.4704
 -3.0925  -8.5216  -6.9944  13.6586
 -3.0564  -8.3715  -6.7949  13.8272
 -3.0107  -8.2150  -6.5864  13.9732
 -2.9553  -8.0511  -6.3689  14.0931
 -2.8899  -7.8786  -6.1423  14.1829
 -2.8145  -7.6961  -5.9064  14.2378
 -2.7286  -7.5017  -5.6609  14.2522
 -2.6322  -7.2932  -5.4056  14.2192
 -2.5249  -7.0681  -5.1398  14.1312
 -2.4066  -6.8232  -4.8628  13.9786
 -2.2768  -6.5548  -4.5737  13.7505
 -2.1354  -6.2586  -4.2713  13.4337
 -1.9819  -5.9293  -3.9542  13.0126
 -1.8162  -5.5609  -3.6207  12.4687
 -1.6377  -5.1460  -3.2684  11.7801
 -1.4462  -4.6762  -2.8949  10.9206
 -1.2412  -4.1414  -2.4971   9.8595
 -1.0222  -3.5297  -2.0714   8.5604
 -0.7890  -2.8275  -1.6137   6.9800
 -0.5410  -2.0184  -1.1192   5.0678
 -0.2778  -1.0834  -0.5829   2.7643
  0.0009  -0.0001   0.0007   0.0004
  0.0551   0.0217  11.7434  -8.4033
