  0.6500  -1.5690   0.6000  -1.8000
  0.6500  -1.5690   0.6000  -1.8000
  0.6500  -1.5690   0.6000  -1.8000
  0.6501  -1.5690   0.6001  -1.8001
  0.6502  -1.5690   0.6002  -1.8002
  0.6503  -1.5690   0.6004  -1.8003
  0.6505  -1.5690   0.6006  -1.8004
  0.6506  -1.5690   0.6009  -1.8006
  0.6508  -1.5690   0.6012  -1.8008
  0.6511  -1.5690   0.6015  -1.8010
  0.6514  -1.5690   0.6019  -1.8013
  0.6516  -1.5690   0.6023  -1.8016
  0.6520  -1.5689   0.6028  -1.8019
  0.6523  -1.5689   0.6032  -1.8022
  0.6527  -1.5689   0.6038  -1.8025
  0.6531  -1.5689   0.6043  -1.8029
  0.6535  -1.5689   0.6049  -1.8033
  0.6539  -1.5688   0.6055  -1.8037
  0.6544  -1.5688   0.6062  -1.8041
  0.6549  -1.5688   0.6069  -1.8045
  0.6554  -1.5688   0.6076  -1.8050
  0.6559  -1.5687   0.6083  -1.8055
  0.6565  -1.5687   0.6091  -1.8059
  0.6570  -1.5687   0.6099  -1.8064
  0.6576  -1.5686   0.6107  -1.8069
  0.6582  -1.5686   0.6116  -1.8074
  0.6588  -1.5686   0.6124  -1.8080
  0.6595  -1.5685   0.6133  -1.8085
  0.6601  -1.5685   0.6142  -1.8090
  0.6608  -1.5685   0.6152  -1.8096
  0.6615  -1.5684   0.6161  -1.8102
  0.6622  -1.5684   0.6171  -1.8107
  0.6629  -1.5684   0.6181  -1.8113
  0.6637  -1.5683   0.6191  -1.8119
  0.6644  -1.5683   0.6202  -1.8124
  0.6652  -1.5682   0.6212  -1.8130
  0.6659  -1.5682   0.6223  -1.8136
  0.6667  -1.5681   0.6234  -1.8142
  0.6675  -1.5681   0.6245  -1.8148
  0.6683  -1.5681   0.6256  -1.8154
  0.6691  -1.5680   0.6267  -1.8160
  0.6699  -1.5680   0.6278  -1.8165
  0.6708  -1.5679   0.6290  -1.8171
  0.6716  -1.5679   0.6301  -1.8177
  0.6725  -1.5678   0.6313  -1.8183
  0.6733  -1.5677   0.6325  -1.8188
  0.6742  -1.5677   0.6337  -1.8194
  0.6751  -1.5676   0.6349  -1.8200
  0.6760  -1.5676   0.6361  -1.8205
  0.6768  -1.5675   0.6373  -1.8211
  0.6777  -1.5674   0.6385  -1.8216
  0.6786  -1.5674   0.6398  -1.8222
  0.6795  -1.5673   0.6410  -1.8227
  0.6804  -1.5672   0.6422  -1.8232
  0.6813  -1.5671   0.6435  -1.8237
  0.6823  -1.5670   0.6447  -1.8242
  0.6832  -1.5670   0.6460  -1.8247
  0.6841  -1.5669   0.6472  -1.8251
  0.6850  -1.5668   0.6485  -1.8256
  0.6859  -1.5667   0.6497  -1.8260
  0.6868  -1.5666   0.6510  -1.8265
  0.6878  -1.5665   0.6522  -1.8269
  0.6887  -1.5664   0.6535  -1.8273
  0.6896  -1.5663   0.6547  -1.8276
  0.6905  -1.5662   0.6560  -1.8280
  0.6915  -1.5660   0.6572  -1.8284
  0.6924  -1.5659   0.6585  -1.8287
  0.6933  -1.5658   0.6597  -1.8290
  0.6942  -1.5656   0.6610  -1.8293
  0.6951  -1.5655   0.6622  -1.8296
  0.6960  -1.5654   0.6634  -1.8298
  0.6970  -1.5652   0.6646  -1.8300
  0.6979  -1.5650   0.6659  -1.8303
  0.6988  -1.5649   0.6671  -1.8304
  0.6997  -1.5647   0.6683  -1.8306
  0.7006  -1.5645   0.6695  -1.8308
  0.7014  -1.5644   0.6706  -1.8309
  0.7023  -1.5642   0.6718  -1.8310
  0.7032  -1.5640   0.6730  -1.8310
  0.7041  -1.5638   0.6741  -1.8311
  0.7049  -1.5636   0.6753  -1.8311
  0.7058  -1.5634   0.6764  -1.8311
  0.7066  -1.5631   0.6775  -1.8311
  0.7075  -1.5629   0.6786  -1.8310
  0.7083  -1.5627   0.6797  -1.8309
  0.7091  -1.5624   0.6808  -1.8308
  0.7099  -1.5622   0.6819  -1.8307
  0.7108  -1.5619   0.6829  -1.8305
  0.7115  -1.5616   0.6840  -1.8303
  0.7123  -1.5613   0.6850  -1.8300
  0.7131  -1.5611   0.6860  -1.8298
  0.7139  -1.5608   0.6870  -1.8295
  0.7146  -1.5604   0.6880  -1.8291
  0.7154  -1.5601   0.6889  -1.8288
  0.7161  -1.5598   0.6899  -1.8284
  0.7168  -1.5595   0.6908  -1.8279
  0.7175  -1.5591   0.6917  -1.8275
  0.7182  -1.5587   0.6926  -1.8270
  0.7189  -1.5584   0.6934  -1.8264
  0.7196  -1.5580   0.6943  -1.8259
  0.7202  -1.5576   0.6951  -1.8253
  0.7209  -1.5572   0.6959  -1.8246
  0.7215  -1.5568   0.6967  -1.8240
  0.7221  -1.5563   0.6974  -1.8232
  0.7227  -1.5559   0.6982  -1.8225
  0.7233  -1.5555   0.6989  -1.8217
  0.7239  -1.5550   0.6996  -1.8209
  0.7244  -1.5545   0.7002  -1.8200
  0.7250  -1.5540   0.7009  -1.8191
  0.7255  -1.5535   0.7015  -1.8181
  0.7260  -1.5530   0.7021  -1.8171
  0.7265  -1.5525   0.7026  -1.8161
  0.7269  -1.5519   0.7032  -1.8150
  0.7274  -1.5514   0.7037  -1.8139
  0.7278  -1.5508   0.7042  -1.8128
  0.7283  -1.5502   0.7046  -1.8116
  0.7287  -1.5496   0.7051  -1.8103
  0.7290  -1.5490   0.7055  -1.8090
  0.7294  -1.5483   0.7058  -1.8077
  0.7297  -1.5477   0.7062  -1.8063
  0.7297  -1.5477   0.7062  -1.8063
  0.7301  -1.5470   0.7065  -1.8049
  0.7307  -1.5478   0.7068  -1.8035
  0.7315  -1.5502   0.7072  -1.8022
  0.7327  -1.5539   0.7076  -1.8009
  0.7341  -1.5588   0.7080  -1.7996
  0.7357  -1.5647   0.7085  -1.7983
  0.7375  -1.5717   0.7090  -1.7971
  0.7395  -1.5794   0.7096  -1.7960
  0.7417  -1.5880   0.7102  -1.7949
  0.7441  -1.5971   0.7108  -1.7938
  0.7467  -1.6069   0.7115  -1.7927
  0.7494  -1.6171   0.7122  -1.7917
  0.7522  -1.6278   0.7130  -1.7907
  0.7552  -1.6389   0.7138  -1.7898
  0.7584  -1.6502   0.7146  -1.7889
  0.7616  -1.6619   0.7155  -1.7880
  0.7649  -1.6737   0.7165  -1.7872
  0.7684  -1.6858   0.7175  -1.7864
  0.7720  -1.6979   0.7185  -1.7857
  0.7756  -1.7102   0.7196  -1.7850
  0.7794  -1.7226   0.7207  -1.7843
  0.7832  -1.7350   0.7219  -1.7837
  0.7871  -1.7474   0.7231  -1.7831
  0.7911  -1.7598   0.7244  -1.7825
  0.7952  -1.7722   0.7257  -1.7820
  0.7993  -1.7845   0.7271  -1.7815
  0.8036  -1.7968   0.7285  -1.7811
  0.8078  -1.8090   0.7300  -1.7807
  0.8122  -1.8211   0.7316  -1.7803
  0.8166  -1.8331   0.7332  -1.7800
  0.8211  -1.8450   0.7348  -1.7798
  0.8256  -1.8568   0.7365  -1.7795
  0.8302  -1.8684   0.7383  -1.7793
  0.8348  -1.8799   0.7401  -1.7792
  0.8395  -1.8911   0.7420  -1.7791
  0.8442  -1.9023   0.7439  -1.7790
  0.8489  -1.9132   0.7459  -1.7790
  0.8537  -1.9240   0.7479  -1.7790
  0.8585  -1.9345   0.7500  -1.7790
  0.8634  -1.9449   0.7522  -1.7791
  0.8683  -1.9551   0.7544  -1.7793
  0.8732  -1.9650   0.7567  -1.7795
  0.8782  -1.9748   0.7590  -1.7797
  0.8831  -1.9843   0.7615  -1.7799
  0.8881  -1.9936   0.7639  -1.7802
  0.8931  -2.0027   0.7665  -1.7806
  0.8981  -2.0116   0.7691  -1.7810
  0.9032  -2.0202   0.7717  -1.7814
  0.9082  -2.0286   0.7745  -1.7819
  0.9132  -2.0368   0.7773  -1.7824
  0.9183  -2.0447   0.7802  -1.7830
  0.9233  -2.0525   0.7831  -1.7836
  0.9283  -2.0600   0.7861  -1.7842
  0.9333  -2.0672   0.7892  -1.7849
  0.9383  -2.0743   0.7924  -1.7857
  0.9433  -2.0811   0.7956  -1.7865
  0.9483  -2.0877   0.7989  -1.7873
  0.9532  -2.0940   0.8023  -1.7882
  0.9582  -2.1001   0.8057  -1.7891
  0.9630  -2.1060   0.8093  -1.7901
  0.9679  -2.1117   0.8129  -1.7911
  0.9727  -2.1172   0.8166  -1.7921
  0.9775  -2.1225   0.8203  -1.7932
  0.9822  -2.1275   0.8242  -1.7944
  0.9868  -2.1324   0.8281  -1.7956
  0.9914  -2.1370   0.8322  -1.7968
  0.9960  -2.1415   0.8363  -1.7981
  1.0005  -2.1457   0.8404  -1.7994
  1.0049  -2.1498   0.8447  -1.8008
  1.0092  -2.1536   0.8491  -1.8023
  1.0135  -2.1573   0.8535  -1.8037
  1.0176  -2.1608   0.8581  -1.8053
  1.0217  -2.1642   0.8627  -1.8069
  1.0257  -2.1673   0.8675  -1.8085
  1.0296  -2.1704   0.8723  -1.8102
  1.0334  -2.1732   0.8772  -1.8119
  1.0371  -2.1759   0.8822  -1.8137
  1.0407  -2.1785   0.8874  -1.8155
  1.0442  -2.1809   0.8926  -1.8173
  1.0476  -2.1832   0.8979  -1.8193
  1.0508  -2.1853   0.9034  -1.8212
  1.0539  -2.1874   0.9089  -1.8233
  1.0569  -2.1893   0.9145  -1.8253
  1.0597  -2.1911   0.9203  -1.8275
  1.0624  -2.1928   0.9262  -1.8296
  1.0650  -2.1943   0.9321  -1.8319
  1.0674  -2.1958   0.9382  -1.8341
  1.0696  -2.1972   0.9444  -1.8365
  1.0717  -2.1984   0.9508  -1.8388
  1.0737  -2.1996   0.9572  -1.8413
  1.0754  -2.2007   0.9638  -1.8438
  1.0770  -2.2016   0.9705  -1.8463
  1.0784  -2.2025   0.9773  -1.8489
  1.0796  -2.2033   0.9842  -1.8515
  1.0806  -2.2039   0.9913  -1.8542
  1.0815  -2.2045   0.9985  -1.8569
  1.0821  -2.2049   1.0058  -1.8597
  1.0826  -2.2052   1.0133  -1.8626
  1.0826  -2.2052   1.0133  -1.8626
  1.0828  -2.2054   1.0209  -1.8655
  1.0831  -2.2052   1.0285  -1.8683
  1.0833  -2.2048   1.0360  -1.8710
  1.0835  -2.2040   1.0434  -1.8736
  1.0836  -2.2031   1.0508  -1.8761
  1.0838  -2.2019   1.0582  -1.8784
  1.0840  -2.2004   1.0654  -1.8807
  1.0841  -2.1988   1.0726  -1.8829
  1.0842  -2.1970   1.0798  -1.8850
  1.0844  -2.1951   1.0869  -1.8869
  1.0845  -2.1930   1.0939  -1.8888
  1.0846  -2.1908   1.1008  -1.8905
  1.0846  -2.1885   1.1077  -1.8921
  1.0847  -2.1860   1.1145  -1.8936
  1.0848  -2.1835   1.1212  -1.8950
  1.0848  -2.1809   1.1278  -1.8963
  1.0849  -2.1782   1.1344  -1.8974
  1.0849  -2.1755   1.1409  -1.8985
  1.0849  -2.1727   1.1472  -1.8994
  1.0849  -2.1699   1.1535  -1.9002
  1.0849  -2.1670   1.1597  -1.9009
  1.0849  -2.1641   1.1658  -1.9014
  1.0849  -2.1611   1.1718  -1.9018
  1.0848  -2.1581   1.1778  -1.9021
  1.0848  -2.1552   1.1836  -1.9023
  1.0848  -2.1522   1.1893  -1.9024
  1.0847  -2.1491   1.1949  -1.9023
  1.0846  -2.1461   1.2003  -1.9021
  1.0845  -2.1431   1.2057  -1.9017
  1.0844  -2.1401   1.2110  -1.9013
  1.0843  -2.1371   1.2161  -1.9007
  1.0842  -2.1341   1.2211  -1.8999
  1.0841  -2.1311   1.2260  -1.8991
  1.0840  -2.1282   1.2308  -1.8980
  1.0839  -2.1252   1.2354  -1.8969
  1.0837  -2.1223   1.2400  -1.8956
  1.0836  -2.1194   1.2443  -1.8942
  1.0834  -2.1165   1.2486  -1.8926
  1.0832  -2.1136   1.2527  -1.8909
  1.0831  -2.1108   1.2567  -1.8891
  1.0829  -2.1080   1.2605  -1.8871
  1.0827  -2.1052   1.2642  -1.8849
  1.0825  -2.1025   1.2677  -1.8826
  1.0823  -2.0998   1.2711  -1.8802
  1.0821  -2.0971   1.2743  -1.8776
  1.0819  -2.0945   1.2774  -1.8749
  1.0817  -2.0919   1.2803  -1.8720
  1.0815  -2.0893   1.2831  -1.8690
  1.0813  -2.0868   1.2857  -1.8658
  1.0811  -2.0844   1.2881  -1.8624
  1.0809  -2.0819   1.2904  -1.8589
  1.0806  -2.0796   1.2925  -1.8552
  1.0804  -2.0772   1.2944  -1.8514
  1.0802  -2.0749   1.2961  -1.8474
  1.0800  -2.0727   1.2977  -1.8433
  1.0797  -2.0705   1.2991  -1.8390
  1.0795  -2.0684   1.3003  -1.8345
  1.0793  -2.0663   1.3013  -1.8299
  1.0791  -2.0643   1.3022  -1.8251
  1.0789  -2.0624   1.3028  -1.8201
  1.0786  -2.0605   1.3033  -1.8150
  1.0784  -2.0586   1.3035  -1.8096
  1.0782  -2.0569   1.3036  -1.8041
  1.0780  -2.0552   1.3035  -1.7985
  1.0778  -2.0536   1.3031  -1.7926
  1.0776  -2.0520   1.3026  -1.7866
  1.0775  -2.0506   1.3019  -1.7804
  1.0773  -2.0492   1.3009  -1.7740
  1.0771  -2.0479   1.2998  -1.7674
  1.0770  -2.0467   1.2984  -1.7606
  1.0768  -2.0455   1.2968  -1.7537
  1.0767  -2.0445   1.2950  -1.7465
  1.0766  -2.0436   1.2930  -1.7392
  1.0765  -2.0428   1.2908  -1.7316
  1.0764  -2.0421   1.2884  -1.7239
  1.0763  -2.0416   1.2857  -1.7159
  1.0762  -2.0411   1.2828  -1.7078
  1.0762  -2.0408   1.2797  -1.6994
  1.0762  -2.0407   1.2763  -1.6908
  1.0762  -2.0407   1.2763  -1.6908
  1.0762  -2.0407   1.2727  -1.6820
  1.0759  -2.0396   1.2690  -1.6757
  1.0754  -2.0374   1.2651  -1.6720
  1.0746  -2.0342   1.2609  -1.6706
  1.0735  -2.0301   1.2566  -1.6711
  1.0722  -2.0253   1.2519  -1.6732
  1.0706  -2.0200   1.2471  -1.6766
  1.0688  -2.0141   1.2419  -1.6812
  1.0667  -2.0079   1.2365  -1.6867
  1.0644  -2.0013   1.2308  -1.6930
  1.0619  -1.9944   1.2248  -1.6999
  1.0591  -1.9872   1.2185  -1.7074
  1.0562  -1.9799   1.2120  -1.7153
  1.0530  -1.9724   1.2052  -1.7236
  1.0497  -1.9647   1.1982  -1.7322
  1.0462  -1.9570   1.1909  -1.7411
  1.0425  -1.9491   1.1833  -1.7501
  1.0387  -1.9412   1.1756  -1.7594
  1.0347  -1.9332   1.1676  -1.7688
  1.0305  -1.9252   1.1594  -1.7782
  1.0262  -1.9171   1.1511  -1.7878
  1.0218  -1.9090   1.1425  -1.7975
  1.0172  -1.9008   1.1338  -1.8072
  1.0126  -1.8927   1.1249  -1.8169
  1.0078  -1.8845   1.1159  -1.8267
  1.0029  -1.8764   1.1068  -1.8365
  0.9980  -1.8682   1.0976  -1.8463
  0.9929  -1.8600   1.0883  -1.8561
  0.9878  -1.8519   1.0788  -1.8659
  0.9826  -1.8437   1.0694  -1.8757
  0.9774  -1.8356   1.0598  -1.8855
  0.9721  -1.8274   1.0503  -1.8953
  0.9667  -1.8193   1.0407  -1.9051
  0.9614  -1.8112   1.0311  -1.9148
  0.9560  -1.8031   1.0215  -1.9246
  0.9505  -1.7950   1.0119  -1.9343
  0.9451  -1.7869   1.0024  -1.9440
  0.9397  -1.7788   0.9929  -1.9537
  0.9343  -1.7707   0.9835  -1.9634
  0.9289  -1.7627   0.9741  -1.9730
  0.9235  -1.7547   0.9649  -1.9826
  0.9181  -1.7466   0.9557  -1.9922
  0.9128  -1.7386   0.9467  -2.0017
  0.9076  -1.7306   0.9378  -2.0112
  0.9024  -1.7227   0.9291  -2.0206
  0.8972  -1.7147   0.9206  -2.0301
  0.8922  -1.7068   0.9122  -2.0394
  0.8872  -1.6989   0.9040  -2.0487
  0.8824  -1.6910   0.8961  -2.0580
  0.8776  -1.6831   0.8883  -2.0671
  0.8729  -1.6753   0.8808  -2.0762
  0.8684  -1.6676   0.8736  -2.0852
  0.8640  -1.6599   0.8667  -2.0941
  0.8598  -1.6522   0.8600  -2.1029
  0.8557  -1.6447   0.8536  -2.1115
  0.8518  -1.6372   0.8476  -2.1199
  0.8480  -1.6298   0.8419  -2.1282
  0.8444  -1.6226   0.8365  -2.1363
  0.8411  -1.6156   0.8315  -2.1441
  0.8379  -1.6088   0.8269  -2.1516
  0.8350  -1.6022   0.8227  -2.1588
  0.8323  -1.5959   0.8189  -2.1656
  0.8299  -1.5900   0.8155  -2.1719
  0.8278  -1.5846   0.8125  -2.1777
  0.8259  -1.5797   0.8101  -2.1828
  0.8244  -1.5754   0.8080  -2.1873
  0.8232  -1.5719   0.8065  -2.1908
  0.8224  -1.5694   0.8055  -2.1934
  0.8220  -1.5681   0.8050  -2.1948
  0.8220  -1.5681   0.8050  -2.1948
  0.8263  -1.5725   0.8050  -2.1948
  0.8306  -1.5766   0.8052  -2.1951
  0.8350  -1.5805   0.8057  -2.1957
  0.8393  -1.5842   0.8064  -2.1967
  0.8436  -1.5875   0.8073  -2.1979
  0.8479  -1.5907   0.8085  -2.1994
  0.8522  -1.5936   0.8099  -2.2011
  0.8565  -1.5962   0.8115  -2.2030
  0.8608  -1.5986   0.8133  -2.2051
  0.8650  -1.6008   0.8152  -2.2074
  0.8693  -1.6027   0.8174  -2.2098
  0.8735  -1.6044   0.8197  -2.2123
  0.8777  -1.6059   0.8221  -2.2150
  0.8819  -1.6071   0.8248  -2.2177
  0.8861  -1.6081   0.8275  -2.2206
  0.8903  -1.6089   0.8304  -2.2235
  0.8945  -1.6095   0.8335  -2.2265
  0.8986  -1.6098   0.8366  -2.2296
  0.9027  -1.6099   0.8399  -2.2327
  0.9068  -1.6098   0.8433  -2.2358
  0.9108  -1.6095   0.8468  -2.2390
  0.9148  -1.6090   0.8504  -2.2422
  0.9188  -1.6082   0.8540  -2.2454
  0.9228  -1.6072   0.8578  -2.2486
  0.9267  -1.6060   0.8616  -2.2519
  0.9306  -1.6046   0.8655  -2.2551
  0.9345  -1.6030   0.8694  -2.2583
  0.9383  -1.6012   0.8734  -2.2615
  0.9421  -1.5992   0.8775  -2.2647
  0.9458  -1.5969   0.8816  -2.2679
  0.9495  -1.5944   0.8857  -2.2711
  0.9532  -1.5918   0.8898  -2.2742
  0.9568  -1.5889   0.8940  -2.2774
  0.9603  -1.5858   0.8981  -2.2804
  0.9639  -1.5825   0.9023  -2.2835
  0.9673  -1.5790   0.9065  -2.2865
  0.9707  -1.5753   0.9107  -2.2895
  0.9741  -1.5714   0.9148  -2.2924
  0.9774  -1.5673   0.9189  -2.2953
  0.9806  -1.5630   0.9230  -2.2982
  0.9838  -1.5584   0.9271  -2.3010
  0.9869  -1.5537   0.9311  -2.3037
  0.9900  -1.5487   0.9351  -2.3065
  0.9930  -1.5436   0.9390  -2.3091
  0.9959  -1.5382   0.9429  -2.3117
  0.9988  -1.5326   0.9467  -2.3143
  1.0016  -1.5268   0.9504  -2.3168
  1.0043  -1.5208   0.9541  -2.3193
  1.0070  -1.5146   0.9577  -2.3216
  1.0096  -1.5082   0.9611  -2.3240
  1.0121  -1.5016   0.9645  -2.3262
  1.0145  -1.4947   0.9678  -2.3284
  1.0168  -1.4876   0.9710  -2.3306
  1.0191  -1.4803   0.9740  -2.3327
  1.0213  -1.4728   0.9770  -2.3347
  1.0234  -1.4651   0.9798  -2.3366
  1.0254  -1.4571   0.9824  -2.3384
  1.0273  -1.4490   0.9850  -2.3402
  1.0291  -1.4405   0.9874  -2.3419
  1.0309  -1.4319   0.9896  -2.3434
  1.0325  -1.4230   0.9917  -2.3449
  1.0340  -1.4139   0.9936  -2.3463
  1.0355  -1.4046   0.9954  -2.3476
  1.0368  -1.3950   0.9969  -2.3488
  1.0381  -1.3852   0.9983  -2.3499
  1.0392  -1.3751   0.9996  -2.3508
  1.0402  -1.3648   1.0006  -2.3516
  1.0411  -1.3542   1.0014  -2.3523
  1.0419  -1.3433   1.0020  -2.3528
  1.0426  -1.3322   1.0025  -2.3532
  1.0432  -1.3208   1.0027  -2.3533
  1.0432  -1.3208   1.0027  -2.3533
  1.0436  -1.3092   1.0027  -2.3533
  1.0445  -1.3016   1.0022  -2.3526
  1.0458  -1.2983   1.0013  -2.3511
  1.0476  -1.2985   0.9998  -2.3490
  1.0496  -1.3018   0.9978  -2.3462
  1.0519  -1.3075   0.9954  -2.3430
  1.0544  -1.3152   0.9925  -2.3392
  1.0571  -1.3246   0.9892  -2.3350
  1.0598  -1.3353   0.9856  -2.3304
  1.0627  -1.3472   0.9815  -2.3254
  1.0655  -1.3599   0.9772  -2.3200
  1.0684  -1.3733   0.9725  -2.3144
  1.0713  -1.3874   0.9675  -2.3083
  1.0742  -1.4019   0.9622  -2.3020
  1.0770  -1.4168   0.9567  -2.2954
  1.0798  -1.4320   0.9510  -2.2885
  1.0825  -1.4474   0.9450  -2.2812
  1.0852  -1.4631   0.9388  -2.2737
  1.0878  -1.4790   0.9324  -2.2658
  1.0903  -1.4950   0.9259  -2.2577
  1.0928  -1.5110   0.9192  -2.2493
  1.0951  -1.5272   0.9124  -2.2405
  1.0974  -1.5435   0.9055  -2.2315
  1.0996  -1.5598   0.8985  -2.2222
  1.1017  -1.5761   0.8914  -2.2126
  1.1038  -1.5925   0.8842  -2.2026
  1.1057  -1.6088   0.8769  -2.1924
  1.1075  -1.6252   0.8696  -2.1819
  1.1093  -1.6416   0.8623  -2.1711
  1.1109  -1.6580   0.8550  -2.1599
  1.1125  -1.6744   0.8476  -2.1485
  1.1140  -1.6908   0.8403  -2.1368
  1.1153  -1.7072   0.8329  -2.1247
  1.1166  -1.7235   0.8257  -2.1124
  1.1178  -1.7398   0.8184  -2.0998
  1.1189  -1.7561   0.8112  -2.0869
  1.1199  -1.7724   0.8040  -2.0737
  1.1208  -1.7886   0.7969  -2.0602
  1.1216  -1.8048   0.7899  -2.0465
  1.1223  -1.8209   0.7830  -2.0325
  1.1230  -1.8370   0.7762  -2.0182
  1.1235  -1.8531   0.7694  -2.0036
  1.1240  -1.8690   0.7628  -1.9888
  1.1243  -1.8849   0.7563  -1.9738
  1.1246  -1.9008   0.7499  -1.9585
  1.1249  -1.9165   0.7437  -1.9430
  1.1250  -1.9322   0.7375  -1.9273
  1.1251  -1.9478   0.7315  -1.9114
  1.1251  -1.9632   0.7257  -1.8953
  1.1250  -1.9786   0.7200  -1.8791
  1.1249  -1.9938   0.7145  -1.8628
  1.1247  -2.0088   0.7091  -1.8463
  1.1245  -2.0237   0.7039  -1.8298
  1.1242  -2.0383   0.6989  -1.8132
  1.1239  -2.0527   0.6941  -1.7966
  1.1235  -2.0668   0.6894  -1.7801
  1.1231  -2.0807   0.6850  -1.7637
  1.1227  -2.0941   0.6807  -1.7475
  1.1222  -2.1072   0.6767  -1.7315
  1.1218  -2.1198   0.6729  -1.7160
  1.1213  -2.1318   0.6694  -1.7008
  1.1208  -2.1431   0.6661  -1.6863
  1.1204  -2.1537   0.6631  -1.6726
  1.1200  -2.1634   0.6605  -1.6599
  1.1196  -2.1721   0.6581  -1.6483
  1.1193  -2.1795   0.6561  -1.6383
  1.1190  -2.1855   0.6546  -1.6301
  1.1188  -2.1898   0.6535  -1.6241
  1.1187  -2.1921   0.6529  -1.6208
  1.1187  -2.1921   0.6529  -1.6208
  1.1188  -2.1921   0.6643  -1.6295
  1.1187  -2.1919   0.6756  -1.6381
  1.1187  -2.1914   0.6869  -1.6465
  1.1186  -2.1908   0.6980  -1.6547
  1.1184  -2.1900   0.7091  -1.6627
  1.1182  -2.1890   0.7201  -1.6706
  1.1180  -2.1878   0.7310  -1.6783
  1.1177  -2.1865   0.7418  -1.6858
  1.1174  -2.1851   0.7526  -1.6931
  1.1170  -2.1836   0.7632  -1.7003
  1.1166  -2.1819   0.7738  -1.7073
  1.1162  -2.1801   0.7843  -1.7141
  1.1158  -2.1783   0.7946  -1.7208
  1.1153  -2.1763   0.8049  -1.7273
  1.1148  -2.1743   0.8151  -1.7336
  1.1142  -2.1722   0.8252  -1.7397
  1.1137  -2.1700   0.8353  -1.7457
  1.1131  -2.1678   0.8452  -1.7515
  1.1125  -2.1655   0.8550  -1.7571
  1.1119  -2.1632   0.8647  -1.7625
  1.1112  -2.1608   0.8743  -1.7678
  1.1105  -2.1584   0.8838  -1.7729
  1.1099  -2.1559   0.8932  -1.7778
  1.1092  -2.1534   0.9025  -1.7825
  1.1084  -2.1509   0.9117  -1.7871
  1.1077  -2.1483   0.9208  -1.7915
  1.1070  -2.1458   0.9297  -1.7957
  1.1062  -2.1432   0.9386  -1.7997
  1.1055  -2.1406   0.9473  -1.8036
  1.1047  -2.1380   0.9559  -1.8072
  1.1039  -2.1353   0.9643  -1.8107
  1.1031  -2.1327   0.9727  -1.8141
  1.1024  -2.1301   0.9809  -1.8172
  1.1016  -2.1274   0.9890  -1.8201
  1.1008  -2.1248   0.9969  -1.8229
  1.1000  -2.1222   1.0047  -1.8255
  1.0992  -2.1195   1.0123  -1.8279
  1.0984  -2.1169   1.0198  -1.8301
  1.0976  -2.1143   1.0272  -1.8321
  1.0968  -2.1117   1.0344  -1.8340
  1.0960  -2.1091   1.0414  -1.8356
  1.0952  -2.1065   1.0483  -1.8371
  1.0945  -2.1040   1.0551  -1.8384
  1.0937  -2.1015   1.0616  -1.8395
  1.0929  -2.0990   1.0680  -1.8404
  1.0922  -2.0965   1.0742  -1.8411
  1.0914  -2.0940   1.0802  -1.8416
  1.0907  -2.0916   1.0861  -1.8419
  1.0900  -2.0892   1.0918  -1.8420
  1.0893  -2.0868   1.0973  -1.8419
  1.0886  -2.0845   1.1025  -1.8416
  1.0879  -2.0822   1.1076  -1.8411
  1.0872  -2.0800   1.1125  -1.8405
  1.0866  -2.0777   1.1172  -1.8396
  1.0859  -2.0756   1.1217  -1.8385
  1.0853  -2.0734   1.1260  -1.8372
  1.0847  -2.0714   1.1300  -1.8357
  1.0841  -2.0693   1.1339  -1.8340
  1.0836  -2.0674   1.1375  -1.8321
  1.0830  -2.0655   1.1409  -1.8299
  1.0825  -2.0636   1.1441  -1.8276
  1.0820  -2.0618   1.1470  -1.8251
  1.0815  -2.0601   1.1497  -1.8223
  1.0811  -2.0584   1.1522  -1.8193
  1.0806  -2.0568   1.1544  -1.8161
  1.0802  -2.0553   1.1563  -1.8127
  1.0798  -2.0539   1.1581  -1.8091
  1.0795  -2.0525   1.1595  -1.8052
  1.0792  -2.0512   1.1607  -1.8011
  1.0789  -2.0500   1.1617  -1.7968
  1.0786  -2.0490   1.1623  -1.7923
  1.0783  -2.0480   1.1627  -1.7875
  1.0781  -2.0471   1.1629  -1.7825
  1.0779  -2.0463   1.1627  -1.7772
  1.0778  -2.0456   1.1623  -1.7718
  1.0776  -2.0451   1.1616  -1.7660
  1.0775  -2.0447   1.1606  -1.7601
  1.0775  -2.0444   1.1593  -1.7539
  1.0774  -2.0442   1.1577  -1.7474
  1.0774  -2.0442   1.1577  -1.7474
  1.0774  -2.0442   1.1558  -1.7407
  1.0771  -2.0438   1.1539  -1.7359
  1.0765  -2.0430   1.1519  -1.7332
  1.0756  -2.0417   1.1497  -1.7322
  1.0744  -2.0402   1.1475  -1.7328
  1.0728  -2.0384   1.1451  -1.7347
  1.0710  -2.0364   1.1426  -1.7376
  1.0689  -2.0342   1.1399  -1.7415
  1.0665  -2.0319   1.1370  -1.7462
  1.0639  -2.0295   1.1340  -1.7515
  1.0611  -2.0270   1.1308  -1.7573
  1.0581  -2.0244   1.1274  -1.7637
  1.0548  -2.0218   1.1238  -1.7704
  1.0513  -2.0191   1.1201  -1.7775
  1.0477  -2.0163   1.1162  -1.7849
  1.0439  -2.0135   1.1121  -1.7926
  1.0399  -2.0107   1.1078  -1.8004
  1.0358  -2.0078   1.1034  -1.8084
  1.0316  -2.0049   1.0988  -1.8166
  1.0272  -2.0019   1.0940  -1.8249
  1.0227  -1.9989   1.0891  -1.8333
  1.0181  -1.9959   1.0840  -1.8418
  1.0134  -1.9928   1.0787  -1.8504
  1.0086  -1.9897   1.0734  -1.8590
  1.0037  -1.9865   1.0679  -1.8677
  0.9988  -1.9833   1.0622  -1.8764
  0.9938  -1.9801   1.0565  -1.8852
  0.9888  -1.9768   1.0506  -1.8940
  0.9838  -1.9734   1.0446  -1.9028
  0.9787  -1.9700   1.0385  -1.9116
  0.9736  -1.9666   1.0323  -1.9204
  0.9684  -1.9631   1.0260  -1.9292
  0.9633  -1.9596   1.0197  -1.9380
  0.9582  -1.9560   1.0133  -1.9467
  0.9531  -1.9524   1.0068  -1.9555
  0.9481  -1.9487   1.0003  -1.9642
  0.9430  -1.9450   0.9938  -1.9729
  0.9380  -1.9412   0.9872  -1.9816
  0.9331  -1.9374   0.9806  -1.9902
  0.9282  -1.9335   0.9740  -1.9988
  0.9234  -1.9297   0.9674  -2.0074
  0.9186  -1.9257   0.9608  -2.0159
  0.9139  -1.9218   0.9543  -2.0243
  0.9094  -1.9178   0.9478  -2.0328
  0.9049  -1.9138   0.9413  -2.0411
  0.9005  -1.9098   0.9350  -2.0495
  0.8962  -1.9057   0.9287  -2.0577
  0.8920  -1.9017   0.9225  -2.0659
  0.8879  -1.8976   0.9164  -2.0741
  0.8840  -1.8936   0.9104  -2.0821
  0.8802  -1.8895   0.9046  -2.0901
  0.8766  -1.8855   0.8989  -2.0980
  0.8731  -1.8815   0.8934  -2.1058
  0.8697  -1.8775   0.8881  -2.1136
  0.8665  -1.8736   0.8830  -2.1212
  0.8635  -1.8697   0.8781  -2.1286
  0.8606  -1.8660   0.8734  -2.1359
  0.8579  -1.8623   0.8690  -2.1431
  0.8555  -1.8587   0.8648  -2.1500
  0.8532  -1.8553   0.8610  -2.1567
  0.8510  -1.8520   0.8574  -2.1631
  0.8491  -1.8489   0.8542  -2.1692
  0.8475  -1.8460   0.8513  -2.1749
  0.8460  -1.8433   0.8487  -2.1802
  0.8447  -1.8410   0.8465  -2.1849
  0.8437  -1.8390   0.8448  -2.1889
  0.8429  -1.8374   0.8434  -2.1922
  0.8424  -1.8362   0.8425  -2.1946
  0.8424  -1.8362   0.8425  -2.1946
  0.8484  -1.8435   0.8419  -2.1959
  0.8544  -1.8504   0.8417  -2.1973
  0.8604  -1.8569   0.8417  -2.1988
  0.8664  -1.8631   0.8420  -2.2004
  0.8725  -1.8688   0.8426  -2.2021
  0.8786  -1.8742   0.8434  -2.2039
  0.8847  -1.8792   0.8445  -2.2058
  0.8909  -1.8838   0.8458  -2.2078
  0.8971  -1.8881   0.8473  -2.2099
  0.9033  -1.8920   0.8490  -2.2120
  0.9095  -1.8956   0.8510  -2.2142
  0.9157  -1.8988   0.8531  -2.2165
  0.9219  -1.9017   0.8554  -2.2188
  0.9281  -1.9043   0.8579  -2.2212
  0.9343  -1.9065   0.8606  -2.2236
  0.9405  -1.9084   0.8634  -2.2260
  0.9467  -1.9100   0.8663  -2.2285
  0.9529  -1.9113   0.8694  -2.2311
  0.9591  -1.9123   0.8726  -2.2337
  0.9653  -1.9130   0.8760  -2.2363
  0.9714  -1.9134   0.8794  -2.2389
  0.9775  -1.9135   0.8830  -2.2416
  0.9835  -1.9133   0.8866  -2.2443
  0.9896  -1.9128   0.8903  -2.2470
  0.9956  -1.9121   0.8941  -2.2498
  1.0015  -1.9110   0.8980  -2.2526
  1.0074  -1.9097   0.9019  -2.2554
  1.0132  -1.9081   0.9059  -2.2582
  1.0190  -1.9063   0.9099  -2.2610
  1.0248  -1.9042   0.9140  -2.2638
  1.0304  -1.9018   0.9181  -2.2667
  1.0360  -1.8992   0.9223  -2.2696
  1.0416  -1.8963   0.9264  -2.2724
  1.0470  -1.8931   0.9306  -2.2753
  1.0524  -1.8897   0.9348  -2.2782
  1.0577  -1.8861   0.9390  -2.2811
  1.0630  -1.8822   0.9431  -2.2839
  1.0681  -1.8781   0.9473  -2.2868
  1.0732  -1.8737   0.9514  -2.2897
  1.0782  -1.8691   0.9555  -2.2926
  1.0831  -1.8643   0.9596  -2.2954
  1.0879  -1.8592   0.9636  -2.2983
  1.0926  -1.8540   0.9676  -2.3011
  1.0972  -1.8485   0.9716  -2.3039
  1.1017  -1.8427   0.9755  -2.3066
  1.1061  -1.8368   0.9793  -2.3094
  1.1104  -1.8306   0.9830  -2.3121
  1.1146  -1.8243   0.9867  -2.3148
  1.1187  -1.8177   0.9903  -2.3174
  1.1227  -1.8109   0.9938  -2.3200
  1.1266  -1.8039   0.9972  -2.3226
  1.1304  -1.7966   1.0005  -2.3251
  1.1340  -1.7892   1.0037  -2.3275
  1.1376  -1.7816   1.0067  -2.3299
  1.1410  -1.7738   1.0097  -2.3322
  1.1444  -1.7658   1.0125  -2.3345
  1.1476  -1.7576   1.0152  -2.3367
  1.1507  -1.7492   1.0178  -2.3387
  1.1537  -1.7405   1.0202  -2.3407
  1.1565  -1.7318   1.0225  -2.3426
  1.1593  -1.7228   1.0246  -2.3444
  1.1619  -1.7136   1.0265  -2.3461
  1.1644  -1.7042   1.0283  -2.3476
  1.1668  -1.6947   1.0299  -2.3491
  1.1691  -1.6849   1.0314  -2.3504
  1.1713  -1.6750   1.0326  -2.3515
  1.1733  -1.6649   1.0336  -2.3525
  1.1752  -1.6546   1.0345  -2.3533
  1.1770  -1.6441   1.0351  -2.3539
  1.1787  -1.6334   1.0356  -2.3543
  1.1803  -1.6226   1.0358  -2.3545
  1.1803  -1.6226   1.0358  -2.3545
  1.1817  -1.6115   1.0358  -2.3545
  1.1832  -1.6036   1.0353  -2.3540
  1.1848  -1.5989   1.0343  -2.3530
  1.1864  -1.5970   1.0327  -2.3514
  1.1880  -1.5975   1.0305  -2.3491
  1.1896  -1.5999   1.0279  -2.3465
  1.1911  -1.6041   1.0247  -2.3436
  1.1925  -1.6096   1.0211  -2.3404
  1.1939  -1.6163   1.0171  -2.3369
  1.1951  -1.6239   1.0126  -2.3331
  1.1963  -1.6324   1.0078  -2.3290
  1.1973  -1.6415   1.0026  -2.3247
  1.1981  -1.6512   0.9970  -2.3201
  1.1988  -1.6613   0.9912  -2.3152
  1.1994  -1.6718   0.9850  -2.3101
  1.1998  -1.6826   0.9786  -2.3048
  1.2001  -1.6936   0.9719  -2.2992
  1.2002  -1.7048   0.9649  -2.2933
  1.2002  -1.7162   0.9578  -2.2872
  1.2000  -1.7278   0.9504  -2.2809
  1.1997  -1.7394   0.9428  -2.2743
  1.1992  -1.7511   0.9351  -2.2674
  1.1986  -1.7628   0.9273  -2.2603
  1.1978  -1.7746   0.9193  -2.2529
  1.1969  -1.7863   0.9112  -2.2452
  1.1959  -1.7981   0.9030  -2.2373
  1.1947  -1.8099   0.8947  -2.2291
  1.1934  -1.8216   0.8864  -2.2206
  1.1920  -1.8333   0.8780  -2.2119
  1.1905  -1.8450   0.8696  -2.2029
  1.1889  -1.8566   0.8611  -2.1936
  1.1871  -1.8682   0.8527  -2.1840
  1.1853  -1.8797   0.8442  -2.1742
  1.1834  -1.8912   0.8358  -2.1642
  1.1813  -1.9026   0.8274  -2.1538
  1.1792  -1.9139   0.8191  -2.1432
  1.1771  -1.9251   0.8108  -2.1323
  1.1748  -1.9363   0.8025  -2.1212
  1.1725  -1.9474   0.7944  -2.1098
  1.1702  -1.9583   0.7863  -2.0982
  1.1678  -1.9692   0.7784  -2.0863
  1.1653  -1.9800   0.7706  -2.0742
  1.1628  -1.9907   0.7628  -2.0618
  1.1603  -2.0013   0.7553  -2.0492
  1.1578  -2.0118   0.7478  -2.0364
  1.1552  -2.0221   0.7405  -2.0234
  1.1526  -2.0324   0.7334  -2.0102
  1.1501  -2.0425   0.7264  -1.9969
  1.1475  -2.0525   0.7197  -1.9833
  1.1450  -2.0623   0.7131  -1.9697
  1.1425  -2.0720   0.7067  -1.9559
  1.1401  -2.0816   0.7005  -1.9420
  1.1376  -2.0910   0.6945  -1.9280
  1.1353  -2.1002   0.6888  -1.9140
  1.1330  -2.1092   0.6833  -1.9000
  1.1308  -2.1180   0.6780  -1.8860
  1.1286  -2.1265   0.6730  -1.8722
  1.1266  -2.1348   0.6683  -1.8585
  1.1246  -2.1428   0.6638  -1.8450
  1.1228  -2.1504   0.6597  -1.8319
  1.1211  -2.1577   0.6558  -1.8191
  1.1195  -2.1645   0.6522  -1.8070
  1.1181  -2.1709   0.6490  -1.7955
  1.1169  -2.1766   0.6462  -1.7848
  1.1158  -2.1818   0.6438  -1.7752
  1.1149  -2.1862   0.6417  -1.7668
  1.1142  -2.1897   0.6401  -1.7600
  1.1137  -2.1922   0.6390  -1.7551
  1.1137  -2.1922   0.6390  -1.7551
  1.1135  -2.1936   0.6509  -1.7638
  1.1133  -2.1947   0.6626  -1.7723
  1.1131  -2.1955   0.6744  -1.7807
  1.1128  -2.1961   0.6860  -1.7889
  1.1125  -2.1964   0.6976  -1.7969
  1.1121  -2.1965   0.7091  -1.8048
  1.1118  -2.1963   0.7205  -1.8125
  1.1114  -2.1960   0.7319  -1.8200
  1.1110  -2.1954   0.7432  -1.8274
  1.1106  -2.1946   0.7544  -1.8346
  1.1101  -2.1937   0.7656  -1.8416
  1.1096  -2.1926   0.7767  -1.8485
  1.1091  -2.1914   0.7877  -1.8552
  1.1086  -2.1900   0.7986  -1.8617
  1.1081  -2.1885   0.8095  -1.8681
  1.1076  -2.1868   0.8203  -1.8743
  1.1070  -2.1851   0.8310  -1.8803
  1.1064  -2.1833   0.8416  -1.8861
  1.1059  -2.1814   0.8522  -1.8918
  1.1053  -2.1794   0.8626  -1.8973
  1.1047  -2.1773   0.8730  -1.9026
  1.1041  -2.1752   0.8832  -1.9078
  1.1034  -2.1730   0.8934  -1.9128
  1.1028  -2.1707   0.9035  -1.9176
  1.1022  -2.1684   0.9135  -1.9222
  1.1015  -2.1661   0.9233  -1.9267
  1.1009  -2.1637   0.9331  -1.9310
  1.1002  -2.1613   0.9428  -1.9350
  1.0996  -2.1588   0.9523  -1.9390
  1.0989  -2.1564   0.9618  -1.9427
  1.0983  -2.1539   0.9711  -1.9462
  1.0976  -2.1514   0.9803  -1.9496
  1.0970  -2.1489   0.9893  -1.9528
  1.0963  -2.1463   0.9983  -1.9558
  1.0957  -2.1438   1.0071  -1.9586
  1.0950  -2.1413   1.0158  -1.9612
  1.0944  -2.1388   1.0243  -1.9637
  1.0937  -2.1362   1.0327  -1.9659
  1.0931  -2.1337   1.0410  -1.9680
  1.0925  -2.1312   1.0491  -1.9699
  1.0919  -2.1287   1.0571  -1.9715
  1.0913  -2.1262   1.0649  -1.9730
  1.0906  -2.1237   1.0725  -1.9743
  1.0900  -2.1212   1.0800  -1.9754
  1.0895  -2.1188   1.0873  -1.9763
  1.0889  -2.1164   1.0944  -1.9770
  1.0883  -2.1140   1.1013  -1.9775
  1.0878  -2.1116   1.1081  -1.9778
  1.0872  -2.1093   1.1147  -1.9779
  1.0867  -2.1069   1.1211  -1.9778
  1.0862  -2.1047   1.1273  -1.9775
  1.0857  -2.1024   1.1332  -1.9770
  1.0852  -2.1002   1.1390  -1.9763
  1.0847  -2.0981   1.1446  -1.9753
  1.0842  -2.0960   1.1500  -1.9742
  1.0838  -2.0939   1.1551  -1.9729
  1.0833  -2.0919   1.1601  -1.9714
  1.0829  -2.0899   1.1648  -1.9696
  1.0825  -2.0880   1.1692  -1.9676
  1.0821  -2.0861   1.1735  -1.9655
  1.0818  -2.0843   1.1775  -1.9631
  1.0814  -2.0826   1.1812  -1.9605
  1.0811  -2.0809   1.1847  -1.9577
  1.0808  -2.0793   1.1880  -1.9546
  1.0805  -2.0778   1.1910  -1.9514
  1.0802  -2.0764   1.1937  -1.9479
  1.0799  -2.0750   1.1962  -1.9442
  1.0797  -2.0738   1.1985  -1.9403
  1.0795  -2.0726   1.2004  -1.9362
  1.0793  -2.0715   1.2021  -1.9318
  1.0791  -2.0706   1.2035  -1.9272
  1.0790  -2.0697   1.2046  -1.9224
  1.0788  -2.0689   1.2055  -1.9174
  1.0787  -2.0683   1.2060  -1.9121
  1.0786  -2.0678   1.2063  -1.9066
  1.0785  -2.0674   1.2062  -1.9009
  1.0785  -2.0671   1.2059  -1.8949
  1.0785  -2.0669   1.2053  -1.8887
  1.0784  -2.0669   1.2044  -1.8822
  1.0784  -2.0669   1.2044  -1.8822
  1.0784  -2.0669   1.2031  -1.8755
  1.0782  -2.0666   1.2017  -1.8705
  1.0777  -2.0661   1.2001  -1.8671
  1.0769  -2.0653   1.1983  -1.8653
  1.0759  -2.0644   1.1962  -1.8648
  1.0746  -2.0634   1.1939  -1.8655
  1.0731  -2.0623   1.1914  -1.8670
  1.0713  -2.0610   1.1887  -1.8694
  1.0694  -2.0597   1.1857  -1.8725
  1.0672  -2.0584   1.1824  -1.8762
  1.0648  -2.0569   1.1790  -1.8804
  1.0623  -2.0555   1.1753  -1.8850
  1.0596  -2.0540   1.1713  -1.8900
  1.0568  -2.0525   1.1672  -1.8953
  1.0537  -2.0509   1.1628  -1.9008
  1.0506  -2.0494   1.1582  -1.9066
  1.0473  -2.0478   1.1533  -1.9126
  1.0439  -2.0462   1.1483  -1.9188
  1.0404  -2.0446   1.1431  -1.9250
  1.0368  -2.0429   1.1376  -1.9315
  1.0331  -2.0413   1.1320  -1.9380
  1.0294  -2.0396   1.1262  -1.9445
  1.0255  -2.0379   1.1202  -1.9512
  1.0216  -2.0362   1.1140  -1.9579
  1.0176  -2.0345   1.1077  -1.9646
  1.0136  -2.0328   1.1012  -1.9713
  1.0096  -2.0310   1.0946  -1.9781
  1.0055  -2.0292   1.0878  -1.9848
  1.0014  -2.0273   1.0809  -1.9916
  0.9973  -2.0255   1.0739  -1.9983
  0.9932  -2.0236   1.0668  -2.0050
  0.9891  -2.0216   1.0595  -2.0117
  0.9850  -2.0197   1.0522  -2.0183
  0.9809  -2.0177   1.0449  -2.0249
  0.9768  -2.0157   1.0374  -2.0314
  0.9728  -2.0137   1.0299  -2.0379
  0.9688  -2.0116   1.0224  -2.0444
  0.9648  -2.0095   1.0148  -2.0508
  0.9609  -2.0074   1.0072  -2.0571
  0.9571  -2.0053   0.9996  -2.0633
  0.9533  -2.0031   0.9920  -2.0695
  0.9495  -2.0010   0.9845  -2.0756
  0.9459  -1.9988   0.9770  -2.0817
  0.9423  -1.9966   0.9695  -2.0876
  0.9388  -1.9944   0.9621  -2.0935
  0.9354  -1.9922   0.9548  -2.0993
  0.9321  -1.9900   0.9476  -2.1050
  0.9289  -1.9878   0.9404  -2.1107
  0.9258  -1.9856   0.9335  -2.1163
  0.9228  -1.9834   0.9266  -2.1218
  0.9199  -1.9812   0.9199  -2.1272
  0.9172  -1.9791   0.9134  -2.1325
  0.9145  -1.9770   0.9071  -2.1377
  0.9120  -1.9749   0.9011  -2.1428
  0.9097  -1.9728   0.8952  -2.1479
  0.9074  -1.9708   0.8896  -2.1528
  0.9053  -1.9689   0.8842  -2.1576
  0.9033  -1.9670   0.8792  -2.1623
  0.9015  -1.9652   0.8744  -2.1668
  0.8999  -1.9635   0.8700  -2.1712
  0.8984  -1.9619   0.8660  -2.1754
  0.8970  -1.9604   0.8622  -2.1793
  0.8958  -1.9591   0.8589  -2.1831
  0.8948  -1.9578   0.8560  -2.1865
  0.8939  -1.9568   0.8535  -2.1896
  0.8932  -1.9559   0.8515  -2.1922
  0.8927  -1.9552   0.8500  -2.1944
  0.8923  -1.9547   0.8489  -2.1959
  0.8923  -1.9547   0.8489  -2.1959
  0.8984  -1.9611   0.8483  -2.1967
  0.9045  -1.9672   0.8479  -2.1977
  0.9106  -1.9730   0.8478  -2.1989
  0.9168  -1.9783   0.8480  -2.2001
  0.9231  -1.9834   0.8485  -2.2016
  0.9293  -1.9881   0.8491  -2.2031
  0.9356  -1.9924   0.8501  -2.2047
  0.9420  -1.9964   0.8512  -2.2064
  0.9484  -2.0001   0.8527  -2.2083
  0.9547  -2.0034   0.8543  -2.2102
  0.9612  -2.0063   0.8561  -2.2123
  0.9676  -2.0089   0.8582  -2.2144
  0.9740  -2.0112   0.8604  -2.2166
  0.9805  -2.0132   0.8628  -2.2188
  0.9869  -2.0149   0.8654  -2.2211
  0.9933  -2.0162   0.8681  -2.2235
  0.9998  -2.0172   0.8710  -2.2260
  1.0062  -2.0179   0.8741  -2.2284
  1.0126  -2.0183   0.8772  -2.2310
  1.0190  -2.0185   0.8805  -2.2336
  1.0253  -2.0183   0.8839  -2.2362
  1.0316  -2.0178   0.8874  -2.2389
  1.0379  -2.0171   0.8911  -2.2416
  1.0441  -2.0160   0.8948  -2.2443
  1.0503  -2.0147   0.8985  -2.2471
  1.0565  -2.0131   0.9024  -2.2499
  1.0626  -2.0113   0.9063  -2.2527
  1.0686  -2.0092   0.9103  -2.2556
  1.0746  -2.0068   0.9144  -2.2584
  1.0805  -2.0041   0.9185  -2.2613
  1.0863  -2.0012   0.9226  -2.2642
  1.0920  -1.9981   0.9267  -2.2671
  1.0977  -1.9947   0.9309  -2.2701
  1.1033  -1.9911   0.9351  -2.2730
  1.1088  -1.9872   0.9393  -2.2760
  1.1142  -1.9830   0.9435  -2.2789
  1.1196  -1.9787   0.9477  -2.2819
  1.1248  -1.9741   0.9519  -2.2848
  1.1299  -1.9693   0.9561  -2.2877
  1.1350  -1.9642   0.9603  -2.2907
  1.1399  -1.9590   0.9644  -2.2936
  1.1448  -1.9535   0.9685  -2.2965
  1.1495  -1.9478   0.9725  -2.2994
  1.1542  -1.9419   0.9765  -2.3023
  1.1587  -1.9357   0.9804  -2.3051
  1.1631  -1.9294   0.9843  -2.3080
  1.1674  -1.9228   0.9881  -2.3108
  1.1716  -1.9161   0.9918  -2.3135
  1.1757  -1.9092   0.9955  -2.3162
  1.1796  -1.9020   0.9990  -2.3189
  1.1835  -1.8947   1.0025  -2.3215
  1.1872  -1.8871   1.0058  -2.3241
  1.1908  -1.8794   1.0091  -2.3266
  1.1943  -1.8715   1.0122  -2.3291
  1.1977  -1.8634   1.0152  -2.3315
  1.2009  -1.8551   1.0181  -2.3338
  1.2041  -1.8467   1.0209  -2.3360
  1.2071  -1.8380   1.0235  -2.3382
  1.2100  -1.8292   1.0259  -2.3402
  1.2128  -1.8202   1.0282  -2.3422
  1.2154  -1.8110   1.0304  -2.3440
  1.2180  -1.8017   1.0324  -2.3458
  1.2204  -1.7922   1.0342  -2.3474
  1.2227  -1.7825   1.0359  -2.3488
  1.2249  -1.7726   1.0373  -2.3502
  1.2269  -1.7626   1.0386  -2.3513
  1.2289  -1.7524   1.0396  -2.3524
  1.2307  -1.7421   1.0405  -2.3532
  1.2324  -1.7316   1.0412  -2.3538
  1.2340  -1.7209   1.0416  -2.3543
  1.2354  -1.7101   1.0419  -2.3545
  1.2354  -1.7101   1.0419  -2.3545
  1.2367  -1.6991   1.0418  -2.3545
  1.2381  -1.6911   1.0413  -2.3542
  1.2394  -1.6861   1.0402  -2.3534
  1.2406  -1.6837   1.0386  -2.3523
  1.2418  -1.6837   1.0363  -2.3509
  1.2429  -1.6855   1.0336  -2.3492
  1.2439  -1.6890   1.0303  -2.3472
  1.2448  -1.6937   1.0265  -2.3449
  1.2455  -1.6996   1.0223  -2.3424
  1.2461  -1.7065   1.0177  -2.3396
  1.2465  -1.7140   1.0127  -2.3365
  1.2468  -1.7223   1.0072  -2.3332
  1.2469  -1.7310   1.0014  -2.3297
  1.2468  -1.7402   0.9953  -2.3259
  1.2465  -1.7498   0.9889  -2.3219
  1.2461  -1.7596   0.9821  -2.3176
  1.2455  -1.7697   0.9751  -2.3130
  1.2447  -1.7799   0.9679  -2.3082
  1.2437  -1.7903   0.9604  -2.3031
  1.2426  -1.8008   0.9526  -2.2977
  1.2413  -1.8114   0.9447  -2.2921
  1.2398  -1.8220   0.9366  -2.2862
  1.2381  -1.8327   0.9284  -2.2800
  1.2363  -1.8433   0.9200  -2.2735
  1.2344  -1.8540   0.9115  -2.2667
  1.2323  -1.8646   0.9029  -2.2596
  1.2301  -1.8752   0.8942  -2.2523
  1.2277  -1.8857   0.8854  -2.2446
  1.2252  -1.8962   0.8766  -2.2367
  1.2226  -1.9066   0.8677  -2.2284
  1.2198  -1.9170   0.8588  -2.2199
  1.2170  -1.9272   0.8499  -2.2110
  1.2140  -1.9374   0.8410  -2.2019
  1.2110  -1.9475   0.8322  -2.1924
  1.2078  -1.9574   0.8233  -2.1827
  1.2046  -1.9673   0.8146  -2.1726
  1.2013  -1.9771   0.8058  -2.1623
  1.1980  -1.9867   0.7972  -2.1517
  1.1946  -1.9963   0.7886  -2.1407
  1.1911  -2.0057   0.7802  -2.1295
  1.1876  -2.0150   0.7718  -2.1180
  1.1841  -2.0241   0.7636  -2.1063
  1.1805  -2.0331   0.7555  -2.0943
  1.1769  -2.0420   0.7475  -2.0820
  1.1734  -2.0508   0.7397  -2.0694
  1.1698  -2.0594   0.7321  -2.0567
  1.1663  -2.0679   0.7247  -2.0437
  1.1627  -2.0762   0.7174  -2.0305
  1.1593  -2.0843   0.7103  -2.0171
  1.1558  -2.0923   0.7034  -2.0035
  1.1524  -2.1002   0.6968  -1.9898
  1.1491  -2.1078   0.6903  -1.9760
  1.1459  -2.1153   0.6841  -1.9620
  1.1427  -2.1226   0.6782  -1.9480
  1.1397  -2.1297   0.6725  -1.9340
  1.1367  -2.1366   0.6670  -1.9200
  1.1339  -2.1432   0.6618  -1.9061
  1.1312  -2.1496   0.6569  -1.8923
  1.1287  -2.1558   0.6523  -1.8788
  1.1263  -2.1616   0.6480  -1.8655
  1.1242  -2.1672   0.6440  -1.8527
  1.1221  -2.1724   0.6404  -1.8404
  1.1203  -2.1771   0.6371  -1.8288
  1.1187  -2.1815   0.6342  -1.8180
  1.1174  -2.1853   0.6317  -1.8082
  1.1162  -2.1886   0.6296  -1.7998
  1.1154  -2.1912   0.6280  -1.7929
  1.1148  -2.1931   0.6269  -1.7878
  1.1145  -2.1941   0.6263  -1.7851
  1.1145  -2.1941   0.6263  -1.7851
  1.1145  -2.1941   0.6380  -1.7935
  1.1145  -2.1939   0.6496  -1.8017
  1.1145  -2.1934   0.6612  -1.8097
  1.1144  -2.1928   0.6727  -1.8176
  1.1143  -2.1920   0.6841  -1.8253
  1.1141  -2.1910   0.6955  -1.8329
  1.1138  -2.1899   0.7068  -1.8403
  1.1136  -2.1886   0.7181  -1.8475
  1.1132  -2.1872   0.7292  -1.8546
  1.1129  -2.1857   0.7404  -1.8615
  1.1125  -2.1841   0.7514  -1.8682
  1.1121  -2.1823   0.7624  -1.8748
  1.1116  -2.1805   0.7733  -1.8812
  1.1111  -2.1786   0.7842  -1.8874
  1.1106  -2.1766   0.7949  -1.8935
  1.1100  -2.1745   0.8056  -1.8994
  1.1095  -2.1724   0.8163  -1.9051
  1.1088  -2.1702   0.8268  -1.9107
  1.1082  -2.1679   0.8373  -1.9161
  1.1076  -2.1656   0.8476  -1.9213
  1.1069  -2.1633   0.8579  -1.9263
  1.1062  -2.1609   0.8682  -1.9312
  1.1055  -2.1584   0.8783  -1.9359
  1.1047  -2.1560   0.8883  -1.9405
  1.1040  -2.1535   0.8982  -1.9448
  1.1032  -2.1509   0.9081  -1.9490
  1.1024  -2.1484   0.9178  -1.9531
  1.1016  -2.1458   0.9275  -1.9569
  1.1008  -2.1432   0.9370  -1.9605
  1.1000  -2.1406   0.9464  -1.9640
  1.0992  -2.1380   0.9557  -1.9673
  1.0984  -2.1354   0.9649  -1.9704
  1.0975  -2.1328   0.9740  -1.9734
  1.0967  -2.1301   0.9829  -1.9761
  1.0959  -2.1275   0.9918  -1.9787
  1.0950  -2.1249   1.0004  -1.9811
  1.0942  -2.1223   1.0090  -1.9833
  1.0933  -2.1196   1.0174  -1.9853
  1.0925  -2.1170   1.0257  -1.9871
  1.0916  -2.1144   1.0339  -1.9888
  1.0908  -2.1118   1.0418  -1.9902
  1.0900  -2.1093   1.0497  -1.9915
  1.0891  -2.1067   1.0574  -1.9925
  1.0883  -2.1041   1.0649  -1.9934
  1.0875  -2.1016   1.0722  -1.9941
  1.0867  -2.0991   1.0794  -1.9945
  1.0859  -2.0966   1.0864  -1.9948
  1.0851  -2.0942   1.0932  -1.9949
  1.0843  -2.0918   1.0999  -1.9948
  1.0836  -2.0894   1.1063  -1.9945
  1.0828  -2.0870   1.1126  -1.9940
  1.0821  -2.0847   1.1187  -1.9932
  1.0814  -2.0824   1.1245  -1.9923
  1.0807  -2.0802   1.1302  -1.9912
  1.0800  -2.0780   1.1357  -1.9899
  1.0793  -2.0758   1.1409  -1.9883
  1.0787  -2.0737   1.1459  -1.9866
  1.0780  -2.0716   1.1507  -1.9846
  1.0774  -2.0696   1.1553  -1.9825
  1.0768  -2.0677   1.1596  -1.9801
  1.0763  -2.0658   1.1637  -1.9775
  1.0757  -2.0639   1.1676  -1.9747
  1.0752  -2.0622   1.1712  -1.9717
  1.0747  -2.0604   1.1746  -1.9685
  1.0743  -2.0588   1.1777  -1.9650
  1.0738  -2.0573   1.1806  -1.9614
  1.0734  -2.0558   1.1832  -1.9575
  1.0730  -2.0544   1.1855  -1.9534
  1.0726  -2.0531   1.1876  -1.9491
  1.0723  -2.0519   1.1894  -1.9445
  1.0720  -2.0507   1.1909  -1.9398
  1.0717  -2.0497   1.1922  -1.9348
  1.0715  -2.0488   1.1931  -1.9296
  1.0713  -2.0480   1.1938  -1.9241
  1.0711  -2.0473   1.1942  -1.9184
  1.0710  -2.0467   1.1943  -1.9125
  1.0709  -2.0463   1.1941  -1.9064
  1.0708  -2.0460   1.1936  -1.9000
  1.0708  -2.0459   1.1928  -1.8933
  1.0708  -2.0459   1.1928  -1.8933
  1.0707  -2.0459   1.1918  -1.8865
  1.0705  -2.0460   1.1905  -1.8813
  1.0700  -2.0463   1.1890  -1.8778
  1.0693  -2.0466   1.1873  -1.8758
  1.0683  -2.0469   1.1854  -1.8752
  1.0671  -2.0471   1.1833  -1.8756
  1.0656  -2.0472   1.1809  -1.8771
  1.0639  -2.0472   1.1783  -1.8793
  1.0620  -2.0471   1.1754  -1.8822
  1.0598  -2.0470   1.1723  -1.8858
  1.0575  -2.0469   1.1690  -1.8898
  1.0550  -2.0467   1.1655  -1.8942
  1.0523  -2.0464   1.1617  -1.8990
  1.0495  -2.0461   1.1577  -1.9041
  1.0464  -2.0458   1.1535  -1.9095
  1.0433  -2.0454   1.1491  -1.9151
  1.0400  -2.0450   1.1445  -1.9209
  1.0365  -2.0445   1.1396  -1.9269
  1.0330  -2.0440   1.1346  -1.9330
  1.0293  -2.0434   1.1293  -1.9392
  1.0256  -2.0428   1.1239  -1.9455
  1.0217  -2.0421   1.1183  -1.9519
  1.0178  -2.0414   1.1125  -1.9583
  1.0138  -2.0406   1.1065  -1.9648
  1.0097  -2.0398   1.1004  -1.9713
  1.0056  -2.0389   1.0941  -1.9779
  1.0014  -2.0379   1.0877  -1.9844
  0.9972  -2.0369   1.0812  -1.9910
  0.9930  -2.0358   1.0745  -1.9975
  0.9888  -2.0346   1.0677  -2.0040
  0.9845  -2.0334   1.0609  -2.0105
  0.9802  -2.0321   1.0539  -2.0170
  0.9760  -2.0307   1.0468  -2.0235
  0.9717  -2.0293   1.0397  -2.0299
  0.9675  -2.0278   1.0324  -2.0362
  0.9633  -2.0262   1.0252  -2.0425
  0.9591  -2.0245   1.0179  -2.0488
  0.9550  -2.0228   1.0106  -2.0550
  0.9509  -2.0211   1.0032  -2.0611
  0.9469  -2.0193   0.9959  -2.0672
  0.9429  -2.0174   0.9885  -2.0732
  0.9390  -2.0154   0.9812  -2.0791
  0.9352  -2.0135   0.9740  -2.0850
  0.9315  -2.0114   0.9667  -2.0908
  0.9278  -2.0094   0.9596  -2.0966
  0.9242  -2.0073   0.9525  -2.1022
  0.9208  -2.0052   0.9455  -2.1078
  0.9174  -2.0030   0.9386  -2.1133
  0.9142  -2.0008   0.9319  -2.1187
  0.9111  -1.9987   0.9252  -2.1241
  0.9081  -1.9965   0.9188  -2.1294
  0.9052  -1.9943   0.9125  -2.1345
  0.9024  -1.9922   0.9064  -2.1396
  0.8998  -1.9901   0.9005  -2.1446
  0.8973  -1.9880   0.8948  -2.1495
  0.8950  -1.9860   0.8894  -2.1543
  0.8928  -1.9840   0.8842  -2.1590
  0.8908  -1.9822   0.8793  -2.1636
  0.8889  -1.9804   0.8747  -2.1680
  0.8872  -1.9788   0.8705  -2.1723
  0.8856  -1.9773   0.8665  -2.1763
  0.8842  -1.9759   0.8629  -2.1802
  0.8830  -1.9748   0.8597  -2.1838
  0.8820  -1.9738   0.8569  -2.1871
  0.8811  -1.9730   0.8545  -2.1901
  0.8804  -1.9725   0.8525  -2.1927
  0.8799  -1.9722   0.8510  -2.1948
  0.8795  -1.9721   0.8500  -2.1963
  0.8795  -1.9721   0.8500  -2.1963
  0.8855  -1.9782   0.8494  -2.1971
  0.8916  -1.9840   0.8490  -2.1980
  0.8977  -1.9895   0.8489  -2.1991
  0.9039  -1.9946   0.8491  -2.2003
  0.9102  -1.9993   0.8496  -2.2017
  0.9164  -2.0037   0.8503  -2.2032
  0.9227  -2.0077   0.8513  -2.2048
  0.9291  -2.0114   0.8525  -2.2065
  0.9355  -2.0147   0.8539  -2.2083
  0.9419  -2.0177   0.8556  -2.2102
  0.9483  -2.0204   0.8574  -2.2122
  0.9547  -2.0227   0.8595  -2.2143
  0.9612  -2.0248   0.8617  -2.2164
  0.9677  -2.0265   0.8642  -2.2186
  0.9742  -2.0278   0.8668  -2.2209
  0.9806  -2.0289   0.8695  -2.2233
  0.9871  -2.0297   0.8724  -2.2257
  0.9936  -2.0302   0.8755  -2.2281
  1.0000  -2.0303   0.8786  -2.2307
  1.0064  -2.0302   0.8819  -2.2332
  1.0128  -2.0298   0.8853  -2.2358
  1.0192  -2.0291   0.8889  -2.2385
  1.0256  -2.0282   0.8925  -2.2411
  1.0318  -2.0269   0.8962  -2.2439
  1.0381  -2.0254   0.9000  -2.2466
  1.0443  -2.0236   0.9038  -2.2494
  1.0504  -2.0216   0.9077  -2.2522
  1.0565  -2.0192   0.9117  -2.2550
  1.0626  -2.0167   0.9158  -2.2579
  1.0685  -2.0138   0.9199  -2.2608
  1.0744  -2.0108   0.9240  -2.2637
  1.0802  -2.0074   0.9281  -2.2666
  1.0860  -2.0039   0.9323  -2.2695
  1.0916  -2.0000   0.9365  -2.2724
  1.0972  -1.9960   0.9407  -2.2754
  1.1027  -1.9917   0.9449  -2.2783
  1.1081  -1.9872   0.9491  -2.2813
  1.1134  -1.9824   0.9533  -2.2842
  1.1186  -1.9775   0.9574  -2.2872
  1.1237  -1.9723   0.9616  -2.2901
  1.1287  -1.9669   0.9657  -2.2931
  1.1336  -1.9612   0.9697  -2.2960
  1.1384  -1.9554   0.9738  -2.2989
  1.1431  -1.9494   0.9777  -2.3018
  1.1477  -1.9431   0.9817  -2.3047
  1.1522  -1.9366   0.9855  -2.3075
  1.1566  -1.9300   0.9893  -2.3103
  1.1609  -1.9231   0.9930  -2.3131
  1.1650  -1.9161   0.9967  -2.3158
  1.1690  -1.9088   1.0002  -2.3185
  1.1729  -1.9014   1.0036  -2.3212
  1.1767  -1.8937   1.0070  -2.3238
  1.1804  -1.8859   1.0102  -2.3263
  1.1840  -1.8779   1.0133  -2.3288
  1.1874  -1.8697   1.0163  -2.3312
  1.1908  -1.8614   1.0192  -2.3336
  1.1940  -1.8528   1.0220  -2.3358
  1.1971  -1.8441   1.0246  -2.3380
  1.2000  -1.8352   1.0270  -2.3401
  1.2029  -1.8262   1.0293  -2.3421
  1.2056  -1.8169   1.0315  -2.3439
  1.2082  -1.8075   1.0335  -2.3457
  1.2107  -1.7980   1.0353  -2.3473
  1.2131  -1.7882   1.0369  -2.3488
  1.2153  -1.7783   1.0384  -2.3501
  1.2174  -1.7683   1.0396  -2.3513
  1.2194  -1.7581   1.0407  -2.3524
  1.2213  -1.7477   1.0416  -2.3532
  1.2231  -1.7372   1.0422  -2.3539
  1.2247  -1.7265   1.0427  -2.3543
  1.2263  -1.7157   1.0429  -2.3545
  1.2263  -1.7157   1.0429  -2.3545
  1.2277  -1.7047   1.0429  -2.3545
  1.2291  -1.6966   1.0424  -2.3542
  1.2305  -1.6916   1.0413  -2.3535
  1.2318  -1.6891   1.0396  -2.3524
  1.2331  -1.6891   1.0373  -2.3509
  1.2343  -1.6908   1.0345  -2.3491
  1.2353  -1.6942   1.0312  -2.3470
  1.2363  -1.6989   1.0273  -2.3447
  1.2371  -1.7047   1.0230  -2.3422
  1.2378  -1.7114   1.0183  -2.3394
  1.2383  -1.7189   1.0132  -2.3364
  1.2386  -1.7271   1.0077  -2.3332
  1.2388  -1.7357   1.0018  -2.3297
  1.2388  -1.7448   0.9955  -2.3259
  1.2387  -1.7543   0.9890  -2.3219
  1.2383  -1.7640   0.9822  -2.3176
  1.2378  -1.7740   0.9750  -2.3131
  1.2372  -1.7842   0.9677  -2.3083
  1.2363  -1.7944   0.9601  -2.3032
  1.2353  -1.8048   0.9523  -2.2978
  1.2341  -1.8153   0.9443  -2.2921
  1.2328  -1.8258   0.9361  -2.2862
  1.2313  -1.8364   0.9278  -2.2799
  1.2297  -1.8469   0.9193  -2.2734
  1.2279  -1.8575   0.9108  -2.2665
  1.2259  -1.8680   0.9021  -2.2593
  1.2239  -1.8785   0.8933  -2.2518
  1.2217  -1.8889   0.8845  -2.2441
  1.2193  -1.8993   0.8757  -2.2359
  1.2169  -1.9096   0.8668  -2.2275
  1.2143  -1.9198   0.8578  -2.2188
  1.2117  -1.9299   0.8489  -2.2097
  1.2089  -1.9400   0.8400  -2.2004
  1.2060  -1.9500   0.8311  -2.1907
  1.2031  -1.9598   0.8223  -2.1807
  1.2001  -1.9696   0.8135  -2.1704
  1.1970  -1.9792   0.8047  -2.1598
  1.1938  -1.9888   0.7961  -2.1489
  1.1906  -1.9982   0.7875  -2.1377
  1.1874  -2.0075   0.7791  -2.1262
  1.1841  -2.0167   0.7707  -2.1144
  1.1807  -2.0257   0.7625  -2.1023
  1.1774  -2.0347   0.7544  -2.0899
  1.1740  -2.0435   0.7465  -2.0773
  1.1707  -2.0521   0.7387  -2.0644
  1.1673  -2.0606   0.7311  -2.0513
  1.1640  -2.0690   0.7236  -2.0380
  1.1606  -2.0772   0.7164  -2.0244
  1.1573  -2.0853   0.7093  -2.0106
  1.1541  -2.0932   0.7025  -1.9967
  1.1509  -2.1010   0.6958  -1.9826
  1.1477  -2.1085   0.6894  -1.9683
  1.1447  -2.1159   0.6832  -1.9540
  1.1417  -2.1232   0.6772  -1.9396
  1.1388  -2.1302   0.6715  -1.9252
  1.1360  -2.1370   0.6661  -1.9108
  1.1333  -2.1436   0.6609  -1.8965
  1.1308  -2.1500   0.6560  -1.8824
  1.1284  -2.1561   0.6514  -1.8684
  1.1262  -2.1619   0.6471  -1.8548
  1.1241  -2.1674   0.6431  -1.8417
  1.1222  -2.1725   0.6394  -1.8290
  1.1204  -2.1773   0.6361  -1.8171
  1.1189  -2.1816   0.6332  -1.8060
  1.1176  -2.1854   0.6307  -1.7960
  1.1165  -2.1886   0.6286  -1.7873
  1.1157  -2.1912   0.6270  -1.7802
  1.1151  -2.1931   0.6259  -1.7751
  1.1151  -2.1931   0.6259  -1.7751
  1.1149  -2.1941   0.6375  -1.7832
  1.1146  -2.1947   0.6490  -1.7912
  1.1143  -2.1951   0.6604  -1.7991
  1.1140  -2.1952   0.6719  -1.8068
  1.1136  -2.1951   0.6832  -1.8143
  1.1132  -2.1948   0.6945  -1.8217
  1.1127  -2.1942   0.7058  -1.8289
  1.1123  -2.1934   0.7169  -1.8359
  1.1118  -2.1924   0.7281  -1.8428
  1.1112  -2.1913   0.7391  -1.8496
  1.1107  -2.1900   0.7501  -1.8561
  1.1101  -2.1886   0.7611  -1.8626
  1.1095  -2.1870   0.7719  -1.8688
  1.1089  -2.1853   0.7828  -1.8749
  1.1082  -2.1835   0.7935  -1.8809
  1.1076  -2.1816   0.8042  -1.8866
  1.1069  -2.1796   0.8147  -1.8923
  1.1062  -2.1775   0.8253  -1.8977
  1.1055  -2.1753   0.8357  -1.9030
  1.1048  -2.1731   0.8461  -1.9081
  1.1040  -2.1708   0.8563  -1.9131
  1.1033  -2.1684   0.8665  -1.9179
  1.1025  -2.1659   0.8766  -1.9225
  1.1018  -2.1635   0.8866  -1.9269
  1.1010  -2.1609   0.8966  -1.9312
  1.1002  -2.1584   0.9064  -1.9353
  1.0994  -2.1558   0.9161  -1.9393
  1.0986  -2.1531   0.9257  -1.9430
  1.0978  -2.1505   0.9353  -1.9466
  1.0970  -2.1478   0.9447  -1.9500
  1.0962  -2.1451   0.9540  -1.9532
  1.0954  -2.1423   0.9632  -1.9563
  1.0946  -2.1396   0.9722  -1.9592
  1.0938  -2.1369   0.9812  -1.9619
  1.0930  -2.1341   0.9900  -1.9644
  1.0922  -2.1313   0.9987  -1.9667
  1.0914  -2.1286   1.0073  -1.9689
  1.0906  -2.1258   1.0157  -1.9708
  1.0898  -2.1231   1.0240  -1.9726
  1.0890  -2.1203   1.0321  -1.9742
  1.0883  -2.1176   1.0401  -1.9756
  1.0875  -2.1149   1.0479  -1.9768
  1.0867  -2.1121   1.0556  -1.9778
  1.0860  -2.1094   1.0631  -1.9786
  1.0853  -2.1068   1.0705  -1.9793
  1.0845  -2.1041   1.0777  -1.9797
  1.0838  -2.1015   1.0847  -1.9800
  1.0831  -2.0988   1.0915  -1.9800
  1.0824  -2.0963   1.0981  -1.9799
  1.0817  -2.0937   1.1046  -1.9795
  1.0811  -2.0912   1.1108  -1.9790
  1.0804  -2.0887   1.1169  -1.9782
  1.0798  -2.0862   1.1228  -1.9772
  1.0792  -2.0838   1.1284  -1.9761
  1.0786  -2.0814   1.1339  -1.9747
  1.0780  -2.0791   1.1391  -1.9731
  1.0774  -2.0768   1.1441  -1.9714
  1.0769  -2.0746   1.1489  -1.9694
  1.0764  -2.0724   1.1534  -1.9672
  1.0759  -2.0703   1.1577  -1.9648
  1.0754  -2.0683   1.1618  -1.9621
  1.0749  -2.0663   1.1657  -1.9593
  1.0745  -2.0643   1.1693  -1.9563
  1.0741  -2.0625   1.1726  -1.9530
  1.0737  -2.0607   1.1757  -1.9495
  1.0733  -2.0590   1.1785  -1.9458
  1.0729  -2.0574   1.1811  -1.9419
  1.0726  -2.0558   1.1834  -1.9377
  1.0723  -2.0544   1.1854  -1.9333
  1.0720  -2.0531   1.1872  -1.9287
  1.0718  -2.0518   1.1887  -1.9239
  1.0715  -2.0507   1.1899  -1.9189
  1.0713  -2.0497   1.1908  -1.9136
  1.0712  -2.0488   1.1914  -1.9081
  1.0710  -2.0480   1.1918  -1.9023
  1.0709  -2.0474   1.1918  -1.8963
  1.0708  -2.0469   1.1915  -1.8901
  1.0707  -2.0466   1.1910  -1.8836
  1.0707  -2.0464   1.1901  -1.8769
  1.0707  -2.0464   1.1901  -1.8769
  1.0707  -2.0464   1.1889  -1.8700
  1.0705  -2.0462   1.1876  -1.8647
  1.0699  -2.0458   1.1860  -1.8612
  1.0691  -2.0452   1.1843  -1.8593
  1.0680  -2.0446   1.1824  -1.8587
  1.0666  -2.0438   1.1802  -1.8593
  1.0650  -2.0429   1.1778  -1.8608
  1.0631  -2.0420   1.1752  -1.8632
  1.0610  -2.0411   1.1724  -1.8662
  1.0587  -2.0401   1.1694  -1.8699
  1.0562  -2.0391   1.1661  -1.8741
  1.0535  -2.0380   1.1627  -1.8787
  1.0506  -2.0370   1.1590  -1.8837
  1.0476  -2.0359   1.1550  -1.8891
  1.0444  -2.0349   1.1509  -1.8947
  1.0410  -2.0338   1.1466  -1.9005
  1.0375  -2.0327   1.1420  -1.9066
  1.0339  -2.0316   1.1372  -1.9128
  1.0301  -2.0305   1.1323  -1.9191
  1.0263  -2.0293   1.1271  -1.9256
  1.0223  -2.0282   1.1218  -1.9322
  1.0183  -2.0270   1.1163  -1.9388
  1.0142  -2.0257   1.1106  -1.9455
  1.0100  -2.0245   1.1047  -1.9523
  1.0057  -2.0232   1.0987  -1.9591
  1.0014  -2.0219   1.0926  -1.9659
  0.9971  -2.0206   1.0862  -1.9728
  0.9927  -2.0192   1.0798  -1.9796
  0.9883  -2.0178   1.0732  -1.9865
  0.9839  -2.0163   1.0665  -1.9933
  0.9795  -2.0148   1.0597  -2.0001
  0.9750  -2.0133   1.0529  -2.0069
  0.9706  -2.0117   1.0459  -2.0137
  0.9662  -2.0101   1.0388  -2.0204
  0.9618  -2.0085   1.0317  -2.0271
  0.9574  -2.0068   1.0245  -2.0337
  0.9531  -2.0051   1.0173  -2.0403
  0.9488  -2.0033   1.0100  -2.0468
  0.9446  -2.0015   1.0028  -2.0532
  0.9404  -1.9997   0.9955  -2.0596
  0.9363  -1.9978   0.9882  -2.0660
  0.9323  -1.9959   0.9810  -2.0722
  0.9283  -1.9940   0.9737  -2.0784
  0.9244  -1.9921   0.9666  -2.0845
  0.9206  -1.9901   0.9594  -2.0906
  0.9169  -1.9882   0.9524  -2.0966
  0.9133  -1.9862   0.9454  -2.1024
  0.9098  -1.9842   0.9386  -2.1083
  0.9064  -1.9822   0.9319  -2.1140
  0.9032  -1.9802   0.9253  -2.1196
  0.9000  -1.9782   0.9188  -2.1252
  0.8970  -1.9762   0.9126  -2.1307
  0.8941  -1.9743   0.9065  -2.1361
  0.8914  -1.9723   0.9006  -2.1414
  0.8887  -1.9704   0.8949  -2.1466
  0.8863  -1.9686   0.8895  -2.1516
  0.8840  -1.9667   0.8843  -2.1566
  0.8818  -1.9650   0.8794  -2.1614
  0.8798  -1.9633   0.8749  -2.1661
  0.8779  -1.9616   0.8706  -2.1706
  0.8763  -1.9601   0.8666  -2.1750
  0.8748  -1.9587   0.8630  -2.1790
  0.8734  -1.9573   0.8598  -2.1829
  0.8723  -1.9561   0.8570  -2.1864
  0.8713  -1.9551   0.8546  -2.1896
  0.8705  -1.9542   0.8526  -2.1923
  0.8699  -1.9535   0.8511  -2.1945
  0.8695  -1.9530   0.8501  -2.1961
  0.8695  -1.9530   0.8501  -2.1961
  0.8755  -1.9591   0.8495  -2.1970
  0.8815  -1.9649   0.8491  -2.1980
  0.8876  -1.9703   0.8490  -2.1991
  0.8937  -1.9754   0.8492  -2.2004
  0.8999  -1.9800   0.8497  -2.2018
  0.9061  -1.9844   0.8505  -2.2033
  0.9124  -1.9884   0.8514  -2.2049
  0.9187  -1.9920   0.8527  -2.2067
  0.9250  -1.9953   0.8541  -2.2085
  0.9314  -1.9982   0.8558  -2.2104
  0.9378  -2.0009   0.8576  -2.2124
  0.9441  -2.0032   0.8597  -2.2145
  0.9505  -2.0051   0.8619  -2.2166
  0.9570  -2.0068   0.8643  -2.2189
  0.9634  -2.0082   0.8669  -2.2211
  0.9698  -2.0092   0.8697  -2.2235
  0.9762  -2.0099   0.8725  -2.2259
  0.9826  -2.0104   0.8756  -2.2283
  0.9890  -2.0105   0.8787  -2.2308
  0.9953  -2.0104   0.8820  -2.2334
  1.0016  -2.0100   0.8853  -2.2360
  1.0079  -2.0092   0.8888  -2.2386
  1.0142  -2.0082   0.8924  -2.2413
  1.0204  -2.0070   0.8961  -2.2440
  1.0266  -2.0054   0.8998  -2.2467
  1.0327  -2.0036   0.9036  -2.2495
  1.0388  -2.0016   0.9075  -2.2523
  1.0449  -1.9992   0.9114  -2.2551
  1.0508  -1.9966   0.9154  -2.2580
  1.0567  -1.9938   0.9195  -2.2608
  1.0625  -1.9907   0.9235  -2.2637
  1.0683  -1.9874   0.9276  -2.2666
  1.0740  -1.9838   0.9318  -2.2696
  1.0796  -1.9800   0.9359  -2.2725
  1.0851  -1.9759   0.9400  -2.2754
  1.0905  -1.9716   0.9442  -2.2784
  1.0959  -1.9671   0.9483  -2.2813
  1.1011  -1.9623   0.9524  -2.2843
  1.1063  -1.9574   0.9566  -2.2872
  1.1114  -1.9522   0.9606  -2.2902
  1.1163  -1.9468   0.9647  -2.2931
  1.1212  -1.9411   0.9687  -2.2960
  1.1260  -1.9353   0.9727  -2.2990
  1.1306  -1.9292   0.9766  -2.3018
  1.1352  -1.9230   0.9805  -2.3047
  1.1396  -1.9165   0.9843  -2.3076
  1.1440  -1.9098   0.9880  -2.3104
  1.1482  -1.9030   0.9917  -2.3132
  1.1523  -1.8959   0.9953  -2.3159
  1.1563  -1.8887   0.9988  -2.3186
  1.1602  -1.8812   1.0022  -2.3213
  1.1640  -1.8736   1.0055  -2.3239
  1.1677  -1.8657   1.0087  -2.3264
  1.1712  -1.8577   1.0117  -2.3289
  1.1746  -1.8495   1.0147  -2.3313
  1.1780  -1.8412   1.0175  -2.3336
  1.1812  -1.8326   1.0202  -2.3359
  1.1842  -1.8239   1.0228  -2.3381
  1.1872  -1.8150   1.0252  -2.3401
  1.1900  -1.8059   1.0275  -2.3421
  1.1928  -1.7966   1.0296  -2.3440
  1.1954  -1.7872   1.0316  -2.3457
  1.1978  -1.7776   1.0334  -2.3474
  1.2002  -1.7679   1.0350  -2.3489
  1.2025  -1.7580   1.0364  -2.3502
  1.2046  -1.7479   1.0377  -2.3514
  1.2066  -1.7377   1.0387  -2.3524
  1.2085  -1.7272   1.0396  -2.3533
  1.2102  -1.7167   1.0402  -2.3539
  1.2119  -1.7060   1.0407  -2.3544
  1.2134  -1.6951   1.0409  -2.3546
  1.2134  -1.6951   1.0409  -2.3546
  1.2148  -1.6840   1.0409  -2.3546
  1.2163  -1.6760   1.0404  -2.3542
  1.2177  -1.6710   1.0393  -2.3534
  1.2191  -1.6686   1.0376  -2.3522
  1.2204  -1.6686   1.0354  -2.3504
  1.2217  -1.6705   1.0326  -2.3484
  1.2229  -1.6740   1.0293  -2.3461
  1.2240  -1.6788   1.0256  -2.3436
  1.2249  -1.6848   1.0214  -2.3408
  1.2257  -1.6917   1.0167  -2.3377
  1.2264  -1.6993   1.0117  -2.3344
  1.2269  -1.7076   1.0062  -2.3309
  1.2273  -1.7165   1.0004  -2.3271
  1.2275  -1.7257   0.9943  -2.3230
  1.2275  -1.7354   0.9879  -2.3187
  1.2273  -1.7453   0.9811  -2.3141
  1.2270  -1.7554   0.9741  -2.3093
  1.2266  -1.7658   0.9669  -2.3042
  1.2259  -1.7763   0.9594  -2.2989
  1.2251  -1.7869   0.9517  -2.2932
  1.2242  -1.7975   0.9439  -2.2873
  1.2231  -1.8083   0.9358  -2.2811
  1.2218  -1.8190   0.9276  -2.2746
  1.2204  -1.8298   0.9193  -2.2679
  1.2189  -1.8406   0.9109  -2.2608
  1.2172  -1.8514   0.9023  -2.2534
  1.2153  -1.8621   0.8937  -2.2458
  1.2134  -1.8728   0.8850  -2.2378
  1.2113  -1.8834   0.8763  -2.2296
  1.2091  -1.8940   0.8675  -2.2210
  1.2068  -1.9046   0.8587  -2.2122
  1.2044  -1.9150   0.8499  -2.2030
  1.2019  -1.9254   0.8411  -2.1936
  1.1993  -1.9357   0.8323  -2.1838
  1.1966  -1.9459   0.8236  -2.1738
  1.1938  -1.9560   0.8149  -2.1634
  1.1910  -1.9660   0.8063  -2.1528
  1.1881  -1.9759   0.7978  -2.1419
  1.1852  -1.9857   0.7893  -2.1307
  1.1821  -1.9953   0.7810  -2.1192
  1.1791  -2.0049   0.7727  -2.1074
  1.1760  -2.0144   0.7646  -2.0954
  1.1729  -2.0237   0.7566  -2.0831
  1.1698  -2.0329   0.7488  -2.0705
  1.1667  -2.0420   0.7411  -2.0577
  1.1635  -2.0510   0.7336  -2.0447
  1.1604  -2.0598   0.7262  -2.0315
  1.1573  -2.0685   0.7190  -2.0180
  1.1542  -2.0770   0.7120  -2.0044
  1.1512  -2.0854   0.7052  -1.9906
  1.1482  -2.0936   0.6987  -1.9766
  1.1452  -2.1017   0.6923  -1.9625
  1.1424  -2.1096   0.6861  -1.9484
  1.1396  -2.1173   0.6802  -1.9342
  1.1368  -2.1248   0.6746  -1.9199
  1.1342  -2.1321   0.6692  -1.9057
  1.1317  -2.1392   0.6640  -1.8916
  1.1293  -2.1461   0.6592  -1.8777
  1.1270  -2.1526   0.6546  -1.8640
  1.1249  -2.1589   0.6503  -1.8506
  1.1229  -2.1649   0.6464  -1.8376
  1.1211  -2.1704   0.6428  -1.8251
  1.1195  -2.1756   0.6395  -1.8134
  1.1181  -2.1803   0.6366  -1.8025
  1.1168  -2.1845   0.6341  -1.7926
  1.1158  -2.1880   0.6321  -1.7841
  1.1150  -2.1908   0.6304  -1.7771
  1.1145  -2.1929   0.6293  -1.7721
  1.1142  -2.1939   0.6287  -1.7693
  1.1142  -2.1939   0.6287  -1.7693
  1.1143  -2.1939   0.6405  -1.7777
  1.1143  -2.1938   0.6522  -1.7859
  1.1142  -2.1935   0.6638  -1.7940
  1.1142  -2.1931   0.6753  -1.8019
  1.1141  -2.1925   0.6868  -1.8097
  1.1139  -2.1918   0.6983  -1.8173
  1.1137  -2.1909   0.7097  -1.8247
  1.1135  -2.1899   0.7210  -1.8320
  1.1133  -2.1887   0.7323  -1.8392
  1.1130  -2.1875   0.7435  -1.8461
  1.1127  -2.1861   0.7546  -1.8529
  1.1123  -2.1846   0.7656  -1.8596
  1.1119  -2.1830   0.7766  -1.8661
  1.1115  -2.1814   0.7876  -1.8724
  1.1111  -2.1796   0.7984  -1.8785
  1.1107  -2.1778   0.8092  -1.8845
  1.1102  -2.1759   0.8199  -1.8904
  1.1097  -2.1740   0.8305  -1.8960
  1.1092  -2.1720   0.8411  -1.9015
  1.1087  -2.1699   0.8515  -1.9069
  1.1081  -2.1678   0.8619  -1.9120
  1.1075  -2.1657   0.8722  -1.9170
  1.1069  -2.1635   0.8824  -1.9218
  1.1063  -2.1613   0.8925  -1.9265
  1.1057  -2.1591   0.9025  -1.9310
  1.1051  -2.1568   0.9124  -1.9353
  1.1045  -2.1545   0.9223  -1.9394
  1.1038  -2.1522   0.9320  -1.9434
  1.1032  -2.1499   0.9416  -1.9472
  1.1025  -2.1476   0.9511  -1.9508
  1.1018  -2.1453   0.9604  -1.9542
  1.1011  -2.1429   0.9697  -1.9574
  1.1005  -2.1406   0.9789  -1.9605
  1.0998  -2.1382   0.9879  -1.9634
  1.0991  -2.1359   0.9968  -1.9661
  1.0984  -2.1335   1.0055  -1.9686
  1.0977  -2.1312   1.0142  -1.9709
  1.0970  -2.1289   1.0226  -1.9731
  1.0963  -2.1265   1.0310  -1.9751
  1.0956  -2.1242   1.0392  -1.9768
  1.0950  -2.1219   1.0472  -1.9784
  1.0943  -2.1196   1.0551  -1.9798
  1.0936  -2.1174   1.0629  -1.9810
  1.0930  -2.1151   1.0704  -1.9820
  1.0923  -2.1129   1.0778  -1.9828
  1.0916  -2.1107   1.0851  -1.9834
  1.0910  -2.1085   1.0921  -1.9838
  1.0904  -2.1064   1.0990  -1.9841
  1.0898  -2.1042   1.1057  -1.9841
  1.0891  -2.1022   1.1122  -1.9839
  1.0885  -2.1001   1.1185  -1.9835
  1.0880  -2.0981   1.1246  -1.9829
  1.0874  -2.0961   1.1305  -1.9822
  1.0868  -2.0941   1.1362  -1.9812
  1.0863  -2.0922   1.1416  -1.9800
  1.0858  -2.0904   1.1469  -1.9786
  1.0853  -2.0886   1.1520  -1.9770
  1.0848  -2.0868   1.1568  -1.9751
  1.0843  -2.0851   1.1614  -1.9731
  1.0838  -2.0834   1.1657  -1.9709
  1.0834  -2.0818   1.1698  -1.9684
  1.0830  -2.0803   1.1737  -1.9658
  1.0826  -2.0788   1.1774  -1.9629
  1.0822  -2.0774   1.1807  -1.9598
  1.0818  -2.0760   1.1839  -1.9565
  1.0815  -2.0747   1.1867  -1.9529
  1.0812  -2.0736   1.1893  -1.9492
  1.0809  -2.0724   1.1917  -1.9452
  1.0806  -2.0714   1.1937  -1.9410
  1.0804  -2.0705   1.1955  -1.9366
  1.0802  -2.0696   1.1971  -1.9320
  1.0800  -2.0689   1.1983  -1.9271
  1.0798  -2.0682   1.1993  -1.9220
  1.0796  -2.0677   1.1999  -1.9166
  1.0795  -2.0672   1.2003  -1.9111
  1.0794  -2.0669   1.2004  -1.9053
  1.0794  -2.0667   1.2002  -1.8993
  1.0793  -2.0665   1.1996  -1.8930
  1.0793  -2.0665   1.1988  -1.8865
  1.0793  -2.0665   1.1988  -1.8865
  1.0793  -2.0665   1.1977  -1.8797
  1.0791  -2.0662   1.1964  -1.8746
  1.0785  -2.0657   1.1949  -1.8712
  1.0778  -2.0650   1.1931  -1.8694
  1.0767  -2.0641   1.1912  -1.8688
  1.0754  -2.0631   1.1890  -1.8694
  1.0739  -2.0620   1.1865  -1.8710
  1.0722  -2.0608   1.1839  -1.8733
  1.0702  -2.0595   1.1810  -1.8764
  1.0680  -2.0582   1.1778  -1.8800
  1.0657  -2.0568   1.1744  -1.8842
  1.0632  -2.0554   1.1708  -1.8887
  1.0605  -2.0539   1.1669  -1.8937
  1.0576  -2.0524   1.1629  -1.8989
  1.0546  -2.0509   1.1586  -1.9045
  1.0514  -2.0494   1.1540  -1.9102
  1.0481  -2.0479   1.1493  -1.9162
  1.0447  -2.0463   1.1443  -1.9223
  1.0412  -2.0447   1.1392  -1.9285
  1.0376  -2.0431   1.1338  -1.9349
  1.0339  -2.0415   1.1282  -1.9413
  1.0301  -2.0399   1.1225  -1.9479
  1.0263  -2.0382   1.1166  -1.9544
  1.0223  -2.0365   1.1105  -1.9611
  1.0183  -2.0348   1.1042  -1.9677
  1.0143  -2.0331   1.0978  -1.9744
  1.0103  -2.0313   1.0912  -1.9811
  1.0062  -2.0296   1.0845  -1.9878
  1.0020  -2.0277   1.0777  -1.9945
  0.9979  -2.0259   1.0708  -2.0012
  0.9938  -2.0240   1.0637  -2.0078
  0.9896  -2.0221   1.0566  -2.0144
  0.9855  -2.0202   1.0494  -2.0210
  0.9814  -2.0182   1.0421  -2.0275
  0.9773  -2.0162   1.0347  -2.0340
  0.9732  -2.0142   1.0273  -2.0404
  0.9692  -2.0122   1.0198  -2.0468
  0.9652  -2.0101   1.0123  -2.0531
  0.9612  -2.0080   1.0048  -2.0593
  0.9573  -2.0059   0.9973  -2.0655
  0.9535  -2.0038   0.9898  -2.0716
  0.9497  -2.0016   0.9823  -2.0777
  0.9460  -1.9994   0.9749  -2.0836
  0.9424  -1.9972   0.9675  -2.0895
  0.9389  -1.9950   0.9601  -2.0953
  0.9355  -1.9928   0.9529  -2.1011
  0.9321  -1.9906   0.9458  -2.1067
  0.9289  -1.9884   0.9387  -2.1123
  0.9257  -1.9862   0.9318  -2.1178
  0.9227  -1.9840   0.9250  -2.1232
  0.9198  -1.9819   0.9184  -2.1285
  0.9170  -1.9797   0.9120  -2.1337
  0.9143  -1.9776   0.9058  -2.1389
  0.9118  -1.9755   0.8997  -2.1439
  0.9094  -1.9734   0.8940  -2.1489
  0.9071  -1.9714   0.8884  -2.1537
  0.9050  -1.9695   0.8831  -2.1585
  0.9030  -1.9676   0.8781  -2.1630
  0.9011  -1.9658   0.8734  -2.1675
  0.8994  -1.9641   0.8691  -2.1718
  0.8979  -1.9625   0.8650  -2.1759
  0.8965  -1.9609   0.8614  -2.1798
  0.8953  -1.9596   0.8581  -2.1834
  0.8942  -1.9583   0.8552  -2.1868
  0.8933  -1.9572   0.8528  -2.1898
  0.8926  -1.9563   0.8508  -2.1924
  0.8921  -1.9556   0.8492  -2.1945
  0.8917  -1.9551   0.8482  -2.1960
  0.8917  -1.9551   0.8482  -2.1960
  0.8977  -1.9613   0.8476  -2.1968
  0.9038  -1.9671   0.8472  -2.1978
  0.9099  -1.9726   0.8471  -2.1989
  0.9161  -1.9777   0.8473  -2.2002
  0.9222  -1.9824   0.8478  -2.2016
  0.9285  -1.9868   0.8485  -2.2031
  0.9348  -1.9909   0.8495  -2.2048
  0.9411  -1.9946   0.8507  -2.2065
  0.9474  -1.9979   0.8522  -2.2084
  0.9537  -2.0009   0.8539  -2.2103
  0.9601  -2.0036   0.8557  -2.2124
  0.9665  -2.0059   0.8578  -2.2145
  0.9728  -2.0080   0.8601  -2.2167
  0.9792  -2.0097   0.8625  -2.2190
  0.9856  -2.0111   0.8651  -2.2213
  0.9920  -2.0122   0.8678  -2.2237
  0.9984  -2.0129   0.8707  -2.2261
  1.0047  -2.0134   0.8738  -2.2286
  1.0111  -2.0136   0.8769  -2.2312
  1.0174  -2.0135   0.8802  -2.2338
  1.0236  -2.0131   0.8836  -2.2364
  1.0299  -2.0125   0.8872  -2.2391
  1.0361  -2.0115   0.8908  -2.2418
  1.0423  -2.0103   0.8945  -2.2446
  1.0484  -2.0088   0.8982  -2.2473
  1.0544  -2.0070   0.9021  -2.2501
  1.0604  -2.0050   0.9060  -2.2530
  1.0664  -2.0027   0.9100  -2.2558
  1.0723  -2.0002   0.9140  -2.2587
  1.0781  -1.9974   0.9181  -2.2616
  1.0838  -1.9943   0.9222  -2.2645
  1.0895  -1.9910   0.9263  -2.2674
  1.0951  -1.9875   0.9305  -2.2703
  1.1006  -1.9837   0.9346  -2.2733
  1.1060  -1.9797   0.9388  -2.2762
  1.1114  -1.9754   0.9430  -2.2791
  1.1166  -1.9709   0.9472  -2.2821
  1.1218  -1.9662   0.9514  -2.2850
  1.1269  -1.9613   0.9555  -2.2880
  1.1318  -1.9561   0.9596  -2.2909
  1.1367  -1.9508   0.9637  -2.2938
  1.1414  -1.9452   0.9678  -2.2967
  1.1461  -1.9394   0.9718  -2.2996
  1.1507  -1.9334   0.9758  -2.3025
  1.1551  -1.9271   0.9797  -2.3053
  1.1595  -1.9207   0.9835  -2.3081
  1.1637  -1.9141   0.9873  -2.3109
  1.1678  -1.9073   0.9910  -2.3136
  1.1718  -1.9002   0.9946  -2.3164
  1.1757  -1.8930   0.9982  -2.3190
  1.1795  -1.8856   1.0016  -2.3216
  1.1832  -1.8780   1.0049  -2.3242
  1.1867  -1.8702   1.0082  -2.3267
  1.1902  -1.8623   1.0113  -2.3292
  1.1935  -1.8541   1.0143  -2.3315
  1.1967  -1.8458   1.0171  -2.3338
  1.1998  -1.8373   1.0199  -2.3361
  1.2027  -1.8286   1.0225  -2.3382
  1.2056  -1.8197   1.0249  -2.3402
  1.2083  -1.8107   1.0272  -2.3422
  1.2109  -1.8014   1.0293  -2.3440
  1.2134  -1.7921   1.0313  -2.3457
  1.2158  -1.7825   1.0331  -2.3473
  1.2180  -1.7728   1.0348  -2.3488
  1.2202  -1.7629   1.0362  -2.3501
  1.2222  -1.7529   1.0375  -2.3513
  1.2241  -1.7426   1.0385  -2.3523
  1.2259  -1.7323   1.0394  -2.3531
  1.2275  -1.7217   1.0401  -2.3538
  1.2290  -1.7110   1.0405  -2.3542
  1.2305  -1.7002   1.0407  -2.3545
  1.2305  -1.7002   1.0407  -2.3545
  1.2318  -1.6892   1.0407  -2.3545
  1.2331  -1.6811   1.0402  -2.3541
  1.2344  -1.6762   1.0391  -2.3533
  1.2356  -1.6739   1.0374  -2.3522
  1.2368  -1.6739   1.0352  -2.3507
  1.2380  -1.6759   1.0325  -2.3489
  1.2390  -1.6794   1.0292  -2.3468
  1.2399  -1.6843   1.0254  -2.3445
  1.2407  -1.6903   1.0212  -2.3418
  1.2413  -1.6973   1.0166  -2.3390
  1.2418  -1.7050   1.0116  -2.3358
  1.2421  -1.7134   1.0061  -2.3324
  1.2423  -1.7223   1.0004  -2.3288
  1.2422  -1.7316   0.9943  -2.3249
  1.2421  -1.7413   0.9878  -2.3208
  1.2417  -1.7513   0.9811  -2.3164
  1.2412  -1.7615   0.9741  -2.3117
  1.2404  -1.7719   0.9668  -2.3068
  1.2396  -1.7824   0.9594  -2.3016
  1.2385  -1.7930   0.9517  -2.2961
  1.2373  -1.8038   0.9438  -2.2903
  1.2359  -1.8145   0.9357  -2.2843
  1.2344  -1.8253   0.9275  -2.2780
  1.2327  -1.8361   0.9191  -2.2714
  1.2309  -1.8469   0.9107  -2.2645
  1.2289  -1.8577   0.9021  -2.2573
  1.2267  -1.8684   0.8934  -2.2498
  1.2245  -1.8791   0.8847  -2.2420
  1.2221  -1.8898   0.8759  -2.2339
  1.2196  -1.9003   0.8671  -2.2255
  1.2170  -1.9108   0.8582  -2.2168
  1.2142  -1.9213   0.8494  -2.2078
  1.2114  -1.9316   0.8405  -2.1985
  1.2084  -1.9418   0.8317  -2.1889
  1.2054  -1.9520   0.8229  -2.1790
  1.2023  -1.9620   0.8142  -2.1688
  1.1991  -1.9719   0.8055  -2.1583
  1.1959  -1.9818   0.7969  -2.1475
  1.1926  -1.9915   0.7884  -2.1364
  1.1893  -2.0010   0.7800  -2.1250
  1.1859  -2.0105   0.7717  -2.1133
  1.1824  -2.0198   0.7635  -2.1014
  1.1790  -2.0290   0.7554  -2.0892
  1.1755  -2.0381   0.7475  -2.0768
  1.1721  -2.0470   0.7398  -2.0641
  1.1686  -2.0558   0.7322  -2.0511
  1.1652  -2.0645   0.7248  -2.0380
  1.1618  -2.0729   0.7176  -2.0246
  1.1584  -2.0813   0.7105  -2.0110
  1.1550  -2.0895   0.7037  -1.9973
  1.1517  -2.0975   0.6971  -1.9834
  1.1485  -2.1053   0.6907  -1.9694
  1.1454  -2.1130   0.6845  -1.9553
  1.1423  -2.1205   0.6785  -1.9411
  1.1393  -2.1277   0.6729  -1.9269
  1.1365  -2.1348   0.6674  -1.9127
  1.1337  -2.1416   0.6623  -1.8987
  1.1311  -2.1482   0.6574  -1.8847
  1.1286  -2.1545   0.6528  -1.8710
  1.1263  -2.1606   0.6485  -1.8576
  1.1242  -2.1663   0.6445  -1.8446
  1.1222  -2.1716   0.6409  -1.8322
  1.1204  -2.1766   0.6376  -1.8204
  1.1189  -2.1810   0.6347  -1.8095
  1.1175  -2.1850   0.6322  -1.7996
  1.1164  -2.1884   0.6302  -1.7911
  1.1156  -2.1911   0.6285  -1.7841
  1.1150  -2.1930   0.6274  -1.7790
  1.1150  -2.1930   0.6274  -1.7790
  1.1147  -2.1940   0.6390  -1.7872
  1.1145  -2.1948   0.6505  -1.7952
  1.1142  -2.1952   0.6619  -1.8031
  1.1138  -2.1953   0.6733  -1.8108
  1.1134  -2.1952   0.6846  -1.8183
  1.1130  -2.1949   0.6959  -1.8257
  1.1125  -2.1943   0.7071  -1.8330
  1.1121  -2.1936   0.7183  -1.8401
  1.1116  -2.1926   0.7294  -1.8470
  1.1110  -2.1915   0.7404  -1.8537
  1.1105  -2.1902   0.7514  -1.8603
  1.1099  -2.1888   0.7623  -1.8668
  1.1093  -2.1872   0.7732  -1.8731
  1.1086  -2.1855   0.7840  -1.8792
  1.1080  -2.1837   0.7947  -1.8852
  1.1073  -2.1818   0.8053  -1.8910
  1.1066  -2.1798   0.8159  -1.8966
  1.1059  -2.1777   0.8264  -1.9021
  1.1052  -2.1755   0.8368  -1.9074
  1.1045  -2.1733   0.8471  -1.9125
  1.1037  -2.1709   0.8574  -1.9175
  1.1030  -2.1686   0.8675  -1.9223
  1.1022  -2.1661   0.8776  -1.9270
  1.1015  -2.1636   0.8876  -1.9314
  1.1007  -2.1611   0.8975  -1.9357
  1.0999  -2.1585   0.9073  -1.9399
  1.0991  -2.1559   0.9170  -1.9438
  1.0983  -2.1533   0.9266  -1.9476
  1.0975  -2.1506   0.9362  -1.9512
  1.0967  -2.1479   0.9456  -1.9547
  1.0959  -2.1452   0.9548  -1.9579
  1.0951  -2.1425   0.9640  -1.9610
  1.0943  -2.1397   0.9731  -1.9639
  1.0934  -2.1370   0.9820  -1.9666
  1.0926  -2.1342   0.9908  -1.9691
  1.0918  -2.1314   0.9995  -1.9715
  1.0910  -2.1287   1.0080  -1.9737
  1.0902  -2.1259   1.0165  -1.9756
  1.0894  -2.1232   1.0247  -1.9774
  1.0887  -2.1204   1.0329  -1.9790
  1.0879  -2.1177   1.0408  -1.9805
  1.0871  -2.1149   1.0487  -1.9817
  1.0863  -2.1122   1.0563  -1.9827
  1.0856  -2.1095   1.0638  -1.9836
  1.0849  -2.1068   1.0712  -1.9842
  1.0841  -2.1042   1.0784  -1.9847
  1.0834  -2.1015   1.0854  -1.9850
  1.0827  -2.0989   1.0922  -1.9850
  1.0820  -2.0963   1.0988  -1.9849
  1.0813  -2.0938   1.1053  -1.9846
  1.0807  -2.0912   1.1115  -1.9840
  1.0800  -2.0887   1.1176  -1.9833
  1.0794  -2.0863   1.1235  -1.9824
  1.0787  -2.0839   1.1291  -1.9812
  1.0781  -2.0815   1.1346  -1.9799
  1.0776  -2.0792   1.1398  -1.9783
  1.0770  -2.0769   1.1448  -1.9766
  1.0764  -2.0747   1.1496  -1.9746
  1.0759  -2.0725   1.1542  -1.9724
  1.0754  -2.0704   1.1585  -1.9701
  1.0749  -2.0683   1.1626  -1.9675
  1.0745  -2.0663   1.1664  -1.9646
  1.0740  -2.0644   1.1700  -1.9616
  1.0736  -2.0626   1.1734  -1.9584
  1.0732  -2.0608   1.1765  -1.9549
  1.0728  -2.0591   1.1793  -1.9512
  1.0724  -2.0575   1.1819  -1.9473
  1.0721  -2.0559   1.1842  -1.9432
  1.0718  -2.0545   1.1863  -1.9388
  1.0715  -2.0532   1.1881  -1.9343
  1.0713  -2.0519   1.1895  -1.9295
  1.0710  -2.0508   1.1908  -1.9245
  1.0708  -2.0498   1.1917  -1.9192
  1.0707  -2.0489   1.1923  -1.9137
  1.0705  -2.0481   1.1927  -1.9080
  1.0704  -2.0475   1.1927  -1.9020
  1.0703  -2.0470   1.1925  -1.8958
  1.0703  -2.0467   1.1920  -1.8894
  1.0702  -2.0465   1.1911  -1.8827
  1.0702  -2.0465   1.1911  -1.8827
  1.0702  -2.0465   1.1900  -1.8758
  1.0700  -2.0463   1.1886  -1.8705
  1.0694  -2.0459   1.1871  -1.8670
  1.0686  -2.0453   1.1854  -1.8651
  1.0675  -2.0446   1.1835  -1.8644
  1.0661  -2.0438   1.1813  -1.8649
  1.0645  -2.0429   1.1790  -1.8663
  1.0627  -2.0420   1.1764  -1.8686
  1.0606  -2.0410   1.1736  -1.8716
  1.0583  -2.0399   1.1705  -1.8751
  1.0559  -2.0389   1.1673  -1.8792
  1.0532  -2.0378   1.1638  -1.8837
  1.0503  -2.0368   1.1601  -1.8886
  1.0473  -2.0357   1.1562  -1.8938
  1.0442  -2.0346   1.1520  -1.8993
  1.0408  -2.0335   1.1477  -1.9050
  1.0374  -2.0324   1.1431  -1.9109
  1.0338  -2.0313   1.1384  -1.9170
  1.0301  -2.0302   1.1334  -1.9232
  1.0263  -2.0290   1.1283  -1.9296
  1.0224  -2.0279   1.1229  -1.9360
  1.0185  -2.0267   1.1174  -1.9426
  1.0144  -2.0255   1.1117  -1.9492
  1.0103  -2.0243   1.1058  -1.9558
  1.0061  -2.0230   1.0998  -1.9625
  1.0019  -2.0218   1.0936  -1.9692
  0.9976  -2.0205   1.0873  -1.9760
  0.9933  -2.0192   1.0809  -1.9827
  0.9890  -2.0178   1.0743  -1.9894
  0.9847  -2.0164   1.0676  -1.9962
  0.9803  -2.0150   1.0608  -2.0029
  0.9760  -2.0135   1.0539  -2.0096
  0.9717  -2.0120   1.0469  -2.0162
  0.9673  -2.0105   1.0398  -2.0228
  0.9630  -2.0090   1.0327  -2.0294
  0.9588  -2.0074   1.0255  -2.0360
  0.9545  -2.0058   1.0183  -2.0424
  0.9503  -2.0041   1.0110  -2.0489
  0.9462  -2.0024   1.0037  -2.0552
  0.9421  -2.0007   0.9964  -2.0615
  0.9381  -1.9990   0.9891  -2.0678
  0.9342  -1.9973   0.9819  -2.0739
  0.9303  -1.9955   0.9746  -2.0800
  0.9265  -1.9937   0.9674  -2.0861
  0.9228  -1.9919   0.9603  -2.0920
  0.9192  -1.9901   0.9532  -2.0979
  0.9157  -1.9883   0.9463  -2.1037
  0.9122  -1.9864   0.9394  -2.1094
  0.9089  -1.9846   0.9326  -2.1151
  0.9058  -1.9828   0.9260  -2.1207
  0.9027  -1.9810   0.9196  -2.1261
  0.8997  -1.9792   0.9133  -2.1315
  0.8969  -1.9774   0.9072  -2.1369
  0.8943  -1.9757   0.9013  -2.1421
  0.8917  -1.9740   0.8956  -2.1472
  0.8893  -1.9723   0.8902  -2.1522
  0.8871  -1.9707   0.8850  -2.1571
  0.8850  -1.9691   0.8801  -2.1619
  0.8830  -1.9676   0.8755  -2.1665
  0.8812  -1.9662   0.8712  -2.1709
  0.8796  -1.9648   0.8672  -2.1752
  0.8781  -1.9636   0.8636  -2.1792
  0.8769  -1.9624   0.8604  -2.1830
  0.8757  -1.9614   0.8575  -2.1865
  0.8748  -1.9605   0.8551  -2.1896
  0.8740  -1.9597   0.8531  -2.1923
  0.8735  -1.9591   0.8516  -2.1945
  0.8731  -1.9587   0.8506  -2.1961
  0.8731  -1.9587   0.8506  -2.1961
  0.8791  -1.9648   0.8500  -2.1970
  0.8851  -1.9706   0.8496  -2.1980
  0.8912  -1.9761   0.8495  -2.1991
  0.8973  -1.9812   0.8497  -2.2004
  0.9035  -1.9860   0.8501  -2.2018
  0.9097  -1.9904   0.8508  -2.2033
  0.9160  -1.9945   0.8517  -2.2050
  0.9223  -1.9982   0.8529  -2.2067
  0.9286  -2.0016   0.8543  -2.2086
  0.9349  -2.0047   0.8559  -2.2106
  0.9413  -2.0074   0.8578  -2.2126
  0.9477  -2.0098   0.8598  -2.2147
  0.9541  -2.0118   0.8621  -2.2169
  0.9605  -2.0136   0.8645  -2.2192
  0.9669  -2.0150   0.8671  -2.2215
  0.9733  -2.0161   0.8698  -2.2239
  0.9798  -2.0169   0.8727  -2.2264
  0.9862  -2.0174   0.8757  -2.2289
  0.9925  -2.0176   0.8789  -2.2314
  0.9989  -2.0176   0.8822  -2.2340
  1.0052  -2.0172   0.8856  -2.2366
  1.0115  -2.0166   0.8891  -2.2393
  1.0178  -2.0156   0.8927  -2.2420
  1.0241  -2.0144   0.8964  -2.2448
  1.0302  -2.0130   0.9002  -2.2475
  1.0364  -2.0112   0.9040  -2.2503
  1.0425  -2.0092   0.9080  -2.2532
  1.0485  -2.0069   0.9119  -2.2560
  1.0545  -2.0044   0.9160  -2.2589
  1.0604  -2.0016   0.9200  -2.2618
  1.0662  -1.9986   0.9242  -2.2647
  1.0720  -1.9953   0.9283  -2.2676
  1.0777  -1.9918   0.9325  -2.2705
  1.0833  -1.9880   0.9367  -2.2734
  1.0888  -1.9840   0.9409  -2.2764
  1.0942  -1.9798   0.9451  -2.2793
  1.0996  -1.9753   0.9492  -2.2822
  1.1049  -1.9707   0.9534  -2.2852
  1.1100  -1.9657   0.9576  -2.2881
  1.1151  -1.9606   0.9617  -2.2910
  1.1201  -1.9552   0.9658  -2.2939
  1.1249  -1.9497   0.9699  -2.2968
  1.1297  -1.9439   0.9739  -2.2997
  1.1344  -1.9379   0.9779  -2.3026
  1.1389  -1.9317   0.9818  -2.3054
  1.1434  -1.9253   0.9857  -2.3082
  1.1477  -1.9186   0.9895  -2.3110
  1.1519  -1.9118   0.9932  -2.3138
  1.1561  -1.9048   0.9968  -2.3165
  1.1601  -1.8976   1.0004  -2.3191
  1.1640  -1.8902   1.0038  -2.3217
  1.1677  -1.8826   1.0072  -2.3243
  1.1714  -1.8749   1.0104  -2.3268
  1.1749  -1.8669   1.0135  -2.3292
  1.1784  -1.8588   1.0165  -2.3316
  1.1817  -1.8504   1.0194  -2.3339
  1.1849  -1.8419   1.0222  -2.3361
  1.1879  -1.8333   1.0248  -2.3383
  1.1909  -1.8244   1.0272  -2.3403
  1.1937  -1.8154   1.0295  -2.3422
  1.1964  -1.8062   1.0317  -2.3441
  1.1990  -1.7968   1.0337  -2.3458
  1.2015  -1.7873   1.0355  -2.3474
  1.2038  -1.7776   1.0371  -2.3488
  1.2061  -1.7677   1.0386  -2.3502
  1.2082  -1.7577   1.0399  -2.3513
  1.2102  -1.7475   1.0409  -2.3523
  1.2121  -1.7372   1.0418  -2.3532
  1.2138  -1.7267   1.0425  -2.3538
  1.2154  -1.7160   1.0429  -2.3543
  1.2170  -1.7052   1.0431  -2.3545
  1.2170  -1.7052   1.0431  -2.3545
  1.2184  -1.6942   1.0431  -2.3545
  1.2198  -1.6862   1.0426  -2.3542
  1.2212  -1.6812   1.0415  -2.3535
  1.2225  -1.6789   1.0398  -2.3526
  1.2239  -1.6789   1.0375  -2.3513
  1.2251  -1.6808   1.0346  -2.3497
  1.2263  -1.6842   1.0313  -2.3479
  1.2274  -1.6891   1.0274  -2.3458
  1.2283  -1.6950   1.0231  -2.3435
  1.2291  -1.7019   1.0184  -2.3409
  1.2298  -1.7095   1.0132  -2.3380
  1.2303  -1.7178   1.0077  -2.3349
  1.2307  -1.7266   1.0018  -2.3316
  1.2309  -1.7358   0.9955  -2.3280
  1.2309  -1.7454   0.9889  -2.3241
  1.2308  -1.7553   0.9820  -2.3200
  1.2305  -1.7654   0.9749  -2.3155
  1.2300  -1.7757   0.9675  -2.3108
  1.2294  -1.7861   0.9598  -2.3058
  1.2286  -1.7967   0.9519  -2.3005
  1.2276  -1.8073   0.9439  -2.2950
  1.2265  -1.8180   0.9356  -2.2891
  1.2253  -1.8287   0.9272  -2.2829
  1.2238  -1.8394   0.9187  -2.2764
  1.2223  -1.8501   0.9100  -2.2695
  1.2206  -1.8608   0.9013  -2.2624
  1.2187  -1.8714   0.8924  -2.2549
  1.2167  -1.8820   0.8835  -2.2472
  1.2146  -1.8926   0.8746  -2.2391
  1.2124  -1.9031   0.8656  -2.2306
  1.2101  -1.9135   0.8565  -2.2219
  1.2076  -1.9238   0.8475  -2.2128
  1.2051  -1.9341   0.8385  -2.2033
  1.2024  -1.9442   0.8295  -2.1936
  1.1997  -1.9543   0.8206  -2.1835
  1.1969  -1.9642   0.8117  -2.1731
  1.1940  -1.9741   0.8029  -2.1624
  1.1911  -1.9838   0.7941  -2.1514
  1.1880  -1.9934   0.7855  -2.1400
  1.1850  -2.0029   0.7769  -2.1283
  1.1819  -2.0123   0.7685  -2.1164
  1.1787  -2.0216   0.7602  -2.1041
  1.1755  -2.0307   0.7520  -2.0915
  1.1723  -2.0397   0.7440  -2.0787
  1.1691  -2.0485   0.7361  -2.0656
  1.1659  -2.0572   0.7284  -2.0522
  1.1627  -2.0658   0.7209  -2.0386
  1.1595  -2.0742   0.7136  -2.0248
  1.1564  -2.0825   0.7064  -2.0107
  1.1533  -2.0906   0.6995  -1.9965
  1.1502  -2.0985   0.6928  -1.9821
  1.1472  -2.1063   0.6863  -1.9675
  1.1442  -2.1139   0.6800  -1.9529
  1.1413  -2.1213   0.6740  -1.9381
  1.1385  -2.1285   0.6682  -1.9234
  1.1359  -2.1354   0.6627  -1.9087
  1.1333  -2.1422   0.6575  -1.8940
  1.1308  -2.1487   0.6526  -1.8795
  1.1285  -2.1550   0.6479  -1.8652
  1.1263  -2.1609   0.6436  -1.8513
  1.1243  -2.1666   0.6395  -1.8377
  1.1224  -2.1718   0.6358  -1.8247
  1.1207  -2.1767   0.6325  -1.8125
  1.1192  -2.1811   0.6296  -1.8011
  1.1180  -2.1851   0.6270  -1.7908
  1.1169  -2.1884   0.6249  -1.7819
  1.1161  -2.1911   0.6233  -1.7746
  1.1156  -2.1930   0.6221  -1.7693
  1.1153  -2.1940   0.6215  -1.7664
  1.1153  -2.1940   0.6215  -1.7664
  1.1153  -2.1940   0.6332  -1.7747
  1.1153  -2.1937   0.6447  -1.7828
  1.1153  -2.1933   0.6563  -1.7908
  1.1152  -2.1927   0.6677  -1.7986
  1.1150  -2.1919   0.6791  -1.8063
  1.1149  -2.1909   0.6905  -1.8138
  1.1146  -2.1898   0.7017  -1.8212
  1.1144  -2.1886   0.7130  -1.8283
  1.1140  -2.1872   0.7241  -1.8354
  1.1137  -2.1857   0.7352  -1.8422
  1.1133  -2.1841   0.7463  -1.8489
  1.1129  -2.1824   0.7572  -1.8555
  1.1124  -2.1805   0.7681  -1.8619
  1.1119  -2.1786   0.7790  -1.8681
  1.1114  -2.1767   0.7897  -1.8741
  1.1109  -2.1746   0.8004  -1.8800
  1.1103  -2.1725   0.8110  -1.8857
  1.1097  -2.1703   0.8215  -1.8913
  1.1091  -2.1681   0.8320  -1.8967
  1.1084  -2.1658   0.8424  -1.9019
  1.1078  -2.1635   0.8527  -1.9070
  1.1071  -2.1611   0.8629  -1.9119
  1.1064  -2.1587   0.8730  -1.9166
  1.1056  -2.1562   0.8830  -1.9212
  1.1049  -2.1537   0.8930  -1.9255
  1.1042  -2.1512   0.9028  -1.9297
  1.1034  -2.1487   0.9125  -1.9338
  1.1026  -2.1461   0.9222  -1.9376
  1.1018  -2.1436   0.9317  -1.9413
  1.1010  -2.1410   0.9411  -1.9448
  1.1002  -2.1384   0.9504  -1.9481
  1.0994  -2.1358   0.9596  -1.9513
  1.0986  -2.1332   0.9687  -1.9543
  1.0977  -2.1306   0.9777  -1.9570
  1.0969  -2.1279   0.9865  -1.9596
  1.0961  -2.1253   0.9952  -1.9621
  1.0953  -2.1227   1.0038  -1.9643
  1.0944  -2.1201   1.0122  -1.9664
  1.0936  -2.1175   1.0205  -1.9682
  1.0928  -2.1149   1.0287  -1.9699
  1.0919  -2.1123   1.0366  -1.9714
  1.0911  -2.1098   1.0445  -1.9727
  1.0903  -2.1072   1.0522  -1.9738
  1.0895  -2.1047   1.0597  -1.9747
  1.0887  -2.1022   1.0671  -1.9754
  1.0879  -2.0997   1.0742  -1.9759
  1.0871  -2.0972   1.0813  -1.9762
  1.0863  -2.0948   1.0881  -1.9764
  1.0856  -2.0924   1.0947  -1.9763
  1.0848  -2.0900   1.1012  -1.9760
  1.0841  -2.0876   1.1075  -1.9755
  1.0834  -2.0853   1.1136  -1.9749
  1.0827  -2.0830   1.1194  -1.9740
  1.0820  -2.0808   1.1251  -1.9729
  1.0813  -2.0786   1.1305  -1.9716
  1.0807  -2.0764   1.1358  -1.9701
  1.0800  -2.0743   1.1408  -1.9684
  1.0794  -2.0722   1.1456  -1.9665
  1.0788  -2.0702   1.1502  -1.9644
  1.0782  -2.0683   1.1545  -1.9620
  1.0777  -2.0664   1.1586  -1.9595
  1.0771  -2.0645   1.1625  -1.9567
  1.0766  -2.0627   1.1661  -1.9537
  1.0762  -2.0610   1.1694  -1.9505
  1.0757  -2.0594   1.1725  -1.9471
  1.0753  -2.0578   1.1754  -1.9435
  1.0749  -2.0563   1.1780  -1.9396
  1.0745  -2.0549   1.1803  -1.9355
  1.0741  -2.0536   1.1824  -1.9312
  1.0738  -2.0524   1.1841  -1.9267
  1.0735  -2.0512   1.1856  -1.9219
  1.0732  -2.0502   1.1868  -1.9169
  1.0730  -2.0493   1.1878  -1.9117
  1.0728  -2.0485   1.1884  -1.9063
  1.0726  -2.0478   1.1888  -1.9006
  1.0725  -2.0472   1.1888  -1.8946
  1.0724  -2.0468   1.1886  -1.8885
  1.0723  -2.0465   1.1881  -1.8821
  1.0723  -2.0463   1.1872  -1.8754
  1.0723  -2.0463   1.1872  -1.8754
  1.0723  -2.0463   1.1860  -1.8685
  1.0720  -2.0461   1.1847  -1.8633
  1.0715  -2.0457   1.1832  -1.8598
  1.0706  -2.0451   1.1815  -1.8579
  1.0695  -2.0445   1.1796  -1.8574
  1.0681  -2.0437   1.1775  -1.8579
  1.0665  -2.0428   1.1751  -1.8595
  1.0646  -2.0419   1.1726  -1.8618
  1.0625  -2.0410   1.1698  -1.8649
  1.0602  -2.0400   1.1668  -1.8685
  1.0577  -2.0390   1.1636  -1.8727
  1.0550  -2.0379   1.1602  -1.8773
  1.0521  -2.0369   1.1565  -1.8823
  1.0490  -2.0358   1.1526  -1.8877
  1.0458  -2.0348   1.1485  -1.8932
  1.0424  -2.0337   1.1442  -1.8991
  1.0389  -2.0326   1.1397  -1.9051
  1.0352  -2.0315   1.1350  -1.9113
  1.0315  -2.0303   1.1301  -1.9176
  1.0276  -2.0292   1.1250  -1.9241
  1.0236  -2.0280   1.1197  -1.9306
  1.0196  -2.0268   1.1142  -1.9373
  1.0154  -2.0256   1.1086  -1.9440
  1.0112  -2.0243   1.1028  -1.9508
  1.0069  -2.0230   1.0968  -1.9576
  1.0026  -2.0217   1.0907  -1.9644
  0.9982  -2.0204   1.0845  -1.9712
  0.9938  -2.0190   1.0781  -1.9781
  0.9894  -2.0175   1.0716  -1.9849
  0.9850  -2.0160   1.0649  -1.9918
  0.9805  -2.0145   1.0582  -1.9986
  0.9760  -2.0130   1.0514  -2.0054
  0.9716  -2.0114   1.0444  -2.0122
  0.9671  -2.0097   1.0374  -2.0189
  0.9627  -2.0081   1.0304  -2.0256
  0.9583  -2.0063   1.0232  -2.0322
  0.9540  -2.0046   1.0161  -2.0388
  0.9497  -2.0028   1.0089  -2.0454
  0.9454  -2.0009   1.0017  -2.0519
  0.9412  -1.9991   0.9944  -2.0583
  0.9371  -1.9972   0.9872  -2.0646
  0.9330  -1.9952   0.9800  -2.0709
  0.9290  -1.9933   0.9728  -2.0772
  0.9251  -1.9913   0.9657  -2.0833
  0.9213  -1.9893   0.9586  -2.0894
  0.9175  -1.9873   0.9516  -2.0954
  0.9139  -1.9852   0.9447  -2.1014
  0.9104  -1.9832   0.9379  -2.1072
  0.9070  -1.9811   0.9312  -2.1130
  0.9037  -1.9791   0.9247  -2.1187
  0.9005  -1.9770   0.9183  -2.1243
  0.8975  -1.9750   0.9121  -2.1299
  0.8946  -1.9730   0.9060  -2.1353
  0.8918  -1.9710   0.9002  -2.1407
  0.8891  -1.9690   0.8945  -2.1459
  0.8867  -1.9671   0.8891  -2.1510
  0.8843  -1.9652   0.8840  -2.1561
  0.8821  -1.9634   0.8791  -2.1609
  0.8801  -1.9617   0.8746  -2.1657
  0.8782  -1.9600   0.8703  -2.1703
  0.8766  -1.9584   0.8664  -2.1746
  0.8750  -1.9569   0.8628  -2.1788
  0.8737  -1.9555   0.8596  -2.1827
  0.8725  -1.9543   0.8568  -2.1862
  0.8716  -1.9532   0.8544  -2.1894
  0.8708  -1.9522   0.8525  -2.1922
  0.8702  -1.9515   0.8510  -2.1945
  0.8698  -1.9510   0.8500  -2.1961
  0.8698  -1.9510   0.8500  -2.1961
  0.8757  -1.9572   0.8493  -2.1969
  0.8818  -1.9630   0.8490  -2.1980
  0.8879  -1.9685   0.8489  -2.1991
  0.8940  -1.9736   0.8491  -2.2004
  0.9002  -1.9784   0.8496  -2.2018
  0.9064  -1.9828   0.8503  -2.2033
  0.9127  -1.9868   0.8513  -2.2050
  0.9190  -1.9905   0.8525  -2.2067
  0.9253  -1.9939   0.8539  -2.2085
  0.9317  -1.9969   0.8556  -2.2104
  0.9380  -1.9996   0.8575  -2.2124
  0.9444  -2.0019   0.8595  -2.2145
  0.9508  -2.0040   0.8618  -2.2167
  0.9573  -2.0057   0.8642  -2.2189
  0.9637  -2.0071   0.8667  -2.2212
  0.9701  -2.0082   0.8695  -2.2235
  0.9765  -2.0090   0.8724  -2.2259
  0.9829  -2.0095   0.8754  -2.2284
  0.9893  -2.0097   0.8785  -2.2309
  0.9957  -2.0096   0.8818  -2.2335
  1.0020  -2.0092   0.8852  -2.2361
  1.0083  -2.0085   0.8887  -2.2387
  1.0146  -2.0076   0.8923  -2.2414
  1.0208  -2.0063   0.8959  -2.2441
  1.0270  -2.0048   0.8997  -2.2468
  1.0331  -2.0031   0.9035  -2.2496
  1.0392  -2.0010   0.9074  -2.2524
  1.0453  -1.9988   0.9113  -2.2552
  1.0512  -1.9962   0.9153  -2.2581
  1.0571  -1.9934   0.9194  -2.2609
  1.0630  -1.9903   0.9234  -2.2638
  1.0687  -1.9870   0.9275  -2.2667
  1.0744  -1.9835   0.9317  -2.2697
  1.0800  -1.9797   0.9358  -2.2726
  1.0856  -1.9757   0.9400  -2.2755
  1.0910  -1.9714   0.9441  -2.2785
  1.0963  -1.9669   0.9483  -2.2814
  1.1016  -1.9622   0.9524  -2.2844
  1.1068  -1.9573   0.9565  -2.2873
  1.1119  -1.9521   0.9606  -2.2903
  1.1168  -1.9467   0.9647  -2.2932
  1.1217  -1.9411   0.9687  -2.2961
  1.1265  -1.9353   0.9727  -2.2990
  1.1312  -1.9293   0.9766  -2.3019
  1.1357  -1.9230   0.9805  -2.3048
  1.1402  -1.9166   0.9843  -2.3076
  1.1445  -1.9099   0.9880  -2.3104
  1.1488  -1.9031   0.9917  -2.3132
  1.1529  -1.8960   0.9953  -2.3160
  1.1569  -1.8888   0.9988  -2.3187
  1.1608  -1.8814   1.0022  -2.3213
  1.1646  -1.8738   1.0055  -2.3239
  1.1683  -1.8660   1.0087  -2.3264
  1.1718  -1.8580   1.0118  -2.3289
  1.1753  -1.8498   1.0148  -2.3313
  1.1786  -1.8414   1.0176  -2.3337
  1.1818  -1.8329   1.0203  -2.3359
  1.1849  -1.8242   1.0229  -2.3381
  1.1878  -1.8153   1.0253  -2.3402
  1.1907  -1.8062   1.0276  -2.3421
  1.1934  -1.7970   1.0297  -2.3440
  1.1960  -1.7876   1.0317  -2.3458
  1.1985  -1.7780   1.0335  -2.3474
  1.2009  -1.7683   1.0351  -2.3489
  1.2031  -1.7584   1.0365  -2.3502
  1.2052  -1.7483   1.0378  -2.3514
  1.2073  -1.7380   1.0388  -2.3524
  1.2092  -1.7277   1.0397  -2.3533
  1.2109  -1.7171   1.0403  -2.3539
  1.2126  -1.7064   1.0408  -2.3544
  1.2141  -1.6955   1.0410  -2.3546
  1.2141  -1.6955   1.0410  -2.3546
  1.2155  -1.6845   1.0410  -2.3546
  1.2169  -1.6764   1.0405  -2.3542
  1.2184  -1.6714   1.0394  -2.3534
  1.2198  -1.6691   1.0377  -2.3522
  1.2211  -1.6691   1.0355  -2.3505
  1.2224  -1.6709   1.0327  -2.3484
  1.2236  -1.6744   1.0294  -2.3462
  1.2247  -1.6793   1.0257  -2.3436
  1.2256  -1.6852   1.0214  -2.3408
  1.2264  -1.6921   1.0168  -2.3378
  1.2271  -1.6998   1.0117  -2.3345
  1.2276  -1.7081   1.0063  -2.3310
  1.2279  -1.7169   1.0005  -2.3272
  1.2281  -1.7262   0.9944  -2.3232
  1.2281  -1.7358   0.9879  -2.3189
  1.2280  -1.7458   0.9812  -2.3143
  1.2277  -1.7559   0.9742  -2.3095
  1.2272  -1.7663   0.9669  -2.3044
  1.2266  -1.7768   0.9594  -2.2991
  1.2258  -1.7874   0.9517  -2.2935
  1.2248  -1.7980   0.9439  -2.2875
  1.2237  -1.8088   0.9358  -2.2814
  1.2224  -1.8195   0.9276  -2.2749
  1.2210  -1.8303   0.9193  -2.2681
  1.2194  -1.8411   0.9108  -2.2611
  1.2177  -1.8519   0.9023  -2.2537
  1.2159  -1.8626   0.8936  -2.2461
  1.2139  -1.8733   0.8850  -2.2381
  1.2118  -1.8839   0.8762  -2.2299
  1.2096  -1.8945   0.8674  -2.2213
  1.2073  -1.9050   0.8586  -2.2125
  1.2049  -1.9155   0.8498  -2.2033
  1.2024  -1.9259   0.8410  -2.1939
  1.1997  -1.9361   0.8323  -2.1841
  1.1970  -1.9463   0.8235  -2.1740
  1.1943  -1.9564   0.8148  -2.1637
  1.1914  -1.9664   0.8062  -2.1530
  1.1885  -1.9763   0.7977  -2.1421
  1.1855  -1.9861   0.7892  -2.1309
  1.1825  -1.9958   0.7808  -2.1194
  1.1795  -2.0054   0.7726  -2.1076
  1.1764  -2.0148   0.7645  -2.0956
  1.1732  -2.0241   0.7565  -2.0832
  1.1701  -2.0333   0.7486  -2.0707
  1.1670  -2.0424   0.7409  -2.0579
  1.1638  -2.0513   0.7334  -2.0448
  1.1607  -2.0601   0.7260  -2.0316
  1.1576  -2.0688   0.7188  -2.0181
  1.1545  -2.0773   0.7118  -2.0044
  1.1514  -2.0857   0.7050  -1.9906
  1.1484  -2.0939   0.6985  -1.9766
  1.1454  -2.1020   0.6921  -1.9625
  1.1425  -2.1098   0.6860  -1.9483
  1.1397  -2.1175   0.6800  -1.9341
  1.1370  -2.1250   0.6744  -1.9199
  1.1344  -2.1323   0.6690  -1.9056
  1.1318  -2.1394   0.6638  -1.8915
  1.1294  -2.1462   0.6590  -1.8775
  1.1272  -2.1528   0.6544  -1.8638
  1.1250  -2.1590   0.6501  -1.8503
  1.1230  -2.1650   0.6462  -1.8373
  1.1212  -2.1705   0.6426  -1.8249
  1.1196  -2.1757   0.6393  -1.8131
  1.1181  -2.1804   0.6364  -1.8022
  1.1169  -2.1845   0.6339  -1.7923
  1.1159  -2.1880   0.6318  -1.7837
  1.1151  -2.1909   0.6302  -1.7768
  1.1146  -2.1929   0.6291  -1.7717
  1.1143  -2.1940   0.6285  -1.7689
  1.1143  -2.1940   0.6285  -1.7689
