  6.3584   0.8890  11.9043  15.9598
  6.8252   1.1624  13.1703  17.0616
  6.7987   1.2081  13.2094  17.1327
  6.7321   1.2318  13.1345  17.1225
  6.6642   1.2547  13.0514  17.1066
  6.5973   1.2780  12.9683  17.0907
  6.5312   1.3016  12.8854  17.0749
  6.4658   1.3256  12.8027  17.0592
  6.4012   1.3499  12.7203  17.0437
  6.3373   1.3744  12.6381  17.0283
  6.2741   1.3993  12.5562  17.0130
  6.2115   1.4244  12.4745  16.9978
  6.1497   1.4498  12.3931  16.9827
  6.0885   1.4754  12.3120  16.9678
  6.0281   1.5013  12.2311  16.9529
  5.9682   1.5274  12.1504  16.9381
  5.9090   1.5537  12.0701  16.9235
  5.8505   1.5802  11.9900  16.9089
  5.7925   1.6070  11.9102  16.8944
  5.7352   1.6340  11.8306  16.8799
  5.6785   1.6611  11.7513  16.8656
  5.6224   1.6885  11.6723  16.8513
  5.5669   1.7160  11.5936  16.8371
  5.5120   1.7438  11.5152  16.8229
  5.4577   1.7717  11.4370  16.8088
  5.4039   1.7997  11.3591  16.7947
  5.3507   1.8279  11.2816  16.7807
  5.2980   1.8563  11.2042  16.7668
  5.2459   1.8849  11.1272  16.7528
  5.1938   1.9107  11.0505  16.7389
  5.1441   1.9460  10.9740  16.7251
  5.0945   1.9800  10.8979  16.7113
  5.0455   2.0139  10.8220  16.6975
  4.9967   2.0480  10.7464  16.6837
  4.9491   2.0818  10.6712  16.6699
  4.9025   2.1164  10.5962  16.6561
  4.8562   2.1510  10.5215  16.6424
  4.8103   2.1856  10.4471  16.6286
  4.7649   2.2204  10.3730  16.6149
  4.7198   2.2552  10.2992  16.6011
  4.6754   2.2901  10.2257  16.5873
  4.6313   2.3252  10.1525  16.5735
  4.5880   2.3604  10.0796  16.5597
  4.5448   2.3956  10.0070  16.5459
  4.5022   2.4310   9.9347  16.5320
  4.4600   2.4664   9.8627  16.5181
  4.4183   2.5018   9.7910  16.5042
  4.3770   2.5373   9.7196  16.4902
  4.3360   2.5729   9.6485  16.4762
  4.2956   2.6085   9.5778  16.4621
  4.2555   2.6442   9.5073  16.4480
  4.2158   2.6800   9.4371  16.4338
  4.1765   2.7157   9.3673  16.4196
  4.1377   2.7516   9.2977  16.4053
  4.0992   2.7874   9.2285  16.3910
  4.0611   2.8233   9.1596  16.3766
  4.0234   2.8593   9.0909  16.3621
  3.9861   2.8953   9.0226  16.3475
  3.9491   2.9313   8.9546  16.3329
  3.9126   2.9673   8.8870  16.3182
  3.8764   3.0034   8.8196  16.3034
  3.8405   3.0395   8.7525  16.2885
  3.8051   3.0756   8.6858  16.2735
  3.7699   3.1117   8.6193  16.2584
  3.7351   3.1479   8.5532  16.2432
  3.7007   3.1840   8.4874  16.2279
  3.6667   3.2202   8.4219  16.2125
  3.6339   3.2562   8.3567  16.1970
  3.5991   3.2922   8.2918  16.1814
  3.5669   3.3284   8.2273  16.1656
  3.5300   3.3650   8.1631  16.1498
  3.4961   3.4011   8.0991  16.1338
  3.4586   3.4378   8.0356  16.1177
  3.4205   3.4745   7.9723  16.1015
  3.3823   3.5113   7.9093  16.0851
  3.3444   3.5480   7.8467  16.0686
  3.3067   3.5848   7.7844  16.0520
  3.2692   3.6215   7.7224  16.0352
  3.2321   3.6583   7.6607  16.0183
  3.1953   3.6950   7.5994  16.0012
  3.1588   3.7317   7.5384  15.9840
  3.1227   3.7683   7.4776  15.9667
  3.0868   3.8050   7.4173  15.9492
  3.0513   3.8416   7.3572  15.9315
  3.0162   3.8782   7.2974  15.9137
  2.9813   3.9147   7.2380  15.8957
  2.9468   3.9513   7.1789  15.8776
  2.9126   3.9878   7.1202  15.8593
  2.8787   4.0243   7.0617  15.8408
  2.8451   4.0607   7.0036  15.8222
  2.8119   4.0971   6.9458  15.8034
  2.7790   4.1335   6.8883  15.7844
  2.7463   4.1698   6.8312  15.7653
  2.7140   4.2061   6.7743  15.7459
  2.6820   4.2424   6.7179  15.7264
  2.6503   4.2787   6.6617  15.7068
  2.6189   4.3149   6.6059  15.6869
  2.5878   4.3511   6.5504  15.6669
  2.5570   4.3872   6.4952  15.6466
  2.5265   4.4234   6.4404  15.6262
  2.4963   4.4595   6.3859  15.6056
  2.4664   4.4955   6.3317  15.5849
  2.4368   4.5316   6.2779  15.5639
  2.4074   4.5676   6.2244  15.5428
  2.3784   4.6037   6.1712  15.5215
  2.3496   4.6397   6.1184  15.5000
  2.3212   4.6757   6.0659  15.4783
  2.2930   4.7118   6.0138  15.4565
  2.2651   4.7478   5.9620  15.4345
  2.2375   4.7839   5.9106  15.4124
  2.2102   4.8201   5.8595  15.3901
  2.1833   4.8564   5.8088  15.3677
  2.1566   4.8928   5.7585  15.3452
  2.1302   4.9294   5.7086  15.3226
  2.1042   4.9663   5.6591  15.3001
  2.0786   5.0036   5.6102  15.2775
  2.0536   5.0417   5.5618  15.2552
  2.0293   5.0811   5.5142  15.2333
  2.0069   5.1233   5.4684  15.2123
  0.0000   0.0000   0.0000   0.0000
  1.4340  -1.2523  11.5942  12.5199
  1.5193  -1.2398  12.8992  13.5405
  1.4832  -1.1204  13.0671  13.6650
  1.4377  -1.0031  13.1229  13.7073
  1.3933  -0.8967  13.1686  13.7421
  1.3509  -0.8007  13.2143  13.7764
  1.3105  -0.7141  13.2607  13.8108
  1.2718  -0.6362  13.3080  13.8453
  1.2347  -0.5659  13.3561  13.8801
  1.1989  -0.5026  13.4051  13.9150
  1.1644  -0.4456  13.4548  13.9501
  1.1309  -0.3941  13.5054  13.9853
  1.0983  -0.3477  13.5568  14.0208
  1.0665  -0.3059  13.6090  14.0564
  1.0353  -0.2681  13.6620  14.0922
  1.0047  -0.2339  13.7158  14.1282
  0.9746  -0.2031  13.7704  14.1644
  0.9448  -0.1751  13.8258  14.2008
  0.9154  -0.1499  13.8820  14.2374
  0.8861  -0.1270  13.9390  14.2741
  0.8570  -0.1062  13.9967  14.3111
  0.8281  -0.0874  14.0552  14.3483
  0.7991  -0.0703  14.1145  14.3857
  0.7702  -0.0548  14.1745  14.4232
  0.7412  -0.0408  14.2353  14.4610
  0.7122  -0.0280  14.2968  14.4990
  0.6831  -0.0163  14.3590  14.5371
  0.6538  -0.0057  14.4220  14.5755
  0.6244   0.0039  14.4856  14.6141
  0.5947   0.0126  14.5500  14.6529
  0.5649   0.0205  14.6151  14.6919
  0.5349   0.0277  14.6808  14.7310
  0.5046   0.0342  14.7472  14.7704
  0.4741   0.0401  14.8143  14.8101
  0.4433   0.0455  14.8821  14.8499
  0.4122   0.0503  14.9505  14.8899
  0.3808   0.0545  15.0195  14.9301
  0.3492   0.0584  15.0892  14.9705
  0.3173   0.0618  15.1595  15.0112
  0.2850   0.0648  15.2303  15.0520
  0.2525   0.0674  15.3018  15.0931
  0.2197   0.0696  15.3739  15.1343
  0.1866   0.0715  15.4465  15.1758
  0.1531   0.0731  15.5197  15.2175
  0.1194   0.0744  15.5934  15.2593
  0.0853   0.0753  15.6677  15.3014
  0.0509   0.0760  15.7425  15.3437
  0.0163   0.0764  15.8178  15.3862
 -0.0187   0.0765  15.8936  15.4289
 -0.0539   0.0764  15.9699  15.4718
 -0.0895   0.0760  16.0466  15.5149
 -0.1253   0.0754  16.1238  15.5582
 -0.1615   0.0745  16.2015  15.6017
 -0.1979   0.0734  16.2796  15.6454
 -0.2346   0.0721  16.3580  15.6893
 -0.2716   0.0706  16.4369  15.7334
 -0.3089   0.0688  16.5162  15.7778
 -0.3464   0.0668  16.5958  15.8223
 -0.3842   0.0646  16.6758  15.8670
 -0.4222   0.0623  16.7561  15.9119
 -0.4605   0.0597  16.8367  15.9571
 -0.4991   0.0569  16.9176  16.0024
 -0.5379   0.0539  16.9988  16.0479
 -0.5770   0.0507  17.0803  16.0937
 -0.6163   0.0474  17.1620  16.1396
 -0.6558   0.0438  17.2440  16.1858
 -0.6956   0.0402  17.3261  16.2321
 -0.7356   0.0363  17.4085  16.2787
 -0.7758   0.0323  17.4910  16.3255
 -0.8163   0.0282  17.5737  16.3724
 -0.8570   0.0239  17.6565  16.4196
 -0.8979   0.0195  17.7394  16.4670
 -0.9390   0.0151  17.8224  16.5146
 -0.9803   0.0105  17.9055  16.5624
 -1.0219   0.0059  17.9886  16.6104
 -1.0636   0.0012  18.0718  16.6587
 -1.1056  -0.0035  18.1550  16.7072
 -1.1477  -0.0082  18.2381  16.7558
 -1.1901  -0.0129  18.3212  16.8047
 -1.2327  -0.0175  18.4042  16.8539
 -1.2755  -0.0220  18.4872  16.9032
 -1.3185  -0.0264  18.5700  16.9528
 -1.3617  -0.0306  18.6527  17.0027
 -1.4051  -0.0346  18.7353  17.0527
 -1.4487  -0.0382  18.8176  17.1030
 -1.4925  -0.0415  18.8997  17.1536
 -1.5365  -0.0444  18.9816  17.2044
 -1.5806  -0.0467  19.0632  17.2554
 -1.6250  -0.0485  19.1445  17.3068
 -1.6696  -0.0495  19.2255  17.3584
 -1.7143  -0.0498  19.3061  17.4102
 -1.7593  -0.0491  19.3863  17.4623
 -1.8044  -0.0474  19.4660  17.5147
 -1.8497  -0.0445  19.5453  17.5674
 -1.8951  -0.0401  19.6241  17.6204
 -1.9406  -0.0343  19.7023  17.6736
 -1.9863  -0.0267  19.7799  17.7271
 -2.0321  -0.0171  19.8567  17.7808
  0.2748   0.2442   9.4046  21.1358
  0.2892   0.2313  10.6426  22.6796
  0.2911   0.2077  10.6995  22.8591
  0.2925   0.1854  10.6250  22.9254
  0.2939   0.1647  10.5372  22.9813
  0.2951   0.1456  10.4477  23.0354
  0.2964   0.1280  10.3577  23.0885
  0.2976   0.1117  10.2673  23.1409
  0.2989   0.0967  10.1764  23.1924
  0.3001   0.0828  10.0853  23.2430
  0.3014   0.0700   9.9937  23.2927
  0.3026   0.0582   9.9019  23.3416
  0.3039   0.0473   9.8098  23.3896
  0.3053   0.0372   9.7174  23.4366
  0.3066   0.0280   9.6247  23.4828
  0.3081   0.0195   9.5319  23.5280
  0.3095   0.0117   9.4389  23.5722
  0.3111   0.0045   9.3457  23.6155
  0.3127  -0.0021   9.2524  23.6578
  0.3144  -0.0082   9.1589  23.6991
  0.3162  -0.0137   9.0655  23.7395
  0.3181  -0.0188   8.9719  23.7788
  0.3200  -0.0235   8.8784  23.8171
  0.3221  -0.0278   8.7850  23.8543
  0.3242  -0.0317   8.6916  23.8906
  0.3265  -0.0353   8.5983  23.9257
  0.3288  -0.0385   8.5052  23.9598
  0.3313  -0.0415   8.4122  23.9929
  0.3339  -0.0442   8.3195  24.0248
  0.3367  -0.0467   8.2271  24.0557
  0.3395  -0.0489   8.1349  24.0854
  0.3425  -0.0509   8.0431  24.1141
  0.3456  -0.0528   7.9517  24.1416
  0.3489  -0.0545   7.8608  24.1680
  0.3523  -0.0560   7.7703  24.1932
  0.3559  -0.0574   7.6803  24.2173
  0.3597  -0.0586   7.5909  24.2403
  0.3635  -0.0597   7.5021  24.2620
  0.3676  -0.0608   7.4139  24.2827
  0.3718  -0.0617   7.3264  24.3021
  0.3762  -0.0626   7.2397  24.3204
  0.3808  -0.0634   7.1537  24.3374
  0.3856  -0.0642   7.0686  24.3533
  0.3905  -0.0649   6.9843  24.3680
  0.3957  -0.0656   6.9009  24.3815
  0.4010  -0.0662   6.8184  24.3937
  0.4065  -0.0669   6.7370  24.4048
  0.4123  -0.0675   6.6565  24.4146
  0.4182  -0.0682   6.5772  24.4232
  0.4244  -0.0688   6.4989  24.4305
  0.4308  -0.0695   6.4218  24.4366
  0.4374  -0.0702   6.3459  24.4415
  0.4442  -0.0710   6.2712  24.4451
  0.4513  -0.0719   6.1977  24.4475
  0.4586  -0.0728   6.1256  24.4486
  0.4662  -0.0738   6.0547  24.4485
  0.4740  -0.0748   5.9853  24.4471
  0.4820  -0.0760   5.9172  24.4444
  0.4903  -0.0773   5.8506  24.4404
  0.4989  -0.0788   5.7854  24.4351
  0.5077  -0.0804   5.7217  24.4286
  0.5168  -0.0821   5.6595  24.4207
  0.5262  -0.0841   5.5989  24.4115
  0.5358  -0.0862   5.5398  24.4010
  0.5458  -0.0885   5.4823  24.3892
  0.5560  -0.0911   5.4264  24.3760
  0.5666  -0.0939   5.3722  24.3615
  0.5774  -0.0970   5.3196  24.3456
  0.5885  -0.1004   5.2686  24.3283
  0.6000  -0.1041   5.2194  24.3097
  0.6117  -0.1081   5.1718  24.2896
  0.6238  -0.1125   5.1260  24.2681
  0.6362  -0.1174   5.0819  24.2452
  0.6489  -0.1226   5.0395  24.2208
  0.6620  -0.1283   4.9989  24.1949
  0.6754  -0.1346   4.9600  24.1676
  0.6891  -0.1413   4.9228  24.1387
  0.7032  -0.1487   4.8874  24.1082
  0.7177  -0.1566   4.8537  24.0762
  0.0000   0.0000   0.0000   0.0000
 -1.9004   1.0071  -3.1582  -2.5490
 -2.2221   1.0499  -3.7001  -2.6701
 -2.2231   0.9210  -3.7391  -2.3734
 -2.1672   0.7763  -3.6526  -2.0523
 -2.1021   0.6487  -3.5405  -1.7667
 -2.0359   0.5401  -3.4195  -1.5227
 -1.9701   0.4485  -3.2936  -1.3158
 -1.9050   0.3715  -3.1643  -1.1404
 -1.8404   0.3065  -3.0324  -0.9914
 -1.7762   0.2518  -2.8985  -0.8648
 -1.7122   0.2057  -2.7632  -0.7569
 -1.6483   0.1667  -2.6267  -0.6646
 -1.5846   0.1339  -2.4896  -0.5856
 -1.5208   0.1061  -2.3521  -0.5177
 -1.4568   0.0826  -2.2146  -0.4592
 -1.3928   0.0627  -2.0771  -0.4085
 -1.3285   0.0459  -1.9400  -0.3645
 -1.2639   0.0318  -1.8033  -0.3261
 -1.1990   0.0198  -1.6672  -0.2924
 -1.1337   0.0098  -1.5317  -0.2627
 -1.0679   0.0014  -1.3970  -0.2364
 -1.0018  -0.0055  -1.2632  -0.2130
 -0.9351  -0.0112  -1.1301  -0.1920
 -0.8678  -0.0159  -0.9980  -0.1731
 -0.8000  -0.0196  -0.8668  -0.1559
 -0.7316  -0.0224  -0.7365  -0.1402
 -0.6625  -0.0245  -0.6072  -0.1257
 -0.5928  -0.0259  -0.4788  -0.1123
 -0.5224  -0.0267  -0.3514  -0.0997
 -0.4512  -0.0270  -0.2249  -0.0879
 -0.3792  -0.0267  -0.0994  -0.0768
 -0.3065  -0.0260   0.0252  -0.0661
 -0.2330  -0.0248   0.1490  -0.0559
 -0.1586  -0.0232   0.2718  -0.0459
 -0.0833  -0.0212   0.3939  -0.0363
 -0.0072  -0.0190   0.5151  -0.0268
  0.0699  -0.0163   0.6354  -0.0175
  0.1479  -0.0135   0.7551  -0.0083
  0.2269  -0.0103   0.8740   0.0010
  0.3069  -0.0070   0.9922   0.0103
  0.3879  -0.0035   1.1097   0.0197
  0.4700   0.0001   1.2266   0.0292
  0.5531   0.0038   1.3429   0.0390
  0.6373   0.0075   1.4586   0.0492
  0.7227   0.0111   1.5738   0.0597
  0.8091   0.0145   1.6886   0.0707
  0.8968   0.0176   1.8030   0.0824
  0.9856   0.0203   1.9169   0.0948
  1.0756   0.0224   2.0305   0.1081
  1.1669   0.0237   2.1439   0.1225
  1.2595   0.0241   2.2570   0.1383
  1.3534   0.0232   2.3700   0.1556
  1.4486   0.0208   2.4828   0.1749
  1.5452   0.0164   2.5955   0.1963
  1.6432   0.0096   2.7083   0.2205
  1.7427  -0.0001   2.8211   0.2479
  1.8437  -0.0134   2.9341   0.2790
  1.9462  -0.0310   3.0472   0.3146
  2.0504  -0.0539   3.1606   0.3556
  2.1564  -0.0832   3.2744   0.4029
  2.2641  -0.1202   3.3885   0.4576
  2.3737  -0.1664   3.5032   0.5212
  2.4854  -0.2239   3.6185   0.5952
  2.5993  -0.2947   3.7344   0.6815
  2.7155  -0.3818   3.8511   0.7822
  2.8343  -0.4881   3.9686   0.9001
  2.9558  -0.6177   4.0870   1.0380
  3.0805  -0.7751   4.2063   1.1996
  3.2085  -0.9656   4.3266   1.3889
  0.0000   0.0000   0.0000   0.0000
 -6.4312  16.2521   1.1582  -0.3060
 -6.7310  17.1695   1.1569  -0.2967
 -6.8102  17.1687   1.0983  -0.2732
 -6.8861  17.1108   1.0375  -0.2506
 -6.9639  17.0486   0.9773  -0.2297
 -7.0420  16.9861   0.9177  -0.2104
 -7.1202  16.9237   0.8586  -0.1925
 -7.1985  16.8613   0.8002  -0.1760
 -7.2768  16.7991   0.7422  -0.1607
 -7.3550  16.7371   0.6848  -0.1466
 -7.4332  16.6752   0.6280  -0.1336
 -7.5115  16.6134   0.5716  -0.1216
 -7.5896  16.5519   0.5157  -0.1105
 -7.6678  16.4905   0.4602  -0.1002
 -7.7459  16.4293   0.4052  -0.0907
 -7.8239  16.3683   0.3506  -0.0820
 -7.9019  16.3074   0.2963  -0.0739
 -7.9798  16.2468   0.2425  -0.0664
 -8.0576  16.1864   0.1891  -0.0595
 -8.1353  16.1262   0.1360  -0.0532
 -8.2129  16.0662   0.0832  -0.0472
 -8.2904  16.0064   0.0308  -0.0418
 -8.3677  15.9468  -0.0213  -0.0367
 -8.4449  15.8874  -0.0732  -0.0320
 -8.5219  15.8282  -0.1247  -0.0275
 -8.5987  15.7693  -0.1760  -0.0234
 -8.6754  15.7105  -0.2270  -0.0196
 -8.7518  15.6519  -0.2777  -0.0160
 -8.8280  15.5935  -0.3282  -0.0126
 -8.9039  15.5352  -0.3785  -0.0094
 -8.9796  15.4772  -0.4286  -0.0064
 -9.0550  15.4193  -0.4785  -0.0035
 -9.1301  15.3616  -0.5282  -0.0008
 -9.2050  15.3040  -0.5777   0.0018
 -9.2795  15.2466  -0.6270   0.0044
 -9.3536  15.1893  -0.6762   0.0068
 -9.4274  15.1322  -0.7252   0.0092
 -9.5009  15.0751  -0.7740   0.0115
 -9.5739  15.0182  -0.8227   0.0138
 -9.6466  14.9613  -0.8713   0.0160
 -9.7188  14.9045  -0.9198   0.0182
 -9.7906  14.8478  -0.9681   0.0204
 -9.8619  14.7911  -1.0164   0.0227
 -9.9328  14.7344  -1.0645   0.0249
-10.0032  14.6778  -1.1125   0.0272
-10.0731  14.6211  -1.1605   0.0295
-10.1425  14.5643  -1.2083   0.0319
-10.2113  14.5075  -1.2561   0.0343
-10.2796  14.4507  -1.3038   0.0368
-10.3473  14.3937  -1.3514   0.0394
-10.4145  14.3365  -1.3989   0.0421
-10.4810  14.2792  -1.4464   0.0449
-10.5469  14.2217  -1.4939   0.0478
-10.6122  14.1639  -1.5412   0.0509
-10.6768  14.1058  -1.5885   0.0542
-10.7408  14.0475  -1.6358   0.0576
-10.8040  13.9888  -1.6830   0.0613
-10.8665  13.9296  -1.7302   0.0652
-10.9284  13.8701  -1.7773   0.0693
-10.9894  13.8100  -1.8244   0.0738
-11.0497  13.7494  -1.8714   0.0785
-11.1092  13.6882  -1.9183   0.0836
-11.1679  13.6264  -1.9653   0.0891
-11.2258  13.5638  -2.0121   0.0949
-11.2828  13.5005  -2.0590   0.1013
-11.3390  13.4363  -2.1057   0.1081
-11.3942  13.3712  -2.1524   0.1155
-11.4486  13.3051  -2.1991   0.1235
-11.5020  13.2379  -2.2457   0.1321
-11.5544  13.1696  -2.2922   0.1415
-11.6059  13.1000  -2.3386   0.1516
  0.0000   0.0000   0.0000   0.0000
  0.1319  -3.2515  -3.2673   0.7002
  0.1465  -3.2922  -3.8049   0.7044
  0.0764  -2.8191  -3.7588   0.6435
  0.0131  -2.3363  -3.6148   0.5674
 -0.0444  -1.9226  -3.4532   0.4990
 -0.0959  -1.5822  -3.2907   0.4413
 -0.1425  -1.3021  -3.1303   0.3932
 -0.1845  -1.0754  -2.9728   0.3532
 -0.2225  -0.8896  -2.8177   0.3199
 -0.2569  -0.7387  -2.6654   0.2925
 -0.2881  -0.6157  -2.5159   0.2698
 -0.3165  -0.5156  -2.3690   0.2509
 -0.3423  -0.4340  -2.2249   0.2353
 -0.3658  -0.3675  -2.0835   0.2222
 -0.3872  -0.3132  -1.9447   0.2113
 -0.4066  -0.2688  -1.8086   0.2022
 -0.4241  -0.2324  -1.6751   0.1946
 -0.4399  -0.2026  -1.5441   0.1883
 -0.4540  -0.1780  -1.4157   0.1830
 -0.4664  -0.1576  -1.2899   0.1787
 -0.4773  -0.1407  -1.1666   0.1751
 -0.4866  -0.1265  -1.0458   0.1721
 -0.4944  -0.1145  -0.9274   0.1696
 -0.5008  -0.1043  -0.8115   0.1677
 -0.5056  -0.0955  -0.6981   0.1661
 -0.5089  -0.0879  -0.5870   0.1649
 -0.5108  -0.0810  -0.4784   0.1640
 -0.5113  -0.0749  -0.3721   0.1634
 -0.5102  -0.0692  -0.2682   0.1629
 -0.5077  -0.0639  -0.1666   0.1627
 -0.5037  -0.0589  -0.0674   0.1626
 -0.4982  -0.0540   0.0295   0.1627
 -0.4912  -0.0493   0.1241   0.1628
 -0.4827  -0.0445   0.2164   0.1630
 -0.4727  -0.0396   0.3065   0.1631
 -0.4611  -0.0347   0.3943   0.1633
 -0.4481  -0.0295   0.4798   0.1633
 -0.4335  -0.0242   0.5631   0.1632
 -0.4173  -0.0185   0.6442   0.1628
 -0.3996  -0.0124   0.7230   0.1621
 -0.3803  -0.0059   0.7997   0.1611
 -0.3595   0.0011   0.8742   0.1595
 -0.3370   0.0088   0.9466   0.1573
 -0.3130   0.0172   1.0168   0.1543
 -0.2874   0.0265   1.0849   0.1503
 -0.2601   0.0368   1.1509   0.1451
 -0.2312   0.0484   1.2149   0.1384
 -0.2007   0.0614   1.2769   0.1301
 -0.1685   0.0762   1.3369   0.1196
 -0.1347   0.0931   1.3950   0.1066
 -0.0992   0.1124   1.4512   0.0905
 -0.0620   0.1346   1.5057   0.0708
 -0.0232   0.1603   1.5585   0.0468
  0.0173   0.1900   1.6097   0.0175
  0.0595   0.2245   1.6594  -0.0181
  0.1034   0.2648   1.7078  -0.0612
  0.1490   0.3118   1.7551  -0.1133
  0.1963   0.3668   1.8015  -0.1763
  0.2453   0.4313   1.8472  -0.2523
  0.2961   0.5071   1.8926  -0.3440
  0.3486   0.5962   1.9381  -0.4545
  0.4029   0.7010   1.9842  -0.5875
  0.4589   0.8244   2.0314  -0.7477
  0.5167   0.9698   2.0805  -0.9405
  0.5762   1.1411   2.1324  -1.1725
  0.6373   1.3430   2.1880  -1.4515
  0.7001   1.5811   2.2485  -1.7870
  0.7645   1.8618   2.3151  -2.1902
  0.8301   2.1925   2.3890  -2.6745
  0.0000   0.0000   0.0000   0.0000
  0.2067   0.1669   9.6011  21.1673
  0.2274   0.1593  11.0650  22.6440
  0.2389   0.1444  11.1351  22.7890
  0.2499   0.1306  11.0314  22.8138
  0.2609   0.1178  10.9075  22.8259
  0.2718   0.1060  10.7798  22.8357
  0.2828   0.0951  10.6505  22.8445
  0.2938   0.0850  10.5193  22.8521
  0.3047   0.0757  10.3865  22.8585
  0.3157   0.0672  10.2519  22.8639
  0.3267   0.0593  10.1156  22.8682
  0.3377   0.0520   9.9777  22.8713
  0.3486   0.0453   9.8381  22.8734
  0.3596   0.0391   9.6969  22.8743
  0.3706   0.0335   9.5541  22.8741
  0.3817   0.0283   9.4097  22.8728
  0.3927   0.0236   9.2637  22.8703
  0.4037   0.0192   9.1162  22.8667
  0.4148   0.0153   8.9672  22.8619
  0.4259   0.0117   8.8167  22.8560
  0.4370   0.0084   8.6647  22.8488
  0.4481   0.0054   8.5114  22.8405
  0.4593   0.0027   8.3566  22.8310
  0.4704   0.0003   8.2004  22.8203
  0.4816  -0.0019   8.0430  22.8084
  0.4928  -0.0039   7.8844  22.7953
  0.5041  -0.0057   7.7244  22.7809
  0.5153  -0.0072   7.5633  22.7652
  0.5266  -0.0086   7.4009  22.7482
  0.5379  -0.0099   7.2374  22.7300
  0.5492  -0.0110   7.0728  22.7104
  0.5606  -0.0119   6.9072  22.6895
  0.5720  -0.0128   6.7405  22.6673
  0.5834  -0.0135   6.5729  22.6437
  0.5948  -0.0141   6.4044  22.6187
  0.6063  -0.0147   6.2350  22.5924
  0.6178  -0.0151   6.0647  22.5646
  0.6293  -0.0155   5.8937  22.5354
  0.6409  -0.0158   5.7219  22.5048
  0.6525  -0.0161   5.5494  22.4727
  0.6641  -0.0163   5.3763  22.4392
  0.6757  -0.0165   5.2027  22.4041
  0.6874  -0.0167   5.0285  22.3676
  0.6991  -0.0168   4.8538  22.3295
  0.7108  -0.0169   4.6786  22.2899
  0.7225  -0.0171   4.5031  22.2488
  0.7343  -0.0172   4.3273  22.2061
  0.7461  -0.0174   4.1512  22.1619
  0.7579  -0.0175   3.9748  22.1160
  0.7698  -0.0177   3.7983  22.0686
  0.7817  -0.0179   3.6217  22.0196
  0.7936  -0.0182   3.4450  21.9689
  0.8056  -0.0185   3.2682  21.9166
  0.8175  -0.0189   3.0915  21.8627
  0.8295  -0.0194   2.9149  21.8071
  0.8415  -0.0199   2.7384  21.7499
  0.8536  -0.0206   2.5621  21.6910
  0.8657  -0.0213   2.3860  21.6304
  0.8778  -0.0221   2.2101  21.5682
  0.8899  -0.0230   2.0346  21.5042
  0.9021  -0.0241   1.8594  21.4386
  0.9142  -0.0253   1.6845  21.3713
  0.9264  -0.0267   1.5101  21.3022
  0.9387  -0.0282   1.3362  21.2315
  0.9509  -0.0299   1.1628  21.1590
  0.9632  -0.0317   0.9898  21.0848
  0.9755  -0.0338   0.8175  21.0089
  0.9878  -0.0361   0.6457  20.9312
  1.0002  -0.0386   0.4745  20.8518
  1.0125  -0.0414   0.3040  20.7707
  1.0249  -0.0445   0.1341  20.6878
  1.0373  -0.0478  -0.0352  20.6031
  1.0498  -0.0514  -0.2037  20.5167
  1.0622  -0.0554  -0.3715  20.4285
  1.0747  -0.0597  -0.5387  20.3385
  1.0872  -0.0644  -0.7051  20.2468
  1.0998  -0.0695  -0.8708  20.1532
  1.1123  -0.0750  -1.0358  20.0578
  1.1249  -0.0810  -1.2001  19.9606
  0.0000   0.0000   0.0000   0.0000
 -2.4797   0.3507  -1.8063  -1.9427
 -2.8709   0.3562  -2.1413  -2.0456
 -2.8449   0.3012  -2.1779  -1.8274
 -2.7300   0.2404  -2.1586  -1.5828
 -2.6096   0.1926  -2.1239  -1.3648
 -2.4871   0.1531  -2.0857  -1.1787
 -2.3653   0.1213  -2.0459  -1.0213
 -2.2450   0.0959  -2.0047  -0.8884
 -2.1263   0.0760  -1.9623  -0.7758
 -2.0093   0.0606  -1.9185  -0.6803
 -1.8939   0.0490  -1.8735  -0.5991
 -1.7802   0.0405  -1.8272  -0.5296
 -1.6682   0.0345  -1.7795  -0.4700
 -1.5579   0.0306  -1.7305  -0.4187
 -1.4493   0.0284  -1.6802  -0.3742
 -1.3424   0.0274  -1.6285  -0.3354
 -1.2371   0.0276  -1.5755  -0.3014
 -1.1335   0.0285  -1.5211  -0.2714
 -1.0316   0.0302  -1.4653  -0.2448
 -0.9313   0.0322  -1.4081  -0.2209
 -0.8326   0.0347  -1.3494  -0.1994
 -0.7355   0.0373  -1.2893  -0.1799
 -0.6400   0.0402  -1.2276  -0.1621
 -0.5460   0.0431  -1.1645  -0.1458
 -0.4537   0.0460  -1.0998  -0.1306
 -0.3629   0.0488  -1.0335  -0.1165
 -0.2736   0.0516  -0.9656  -0.1033
 -0.1858   0.0543  -0.8961  -0.0909
 -0.0996   0.0568  -0.8248  -0.0792
 -0.0149   0.0592  -0.7519  -0.0681
  0.0684   0.0614  -0.6772  -0.0576
  0.1502   0.0633  -0.6007  -0.0475
  0.2305   0.0651  -0.5224  -0.0378
  0.3093   0.0666  -0.4423  -0.0285
  0.3867   0.0679  -0.3603  -0.0196
  0.4627   0.0689  -0.2763  -0.0110
  0.5373   0.0696  -0.1904  -0.0027
  0.6104   0.0701  -0.1024   0.0054
  0.6821   0.0703  -0.0125   0.0133
  0.7525   0.0701   0.0795   0.0209
  0.8215   0.0696   0.1737   0.0285
  0.8891   0.0688   0.2700   0.0359
  0.9553   0.0676   0.3685   0.0433
  1.0202   0.0660   0.4692   0.0508
  1.0838   0.0640   0.5722   0.0583
  1.1461   0.0615   0.6775   0.0661
  1.2071   0.0584   0.7851   0.0741
  1.2667   0.0548   0.8952   0.0826
  1.3251   0.0505   1.0076   0.0917
  1.3823   0.0455   1.1226   0.1015
  1.4382   0.0397   1.2400   0.1124
  1.4929   0.0330   1.3601   0.1246
  1.5465   0.0252   1.4827   0.1384
  1.5988   0.0163   1.6079   0.1542
  1.6501   0.0059   1.7358   0.1724
  1.7002  -0.0060   1.8664   0.1936
  1.7493  -0.0197   1.9998   0.2185
  1.7973  -0.0356   2.1359   0.2478
  1.8444  -0.0539   2.2749   0.2824
  1.8906  -0.0750   2.4167   0.3234
  1.9359  -0.0994   2.5613   0.3720
  1.9804  -0.1276   2.7088   0.4298
  2.0242  -0.1604   2.8592   0.4985
  2.0673  -0.1983   3.0123   0.5802
  2.1099  -0.2423   3.1684   0.6772
  2.1520  -0.2935   3.3271   0.7925
  2.1938  -0.3531   3.4885   0.9293
  2.2355  -0.4223   3.6524   1.0917
  0.0000   0.0000   0.0000   0.0000
 -6.4087  30.1746   0.9705  -0.0740
 -6.4903  32.2059   0.9514  -0.0731
 -6.6344  32.0931   0.8896  -0.0686
 -6.8605  31.7957   0.8274  -0.0646
 -7.1027  31.4771   0.7667  -0.0611
 -7.3446  31.1577   0.7076  -0.0581
 -7.5855  30.8384   0.6498  -0.0556
 -7.8252  30.5191   0.5934  -0.0535
 -8.0635  30.2000   0.5384  -0.0517
 -8.3005  29.8811   0.4846  -0.0502
 -8.5359  29.5624   0.4320  -0.0491
 -8.7696  29.2439   0.3805  -0.0481
 -9.0015  28.9258   0.3302  -0.0474
 -9.2315  28.6080   0.2809  -0.0468
 -9.4595  28.2906   0.2326  -0.0463
 -9.6853  27.9736   0.1853  -0.0460
 -9.9089  27.6571   0.1389  -0.0457
-10.1301  27.3411   0.0934  -0.0455
-10.3488  27.0256   0.0487  -0.0453
-10.5650  26.7107   0.0048  -0.0451
-10.7785  26.3964  -0.0384  -0.0449
-10.9892  26.0828  -0.0809  -0.0447
-11.1970  25.7698  -0.1227  -0.0445
-11.4020  25.4576  -0.1639  -0.0442
-11.6038  25.1463  -0.2045  -0.0438
-11.8026  24.8357  -0.2446  -0.0434
-11.9982  24.5260  -0.2841  -0.0428
-12.1905  24.2172  -0.3232  -0.0422
-12.3796  23.9094  -0.3618  -0.0415
-12.5652  23.6026  -0.4000  -0.0406
-12.7475  23.2968  -0.4379  -0.0396
-12.9263  22.9921  -0.4754  -0.0385
-13.1017  22.6886  -0.5125  -0.0373
-13.2735  22.3862  -0.5494  -0.0359
-13.4418  22.0851  -0.5861  -0.0344
-13.6066  21.7852  -0.6225  -0.0327
-13.7678  21.4866  -0.6587  -0.0309
-13.9254  21.1893  -0.6948  -0.0290
-14.0794  20.8934  -0.7307  -0.0269
-14.2299  20.5989  -0.7664  -0.0246
-14.3769  20.3058  -0.8021  -0.0222
-14.5202  20.0142  -0.8377  -0.0196
-14.6601  19.7241  -0.8733  -0.0169
-14.7965  19.4355  -0.9088  -0.0140
-14.9294  19.1485  -0.9443  -0.0109
-15.0589  18.8631  -0.9798  -0.0077
-15.1850  18.5792  -1.0154  -0.0043
-15.3077  18.2970  -1.0510  -0.0007
-15.4271  18.0164  -1.0867   0.0030
-15.5433  17.7375  -1.1224   0.0069
-15.6563  17.4602  -1.1583   0.0111
-15.7661  17.1846  -1.1942   0.0154
-15.8728  16.9107  -1.2303   0.0199
-15.9764  16.6385  -1.2666   0.0246
-16.0771  16.3680  -1.3030   0.0296
-16.1749  16.0992  -1.3396   0.0347
-16.2698  15.8320  -1.3764   0.0402
-16.3618  15.5666  -1.4133   0.0458
-16.4512  15.3028  -1.4505   0.0518
-16.5379  15.0408  -1.4879   0.0580
-16.6217  14.7805  -1.5256   0.0646
-16.7028  14.5221  -1.5634   0.0715
-16.7820  14.2649  -1.6015   0.0788
-16.8588  14.0094  -1.6399   0.0864
-16.9334  13.7554  -1.6786   0.0945
-17.0056  13.5031  -1.7175   0.1030
-17.0757  13.2522  -1.7567   0.1121
-17.1437  13.0030  -1.7962   0.1216
-17.2097  12.7552  -1.8359   0.1318
-17.2737  12.5089  -1.8760   0.1426
-17.3358  12.2640  -1.9163   0.1540
  0.0000   0.0000   0.0000   0.0000
 -1.4842  -2.8434  -3.5040   0.4846
 -1.7743  -2.9470  -4.0555   0.5225
 -1.7741  -2.4970  -4.0360   0.5089
 -1.8833  -2.2887  -4.0066   0.5790
 -1.8558  -1.8415  -3.8238   0.3200
 -1.8175  -1.5727  -3.6458   0.2859
 -1.7794  -1.3317  -3.4724   0.2573
 -1.7397  -1.1310  -3.3035   0.2333
 -1.6988  -0.9618  -3.1387   0.2130
 -1.6569  -0.8193  -2.9778   0.1959
 -1.6139  -0.6992  -2.8205   0.1813
 -1.5702  -0.5977  -2.6667   0.1690
 -1.5256  -0.5119  -2.5162   0.1585
 -1.4805  -0.4391  -2.3687   0.1495
 -1.4347  -0.3773  -2.2243   0.1418
 -1.3884  -0.3247  -2.0826   0.1351
 -1.3415  -0.2797  -1.9437   0.1294
 -1.2942  -0.2411  -1.8074   0.1244
 -1.2463  -0.2079  -1.6736   0.1201
 -1.1981  -0.1792  -1.5422   0.1164
 -1.1493  -0.1544  -1.4131   0.1132
 -1.1001  -0.1327  -1.2863   0.1104
 -1.0504  -0.1137  -1.1617   0.1080
 -1.0002  -0.0969  -1.0393   0.1060
 -0.9495  -0.0821  -0.9189   0.1043
 -0.8983  -0.0689  -0.8005   0.1030
 -0.8465  -0.0571  -0.6841   0.1019
 -0.7942  -0.0465  -0.5695   0.1011
 -0.7413  -0.0369  -0.4568   0.1005
 -0.6878  -0.0281  -0.3460   0.1002
 -0.6338  -0.0201  -0.2368   0.1001
 -0.5790  -0.0127  -0.1294   0.1001
 -0.5237  -0.0058  -0.0236   0.1004
 -0.4677   0.0006   0.0806   0.1008
 -0.4109   0.0066   0.1833   0.1014
 -0.3535   0.0123   0.2844   0.1020
 -0.2954   0.0178   0.3840   0.1027
 -0.2365   0.0231   0.4822   0.1033
 -0.1768   0.0282   0.5791   0.1039
 -0.1164   0.0333   0.6745   0.1044
 -0.0551   0.0383   0.7686   0.1046
  0.0069   0.0435   0.8615   0.1045
  0.0699   0.0487   0.9531   0.1040
  0.1337   0.0541   1.0435   0.1029
  0.1983   0.0599   1.1327   0.1010
  0.2639   0.0660   1.2208   0.0981
  0.3305   0.0727   1.3078   0.0941
  0.3980   0.0801   1.3938   0.0886
  0.4665   0.0883   1.4788   0.0814
  0.5359   0.0976   1.5628   0.0719
  0.6065   0.1081   1.6460   0.0598
  0.6780   0.1202   1.7283   0.0445
  0.7506   0.1341   1.8099   0.0254
  0.8244   0.1503   1.8909   0.0018
  0.8992   0.1692   1.9712  -0.0274
  0.9752   0.1913   2.0512  -0.0631
  1.0523   0.2172   2.1308  -0.1066
  1.1306   0.2476   2.2103  -0.1595
  1.2100   0.2833   2.2899  -0.2235
  1.2907   0.3254   2.3698  -0.3007
  1.3727   0.3750   2.4503  -0.3936
  1.4558   0.4334   2.5318  -0.5054
  1.5403   0.5021   2.6147  -0.6394
  1.6259   0.5832   2.6994  -0.8000
  1.7129   0.6786   2.7866  -0.9922
  1.8010   0.7909   2.8770  -1.2219
  1.8902   0.9229   2.9712  -1.4961
  1.9805   1.0781   3.0701  -1.8229
  0.0000   0.0000   0.0000   0.0000
  0.4255   0.1965  10.1546  22.7223
  0.4423   0.1904  11.5894  24.3107
  0.4479   0.2020  11.6144  24.4431
  0.4534   0.1994  11.4857  24.4539
  0.4591   0.1902  11.3464  24.4573
  0.4649   0.1782  11.2048  24.4592
  0.4709   0.1650  11.0610  24.4596
  0.4770   0.1516  10.9153  24.4586
  0.4832   0.1385  10.7675  24.4563
  0.4895   0.1259  10.6179  24.4526
  0.4960   0.1141  10.4663  24.4476
  0.5026   0.1030  10.3129  24.4414
  0.5092   0.0927  10.1581  24.4340
  0.5160   0.0831  10.0013  24.4252
  0.5228   0.0742   9.8425  24.4148
  0.5298   0.0660   9.6818  24.4030
  0.5368   0.0585   9.5194  24.3898
  0.5439   0.0516   9.3552  24.3752
  0.5511   0.0452   9.1893  24.3592
  0.5584   0.0394   9.0218  24.3417
  0.5657   0.0340   8.8526  24.3228
  0.5732   0.0292   8.6819  24.3025
  0.5806   0.0247   8.5096  24.2807
  0.5882   0.0207   8.3359  24.2574
  0.5958   0.0170   8.1607  24.2327
  0.6035   0.0137   7.9841  24.2064
  0.6112   0.0106   7.8062  24.1786
  0.6190   0.0079   7.6270  24.1493
  0.6268   0.0055   7.4465  24.1184
  0.6347   0.0033   7.2649  24.0860
  0.6426   0.0013   7.0821  24.0520
  0.6506  -0.0005   6.8983  24.0164
  0.6586  -0.0020   6.7135  23.9792
  0.6666  -0.0034   6.5277  23.9404
  0.6747  -0.0047   6.3411  23.8999
  0.6828  -0.0058   6.1537  23.8578
  0.6910  -0.0067   5.9655  23.8140
  0.6991  -0.0076   5.7767  23.7685
  0.7073  -0.0083   5.5873  23.7213
  0.7156  -0.0090   5.3973  23.6724
  0.7238  -0.0095   5.2069  23.6218
  0.7321  -0.0101   5.0161  23.5694
  0.7404  -0.0105   4.8250  23.5153
  0.7487  -0.0110   4.6337  23.4594
  0.7570  -0.0114   4.4423  23.4018
  0.7653  -0.0118   4.2507  23.3423
  0.7736  -0.0121   4.0592  23.2811
  0.7819  -0.0125   3.8677  23.2181
  0.7903  -0.0130   3.6764  23.1533
  0.7986  -0.0134   3.4853  23.0866
  0.8069  -0.0139   3.2946  23.0182
  0.8152  -0.0145   3.1041  22.9479
  0.8235  -0.0151   2.9142  22.8758
  0.8318  -0.0158   2.7248  22.8018
  0.8400  -0.0166   2.5359  22.7261
  0.8483  -0.0175   2.3477  22.6485
  0.8565  -0.0185   2.1603  22.5690
  0.8647  -0.0197   1.9736  22.4878
  0.8728  -0.0210   1.7878  22.4047
  0.8809  -0.0224   1.6029  22.3198
  0.8889  -0.0241   1.4190  22.2330
  0.8969  -0.0259   1.2361  22.1444
  0.9048  -0.0280   1.0543  22.0540
  0.9127  -0.0302   0.8736  21.9618
  0.9205  -0.0327   0.6941  21.8678
  0.9282  -0.0354   0.5159  21.7719
  0.9358  -0.0384   0.3389  21.6741
  0.9433  -0.0416   0.1633  21.5746
  0.9506  -0.0449  -0.0111  21.4732
  0.9579  -0.0484  -0.1840  21.3698
  0.9650  -0.0520  -0.3555  21.2646
  0.9719  -0.0553  -0.5255  21.1574
  0.9787  -0.0581  -0.6940  21.0482
  0.9852  -0.0599  -0.8610  20.9369
  0.9915  -0.0598  -1.0263  20.8233
  0.9974  -0.0567  -1.1899  20.7073
  1.0025  -0.0489  -1.3514  20.5886
  1.0050  -0.0343  -1.5105  20.4672
  0.9942  -0.0119  -1.6666  20.3434
  0.0000   0.0000   0.0000   0.0000
 -2.0855   0.2388  -2.2098  -1.6873
 -2.3871   0.2025  -2.5986  -1.7969
 -2.3150   0.1447  -2.6568  -1.6177
 -2.2275   0.1325  -2.6185  -1.4113
 -2.1244   0.1125  -2.5661  -1.2253
 -2.0186   0.0921  -2.5110  -1.0654
 -1.9133   0.0739  -2.4553  -0.9291
 -1.8090   0.0587  -2.3994  -0.8130
 -1.7061   0.0466  -2.3430  -0.7140
 -1.6045   0.0372  -2.2860  -0.6291
 -1.5044   0.0302  -2.2283  -0.5562
 -1.4057   0.0253  -2.1697  -0.4932
 -1.3086   0.0220  -2.1102  -0.4386
 -1.2130   0.0202  -2.0496  -0.3910
 -1.1189   0.0196  -1.9879  -0.3492
 -1.0264   0.0198  -1.9251  -0.3125
 -0.9355   0.0208  -1.8610  -0.2798
 -0.8462   0.0223  -1.7956  -0.2507
 -0.7585   0.0241  -1.7288  -0.2246
 -0.6724   0.0263  -1.6607  -0.2009
 -0.5879   0.0287  -1.5910  -0.1794
 -0.5050   0.0311  -1.5199  -0.1598
 -0.4238   0.0336  -1.4472  -0.1417
 -0.3443   0.0360  -1.3729  -0.1250
 -0.2664   0.0383  -1.2970  -0.1094
 -0.1901   0.0405  -1.2193  -0.0949
 -0.1155   0.0425  -1.1400  -0.0813
 -0.0425   0.0443  -1.0588  -0.0685
  0.0287   0.0459  -0.9758  -0.0565
  0.0984   0.0473  -0.8910  -0.0451
  0.1663   0.0484  -0.8043  -0.0343
  0.2326   0.0493  -0.7156  -0.0240
  0.2972   0.0499  -0.6249  -0.0143
  0.3601   0.0503  -0.5322  -0.0050
  0.4214   0.0503  -0.4374   0.0038
  0.4809   0.0501  -0.3405   0.0122
  0.5388   0.0495  -0.2414   0.0202
  0.5950   0.0487  -0.1401   0.0278
  0.6495   0.0476  -0.0366   0.0351
  0.7023   0.0462   0.0692   0.0421
  0.7534   0.0444   0.1774   0.0487
  0.8028   0.0424   0.2879   0.0551
  0.8505   0.0400   0.4009   0.0612
  0.8965   0.0372   0.5163   0.0671
  0.9408   0.0342   0.6343   0.0729
  0.9835   0.0307   0.7548   0.0786
  1.0244   0.0269   0.8780   0.0842
  1.0636   0.0227   1.0038   0.0899
  1.1012   0.0181   1.1323   0.0958
  1.1371   0.0131   1.2635   0.1020
  1.1713   0.0075   1.3976   0.1086
  1.2038   0.0015   1.5345   0.1158
  1.2347  -0.0051   1.6744   0.1239
  1.2639  -0.0123   1.8172   0.1331
  1.2915  -0.0202   1.9630   0.1437
  1.3175  -0.0288   2.1119   0.1561
  1.3418  -0.0382   2.2638   0.1708
  1.3646  -0.0484   2.4190   0.1883
  1.3858  -0.0597   2.5773   0.2093
  1.4055  -0.0719   2.7389   0.2344
  1.4237  -0.0854   2.9037   0.2647
  1.4404  -0.1000   3.0719   0.3011
  1.4557  -0.1160   3.2434   0.3450
  1.4696  -0.1334   3.4183   0.3978
  1.4822  -0.1521   3.5965   0.4613
  1.4935  -0.1723   3.7781   0.5376
  1.5035  -0.1936   3.9630   0.6291
  1.5123  -0.2159   4.1511   0.7387
  0.0000   0.0000   0.0000   0.0000
 -5.8813  31.8463   1.0123  -0.1069
 -6.5892  31.8922   0.9945  -0.1046
 -6.6596  32.2269   0.9314  -0.0979
 -6.6825  32.6118   0.8677  -0.0916
 -8.5250  27.1096   0.8189  -0.0877
 -6.8534  32.9634   0.7462  -0.0812
 -7.1159  32.6244   0.6885  -0.0769
 -7.3859  32.2680   0.6323  -0.0731
 -7.6545  31.9111   0.5774  -0.0699
 -7.9214  31.5540   0.5238  -0.0670
 -8.1864  31.1970   0.4714  -0.0645
 -8.4493  30.8402   0.4201  -0.0624
 -8.7099  30.4836   0.3699  -0.0605
 -8.9681  30.1273   0.3208  -0.0589
 -9.2236  29.7713   0.2728  -0.0575
 -9.4763  29.4157   0.2256  -0.0562
 -9.7260  29.0606   0.1794  -0.0552
 -9.9727  28.7058   0.1341  -0.0542
-10.2160  28.3516   0.0895  -0.0533
-10.4560  27.9980   0.0458  -0.0525
-10.6924  27.6450   0.0027  -0.0518
-10.9251  27.2927  -0.0396  -0.0510
-11.1541  26.9412  -0.0813  -0.0503
-11.3791  26.5904  -0.1223  -0.0496
-11.6002  26.2405  -0.1628  -0.0488
-11.8171  25.8915  -0.2028  -0.0480
-12.0298  25.5434  -0.2422  -0.0471
-12.2383  25.1964  -0.2812  -0.0461
-12.4424  24.8505  -0.3198  -0.0451
-12.6421  24.5058  -0.3580  -0.0440
-12.8374  24.1623  -0.3958  -0.0428
-13.0281  23.8201  -0.4333  -0.0415
-13.2143  23.4792  -0.4705  -0.0401
-13.3960  23.1397  -0.5074  -0.0385
-13.5731  22.8017  -0.5441  -0.0368
-13.7456  22.4652  -0.5806  -0.0350
-13.9135  22.1303  -0.6169  -0.0331
-14.0769  21.7970  -0.6531  -0.0310
-14.2357  21.4653  -0.6891  -0.0288
-14.3899  21.1354  -0.7251  -0.0264
-14.5397  20.8073  -0.7610  -0.0239
-14.6849  20.4810  -0.7968  -0.0212
-14.8258  20.1565  -0.8326  -0.0184
-14.9622  19.8339  -0.8684  -0.0154
-15.0944  19.5133  -0.9042  -0.0123
-15.2222  19.1946  -0.9400  -0.0090
-15.3459  18.8780  -0.9759  -0.0055
-15.4654  18.5633  -1.0119  -0.0018
-15.5808  18.2507  -1.0480   0.0021
-15.6923  17.9402  -1.0841   0.0061
-15.7998  17.6317  -1.1204   0.0104
-15.9035  17.3254  -1.1569   0.0148
-16.0035  17.0211  -1.1934   0.0195
-16.0997  16.7190  -1.2302   0.0244
-16.1924  16.4191  -1.2671   0.0296
-16.2816  16.1212  -1.3043   0.0350
-16.3674  15.8255  -1.3416   0.0406
-16.4498  15.5320  -1.3792   0.0466
-16.5280  15.2412  -1.4170   0.0529
-16.6046  14.9516  -1.4551   0.0594
-16.6778  14.6644  -1.4934   0.0664
-16.7481  14.3792  -1.5319   0.0737
-16.8156  14.0961  -1.5708   0.0814
-16.8803  13.8151  -1.6099   0.0895
-16.9423  13.5362  -1.6493   0.0982
-17.0018  13.2592  -1.6890   0.1073
-17.0588  12.9843  -1.7289   0.1170
-17.1135  12.7113  -1.7692   0.1273
-17.1659  12.4402  -1.8099   0.1383
-17.2160  12.1711  -1.8508   0.1499
-17.2641  11.9039  -1.8920   0.1624
  0.0000   0.0000   0.0000   0.0000
 -1.8516  -2.7594  -3.6735   0.3317
 -2.1875  -2.8589  -4.2636   0.3584
 -2.2197  -2.5193  -4.2396   0.3299
 -2.1923  -2.1544  -4.0939   0.2975
 -2.1500  -1.8224  -3.9268   0.2707
 -2.1119  -1.5540  -3.7624   0.2482
 -2.0666  -1.3156  -3.5937   0.2200
 -2.0201  -1.1184  -3.4278   0.2039
 -1.9724  -0.9515  -3.2646   0.1905
 -1.9237  -0.8104  -3.1042   0.1795
 -1.8740  -0.6911  -2.9463   0.1703
 -1.8232  -0.5899  -2.7909   0.1626
 -1.7714  -0.5040  -2.6379   0.1561
 -1.7187  -0.4309  -2.4874   0.1506
 -1.6651  -0.3686  -2.3392   0.1460
 -1.6107  -0.3152  -2.1932   0.1421
 -1.5554  -0.2694  -2.0495   0.1387
 -1.4992  -0.2300  -1.9080   0.1358
 -1.4423  -0.1959  -1.7685   0.1333
 -1.3846  -0.1663  -1.6312   0.1311
 -1.3261  -0.1405  -1.4959   0.1293
 -1.2668  -0.1179  -1.3626   0.1277
 -1.2068  -0.0980  -1.2312   0.1264
 -1.1460  -0.0805  -1.1018   0.1253
 -1.0844  -0.0649  -0.9743   0.1245
 -1.0220  -0.0510  -0.8486   0.1238
 -0.9589  -0.0385  -0.7248   0.1234
 -0.8949  -0.0272  -0.6027   0.1231
 -0.8302  -0.0170  -0.4824   0.1230
 -0.7646  -0.0077  -0.3639   0.1232
 -0.6982   0.0008  -0.2471   0.1234
 -0.6310   0.0086  -0.1320   0.1238
 -0.5629   0.0158  -0.0185   0.1244
 -0.4940   0.0225   0.0933   0.1251
 -0.4242   0.0288   0.2035   0.1258
 -0.3535   0.0347   0.3121   0.1266
 -0.2819   0.0402   0.4192   0.1274
 -0.2094   0.0454   0.5247   0.1281
 -0.1360   0.0504   0.6286   0.1288
 -0.0616   0.0553   0.7310   0.1292
  0.0137   0.0600   0.8319   0.1294
  0.0900   0.0646   0.9314   0.1293
  0.1674   0.0691   1.0294   0.1286
  0.2457   0.0738   1.1260   0.1273
  0.3251   0.0785   1.2212   0.1252
  0.4055   0.0834   1.3150   0.1220
  0.4870   0.0885   1.4074   0.1177
  0.5695   0.0940   1.4986   0.1117
  0.6532   0.1001   1.5884   0.1039
  0.7381   0.1067   1.6770   0.0939
  0.8240   0.1141   1.7645   0.0810
  0.9112   0.1225   1.8508   0.0649
  0.9995   0.1322   1.9361   0.0449
  1.0891   0.1433   2.0204   0.0201
  1.1799   0.1562   2.1039  -0.0104
  1.2720   0.1712   2.1866  -0.0476
  1.3654   0.1888   2.2687  -0.0928
  1.4601   0.2095   2.3504  -0.1476
  1.5562   0.2340   2.4319  -0.2139
  1.6536   0.2628   2.5135  -0.2938
  1.7525   0.2969   2.5953  -0.3899
  1.8528   0.3372   2.6779  -0.5053
  1.9545   0.3850   2.7615  -0.6436
  2.0578   0.4414   2.8467  -0.8093
  2.1626   0.5083   2.9341  -1.0075
  2.2689   0.5874   3.0242  -1.2444
  2.3769   0.6809   3.1178  -1.5273
  2.4864   0.7915   3.2158  -1.8648
  2.5976   0.9221   3.3189  -2.2673
  0.0000   0.0000   0.0000   0.0000
  0.2425   0.1573  11.0025  23.7210
  0.2638   0.1501  12.4746  25.3712
  0.2748   0.1354  12.5072  25.4910
  0.2854   0.1222  12.3756  25.4834
  0.2962   0.1100  12.2258  25.4634
  0.3069   0.0987  12.0726  25.4413
  0.3176   0.0883  11.9173  25.4183
  0.3284   0.0787  11.7601  25.3943
  0.3392   0.0698  11.6010  25.3694
  0.3500   0.0617  11.4401  25.3435
  0.3608   0.0542  11.2773  25.3166
  0.3717   0.0473  11.1127  25.2888
  0.3826   0.0409  10.9463  25.2599
  0.3935   0.0351  10.7781  25.2301
  0.4044   0.0298  10.6081  25.1993
  0.4154   0.0250  10.4365  25.1675
  0.4264   0.0206  10.2632  25.1346
  0.4374   0.0166  10.0882  25.1007
  0.4485   0.0129   9.9116  25.0657
  0.4596   0.0096   9.7334  25.0297
  0.4707   0.0066   9.5537  24.9925
  0.4819   0.0039   9.3725  24.9542
  0.4931   0.0015   9.1899  24.9148
  0.5043  -0.0006   9.0058  24.8743
  0.5155  -0.0026   8.8204  24.8326
  0.5268  -0.0043   8.6336  24.7896
  0.5381  -0.0058   8.4456  24.7455
  0.5495  -0.0071   8.2563  24.7001
  0.5609  -0.0082   8.0659  24.6535
  0.5723  -0.0092   7.8743  24.6055
  0.5837  -0.0101   7.6817  24.5563
  0.5952  -0.0108   7.4881  24.5057
  0.6067  -0.0114   7.2936  24.4538
  0.6183  -0.0119   7.0981  24.4004
  0.6298  -0.0123   6.9018  24.3457
  0.6414  -0.0126   6.7048  24.2896
  0.6530  -0.0128   6.5071  24.2320
  0.6647  -0.0130   6.3087  24.1729
  0.6764  -0.0131   6.1098  24.1124
  0.6881  -0.0131   5.9104  24.0503
  0.6998  -0.0132   5.7105  23.9867
  0.7116  -0.0132   5.5104  23.9215
  0.7234  -0.0131   5.3099  23.8548
  0.7352  -0.0131   5.1093  23.7865
  0.7471  -0.0131   4.9085  23.7165
  0.7590  -0.0130   4.7076  23.6450
  0.7709  -0.0130   4.5068  23.5718
  0.7828  -0.0130   4.3061  23.4969
  0.7948  -0.0130   4.1055  23.4204
  0.8068  -0.0131   3.9052  23.3422
  0.8188  -0.0132   3.7052  23.2623
  0.8308  -0.0134   3.5057  23.1808
  0.8429  -0.0136   3.3065  23.0975
  0.8549  -0.0139   3.1079  23.0125
  0.8671  -0.0143   2.9099  22.9258
  0.8792  -0.0147   2.7126  22.8374
  0.8913  -0.0153   2.5161  22.7472
  0.9035  -0.0160   2.3203  22.6554
  0.9157  -0.0168   2.1254  22.5618
  0.9280  -0.0177   1.9314  22.4665
  0.9402  -0.0188   1.7385  22.3695
  0.9525  -0.0200   1.5465  22.2708
  0.9648  -0.0214   1.3557  22.1704
  0.9771  -0.0230   1.1660  22.0683
  0.9895  -0.0248   0.9775  21.9645
  1.0018  -0.0268   0.7903  21.8590
  1.0142  -0.0290   0.6043  21.7518
  1.0266  -0.0314   0.4196  21.6430
  1.0391  -0.0342   0.2363  21.5326
  1.0515  -0.0371   0.0544  21.4205
  1.0640  -0.0404  -0.1261  21.3068
  1.0765  -0.0440  -0.3052  21.1914
  1.0890  -0.0479  -0.4828  21.0745
  1.1016  -0.0522  -0.6590  20.9560
  1.1142  -0.0569  -0.8337  20.8359
  1.1268  -0.0620  -1.0069  20.7143
  1.1394  -0.0675  -1.1786  20.5911
  1.1520  -0.0735  -1.3488  20.4663
  1.1646  -0.0800  -1.5175  20.3401
  0.0000   0.0000   0.0000   0.0000
 -2.0473  -0.1709  -2.1108  -1.6935
 -2.2808  -0.1930  -2.5785  -1.7973
 -2.3013  -0.0451  -2.6108  -1.6159
 -2.2379   0.0199  -2.5712  -1.4075
 -2.1516   0.0437  -2.5178  -1.2198
 -2.0597   0.0499  -2.4622  -1.0586
 -1.9661   0.0490  -2.4065  -0.9214
 -1.8721   0.0455  -2.3507  -0.8047
 -1.7777   0.0416  -2.2945  -0.7051
 -1.6834   0.0385  -2.2378  -0.6200
 -1.5892   0.0363  -2.1805  -0.5469
 -1.4954   0.0353  -2.1225  -0.4839
 -1.4020   0.0353  -2.0637  -0.4294
 -1.3092   0.0363  -2.0040  -0.3819
 -1.2170   0.0380  -1.9432  -0.3404
 -1.1255   0.0405  -1.8815  -0.3039
 -1.0349   0.0434  -1.8185  -0.2716
 -0.9451   0.0466  -1.7544  -0.2429
 -0.8563   0.0501  -1.6891  -0.2171
 -0.7684   0.0538  -1.6224  -0.1939
 -0.6816   0.0574  -1.5544  -0.1729
 -0.5960   0.0610  -1.4849  -0.1537
 -0.5115   0.0645  -1.4140  -0.1361
 -0.4282   0.0679  -1.3416  -0.1199
 -0.3461   0.0710  -1.2676  -0.1048
 -0.2654   0.0739  -1.1921  -0.0908
 -0.1860   0.0766  -1.1148  -0.0777
 -0.1079   0.0789  -1.0359  -0.0654
 -0.0313   0.0809  -0.9553  -0.0538
  0.0439   0.0826  -0.8728  -0.0429
  0.1177   0.0839  -0.7886  -0.0325
  0.1899   0.0849  -0.7025  -0.0227
  0.2605   0.0855  -0.6145  -0.0134
  0.3296   0.0857  -0.5245  -0.0045
  0.3971   0.0856  -0.4326   0.0039
  0.4629   0.0850  -0.3386   0.0120
  0.5271   0.0841  -0.2425   0.0196
  0.5896   0.0828  -0.1443   0.0269
  0.6503   0.0810  -0.0440   0.0339
  0.7093   0.0788   0.0586   0.0406
  0.7665   0.0762   0.1634   0.0470
  0.8219   0.0732   0.2705   0.0531
  0.8755   0.0696   0.3799   0.0591
  0.9272   0.0656   0.4917   0.0648
  0.9770   0.0610   0.6060   0.0704
  1.0248   0.0559   0.7227   0.0760
  1.0707   0.0502   0.8420   0.0816
  1.1146   0.0438   0.9638   0.0872
  1.1566   0.0367   1.0882   0.0930
  1.1964   0.0288   1.2153   0.0992
  1.2342   0.0201   1.3451   0.1057
  1.2699   0.0105   1.4777   0.1129
  1.3035  -0.0002   1.6130   0.1210
  1.3349  -0.0119   1.7513   0.1302
  1.3642  -0.0249   1.8925   0.1407
  1.3912  -0.0392   2.0366   0.1530
  1.4161  -0.0549   2.1837   0.1676
  1.4386  -0.0721   2.3340   0.1848
  1.4590  -0.0906   2.4873   0.2054
  1.4771  -0.1104   2.6438   0.2300
  1.4929  -0.1311   2.8035   0.2596
  1.5065  -0.1519   2.9664   0.2951
  1.5179  -0.1715   3.1327   0.3377
  1.5270  -0.1879   3.3022   0.3888
  1.5339  -0.1975   3.4752   0.4501
  1.5383  -0.1947   3.6515   0.5235
  1.5398  -0.1705   3.8314   0.6111
  1.5367  -0.1112   4.0148   0.7155
  0.0000   0.0000   0.0000   0.0000
 -5.0806  31.4813   0.9793  -0.0985
 -5.5266  31.9837   0.9645  -0.0962
 -5.7021  32.8178   0.9013  -0.0898
 -5.8874  32.6146   0.8404  -0.0843
 -5.8161  32.8288   0.7794  -0.0791
 -6.5765  31.6614   0.7232  -0.0750
 -6.4574  31.9632   0.6652  -0.0710
 -6.7241  31.7199   0.6096  -0.0677
 -6.7493  31.6754   0.5549  -0.0646
 -7.0237  31.3144   0.5020  -0.0621
 -7.2963  30.9548   0.4502  -0.0599
 -7.5669  30.5958   0.3997  -0.0580
 -7.8353  30.2371   0.3502  -0.0563
 -8.1013  29.8788   0.3018  -0.0549
 -8.3648  29.5209   0.2545  -0.0538
 -8.6256  29.1634   0.2081  -0.0527
 -8.8835  28.8064   0.1626  -0.0518
 -9.1383  28.4499   0.1180  -0.0510
 -9.3900  28.0939   0.0742  -0.0503
 -9.6382  27.7385   0.0313  -0.0497
 -9.8830  27.3837  -0.0110  -0.0491
-10.1241  27.0296  -0.0525  -0.0485
-10.3614  26.6763  -0.0934  -0.0479
-10.5948  26.3237  -0.1337  -0.0472
-10.8242  25.9720  -0.1734  -0.0466
-11.0495  25.6212  -0.2126  -0.0459
-11.2705  25.2713  -0.2512  -0.0451
-11.4873  24.9225  -0.2894  -0.0442
-11.6996  24.5747  -0.3272  -0.0433
-11.9075  24.2281  -0.3646  -0.0422
-12.1109  23.8826  -0.4016  -0.0411
-12.3098  23.5385  -0.4383  -0.0398
-12.5041  23.1956  -0.4747  -0.0384
-12.6937  22.8541  -0.5108  -0.0369
-12.8787  22.5140  -0.5467  -0.0352
-13.0590  22.1754  -0.5825  -0.0335
-13.2348  21.8384  -0.6180  -0.0315
-13.4058  21.5030  -0.6534  -0.0295
-13.5722  21.1692  -0.6887  -0.0273
-13.7341  20.8371  -0.7238  -0.0249
-13.8913  20.5067  -0.7590  -0.0224
-14.0440  20.1781  -0.7940  -0.0197
-14.1922  19.8514  -0.8291  -0.0168
-14.3360  19.5265  -0.8641  -0.0138
-14.4753  19.2035  -0.8992  -0.0106
-14.6103  18.8825  -0.9343  -0.0073
-14.7411  18.5635  -0.9695  -0.0037
-14.8676  18.2464  -1.0048  -0.0000
-14.9900  17.9314  -1.0401   0.0039
-15.1084  17.6184  -1.0756   0.0080
-15.2228  17.3075  -1.1113   0.0123
-15.3333  16.9987  -1.1470   0.0169
-15.4400  16.6919  -1.1830   0.0216
-15.5430  16.3873  -1.2191   0.0266
-15.6424  16.0848  -1.2554   0.0318
-15.7383  15.7844  -1.2920   0.0373
-15.8307  15.4862  -1.3287   0.0431
-15.9197  15.1901  -1.3657   0.0492
-16.0055  14.8961  -1.4030   0.0555
-16.0880  14.6043  -1.4405   0.0622
-16.1664  14.3153  -1.4783   0.0693
-16.2440  14.0270  -1.5163   0.0767
-16.3179  13.7414  -1.5547   0.0845
-16.3890  13.4578  -1.5933   0.0928
-16.4575  13.1762  -1.6322   0.1016
-16.5234  12.8967  -1.6715   0.1108
-16.5868  12.6192  -1.7111   0.1207
-16.6479  12.3437  -1.7510   0.1311
-16.7067  12.0701  -1.7912   0.1422
-16.7632  11.7985  -1.8317   0.1541
-16.8177  11.5288  -1.8726   0.1667
  0.0000   0.0000   0.0000   0.0000
 -1.7661  -2.7457  -3.7230   0.3087
 -2.0980  -2.8451  -4.3062   0.3442
 -2.0850  -2.4358  -4.2857   0.3639
 -2.1949  -2.2224  -4.2489   0.4476
 -2.1493  -1.7998  -4.0521   0.2133
 -2.0968  -1.5369  -3.8605   0.2002
 -2.0450  -1.3044  -3.6740   0.1897
 -1.9927  -1.1090  -3.4923   0.1811
 -1.9399  -0.9435  -3.3151   0.1741
 -1.8868  -0.8034  -3.1422   0.1683
 -1.8332  -0.6846  -2.9733   0.1636
 -1.7792  -0.5838  -2.8081   0.1596
 -1.7249  -0.4980  -2.6465   0.1563
 -1.6701  -0.4250  -2.4883   0.1534
 -1.6150  -0.3626  -2.3334   0.1510
 -1.5595  -0.3092  -2.1815   0.1489
 -1.5036  -0.2633  -2.0326   0.1470
 -1.4473  -0.2238  -1.8865   0.1454
 -1.3906  -0.1896  -1.7432   0.1439
 -1.3335  -0.1600  -1.6025   0.1426
 -1.2760  -0.1342  -1.4645   0.1414
 -1.2180  -0.1116  -1.3289   0.1404
 -1.1595  -0.0918  -1.1957   0.1394
 -1.1005  -0.0743  -1.0649   0.1387
 -1.0410  -0.0589  -0.9363   0.1380
 -0.9810  -0.0451  -0.8100   0.1374
 -0.9203  -0.0327  -0.6859   0.1370
 -0.8591  -0.0217  -0.5639   0.1367
 -0.7972  -0.0117  -0.4439   0.1366
 -0.7347  -0.0026  -0.3259   0.1366
 -0.6716   0.0056  -0.2099   0.1366
 -0.6077   0.0132  -0.0958   0.1368
 -0.5431   0.0201   0.0164   0.1371
 -0.4778   0.0265   0.1268   0.1375
 -0.4117   0.0324   0.2355   0.1379
 -0.3449   0.0380   0.3424   0.1384
 -0.2772   0.0431   0.4476   0.1388
 -0.2087   0.0480   0.5512   0.1392
 -0.1394   0.0527   0.6532   0.1395
 -0.0691   0.0572   0.7536   0.1395
  0.0020   0.0615   0.8524   0.1393
  0.0741   0.0657   0.9498   0.1386
  0.1472   0.0699   1.0456   0.1375
  0.2212   0.0742   1.1401   0.1357
  0.2963   0.0785   1.2331   0.1331
  0.3724   0.0831   1.3248   0.1294
  0.4496   0.0879   1.4151   0.1244
  0.5278   0.0931   1.5042   0.1178
  0.6072   0.0989   1.5920   0.1093
  0.6878   0.1052   1.6786   0.0984
  0.7695   0.1124   1.7641   0.0848
  0.8524   0.1206   1.8485   0.0677
  0.9366   0.1301   1.9319   0.0466
  1.0219   0.1410   2.0144   0.0207
  1.1086   0.1538   2.0961  -0.0111
  1.1965   0.1688   2.1772  -0.0498
  1.2858   0.1864   2.2576  -0.0967
  1.3764   0.2071   2.3378  -0.1534
  1.4684   0.2316   2.4177  -0.2219
  1.5618   0.2604   2.4978  -0.3043
  1.6566   0.2945   2.5782  -0.4032
  1.7528   0.3348   2.6595  -0.5218
  1.8506   0.3825   2.7420  -0.6639
  1.9498   0.4387   2.8262  -0.8337
  2.0506   0.5050   2.9128  -1.0366
  2.1530   0.5833   3.0024  -1.2787
  2.2570   0.6755   3.0958  -1.5672
  2.3626   0.7841   3.1938  -1.9107
  0.0000   0.0000   0.0000   0.0000
  0.3462   0.2418  10.8887  22.9969
  0.3647   0.2231  12.3705  24.5745
  0.3728   0.2041  12.3914  24.6976
  0.3816   0.1869  12.2557  24.6987
  0.3903   0.1706  12.1027  24.6879
  0.3990   0.1551  11.9472  24.6757
  0.4078   0.1407  11.7899  24.6624
  0.4166   0.1274  11.6308  24.6482
  0.4254   0.1150  11.4699  24.6329
  0.4342   0.1035  11.3072  24.6167
  0.4430   0.0929  11.1428  24.5995
  0.4519   0.0832  10.9767  24.5812
  0.4608   0.0742  10.8090  24.5620
  0.4697   0.0659  10.6394  24.5417
  0.4787   0.0583  10.4682  24.5203
  0.4877   0.0513  10.2953  24.4978
  0.4967   0.0449  10.1207  24.4742
  0.5057   0.0390   9.9446  24.4495
  0.5148   0.0337   9.7668  24.4236
  0.5239   0.0288   9.5874  24.3967
  0.5330   0.0243   9.4065  24.3685
  0.5422   0.0203   9.2241  24.3391
  0.5514   0.0166   9.0402  24.3086
  0.5606   0.0133   8.8549  24.2768
  0.5699   0.0102   8.6681  24.2437
  0.5791   0.0075   8.4800  24.2093
  0.5885   0.0051   8.2906  24.1737
  0.5978   0.0029   8.0999  24.1367
  0.6072   0.0010   7.9079  24.0984
  0.6166  -0.0007   7.7148  24.0586
  0.6260  -0.0022   7.5205  24.0175
  0.6355  -0.0035   7.3251  23.9750
  0.6450  -0.0047   7.1287  23.9310
  0.6545  -0.0057   6.9314  23.8855
  0.6641  -0.0066   6.7331  23.8385
  0.6737  -0.0073   6.5339  23.7900
  0.6833  -0.0080   6.3340  23.7400
  0.6929  -0.0085   6.1333  23.6884
  0.7026  -0.0090   5.9320  23.6352
  0.7123  -0.0093   5.7300  23.5803
  0.7220  -0.0096   5.5275  23.5239
  0.7318  -0.0099   5.3246  23.4658
  0.7415  -0.0101   5.1213  23.4060
  0.7514  -0.0103   4.9176  23.3445
  0.7612  -0.0105   4.7137  23.2813
  0.7711  -0.0107   4.5097  23.2164
  0.7810  -0.0109   4.3055  23.1498
  0.7909  -0.0111   4.1013  23.0814
  0.8008  -0.0113   3.8972  23.0112
  0.8108  -0.0115   3.6931  22.9392
  0.8208  -0.0118   3.4893  22.8655
  0.8308  -0.0122   3.2858  22.7899
  0.8409  -0.0126   3.0826  22.7126
  0.8510  -0.0131   2.8798  22.6334
  0.8611  -0.0137   2.6775  22.5524
  0.8713  -0.0144   2.4757  22.4696
  0.8814  -0.0152   2.2746  22.3850
  0.8916  -0.0162   2.0742  22.2985
  0.9019  -0.0173   1.8745  22.2102
  0.9121  -0.0185   1.6757  22.1201
  0.9224  -0.0199   1.4777  22.0282
  0.9327  -0.0215   1.2807  21.9345
  0.9430  -0.0233   1.0846  21.8389
  0.9534  -0.0253   0.8896  21.7416
  0.9638  -0.0276   0.6957  21.6424
  0.9742  -0.0301   0.5029  21.5415
  0.9846  -0.0328   0.3113  21.4388
  0.9950  -0.0358   0.1210  21.3344
  1.0055  -0.0392  -0.0681  21.2282
  1.0160  -0.0428  -0.2560  21.1202
  1.0265  -0.0468  -0.4425  21.0105
  1.0370  -0.0512  -0.6276  20.8991
  1.0475  -0.0560  -0.8114  20.7860
  1.0580  -0.0612  -0.9938  20.6713
  1.0685  -0.0669  -1.1748  20.5548
  1.0789  -0.0731  -1.3544  20.4368
  1.0890  -0.0801  -1.5325  20.3171
  1.0984  -0.0881  -1.7092  20.1959
  1.1052  -0.0975  -1.8844  20.0734
  0.0000   0.0000   0.0000   0.0000
 -2.2301   0.1462  -2.0977  -1.7267
 -2.5758   0.1474  -2.4776  -1.8302
 -2.5407   0.1112  -2.5104  -1.6451
 -2.4271   0.0774  -2.4797  -1.4330
 -2.3141   0.0575  -2.4330  -1.2424
 -2.1993   0.0407  -2.3837  -1.0787
 -2.0854   0.0274  -2.3338  -0.9394
 -1.9730   0.0175  -2.2836  -0.8209
 -1.8622   0.0105  -2.2328  -0.7199
 -1.7532   0.0060  -2.1813  -0.6336
 -1.6460   0.0036  -2.1291  -0.5596
 -1.5405   0.0028  -2.0759  -0.4958
 -1.4367   0.0033  -2.0217  -0.4406
 -1.3347   0.0048  -1.9664  -0.3926
 -1.2345   0.0071  -1.9100  -0.3506
 -1.1360   0.0101  -1.8522  -0.3136
 -1.0393   0.0134  -1.7932  -0.2809
 -0.9444   0.0170  -1.7328  -0.2518
 -0.8511   0.0208  -1.6710  -0.2257
 -0.7597   0.0247  -1.6077  -0.2021
 -0.6699   0.0285  -1.5428  -0.1807
 -0.5819   0.0323  -1.4764  -0.1611
 -0.4956   0.0359  -1.4084  -0.1431
 -0.4110   0.0394  -1.3387  -0.1265
 -0.3280   0.0427  -1.2674  -0.1111
 -0.2468   0.0457  -1.1942  -0.0967
 -0.1673   0.0485  -1.1193  -0.0832
 -0.0895   0.0509  -1.0425  -0.0704
 -0.0134   0.0532  -0.9639  -0.0584
  0.0611   0.0551  -0.8834  -0.0471
  0.1339   0.0567  -0.8008  -0.0363
  0.2050   0.0580  -0.7163  -0.0261
  0.2745   0.0590  -0.6298  -0.0163
  0.3423   0.0597  -0.5411  -0.0070
  0.4085   0.0600  -0.4504   0.0018
  0.4730   0.0601  -0.3574   0.0102
  0.5358   0.0598  -0.2623   0.0183
  0.5970   0.0593  -0.1649   0.0260
  0.6566   0.0584  -0.0652   0.0334
  0.7145   0.0572   0.0369   0.0404
  0.7708   0.0557   0.1413   0.0471
  0.8255   0.0538   0.2481   0.0536
  0.8786   0.0516   0.3574   0.0599
  0.9300   0.0491   0.4692   0.0659
  0.9799   0.0463   0.5836   0.0719
  1.0281   0.0431   0.7005   0.0777
  1.0747   0.0396   0.8202   0.0835
  1.1198   0.0356   0.9425   0.0895
  1.1633   0.0313   1.0675   0.0956
  1.2052   0.0266   1.1954   0.1020
  1.2456   0.0214   1.3260   0.1088
  1.2844   0.0158   1.4596   0.1164
  1.3217   0.0096   1.5961   0.1248
  1.3574   0.0029   1.7355   0.1344
  1.3917  -0.0045   1.8780   0.1455
  1.4245  -0.0125   2.0236   0.1584
  1.4558  -0.0213   2.1723   0.1737
  1.4857  -0.0309   2.3241   0.1918
  1.5141  -0.0414   2.4792   0.2135
  1.5412  -0.0530   2.6375   0.2396
  1.5669  -0.0659   2.7991   0.2708
  1.5912  -0.0801   2.9640   0.3085
  1.6143  -0.0958   3.1323   0.3538
  1.6361  -0.1134   3.3039   0.4083
  1.6567  -0.1329   3.4788   0.4737
  1.6762  -0.1548   3.6571   0.5523
  1.6945  -0.1793   3.8386   0.6466
  1.7117  -0.2068   4.0234   0.7594
  0.0000   0.0000   0.0000   0.0000
 -5.0699  31.1054   0.9548  -0.0897
 -5.1969  32.7748   0.9353  -0.0879
 -5.3198  32.7780   0.8750  -0.0824
 -5.4325  32.9023   0.8139  -0.0773
 -5.7027  32.5529   0.7552  -0.0729
 -5.9752  32.1989   0.6980  -0.0691
 -6.2460  31.8452   0.6422  -0.0658
 -6.5156  31.4916   0.5877  -0.0630
 -6.7836  31.1382   0.5346  -0.0606
 -7.0499  30.7851   0.4826  -0.0585
 -7.3144  30.4323   0.4319  -0.0567
 -7.5768  30.0799   0.3823  -0.0552
 -7.8369  29.7278   0.3338  -0.0540
 -8.0947  29.3761   0.2863  -0.0529
 -8.3499  29.0249   0.2398  -0.0520
 -8.6025  28.6742   0.1943  -0.0512
 -8.8521  28.3240   0.1496  -0.0506
 -9.0987  27.9743   0.1058  -0.0500
 -9.3422  27.6253   0.0628  -0.0495
 -9.5824  27.2769   0.0206  -0.0490
 -9.8192  26.9292  -0.0209  -0.0485
-10.0525  26.5822  -0.0618  -0.0481
-10.2821  26.2360  -0.1020  -0.0476
-10.5079  25.8906  -0.1416  -0.0470
-10.7299  25.5462  -0.1806  -0.0464
-10.9480  25.2026  -0.2192  -0.0458
-11.1620  24.8601  -0.2572  -0.0450
-11.3719  24.5186  -0.2948  -0.0442
-11.5777  24.1782  -0.3320  -0.0432
-11.7792  23.8390  -0.3688  -0.0422
-11.9765  23.5009  -0.4053  -0.0411
-12.1695  23.1642  -0.4414  -0.0398
-12.3581  22.8287  -0.4773  -0.0384
-12.5424  22.4946  -0.5129  -0.0369
-12.7223  22.1619  -0.5482  -0.0352
-12.8979  21.8307  -0.5834  -0.0334
-13.0690  21.5010  -0.6185  -0.0314
-13.2359  21.1729  -0.6533  -0.0293
-13.3983  20.8464  -0.6881  -0.0270
-13.5565  20.5215  -0.7228  -0.0246
-13.7103  20.1983  -0.7574  -0.0220
-13.8599  19.8769  -0.7920  -0.0193
-14.0053  19.5572  -0.8265  -0.0164
-14.1466  19.2394  -0.8611  -0.0133
-14.2837  18.9233  -0.8957  -0.0101
-14.4168  18.6092  -0.9303  -0.0067
-14.5458  18.2969  -0.9650  -0.0031
-14.6710  17.9866  -0.9998   0.0007
-14.7923  17.6782  -1.0347   0.0046
-14.9098  17.3718  -1.0697   0.0088
-15.0236  17.0673  -1.1049   0.0131
-15.1338  16.7649  -1.1402   0.0177
-15.2405  16.4644  -1.1757   0.0225
-15.3437  16.1660  -1.2114   0.0275
-15.4435  15.8696  -1.2472   0.0328
-15.5400  15.5752  -1.2833   0.0383
-15.6333  15.2828  -1.3196   0.0440
-15.7235  14.9924  -1.3562   0.0501
-15.8106  14.7041  -1.3930   0.0564
-15.8948  14.4178  -1.4300   0.0631
-15.9760  14.1336  -1.4674   0.0701
-16.0518  13.8530  -1.5050   0.0775
-16.1302  13.5711  -1.5429   0.0852
-16.2037  13.2927  -1.5811   0.0934
-16.2747  13.0162  -1.6196   0.1021
-16.3434  12.7416  -1.6584   0.1112
-16.4097  12.4689  -1.6976   0.1209
-16.4738  12.1981  -1.7371   0.1312
-16.5358  11.9291  -1.7769   0.1421
-16.5957  11.6619  -1.8171   0.1537
-16.6537  11.3966  -1.8576   0.1660
  0.0000   0.0000   0.0000   0.0000
 -1.6852  -2.7643  -3.6609   0.3583
 -2.0043  -2.8647  -4.2353   0.3938
 -1.9944  -2.4487  -4.2158   0.4026
 -2.1042  -2.2350  -4.1809   0.4848
 -2.0632  -1.8071  -3.9883   0.2434
 -2.0145  -1.5430  -3.8007   0.2242
 -1.9663  -1.3088  -3.6181   0.2085
 -1.9174  -1.1124  -3.4402   0.1954
 -1.8678  -0.9462  -3.2667   0.1845
 -1.8177  -0.8058  -3.0973   0.1754
 -1.7670  -0.6869  -2.9318   0.1678
 -1.7158  -0.5861  -2.7700   0.1614
 -1.6641  -0.5006  -2.6117   0.1559
 -1.6120  -0.4278  -2.4566   0.1513
 -1.5595  -0.3657  -2.3047   0.1473
 -1.5065  -0.3126  -2.1558   0.1438
 -1.4532  -0.2671  -2.0098   0.1408
 -1.3994  -0.2280  -1.8666   0.1382
 -1.3452  -0.1942  -1.7260   0.1358
 -1.2906  -0.1649  -1.5880   0.1338
 -1.2356  -0.1395  -1.4525   0.1320
 -1.1801  -0.1172  -1.3195   0.1304
 -1.1242  -0.0977  -1.1887   0.1291
 -1.0678  -0.0805  -1.0603   0.1279
 -1.0108  -0.0653  -0.9341   0.1269
 -0.9534  -0.0518  -0.8100   0.1261
 -0.8953  -0.0397  -0.6880   0.1255
 -0.8367  -0.0288  -0.5680   0.1251
 -0.7775  -0.0190  -0.4501   0.1248
 -0.7177  -0.0101  -0.3341   0.1246
 -0.6572  -0.0020  -0.2199   0.1247
 -0.5961   0.0055  -0.1076   0.1248
 -0.5343   0.0123   0.0029   0.1251
 -0.4718   0.0187   0.1117   0.1255
 -0.4086   0.0246   0.2187   0.1260
 -0.3446   0.0301   0.3242   0.1265
 -0.2798   0.0353   0.4280   0.1270
 -0.2142   0.0402   0.5302   0.1275
 -0.1478   0.0450   0.6309   0.1279
 -0.0806   0.0496   0.7301   0.1280
 -0.0124   0.0540   0.8278   0.1280
  0.0566   0.0585   0.9241   0.1275
  0.1265   0.0629   1.0190   0.1266
  0.1974   0.0675   1.1126   0.1250
  0.2692   0.0722   1.2048   0.1226
  0.3421   0.0771   1.2958   0.1192
  0.4159   0.0824   1.3855   0.1146
  0.4909   0.0882   1.4740   0.1084
  0.5669   0.0946   1.5614   0.1003
  0.6439   0.1017   1.6476   0.0900
  0.7222   0.1098   1.7328   0.0768
  0.8015   0.1190   1.8171   0.0604
  0.8820   0.1297   1.9004   0.0400
  0.9638   0.1420   1.9829   0.0149
  1.0467   0.1564   2.0647  -0.0160
  1.1309   0.1733   2.1459  -0.0536
  1.2163   0.1930   2.2266  -0.0993
  1.3030   0.2163   2.3071  -0.1546
  1.3911   0.2438   2.3874  -0.2215
  1.4805   0.2761   2.4680  -0.3020
  1.5712   0.3143   2.5490  -0.3987
  1.6633   0.3594   2.6309  -0.5148
  1.7569   0.4125   2.7140  -0.6538
  1.8518   0.4753   2.7989  -0.8202
  1.9483   0.5492   2.8862  -1.0190
  2.0462   0.6364   2.9765  -1.2563
  2.1455   0.7390   3.0707  -1.5393
  2.2463   0.8599   3.1694  -1.8762
  2.3485   1.0021   3.2737  -2.2767
  0.0000   0.0000   0.0000   0.0000
  0.3000   0.0807  10.2850  22.3288
  0.3125   0.0781  11.6948  23.9011
  0.3205   0.0977  11.7109  24.0334
  0.3287   0.1028  11.5775  24.0464
  0.3371   0.1009  11.4336  24.0519
  0.3456   0.0955  11.2875  24.0559
  0.3543   0.0885  11.1393  24.0586
  0.3631   0.0808  10.9892  24.0600
  0.3720   0.0731  10.8372  24.0601
  0.3811   0.0655  10.6844  24.0594
  0.3902   0.0583  10.5280  24.0567
  0.3995   0.0515  10.3708  24.0532
  0.4089   0.0451  10.2118  24.0483
  0.4183   0.0392  10.0508  24.0419
  0.4278   0.0337   9.8880  24.0342
  0.4374   0.0287   9.7235  24.0251
  0.4471   0.0242   9.5572  24.0147
  0.4569   0.0200   9.3893  24.0029
  0.4667   0.0161   9.2197  23.9897
  0.4766   0.0127   9.0486  23.9751
  0.4866   0.0095   8.8758  23.9591
  0.4966   0.0067   8.7015  23.9416
  0.5066   0.0041   8.5257  23.9227
  0.5168   0.0019   8.3484  23.9024
  0.5269  -0.0002   8.1697  23.8806
  0.5372  -0.0020   7.9896  23.8573
  0.5474  -0.0036   7.8083  23.8325
  0.5577  -0.0050   7.6256  23.8061
  0.5681  -0.0063   7.4417  23.7782
  0.5784  -0.0073   7.2567  23.7488
  0.5888  -0.0082   7.0705  23.7178
  0.5993  -0.0090   6.8833  23.6852
  0.6098  -0.0096   6.6951  23.6510
  0.6203  -0.0102   6.5059  23.6151
  0.6308  -0.0106   6.3159  23.5776
  0.6414  -0.0109   6.1251  23.5385
  0.6519  -0.0112   5.9335  23.4976
  0.6625  -0.0114   5.7413  23.4551
  0.6731  -0.0115   5.5484  23.4108
  0.6838  -0.0116   5.3550  23.3648
  0.6944  -0.0116   5.1612  23.3171
  0.7051  -0.0116   4.9669  23.2677
  0.7157  -0.0115   4.7723  23.2164
  0.7264  -0.0115   4.5775  23.1634
  0.7371  -0.0114   4.3825  23.1086
  0.7477  -0.0114   4.1874  23.0519
  0.7584  -0.0114   3.9923  22.9935
  0.7691  -0.0113   3.7973  22.9332
  0.7798  -0.0114   3.6023  22.8711
  0.7904  -0.0114   3.4076  22.8072
  0.8011  -0.0115   3.2131  22.7414
  0.8117  -0.0117   3.0190  22.6738
  0.8223  -0.0119   2.8253  22.6043
  0.8329  -0.0122   2.6322  22.5329
  0.8435  -0.0126   2.4395  22.4597
  0.8541  -0.0131   2.2475  22.3846
  0.8646  -0.0137   2.0562  22.3077
  0.8751  -0.0145   1.8657  22.2289
  0.8855  -0.0154   1.6760  22.1483
  0.8959  -0.0164   1.4871  22.0658
  0.9062  -0.0176   1.2993  21.9814
  0.9165  -0.0189   1.1124  21.8952
  0.9268  -0.0204   0.9266  21.8071
  0.9369  -0.0222   0.7418  21.7172
  0.9470  -0.0241   0.5583  21.6254
  0.9570  -0.0262   0.3759  21.5318
  0.9669  -0.0285   0.1948  21.4363
  0.9767  -0.0310   0.0150  21.3389
  0.9864  -0.0337  -0.1635  21.2397
  0.9960  -0.0364  -0.3407  21.1385
  1.0054  -0.0391  -0.5164  21.0355
  1.0147  -0.0416  -0.6907  20.9304
  1.0237  -0.0435  -0.8636  20.8233
  1.0326  -0.0443  -1.0349  20.7142
  1.0412  -0.0432  -1.2046  20.6027
  1.0494  -0.0391  -1.3725  20.4889
  1.0569  -0.0302  -1.5386  20.3725
  1.0618  -0.0145  -1.7022  20.2535
  1.0534   0.0090  -1.8629  20.1323
  0.0000   0.0000   0.0000   0.0000
 -2.0897   0.2294  -2.2257  -1.6936
 -2.3923   0.1983  -2.6172  -1.8014
 -2.3213   0.1437  -2.6689  -1.6211
 -2.2332   0.1289  -2.6301  -1.4137
 -2.1309   0.1089  -2.5767  -1.2268
 -2.0260   0.0889  -2.5205  -1.0660
 -1.9215   0.0712  -2.4638  -0.9291
 -1.8181   0.0565  -2.4068  -0.8124
 -1.7160   0.0449  -2.3494  -0.7129
 -1.6153   0.0359  -2.2914  -0.6276
 -1.5159   0.0293  -2.2327  -0.5543
 -1.4180   0.0247  -2.1732  -0.4910
 -1.3215   0.0217  -2.1128  -0.4362
 -1.2265   0.0201  -2.0513  -0.3884
 -1.1330   0.0195  -1.9888  -0.3465
 -1.0411   0.0199  -1.9251  -0.3096
 -0.9507   0.0209  -1.8603  -0.2769
 -0.8618   0.0225  -1.7941  -0.2478
 -0.7745   0.0244  -1.7267  -0.2216
 -0.6888   0.0266  -1.6579  -0.1980
 -0.6046   0.0289  -1.5877  -0.1765
 -0.5220   0.0313  -1.5160  -0.1569
 -0.4410   0.0338  -1.4429  -0.1388
 -0.3616   0.0361  -1.3681  -0.1221
 -0.2838   0.0384  -1.2918  -0.1067
 -0.2076   0.0406  -1.2139  -0.0922
 -0.1330   0.0426  -1.1343  -0.0787
 -0.0599   0.0444  -1.0530  -0.0660
  0.0115   0.0460  -0.9699  -0.0541
  0.0813   0.0474  -0.8850  -0.0428
  0.1494   0.0485  -0.7983  -0.0321
  0.2160   0.0494  -0.7097  -0.0219
  0.2809   0.0500  -0.6191  -0.0123
  0.3443   0.0504  -0.5266  -0.0031
  0.4060   0.0504  -0.4321   0.0056
  0.4661   0.0502  -0.3356   0.0139
  0.5245   0.0498  -0.2369   0.0218
  0.5813   0.0490  -0.1361   0.0294
  0.6365   0.0479  -0.0332   0.0366
  0.6901   0.0465   0.0720   0.0434
  0.7420   0.0449   0.1794   0.0500
  0.7923   0.0429   0.2892   0.0563
  0.8410   0.0406   0.4013   0.0623
  0.8880   0.0380   0.5157   0.0682
  0.9334   0.0350   0.6327   0.0739
  0.9772   0.0317   0.7521   0.0795
  1.0193   0.0280   0.8740   0.0850
  1.0598   0.0239   0.9985   0.0907
  1.0987   0.0194   1.1257   0.0964
  1.1359   0.0145   1.2555   0.1025
  1.1715   0.0090   1.3880   0.1090
  1.2055   0.0031   1.5233   0.1161
  1.2380  -0.0034   1.6614   0.1241
  1.2688  -0.0105   1.8024   0.1331
  1.2980  -0.0183   1.9463   0.1435
  1.3256  -0.0268   2.0932   0.1557
  1.3517  -0.0361   2.2431   0.1700
  1.3763  -0.0463   2.3961   0.1872
  1.3993  -0.0575   2.5522   0.2076
  1.4209  -0.0698   2.7114   0.2322
  1.4410  -0.0834   2.8738   0.2617
  1.4597  -0.0982   3.0394   0.2973
  1.4770  -0.1144   3.2083   0.3401
  1.4930  -0.1322   3.3805   0.3916
  1.5077  -0.1515   3.5559   0.4535
  1.5212  -0.1724   3.7345   0.5280
  1.5335  -0.1947   3.9164   0.6172
  1.5446  -0.2184   4.1013   0.7241
  0.0000   0.0000   0.0000   0.0000
 -5.8609  31.0640   0.9970  -0.1079
 -6.0765  32.6257   0.9781  -0.1050
 -6.2251  32.8870   0.9168  -0.0981
 -6.3533  32.7585   0.8558  -0.0918
 -6.5331  32.5455   0.7963  -0.0862
 -6.7997  32.1962   0.7384  -0.0813
 -7.0648  31.8467   0.6820  -0.0770
 -7.3286  31.4972   0.6268  -0.0731
 -7.5908  31.1476   0.5729  -0.0698
 -7.8512  30.7983   0.5203  -0.0668
 -8.1097  30.4492   0.4688  -0.0643
 -8.3660  30.1004   0.4184  -0.0621
 -8.6200  29.7518   0.3690  -0.0601
 -8.8716  29.4036   0.3207  -0.0584
 -9.1205  29.0558   0.2734  -0.0569
 -9.3667  28.7084   0.2269  -0.0557
 -9.6099  28.3615   0.1814  -0.0545
 -9.8500  28.0150   0.1366  -0.0535
-10.0870  27.6692   0.0927  -0.0526
-10.3205  27.3240   0.0495  -0.0517
-10.5506  26.9794   0.0070  -0.0509
-10.7771  26.6355  -0.0349  -0.0501
-10.9999  26.2924  -0.0761  -0.0494
-11.2189  25.9502  -0.1167  -0.0486
-11.4339  25.6088  -0.1568  -0.0478
-11.6450  25.2684  -0.1964  -0.0469
-11.8519  24.9289  -0.2355  -0.0460
-12.0547  24.5905  -0.2741  -0.0451
-12.2533  24.2532  -0.3124  -0.0440
-12.4476  23.9171  -0.3503  -0.0429
-12.6376  23.5822  -0.3879  -0.0417
-12.8232  23.2486  -0.4251  -0.0404
-13.0045  22.9164  -0.4621  -0.0389
-13.1813  22.5855  -0.4988  -0.0374
-13.3537  22.2561  -0.5353  -0.0357
-13.5217  21.9282  -0.5716  -0.0339
-13.6853  21.6018  -0.6078  -0.0320
-13.8444  21.2771  -0.6438  -0.0300
-13.9992  20.9539  -0.6797  -0.0278
-14.1495  20.6325  -0.7155  -0.0254
-14.2956  20.3129  -0.7512  -0.0229
-14.4373  19.9950  -0.7869  -0.0203
-14.5748  19.6789  -0.8226  -0.0175
-14.7081  19.3647  -0.8583  -0.0146
-14.8372  19.0523  -0.8940  -0.0114
-14.9622  18.7419  -0.9298  -0.0082
-15.0832  18.4334  -0.9656  -0.0047
-15.2001  18.1269  -1.0015  -0.0011
-15.3132  17.8224  -1.0375   0.0027
-15.4225  17.5199  -1.0736   0.0068
-15.5280  17.2195  -1.1098   0.0110
-15.6298  16.9210  -1.1462   0.0154
-15.7281  16.6246  -1.1827   0.0200
-15.8228  16.3303  -1.2194   0.0249
-15.9141  16.0380  -1.2563   0.0300
-16.0020  15.7478  -1.2934   0.0353
-16.0867  15.4597  -1.3307   0.0409
-16.1682  15.1737  -1.3682   0.0468
-16.2463  14.8899  -1.4059   0.0531
-16.3215  14.6081  -1.4439   0.0596
-16.3941  14.3281  -1.4822   0.0665
-16.4640  14.0502  -1.5207   0.0737
-16.5311  13.7742  -1.5594   0.0814
-16.5956  13.5002  -1.5985   0.0895
-16.6576  13.2283  -1.6378   0.0981
-16.7172  12.9582  -1.6775   0.1072
-16.7744  12.6901  -1.7174   0.1169
-16.8293  12.4239  -1.7576   0.1271
-16.8820  12.1595  -1.7982   0.1380
-16.9327  11.8970  -1.8390   0.1497
-16.9813  11.6363  -1.8802   0.1621
  0.0000   0.0000   0.0000   0.0000
 -1.7934  -2.7768  -3.6676   0.3429
 -2.1186  -2.8771  -4.2573   0.3691
 -2.1541  -2.5383  -4.2296   0.3427
 -2.1195  -2.1437  -4.0847   0.3197
 -2.1085  -1.8531  -3.9405   0.3054
 -2.0661  -1.5532  -3.7655   0.2391
 -2.0214  -1.3202  -3.5938   0.2204
 -1.9758  -1.1213  -3.4253   0.2050
 -1.9292  -0.9537  -3.2599   0.1922
 -1.8815  -0.8120  -3.0974   0.1816
 -1.8328  -0.6922  -2.9378   0.1727
 -1.7832  -0.5907  -2.7810   0.1653
 -1.7326  -0.5045  -2.6269   0.1590
 -1.6811  -0.4312  -2.4753   0.1537
 -1.6289  -0.3687  -2.3262   0.1492
 -1.5758  -0.3152  -2.1796   0.1454
 -1.5219  -0.2693  -2.0353   0.1421
 -1.4672  -0.2299  -1.8934   0.1392
 -1.4118  -0.1958  -1.7537   0.1368
 -1.3556  -0.1662  -1.6161   0.1347
 -1.2987  -0.1404  -1.4808   0.1329
 -1.2411  -0.1178  -1.3475   0.1314
 -1.1827  -0.0980  -1.2163   0.1301
 -1.1235  -0.0805  -1.0871   0.1290
 -1.0636  -0.0649  -0.9598   0.1281
 -1.0030  -0.0510  -0.8345   0.1275
 -0.9416  -0.0385  -0.7111   0.1270
 -0.8794  -0.0273  -0.5896   0.1268
 -0.8164  -0.0171  -0.4699   0.1267
 -0.7526  -0.0079  -0.3520   0.1268
 -0.6880   0.0006  -0.2358   0.1270
 -0.6225   0.0084  -0.1214   0.1274
 -0.5563   0.0156  -0.0088   0.1280
 -0.4891   0.0223   0.1022   0.1286
 -0.4211   0.0286   0.2116   0.1293
 -0.3523   0.0344   0.3193   0.1300
 -0.2825   0.0399   0.4253   0.1308
 -0.2118   0.0452   0.5298   0.1315
 -0.1402   0.0502   0.6327   0.1321
 -0.0676   0.0550   0.7341   0.1324
  0.0060   0.0598   0.8340   0.1326
  0.0805   0.0644   0.9323   0.1323
  0.1561   0.0690   1.0292   0.1315
  0.2326   0.0737   1.1247   0.1301
  0.3102   0.0785   1.2187   0.1279
  0.3889   0.0835   1.3113   0.1246
  0.4687   0.0887   1.4026   0.1201
  0.5495   0.0944   1.4925   0.1140
  0.6315   0.1006   1.5812   0.1060
  0.7147   0.1074   1.6686   0.0957
  0.7990   0.1151   1.7548   0.0827
  0.8845   0.1238   1.8399   0.0663
  0.9712   0.1337   1.9239   0.0459
  1.0591   0.1452   2.0070   0.0208
  1.1483   0.1586   2.0893  -0.0101
  1.2388   0.1742   2.1707  -0.0478
  1.3306   0.1926   2.2516  -0.0935
  1.4238   0.2141   2.3321  -0.1490
  1.5183   0.2395   2.4124  -0.2161
  1.6142   0.2695   2.4928  -0.2968
  1.7115   0.3049   2.5735  -0.3940
  1.8103   0.3469   2.6549  -0.5106
  1.9105   0.3965   2.7374  -0.6505
  2.0123   0.4552   2.8216  -0.8179
  2.1156   0.5246   2.9080  -1.0182
  2.2205   0.6067   2.9973  -1.2576
  2.3269   0.7037   3.0903  -1.5435
  2.4350   0.8184   3.1877  -1.8844
  0.0000   0.0000   0.0000   0.0000
  0.3490   0.2461  11.0133  23.1932
  0.3682   0.2268  12.4980  24.7814
  0.3763   0.2074  12.5201  24.9047
  0.3849   0.1900  12.3842  24.9047
  0.3936   0.1733  12.2308  24.8927
  0.4022   0.1576  12.0750  24.8793
  0.4109   0.1430  11.9173  24.8648
  0.4196   0.1293  11.7577  24.8493
  0.4283   0.1167  11.5964  24.8329
  0.4370   0.1050  11.4334  24.8155
  0.4458   0.0942  11.2686  24.7970
  0.4546   0.0843  11.1021  24.7776
  0.4634   0.0751  10.9338  24.7571
  0.4722   0.0667  10.7638  24.7356
  0.4811   0.0589  10.5921  24.7130
  0.4900   0.0518  10.4187  24.6893
  0.4990   0.0452  10.2437  24.6646
  0.5079   0.0392  10.0670  24.6387
  0.5169   0.0337   9.8887  24.6117
  0.5260   0.0287   9.7089  24.5835
  0.5350   0.0242   9.5275  24.5542
  0.5441   0.0200   9.3446  24.5237
  0.5533   0.0163   9.1602  24.4919
  0.5624   0.0129   8.9744  24.4590
  0.5716   0.0098   8.7871  24.4248
  0.5809   0.0070   8.5985  24.3893
  0.5901   0.0045   8.4086  24.3525
  0.5994   0.0023   8.2174  24.3144
  0.6088   0.0003   8.0250  24.2749
  0.6181  -0.0014   7.8314  24.2341
  0.6275  -0.0030   7.6366  24.1918
  0.6370  -0.0043   7.4408  24.1482
  0.6464  -0.0055   7.2439  24.1031
  0.6559  -0.0066   7.0461  24.0565
  0.6654  -0.0075   6.8474  24.0085
  0.6750  -0.0082   6.6478  23.9589
  0.6846  -0.0089   6.4474  23.9078
  0.6942  -0.0094   6.2463  23.8551
  0.7038  -0.0099   6.0446  23.8008
  0.7135  -0.0103   5.8422  23.7449
  0.7232  -0.0106   5.6393  23.6874
  0.7329  -0.0109   5.4360  23.6283
  0.7427  -0.0111   5.2323  23.5675
  0.7525  -0.0113   5.0283  23.5049
  0.7623  -0.0115   4.8241  23.4407
  0.7721  -0.0117   4.6197  23.3748
  0.7820  -0.0119   4.4152  23.3071
  0.7919  -0.0121   4.2107  23.2377
  0.8019  -0.0123   4.0063  23.1665
  0.8118  -0.0125   3.8020  23.0935
  0.8218  -0.0128   3.5980  23.0187
  0.8319  -0.0132   3.3942  22.9422
  0.8419  -0.0136   3.1908  22.8638
  0.8520  -0.0141   2.9878  22.7836
  0.8621  -0.0147   2.7853  22.7016
  0.8722  -0.0154   2.5834  22.6178
  0.8824  -0.0162   2.3821  22.5322
  0.8926  -0.0171   2.1816  22.4448
  0.9028  -0.0182   1.9818  22.3555
  0.9131  -0.0194   1.7829  22.2644
  0.9234  -0.0208   1.5849  22.1715
  0.9337  -0.0224   1.3878  22.0768
  0.9440  -0.0242   1.1918  21.9803
  0.9544  -0.0262   0.9968  21.8820
  0.9648  -0.0284   0.8030  21.7819
  0.9752  -0.0309   0.6103  21.6801
  0.9856  -0.0336   0.4188  21.5764
  0.9961  -0.0366   0.2286  21.4710
  1.0066  -0.0399   0.0396  21.3639
  1.0171  -0.0436  -0.1480  21.2550
  1.0276  -0.0475  -0.3343  21.1444
  1.0381  -0.0519  -0.5192  21.0321
  1.0487  -0.0566  -0.7027  20.9181
  1.0592  -0.0618  -0.8848  20.8024
  1.0697  -0.0674  -1.0655  20.6851
  1.0801  -0.0737  -1.2447  20.5661
  1.0902  -0.0806  -1.4224  20.4456
  1.0996  -0.0886  -1.5987  20.3236
  1.1062  -0.0980  -1.7734  20.2002
  0.0000   0.0000   0.0000   0.0000
 -2.2103   0.1476  -2.1008  -1.7033
 -2.5494   0.1497  -2.4819  -1.8050
 -2.5117   0.1262  -2.5133  -1.6219
 -2.3950   0.0886  -2.4806  -1.4139
 -2.2813   0.0642  -2.4340  -1.2270
 -2.1666   0.0446  -2.3849  -1.0662
 -2.0527   0.0292  -2.3353  -0.9294
 -1.9403   0.0178  -2.2854  -0.8130
 -1.8297   0.0096  -2.2349  -0.7138
 -1.7208   0.0043  -2.1838  -0.6289
 -1.6136   0.0012  -2.1320  -0.5560
 -1.5083  -0.0001  -2.0792  -0.4931
 -1.4048   0.0000  -2.0254  -0.4387
 -1.3031   0.0013  -1.9705  -0.3913
 -1.2033   0.0034  -1.9144  -0.3498
 -1.1053   0.0062  -1.8570  -0.3133
 -1.0091   0.0094  -1.7984  -0.2809
 -0.9148   0.0129  -1.7383  -0.2520
 -0.8222   0.0166  -1.6769  -0.2261
 -0.7315   0.0204  -1.6139  -0.2027
 -0.6426   0.0241  -1.5494  -0.1815
 -0.5555   0.0278  -1.4833  -0.1620
 -0.4702   0.0314  -1.4156  -0.1441
 -0.3867   0.0348  -1.3462  -0.1276
 -0.3049   0.0380  -1.2751  -0.1122
 -0.2249   0.0410  -1.2022  -0.0978
 -0.1467   0.0437  -1.1275  -0.0843
 -0.0702   0.0461  -1.0509  -0.0716
  0.0045   0.0482  -0.9724  -0.0596
  0.0775   0.0501  -0.8920  -0.0483
  0.1488   0.0516  -0.8096  -0.0375
  0.2183   0.0529  -0.7251  -0.0272
  0.2862   0.0538  -0.6386  -0.0175
  0.3523   0.0544  -0.5499  -0.0082
  0.4167   0.0547  -0.4591   0.0006
  0.4795   0.0547  -0.3661   0.0091
  0.5406   0.0544  -0.2709   0.0172
  0.6000   0.0538  -0.1734   0.0249
  0.6577   0.0528  -0.0735   0.0322
  0.7138   0.0516   0.0288   0.0392
  0.7682   0.0500   0.1334   0.0460
  0.8210   0.0482   0.2405   0.0524
  0.8722   0.0460   0.3502   0.0587
  0.9217   0.0435   0.4624   0.0647
  0.9696   0.0407   0.5772   0.0706
  1.0159   0.0376   0.6946   0.0764
  1.0607   0.0341   0.8147   0.0821
  1.1038   0.0303   0.9376   0.0880
  1.1453   0.0261   1.0633   0.0940
  1.1853   0.0216   1.1918   0.1003
  1.2238   0.0166   1.3231   0.1070
  1.2607   0.0113   1.4575   0.1144
  1.2960   0.0055   1.5948   0.1227
  1.3299  -0.0007   1.7351   0.1321
  1.3622  -0.0075   1.8785   0.1429
  1.3931  -0.0148   2.0251   0.1556
  1.4224  -0.0227   2.1748   0.1706
  1.4503  -0.0313   2.3277   0.1885
  1.4768  -0.0406   2.4840   0.2098
  1.5018  -0.0508   2.6435   0.2355
  1.5254  -0.0619   2.8064   0.2665
  1.5476  -0.0741   2.9726   0.3037
  1.5685  -0.0875   3.1422   0.3486
  1.5881  -0.1022   3.3153   0.4026
  1.6064  -0.1185   3.4917   0.4677
  1.6235  -0.1366   3.6715   0.5459
  1.6396  -0.1568   3.8546   0.6397
  1.6547  -0.1792   4.0410   0.7522
  0.0000   0.0000   0.0000   0.0000
 -5.9652  28.9571   1.0029  -0.1039
 -5.4955  32.6337   0.9809  -0.0991
 -6.6257  30.7233   0.9252  -0.0932
 -6.8018  31.0441   0.8624  -0.0871
 -6.0318  32.3661   0.7995  -0.0813
 -6.2543  32.0916   0.7410  -0.0765
 -6.4766  31.8192   0.6839  -0.0722
 -6.6950  31.5576   0.6281  -0.0684
 -6.4621  32.7896   0.5701  -0.0647
 -7.1477  30.9947   0.5202  -0.0622
 -7.4175  30.6348   0.4682  -0.0597
 -7.6834  30.2812   0.4175  -0.0576
 -7.9470  29.9285   0.3678  -0.0557
 -8.2084  29.5765   0.3191  -0.0541
 -8.4672  29.2249   0.2715  -0.0527
 -8.7235  28.8738   0.2249  -0.0515
 -8.9770  28.5231   0.1791  -0.0504
 -9.2275  28.1730   0.1342  -0.0494
 -9.4749  27.8234   0.0902  -0.0486
 -9.7191  27.4744   0.0469  -0.0478
 -9.9599  27.1261   0.0043  -0.0471
-10.1971  26.7784  -0.0375  -0.0464
-10.4307  26.4315  -0.0788  -0.0457
-10.6605  26.0853  -0.1194  -0.0450
-10.8864  25.7400  -0.1594  -0.0442
-11.1083  25.3956  -0.1989  -0.0434
-11.3261  25.0521  -0.2380  -0.0426
-11.5397  24.7096  -0.2765  -0.0417
-11.7490  24.3682  -0.3147  -0.0408
-11.9541  24.0279  -0.3524  -0.0397
-12.1547  23.6887  -0.3899  -0.0386
-12.3510  23.3508  -0.4270  -0.0373
-12.5427  23.0142  -0.4638  -0.0359
-12.7300  22.6789  -0.5003  -0.0345
-12.9127  22.3450  -0.5366  -0.0329
-13.0910  22.0125  -0.5728  -0.0311
-13.2647  21.6816  -0.6087  -0.0293
-13.4338  21.3522  -0.6446  -0.0273
-13.5984  21.0244  -0.6803  -0.0251
-13.7586  20.6983  -0.7159  -0.0229
-13.9143  20.3739  -0.7514  -0.0204
-14.0655  20.0512  -0.7869  -0.0178
-14.2123  19.7303  -0.8224  -0.0151
-14.3548  19.4112  -0.8579  -0.0122
-14.4930  19.0939  -0.8934  -0.0092
-14.6269  18.7786  -0.9290  -0.0059
-14.7566  18.4652  -0.9646  -0.0025
-14.8823  18.1537  -1.0003   0.0010
-15.0039  17.8442  -1.0361   0.0048
-15.1215  17.5367  -1.0720   0.0088
-15.2352  17.2311  -1.1081   0.0129
-15.3451  16.9277  -1.1443   0.0173
-15.4512  16.6262  -1.1806   0.0218
-15.5537  16.3268  -1.2172   0.0266
-15.6527  16.0295  -1.2539   0.0317
-15.7482  15.7342  -1.2909   0.0370
-15.8403  15.4410  -1.3281   0.0425
-15.9291  15.1499  -1.3655   0.0483
-16.0147  14.8608  -1.4031   0.0545
-16.0972  14.5738  -1.4410   0.0610
-16.1767  14.2888  -1.4792   0.0678
-16.2533  14.0058  -1.5176   0.0750
-16.3270  13.7249  -1.5564   0.0826
-16.3981  13.4459  -1.5954   0.0906
-16.4666  13.1689  -1.6347   0.0991
-16.5325  12.8939  -1.6743   0.1081
-16.5959  12.6209  -1.7142   0.1177
-16.6571  12.3497  -1.7545   0.1279
-16.7159  12.0804  -1.7951   0.1387
-16.7726  11.8130  -1.8360   0.1502
-16.8273  11.5474  -1.8773   0.1626
  0.0000   0.0000   0.0000   0.0000
 -1.6645  -2.7508  -3.7769   0.2872
 -1.9732  -2.8484  -4.3740   0.3152
 -2.0095  -2.5107  -4.3423   0.2977
 -1.9793  -2.1200  -4.1915   0.2841
 -1.9731  -1.8307  -4.0413   0.2767
 -1.9364  -1.5331  -3.8598   0.2174
 -1.8975  -1.3018  -3.6818   0.2047
 -1.8578  -1.1045  -3.5072   0.1944
 -1.8171  -0.9383  -3.3359   0.1861
 -1.7754  -0.7979  -3.1677   0.1793
 -1.7327  -0.6792  -3.0025   0.1737
 -1.6890  -0.5786  -2.8403   0.1692
 -1.6443  -0.4934  -2.6808   0.1654
 -1.5988  -0.4209  -2.5241   0.1623
 -1.5523  -0.3591  -2.3700   0.1597
 -1.5050  -0.3063  -2.2185   0.1575
 -1.4569  -0.2610  -2.0695   0.1556
 -1.4079  -0.2221  -1.9229   0.1539
 -1.3581  -0.1885  -1.7787   0.1526
 -1.3074  -0.1594  -1.6368   0.1514
 -1.2560  -0.1340  -1.4973   0.1503
 -1.2037  -0.1118  -1.3599   0.1495
 -1.1507  -0.0923  -1.2248   0.1487
 -1.0968  -0.0751  -1.0917   0.1482
 -1.0420  -0.0598  -0.9608   0.1477
 -0.9865  -0.0461  -0.8320   0.1474
 -0.9301  -0.0339  -0.7052   0.1472
 -0.8728  -0.0229  -0.5804   0.1472
 -0.8146  -0.0129  -0.4576   0.1473
 -0.7556  -0.0038  -0.3367   0.1475
 -0.6957   0.0046  -0.2177   0.1478
 -0.6349   0.0122  -0.1007   0.1482
 -0.5732   0.0193   0.0146   0.1487
 -0.5105   0.0259   0.1279   0.1493
 -0.4469   0.0320   0.2395   0.1500
 -0.3823   0.0378   0.3493   0.1506
 -0.3168   0.0432   0.4573   0.1512
 -0.2502   0.0484   0.5636   0.1517
 -0.1827   0.0533   0.6681   0.1520
 -0.1141   0.0580   0.7710   0.1521
 -0.0445   0.0627   0.8722   0.1519
  0.0262   0.0672   0.9717   0.1513
  0.0980   0.0717   1.0696   0.1501
  0.1708   0.0763   1.1658   0.1482
  0.2448   0.0810   1.2605   0.1454
  0.3199   0.0858   1.3536   0.1415
  0.3961   0.0910   1.4452   0.1363
  0.4735   0.0965   1.5353   0.1294
  0.5521   0.1025   1.6240   0.1205
  0.6320   0.1091   1.7112   0.1091
  0.7130   0.1166   1.7971   0.0949
  0.7953   0.1250   1.8817   0.0772
  0.8789   0.1347   1.9651   0.0552
  0.9638   0.1459   2.0474   0.0283
  1.0500   0.1589   2.1287  -0.0046
  1.1376   0.1742   2.2091  -0.0446
  1.2265   0.1920   2.2887  -0.0930
  1.3169   0.2131   2.3678  -0.1516
  1.4086   0.2379   2.4466  -0.2223
  1.5018   0.2672   2.5253  -0.3072
  1.5965   0.3019   2.6042  -0.4092
  1.6927   0.3430   2.6839  -0.5316
  1.7904   0.3917   2.7645  -0.6780
  1.8896   0.4493   2.8468  -0.8533
  1.9905   0.5175   2.9313  -1.0628
  2.0930   0.5982   3.0187  -1.3129
  2.1971   0.6937   3.1098  -1.6115
  2.3028   0.8066   3.2054  -1.9674
  2.4102   0.9401   3.3065  -2.3915
  0.0000   0.0000   0.0000   0.0000
  0.2310   0.1592  10.9165  23.0461
  0.2469   0.1429  12.4089  24.6279
  0.2572   0.1297  12.4331  24.7526
  0.2683   0.1181  12.2986  24.7547
  0.2794   0.1069  12.1465  24.7447
  0.2905   0.0962  11.9919  24.7332
  0.3016   0.0863  11.8354  24.7208
  0.3128   0.0770  11.6770  24.7073
  0.3240   0.0684  11.5169  24.6928
  0.3352   0.0605  11.3550  24.6773
  0.3464   0.0532  11.1913  24.6607
  0.3576   0.0464  11.0258  24.6432
  0.3689   0.0402  10.8587  24.6246
  0.3802   0.0346  10.6898  24.6050
  0.3915   0.0293  10.5192  24.5843
  0.4028   0.0246  10.3468  24.5624
  0.4142   0.0202  10.1728  24.5395
  0.4256   0.0163   9.9971  24.5155
  0.4370   0.0127   9.8198  24.4903
  0.4485   0.0094   9.6410  24.4639
  0.4600   0.0065   9.4605  24.4364
  0.4715   0.0039   9.2785  24.4077
  0.4830   0.0015   9.0950  24.3778
  0.4946  -0.0006   8.9101  24.3466
  0.5062  -0.0025   8.7237  24.3142
  0.5178  -0.0042   8.5359  24.2804
  0.5294  -0.0057   8.3468  24.2454
  0.5411  -0.0069   8.1564  24.2091
  0.5528  -0.0080   7.9647  24.1714
  0.5645  -0.0090   7.7718  24.1323
  0.5763  -0.0098   7.5777  24.0918
  0.5880  -0.0104   7.3825  24.0499
  0.5998  -0.0110   7.1863  24.0065
  0.6117  -0.0114   6.9891  23.9617
  0.6235  -0.0118   6.7909  23.9154
  0.6354  -0.0120   6.5918  23.8675
  0.6473  -0.0122   6.3919  23.8182
  0.6592  -0.0123   6.1913  23.7672
  0.6712  -0.0123   5.9900  23.7147
  0.6831  -0.0123   5.7880  23.6605
  0.6952  -0.0122   5.5855  23.6047
  0.7072  -0.0122   5.3825  23.5473
  0.7192  -0.0121   5.1790  23.4882
  0.7313  -0.0119   4.9752  23.4274
  0.7434  -0.0118   4.7712  23.3649
  0.7556  -0.0117   4.5669  23.3006
  0.7677  -0.0116   4.3625  23.2347
  0.7799  -0.0115   4.1581  23.1669
  0.7921  -0.0114   3.9536  23.0974
  0.8043  -0.0114   3.7493  23.0261
  0.8166  -0.0114   3.5451  22.9531
  0.8289  -0.0115   3.3411  22.8782
  0.8412  -0.0117   3.1375  22.8015
  0.8535  -0.0119   2.9342  22.7230
  0.8659  -0.0122   2.7314  22.6427
  0.8783  -0.0126   2.5292  22.5606
  0.8907  -0.0131   2.3275  22.4766
  0.9031  -0.0138   2.1264  22.3908
  0.9156  -0.0145   1.9261  22.3032
  0.9281  -0.0154   1.7266  22.2137
  0.9406  -0.0165   1.5279  22.1225
  0.9531  -0.0177   1.3301  22.0294
  0.9657  -0.0191   1.1333  21.9344
  0.9783  -0.0206   0.9375  21.8377
  0.9909  -0.0224   0.7427  21.7392
  1.0035  -0.0244   0.5490  21.6389
  1.0162  -0.0266   0.3565  21.5368
  1.0289  -0.0291   0.1652  21.4329
  1.0416  -0.0318  -0.0249  21.3273
  1.0543  -0.0348  -0.2137  21.2199
  1.0670  -0.0381  -0.4013  21.1107
  1.0797  -0.0417  -0.5875  20.9999
  1.0925  -0.0456  -0.7724  20.8873
  1.1052  -0.0499  -0.9560  20.7730
  1.1179  -0.0547  -1.1381  20.6570
  1.1305  -0.0599  -1.3189  20.5394
  1.1428  -0.0658  -1.4983  20.4202
  1.1545  -0.0726  -1.6762  20.2995
  1.1636  -0.0807  -1.8527  20.1774
  0.0000   0.0000   0.0000   0.0000
 -2.2406   0.1466  -2.0829  -1.7143
 -2.5883   0.1461  -2.4601  -1.8178
 -2.5547   0.1098  -2.4935  -1.6346
 -2.4422   0.0763  -2.4641  -1.4242
 -2.3286   0.0567  -2.4181  -1.2352
 -2.2133   0.0402  -2.3697  -1.0728
 -2.0989   0.0271  -2.3206  -0.9347
 -1.9860   0.0174  -2.2710  -0.8172
 -1.8747   0.0106  -2.2210  -0.7170
 -1.7652   0.0062  -2.1703  -0.6315
 -1.6575   0.0039  -2.1188  -0.5580
 -1.5515   0.0032  -2.0663  -0.4947
 -1.4473   0.0038  -2.0128  -0.4400
 -1.3448   0.0054  -1.9582  -0.3923
 -1.2441   0.0078  -1.9024  -0.3507
 -1.1452   0.0108  -1.8453  -0.3140
 -1.0480   0.0143  -1.7869  -0.2815
 -0.9525   0.0180  -1.7271  -0.2526
 -0.8588   0.0218  -1.6660  -0.2267
 -0.7669   0.0257  -1.6033  -0.2032
 -0.6766   0.0296  -1.5391  -0.1820
 -0.5881   0.0335  -1.4733  -0.1625
 -0.5013   0.0372  -1.4059  -0.1447
 -0.4162   0.0407  -1.3369  -0.1281
 -0.3328   0.0440  -1.2661  -0.1128
 -0.2511   0.0471  -1.1936  -0.0984
 -0.1711   0.0499  -1.1192  -0.0850
 -0.0927   0.0524  -1.0431  -0.0723
 -0.0161   0.0547  -0.9650  -0.0604
  0.0589   0.0566  -0.8851  -0.0490
  0.1322   0.0583  -0.8031  -0.0383
  0.2039   0.0596  -0.7192  -0.0281
  0.2738   0.0606  -0.6332  -0.0183
  0.3422   0.0614  -0.5451  -0.0091
  0.4088   0.0617  -0.4549  -0.0002
  0.4739   0.0618  -0.3625   0.0082
  0.5373   0.0616  -0.2679   0.0163
  0.5990   0.0610  -0.1711   0.0240
  0.6591   0.0602  -0.0719   0.0314
  0.7175   0.0590   0.0296   0.0384
  0.7744   0.0574   0.1335   0.0452
  0.8296   0.0556   0.2398   0.0517
  0.8832   0.0534   0.3485   0.0580
  0.9352   0.0509   0.4598   0.0641
  0.9855   0.0481   0.5737   0.0701
  1.0343   0.0448   0.6901   0.0760
  1.0815   0.0413   0.8092   0.0819
  1.1270   0.0373   0.9310   0.0879
  1.1711   0.0329   1.0556   0.0941
  1.2135   0.0281   1.1829   0.1006
  1.2544   0.0229   1.3131   0.1076
  1.2937   0.0171   1.4461   0.1153
  1.3316   0.0108   1.5821   0.1239
  1.3679   0.0040   1.7211   0.1337
  1.4027  -0.0035   1.8631   0.1450
  1.4360  -0.0117   2.0082   0.1582
  1.4679  -0.0207   2.1563   0.1738
  1.4983  -0.0306   2.3077   0.1923
  1.5273  -0.0415   2.4623   0.2144
  1.5549  -0.0535   2.6201   0.2409
  1.5812  -0.0668   2.7812   0.2727
  1.6062  -0.0816   2.9456   0.3110
  1.6298  -0.0979   3.1133   0.3570
  1.6523  -0.1162   3.2844   0.4123
  1.6735  -0.1367   3.4588   0.4787
  1.6935  -0.1596   3.6365   0.5584
  1.7125  -0.1854   3.8175   0.6539
  1.7304  -0.2143   4.0017   0.7682
  0.0000   0.0000   0.0000   0.0000
 -5.1314  31.1962   0.9600  -0.0901
 -5.7321  31.3924   0.9435  -0.0888
 -5.4409  32.7010   0.8801  -0.0828
 -5.5016  32.9858   0.8184  -0.0776
 -5.7694  32.6449   0.7594  -0.0732
 -6.0422  32.2908   0.7020  -0.0694
 -6.3133  31.9371   0.6460  -0.0661
 -6.5832  31.5833   0.5913  -0.0632
 -6.8516  31.2297   0.5379  -0.0607
 -7.1182  30.8763   0.4858  -0.0586
 -7.3830  30.5233   0.4349  -0.0568
 -7.6458  30.1706   0.3851  -0.0553
 -7.9063  29.8182   0.3364  -0.0541
 -8.1644  29.4663   0.2887  -0.0530
 -8.4200  29.1147   0.2420  -0.0521
 -8.6729  28.7637   0.1963  -0.0513
 -8.9229  28.4131   0.1515  -0.0506
 -9.1699  28.0631   0.1075  -0.0501
 -9.4138  27.7137   0.0643  -0.0495
 -9.6544  27.3649   0.0219  -0.0490
 -9.8916  27.0168  -0.0197  -0.0486
-10.1252  26.6695  -0.0607  -0.0481
-10.3552  26.3229  -0.1011  -0.0476
-10.5814  25.9771  -0.1408  -0.0470
-10.8038  25.6322  -0.1800  -0.0464
-11.0222  25.2883  -0.2187  -0.0458
-11.2366  24.9453  -0.2569  -0.0450
-11.4469  24.6033  -0.2946  -0.0442
-11.6531  24.2625  -0.3319  -0.0433
-11.8550  23.9228  -0.3689  -0.0422
-12.0526  23.5843  -0.4055  -0.0411
-12.2459  23.2471  -0.4417  -0.0398
-12.4349  22.9111  -0.4777  -0.0384
-12.6195  22.5765  -0.5134  -0.0369
-12.7997  22.2434  -0.5489  -0.0352
-12.9756  21.9117  -0.5842  -0.0334
-13.1470  21.5815  -0.6194  -0.0315
-13.3141  21.2529  -0.6544  -0.0294
-13.4769  20.9259  -0.6892  -0.0271
-13.6352  20.6005  -0.7240  -0.0247
-13.7893  20.2768  -0.7588  -0.0222
-13.9392  19.9549  -0.7934  -0.0194
-14.0847  19.6347  -0.8281  -0.0165
-14.2262  19.3164  -0.8628  -0.0135
-14.3634  18.9999  -0.8975  -0.0102
-14.4966  18.6852  -0.9322  -0.0068
-14.6258  18.3725  -0.9670  -0.0033
-14.7511  18.0617  -1.0019   0.0005
-14.8725  17.7528  -1.0369   0.0044
-14.9901  17.4459  -1.0720   0.0086
-15.1039  17.1410  -1.1072   0.0129
-15.2141  16.8380  -1.1427   0.0175
-15.3208  16.5371  -1.1782   0.0223
-15.4239  16.2382  -1.2140   0.0273
-15.5237  15.9413  -1.2499   0.0325
-15.6202  15.6465  -1.2861   0.0380
-15.7134  15.3536  -1.3225   0.0437
-15.8035  15.0628  -1.3591   0.0498
-15.8905  14.7741  -1.3960   0.0561
-15.9746  14.4873  -1.4331   0.0627
-16.0554  14.2028  -1.4706   0.0697
-16.1336  13.9202  -1.5082   0.0771
-16.2094  13.6394  -1.5462   0.0848
-16.2827  13.3605  -1.5845   0.0930
-16.3535  13.0836  -1.6231   0.1016
-16.4218  12.8086  -1.6620   0.1108
-16.4878  12.5355  -1.7012   0.1204
-16.5516  12.2643  -1.7408   0.1307
-16.6133  11.9949  -1.7807   0.1416
-16.6729  11.7274  -1.8209   0.1531
-16.7305  11.4616  -1.8615   0.1655
  0.0000   0.0000   0.0000   0.0000
 -1.6904  -2.7646  -3.6654   0.3555
 -2.0105  -2.8650  -4.2404   0.3911
 -2.0005  -2.4487  -4.2208   0.4005
 -2.1102  -2.2353  -4.1857   0.4828
 -2.0691  -1.8076  -3.9927   0.2418
 -2.0202  -1.5435  -3.8049   0.2230
 -1.9718  -1.3093  -3.6220   0.2075
 -1.9227  -1.1128  -3.4438   0.1947
 -1.8730  -0.9467  -3.2700   0.1841
 -1.8227  -0.8062  -3.1004   0.1752
 -1.7719  -0.6873  -2.9346   0.1677
 -1.7206  -0.5864  -2.7725   0.1614
 -1.6688  -0.5008  -2.6140   0.1561
 -1.6165  -0.4280  -2.4587   0.1516
 -1.5638  -0.3659  -2.3065   0.1477
 -1.5108  -0.3127  -2.1574   0.1443
 -1.4573  -0.2672  -2.0112   0.1413
 -1.4034  -0.2280  -1.8678   0.1387
 -1.3490  -0.1942  -1.7270   0.1365
 -1.2943  -0.1649  -1.5888   0.1345
 -1.2391  -0.1394  -1.4531   0.1327
 -1.1835  -0.1171  -1.3199   0.1312
 -1.1274  -0.0976  -1.1890   0.1299
 -1.0708  -0.0804  -1.0604   0.1287
 -1.0137  -0.0651  -0.9340   0.1278
 -0.9561  -0.0515  -0.8098   0.1270
 -0.8979  -0.0394  -0.6876   0.1264
 -0.8391  -0.0285  -0.5676   0.1259
 -0.7797  -0.0187  -0.4495   0.1256
 -0.7197  -0.0097  -0.3333   0.1255
 -0.6591  -0.0016  -0.2191   0.1256
 -0.5978   0.0059  -0.1066   0.1257
 -0.5357   0.0127   0.0040   0.1260
 -0.4730   0.0191   0.1128   0.1264
 -0.4096   0.0250   0.2200   0.1269
 -0.3454   0.0305   0.3255   0.1274
 -0.2804   0.0358   0.4294   0.1279
 -0.2146   0.0407   0.5317   0.1284
 -0.1480   0.0455   0.6324   0.1287
 -0.0805   0.0501   0.7317   0.1289
 -0.0122   0.0545   0.8294   0.1288
  0.0571   0.0590   0.9258   0.1283
  0.1272   0.0634   1.0207   0.1274
  0.1984   0.0680   1.1143   0.1258
  0.2705   0.0727   1.2065   0.1234
  0.3436   0.0776   1.2975   0.1200
  0.4177   0.0829   1.3872   0.1153
  0.4929   0.0886   1.4757   0.1091
  0.5691   0.0950   1.5630   0.1010
  0.6465   0.1021   1.6493   0.0906
  0.7250   0.1101   1.7344   0.0774
  0.8046   0.1193   1.8186   0.0609
  0.8854   0.1299   1.9019   0.0405
  0.9674   0.1422   1.9843   0.0152
  1.0507   0.1565   2.0660  -0.0157
  1.1352   0.1733   2.1472  -0.0534
  1.2209   0.1930   2.2278  -0.0992
  1.3080   0.2161   2.3082  -0.1547
  1.3963   0.2434   2.3884  -0.2217
  1.4860   0.2756   2.4689  -0.3024
  1.5771   0.3136   2.5498  -0.3994
  1.6696   0.3584   2.6315  -0.5157
  1.7635   0.4114   2.7145  -0.6550
  1.8588   0.4738   2.7993  -0.8218
  1.9556   0.5474   2.8865  -1.0210
  2.0539   0.6341   2.9767  -1.2588
  2.1536   0.7363   3.0707  -1.5424
  2.2548   0.8566   3.1694  -1.8800
  2.3574   0.9981   3.2735  -2.2814
  0.0000   0.0000   0.0000   0.0000
