  0.0000   0.0000   0.0000
  0.0055  -0.0013  -0.0069
  0.0115  -0.0018  -0.0185
  0.0176  -0.0023  -0.0301
  0.0236  -0.0027  -0.0414
  0.0295  -0.0031  -0.0522
  0.0353  -0.0035  -0.0626
  0.0410  -0.0038  -0.0726
  0.0466  -0.0041  -0.0821
  0.0522  -0.0043  -0.0912
  0.0577  -0.0045  -0.0999
  0.0631  -0.0046  -0.1082
  0.0684  -0.0047  -0.1161
  0.0736  -0.0048  -0.1236
  0.0788  -0.0048  -0.1306
  0.0838  -0.0047  -0.1373
  0.0888  -0.0047  -0.1436
  0.0937  -0.0046  -0.1495
  0.0986  -0.0044  -0.1551
  0.1033  -0.0042  -0.1602
  0.1080  -0.0040  -0.1650
  0.1126  -0.0037  -0.1694
  0.1172  -0.0034  -0.1735
  0.1217  -0.0031  -0.1772
  0.1260  -0.0027  -0.1805
  0.1304  -0.0022  -0.1835
  0.1346  -0.0017  -0.1862
  0.1388  -0.0012  -0.1885
  0.1429  -0.0007  -0.1905
  0.1469  -0.0001  -0.1921
  0.1509   0.0006  -0.1934
  0.1548   0.0012  -0.1944
  0.1587   0.0020  -0.1951
  0.1624   0.0027  -0.1956
  0.1661   0.0035  -0.1957
  0.1698   0.0044  -0.1956
  0.1733   0.0053  -0.1952
  0.1768   0.0062  -0.1946
  0.1803   0.0072  -0.1937
  0.1837   0.0083  -0.1925
  0.1870   0.0093  -0.1910
  0.1902   0.0104  -0.1894
  0.1934   0.0116  -0.1874
  0.1966   0.0128  -0.1852
  0.1996   0.0140  -0.1828
  0.2026   0.0153  -0.1802
  0.2056   0.0166  -0.1773
  0.2085   0.0180  -0.1741
  0.2113   0.0194  -0.1708
  0.2141   0.0209  -0.1672
  0.2168   0.0224  -0.1634
  0.2195   0.0239  -0.1594
  0.2221   0.0255  -0.1552
  0.2247   0.0271  -0.1507
  0.2272   0.0288  -0.1461
  0.2296   0.0305  -0.1412
  0.2320   0.0322  -0.1362
  0.2343   0.0340  -0.1309
  0.2366   0.0358  -0.1255
  0.2389   0.0377  -0.1198
  0.2410   0.0396  -0.1140
  0.2432   0.0416  -0.1080
  0.2453   0.0435  -0.1018
  0.2473   0.0456  -0.0954
  0.2493   0.0477  -0.0888
  0.2512   0.0498  -0.0821
  0.2531   0.0519  -0.0752
  0.2550   0.0541  -0.0682
  0.2568   0.0563  -0.0609
  0.2585   0.0586  -0.0535
  0.2602   0.0609  -0.0460
  0.2619   0.0633  -0.0383
  0.2635   0.0657  -0.0304
  0.2651   0.0681  -0.0224
  0.2666   0.0706  -0.0142
  0.2681   0.0731  -0.0058
  0.2695   0.0757   0.0026
  0.2709   0.0783   0.0113
  0.2722   0.0809   0.0201
  0.2735   0.0836   0.0290
  0.2747   0.0863   0.0381
  0.2759   0.0891   0.0473
  0.2771   0.0919   0.0566
  0.2782   0.0948   0.0661
  0.2793   0.0977   0.0757
  0.2803   0.1006   0.0854
  0.2813   0.1036   0.0952
  0.2823   0.1066   0.1052
  0.2832   0.1097   0.1153
  0.2841   0.1128   0.1255
  0.2849   0.1159   0.1358
  0.2857   0.1191   0.1462
  0.2864   0.1223   0.1567
  0.2872   0.1256   0.1673
  0.2878   0.1289   0.1781
  0.2885   0.1322   0.1889
  0.2891   0.1356   0.1998
  0.2897   0.1390   0.2108
  0.2902   0.1425   0.2219
  0.2907   0.1460   0.2331
  0.2912   0.1496   0.2444
  0.2916   0.1531   0.2557
  0.2920   0.1568   0.2672
  0.2924   0.1604   0.2787
  0.2927   0.1641   0.2902
  0.2930   0.1679   0.3019
  0.2933   0.1716   0.3136
  0.2936   0.1755   0.3254
  0.2938   0.1793   0.3372
  0.2940   0.1832   0.3491
  0.2941   0.1871   0.3611
  0.2942   0.1911   0.3731
  0.2943   0.1951   0.3851
  0.2944   0.1992   0.3972
  0.2944   0.2033   0.4094
  0.2944   0.2074   0.4215
  0.2944   0.2116   0.4337
  0.2944   0.2158   0.4460
  0.2943   0.2201   0.4582
  0.2942   0.2244   0.4704
  0.2942   0.2244   0.4704
  0.2989   0.2195   0.4704
  0.3041   0.2150   0.4670
  0.3094   0.2108   0.4622
  0.3147   0.2067   0.4563
  0.3200   0.2028   0.4494
  0.3252   0.1990   0.4417
  0.3305   0.1954   0.4331
  0.3358   0.1918   0.4237
  0.3411   0.1884   0.4137
  0.3464   0.1850   0.4030
  0.3517   0.1818   0.3917
  0.3570   0.1786   0.3798
  0.3624   0.1755   0.3674
  0.3677   0.1725   0.3545
  0.3731   0.1695   0.3412
  0.3784   0.1666   0.3274
  0.3838   0.1637   0.3132
  0.3892   0.1609   0.2985
  0.3946   0.1581   0.2835
  0.4001   0.1554   0.2681
  0.4055   0.1527   0.2523
  0.4110   0.1501   0.2362
  0.4165   0.1475   0.2197
  0.4220   0.1449   0.2029
  0.4275   0.1423   0.1858
  0.4331   0.1398   0.1683
  0.4387   0.1373   0.1505
  0.4443   0.1349   0.1324
  0.4499   0.1324   0.1139
  0.4555   0.1300   0.0951
  0.4612   0.1276   0.0760
  0.4669   0.1252   0.0566
  0.4726   0.1229   0.0368
  0.4784   0.1205   0.0167
  0.4842   0.1182  -0.0037
  0.4900   0.1159  -0.0245
  0.4958   0.1137  -0.0456
  0.5017   0.1114  -0.0670
  0.5076   0.1091  -0.0888
  0.5135   0.1069  -0.1110
  0.5194   0.1047  -0.1334
  0.5254   0.1025  -0.1563
  0.5314   0.1003  -0.1795
  0.5375   0.0982  -0.2031
  0.5436   0.0960  -0.2271
  0.5497   0.0939  -0.2515
  0.5558   0.0917  -0.2762
  0.5620   0.0896  -0.3014
  0.5682   0.0875  -0.3269
  0.5745   0.0855  -0.3529
  0.5808   0.0834  -0.3793
  0.5871   0.0813  -0.4061
  0.5935   0.0793  -0.4333
  0.5999   0.0772  -0.4610
  0.6063   0.0752  -0.4891
  0.6128   0.0732  -0.5177
  0.6193   0.0712  -0.5468
  0.6259   0.0692  -0.5763
  0.6325   0.0672  -0.6063
  0.6392   0.0652  -0.6368
  0.6459   0.0633  -0.6678
  0.6526   0.0613  -0.6993
  0.6594   0.0594  -0.7313
  0.6662   0.0574  -0.7638
  0.6731   0.0555  -0.7968
  0.6800   0.0536  -0.8304
  0.6870   0.0517  -0.8646
  0.6940   0.0498  -0.8992
  0.7011   0.0479  -0.9345
  0.7082   0.0460  -0.9703
  0.7154   0.0441  -1.0067
  0.7227   0.0422  -1.0437
  0.7299   0.0404  -1.0812
  0.7373   0.0385  -1.1194
  0.7446   0.0366  -1.1582
  0.7521   0.0348  -1.1976
  0.7596   0.0329  -1.2376
  0.7671   0.0310  -1.2783
  0.7747   0.0292  -1.3196
  0.7824   0.0273  -1.3616
  0.7901   0.0255  -1.4042
  0.7979   0.0236  -1.4475
  0.8057   0.0218  -1.4915
  0.8136   0.0199  -1.5362
  0.8215   0.0181  -1.5816
  0.8295   0.0162  -1.6277
  0.8376   0.0143  -1.6745
  0.8457   0.0125  -1.7221
  0.8538   0.0106  -1.7704
  0.8621   0.0087  -1.8194
  0.8704   0.0069  -1.8693
  0.8787   0.0050  -1.9199
  0.8871   0.0031  -1.9713
  0.8956   0.0012  -2.0236
  0.9041  -0.0007  -2.0767
  0.9127  -0.0026  -2.1306
  0.9213  -0.0045  -2.1854
  0.9300  -0.0065  -2.2410
  0.9300  -0.0065  -2.2410
  0.9340  -0.0031  -2.1981
  0.9387   0.0010  -2.1566
  0.9435   0.0052  -2.1148
  0.9483   0.0094  -2.0723
  0.9531   0.0137  -2.0290
  0.9579   0.0180  -1.9849
  0.9627   0.0222  -1.9401
  0.9676   0.0266  -1.8946
  0.9724   0.0309  -1.8483
  0.9773   0.0353  -1.8012
  0.9822   0.0397  -1.7535
  0.9872   0.0441  -1.7050
  0.9921   0.0486  -1.6558
  0.9971   0.0531  -1.6059
  1.0021   0.0576  -1.5553
  1.0071   0.0622  -1.5039
  1.0121   0.0668  -1.4519
  1.0172   0.0714  -1.3992
  1.0223   0.0761  -1.3457
  1.0274   0.0808  -1.2916
  1.0325   0.0855  -1.2368
  1.0377   0.0903  -1.1812
  1.0428   0.0951  -1.1250
  1.0481   0.1000  -1.0681
  1.0533   0.1048  -1.0105
  1.0586   0.1098  -0.9523
  1.0638   0.1147  -0.8933
  1.0692   0.1197  -0.8337
  1.0745   0.1248  -0.7734
  1.0799   0.1298  -0.7124
  1.0853   0.1349  -0.6507
  1.0908   0.1401  -0.5884
  1.0962   0.1453  -0.5254
  1.1017   0.1505  -0.4617
  1.1073   0.1557  -0.3974
  1.1128   0.1610  -0.3324
  1.1184   0.1663  -0.2667
  1.1241   0.1717  -0.2004
  1.1297   0.1771  -0.1334
  1.1354   0.1825  -0.0658
  1.1412   0.1880   0.0025
  1.1470   0.1935   0.0714
  1.1528   0.1991   0.1410
  1.1586   0.2046   0.2112
  1.1645   0.2102   0.2821
  1.1704   0.2159   0.3536
  1.1764   0.2216   0.4257
  1.1824   0.2273   0.4985
  1.1885   0.2330   0.5718
  1.1945   0.2388   0.6458
  1.2007   0.2446   0.7205
  1.2068   0.2504   0.7957
  1.2130   0.2563   0.8716
  1.2193   0.2622   0.9481
  1.2256   0.2681   1.0251
  1.2319   0.2741   1.1028
  1.2383   0.2801   1.1811
  1.2447   0.2861   1.2600
  1.2512   0.2921   1.3394
  1.2577   0.2982   1.4195
  1.2642   0.3043   1.5001
  1.2708   0.3104   1.5814
  1.2774   0.3165   1.6632
  1.2841   0.3227   1.7456
  1.2909   0.3289   1.8285
  1.2976   0.3351   1.9121
  1.3045   0.3413   1.9962
  1.3113   0.3476   2.0808
  1.3183   0.3539   2.1661
  1.3252   0.3602   2.2519
  1.3322   0.3665   2.3383
  1.3393   0.3728   2.4252
  1.3464   0.3792   2.5128
  1.3536   0.3856   2.6008
  1.3608   0.3919   2.6895
  1.3680   0.3984   2.7787
  1.3753   0.4048   2.8685
  1.3827   0.4112   2.9588
  1.3900   0.4176   3.0498
  1.3900   0.4176   3.0498
  1.3870   0.4090   3.0574
  1.3836   0.4008   3.0692
  1.3803   0.3928   3.0842
  1.3773   0.3849   3.1014
  1.3744   0.3771   3.1202
  1.3717   0.3692   3.1401
  1.3692   0.3614   3.1608
  1.3668   0.3536   3.1819
  1.3646   0.3458   3.2031
  1.3625   0.3379   3.2241
  1.3605   0.3300   3.2448
  1.3586   0.3220   3.2650
  1.3568   0.3140   3.2845
  1.3551   0.3059   3.3033
  1.3534   0.2977   3.3213
  1.3519   0.2894   3.3383
  1.3504   0.2810   3.3544
  1.3491   0.2725   3.3695
  1.3478   0.2640   3.3834
  1.3465   0.2553   3.3963
  1.3454   0.2465   3.4081
  1.3443   0.2377   3.4187
  1.3433   0.2287   3.4282
  1.3424   0.2197   3.4365
  1.3415   0.2105   3.4437
  1.3407   0.2012   3.4497
  1.3401   0.1919   3.4545
  1.3394   0.1824   3.4581
  1.3389   0.1729   3.4607
  1.3384   0.1633   3.4620
  1.3381   0.1535   3.4622
  1.3378   0.1437   3.4613
  1.3376   0.1338   3.4593
  1.3375   0.1238   3.4561
  1.3375   0.1137   3.4519
  1.3375   0.1035   3.4466
  1.3377   0.0932   3.4402
  1.3379   0.0829   3.4327
  1.3383   0.0724   3.4242
  1.3388   0.0619   3.4147
  1.3393   0.0513   3.4041
  1.3400   0.0407   3.3925
  1.3407   0.0299   3.3800
  1.3416   0.0191   3.3664
  1.3425   0.0082   3.3519
  1.3436  -0.0028   3.3365
  1.3448  -0.0138   3.3201
  1.3461  -0.0249   3.3028
  1.3475  -0.0361   3.2847
  1.3490  -0.0474   3.2656
  1.3506  -0.0587   3.2457
  1.3523  -0.0701   3.2250
  1.3541  -0.0816   3.2035
  1.3561  -0.0931   3.1813
  1.3581  -0.1047   3.1583
  1.3603  -0.1164   3.1347
  1.3626  -0.1282   3.1104
  1.3649  -0.1400   3.0856
  1.3674  -0.1520   3.0604
  1.3700  -0.1640   3.0347
  1.3727  -0.1761   3.0088
  1.3755  -0.1883   2.9827
  1.3784  -0.2006   2.9566
  1.3814  -0.2130   2.9308
  1.3845  -0.2255   2.9053
  1.3876  -0.2381   2.8806
  1.3909  -0.2509   2.8569
  1.3942  -0.2639   2.8346
  1.3976  -0.2770   2.8142
  1.3986  -0.2782   2.8222
  1.3979  -0.2716   2.7169
  1.3972  -0.2642   2.6063
  1.3965  -0.2566   2.4967
  1.3959  -0.2491   2.3884
  1.3953  -0.2415   2.2813
  1.3947  -0.2340   2.1755
  1.3941  -0.2264   2.0709
  1.3936  -0.2188   1.9674
  1.3930  -0.2113   1.8652
  1.3925  -0.2037   1.7640
  1.3921  -0.1961   1.6639
  1.3916  -0.1884   1.5649
  1.3912  -0.1808   1.4669
  1.3908  -0.1732   1.3699
  1.3904  -0.1655   1.2739
  1.3901  -0.1578   1.1789
  1.3898  -0.1501   1.0848
  1.3895  -0.1424   0.9916
  1.3892  -0.1346   0.8993
  1.3890  -0.1269   0.8079
  1.3888  -0.1191   0.7174
  1.3887  -0.1113   0.6276
  1.3885  -0.1034   0.5388
  1.3885  -0.0955   0.4507
  1.3884  -0.0876   0.3634
  1.3884  -0.0797   0.2769
  1.3884  -0.0717   0.1911
  1.3885  -0.0637   0.1061
  1.3886  -0.0557   0.0218
  1.3888  -0.0476  -0.0618
  1.3889  -0.0395  -0.1446
  1.3892  -0.0314  -0.2268
  1.3895  -0.0232  -0.3083
  1.3898  -0.0150  -0.3891
  1.3901  -0.0067  -0.4693
  1.3906   0.0016  -0.5488
  1.3910   0.0100  -0.6277
  1.3915   0.0184  -0.7060
  1.3921   0.0269  -0.7837
  1.3927   0.0354  -0.8607
  1.3934   0.0439  -0.9372
  1.3941   0.0526  -1.0131
  1.3949   0.0612  -1.0885
  1.3957   0.0699  -1.1633
  1.3965   0.0787  -1.2375
  1.3975   0.0875  -1.3112
  1.3985   0.0964  -1.3844
  1.3995   0.1054  -1.4571
  1.4006   0.1144  -1.5293
  1.4017   0.1235  -1.6010
  1.4029   0.1326  -1.6723
  1.4042   0.1418  -1.7430
  1.4055   0.1511  -1.8133
  1.4069   0.1604  -1.8832
  1.4084   0.1698  -1.9526
  1.4099   0.1792  -2.0216
  1.4114   0.1888  -2.0902
  1.4130   0.1984  -2.1584
  1.4147   0.2081  -2.2262
  1.4164   0.2178  -2.2937
  1.4182   0.2276  -2.3608
  1.4201   0.2375  -2.4275
  1.4220   0.2475  -2.4939
  1.4240   0.2576  -2.5599
  1.4260   0.2677  -2.6257
  1.4281   0.2779  -2.6912
  1.4302   0.2882  -2.7563
  1.4324   0.2986  -2.8213
  1.4347   0.3091  -2.8859
  1.4370   0.3197  -2.9503
  1.4394   0.3303  -3.0145
  1.4394   0.3303  -3.0145
  1.4363   0.3192  -2.9558
  1.4330   0.3084  -2.8922
  1.4300   0.2980  -2.8334
  1.4272   0.2879  -2.7802
  1.4247   0.2782  -2.7324
  1.4224   0.2688  -2.6891
  1.4202   0.2595  -2.6500
  1.4182   0.2504  -2.6143
  1.4163   0.2413  -2.5818
  1.4145   0.2323  -2.5522
  1.4128   0.2234  -2.5250
  1.4112   0.2145  -2.5002
  1.4097   0.2055  -2.4775
  1.4082   0.1966  -2.4567
  1.4068   0.1876  -2.4377
  1.4054   0.1786  -2.4204
  1.4041   0.1695  -2.4047
  1.4028   0.1604  -2.3905
  1.4016   0.1513  -2.3777
  1.4005   0.1421  -2.3663
  1.3994   0.1328  -2.3562
  1.3983   0.1235  -2.3472
  1.3974   0.1142  -2.3395
  1.3964   0.1048  -2.3329
  1.3955   0.0953  -2.3274
  1.3947   0.0858  -2.3229
  1.3939   0.0763  -2.3194
  1.3932   0.0667  -2.3169
  1.3926   0.0571  -2.3153
  1.3920   0.0474  -2.3147
  1.3914   0.0377  -2.3149
  1.3910   0.0280  -2.3159
  1.3905   0.0182  -2.3178
  1.3902   0.0084  -2.3204
  1.3899  -0.0015  -2.3238
  1.3896  -0.0114  -2.3279
  1.3895  -0.0213  -2.3326
  1.3893  -0.0312  -2.3381
  1.3893  -0.0412  -2.3443
  1.3893  -0.0512  -2.3510
  1.3894  -0.0612  -2.3584
  1.3895  -0.0712  -2.3664
  1.3897  -0.0813  -2.3750
  1.3899  -0.0914  -2.3842
  1.3903  -0.1015  -2.3939
  1.3907  -0.1116  -2.4043
  1.3911  -0.1217  -2.4152
  1.3916  -0.1319  -2.4267
  1.3922  -0.1421  -2.4388
  1.3928  -0.1523  -2.4515
  1.3935  -0.1625  -2.4649
  1.3943  -0.1728  -2.4789
  1.3951  -0.1831  -2.4937
  1.3960  -0.1934  -2.5093
  1.3969  -0.2037  -2.5258
  1.3979  -0.2141  -2.5432
  1.3990  -0.2245  -2.5617
  1.4002  -0.2350  -2.5814
  1.4015  -0.2455  -2.6025
  1.4028  -0.2561  -2.6252
  1.4042  -0.2668  -2.6498
  1.4057  -0.2775  -2.6765
  1.4074  -0.2884  -2.7057
  1.4091  -0.2993  -2.7379
  1.4110  -0.3105  -2.7736
  1.4130  -0.3217  -2.8134
  1.4152  -0.3332  -2.8581
  1.4176  -0.3450  -2.9086
  1.4202  -0.3570  -2.9661
  1.4228  -0.3607  -2.9953
  1.4229  -0.3559  -2.9379
  1.4236  -0.3504  -2.8825
  1.4244  -0.3448  -2.8271
  1.4252  -0.3393  -2.7712
  1.4260  -0.3338  -2.7147
  1.4269  -0.3283  -2.6577
  1.4278  -0.3228  -2.6000
  1.4287  -0.3173  -2.5417
  1.4297  -0.3119  -2.4828
  1.4307  -0.3064  -2.4233
  1.4317  -0.3010  -2.3632
  1.4328  -0.2956  -2.3023
  1.4339  -0.2902  -2.2409
  1.4350  -0.2848  -2.1787
  1.4361  -0.2795  -2.1159
  1.4373  -0.2741  -2.0524
  1.4385  -0.2687  -1.9882
  1.4397  -0.2634  -1.9233
  1.4409  -0.2580  -1.8577
  1.4422  -0.2526  -1.7914
  1.4435  -0.2473  -1.7243
  1.4448  -0.2419  -1.6565
  1.4461  -0.2366  -1.5879
  1.4475  -0.2312  -1.5185
  1.4489  -0.2259  -1.4483
  1.4503  -0.2205  -1.3774
  1.4517  -0.2152  -1.3056
  1.4532  -0.2098  -1.2330
  1.4546  -0.2044  -1.1596
  1.4561  -0.1990  -1.0853
  1.4576  -0.1936  -1.0102
  1.4592  -0.1882  -0.9342
  1.4607  -0.1828  -0.8574
  1.4623  -0.1774  -0.7796
  1.4639  -0.1720  -0.7010
  1.4655  -0.1666  -0.6214
  1.4671  -0.1611  -0.5409
  1.4688  -0.1556  -0.4595
  1.4704  -0.1502  -0.3772
  1.4721  -0.1447  -0.2939
  1.4738  -0.1392  -0.2097
  1.4755  -0.1337  -0.1244
  1.4773  -0.1281  -0.0382
  1.4790  -0.1226   0.0489
  1.4808  -0.1170   0.1371
  1.4826  -0.1114   0.2263
  1.4844  -0.1058   0.3165
  1.4862  -0.1002   0.4077
  1.4881  -0.0946   0.4999
  1.4899  -0.0889   0.5932
  1.4918  -0.0832   0.6875
  1.4937  -0.0775   0.7828
  1.4956  -0.0718   0.8792
  1.4975  -0.0661   0.9767
  1.4994  -0.0603   1.0752
  1.5014  -0.0545   1.1748
  1.5034  -0.0487   1.2755
  1.5054  -0.0429   1.3773
  1.5074  -0.0371   1.4801
  1.5094  -0.0312   1.5840
  1.5114  -0.0254   1.6891
  1.5135  -0.0195   1.7952
  1.5155  -0.0136   1.9024
  1.5176  -0.0076   2.0107
  1.5197  -0.0017   2.1202
  1.5218   0.0043   2.2307
  1.5239   0.0103   2.3424
  1.5261   0.0163   2.4552
  1.5282   0.0223   2.5691
  1.5304   0.0284   2.6842
  1.5326   0.0345   2.8003
  1.5348   0.0405   2.9177
  1.5370   0.0467   3.0361
  1.5392   0.0528   3.1557
  1.5414   0.0589   3.2764
  1.5437   0.0651   3.3983
  1.5459   0.0712   3.5213
  1.5482   0.0774   3.6455
  1.5505   0.0836   3.7709
  1.5505   0.0836   3.7709
  1.5479   0.0743   3.7733
  1.5449   0.0652   3.7783
  1.5420   0.0563   3.7855
  1.5393   0.0476   3.7946
  1.5368   0.0390   3.8052
  1.5344   0.0305   3.8168
  1.5322   0.0220   3.8294
  1.5300   0.0135   3.8425
  1.5280   0.0051   3.8561
  1.5262  -0.0033   3.8700
  1.5244  -0.0117   3.8840
  1.5227  -0.0201   3.8980
  1.5211  -0.0286   3.9119
  1.5197  -0.0370   3.9257
  1.5183  -0.0455   3.9392
  1.5169  -0.0541   3.9524
  1.5157  -0.0627   3.9652
  1.5145  -0.0714   3.9776
  1.5135  -0.0801   3.9896
  1.5124  -0.0888   4.0011
  1.5115  -0.0976   4.0121
  1.5106  -0.1065   4.0225
  1.5099  -0.1155   4.0324
  1.5091  -0.1245   4.0416
  1.5085  -0.1335   4.0503
  1.5079  -0.1427   4.0583
  1.5074  -0.1518   4.0656
  1.5069  -0.1611   4.0723
  1.5065  -0.1704   4.0782
  1.5062  -0.1798   4.0835
  1.5060  -0.1893   4.0880
  1.5058  -0.1989   4.0918
  1.5057  -0.2085   4.0948
  1.5057  -0.2182   4.0971
  1.5057  -0.2279   4.0986
  1.5058  -0.2377   4.0992
  1.5060  -0.2476   4.0991
  1.5062  -0.2576   4.0982
  1.5065  -0.2677   4.0964
  1.5069  -0.2778   4.0938
  1.5074  -0.2880   4.0903
  1.5079  -0.2983   4.0860
  1.5085  -0.3086   4.0808
  1.5092  -0.3190   4.0747
  1.5099  -0.3295   4.0677
  1.5108  -0.3401   4.0599
  1.5117  -0.3508   4.0511
  1.5127  -0.3615   4.0414
  1.5137  -0.3723   4.0308
  1.5149  -0.3832   4.0193
  1.5161  -0.3942   4.0069
  1.5174  -0.4052   3.9936
  1.5188  -0.4164   3.9794
  1.5202  -0.4276   3.9644
  1.5217  -0.4389   3.9484
  1.5234  -0.4503   3.9316
  1.5251  -0.4617   3.9139
  1.5269  -0.4733   3.8955
  1.5287  -0.4849   3.8763
  1.5307  -0.4966   3.8564
  1.5327  -0.5084   3.8358
  1.5348  -0.5202   3.8147
  1.5370  -0.5322   3.7930
  1.5393  -0.5442   3.7711
  1.5417  -0.5562   3.7488
  1.5441  -0.5683   3.7265
  1.5466  -0.5805   3.7044
  1.5493  -0.5927   3.6826
  1.5431  -0.5997   3.7403
  1.5415  -0.5840   3.5751
  1.5400  -0.5667   3.3990
  1.5386  -0.5494   3.2247
  1.5372  -0.5322   3.0535
  1.5358  -0.5153   2.8854
  1.5344  -0.4984   2.7204
  1.5331  -0.4817   2.5585
  1.5317  -0.4652   2.3995
  1.5303  -0.4488   2.2434
  1.5289  -0.4325   2.0902
  1.5275  -0.4164   1.9398
  1.5261  -0.4004   1.7921
  1.5247  -0.3845   1.6470
  1.5234  -0.3687   1.5046
  1.5220  -0.3531   1.3648
  1.5206  -0.3375   1.2275
  1.5193  -0.3221   1.0927
  1.5179  -0.3068   0.9604
  1.5166  -0.2916   0.8304
  1.5153  -0.2765   0.7028
  1.5140  -0.2615   0.5775
  1.5127  -0.2466   0.4545
  1.5114  -0.2318   0.3337
  1.5102  -0.2171   0.2151
  1.5089  -0.2025   0.0987
  1.5077  -0.1880  -0.0156
  1.5065  -0.1736  -0.1277
  1.5054  -0.1593  -0.2379
  1.5042  -0.1451  -0.3459
  1.5031  -0.1310  -0.4520
  1.5020  -0.1169  -0.5561
  1.5010  -0.1030  -0.6583
  1.4999  -0.0891  -0.7585
  1.4990  -0.0753  -0.8568
  1.4980  -0.0616  -0.9533
  1.4971  -0.0480  -1.0478
  1.4961  -0.0345  -1.1406
  1.4953  -0.0211  -1.2316
  1.4944  -0.0077  -1.3208
  1.4936   0.0056  -1.4082
  1.4929   0.0187  -1.4939
  1.4921   0.0318  -1.5778
  1.4914   0.0449  -1.6600
  1.4908   0.0578  -1.7406
  1.4902   0.0706  -1.8195
  1.4896   0.0834  -1.8967
  1.4890   0.0961  -1.9723
  1.4885   0.1087  -2.0463
  1.4880   0.1212  -2.1187
  1.4876   0.1337  -2.1895
  1.4871   0.1460  -2.2587
  1.4868   0.1583  -2.3263
  1.4864   0.1705  -2.3924
  1.4861   0.1826  -2.4570
  1.4858   0.1946  -2.5200
  1.4855   0.2066  -2.5815
  1.4853   0.2185  -2.6415
  1.4851   0.2303  -2.7001
  1.4849   0.2420  -2.7571
  1.4848   0.2536  -2.8128
  1.4847   0.2652  -2.8669
  1.4846   0.2767  -2.9196
  1.4845   0.2881  -2.9709
  1.4845   0.2994  -3.0208
  1.4845   0.3107  -3.0692
  1.4844   0.3218  -3.1163
  1.4845   0.3329  -3.1619
  1.4845   0.3440  -3.2062
  1.4845   0.3549  -3.2491
  1.4846   0.3658  -3.2906
  1.4846   0.3766  -3.3308
  1.4846   0.3766  -3.3308
  1.4810   0.3674  -3.2759
  1.4771   0.3586  -3.2151
  1.4734   0.3502  -3.1579
  1.4699   0.3421  -3.1020
  1.4667   0.3340  -3.0529
  1.4637   0.3260  -3.0077
  1.4609   0.3180  -2.9661
  1.4583   0.3101  -2.9278
  1.4558   0.3022  -2.8925
  1.4535   0.2942  -2.8599
  1.4513   0.2862  -2.8299
  1.4492   0.2782  -2.8022
  1.4471   0.2701  -2.7767
  1.4452   0.2620  -2.7532
  1.4433   0.2537  -2.7317
  1.4416   0.2454  -2.7119
  1.4398   0.2370  -2.6940
  1.4382   0.2285  -2.6776
  1.4366   0.2199  -2.6629
  1.4351   0.2112  -2.6497
  1.4336   0.2024  -2.6379
  1.4322   0.1936  -2.6275
  1.4309   0.1846  -2.6184
  1.4296   0.1755  -2.6107
  1.4284   0.1664  -2.6042
  1.4273   0.1571  -2.5989
  1.4262   0.1478  -2.5947
  1.4252   0.1384  -2.5917
  1.4243   0.1289  -2.5898
  1.4234   0.1193  -2.5889
  1.4226   0.1096  -2.5890
  1.4219   0.0998  -2.5901
  1.4212   0.0900  -2.5922
  1.4206   0.0801  -2.5952
  1.4201   0.0701  -2.5991
  1.4197   0.0601  -2.6038
  1.4194   0.0499  -2.6094
  1.4191   0.0398  -2.6158
  1.4189   0.0295  -2.6229
  1.4188   0.0192  -2.6309
  1.4188   0.0088  -2.6395
  1.4189  -0.0016  -2.6490
  1.4191  -0.0121  -2.6591
  1.4193  -0.0226  -2.6699
  1.4196  -0.0332  -2.6814
  1.4201  -0.0438  -2.6937
  1.4206  -0.0545  -2.7066
  1.4212  -0.0652  -2.7202
  1.4219  -0.0760  -2.7345
  1.4227  -0.0868  -2.7495
  1.4236  -0.0977  -2.7653
  1.4246  -0.1086  -2.7819
  1.4257  -0.1196  -2.7992
  1.4269  -0.1307  -2.8174
  1.4282  -0.1418  -2.8365
  1.4296  -0.1529  -2.8566
  1.4311  -0.1642  -2.8778
  1.4327  -0.1755  -2.9002
  1.4344  -0.1868  -2.9239
  1.4362  -0.1983  -2.9490
  1.4382  -0.2099  -2.9759
  1.4403  -0.2216  -3.0046
  1.4425  -0.2334  -3.0356
  1.4448  -0.2454  -3.0690
  1.4473  -0.2576  -3.1053
  1.4500  -0.2699  -3.1450
  1.4528  -0.2825  -3.1886
  1.4559  -0.2954  -3.2366
  1.4541  -0.3072  -3.3221
  1.4541  -0.3021  -3.2643
  1.4546  -0.2961  -3.2074
  1.4552  -0.2901  -3.1505
  1.4559  -0.2840  -3.0930
  1.4565  -0.2780  -3.0349
  1.4572  -0.2720  -2.9761
  1.4579  -0.2661  -2.9166
  1.4587  -0.2601  -2.8564
  1.4595  -0.2542  -2.7955
  1.4603  -0.2483  -2.7339
  1.4611  -0.2425  -2.6715
  1.4619  -0.2366  -2.6085
  1.4628  -0.2307  -2.5447
  1.4637  -0.2249  -2.4801
  1.4646  -0.2191  -2.4149
  1.4655  -0.2133  -2.3488
  1.4665  -0.2075  -2.2820
  1.4675  -0.2017  -2.2144
  1.4684  -0.1960  -2.1461
  1.4695  -0.1902  -2.0769
  1.4705  -0.1845  -2.0069
  1.4716  -0.1787  -1.9362
  1.4726  -0.1730  -1.8646
  1.4737  -0.1673  -1.7922
  1.4748  -0.1615  -1.7189
  1.4760  -0.1558  -1.6448
  1.4771  -0.1501  -1.5698
  1.4783  -0.1444  -1.4940
  1.4794  -0.1387  -1.4173
  1.4806  -0.1330  -1.3397
  1.4818  -0.1272  -1.2612
  1.4830  -0.1215  -1.1818
  1.4843  -0.1158  -1.1015
  1.4855  -0.1101  -1.0202
  1.4868  -0.1044  -0.9381
  1.4881  -0.0987  -0.8549
  1.4894  -0.0929  -0.7708
  1.4907  -0.0872  -0.6858
  1.4920  -0.0814  -0.5998
  1.4933  -0.0757  -0.5128
  1.4947  -0.0699  -0.4248
  1.4960  -0.0642  -0.3359
  1.4974  -0.0584  -0.2459
  1.4988  -0.0526  -0.1549
  1.5002  -0.0469  -0.0630
  1.5016  -0.0411   0.0300
  1.5030  -0.0353   0.1241
  1.5044  -0.0295   0.2191
  1.5059  -0.0236   0.3152
  1.5073  -0.0178   0.4123
  1.5088  -0.0120   0.5104
  1.5103  -0.0061   0.6096
  1.5118  -0.0003   0.7098
  1.5133   0.0056   0.8111
  1.5148   0.0115   0.9134
  1.5164   0.0174   1.0167
  1.5179   0.0233   1.1211
  1.5195   0.0292   1.2265
  1.5211   0.0351   1.3330
  1.5226   0.0410   1.4405
  1.5243   0.0469   1.5491
  1.5259   0.0529   1.6587
  1.5275   0.0588   1.7693
  1.5291   0.0648   1.8810
  1.5308   0.0707   1.9937
  1.5325   0.0767   2.1074
  1.5342   0.0827   2.2222
  1.5359   0.0886   2.3379
  1.5376   0.0946   2.4547
  1.5393   0.1006   2.5725
  1.5410   0.1066   2.6913
  1.5428   0.1126   2.8111
  1.5446   0.1186   2.9319
  1.5463   0.1245   3.0536
  1.5481   0.1305   3.1763
  1.5499   0.1365   3.2999
  1.5518   0.1425   3.4243
  1.5536   0.1486   3.5495
  1.5554   0.1546   3.6755
  1.5554   0.1546   3.6755
  1.5529   0.1456   3.6847
  1.5500   0.1368   3.6972
  1.5473   0.1281   3.7118
  1.5447   0.1196   3.7275
  1.5422   0.1111   3.7439
  1.5399   0.1028   3.7609
  1.5378   0.0944   3.7783
  1.5357   0.0861   3.7960
  1.5338   0.0778   3.8139
  1.5320   0.0695   3.8317
  1.5303   0.0612   3.8494
  1.5287   0.0528   3.8669
  1.5272   0.0445   3.8842
  1.5258   0.0361   3.9011
  1.5244   0.0276   3.9176
  1.5232   0.0191   3.9337
  1.5220   0.0106   3.9492
  1.5209   0.0020   3.9643
  1.5199  -0.0067   3.9787
  1.5189  -0.0154   3.9926
  1.5180  -0.0241   4.0058
  1.5172  -0.0329   4.0184
  1.5164  -0.0418   4.0303
  1.5157  -0.0508   4.0415
  1.5151  -0.0598   4.0520
  1.5145  -0.0689   4.0617
  1.5140  -0.0781   4.0707
  1.5136  -0.0873   4.0789
  1.5132  -0.0966   4.0863
  1.5129  -0.1060   4.0928
  1.5126  -0.1154   4.0986
  1.5124  -0.1249   4.1035
  1.5123  -0.1345   4.1076
  1.5122  -0.1442   4.1108
  1.5122  -0.1539   4.1132
  1.5123  -0.1637   4.1146
  1.5124  -0.1736   4.1151
  1.5126  -0.1836   4.1148
  1.5129  -0.1936   4.1135
  1.5132  -0.2038   4.1112
  1.5136  -0.2140   4.1080
  1.5140  -0.2243   4.1039
  1.5146  -0.2346   4.0987
  1.5152  -0.2451   4.0926
  1.5158  -0.2556   4.0856
  1.5166  -0.2662   4.0775
  1.5174  -0.2769   4.0684
  1.5183  -0.2876   4.0583
  1.5192  -0.2985   4.0471
  1.5203  -0.3094   4.0350
  1.5214  -0.3204   4.0218
  1.5225  -0.3315   4.0076
  1.5238  -0.3427   3.9923
  1.5251  -0.3540   3.9760
  1.5265  -0.3653   3.9587
  1.5280  -0.3767   3.9403
  1.5296  -0.3883   3.9208
  1.5312  -0.3998   3.9004
  1.5329  -0.4115   3.8789
  1.5347  -0.4233   3.8565
  1.5366  -0.4351   3.8330
  1.5386  -0.4470   3.8087
  1.5406  -0.4590   3.7834
  1.5427  -0.4711   3.7572
  1.5449  -0.4832   3.7302
  1.5472  -0.4953   3.7025
  1.5496  -0.5075   3.6742
  1.5521  -0.5198   3.6452
  1.5423  -0.5284   3.7189
  1.5408  -0.5127   3.5508
  1.5390  -0.4967   3.3847
  1.5374  -0.4804   3.2177
  1.5359  -0.4638   3.0493
  1.5333  -0.4506   2.9163
  1.5320  -0.4336   2.7477
  1.5308  -0.4168   2.5821
  1.5296  -0.4001   2.4196
  1.5283  -0.3836   2.2602
  1.5271  -0.3672   2.1037
  1.5258  -0.3509   1.9503
  1.5245  -0.3347   1.7997
  1.5233  -0.3187   1.6519
  1.5220  -0.3028   1.5069
  1.5207  -0.2870   1.3646
  1.5194  -0.2713   1.2251
  1.5181  -0.2557   1.0881
  1.5168  -0.2403   0.9537
  1.5155  -0.2249   0.8219
  1.5143  -0.2096   0.6926
  1.5130  -0.1945   0.5657
  1.5117  -0.1795   0.4413
  1.5105  -0.1645   0.3192
  1.5093  -0.1497   0.1995
  1.5080  -0.1350   0.0820
  1.5068  -0.1203  -0.0331
  1.5057  -0.1058  -0.1460
  1.5045  -0.0914  -0.2567
  1.5033  -0.0771  -0.3653
  1.5022  -0.0628  -0.4717
  1.5011  -0.0487  -0.5759
  1.5000  -0.0347  -0.6781
  1.4990  -0.0207  -0.7783
  1.4980  -0.0069  -0.8764
  1.4970   0.0068  -0.9725
  1.4960   0.0205  -1.0666
  1.4951   0.0340  -1.1587
  1.4941   0.0474  -1.2489
  1.4933   0.0608  -1.3372
  1.4924   0.0740  -1.4236
  1.4916   0.0871  -1.5081
  1.4908   0.1002  -1.5907
  1.4901   0.1131  -1.6715
  1.4893   0.1259  -1.7505
  1.4886   0.1386  -1.8276
  1.4880   0.1513  -1.9030
  1.4874   0.1638  -1.9766
  1.4868   0.1762  -2.0485
  1.4862   0.1885  -2.1186
  1.4857   0.2007  -2.1870
  1.4852   0.2128  -2.2536
  1.4847   0.2248  -2.3186
  1.4842   0.2367  -2.3818
  1.4838   0.2485  -2.4434
  1.4834   0.2602  -2.5034
  1.4831   0.2718  -2.5616
  1.4827   0.2833  -2.6183
  1.4824   0.2947  -2.6733
  1.4821   0.3060  -2.7267
  1.4818   0.3171  -2.7785
  1.4816   0.3282  -2.8287
  1.4813   0.3392  -2.8773
  1.4811   0.3501  -2.9243
  1.4809   0.3608  -2.9697
  1.4807   0.3715  -3.0136
  1.4805   0.3820  -3.0560
  1.4803   0.3925  -3.0968
  1.4802   0.4029  -3.1360
  1.4800   0.4131  -3.1738
  1.4799   0.4233  -3.2100
  1.4797   0.4333  -3.2447
  1.4797   0.4333  -3.2447
  1.4760   0.4246  -3.1907
  1.4718   0.4164  -3.1305
  1.4679   0.4083  -3.0732
  1.4643   0.4005  -3.0199
  1.4610   0.3928  -2.9708
  1.4579   0.3851  -2.9253
  1.4550   0.3775  -2.8833
  1.4523   0.3699  -2.8444
  1.4498   0.3623  -2.8084
  1.4474   0.3547  -2.7750
  1.4451   0.3470  -2.7441
  1.4429   0.3392  -2.7155
  1.4408   0.3314  -2.6891
  1.4388   0.3235  -2.6647
  1.4369   0.3156  -2.6422
  1.4350   0.3075  -2.6216
  1.4332   0.2993  -2.6028
  1.4315   0.2910  -2.5856
  1.4299   0.2827  -2.5701
  1.4283   0.2742  -2.5561
  1.4267   0.2656  -2.5437
  1.4253   0.2569  -2.5327
  1.4238   0.2481  -2.5231
  1.4225   0.2392  -2.5148
  1.4212   0.2301  -2.5079
  1.4200   0.2210  -2.5022
  1.4188   0.2118  -2.4978
  1.4178   0.2025  -2.4946
  1.4168   0.1930  -2.4925
  1.4158   0.1835  -2.4916
  1.4149   0.1739  -2.4917
  1.4142   0.1642  -2.4928
  1.4134   0.1544  -2.4950
  1.4128   0.1445  -2.4982
  1.4123   0.1345  -2.5023
  1.4118   0.1245  -2.5073
  1.4114   0.1143  -2.5132
  1.4111   0.1041  -2.5200
  1.4109   0.0938  -2.5276
  1.4108   0.0835  -2.5360
  1.4108   0.0730  -2.5452
  1.4109   0.0625  -2.5552
  1.4111   0.0520  -2.5659
  1.4113   0.0413  -2.5774
  1.4117   0.0306  -2.5896
  1.4122   0.0199  -2.6025
  1.4127   0.0091  -2.6161
  1.4134  -0.0018  -2.6305
  1.4142  -0.0127  -2.6455
  1.4150  -0.0237  -2.6613
  1.4160  -0.0348  -2.6778
  1.4171  -0.0459  -2.6951
  1.4183  -0.0571  -2.7132
  1.4196  -0.0684  -2.7322
  1.4210  -0.0797  -2.7520
  1.4225  -0.0911  -2.7728
  1.4241  -0.1026  -2.7947
  1.4259  -0.1142  -2.8177
  1.4277  -0.1258  -2.8420
  1.4297  -0.1376  -2.8678
  1.4318  -0.1496  -2.8951
  1.4341  -0.1616  -2.9243
  1.4365  -0.1738  -2.9555
  1.4390  -0.1862  -2.9891
  1.4417  -0.1989  -3.0255
  1.4445  -0.2118  -3.0651
  1.4476  -0.2249  -3.1084
  1.4508  -0.2384  -3.1560
  1.4542  -0.2523  -3.2087
  1.4520  -0.2642  -3.2952
  1.4521  -0.2586  -3.2377
  1.4528  -0.2521  -3.1810
  1.4535  -0.2455  -3.1241
  1.4543  -0.2390  -3.0667
  1.4551  -0.2325  -3.0087
  1.4559  -0.2261  -2.9501
  1.4568  -0.2197  -2.8909
  1.4577  -0.2133  -2.8311
  1.4586  -0.2069  -2.7706
  1.4595  -0.2006  -2.7095
  1.4605  -0.1944  -2.6478
  1.4615  -0.1881  -2.5855
  1.4625  -0.1819  -2.5224
  1.4636  -0.1757  -2.4587
  1.4647  -0.1696  -2.3943
  1.4658  -0.1635  -2.3293
  1.4669  -0.1574  -2.2635
  1.4681  -0.1513  -2.1970
  1.4692  -0.1452  -2.1298
  1.4704  -0.1392  -2.0618
  1.4716  -0.1332  -1.9931
  1.4729  -0.1272  -1.9237
  1.4741  -0.1212  -1.8535
  1.4754  -0.1153  -1.7825
  1.4767  -0.1093  -1.7107
  1.4780  -0.1034  -1.6380
  1.4793  -0.0975  -1.5646
  1.4807  -0.0916  -1.4904
  1.4820  -0.0857  -1.4153
  1.4834  -0.0798  -1.3393
  1.4848  -0.0740  -1.2625
  1.4862  -0.0681  -1.1848
  1.4876  -0.0623  -1.1062
  1.4890  -0.0564  -1.0267
  1.4904  -0.0506  -0.9463
  1.4919  -0.0448  -0.8650
  1.4934  -0.0390  -0.7827
  1.4948  -0.0332  -0.6995
  1.4963  -0.0273  -0.6154
  1.4978  -0.0215  -0.5303
  1.4993  -0.0157  -0.4442
  1.5008  -0.0099  -0.3572
  1.5024  -0.0042  -0.2691
  1.5039   0.0016  -0.1801
  1.5054   0.0074  -0.0901
  1.5070   0.0132   0.0009
  1.5086   0.0190   0.0930
  1.5102   0.0248   0.1860
  1.5117   0.0306   0.2801
  1.5133   0.0364   0.3752
  1.5150   0.0422   0.4714
  1.5166   0.0480   0.5685
  1.5182   0.0538   0.6667
  1.5198   0.0596   0.7660
  1.5215   0.0655   0.8663
  1.5232   0.0713   0.9676
  1.5248   0.0771   1.0700
  1.5265   0.0829   1.1734
  1.5282   0.0887   1.2779
  1.5299   0.0946   1.3834
  1.5316   0.1004   1.4900
  1.5333   0.1062   1.5976
  1.5351   0.1120   1.7062
  1.5368   0.1179   1.8159
  1.5386   0.1237   1.9266
  1.5404   0.1295   2.0384
  1.5421   0.1354   2.1512
  1.5439   0.1412   2.2650
  1.5457   0.1470   2.3798
  1.5475   0.1528   2.4957
  1.5494   0.1587   2.6126
  1.5512   0.1645   2.7305
  1.5530   0.1703   2.8494
  1.5549   0.1761   2.9693
  1.5568   0.1819   3.0902
  1.5586   0.1877   3.2122
  1.5605   0.1935   3.3351
  1.5624   0.1993   3.4590
  1.5643   0.2051   3.5839
  1.5643   0.2051   3.5839
  1.5617   0.1956   3.5950
  1.5588   0.1863   3.6099
  1.5560   0.1774   3.6254
  1.5534   0.1688   3.6413
  1.5509   0.1602   3.6578
  1.5486   0.1518   3.6746
  1.5464   0.1435   3.6919
  1.5444   0.1352   3.7093
  1.5425   0.1269   3.7268
  1.5407   0.1186   3.7442
  1.5390   0.1103   3.7616
  1.5374   0.1020   3.7787
  1.5358   0.0937   3.7955
  1.5344   0.0854   3.8121
  1.5330   0.0770   3.8282
  1.5318   0.0685   3.8438
  1.5306   0.0601   3.8590
  1.5295   0.0515   3.8736
  1.5284   0.0429   3.8876
  1.5274   0.0343   3.9011
  1.5265   0.0256   3.9139
  1.5257   0.0168   3.9261
  1.5249   0.0080   3.9376
  1.5242  -0.0009   3.9484
  1.5236  -0.0098   3.9585
  1.5230  -0.0189   3.9679
  1.5225  -0.0280   3.9765
  1.5221  -0.0371   3.9843
  1.5217  -0.0464   3.9914
  1.5214  -0.0557   3.9976
  1.5211  -0.0651   4.0031
  1.5209  -0.0745   4.0077
  1.5208  -0.0841   4.0115
  1.5207  -0.0937   4.0144
  1.5208  -0.1034   4.0165
  1.5208  -0.1132   4.0177
  1.5210  -0.1230   4.0180
  1.5212  -0.1329   4.0174
  1.5214  -0.1429   4.0159
  1.5218  -0.1530   4.0135
  1.5222  -0.1632   4.0102
  1.5227  -0.1735   4.0059
  1.5232  -0.1838   4.0007
  1.5238  -0.1942   3.9945
  1.5245  -0.2047   3.9874
  1.5253  -0.2153   3.9793
  1.5261  -0.2260   3.9703
  1.5270  -0.2367   3.9602
  1.5279  -0.2476   3.9492
  1.5290  -0.2585   3.9372
  1.5301  -0.2695   3.9243
  1.5313  -0.2806   3.9103
  1.5325  -0.2918   3.8954
  1.5339  -0.3030   3.8794
  1.5353  -0.3144   3.8625
  1.5368  -0.3258   3.8447
  1.5383  -0.3374   3.8259
  1.5399  -0.3490   3.8061
  1.5416  -0.3607   3.7854
  1.5434  -0.3725   3.7638
  1.5452  -0.3844   3.7414
  1.5471  -0.3963   3.7180
  1.5491  -0.4084   3.6939
  1.5512  -0.4205   3.6688
  1.5534  -0.4326   3.6430
  1.5556  -0.4448   3.6162
  1.5579  -0.4569   3.5885
  1.5604  -0.4690   3.5596
  1.5504  -0.4779   3.6356
  1.5488  -0.4629   3.4698
  1.5472  -0.4474   3.3028
  1.5457  -0.4312   3.1323
  1.5442  -0.4151   2.9642
  1.5430  -0.3988   2.7952
  1.5414  -0.3831   2.6352
  1.5400  -0.3672   2.4737
  1.5386  -0.3513   2.3146
  1.5374  -0.3355   2.1563
  1.5362  -0.3197   2.0009
  1.5349  -0.3041   1.8485
  1.5337  -0.2886   1.6990
  1.5324  -0.2732   1.5523
  1.5311  -0.2580   1.4084
  1.5298  -0.2428   1.2673
  1.5286  -0.2278   1.1288
  1.5273  -0.2129   0.9930
  1.5260  -0.1981   0.8597
  1.5247  -0.1834   0.7291
  1.5234  -0.1688   0.6009
  1.5221  -0.1543   0.4752
  1.5208  -0.1399   0.3519
  1.5195  -0.1256   0.2310
  1.5182  -0.1114   0.1125
  1.5170  -0.0973  -0.0037
  1.5157  -0.0833  -0.1176
  1.5145  -0.0694  -0.2293
  1.5132  -0.0556  -0.3388
  1.5120  -0.0419  -0.4460
  1.5108  -0.0283  -0.5511
  1.5097  -0.0148  -0.6541
  1.5085  -0.0013  -0.7550
  1.5074   0.0120  -0.8538
  1.5062   0.0252  -0.9506
  1.5052   0.0383  -1.0453
  1.5041   0.0514  -1.1381
  1.5030   0.0643  -1.2288
  1.5020   0.0771  -1.3177
  1.5010   0.0898  -1.4045
  1.5001   0.1025  -1.4895
  1.4991   0.1150  -1.5726
  1.4982   0.1275  -1.6538
  1.4973   0.1398  -1.7331
  1.4965   0.1520  -1.8106
  1.4956   0.1642  -1.8863
  1.4948   0.1762  -1.9602
  1.4941   0.1882  -2.0323
  1.4933   0.2000  -2.1027
  1.4926   0.2117  -2.1712
  1.4919   0.2234  -2.2381
  1.4912   0.2349  -2.3032
  1.4906   0.2463  -2.3665
  1.4899   0.2576  -2.4282
  1.4893   0.2689  -2.4882
  1.4888   0.2800  -2.5465
  1.4882   0.2910  -2.6032
  1.4877   0.3019  -2.6581
  1.4872   0.3128  -2.7115
  1.4867   0.3235  -2.7632
  1.4862   0.3341  -2.8133
  1.4857   0.3446  -2.8617
  1.4853   0.3550  -2.9086
  1.4848   0.3653  -2.9539
  1.4844   0.3755  -2.9975
  1.4840   0.3856  -3.0397
  1.4836   0.3956  -3.0802
  1.4832   0.4055  -3.1192
  1.4828   0.4153  -3.1566
  1.4824   0.4250  -3.1924
  1.4820   0.4346  -3.2268
  1.4816   0.4441  -3.2596
  1.4816   0.4441  -3.2596
  1.4779   0.4354  -3.2053
  1.4738   0.4271  -3.1448
  1.4700   0.4191  -3.0873
  1.4663   0.4114  -3.0312
  1.4629   0.4037  -2.9814
  1.4598   0.3961  -2.9354
  1.4569   0.3885  -2.8929
  1.4542   0.3809  -2.8536
  1.4516   0.3732  -2.8173
  1.4492   0.3656  -2.7837
  1.4469   0.3579  -2.7527
  1.4447   0.3501  -2.7240
  1.4427   0.3423  -2.6975
  1.4407   0.3344  -2.6732
  1.4387   0.3264  -2.6508
  1.4369   0.3183  -2.6303
  1.4351   0.3101  -2.6116
  1.4334   0.3017  -2.5947
  1.4318   0.2933  -2.5794
  1.4302   0.2848  -2.5657
  1.4287   0.2762  -2.5535
  1.4273   0.2675  -2.5428
  1.4259   0.2586  -2.5336
  1.4246   0.2497  -2.5256
  1.4233   0.2406  -2.5191
  1.4221   0.2315  -2.5137
  1.4210   0.2222  -2.5096
  1.4199   0.2129  -2.5067
  1.4190   0.2034  -2.5050
  1.4181   0.1939  -2.5043
  1.4172   0.1842  -2.5047
  1.4165   0.1745  -2.5062
  1.4158   0.1647  -2.5086
  1.4152   0.1548  -2.5120
  1.4147   0.1448  -2.5164
  1.4142   0.1347  -2.5216
  1.4139   0.1246  -2.5277
  1.4136   0.1144  -2.5347
  1.4134   0.1041  -2.5424
  1.4133   0.0938  -2.5510
  1.4133   0.0833  -2.5603
  1.4134   0.0729  -2.5704
  1.4136   0.0623  -2.5812
  1.4139   0.0517  -2.5927
  1.4143   0.0410  -2.6049
  1.4147   0.0303  -2.6178
  1.4153   0.0195  -2.6315
  1.4160   0.0087  -2.6458
  1.4167  -0.0022  -2.6608
  1.4176  -0.0132  -2.6765
  1.4185  -0.0242  -2.6930
  1.4196  -0.0353  -2.7102
  1.4208  -0.0465  -2.7282
  1.4220  -0.0577  -2.7471
  1.4234  -0.0690  -2.7668
  1.4249  -0.0803  -2.7875
  1.4265  -0.0918  -2.8093
  1.4282  -0.1033  -2.8322
  1.4300  -0.1150  -2.8564
  1.4320  -0.1267  -2.8821
  1.4341  -0.1386  -2.9093
  1.4363  -0.1506  -2.9384
  1.4386  -0.1628  -2.9697
  1.4411  -0.1752  -3.0033
  1.4437  -0.1878  -3.0397
  1.4465  -0.2007  -3.0793
  1.4494  -0.2138  -3.1227
  1.4526  -0.2273  -3.1705
  1.4502  -0.2399  -3.2616
  1.4505  -0.2347  -3.2077
  1.4515  -0.2287  -3.1551
  1.4525  -0.2226  -3.1022
  1.4535  -0.2166  -3.0486
  1.4546  -0.2107  -2.9943
  1.4557  -0.2047  -2.9393
  1.4568  -0.1988  -2.8835
  1.4579  -0.1929  -2.8271
  1.4591  -0.1871  -2.7699
  1.4602  -0.1813  -2.7120
  1.4614  -0.1755  -2.6534
  1.4626  -0.1697  -2.5940
  1.4638  -0.1639  -2.5339
  1.4651  -0.1582  -2.4730
  1.4663  -0.1525  -2.4114
  1.4676  -0.1468  -2.3489
  1.4689  -0.1411  -2.2857
  1.4702  -0.1355  -2.2217
  1.4715  -0.1298  -2.1569
  1.4729  -0.1242  -2.0912
  1.4742  -0.1186  -2.0248
  1.4756  -0.1130  -1.9575
  1.4770  -0.1074  -1.8893
  1.4784  -0.1018  -1.8203
  1.4798  -0.0962  -1.7505
  1.4812  -0.0906  -1.6797
  1.4826  -0.0851  -1.6080
  1.4840  -0.0795  -1.5355
  1.4855  -0.0740  -1.4620
  1.4869  -0.0684  -1.3876
  1.4884  -0.0629  -1.3123
  1.4899  -0.0573  -1.2360
  1.4914  -0.0518  -1.1588
  1.4929  -0.0462  -1.0806
  1.4944  -0.0407  -1.0014
  1.4959  -0.0352  -0.9212
  1.4974  -0.0296  -0.8400
  1.4989  -0.0241  -0.7578
  1.5004  -0.0185  -0.6745
  1.5020  -0.0130  -0.5903
  1.5035  -0.0074  -0.5050
  1.5050  -0.0018  -0.4186
  1.5066   0.0038  -0.3312
  1.5082   0.0093  -0.2427
  1.5097   0.0149  -0.1532
  1.5113   0.0205  -0.0626
  1.5129   0.0261   0.0292
  1.5144   0.0317   0.1220
  1.5160   0.0374   0.2159
  1.5176   0.0430   0.3109
  1.5192   0.0486   0.4070
  1.5208   0.0543   0.5042
  1.5224   0.0600   0.6026
  1.5241   0.0656   0.7021
  1.5257   0.0713   0.8026
  1.5273   0.0770   0.9044
  1.5289   0.0827   1.0072
  1.5306   0.0884   1.1111
  1.5322   0.0942   1.2162
  1.5339   0.0999   1.3224
  1.5356   0.1056   1.4298
  1.5372   0.1114   1.5382
  1.5389   0.1172   1.6478
  1.5406   0.1229   1.7585
  1.5423   0.1287   1.8704
  1.5440   0.1345   1.9833
  1.5457   0.1403   2.0974
  1.5474   0.1461   2.2126
  1.5491   0.1519   2.3289
  1.5509   0.1577   2.4463
  1.5526   0.1635   2.5648
  1.5543   0.1694   2.6844
  1.5561   0.1752   2.8052
  1.5579   0.1810   2.9270
  1.5596   0.1869   3.0499
  1.5614   0.1927   3.1739
  1.5632   0.1985   3.2990
  1.5649   0.2043   3.4253
  1.5667   0.2102   3.5526
  1.5667   0.2102   3.5526
  1.5641   0.2010   3.5611
  1.5612   0.1922   3.5727
  1.5584   0.1835   3.5861
  1.5557   0.1749   3.6007
  1.5532   0.1664   3.6162
  1.5509   0.1580   3.6324
  1.5487   0.1496   3.6490
  1.5466   0.1413   3.6660
  1.5447   0.1330   3.6831
  1.5429   0.1246   3.7002
  1.5411   0.1163   3.7172
  1.5395   0.1080   3.7341
  1.5380   0.0996   3.7508
  1.5365   0.0912   3.7671
  1.5352   0.0827   3.7831
  1.5339   0.0743   3.7986
  1.5327   0.0657   3.8137
  1.5316   0.0572   3.8282
  1.5305   0.0485   3.8423
  1.5295   0.0398   3.8558
  1.5286   0.0311   3.8686
  1.5278   0.0223   3.8809
  1.5270   0.0134   3.8925
  1.5263   0.0045   3.9034
  1.5256  -0.0045   3.9137
  1.5251  -0.0136   3.9232
  1.5246  -0.0227   3.9320
  1.5241  -0.0320   3.9401
  1.5237  -0.0412   3.9474
  1.5234  -0.0506   3.9539
  1.5231  -0.0600   3.9597
  1.5229  -0.0695   3.9646
  1.5228  -0.0791   3.9687
  1.5227  -0.0887   3.9719
  1.5227  -0.0984   3.9743
  1.5228  -0.1082   3.9759
  1.5229  -0.1181   3.9765
  1.5231  -0.1280   3.9763
  1.5234  -0.1380   3.9752
  1.5237  -0.1481   3.9731
  1.5241  -0.1583   3.9702
  1.5246  -0.1686   3.9662
  1.5251  -0.1789   3.9614
  1.5257  -0.1893   3.9555
  1.5264  -0.1998   3.9487
  1.5271  -0.2104   3.9410
  1.5279  -0.2211   3.9322
  1.5288  -0.2318   3.9224
  1.5298  -0.2427   3.9116
  1.5308  -0.2536   3.8998
  1.5319  -0.2646   3.8870
  1.5331  -0.2756   3.8731
  1.5344  -0.2868   3.8582
  1.5357  -0.2981   3.8423
  1.5372  -0.3094   3.8254
  1.5387  -0.3208   3.8074
  1.5403  -0.3323   3.7884
  1.5419  -0.3439   3.7683
  1.5437  -0.3556   3.7473
  1.5455  -0.3673   3.7253
  1.5474  -0.3791   3.7023
  1.5494  -0.3911   3.6783
  1.5515  -0.4030   3.6535
  1.5536  -0.4151   3.6279
  1.5559  -0.4272   3.6014
  1.5582  -0.4394   3.5743
  1.5606  -0.4516   3.5466
  1.5632  -0.4638   3.5184
  1.5538  -0.4724   3.5918
  1.5522  -0.4576   3.4272
  1.5508  -0.4414   3.2540
  1.5495  -0.4253   3.0819
  1.5482  -0.4089   2.9100
  1.5470  -0.3927   2.7413
  1.5457  -0.3767   2.5758
  1.5445  -0.3608   2.4134
  1.5432  -0.3450   2.2541
  1.5419  -0.3293   2.0978
  1.5406  -0.3138   1.9444
  1.5393  -0.2984   1.7940
  1.5380  -0.2831   1.6463
  1.5366  -0.2680   1.5015
  1.5353  -0.2530   1.3594
  1.5340  -0.2380   1.2199
  1.5326  -0.2232   1.0831
  1.5313  -0.2085   0.9489
  1.5300  -0.1940   0.8173
  1.5286  -0.1795   0.6881
  1.5273  -0.1651   0.5614
  1.5260  -0.1508   0.4371
  1.5246  -0.1367   0.3152
  1.5233  -0.1226   0.1957
  1.5220  -0.1086   0.0784
  1.5208  -0.0948  -0.0365
  1.5195  -0.0810  -0.1493
  1.5182  -0.0674  -0.2598
  1.5170  -0.0538  -0.3681
  1.5158  -0.0403  -0.4743
  1.5146  -0.0270  -0.5784
  1.5134  -0.0137  -0.6804
  1.5122  -0.0005  -0.7804
  1.5111   0.0126  -0.8783
  1.5099   0.0256  -0.9742
  1.5088   0.0385  -1.0681
  1.5078   0.0513  -1.1600
  1.5067   0.0640  -1.2501
  1.5057   0.0766  -1.3382
  1.5047   0.0891  -1.4244
  1.5037   0.1015  -1.5087
  1.5028   0.1138  -1.5911
  1.5019   0.1260  -1.6718
  1.5010   0.1381  -1.7506
  1.5002   0.1501  -1.8276
  1.4993   0.1620  -1.9028
  1.4985   0.1739  -1.9762
  1.4978   0.1856  -2.0479
  1.4970   0.1972  -2.1179
  1.4963   0.2087  -2.1861
  1.4956   0.2202  -2.2526
  1.4949   0.2315  -2.3174
  1.4943   0.2427  -2.3806
  1.4937   0.2539  -2.4420
  1.4931   0.2649  -2.5018
  1.4925   0.2758  -2.5600
  1.4919   0.2867  -2.6165
  1.4914   0.2974  -2.6714
  1.4909   0.3080  -2.7246
  1.4904   0.3186  -2.7763
  1.4899   0.3290  -2.8263
  1.4895   0.3394  -2.8748
  1.4890   0.3496  -2.9217
  1.4886   0.3598  -2.9671
  1.4882   0.3698  -3.0108
  1.4878   0.3798  -3.0530
  1.4873   0.3897  -3.0937
  1.4869   0.3994  -3.1329
  1.4866   0.4091  -3.1705
  1.4862   0.4187  -3.2066
  1.4858   0.4282  -3.2411
  1.4854   0.4376  -3.2742
  1.4854   0.4376  -3.2742
  1.4817   0.4287  -3.2198
  1.4776   0.4202  -3.1593
  1.4739   0.4121  -3.1020
  1.4703   0.4043  -3.0460
  1.4669   0.3965  -2.9964
  1.4638   0.3888  -2.9506
  1.4610   0.3811  -2.9084
  1.4583   0.3734  -2.8695
  1.4557   0.3657  -2.8334
  1.4533   0.3579  -2.8001
  1.4511   0.3502  -2.7693
  1.4489   0.3423  -2.7409
  1.4468   0.3344  -2.7147
  1.4449   0.3264  -2.6906
  1.4430   0.3184  -2.6685
  1.4411   0.3102  -2.6482
  1.4394   0.3019  -2.6298
  1.4377   0.2936  -2.6130
  1.4361   0.2851  -2.5978
  1.4345   0.2765  -2.5843
  1.4330   0.2679  -2.5722
  1.4316   0.2591  -2.5616
  1.4302   0.2502  -2.5523
  1.4289   0.2412  -2.5445
  1.4277   0.2321  -2.5379
  1.4265   0.2229  -2.5325
  1.4254   0.2137  -2.5284
  1.4243   0.2043  -2.5255
  1.4234   0.1948  -2.5236
  1.4225   0.1853  -2.5229
  1.4216   0.1756  -2.5232
  1.4209   0.1659  -2.5246
  1.4202   0.1560  -2.5269
  1.4196   0.1461  -2.5302
  1.4191   0.1362  -2.5344
  1.4187   0.1261  -2.5395
  1.4183   0.1160  -2.5454
  1.4181   0.1058  -2.5522
  1.4179   0.0955  -2.5598
  1.4178   0.0851  -2.5682
  1.4178   0.0747  -2.5773
  1.4179   0.0643  -2.5872
  1.4181   0.0537  -2.5978
  1.4183   0.0431  -2.6092
  1.4187   0.0325  -2.6212
  1.4191   0.0218  -2.6339
  1.4197   0.0110  -2.6474
  1.4203   0.0002  -2.6615
  1.4211  -0.0107  -2.6763
  1.4219  -0.0216  -2.6919
  1.4229  -0.0326  -2.7081
  1.4239  -0.0436  -2.7252
  1.4251  -0.0547  -2.7430
  1.4263  -0.0659  -2.7617
  1.4277  -0.0771  -2.7813
  1.4291  -0.0884  -2.8018
  1.4307  -0.0998  -2.8234
  1.4324  -0.1113  -2.8462
  1.4342  -0.1229  -2.8703
  1.4361  -0.1345  -2.8958
  1.4381  -0.1463  -2.9230
  1.4403  -0.1583  -2.9520
  1.4426  -0.1704  -2.9831
  1.4450  -0.1826  -3.0167
  1.4476  -0.1951  -3.0530
  1.4504  -0.2078  -3.0926
  1.4533  -0.2208  -3.1360
  1.4564  -0.2341  -3.1838
  1.4597  -0.2478  -3.2367
  1.4581  -0.2590  -3.3178
  1.4581  -0.2543  -3.2625
  1.4587  -0.2488  -3.2081
  1.4593  -0.2432  -3.1536
  1.4600  -0.2375  -3.0985
  1.4608  -0.2319  -3.0428
  1.4615  -0.2263  -2.9863
  1.4623  -0.2207  -2.9292
  1.4630  -0.2152  -2.8714
  1.4638  -0.2096  -2.8128
  1.4647  -0.2041  -2.7535
  1.4655  -0.1986  -2.6935
  1.4664  -0.1930  -2.6327
  1.4673  -0.1875  -2.5711
  1.4682  -0.1820  -2.5088
  1.4691  -0.1765  -2.4457
  1.4701  -0.1711  -2.3818
  1.4710  -0.1656  -2.3171
  1.4720  -0.1601  -2.2516
  1.4730  -0.1547  -2.1852
  1.4740  -0.1492  -2.1181
  1.4750  -0.1438  -2.0501
  1.4761  -0.1383  -1.9813
  1.4771  -0.1329  -1.9116
  1.4782  -0.1274  -1.8410
  1.4793  -0.1220  -1.7696
  1.4804  -0.1166  -1.6973
  1.4815  -0.1111  -1.6241
  1.4826  -0.1057  -1.5499
  1.4838  -0.1002  -1.4749
  1.4849  -0.0948  -1.3989
  1.4861  -0.0894  -1.3220
  1.4873  -0.0839  -1.2442
  1.4885  -0.0784  -1.1654
  1.4897  -0.0730  -1.0856
  1.4909  -0.0675  -1.0048
  1.4921  -0.0620  -0.9231
  1.4933  -0.0566  -0.8404
  1.4946  -0.0511  -0.7566
  1.4958  -0.0456  -0.6719
  1.4971  -0.0401  -0.5861
  1.4984  -0.0345  -0.4993
  1.4997  -0.0290  -0.4115
  1.5010  -0.0235  -0.3226
  1.5023  -0.0179  -0.2327
  1.5036  -0.0124  -0.1417
  1.5049  -0.0068  -0.0497
  1.5062  -0.0012   0.0434
  1.5076   0.0044   0.1375
  1.5090   0.0100   0.2327
  1.5103   0.0156   0.3290
  1.5117   0.0212   0.4264
  1.5131   0.0269   0.5248
  1.5145   0.0325   0.6244
  1.5159   0.0382   0.7250
  1.5173   0.0439   0.8267
  1.5188   0.0496   0.9295
  1.5202   0.0553   1.0334
  1.5217   0.0610   1.1383
  1.5232   0.0668   1.2444
  1.5246   0.0725   1.3515
  1.5261   0.0783   1.4597
  1.5277   0.0840   1.5690
  1.5292   0.0898   1.6794
  1.5307   0.0956   1.7908
  1.5323   0.1014   1.9033
  1.5338   0.1072   2.0169
  1.5354   0.1130   2.1315
  1.5370   0.1189   2.2472
  1.5386   0.1247   2.3640
  1.5402   0.1305   2.4818
  1.5418   0.1364   2.6006
  1.5435   0.1422   2.7205
  1.5451   0.1481   2.8414
  1.5468   0.1540   2.9633
  1.5484   0.1598   3.0862
  1.5501   0.1657   3.2100
  1.5518   0.1716   3.3347
  1.5536   0.1775   3.4602
  1.5553   0.1835   3.5865
  1.5553   0.1835   3.5865
  1.5528   0.1744   3.5958
  1.5499   0.1657   3.6085
  1.5471   0.1570   3.6232
  1.5445   0.1485   3.6388
  1.5421   0.1400   3.6553
  1.5398   0.1317   3.6724
  1.5376   0.1233   3.6899
  1.5356   0.1150   3.7077
  1.5337   0.1067   3.7255
  1.5319   0.0985   3.7434
  1.5302   0.0902   3.7612
  1.5286   0.0818   3.7787
  1.5271   0.0735   3.7960
  1.5256   0.0651   3.8130
  1.5243   0.0566   3.8295
  1.5230   0.0482   3.8456
  1.5218   0.0396   3.8612
  1.5207   0.0311   3.8762
  1.5197   0.0224   3.8907
  1.5187   0.0137   3.9046
  1.5178   0.0050   3.9178
  1.5170  -0.0038   3.9304
  1.5162  -0.0127   3.9423
  1.5155  -0.0217   3.9535
  1.5149  -0.0307   3.9640
  1.5143  -0.0398   3.9737
  1.5138  -0.0489   3.9826
  1.5134  -0.0581   3.9908
  1.5130  -0.0674   3.9982
  1.5127  -0.0768   4.0048
  1.5124  -0.0862   4.0106
  1.5122  -0.0957   4.0155
  1.5121  -0.1053   4.0196
  1.5120  -0.1150   4.0228
  1.5120  -0.1247   4.0251
  1.5121  -0.1345   4.0266
  1.5122  -0.1444   4.0271
  1.5124  -0.1544   4.0268
  1.5126  -0.1644   4.0255
  1.5130  -0.1745   4.0232
  1.5134  -0.1847   4.0201
  1.5138  -0.1950   4.0160
  1.5143  -0.2054   4.0109
  1.5149  -0.2158   4.0048
  1.5156  -0.2263   3.9978
  1.5163  -0.2369   3.9897
  1.5171  -0.2476   3.9807
  1.5180  -0.2584   3.9707
  1.5190  -0.2692   3.9596
  1.5200  -0.2801   3.9476
  1.5211  -0.2911   3.9345
  1.5223  -0.3022   3.9203
  1.5235  -0.3134   3.9052
  1.5248  -0.3247   3.8890
  1.5262  -0.3360   3.8718
  1.5277  -0.3474   3.8536
  1.5293  -0.3589   3.8343
  1.5309  -0.3705   3.8140
  1.5326  -0.3822   3.7927
  1.5344  -0.3939   3.7705
  1.5363  -0.4058   3.7472
  1.5383  -0.4177   3.7230
  1.5403  -0.4296   3.6980
  1.5424  -0.4417   3.6720
  1.5446  -0.4538   3.6453
  1.5469  -0.4660   3.6179
  1.5493  -0.4782   3.5898
  1.5517  -0.4904   3.5612
  1.5421  -0.4989   3.6340
  1.5405  -0.4838   3.4704
  1.5390  -0.4675   3.2991
  1.5377  -0.4508   3.1274
  1.5364  -0.4343   2.9574
  1.5351  -0.4178   2.7896
  1.5339  -0.4014   2.6250
  1.5326  -0.3852   2.4635
  1.5313  -0.3691   2.3050
  1.5301  -0.3531   2.1495
  1.5288  -0.3372   1.9969
  1.5275  -0.3215   1.8471
  1.5262  -0.3059   1.7001
  1.5248  -0.2904   1.5559
  1.5235  -0.2750   1.4144
  1.5222  -0.2598   1.2755
  1.5209  -0.2446   1.1392
  1.5196  -0.2296   1.0055
  1.5183  -0.2146   0.8743
  1.5170  -0.1998   0.7456
  1.5157  -0.1851   0.6193
  1.5144  -0.1704   0.4954
  1.5131  -0.1559   0.3738
  1.5119  -0.1415   0.2545
  1.5106  -0.1272   0.1376
  1.5094  -0.1129   0.0228
  1.5082  -0.0988  -0.0897
  1.5070  -0.0848  -0.2001
  1.5058  -0.0708  -0.3083
  1.5046  -0.0570  -0.4143
  1.5035  -0.0432  -0.5183
  1.5024  -0.0296  -0.6203
  1.5013  -0.0160  -0.7202
  1.5002  -0.0026  -0.8181
  1.4992   0.0108  -0.9140
  1.4982   0.0240  -1.0079
  1.4972   0.0372  -1.1000
  1.4962   0.0503  -1.1900
  1.4953   0.0632  -1.2783
  1.4944   0.0761  -1.3646
  1.4935   0.0889  -1.4491
  1.4927   0.1016  -1.5317
  1.4919   0.1142  -1.6125
  1.4911   0.1267  -1.6916
  1.4904   0.1390  -1.7688
  1.4897   0.1513  -1.8443
  1.4890   0.1635  -1.9180
  1.4884   0.1756  -1.9900
  1.4877   0.1876  -2.0603
  1.4872   0.1995  -2.1289
  1.4866   0.2113  -2.1958
  1.4861   0.2230  -2.2610
  1.4856   0.2346  -2.3245
  1.4851   0.2461  -2.3864
  1.4847   0.2575  -2.4467
  1.4842   0.2688  -2.5053
  1.4839   0.2800  -2.5623
  1.4835   0.2911  -2.6177
  1.4831   0.3021  -2.6715
  1.4828   0.3130  -2.7237
  1.4825   0.3238  -2.7744
  1.4822   0.3345  -2.8235
  1.4820   0.3451  -2.8710
  1.4817   0.3556  -2.9170
  1.4815   0.3660  -2.9614
  1.4812   0.3763  -3.0044
  1.4810   0.3865  -3.0458
  1.4808   0.3966  -3.0856
  1.4806   0.4066  -3.1240
  1.4805   0.4166  -3.1609
  1.4803   0.4264  -3.1963
  1.4801   0.4361  -3.2302
  1.4801   0.4361  -3.2302
  1.4763   0.4273  -3.1760
  1.4722   0.4190  -3.1156
  1.4683   0.4109  -3.0581
  1.4647   0.4030  -3.0049
  1.4614   0.3952  -2.9551
  1.4583   0.3875  -2.9096
  1.4554   0.3799  -2.8676
  1.4527   0.3722  -2.8287
  1.4502   0.3646  -2.7927
  1.4478   0.3569  -2.7593
  1.4455   0.3492  -2.7285
  1.4433   0.3414  -2.6999
  1.4412   0.3336  -2.6736
  1.4392   0.3256  -2.6492
  1.4373   0.3176  -2.6269
  1.4355   0.3095  -2.6064
  1.4337   0.3013  -2.5876
  1.4320   0.2930  -2.5706
  1.4303   0.2846  -2.5552
  1.4287   0.2761  -2.5413
  1.4272   0.2675  -2.5289
  1.4258   0.2587  -2.5180
  1.4244   0.2499  -2.5085
  1.4230   0.2410  -2.5004
  1.4218   0.2319  -2.4936
  1.4206   0.2228  -2.4880
  1.4194   0.2136  -2.4837
  1.4184   0.2042  -2.4805
  1.4174   0.1948  -2.4785
  1.4165   0.1853  -2.4776
  1.4156   0.1756  -2.4778
  1.4148   0.1659  -2.4790
  1.4142   0.1561  -2.4812
  1.4135   0.1462  -2.4844
  1.4130   0.1363  -2.4885
  1.4126   0.1262  -2.4935
  1.4122   0.1161  -2.4994
  1.4119   0.1059  -2.5062
  1.4117   0.0956  -2.5138
  1.4116   0.0853  -2.5222
  1.4116   0.0748  -2.5313
  1.4117   0.0644  -2.5413
  1.4119   0.0538  -2.5520
  1.4122   0.0432  -2.5634
  1.4126   0.0325  -2.5755
  1.4130   0.0218  -2.5883
  1.4136   0.0110  -2.6019
  1.4143   0.0001  -2.6161
  1.4150  -0.0108  -2.6311
  1.4159  -0.0217  -2.6468
  1.4169  -0.0328  -2.6632
  1.4180  -0.0439  -2.6804
  1.4191  -0.0550  -2.6984
  1.4204  -0.0662  -2.7172
  1.4218  -0.0775  -2.7369
  1.4233  -0.0889  -2.7576
  1.4250  -0.1004  -2.7794
  1.4267  -0.1119  -2.8023
  1.4285  -0.1235  -2.8265
  1.4305  -0.1353  -2.8521
  1.4326  -0.1472  -2.8794
  1.4348  -0.1592  -2.9085
  1.4372  -0.1714  -2.9397
  1.4397  -0.1838  -2.9733
  1.4424  -0.1964  -3.0097
  1.4452  -0.2092  -3.0494
  1.4482  -0.2223  -3.0927
  1.4514  -0.2358  -3.1405
  1.4489  -0.2485  -3.2328
  1.4493  -0.2432  -3.1789
  1.4502  -0.2371  -3.1261
  1.4512  -0.2309  -3.0730
  1.4522  -0.2248  -3.0193
  1.4533  -0.2187  -2.9648
  1.4544  -0.2127  -2.9097
  1.4555  -0.2066  -2.8538
  1.4566  -0.2006  -2.7973
  1.4577  -0.1947  -2.7400
  1.4589  -0.1887  -2.6820
  1.4601  -0.1828  -2.6232
  1.4613  -0.1770  -2.5637
  1.4625  -0.1711  -2.5035
  1.4637  -0.1653  -2.4425
  1.4650  -0.1594  -2.3808
  1.4663  -0.1536  -2.3183
  1.4676  -0.1479  -2.2550
  1.4689  -0.1421  -2.1909
  1.4702  -0.1364  -2.1261
  1.4716  -0.1306  -2.0604
  1.4729  -0.1249  -1.9939
  1.4743  -0.1192  -1.9266
  1.4757  -0.1136  -1.8584
  1.4771  -0.1079  -1.7894
  1.4785  -0.1022  -1.7195
  1.4799  -0.0966  -1.6487
  1.4813  -0.0909  -1.5771
  1.4828  -0.0853  -1.5046
  1.4842  -0.0796  -1.4311
  1.4857  -0.0740  -1.3567
  1.4872  -0.0684  -1.2814
  1.4887  -0.0627  -1.2052
  1.4902  -0.0571  -1.1280
  1.4917  -0.0515  -1.0498
  1.4932  -0.0459  -0.9707
  1.4947  -0.0403  -0.8906
  1.4962  -0.0346  -0.8095
  1.4978  -0.0290  -0.7274
  1.4993  -0.0234  -0.6442
  1.5009  -0.0178  -0.5601
  1.5024  -0.0121  -0.4749
  1.5040  -0.0065  -0.3886
  1.5055  -0.0009  -0.3013
  1.5071   0.0048  -0.2130
  1.5087   0.0104  -0.1236
  1.5103   0.0161  -0.0331
  1.5119   0.0218   0.0585
  1.5135   0.0274   0.1511
  1.5151   0.0331   0.2449
  1.5167   0.0388   0.3397
  1.5183   0.0445   0.4356
  1.5199   0.0502   0.5327
  1.5215   0.0559   0.6308
  1.5232   0.0617   0.7301
  1.5248   0.0674   0.8304
  1.5265   0.0731   0.9319
  1.5281   0.0789   1.0345
  1.5298   0.0846   1.1382
  1.5314   0.0904   1.2431
  1.5331   0.0962   1.3490
  1.5348   0.1020   1.4561
  1.5365   0.1078   1.5643
  1.5382   0.1136   1.6736
  1.5399   0.1194   1.7840
  1.5416   0.1252   1.8956
  1.5433   0.1310   2.0082
  1.5450   0.1369   2.1220
  1.5467   0.1427   2.2368
  1.5485   0.1485   2.3528
  1.5502   0.1544   2.4698
  1.5520   0.1602   2.5880
  1.5537   0.1661   2.7073
  1.5555   0.1719   2.8276
  1.5573   0.1778   2.9490
  1.5591   0.1837   3.0716
  1.5609   0.1895   3.1952
  1.5627   0.1954   3.3199
  1.5645   0.2012   3.4456
  1.5663   0.2071   3.5725
  1.5663   0.2071   3.5725
  1.5637   0.1979   3.5812
  1.5608   0.1891   3.5930
  1.5580   0.1804   3.6065
  1.5554   0.1718   3.6212
  1.5529   0.1634   3.6367
  1.5506   0.1549   3.6529
  1.5484   0.1466   3.6696
  1.5463   0.1382   3.6866
  1.5444   0.1299   3.7037
  1.5426   0.1216   3.7209
  1.5409   0.1132   3.7380
  1.5392   0.1049   3.7549
  1.5377   0.0965   3.7716
  1.5363   0.0880   3.7880
  1.5349   0.0796   3.8040
  1.5337   0.0711   3.8196
  1.5325   0.0625   3.8347
  1.5314   0.0539   3.8493
  1.5303   0.0453   3.8634
  1.5293   0.0366   3.8769
  1.5284   0.0278   3.8898
  1.5276   0.0190   3.9022
  1.5268   0.0101   3.9138
  1.5261   0.0012   3.9248
  1.5255  -0.0078   3.9351
  1.5249  -0.0169   3.9447
  1.5244  -0.0261   3.9536
  1.5240  -0.0353   3.9617
  1.5236  -0.0446   3.9691
  1.5232  -0.0539   3.9757
  1.5230  -0.0634   3.9815
  1.5228  -0.0729   3.9866
  1.5227  -0.0824   3.9907
  1.5226  -0.0921   3.9941
  1.5226  -0.1018   3.9966
  1.5226  -0.1116   3.9982
  1.5228  -0.1215   3.9990
  1.5230  -0.1314   3.9989
  1.5232  -0.1415   3.9978
  1.5235  -0.1516   3.9959
  1.5239  -0.1617   3.9930
  1.5244  -0.1720   3.9892
  1.5249  -0.1823   3.9844
  1.5255  -0.1928   3.9787
  1.5261  -0.2033   3.9720
  1.5269  -0.2138   3.9643
  1.5277  -0.2245   3.9556
  1.5286  -0.2352   3.9459
  1.5295  -0.2461   3.9352
  1.5305  -0.2570   3.9235
  1.5316  -0.2680   3.9108
  1.5328  -0.2790   3.8970
  1.5341  -0.2902   3.8822
  1.5354  -0.3015   3.8663
  1.5368  -0.3128   3.8494
  1.5383  -0.3242   3.8314
  1.5399  -0.3357   3.8124
  1.5415  -0.3473   3.7924
  1.5432  -0.3589   3.7714
  1.5450  -0.3707   3.7493
  1.5469  -0.3825   3.7263
  1.5489  -0.3944   3.7023
  1.5510  -0.4063   3.6773
  1.5531  -0.4184   3.6515
  1.5553  -0.4304   3.6249
  1.5577  -0.4426   3.5975
  1.5601  -0.4548   3.5696
  1.5626  -0.4670   3.5410
  1.5530  -0.4756   3.6153
  1.5509  -0.4622   3.4647
  1.5493  -0.4461   3.2930
  1.5472  -0.4310   3.1354
  1.5452  -0.4156   2.9772
  1.5438  -0.3995   2.8104
  1.5424  -0.3835   2.6462
  1.5411  -0.3676   2.4845
  1.5397  -0.3517   2.3253
  1.5388  -0.3351   2.1592
  1.5375  -0.3194   2.0050
  1.5361  -0.3039   1.8537
  1.5348  -0.2885   1.7053
  1.5335  -0.2732   1.5597
  1.5321  -0.2581   1.4169
  1.5308  -0.2430   1.2768
  1.5294  -0.2281   1.1393
  1.5280  -0.2132   1.0045
  1.5267  -0.1985   0.8722
  1.5253  -0.1839   0.7424
  1.5240  -0.1694   0.6152
  1.5226  -0.1550   0.4903
  1.5213  -0.1406   0.3679
  1.5199  -0.1264   0.2478
  1.5186  -0.1123   0.1300
  1.5173  -0.0983   0.0146
  1.5160  -0.0844  -0.0986
  1.5147  -0.0705  -0.2096
  1.5134  -0.0568  -0.3184
  1.5121  -0.0431  -0.4250
  1.5109  -0.0296  -0.5295
  1.5097  -0.0162  -0.6319
  1.5084  -0.0028  -0.7323
  1.5073   0.0105  -0.8305
  1.5061   0.0236  -0.9268
  1.5050   0.0367  -1.0210
  1.5038   0.0497  -1.1133
  1.5028   0.0626  -1.2037
  1.5017   0.0754  -1.2921
  1.5007   0.0881  -1.3786
  1.4997   0.1007  -1.4632
  1.4987   0.1132  -1.5459
  1.4977   0.1256  -1.6268
  1.4968   0.1379  -1.7059
  1.4959   0.1501  -1.7831
  1.4950   0.1622  -1.8586
  1.4942   0.1742  -1.9323
  1.4934   0.1861  -2.0042
  1.4926   0.1980  -2.0744
  1.4918   0.2097  -2.1428
  1.4911   0.2213  -2.2095
  1.4904   0.2328  -2.2745
  1.4897   0.2443  -2.3379
  1.4891   0.2556  -2.3995
  1.4885   0.2668  -2.4595
  1.4879   0.2780  -2.5178
  1.4873   0.2890  -2.5745
  1.4867   0.2999  -2.6295
  1.4862   0.3108  -2.6829
  1.4857   0.3215  -2.7348
  1.4852   0.3322  -2.7850
  1.4847   0.3427  -2.8336
  1.4842   0.3531  -2.8806
  1.4838   0.3635  -2.9261
  1.4833   0.3737  -2.9700
  1.4829   0.3839  -3.0124
  1.4825   0.3939  -3.0532
  1.4821   0.4039  -3.0925
  1.4817   0.4137  -3.1302
  1.4813   0.4235  -3.1665
  1.4809   0.4332  -3.2012
  1.4805   0.4427  -3.2344
  1.4805   0.4427  -3.2344
  1.4768   0.4339  -3.1796
  1.4727   0.4255  -3.1186
  1.4688   0.4174  -3.0604
  1.4652   0.4094  -3.0065
  1.4619   0.4016  -2.9561
  1.4588   0.3939  -2.9100
  1.4560   0.3862  -2.8674
  1.4533   0.3785  -2.8279
  1.4507   0.3709  -2.7913
  1.4483   0.3632  -2.7575
  1.4461   0.3554  -2.7261
  1.4439   0.3477  -2.6971
  1.4418   0.3398  -2.6703
  1.4398   0.3319  -2.6457
  1.4379   0.3238  -2.6230
  1.4361   0.3157  -2.6021
  1.4343   0.3075  -2.5831
  1.4326   0.2992  -2.5659
  1.4310   0.2908  -2.5502
  1.4294   0.2823  -2.5362
  1.4279   0.2737  -2.5237
  1.4264   0.2650  -2.5128
  1.4250   0.2561  -2.5032
  1.4237   0.2472  -2.4950
  1.4224   0.2382  -2.4882
  1.4212   0.2290  -2.4827
  1.4201   0.2198  -2.4784
  1.4191   0.2105  -2.4753
  1.4181   0.2011  -2.4734
  1.4172   0.1915  -2.4726
  1.4163   0.1819  -2.4729
  1.4155   0.1722  -2.4743
  1.4149   0.1624  -2.4767
  1.4143   0.1526  -2.4801
  1.4137   0.1426  -2.4844
  1.4133   0.1326  -2.4897
  1.4129   0.1225  -2.4958
  1.4127   0.1123  -2.5028
  1.4125   0.1020  -2.5106
  1.4124   0.0917  -2.5193
  1.4124   0.0813  -2.5287
  1.4125   0.0709  -2.5389
  1.4127   0.0604  -2.5498
  1.4130   0.0498  -2.5614
  1.4134   0.0392  -2.5738
  1.4138   0.0285  -2.5869
  1.4144   0.0177  -2.6007
  1.4151   0.0069  -2.6152
  1.4159  -0.0040  -2.6303
  1.4167  -0.0149  -2.6462
  1.4177  -0.0259  -2.6629
  1.4188  -0.0369  -2.6803
  1.4199  -0.0480  -2.6985
  1.4212  -0.0592  -2.7175
  1.4226  -0.0705  -2.7374
  1.4241  -0.0818  -2.7583
  1.4257  -0.0932  -2.7803
  1.4274  -0.1047  -2.8034
  1.4292  -0.1163  -2.8278
  1.4312  -0.1280  -2.8537
  1.4332  -0.1399  -2.8812
  1.4354  -0.1519  -2.9105
  1.4378  -0.1641  -2.9420
  1.4402  -0.1765  -2.9760
  1.4428  -0.1891  -3.0127
  1.4456  -0.2019  -3.0528
  1.4486  -0.2151  -3.0967
  1.4517  -0.2286  -3.1451
  1.4550  -0.2426  -3.1987
  1.4535  -0.2535  -3.2782
  1.4537  -0.2482  -3.2233
  1.4545  -0.2422  -3.1698
  1.4554  -0.2361  -3.1159
  1.4563  -0.2300  -3.0615
  1.4573  -0.2240  -3.0064
  1.4583  -0.2179  -2.9506
  1.4593  -0.2120  -2.8942
  1.4603  -0.2060  -2.8371
  1.4613  -0.2001  -2.7792
  1.4624  -0.1942  -2.7207
  1.4635  -0.1883  -2.6615
  1.4646  -0.1824  -2.6015
  1.4657  -0.1766  -2.5409
  1.4669  -0.1708  -2.4794
  1.4680  -0.1650  -2.4173
  1.4692  -0.1592  -2.3544
  1.4705  -0.1535  -2.2907
  1.4717  -0.1477  -2.2262
  1.4729  -0.1420  -2.1610
  1.4742  -0.1363  -2.0949
  1.4755  -0.1306  -2.0281
  1.4768  -0.1249  -1.9604
  1.4781  -0.1192  -1.8919
  1.4794  -0.1135  -1.8225
  1.4807  -0.1079  -1.7523
  1.4821  -0.1022  -1.6812
  1.4834  -0.0966  -1.6092
  1.4848  -0.0909  -1.5363
  1.4862  -0.0853  -1.4625
  1.4876  -0.0797  -1.3879
  1.4890  -0.0741  -1.3122
  1.4904  -0.0684  -1.2357
  1.4919  -0.0628  -1.1581
  1.4933  -0.0572  -1.0796
  1.4948  -0.0516  -1.0002
  1.4962  -0.0460  -0.9197
  1.4977  -0.0403  -0.8383
  1.4992  -0.0347  -0.7558
  1.5006  -0.0291  -0.6724
  1.5021  -0.0235  -0.5879
  1.5036  -0.0178  -0.5023
  1.5051  -0.0122  -0.4157
  1.5067  -0.0065  -0.3281
  1.5082  -0.0009  -0.2394
  1.5097   0.0048  -0.1496
  1.5112   0.0104  -0.0588
  1.5128   0.0161   0.0332
  1.5143   0.0218   0.1262
  1.5159   0.0275   0.2203
  1.5175   0.0332   0.3155
  1.5190   0.0389   0.4118
  1.5206   0.0446   0.5093
  1.5222   0.0504   0.6078
  1.5238   0.0561   0.7075
  1.5254   0.0618   0.8083
  1.5270   0.0676   0.9102
  1.5286   0.0734   1.0132
  1.5303   0.0791   1.1174
  1.5319   0.0849   1.2227
  1.5335   0.0907   1.3291
  1.5352   0.0965   1.4367
  1.5368   0.1024   1.5453
  1.5385   0.1082   1.6551
  1.5402   0.1140   1.7660
  1.5419   0.1199   1.8781
  1.5436   0.1257   1.9913
  1.5453   0.1316   2.1055
  1.5470   0.1374   2.2209
  1.5487   0.1433   2.3375
  1.5504   0.1492   2.4551
  1.5521   0.1550   2.5738
  1.5539   0.1609   2.6937
  1.5556   0.1668   2.8146
  1.5574   0.1727   2.9367
  1.5592   0.1786   3.0598
  1.5609   0.1845   3.1841
  1.5627   0.1904   3.3094
  1.5645   0.1963   3.4359
  1.5663   0.2022   3.5634
  1.5663   0.2022   3.5634
  1.5637   0.1930   3.5719
  1.5608   0.1842   3.5834
  1.5580   0.1755   3.5966
  1.5553   0.1669   3.6111
  1.5528   0.1584   3.6265
  1.5505   0.1500   3.6426
  1.5483   0.1416   3.6591
  1.5462   0.1333   3.6759
  1.5443   0.1250   3.6929
  1.5425   0.1166   3.7099
  1.5407   0.1083   3.7269
  1.5391   0.1000   3.7437
  1.5376   0.0916   3.7602
  1.5361   0.0832   3.7764
  1.5348   0.0747   3.7923
  1.5335   0.0663   3.8078
  1.5323   0.0577   3.8228
  1.5311   0.0491   3.8373
  1.5301   0.0405   3.8513
  1.5291   0.0318   3.8647
  1.5282   0.0231   3.8775
  1.5273   0.0143   3.8897
  1.5266   0.0054   3.9012
  1.5259  -0.0035   3.9121
  1.5252  -0.0125   3.9223
  1.5246  -0.0216   3.9319
  1.5241  -0.0308   3.9406
  1.5237  -0.0400   3.9487
  1.5233  -0.0492   3.9560
  1.5229  -0.0586   3.9625
  1.5227  -0.0680   3.9682
  1.5225  -0.0775   3.9731
  1.5224  -0.0871   3.9772
  1.5223  -0.0967   3.9805
  1.5223  -0.1064   3.9829
  1.5223  -0.1162   3.9845
  1.5225  -0.1261   3.9852
  1.5227  -0.1360   3.9850
  1.5229  -0.1460   3.9839
  1.5233  -0.1561   3.9819
  1.5236  -0.1663   3.9789
  1.5241  -0.1765   3.9751
  1.5246  -0.1869   3.9703
  1.5252  -0.1973   3.9645
  1.5259  -0.2078   3.9577
  1.5267  -0.2184   3.9500
  1.5275  -0.2290   3.9413
  1.5284  -0.2398   3.9316
  1.5293  -0.2506   3.9209
  1.5304  -0.2615   3.9091
  1.5315  -0.2725   3.8964
  1.5327  -0.2836   3.8826
  1.5339  -0.2947   3.8678
  1.5353  -0.3060   3.8520
  1.5367  -0.3173   3.8352
  1.5382  -0.3287   3.8173
  1.5398  -0.3402   3.7984
  1.5415  -0.3518   3.7785
  1.5432  -0.3635   3.7576
  1.5450  -0.3752   3.7357
  1.5470  -0.3870   3.7128
  1.5489  -0.3990   3.6891
  1.5510  -0.4109   3.6644
  1.5532  -0.4230   3.6389
  1.5554  -0.4351   3.6127
  1.5578  -0.4473   3.5858
  1.5602  -0.4595   3.5583
  1.5627  -0.4717   3.5304
  1.5533  -0.4803   3.6037
  1.5518  -0.4653   3.4385
  1.5500  -0.4500   3.2742
  1.5487  -0.4338   3.1025
  1.5474  -0.4174   2.9302
  1.5462  -0.4011   2.7610
  1.5449  -0.3849   2.5950
  1.5437  -0.3689   2.4321
  1.5424  -0.3530   2.2723
  1.5411  -0.3373   2.1155
  1.5398  -0.3216   1.9617
  1.5385  -0.3061   1.8107
  1.5372  -0.2908   1.6626
  1.5358  -0.2755   1.5173
  1.5345  -0.2604   1.3748
  1.5332  -0.2454   1.2349
  1.5318  -0.2304   1.0977
  1.5305  -0.2157   0.9630
  1.5292  -0.2010   0.8310
  1.5278  -0.1864   0.7014
  1.5265  -0.1719   0.5743
  1.5252  -0.1575   0.4496
  1.5239  -0.1433   0.3273
  1.5225  -0.1291   0.2074
  1.5213  -0.1150   0.0898
  1.5200  -0.1011  -0.0256
  1.5187  -0.0872  -0.1387
  1.5174  -0.0735  -0.2495
  1.5162  -0.0598  -0.3582
  1.5150  -0.0462  -0.4648
  1.5138  -0.0327  -0.5692
  1.5126  -0.0194  -0.6716
  1.5114  -0.0061  -0.7719
  1.5103   0.0071  -0.8701
  1.5092   0.0202  -0.9663
  1.5081   0.0332  -1.0606
  1.5070   0.0461  -1.1529
  1.5060   0.0589  -1.2432
  1.5050   0.0716  -1.3316
  1.5040   0.0842  -1.4181
  1.5030   0.0967  -1.5028
  1.5021   0.1091  -1.5855
  1.5012   0.1214  -1.6665
  1.5003   0.1336  -1.7456
  1.4994   0.1457  -1.8229
  1.4986   0.1577  -1.8984
  1.4978   0.1697  -1.9721
  1.4971   0.1815  -2.0441
  1.4963   0.1932  -2.1144
  1.4956   0.2048  -2.1829
  1.4949   0.2164  -2.2497
  1.4943   0.2278  -2.3148
  1.4936   0.2391  -2.3782
  1.4930   0.2503  -2.4399
  1.4924   0.2615  -2.5000
  1.4919   0.2725  -2.5584
  1.4913   0.2834  -2.6152
  1.4908   0.2943  -2.6703
  1.4903   0.3050  -2.7239
  1.4898   0.3157  -2.7758
  1.4894   0.3262  -2.8261
  1.4889   0.3366  -2.8749
  1.4885   0.3470  -2.9220
  1.4881   0.3572  -2.9676
  1.4877   0.3674  -3.0117
  1.4873   0.3774  -3.0542
  1.4869   0.3874  -3.0951
  1.4865   0.3972  -3.1345
  1.4861   0.4070  -3.1724
  1.4857   0.4167  -3.2087
  1.4854   0.4263  -3.2436
  1.4850   0.4357  -3.2769
  1.4850   0.4357  -3.2769
  1.4813   0.4269  -3.2225
  1.4772   0.4184  -3.1620
  1.4735   0.4103  -3.1046
  1.4699   0.4025  -3.0486
  1.4665   0.3947  -2.9990
  1.4634   0.3870  -2.9532
  1.4606   0.3793  -2.9110
  1.4579   0.3716  -2.8720
  1.4553   0.3639  -2.8359
  1.4529   0.3562  -2.8026
  1.4507   0.3484  -2.7718
  1.4485   0.3406  -2.7433
  1.4464   0.3327  -2.7171
  1.4444   0.3247  -2.6930
  1.4425   0.3166  -2.6709
  1.4407   0.3085  -2.6506
  1.4389   0.3002  -2.6321
  1.4373   0.2918  -2.6153
  1.4356   0.2834  -2.6001
  1.4341   0.2748  -2.5866
  1.4326   0.2662  -2.5745
  1.4311   0.2574  -2.5639
  1.4298   0.2485  -2.5546
  1.4285   0.2395  -2.5467
  1.4272   0.2304  -2.5402
  1.4261   0.2213  -2.5348
  1.4249   0.2120  -2.5307
  1.4239   0.2026  -2.5278
  1.4229   0.1931  -2.5260
  1.4220   0.1836  -2.5252
  1.4212   0.1739  -2.5256
  1.4205   0.1642  -2.5269
  1.4198   0.1544  -2.5293
  1.4192   0.1445  -2.5326
  1.4187   0.1345  -2.5368
  1.4182   0.1244  -2.5419
  1.4179   0.1143  -2.5478
  1.4176   0.1041  -2.5546
  1.4174   0.0938  -2.5622
  1.4173   0.0835  -2.5706
  1.4173   0.0731  -2.5798
  1.4174   0.0626  -2.5897
  1.4176   0.0521  -2.6003
  1.4179   0.0415  -2.6116
  1.4182   0.0308  -2.6237
  1.4187   0.0201  -2.6364
  1.4192   0.0093  -2.6499
  1.4199  -0.0015  -2.6640
  1.4206  -0.0123  -2.6789
  1.4215  -0.0233  -2.6944
  1.4224  -0.0343  -2.7107
  1.4235  -0.0453  -2.7278
  1.4246  -0.0564  -2.7456
  1.4259  -0.0676  -2.7643
  1.4272  -0.0788  -2.7839
  1.4287  -0.0901  -2.8045
  1.4303  -0.1015  -2.8261
  1.4320  -0.1130  -2.8489
  1.4338  -0.1246  -2.8730
  1.4357  -0.1363  -2.8985
  1.4377  -0.1481  -2.9256
  1.4399  -0.1600  -2.9547
  1.4422  -0.1721  -2.9858
  1.4446  -0.1844  -3.0194
  1.4472  -0.1969  -3.0557
  1.4500  -0.2096  -3.0954
  1.4529  -0.2226  -3.1388
  1.4560  -0.2359  -3.1865
  1.4593  -0.2496  -3.2394
  1.4577  -0.2608  -3.3205
