  0.0000   0.2565  -0.1200
  0.0000   0.2565  -0.1200
  0.0000   0.2565  -0.1200
  0.0000   0.2565  -0.1201
  0.0000   0.2565  -0.1202
  0.0001   0.2565  -0.1204
  0.0001   0.2566  -0.1206
  0.0001   0.2566  -0.1209
  0.0002   0.2566  -0.1212
  0.0002   0.2566  -0.1216
  0.0003   0.2567  -0.1220
  0.0003   0.2567  -0.1224
  0.0004   0.2568  -0.1229
  0.0005   0.2568  -0.1234
  0.0006   0.2569  -0.1239
  0.0007   0.2569  -0.1245
  0.0008   0.2570  -0.1252
  0.0009   0.2570  -0.1258
  0.0010   0.2571  -0.1265
  0.0011   0.2572  -0.1272
  0.0012   0.2572  -0.1280
  0.0013   0.2573  -0.1288
  0.0014   0.2574  -0.1296
  0.0016   0.2575  -0.1304
  0.0017   0.2576  -0.1313
  0.0018   0.2577  -0.1321
  0.0020   0.2578  -0.1330
  0.0021   0.2578  -0.1340
  0.0023   0.2579  -0.1349
  0.0025   0.2580  -0.1359
  0.0026   0.2581  -0.1369
  0.0028   0.2583  -0.1379
  0.0030   0.2584  -0.1389
  0.0032   0.2585  -0.1399
  0.0034   0.2586  -0.1410
  0.0035   0.2587  -0.1420
  0.0037   0.2588  -0.1431
  0.0039   0.2590  -0.1442
  0.0041   0.2591  -0.1453
  0.0044   0.2592  -0.1464
  0.0046   0.2593  -0.1475
  0.0048   0.2595  -0.1486
  0.0050   0.2596  -0.1497
  0.0052   0.2597  -0.1508
  0.0055   0.2599  -0.1520
  0.0057   0.2600  -0.1531
  0.0059   0.2602  -0.1542
  0.0062   0.2603  -0.1554
  0.0064   0.2605  -0.1565
  0.0067   0.2606  -0.1576
  0.0069   0.2608  -0.1588
  0.0072   0.2609  -0.1599
  0.0074   0.2611  -0.1610
  0.0077   0.2612  -0.1622
  0.0079   0.2614  -0.1633
  0.0082   0.2615  -0.1644
  0.0085   0.2617  -0.1655
  0.0087   0.2619  -0.1666
  0.0090   0.2620  -0.1677
  0.0093   0.2622  -0.1687
  0.0096   0.2624  -0.1698
  0.0099   0.2625  -0.1708
  0.0102   0.2627  -0.1719
  0.0104   0.2629  -0.1729
  0.0107   0.2631  -0.1739
  0.0110   0.2632  -0.1749
  0.0113   0.2634  -0.1759
  0.0116   0.2636  -0.1768
  0.0119   0.2638  -0.1778
  0.0122   0.2640  -0.1787
  0.0125   0.2641  -0.1796
  0.0128   0.2643  -0.1805
  0.0132   0.2645  -0.1814
  0.0135   0.2647  -0.1823
  0.0138   0.2649  -0.1831
  0.0141   0.2651  -0.1839
  0.0144   0.2653  -0.1848
  0.0147   0.2655  -0.1855
  0.0151   0.2657  -0.1863
  0.0154   0.2659  -0.1871
  0.0157   0.2661  -0.1878
  0.0161   0.2663  -0.1885
  0.0164   0.2665  -0.1892
  0.0167   0.2667  -0.1899
  0.0171   0.2669  -0.1905
  0.0174   0.2671  -0.1911
  0.0177   0.2673  -0.1917
  0.0181   0.2675  -0.1923
  0.0184   0.2677  -0.1928
  0.0188   0.2679  -0.1934
  0.0191   0.2681  -0.1939
  0.0195   0.2683  -0.1944
  0.0198   0.2686  -0.1948
  0.0202   0.2688  -0.1952
  0.0205   0.2690  -0.1957
  0.0209   0.2692  -0.1960
  0.0212   0.2694  -0.1964
  0.0216   0.2697  -0.1967
  0.0219   0.2699  -0.1970
  0.0223   0.2701  -0.1973
  0.0226   0.2703  -0.1975
  0.0230   0.2706  -0.1977
  0.0234   0.2708  -0.1979
  0.0237   0.2710  -0.1981
  0.0241   0.2712  -0.1982
  0.0245   0.2715  -0.1983
  0.0248   0.2717  -0.1983
  0.0252   0.2719  -0.1983
  0.0256   0.2722  -0.1983
  0.0260   0.2724  -0.1983
  0.0263   0.2726  -0.1982
  0.0267   0.2728  -0.1981
  0.0271   0.2731  -0.1979
  0.0275   0.2733  -0.1978
  0.0278   0.2736  -0.1975
  0.0282   0.2738  -0.1973
  0.0286   0.2740  -0.1970
  0.0290   0.2743  -0.1967
  0.0294   0.2745  -0.1963
  0.0297   0.2747  -0.1959
  0.0297   0.2747  -0.1959
  0.0301   0.2750  -0.1954
  0.0305   0.2752  -0.1950
  0.0309   0.2754  -0.1945
  0.0313   0.2757  -0.1941
  0.0317   0.2759  -0.1936
  0.0321   0.2761  -0.1932
  0.0325   0.2763  -0.1927
  0.0330   0.2765  -0.1923
  0.0334   0.2768  -0.1918
  0.0338   0.2770  -0.1914
  0.0342   0.2772  -0.1910
  0.0347   0.2774  -0.1905
  0.0351   0.2776  -0.1901
  0.0356   0.2778  -0.1897
  0.0360   0.2780  -0.1893
  0.0365   0.2782  -0.1889
  0.0370   0.2784  -0.1884
  0.0374   0.2786  -0.1880
  0.0379   0.2788  -0.1876
  0.0384   0.2790  -0.1873
  0.0389   0.2792  -0.1869
  0.0394   0.2794  -0.1865
  0.0399   0.2795  -0.1861
  0.0404   0.2797  -0.1857
  0.0409   0.2799  -0.1854
  0.0414   0.2801  -0.1850
  0.0419   0.2803  -0.1846
  0.0424   0.2805  -0.1843
  0.0429   0.2807  -0.1839
  0.0435   0.2808  -0.1836
  0.0440   0.2810  -0.1833
  0.0446   0.2812  -0.1829
  0.0451   0.2814  -0.1826
  0.0457   0.2816  -0.1822
  0.0462   0.2817  -0.1819
  0.0468   0.2819  -0.1816
  0.0473   0.2821  -0.1813
  0.0479   0.2823  -0.1809
  0.0485   0.2824  -0.1806
  0.0491   0.2826  -0.1803
  0.0497   0.2828  -0.1800
  0.0503   0.2830  -0.1796
  0.0509   0.2831  -0.1793
  0.0515   0.2833  -0.1790
  0.0521   0.2835  -0.1787
  0.0527   0.2837  -0.1784
  0.0533   0.2839  -0.1781
  0.0539   0.2840  -0.1777
  0.0545   0.2842  -0.1774
  0.0552   0.2844  -0.1771
  0.0558   0.2846  -0.1768
  0.0565   0.2847  -0.1764
  0.0571   0.2849  -0.1761
  0.0578   0.2851  -0.1758
  0.0584   0.2853  -0.1755
  0.0591   0.2855  -0.1751
  0.0598   0.2856  -0.1748
  0.0604   0.2858  -0.1744
  0.0611   0.2860  -0.1741
  0.0618   0.2862  -0.1737
  0.0625   0.2864  -0.1734
  0.0632   0.2866  -0.1730
  0.0639   0.2867  -0.1727
  0.0646   0.2869  -0.1723
  0.0653   0.2871  -0.1719
  0.0660   0.2873  -0.1716
  0.0668   0.2875  -0.1712
  0.0675   0.2877  -0.1708
  0.0682   0.2879  -0.1704
  0.0690   0.2881  -0.1700
  0.0697   0.2883  -0.1696
  0.0704   0.2885  -0.1692
  0.0712   0.2887  -0.1688
  0.0720   0.2889  -0.1683
  0.0727   0.2891  -0.1679
  0.0735   0.2893  -0.1674
  0.0743   0.2895  -0.1670
  0.0750   0.2897  -0.1665
  0.0758   0.2899  -0.1661
  0.0766   0.2901  -0.1656
  0.0774   0.2903  -0.1651
  0.0782   0.2906  -0.1646
  0.0790   0.2908  -0.1641
  0.0798   0.2910  -0.1635
  0.0807   0.2912  -0.1630
  0.0815   0.2915  -0.1625
  0.0823   0.2917  -0.1619
  0.0831   0.2919  -0.1613
  0.0840   0.2922  -0.1607
  0.0848   0.2924  -0.1601
  0.0857   0.2927  -0.1595
  0.0865   0.2929  -0.1589
  0.0874   0.2932  -0.1583
  0.0883   0.2934  -0.1576
  0.0891   0.2937  -0.1570
  0.0900   0.2939  -0.1563
  0.0909   0.2942  -0.1556
  0.0918   0.2945  -0.1549
  0.0927   0.2947  -0.1542
  0.0000   0.2947  -0.1542
  0.0009   0.2950  -0.1535
  0.0018   0.2953  -0.1527
  0.0027   0.2955  -0.1520
  0.0036   0.2958  -0.1512
  0.0045   0.2961  -0.1504
  0.0055   0.2963  -0.1496
  0.0064   0.2966  -0.1488
  0.0073   0.2969  -0.1480
  0.0083   0.2971  -0.1472
  0.0092   0.2974  -0.1463
  0.0101   0.2977  -0.1455
  0.0111   0.2979  -0.1446
  0.0120   0.2982  -0.1437
  0.0130   0.2985  -0.1428
  0.0140   0.2987  -0.1419
  0.0149   0.2990  -0.1409
  0.0159   0.2992  -0.1400
  0.0169   0.2995  -0.1390
  0.0178   0.2998  -0.1380
  0.0188   0.3000  -0.1370
  0.0198   0.3003  -0.1359
  0.0208   0.3005  -0.1349
  0.0218   0.3008  -0.1338
  0.0228   0.3010  -0.1327
  0.0238   0.3013  -0.1316
  0.0248   0.3015  -0.1305
  0.0258   0.3018  -0.1293
  0.0269   0.3020  -0.1282
  0.0279   0.3023  -0.1270
  0.0289   0.3025  -0.1258
  0.0299   0.3027  -0.1245
  0.0310   0.3030  -0.1232
  0.0320   0.3032  -0.1220
  0.0331   0.3035  -0.1206
  0.0341   0.3037  -0.1193
  0.0352   0.3040  -0.1179
  0.0362   0.3042  -0.1166
  0.0373   0.3044  -0.1151
  0.0384   0.3047  -0.1137
  0.0394   0.3049  -0.1122
  0.0405   0.3052  -0.1107
  0.0416   0.3054  -0.1092
  0.0427   0.3056  -0.1077
  0.0438   0.3059  -0.1061
  0.0449   0.3061  -0.1045
  0.0460   0.3063  -0.1028
  0.0471   0.3066  -0.1011
  0.0482   0.3068  -0.0994
  0.0493   0.3070  -0.0977
  0.0504   0.3073  -0.0959
  0.0516   0.3075  -0.0941
  0.0527   0.3077  -0.0923
  0.0538   0.3080  -0.0904
  0.0550   0.3082  -0.0885
  0.0561   0.3085  -0.0865
  0.0573   0.3087  -0.0846
  0.0584   0.3089  -0.0825
  0.0596   0.3092  -0.0805
  0.0607   0.3094  -0.0784
  0.0619   0.3096  -0.0762
  0.0631   0.3099  -0.0741
  0.0643   0.3101  -0.0719
  0.0654   0.3103  -0.0696
  0.0666   0.3106  -0.0673
  0.0678   0.3108  -0.0650
  0.0690   0.3111  -0.0626
  0.0702   0.3113  -0.0601
  0.0714   0.3115  -0.0577
  0.0727   0.3118  -0.0551
  0.0739   0.3120  -0.0526
  0.0751   0.3123  -0.0500
  0.0763   0.3125  -0.0473
  0.0776   0.3128  -0.0446
  0.0788   0.3130  -0.0418
  0.0801   0.3133  -0.0390
  0.0813   0.3135  -0.0361
  0.0826   0.3138  -0.0332
  0.0838   0.3140  -0.0302
  0.0851   0.3143  -0.0271
  0.0851   0.3143  -0.0271
  0.0864   0.3145  -0.0241
  0.0877   0.3148  -0.0210
  0.0889   0.3150  -0.0180
  0.0902   0.3152  -0.0150
  0.0915   0.3154  -0.0121
  0.0927   0.3156  -0.0091
  0.0940   0.3158  -0.0062
  0.0953   0.3160  -0.0033
  0.0965   0.3162  -0.0003
  0.0978   0.3163   0.0026
  0.0990   0.3165   0.0055
  0.1003   0.3166   0.0084
  0.1016   0.3168   0.0113
  0.1028   0.3169   0.0141
  0.1041   0.3170   0.0170
  0.1053   0.3171   0.0199
  0.1066   0.3172   0.0228
  0.1078   0.3173   0.0257
  0.1091   0.3174   0.0286
  0.1103   0.3174   0.0315
  0.1116   0.3175   0.0344
  0.1128   0.3176   0.0373
  0.1141   0.3176   0.0401
  0.1154   0.3176   0.0430
  0.1166   0.3177   0.0459
  0.1179   0.3177   0.0488
  0.1191   0.3177   0.0517
  0.1204   0.3177   0.0546
  0.1216   0.3177   0.0575
  0.1229   0.3176   0.0604
  0.1241   0.3176   0.0633
  0.1254   0.3176   0.0662
  0.1266   0.3175   0.0691
  0.1279   0.3174   0.0720
  0.1291   0.3174   0.0749
  0.1304   0.3173   0.0778
  0.1316   0.3172   0.0807
  0.1328   0.3171   0.0836
  0.1341   0.3170   0.0865
  0.1353   0.3169   0.0894
  0.1366   0.3168   0.0923
  0.1378   0.3166   0.0952
  0.1391   0.3165   0.0981
  0.1403   0.3163   0.1010
  0.1416   0.3161   0.1039
  0.1428   0.3160   0.1068
  0.1441   0.3158   0.1098
  0.1453   0.3156   0.1127
  0.1466   0.3154   0.1156
  0.1478   0.3152   0.1185
  0.1491   0.3149   0.1214
  0.1503   0.3147   0.1243
  0.1516   0.3144   0.1272
  0.1529   0.3142   0.1300
  0.1541   0.3139   0.1329
  0.1554   0.3136   0.1358
  0.1566   0.3134   0.1387
  0.1579   0.3131   0.1416
  0.1591   0.3127   0.1445
  0.1604   0.3124   0.1473
  0.1616   0.3121   0.1502
  0.1629   0.3118   0.1530
  0.1642   0.3114   0.1559
  0.1654   0.3110   0.1587
  0.1667   0.3107   0.1616
  0.1679   0.3103   0.1644
  0.1692   0.3099   0.1672
  0.1705   0.3095   0.1700
  0.1717   0.3091   0.1729
  0.1730   0.3086   0.1757
  0.1743   0.3082   0.1784
  0.1756   0.3078   0.1812
  0.1768   0.3073   0.1840
  0.1781   0.3068   0.1868
  0.1794   0.3063   0.1896
  0.1806   0.3058   0.1923
  0.1819   0.3053   0.1951
  0.1832   0.3048   0.1979
  0.1832   0.3048   0.1979
  0.1845   0.3043   0.2007
  0.1858   0.3038   0.2034
  0.1870   0.3033   0.2059
  0.1883   0.3028   0.2083
  0.1896   0.3023   0.2107
  0.1909   0.3018   0.2129
  0.1922   0.3013   0.2149
  0.1935   0.3008   0.2169
  0.1947   0.3004   0.2187
  0.1960   0.2999   0.2204
  0.1973   0.2995   0.2220
  0.1986   0.2991   0.2235
  0.1999   0.2987   0.2249
  0.2012   0.2983   0.2262
  0.2025   0.2979   0.2273
  0.2037   0.2975   0.2284
  0.2050   0.2971   0.2293
  0.2063   0.2967   0.2302
  0.2076   0.2964   0.2309
  0.2089   0.2960   0.2315
  0.2102   0.2957   0.2321
  0.2115   0.2954   0.2325
  0.2128   0.2951   0.2328
  0.2140   0.2948   0.2330
  0.2153   0.2945   0.2332
  0.2166   0.2942   0.2332
  0.2179   0.2939   0.2331
  0.2192   0.2937   0.2330
  0.2205   0.2934   0.2327
  0.2218   0.2932   0.2324
  0.2231   0.2930   0.2319
  0.2244   0.2927   0.2314
  0.2257   0.2925   0.2308
  0.2269   0.2924   0.2301
  0.2282   0.2922   0.2293
  0.2295   0.2920   0.2284
  0.2308   0.2919   0.2275
  0.2321   0.2917   0.2264
  0.2334   0.2916   0.2253
  0.2347   0.2915   0.2240
  0.2360   0.2913   0.2227
  0.2373   0.2913   0.2214
  0.2386   0.2912   0.2199
  0.2399   0.2911   0.2184
  0.2412   0.2910   0.2167
  0.2425   0.2910   0.2150
  0.2438   0.2910   0.2133
  0.2450   0.2909   0.2114
  0.2463   0.2909   0.2095
  0.2476   0.2909   0.2075
  0.2489   0.2909   0.2054
  0.2502   0.2910   0.2033
  0.2515   0.2910   0.2011
  0.2528   0.2911   0.1988
  0.2541   0.2911   0.1964
  0.2554   0.2912   0.1940
  0.2567   0.2913   0.1915
  0.2580   0.2914   0.1889
  0.2593   0.2915   0.1863
  0.2606   0.2917   0.1836
  0.2619   0.2918   0.1809
  0.2632   0.2920   0.1781
  0.2645   0.2922   0.1752
  0.2658   0.2924   0.1722
  0.2671   0.2926   0.1692
  0.2685   0.2928   0.1662
  0.2698   0.2930   0.1630
  0.2711   0.2933   0.1599
  0.2724   0.2935   0.1566
  0.2737   0.2938   0.1533
  0.2750   0.2941   0.1500
  0.2763   0.2944   0.1466
  0.2776   0.2947   0.1431
  0.2789   0.2950   0.1396
  0.2803   0.2954   0.1360
  0.2816   0.2957   0.1324
  0.2829   0.2961   0.1287
  0.2842   0.2965   0.1250
  0.2855   0.2969   0.1212
  0.2855   0.2969   0.1212
  0.2869   0.2973   0.1174
  0.2882   0.2977   0.1136
  0.2895   0.2981   0.1099
  0.2908   0.2985   0.1063
  0.2921   0.2989   0.1027
  0.2934   0.2992   0.0991
  0.2947   0.2996   0.0956
  0.2960   0.2999   0.0921
  0.2973   0.3003   0.0886
  0.2986   0.3006   0.0852
  0.2999   0.3009   0.0817
  0.3012   0.3012   0.0783
  0.3025   0.3015   0.0750
  0.3038   0.3018   0.0716
  0.3051   0.3021   0.0683
  0.3064   0.3024   0.0649
  0.3077   0.3027   0.0616
  0.3090   0.3029   0.0583
  0.3103   0.3032   0.0550
  0.3116   0.3034   0.0517
  0.3129   0.3036   0.0484
  0.3142   0.3039   0.0452
  0.3155   0.3041   0.0419
  0.3168   0.3043   0.0387
  0.3180   0.3045   0.0354
  0.3193   0.3046   0.0322
  0.3206   0.3048   0.0290
  0.3219   0.3050   0.0257
  0.3232   0.3051   0.0225
  0.3245   0.3053   0.0193
  0.3257   0.3054   0.0161
  0.3270   0.3055   0.0129
  0.3283   0.3056   0.0097
  0.3296   0.3058   0.0064
  0.3309   0.3058   0.0032
  0.3321   0.3059   0.0000
  0.3334   0.3060  -0.0032
  0.3347   0.3061  -0.0064
  0.3360   0.3061  -0.0096
  0.3372   0.3062  -0.0128
  0.3385   0.3062  -0.0161
  0.3398   0.3062  -0.0193
  0.3411   0.3062  -0.0225
  0.3423   0.3063  -0.0257
  0.3436   0.3062  -0.0290
  0.3449   0.3062  -0.0322
  0.3462   0.3062  -0.0355
  0.3474   0.3062  -0.0387
  0.3487   0.3061  -0.0420
  0.3500   0.3061  -0.0453
  0.3513   0.3060  -0.0485
  0.3525   0.3059  -0.0518
  0.3538   0.3058  -0.0551
  0.3551   0.3057  -0.0584
  0.3564   0.3056  -0.0617
  0.3576   0.3055  -0.0650
  0.3589   0.3054  -0.0683
  0.3602   0.3053  -0.0717
  0.3615   0.3051  -0.0750
  0.3627   0.3049  -0.0784
  0.3640   0.3048  -0.0817
  0.3653   0.3046  -0.0851
  0.3666   0.3044  -0.0885
  0.3679   0.3042  -0.0919
  0.3691   0.3040  -0.0953
  0.3704   0.3038  -0.0987
  0.3717   0.3035  -0.1022
  0.3730   0.3033  -0.1056
  0.3743   0.3030  -0.1091
  0.3755   0.3028  -0.1126
  0.3768   0.3025  -0.1161
  0.3781   0.3022  -0.1196
  0.3794   0.3019  -0.1231
  0.3807   0.3016  -0.1267
  0.3820   0.3013  -0.1303
  0.3833   0.3010  -0.1339
  0.3846   0.3006  -0.1375
  0.3859   0.3003  -0.1412
  0.3871   0.2999  -0.1450
  0.3884   0.2995  -0.1488
  0.3897   0.2992  -0.1525
  0.3910   0.2988  -0.1563
  0.3923   0.2984  -0.1601
  0.3936   0.2980  -0.1639
  0.3936   0.2980  -0.1639
  0.3949   0.2975  -0.1677
  0.3962   0.2971  -0.1715
  0.3975   0.2967  -0.1752
  0.3988   0.2963  -0.1788
  0.4001   0.2959  -0.1823
  0.4014   0.2955  -0.1858
  0.4027   0.2951  -0.1892
  0.4040   0.2948  -0.1925
  0.4053   0.2944  -0.1957
  0.4067   0.2941  -0.1989
  0.4080   0.2937  -0.2020
  0.4093   0.2934  -0.2050
  0.4106   0.2931  -0.2079
  0.4119   0.2928  -0.2108
  0.4132   0.2925  -0.2135
  0.4145   0.2922  -0.2162
  0.4158   0.2919  -0.2189
  0.4171   0.2916  -0.2214
  0.4184   0.2913  -0.2239
  0.4198   0.2911  -0.2262
  0.4211   0.2908  -0.2286
  0.4224   0.2906  -0.2308
  0.4237   0.2903  -0.2329
  0.4250   0.2901  -0.2350
  0.4264   0.2899  -0.2369
  0.4277   0.2897  -0.2388
  0.4290   0.2894  -0.2406
  0.4303   0.2893  -0.2424
  0.4317   0.2891  -0.2440
  0.4330   0.2889  -0.2456
  0.4343   0.2887  -0.2470
  0.4357   0.2886  -0.2484
  0.4370   0.2884  -0.2497
  0.4383   0.2883  -0.2509
  0.4397   0.2881  -0.2521
  0.4410   0.2880  -0.2531
  0.4424   0.2879  -0.2540
  0.4437   0.2877  -0.2549
  0.4451   0.2876  -0.2557
  0.4464   0.2875  -0.2564
  0.4478   0.2875  -0.2569
  0.4491   0.2874  -0.2574
  0.4505   0.2873  -0.2579
  0.4518   0.2872  -0.2582
  0.4532   0.2872  -0.2584
  0.4546   0.2871  -0.2585
  0.4559   0.2871  -0.2586
  0.4573   0.2871  -0.2585
  0.4587   0.2870  -0.2583
  0.4601   0.2870  -0.2581
  0.4614   0.2870  -0.2577
  0.4628   0.2870  -0.2573
  0.4642   0.2870  -0.2568
  0.4656   0.2870  -0.2561
  0.4670   0.2871  -0.2554
  0.4684   0.2871  -0.2545
  0.4698   0.2871  -0.2536
  0.4712   0.2872  -0.2526
  0.4726   0.2872  -0.2514
  0.4740   0.2873  -0.2502
  0.4754   0.2874  -0.2488
  0.4768   0.2875  -0.2474
  0.4782   0.2875  -0.2459
  0.4796   0.2876  -0.2442
  0.4810   0.2877  -0.2424
  0.4824   0.2878  -0.2406
  0.4839   0.2880  -0.2386
  0.4853   0.2881  -0.2365
  0.4867   0.2882  -0.2344
  0.4882   0.2884  -0.2321
  0.4896   0.2885  -0.2297
  0.4911   0.2887  -0.2272
  0.4925   0.2888  -0.2245
  0.4939   0.2890  -0.2218
  0.4954   0.2892  -0.2190
  0.4969   0.2894  -0.2160
  0.4983   0.2896  -0.2130
  0.4998   0.2898  -0.2098
  0.5012   0.2900  -0.2065
  0.5012   0.2900  -0.2065
  0.5027   0.2902  -0.2031
  0.5042   0.2904  -0.1997
  0.5057   0.2906  -0.1963
  0.5071   0.2908  -0.1929
  0.5086   0.2910  -0.1894
  0.5100   0.2912  -0.1860
  0.5115   0.2913  -0.1825
  0.5129   0.2915  -0.1790
  0.5144   0.2916  -0.1755
  0.5158   0.2918  -0.1720
  0.5173   0.2919  -0.1685
  0.5187   0.2920  -0.1649
  0.5202   0.2922  -0.1613
  0.5216   0.2923  -0.1577
  0.5231   0.2924  -0.1541
  0.5245   0.2924  -0.1505
  0.5260   0.2925  -0.1468
  0.5274   0.2926  -0.1432
  0.5288   0.2927  -0.1395
  0.5303   0.2927  -0.1358
  0.5317   0.2928  -0.1321
  0.5331   0.2928  -0.1284
  0.5346   0.2928  -0.1247
  0.5360   0.2929  -0.1209
  0.5374   0.2929  -0.1172
  0.5389   0.2929  -0.1134
  0.5403   0.2929  -0.1097
  0.5417   0.2929  -0.1059
  0.5432   0.2928  -0.1021
  0.5446   0.2928  -0.0983
  0.5460   0.2927  -0.0946
  0.5474   0.2927  -0.0908
  0.5489   0.2926  -0.0870
  0.5503   0.2926  -0.0831
  0.5517   0.2925  -0.0793
  0.5531   0.2924  -0.0755
  0.5546   0.2923  -0.0717
  0.5560   0.2922  -0.0679
  0.5574   0.2921  -0.0641
  0.5588   0.2919  -0.0603
  0.5603   0.2918  -0.0565
  0.5617   0.2916  -0.0526
  0.5631   0.2915  -0.0488
  0.5645   0.2913  -0.0450
  0.5660   0.2911  -0.0412
  0.5674   0.2909  -0.0374
  0.5688   0.2907  -0.0336
  0.5703   0.2905  -0.0298
  0.5717   0.2903  -0.0260
  0.5731   0.2901  -0.0223
  0.5745   0.2898  -0.0185
  0.5760   0.2896  -0.0147
  0.5774   0.2893  -0.0110
  0.5788   0.2890  -0.0072
  0.5803   0.2888  -0.0035
  0.5817   0.2885   0.0002
  0.5831   0.2882   0.0039
  0.5846   0.2878   0.0076
  0.5860   0.2875   0.0113
  0.5874   0.2872   0.0150
  0.5889   0.2868   0.0187
  0.5903   0.2865   0.0223
  0.5918   0.2861   0.0259
  0.5932   0.2857   0.0295
  0.5946   0.2853   0.0331
  0.5961   0.2849   0.0367
  0.5975   0.2845   0.0403
  0.5990   0.2841   0.0438
  0.6004   0.2837   0.0474
  0.6019   0.2832   0.0509
  0.6033   0.2827   0.0544
  0.6048   0.2823   0.0578
  0.6062   0.2818   0.0613
  0.6077   0.2813   0.0647
  0.6092   0.2808   0.0681
  0.6106   0.2803   0.0715
  0.6121   0.2797   0.0748
  0.6121   0.2797   0.0748
  0.6136   0.2792   0.0782
  0.6150   0.2787   0.0815
  0.6165   0.2781   0.0846
  0.6179   0.2776   0.0876
  0.6194   0.2771   0.0905
  0.6209   0.2766   0.0932
  0.6223   0.2762   0.0959
  0.6238   0.2757   0.0984
  0.6252   0.2752   0.1007
  0.6266   0.2748   0.1030
  0.6281   0.2744   0.1052
  0.6295   0.2740   0.1072
  0.6310   0.2735   0.1091
  0.6324   0.2732   0.1109
  0.6338   0.2728   0.1126
  0.6353   0.2724   0.1142
  0.6367   0.2721   0.1157
  0.6381   0.2717   0.1170
  0.6395   0.2714   0.1183
  0.6409   0.2711   0.1195
  0.6424   0.2708   0.1205
  0.6438   0.2705   0.1215
  0.6452   0.2702   0.1223
  0.6466   0.2699   0.1231
  0.6480   0.2697   0.1237
  0.6494   0.2694   0.1243
  0.6508   0.2692   0.1248
  0.6522   0.2690   0.1251
  0.6536   0.2688   0.1254
  0.6550   0.2686   0.1256
  0.6564   0.2684   0.1257
  0.6578   0.2682   0.1257
  0.6591   0.2681   0.1256
  0.6605   0.2680   0.1254
  0.6619   0.2678   0.1252
  0.6633   0.2677   0.1248
  0.6647   0.2676   0.1244
  0.6660   0.2675   0.1239
  0.6674   0.2675   0.1233
  0.6688   0.2674   0.1226
  0.6701   0.2674   0.1218
  0.6715   0.2673   0.1210
  0.6729   0.2673   0.1201
  0.6742   0.2673   0.1191
  0.6756   0.2673   0.1180
  0.6769   0.2673   0.1169
  0.6783   0.2674   0.1156
  0.6797   0.2674   0.1143
  0.6810   0.2675   0.1130
  0.6824   0.2676   0.1116
  0.6837   0.2676   0.1101
  0.6850   0.2678   0.1085
  0.6864   0.2679   0.1068
  0.6877   0.2680   0.1051
  0.6891   0.2681   0.1034
  0.6904   0.2683   0.1015
  0.6917   0.2685   0.0996
  0.6931   0.2687   0.0977
  0.6944   0.2689   0.0956
  0.6957   0.2691   0.0936
  0.6971   0.2693   0.0914
  0.6984   0.2696   0.0892
  0.6997   0.2698   0.0869
  0.7011   0.2701   0.0846
  0.7024   0.2704   0.0823
  0.7037   0.2707   0.0798
  0.7050   0.2710   0.0773
  0.7064   0.2713   0.0748
  0.7077   0.2717   0.0722
  0.7090   0.2720   0.0696
  0.7103   0.2724   0.0669
  0.7116   0.2728   0.0641
  0.7130   0.2732   0.0614
  0.7143   0.2736   0.0585
  0.7156   0.2740   0.0556
  0.7169   0.2745   0.0527
  0.7182   0.2749   0.0497
  0.7195   0.2754   0.0467
  0.7208   0.2759   0.0436
  0.7208   0.2759   0.0436
  0.7222   0.2764   0.0405
  0.7235   0.2769   0.0375
  0.7248   0.2774   0.0345
  0.7261   0.2779   0.0316
  0.7274   0.2783   0.0287
  0.7287   0.2788   0.0259
  0.7300   0.2792   0.0231
  0.7313   0.2797   0.0203
  0.7326   0.2801   0.0175
  0.7338   0.2805   0.0148
  0.7351   0.2809   0.0121
  0.7364   0.2813   0.0094
  0.7377   0.2817   0.0068
  0.7390   0.2821   0.0041
  0.7403   0.2825   0.0015
  0.7416   0.2829  -0.0011
  0.7428   0.2832  -0.0037
  0.7441   0.2836  -0.0063
  0.7454   0.2839  -0.0088
  0.7467   0.2842  -0.0114
  0.7479   0.2846  -0.0139
  0.7492   0.2849  -0.0165
  0.7505   0.2852  -0.0190
  0.7518   0.2855  -0.0215
  0.7530   0.2858  -0.0240
  0.7543   0.2860  -0.0265
  0.7556   0.2863  -0.0290
  0.7568   0.2866  -0.0315
  0.7581   0.2868  -0.0340
  0.7594   0.2871  -0.0365
  0.7606   0.2873  -0.0390
  0.7619   0.2875  -0.0415
  0.7632   0.2877  -0.0439
  0.7644   0.2879  -0.0464
  0.7657   0.2881  -0.0489
  0.7670   0.2883  -0.0514
  0.7682   0.2884  -0.0538
  0.7695   0.2886  -0.0563
  0.7708   0.2888  -0.0588
  0.7720   0.2889  -0.0613
  0.7733   0.2890  -0.0638
  0.7745   0.2891  -0.0662
  0.7758   0.2892  -0.0687
  0.7771   0.2893  -0.0712
  0.7783   0.2894  -0.0737
  0.7796   0.2895  -0.0762
  0.7808   0.2896  -0.0787
  0.7821   0.2896  -0.0813
  0.7834   0.2897  -0.0838
  0.7846   0.2897  -0.0863
  0.7859   0.2897  -0.0888
  0.7871   0.2898  -0.0914
  0.7884   0.2898  -0.0939
  0.7896   0.2898  -0.0965
  0.7909   0.2897  -0.0991
  0.7922   0.2897  -0.1016
  0.7934   0.2897  -0.1042
  0.7947   0.2896  -0.1068
  0.7960   0.2896  -0.1094
  0.7972   0.2895  -0.1121
  0.7985   0.2894  -0.1147
  0.7997   0.2893  -0.1173
  0.8010   0.2892  -0.1200
  0.8023   0.2891  -0.1227
  0.8035   0.2890  -0.1253
  0.8048   0.2889  -0.1280
  0.8061   0.2887  -0.1307
  0.8074   0.2886  -0.1335
  0.8086   0.2884  -0.1362
  0.8099   0.2882  -0.1390
  0.8112   0.2880  -0.1418
  0.8124   0.2878  -0.1446
  0.8137   0.2876  -0.1474
  0.8150   0.2874  -0.1502
  0.8163   0.2872  -0.1531
  0.8176   0.2869  -0.1560
  0.8188   0.2867  -0.1589
  0.8201   0.2864  -0.1619
  0.8214   0.2861  -0.1649
  0.8227   0.2859  -0.1680
  0.8240   0.2856  -0.1710
  0.8253   0.2853  -0.1741
  0.8253   0.2853  -0.1741
  0.8266   0.2849  -0.1772
  0.8279   0.2846  -0.1803
  0.8292   0.2843  -0.1833
  0.8305   0.2840  -0.1862
  0.8318   0.2837  -0.1891
  0.8331   0.2834  -0.1919
  0.8343   0.2832  -0.1947
  0.8356   0.2829  -0.1974
  0.8369   0.2826  -0.2000
  0.8382   0.2824  -0.2026
  0.8395   0.2821  -0.2051
  0.8408   0.2819  -0.2075
  0.8421   0.2817  -0.2099
  0.8434   0.2814  -0.2122
  0.8447   0.2812  -0.2144
  0.8460   0.2810  -0.2166
  0.8473   0.2808  -0.2187
  0.8486   0.2806  -0.2207
  0.8499   0.2804  -0.2227
  0.8512   0.2803  -0.2246
  0.8526   0.2801  -0.2264
  0.8539   0.2799  -0.2282
  0.8552   0.2798  -0.2299
  0.8565   0.2796  -0.2315
  0.8578   0.2795  -0.2330
  0.8591   0.2793  -0.2345
  0.8604   0.2792  -0.2359
  0.8617   0.2791  -0.2373
  0.8631   0.2790  -0.2385
  0.8644   0.2789  -0.2397
  0.8657   0.2788  -0.2409
  0.8670   0.2787  -0.2419
  0.8683   0.2786  -0.2429
  0.8697   0.2786  -0.2438
  0.8710   0.2785  -0.2446
  0.8723   0.2784  -0.2453
  0.8737   0.2784  -0.2460
  0.8750   0.2783  -0.2466
  0.8763   0.2783  -0.2471
  0.8777   0.2783  -0.2475
  0.8790   0.2782  -0.2479
  0.8803   0.2782  -0.2481
  0.8817   0.2782  -0.2483
  0.8830   0.2782  -0.2484
  0.8844   0.2782  -0.2485
  0.8857   0.2782  -0.2484
  0.8871   0.2783  -0.2483
  0.8884   0.2783  -0.2480
  0.8898   0.2783  -0.2477
  0.8911   0.2784  -0.2473
  0.8925   0.2784  -0.2468
  0.8938   0.2785  -0.2463
  0.8952   0.2786  -0.2456
  0.8966   0.2786  -0.2449
  0.8979   0.2787  -0.2440
  0.8993   0.2788  -0.2431
  0.9007   0.2789  -0.2421
  0.9020   0.2790  -0.2410
  0.9034   0.2791  -0.2398
  0.9048   0.2792  -0.2385
  0.9062   0.2793  -0.2371
  0.9075   0.2795  -0.2356
  0.9089   0.2796  -0.2341
  0.9103   0.2798  -0.2324
  0.9117   0.2799  -0.2306
  0.9131   0.2801  -0.2288
  0.9145   0.2802  -0.2268
  0.9159   0.2804  -0.2247
  0.9173   0.2806  -0.2226
  0.9187   0.2808  -0.2203
  0.9201   0.2810  -0.2180
  0.9215   0.2812  -0.2155
  0.9229   0.2814  -0.2129
  0.9243   0.2816  -0.2103
  0.9257   0.2818  -0.2075
  0.9272   0.2821  -0.2046
  0.9286   0.2823  -0.2017
  0.9300   0.2825  -0.1986
  0.9314   0.2828  -0.1954
  0.9314   0.2828  -0.1954
  0.9329   0.2831  -0.1921
  0.9343   0.2833  -0.1888
  0.9357   0.2835  -0.1855
  0.9371   0.2838  -0.1822
  0.9385   0.2840  -0.1788
  0.9400   0.2842  -0.1755
  0.9414   0.2844  -0.1721
  0.9428   0.2846  -0.1688
  0.9442   0.2848  -0.1654
  0.9456   0.2850  -0.1620
  0.9470   0.2851  -0.1586
  0.9484   0.2853  -0.1552
  0.9499   0.2854  -0.1517
  0.9513   0.2856  -0.1483
  0.9527   0.2857  -0.1448
  0.9541   0.2858  -0.1413
  0.9555   0.2859  -0.1378
  0.9569   0.2861  -0.1343
  0.9583   0.2862  -0.1307
  0.9597   0.2862  -0.1272
  0.9611   0.2863  -0.1236
  0.9625   0.2864  -0.1200
  0.9639   0.2865  -0.1165
  0.9653   0.2865  -0.1129
  0.9667   0.2866  -0.1093
  0.9681   0.2866  -0.1056
  0.9695   0.2866  -0.1020
  0.9709   0.2866  -0.0984
  0.9723   0.2866  -0.0948
  0.9737   0.2866  -0.0911
  0.9751   0.2866  -0.0875
  0.9764   0.2866  -0.0838
  0.9778   0.2866  -0.0801
  0.9792   0.2865  -0.0765
  0.9806   0.2865  -0.0728
  0.9820   0.2864  -0.0691
  0.9834   0.2864  -0.0654
  0.9848   0.2863  -0.0618
  0.9862   0.2862  -0.0581
  0.9876   0.2861  -0.0544
  0.9890   0.2860  -0.0507
  0.9904   0.2859  -0.0470
  0.9918   0.2858  -0.0433
  0.9931   0.2856  -0.0397
  0.9945   0.2855  -0.0360
  0.9959   0.2853  -0.0323
  0.9973   0.2852  -0.0286
  0.9987   0.2850  -0.0250
  1.0001   0.2848  -0.0213
  1.0015   0.2846  -0.0176
  1.0029   0.2844  -0.0140
  1.0043   0.2842  -0.0103
  1.0057   0.2840  -0.0067
  1.0071   0.2838  -0.0030
  1.0085   0.2835   0.0006
  1.0098   0.2833   0.0042
  1.0112   0.2830   0.0079
  1.0126   0.2827   0.0115
  1.0140   0.2824   0.0151
  1.0154   0.2821   0.0187
  1.0168   0.2818   0.0222
  1.0182   0.2815   0.0258
  1.0196   0.2812   0.0294
  1.0210   0.2808   0.0329
  1.0224   0.2805   0.0364
  1.0238   0.2801   0.0399
  1.0252   0.2797   0.0434
  1.0267   0.2794   0.0469
  1.0281   0.2790   0.0504
  1.0295   0.2785   0.0539
  1.0309   0.2781   0.0573
  1.0323   0.2777   0.0607
  1.0337   0.2773   0.0641
  1.0351   0.2768   0.0675
  1.0365   0.2763   0.0709
  1.0380   0.2759   0.0742
  1.0394   0.2754   0.0775
  1.0408   0.2749   0.0808
  1.0422   0.2744   0.0841
  1.0437   0.2738   0.0874
  1.0437   0.2738   0.0874
  1.0451   0.2733   0.0907
  1.0465   0.2728   0.0939
  1.0479   0.2722   0.0969
  1.0494   0.2717   0.0998
  1.0508   0.2712   0.1026
  1.0522   0.2708   0.1053
  1.0536   0.2703   0.1078
  1.0551   0.2698   0.1102
  1.0565   0.2694   0.1125
  1.0579   0.2690   0.1147
  1.0593   0.2686   0.1167
  1.0607   0.2681   0.1187
  1.0621   0.2678   0.1205
  1.0636   0.2674   0.1222
  1.0650   0.2670   0.1238
  1.0664   0.2666   0.1253
  1.0678   0.2663   0.1267
  1.0692   0.2660   0.1280
  1.0706   0.2656   0.1292
  1.0720   0.2653   0.1303
  1.0734   0.2650   0.1312
  1.0749   0.2648   0.1321
  1.0763   0.2645   0.1329
  1.0777   0.2642   0.1336
  1.0791   0.2640   0.1341
  1.0805   0.2638   0.1346
  1.0819   0.2636   0.1350
  1.0833   0.2634   0.1353
  1.0847   0.2632   0.1355
  1.0861   0.2630   0.1356
  1.0875   0.2628   0.1356
  1.0889   0.2627   0.1355
  1.0903   0.2626   0.1353
  1.0917   0.2624   0.1351
  1.0931   0.2623   0.1347
  1.0945   0.2622   0.1343
  1.0959   0.2621   0.1338
  1.0973   0.2621   0.1332
  1.0987   0.2620   0.1325
  1.1001   0.2620   0.1318
  1.1015   0.2620   0.1309
  1.1029   0.2619   0.1300
  1.1043   0.2619   0.1290
  1.1057   0.2620   0.1280
  1.1071   0.2620   0.1268
  1.1085   0.2620   0.1256
  1.1099   0.2621   0.1243
  1.1113   0.2622   0.1230
  1.1127   0.2622   0.1215
  1.1141   0.2623   0.1200
  1.1155   0.2625   0.1185
  1.1169   0.2626   0.1168
  1.1183   0.2627   0.1151
  1.1196   0.2629   0.1133
  1.1210   0.2630   0.1115
  1.1224   0.2632   0.1096
  1.1238   0.2634   0.1077
  1.1252   0.2636   0.1056
  1.1266   0.2639   0.1036
  1.1280   0.2641   0.1014
  1.1294   0.2644   0.0992
  1.1308   0.2646   0.0970
  1.1322   0.2649   0.0946
  1.1336   0.2652   0.0923
  1.1350   0.2655   0.0899
  1.1364   0.2659   0.0874
  1.1378   0.2662   0.0849
  1.1392   0.2666   0.0823
  1.1406   0.2669   0.0796
  1.1420   0.2673   0.0770
  1.1434   0.2677   0.0742
  1.1448   0.2681   0.0715
  1.1462   0.2686   0.0686
  1.1476   0.2690   0.0658
  1.1490   0.2695   0.0629
  1.1505   0.2699   0.0599
  1.1519   0.2704   0.0569
  1.1533   0.2709   0.0539
  1.1547   0.2715   0.0508
  1.1547   0.2715   0.0508
  1.1561   0.2720   0.0477
  1.1575   0.2725   0.0446
  1.1589   0.2730   0.0416
  1.1603   0.2735   0.0387
  1.1617   0.2740   0.0358
  1.1631   0.2745   0.0329
  1.1645   0.2750   0.0301
  1.1659   0.2755   0.0273
  1.1673   0.2759   0.0245
  1.1687   0.2764   0.0218
  1.1701   0.2768   0.0190
  1.1714   0.2772   0.0163
  1.1728   0.2777   0.0136
  1.1742   0.2781   0.0110
  1.1756   0.2785   0.0083
  1.1770   0.2789   0.0057
  1.1783   0.2793   0.0031
  1.1797   0.2796   0.0004
  1.1811   0.2800  -0.0022
  1.1825   0.2804  -0.0048
  1.1839   0.2807  -0.0073
  1.1852   0.2811  -0.0099
  1.1866   0.2814  -0.0125
  1.1880   0.2817  -0.0150
  1.1893   0.2820  -0.0176
  1.1907   0.2823  -0.0201
  1.1921   0.2826  -0.0227
  1.1934   0.2829  -0.0252
  1.1948   0.2832  -0.0278
  1.1962   0.2835  -0.0303
  1.1975   0.2837  -0.0328
  1.1989   0.2840  -0.0353
  1.2003   0.2842  -0.0379
  1.2016   0.2844  -0.0404
  1.2030   0.2847  -0.0429
  1.2044   0.2849  -0.0454
  1.2057   0.2851  -0.0480
  1.2071   0.2852  -0.0505
  1.2084   0.2854  -0.0530
  1.2098   0.2856  -0.0555
  1.2112   0.2857  -0.0581
  1.2125   0.2859  -0.0606
  1.2139   0.2860  -0.0631
  1.2152   0.2862  -0.0657
  1.2166   0.2863  -0.0682
  1.2180   0.2864  -0.0708
  1.2193   0.2865  -0.0733
  1.2207   0.2866  -0.0759
  1.2220   0.2866  -0.0785
  1.2234   0.2867  -0.0810
  1.2248   0.2868  -0.0836
  1.2261   0.2868  -0.0862
  1.2275   0.2868  -0.0888
  1.2288   0.2869  -0.0914
  1.2302   0.2869  -0.0940
  1.2316   0.2869  -0.0966
  1.2329   0.2869  -0.0992
  1.2343   0.2868  -0.1019
  1.2357   0.2868  -0.1045
  1.2370   0.2868  -0.1072
  1.2384   0.2867  -0.1098
  1.2397   0.2867  -0.1125
  1.2411   0.2866  -0.1152
  1.2425   0.2865  -0.1179
  1.2438   0.2864  -0.1206
  1.2452   0.2863  -0.1233
  1.2466   0.2862  -0.1260
  1.2479   0.2861  -0.1288
  1.2493   0.2859  -0.1315
  1.2507   0.2858  -0.1343
  1.2521   0.2856  -0.1371
  1.2534   0.2854  -0.1399
  1.2548   0.2853  -0.1428
  1.2562   0.2851  -0.1456
  1.2576   0.2849  -0.1485
  1.2590   0.2846  -0.1514
  1.2603   0.2844  -0.1543
  1.2603   0.2844  -0.1543
  1.2617   0.2842  -0.1574
  1.2631   0.2839  -0.1604
  1.2645   0.2837  -0.1634
  1.2659   0.2835  -0.1663
  1.2673   0.2833  -0.1692
  1.2687   0.2831  -0.1720
  1.2701   0.2829  -0.1748
  1.2715   0.2827  -0.1775
  1.2729   0.2825  -0.1802
  1.2743   0.2823  -0.1828
  1.2757   0.2821  -0.1854
  1.2771   0.2820  -0.1879
  1.2786   0.2818  -0.1904
  1.2800   0.2817  -0.1928
  1.2814   0.2815  -0.1952
  1.2828   0.2814  -0.1975
  1.2842   0.2813  -0.1997
  1.2857   0.2811  -0.2019
  1.2871   0.2810  -0.2041
  1.2885   0.2809  -0.2062
  1.2900   0.2808  -0.2082
  1.2914   0.2807  -0.2101
  1.2929   0.2806  -0.2120
  1.2943   0.2806  -0.2139
  1.2957   0.2805  -0.2157
  1.2972   0.2804  -0.2174
  1.2987   0.2804  -0.2190
  1.3001   0.2803  -0.2206
  1.3016   0.2803  -0.2221
  1.3030   0.2802  -0.2235
  1.3045   0.2802  -0.2249
  1.3060   0.2802  -0.2262
  1.3074   0.2802  -0.2274
  1.3089   0.2802  -0.2286
  1.3104   0.2802  -0.2297
  1.3119   0.2802  -0.2307
  1.3133   0.2802  -0.2316
  1.3148   0.2802  -0.2325
  1.3163   0.2802  -0.2333
  1.3178   0.2803  -0.2340
  1.3193   0.2803  -0.2346
  1.3208   0.2804  -0.2352
  1.3223   0.2804  -0.2357
  1.3238   0.2805  -0.2361
  1.3253   0.2806  -0.2364
  1.3268   0.2806  -0.2366
  1.3283   0.2807  -0.2367
  1.3298   0.2808  -0.2368
  1.3314   0.2809  -0.2368
  1.3329   0.2810  -0.2366
  1.3344   0.2811  -0.2364
  1.3359   0.2812  -0.2361
  1.3375   0.2814  -0.2358
  1.3390   0.2815  -0.2353
  1.3405   0.2816  -0.2347
  1.3421   0.2818  -0.2341
  1.3436   0.2819  -0.2333
  1.3452   0.2821  -0.2324
  1.3467   0.2823  -0.2315
  1.3483   0.2825  -0.2305
  1.3498   0.2826  -0.2293
  1.3514   0.2828  -0.2281
  1.3529   0.2830  -0.2267
  1.3545   0.2832  -0.2253
  1.3561   0.2834  -0.2237
  1.3577   0.2837  -0.2221
  1.3592   0.2839  -0.2203
  1.3608   0.2841  -0.2185
  1.3624   0.2844  -0.2165
  1.3640   0.2846  -0.2144
  1.3656   0.2849  -0.2123
  1.3672   0.2851  -0.2100
  1.3688   0.2854  -0.2076
  1.3704   0.2857  -0.2051
  1.3720   0.2859  -0.2024
  1.3736   0.2862  -0.1997
  1.3752   0.2865  -0.1968
  1.3768   0.2868  -0.1939
  1.3784   0.2871  -0.1908
  1.3784   0.2871  -0.1908
  1.3800   0.2874  -0.1876
  1.3817   0.2877  -0.1844
  1.3833   0.2880  -0.1811
  1.3849   0.2883  -0.1779
  1.3865   0.2886  -0.1746
  1.3881   0.2888  -0.1713
  1.3897   0.2891  -0.1680
  1.3913   0.2893  -0.1647
  1.3929   0.2896  -0.1614
  1.3945   0.2898  -0.1581
  1.3961   0.2900  -0.1547
  1.3977   0.2902  -0.1513
  1.3993   0.2904  -0.1479
  1.4009   0.2906  -0.1445
  1.4024   0.2908  -0.1411
  1.4040   0.2910  -0.1376
  1.4056   0.2912  -0.1342
  1.4072   0.2913  -0.1307
  1.4088   0.2915  -0.1272
  1.4103   0.2917  -0.1237
  1.4119   0.2918  -0.1202
  1.4135   0.2919  -0.1167
  1.4151   0.2920  -0.1132
  1.4166   0.2922  -0.1096
  1.4182   0.2923  -0.1060
  1.4198   0.2924  -0.1025
  1.4214   0.2924  -0.0989
  1.4229   0.2925  -0.0953
  1.4245   0.2926  -0.0917
  1.4261   0.2927  -0.0881
  1.4276   0.2927  -0.0845
  1.4292   0.2928  -0.0808
  1.4308   0.2928  -0.0772
  1.4323   0.2928  -0.0736
  1.4339   0.2928  -0.0699
  1.4355   0.2929  -0.0663
  1.4370   0.2929  -0.0626
  1.4386   0.2928  -0.0590
  1.4402   0.2928  -0.0553
  1.4417   0.2928  -0.0516
  1.4433   0.2928  -0.0480
  1.4449   0.2927  -0.0443
  1.4464   0.2927  -0.0406
  1.4480   0.2926  -0.0370
  1.4496   0.2925  -0.0333
  1.4511   0.2924  -0.0297
  1.4527   0.2923  -0.0260
  1.4543   0.2922  -0.0224
  1.4558   0.2921  -0.0187
  1.4574   0.2920  -0.0151
  1.4590   0.2919  -0.0114
  1.4606   0.2917  -0.0078
  1.4621   0.2916  -0.0042
  1.4637   0.2914  -0.0006
  1.4653   0.2912   0.0030
  1.4669   0.2910   0.0066
  1.4684   0.2908   0.0102
  1.4700   0.2906   0.0137
  1.4716   0.2904   0.0172
  1.4732   0.2902   0.0208
  1.4748   0.2900   0.0243
  1.4763   0.2897   0.0278
  1.4779   0.2894   0.0312
  1.4795   0.2892   0.0347
  1.4811   0.2889   0.0381
  1.4827   0.2886   0.0416
  1.4843   0.2883   0.0449
  1.4859   0.2880   0.0483
  1.4875   0.2877   0.0517
  1.4891   0.2873   0.0550
  1.4907   0.2870   0.0583
  1.4923   0.2866   0.0615
  1.4939   0.2863   0.0648
  1.4955   0.2859   0.0680
  1.4971   0.2855   0.0712
  1.4988   0.2851   0.0744
  1.5004   0.2847   0.0776
  1.5020   0.2842   0.0807
  1.5020   0.2842   0.0807
  1.5036   0.2838   0.0839
  1.5052   0.2833   0.0869
  1.5069   0.2829   0.0898
  1.5085   0.2824   0.0926
  1.5101   0.2820   0.0953
  1.5117   0.2816   0.0978
  1.5133   0.2812   0.1002
  1.5149   0.2808   0.1025
  1.5165   0.2804   0.1047
  1.5181   0.2801   0.1067
  1.5197   0.2797   0.1086
  1.5213   0.2793   0.1105
  1.5229   0.2790   0.1122
  1.5245   0.2786   0.1137
  1.5261   0.2783   0.1152
  1.5277   0.2780   0.1166
  1.5293   0.2777   0.1178
  1.5308   0.2774   0.1190
  1.5324   0.2771   0.1200
  1.5340   0.2768   0.1210
  1.5356   0.2766   0.1218
  1.5371   0.2763   0.1225
  1.5387   0.2761   0.1232
  1.5403   0.2758   0.1237
  1.5418   0.2756   0.1241
  1.5434   0.2754   0.1245
  1.5450   0.2752   0.1247
  1.5465   0.2750   0.1249
  1.5481   0.2748   0.1249
  1.5496   0.2746   0.1249
  1.5512   0.2745   0.1247
  1.5527   0.2743   0.1245
  1.5543   0.2742   0.1242
  1.5558   0.2741   0.1238
  1.5573   0.2739   0.1233
  1.5589   0.2738   0.1228
  1.5604   0.2737   0.1221
  1.5619   0.2737   0.1214
  1.5635   0.2736   0.1206
  1.5650   0.2735   0.1197
  1.5665   0.2735   0.1187
  1.5680   0.2735   0.1177
  1.5695   0.2734   0.1166
  1.5711   0.2734   0.1154
  1.5726   0.2734   0.1141
  1.5741   0.2734   0.1127
  1.5756   0.2735   0.1113
  1.5771   0.2735   0.1098
  1.5786   0.2736   0.1083
  1.5801   0.2736   0.1066
  1.5816   0.2737   0.1049
  1.5831   0.2738   0.1032
  1.5846   0.2739   0.1013
  1.5861   0.2740   0.0994
  1.5875   0.2741   0.0975
  1.5890   0.2743   0.0954
  1.5905   0.2744   0.0933
  1.5920   0.2746   0.0912
  1.5935   0.2748   0.0890
  1.5949   0.2750   0.0867
  1.5964   0.2752   0.0844
  1.5979   0.2754   0.0820
  1.5994   0.2756   0.0796
  1.6008   0.2759   0.0771
  1.6023   0.2761   0.0746
  1.6037   0.2764   0.0720
  1.6052   0.2767   0.0693
  1.6067   0.2770   0.0666
  1.6081   0.2773   0.0639
  1.6096   0.2776   0.0611
  1.6110   0.2780   0.0582
  1.6125   0.2783   0.0554
  1.6139   0.2787   0.0524
  1.6154   0.2791   0.0494
  1.6168   0.2795   0.0464
  1.6183   0.2799   0.0434
  1.6197   0.2803   0.0402
  1.6211   0.2808   0.0371
  1.6226   0.2812   0.0339
  1.6226   0.2812   0.0339
  1.6240   0.2817   0.0307
  1.6254   0.2821   0.0275
  1.6269   0.2826   0.0244
  1.6283   0.2830   0.0214
  1.6297   0.2834   0.0184
  1.6311   0.2838   0.0154
  1.6325   0.2842   0.0125
  1.6340   0.2846   0.0096
  1.6354   0.2850   0.0067
  1.6368   0.2854   0.0039
  1.6382   0.2857   0.0011
  1.6396   0.2861  -0.0017
  1.6410   0.2864  -0.0045
  1.6424   0.2868  -0.0072
  1.6438   0.2871  -0.0100
  1.6452   0.2874  -0.0127
  1.6466   0.2878  -0.0154
  1.6480   0.2881  -0.0181
  1.6494   0.2884  -0.0208
  1.6508   0.2887  -0.0234
  1.6522   0.2889  -0.0261
  1.6536   0.2892  -0.0287
  1.6550   0.2895  -0.0313
  1.6563   0.2897  -0.0340
  1.6577   0.2900  -0.0366
  1.6591   0.2902  -0.0392
  1.6605   0.2904  -0.0418
  1.6619   0.2907  -0.0444
  1.6633   0.2909  -0.0470
  1.6647   0.2911  -0.0496
  1.6661   0.2913  -0.0521
  1.6674   0.2914  -0.0547
  1.6688   0.2916  -0.0573
  1.6702   0.2918  -0.0599
  1.6716   0.2919  -0.0624
  1.6730   0.2921  -0.0650
  1.6743   0.2922  -0.0676
  1.6757   0.2923  -0.0701
  1.6771   0.2924  -0.0727
  1.6785   0.2925  -0.0753
  1.6799   0.2926  -0.0779
  1.6812   0.2927  -0.0804
  1.6826   0.2928  -0.0830
  1.6840   0.2929  -0.0856
  1.6854   0.2929  -0.0882
  1.6868   0.2929  -0.0908
  1.6881   0.2930  -0.0934
  1.6895   0.2930  -0.0960
  1.6909   0.2930  -0.0986
  1.6923   0.2930  -0.1012
  1.6937   0.2930  -0.1038
  1.6950   0.2930  -0.1065
  1.6964   0.2930  -0.1091
  1.6978   0.2929  -0.1118
  1.6992   0.2929  -0.1144
  1.7006   0.2928  -0.1171
  1.7019   0.2927  -0.1197
  1.7033   0.2927  -0.1224
  1.7047   0.2926  -0.1251
  1.7061   0.2925  -0.1278
  1.7075   0.2924  -0.1305
  1.7089   0.2922  -0.1332
  1.7103   0.2921  -0.1360
  1.7116   0.2920  -0.1387
  1.7130   0.2918  -0.1415
  1.7144   0.2917  -0.1442
  1.7158   0.2915  -0.1470
  1.7172   0.2913  -0.1498
  1.7186   0.2911  -0.1526
  1.7200   0.2909  -0.1555
  1.7214   0.2907  -0.1583
  1.7228   0.2905  -0.1612
  1.7242   0.2902  -0.1640
  1.7256   0.2900  -0.1670
  1.7270   0.2897  -0.1699
  1.7284   0.2895  -0.1729
  1.7298   0.2892  -0.1759
  1.7312   0.2889  -0.1789
  1.7326   0.2886  -0.1821
  1.7340   0.2883  -0.1852
  1.7354   0.2879  -0.1884
  1.7369   0.2876  -0.1916
  1.7383   0.2872  -0.1948
  1.7397   0.2869  -0.1980
  1.7411   0.2865  -0.2012
  1.7425   0.2861  -0.2044
  1.7439   0.2857  -0.2076
  1.7453   0.2853  -0.2108
  1.7453   0.2853  -0.2108
  1.7467   0.2849  -0.2140
  1.7482   0.2845  -0.2172
  1.7496   0.2841  -0.2203
  1.7510   0.2837  -0.2234
  1.7524   0.2833  -0.2264
  1.7538   0.2830  -0.2293
  1.7552   0.2826  -0.2322
  1.7566   0.2822  -0.2350
  1.7580   0.2819  -0.2377
  1.7594   0.2816  -0.2404
  1.7608   0.2812  -0.2430
  1.7622   0.2809  -0.2456
  1.7637   0.2806  -0.2481
  1.7651   0.2803  -0.2505
  1.7665   0.2800  -0.2528
  1.7679   0.2797  -0.2551
  1.7693   0.2795  -0.2573
  1.7707   0.2792  -0.2594
  1.7721   0.2789  -0.2615
  1.7735   0.2787  -0.2635
  1.7749   0.2785  -0.2654
  1.7763   0.2782  -0.2672
  1.7777   0.2780  -0.2690
  1.7791   0.2778  -0.2707
  1.7805   0.2776  -0.2724
  1.7819   0.2774  -0.2739
  1.7833   0.2772  -0.2754
  1.7847   0.2770  -0.2768
  1.7861   0.2769  -0.2781
  1.7876   0.2767  -0.2794
  1.7890   0.2766  -0.2806
  1.7904   0.2764  -0.2817
  1.7918   0.2763  -0.2827
  1.7932   0.2762  -0.2836
  1.7946   0.2761  -0.2845
  1.7960   0.2759  -0.2853
  1.7974   0.2758  -0.2860
  1.7988   0.2758  -0.2866
  1.8002   0.2757  -0.2872
  1.8017   0.2756  -0.2876
  1.8031   0.2755  -0.2880
  1.8045   0.2755  -0.2883
  1.8059   0.2754  -0.2885
  1.8073   0.2754  -0.2886
  1.8088   0.2754  -0.2886
  1.8102   0.2754  -0.2886
  1.8116   0.2754  -0.2885
  1.8130   0.2754  -0.2882
  1.8144   0.2754  -0.2879
  1.8159   0.2754  -0.2875
  1.8173   0.2754  -0.2870
  1.8187   0.2754  -0.2864
  1.8202   0.2755  -0.2857
  1.8216   0.2755  -0.2850
  1.8230   0.2756  -0.2841
  1.8245   0.2756  -0.2831
  1.8259   0.2757  -0.2821
  1.8273   0.2758  -0.2809
  1.8288   0.2759  -0.2797
  1.8302   0.2760  -0.2784
  1.8317   0.2761  -0.2769
  1.8331   0.2762  -0.2754
  1.8345   0.2764  -0.2738
  1.8360   0.2765  -0.2720
  1.8374   0.2766  -0.2702
  1.8389   0.2768  -0.2682
  1.8403   0.2769  -0.2662
  1.8418   0.2771  -0.2641
  1.8433   0.2773  -0.2618
  1.8447   0.2775  -0.2595
  1.8462   0.2777  -0.2570
  1.8476   0.2779  -0.2545
  1.8491   0.2781  -0.2518
  1.8506   0.2783  -0.2490
  1.8521   0.2785  -0.2462
  1.8535   0.2788  -0.2432
  1.8550   0.2790  -0.2401
  1.8565   0.2793  -0.2369
  1.8580   0.2795  -0.2336
  1.8580   0.2795  -0.2336
  1.8594   0.2798  -0.2301
  1.8609   0.2800  -0.2267
  1.8624   0.2803  -0.2233
  1.8639   0.2805  -0.2198
  1.8653   0.2808  -0.2163
  1.8668   0.2810  -0.2128
  1.8683   0.2812  -0.2093
  1.8697   0.2814  -0.2058
  1.8712   0.2816  -0.2022
  1.8727   0.2818  -0.1986
  1.8741   0.2820  -0.1950
  1.8756   0.2822  -0.1914
  1.8770   0.2823  -0.1877
  1.8785   0.2825  -0.1841
  1.8799   0.2826  -0.1804
  1.8814   0.2828  -0.1767
  1.8829   0.2829  -0.1730
  1.8843   0.2830  -0.1692
  1.8858   0.2831  -0.1655
  1.8872   0.2832  -0.1617
  1.8886   0.2833  -0.1579
  1.8901   0.2834  -0.1541
  1.8915   0.2835  -0.1503
  1.8930   0.2836  -0.1465
  1.8944   0.2836  -0.1427
  1.8959   0.2837  -0.1389
  1.8973   0.2837  -0.1350
  1.8987   0.2838  -0.1312
  1.9002   0.2838  -0.1273
  1.9016   0.2838  -0.1234
  1.9031   0.2838  -0.1196
  1.9045   0.2838  -0.1157
  1.9059   0.2838  -0.1118
  1.9074   0.2838  -0.1079
  1.9088   0.2837  -0.1040
  1.9103   0.2837  -0.1001
  1.9117   0.2836  -0.0962
  1.9131   0.2836  -0.0923
  1.9146   0.2835  -0.0884
  1.9160   0.2834  -0.0845
  1.9175   0.2833  -0.0806
  1.9189   0.2832  -0.0768
  1.9203   0.2831  -0.0729
  1.9218   0.2830  -0.0690
  1.9232   0.2829  -0.0651
  1.9246   0.2827  -0.0612
  1.9261   0.2826  -0.0573
  1.9275   0.2824  -0.0535
  1.9290   0.2823  -0.0496
  1.9304   0.2821  -0.0458
  1.9318   0.2819  -0.0419
  1.9333   0.2817  -0.0381
  1.9347   0.2815  -0.0342
  1.9362   0.2813  -0.0304
  1.9376   0.2810  -0.0266
  1.9391   0.2808  -0.0228
  1.9405   0.2805  -0.0190
  1.9419   0.2803  -0.0152
  1.9434   0.2800  -0.0115
  1.9448   0.2797  -0.0077
  1.9463   0.2794  -0.0040
  1.9477   0.2791  -0.0002
  1.9492   0.2788   0.0035
  1.9506   0.2784   0.0072
  1.9521   0.2781   0.0109
  1.9536   0.2778   0.0146
  1.9550   0.2774   0.0182
  1.9565   0.2770   0.0218
  1.9579   0.2766   0.0255
  1.9594   0.2762   0.0291
  1.9609   0.2758   0.0327
  1.9623   0.2754   0.0362
  1.9638   0.2750   0.0398
  1.9653   0.2745   0.0433
  1.9667   0.2741   0.0468
  1.9682   0.2736   0.0503
  1.9697   0.2732   0.0538
  1.9697   0.2732   0.0538
  1.9712   0.2727   0.0573
  1.9726   0.2722   0.0607
  1.9741   0.2717   0.0639
  1.9756   0.2712   0.0670
  1.9770   0.2708   0.0700
  1.9785   0.2704   0.0728
  1.9800   0.2699   0.0756
  1.9814   0.2695   0.0782
  1.9829   0.2691   0.0807
  1.9843   0.2687   0.0830
  1.9858   0.2683   0.0853
  1.9872   0.2680   0.0874
  1.9887   0.2676   0.0894
  1.9901   0.2673   0.0913
  1.9916   0.2669   0.0931
  1.9930   0.2666   0.0948
  1.9945   0.2663   0.0964
  1.9959   0.2660   0.0979
  1.9974   0.2657   0.0992
  1.9988   0.2654   0.1005
  2.0002   0.2651   0.1016
  2.0017   0.2649   0.1027
  2.0031   0.2646   0.1036
  2.0045   0.2644   0.1045
  2.0060   0.2642   0.1052
  2.0074   0.2640   0.1059
  2.0088   0.2638   0.1064
  2.0103   0.2636   0.1069
  2.0117   0.2635   0.1072
  2.0131   0.2633   0.1075
  2.0145   0.2632   0.1077
  2.0159   0.2630   0.1077
  2.0173   0.2629   0.1077
  2.0188   0.2628   0.1076
  2.0202   0.2627   0.1075
  2.0216   0.2626   0.1072
  2.0230   0.2626   0.1068
  2.0244   0.2625   0.1064
  2.0258   0.2625   0.1059
  2.0272   0.2624   0.1053
  2.0286   0.2624   0.1046
  2.0300   0.2624   0.1038
  2.0314   0.2624   0.1030
  2.0328   0.2625   0.1021
  2.0342   0.2625   0.1011
  2.0356   0.2625   0.1000
  2.0370   0.2626   0.0989
  2.0383   0.2627   0.0977
  2.0397   0.2628   0.0964
  2.0411   0.2629   0.0950
  2.0425   0.2630   0.0936
  2.0439   0.2631   0.0921
  2.0453   0.2633   0.0905
  2.0467   0.2634   0.0889
  2.0480   0.2636   0.0872
  2.0494   0.2638   0.0854
  2.0508   0.2640   0.0836
  2.0522   0.2642   0.0817
  2.0535   0.2644   0.0797
  2.0549   0.2646   0.0777
  2.0563   0.2649   0.0756
  2.0577   0.2652   0.0735
  2.0590   0.2654   0.0713
  2.0604   0.2657   0.0691
  2.0618   0.2660   0.0668
  2.0631   0.2664   0.0644
  2.0645   0.2667   0.0620
  2.0659   0.2671   0.0595
  2.0672   0.2674   0.0570
  2.0686   0.2678   0.0545
  2.0700   0.2682   0.0518
  2.0713   0.2686   0.0492
  2.0727   0.2690   0.0465
  2.0741   0.2695   0.0437
  2.0754   0.2699   0.0409
  2.0768   0.2704   0.0380
  2.0782   0.2709   0.0351
  2.0795   0.2713   0.0322
  2.0809   0.2719   0.0292
  2.0809   0.2719   0.0292
  2.0823   0.2724   0.0262
  2.0836   0.2729   0.0232
  2.0850   0.2734   0.0203
  2.0863   0.2739   0.0174
  2.0877   0.2744   0.0146
  2.0890   0.2748   0.0118
  2.0904   0.2753   0.0091
  2.0917   0.2758   0.0064
  2.0931   0.2762   0.0037
  2.0944   0.2766   0.0010
  2.0957   0.2771  -0.0017
  2.0971   0.2775  -0.0043
  2.0984   0.2779  -0.0069
  2.0998   0.2783  -0.0095
  2.1011   0.2787  -0.0121
  2.1024   0.2791  -0.0146
  2.1037   0.2795  -0.0172
  2.1051   0.2798  -0.0197
  2.1064   0.2802  -0.0222
  2.1077   0.2805  -0.0247
  2.1091   0.2809  -0.0272
  2.1104   0.2812  -0.0297
  2.1117   0.2815  -0.0322
  2.1130   0.2818  -0.0347
  2.1144   0.2821  -0.0372
  2.1157   0.2824  -0.0396
  2.1170   0.2827  -0.0421
  2.1183   0.2830  -0.0445
  2.1196   0.2833  -0.0470
  2.1209   0.2835  -0.0494
  2.1223   0.2838  -0.0518
  2.1236   0.2840  -0.0543
  2.1249   0.2842  -0.0567
  2.1262   0.2844  -0.0591
  2.1275   0.2846  -0.0615
  2.1288   0.2848  -0.0640
  2.1302   0.2850  -0.0664
  2.1315   0.2852  -0.0688
  2.1328   0.2854  -0.0712
  2.1341   0.2855  -0.0737
  2.1354   0.2857  -0.0761
  2.1367   0.2858  -0.0785
  2.1380   0.2859  -0.0809
  2.1393   0.2861  -0.0834
  2.1406   0.2862  -0.0858
  2.1420   0.2863  -0.0883
  2.1433   0.2863  -0.0907
  2.1446   0.2864  -0.0932
  2.1459   0.2865  -0.0956
  2.1472   0.2865  -0.0981
  2.1485   0.2866  -0.1005
  2.1498   0.2866  -0.1030
  2.1511   0.2866  -0.1055
  2.1524   0.2867  -0.1080
  2.1538   0.2867  -0.1105
  2.1551   0.2867  -0.1130
  2.1564   0.2866  -0.1155
  2.1577   0.2866  -0.1180
  2.1590   0.2866  -0.1206
  2.1603   0.2865  -0.1231
  2.1616   0.2865  -0.1257
  2.1630   0.2864  -0.1282
  2.1643   0.2863  -0.1308
  2.1656   0.2862  -0.1334
  2.1669   0.2861  -0.1360
  2.1682   0.2860  -0.1386
  2.1695   0.2859  -0.1412
  2.1709   0.2857  -0.1439
  2.1722   0.2856  -0.1466
  2.1735   0.2854  -0.1492
  2.1748   0.2853  -0.1519
  2.1762   0.2851  -0.1546
  2.1775   0.2849  -0.1574
  2.1788   0.2847  -0.1601
  2.1802   0.2845  -0.1629
  2.1815   0.2843  -0.1657
  2.1828   0.2840  -0.1686
  2.1842   0.2838  -0.1715
  2.1855   0.2835  -0.1744
