  0.0000   0.0000   0.0000
  0.0058   0.0025  -0.0430
  0.0118   0.0071  -0.0820
  0.0179   0.0118  -0.1232
  0.0240   0.0166  -0.1691
  0.0308   0.0207  -0.2180
  0.0375   0.0247  -0.2646
  0.0441   0.0287  -0.3097
  0.0506   0.0327  -0.3535
  0.0570   0.0366  -0.3960
  0.0635   0.0403  -0.4372
  0.0697   0.0441  -0.4770
  0.0758   0.0478  -0.5156
  0.0819   0.0515  -0.5529
  0.0879   0.0552  -0.5889
  0.0939   0.0586  -0.6238
  0.0997   0.0621  -0.6573
  0.1056   0.0655  -0.6897
  0.1113   0.0689  -0.7208
  0.1168   0.0723  -0.7507
  0.1224   0.0755  -0.7794
  0.1274   0.0792  -0.8067
  0.1325   0.0827  -0.8329
  0.1377   0.0859  -0.8580
  0.1429   0.0890  -0.8819
  0.1481   0.0920  -0.9047
  0.1532   0.0949  -0.9264
  0.1581   0.0979  -0.9469
  0.1630   0.1009  -0.9663
  0.1679   0.1037  -0.9847
  0.1727   0.1064  -1.0019
  0.1774   0.1091  -1.0181
  0.1820   0.1119  -1.0331
  0.1866   0.1145  -1.0470
  0.1910   0.1172  -1.0599
  0.1955   0.1197  -1.0718
  0.1998   0.1222  -1.0826
  0.2041   0.1247  -1.0924
  0.2084   0.1271  -1.1011
  0.2125   0.1295  -1.1089
  0.2166   0.1319  -1.1156
  0.2205   0.1343  -1.1214
  0.2241   0.1369  -1.1260
  0.2279   0.1391  -1.1298
  0.2318   0.1413  -1.1326
  0.2355   0.1434  -1.1345
  0.2392   0.1455  -1.1354
  0.2428   0.1475  -1.1353
  0.2464   0.1495  -1.1343
  0.2499   0.1515  -1.1324
  0.2533   0.1534  -1.1295
  0.2567   0.1553  -1.1257
  0.2600   0.1571  -1.1210
  0.2633   0.1589  -1.1153
  0.2665   0.1607  -1.1088
  0.2697   0.1624  -1.1014
  0.2727   0.1641  -1.0930
  0.2757   0.1657  -1.0838
  0.2787   0.1674  -1.0737
  0.2816   0.1690  -1.0627
  0.2843   0.1705  -1.0509
  0.2871   0.1721  -1.0381
  0.2897   0.1736  -1.0245
  0.2923   0.1751  -1.0101
  0.2948   0.1766  -0.9948
  0.2973   0.1781  -0.9787
  0.2997   0.1796  -0.9623
  0.3021   0.1810  -0.9462
  0.3045   0.1825  -0.9298
  0.3068   0.1840  -0.9131
  0.3090   0.1856  -0.8968
  0.3112   0.1872  -0.8799
  0.3134   0.1888  -0.8625
  0.3156   0.1903  -0.8446
  0.3177   0.1918  -0.8262
  0.3198   0.1934  -0.8077
  0.3218   0.1948  -0.7885
  0.3239   0.1963  -0.7689
  0.3258   0.1977  -0.7489
  0.3278   0.1991  -0.7285
  0.3297   0.2005  -0.7078
  0.3317   0.2019  -0.6866
  0.3335   0.2033  -0.6651
  0.3354   0.2047  -0.6431
  0.3372   0.2060  -0.6208
  0.3390   0.2074  -0.5981
  0.3407   0.2087  -0.5750
  0.3425   0.2100  -0.5515
  0.3442   0.2112  -0.5276
  0.3459   0.2125  -0.5033
  0.3467   0.2154  -0.4853
  0.3484   0.2165  -0.4600
  0.3500   0.2176  -0.4344
  0.3516   0.2187  -0.4083
  0.3532   0.2198  -0.3818
  0.3548   0.2208  -0.3546
  0.3564   0.2217  -0.3270
  0.3580   0.2226  -0.2989
  0.3595   0.2235  -0.2697
  0.3610   0.2243  -0.2398
  0.3625   0.2251  -0.2102
  0.3639   0.2259  -0.1793
  0.3653   0.2266  -0.1479
  0.3667   0.2274  -0.1163
  0.3680   0.2281  -0.0845
  0.3693   0.2288  -0.0524
  0.3706   0.2295  -0.0201
  0.3719   0.2302   0.0125
  0.3732   0.2309   0.0454
  0.3744   0.2316   0.0785
  0.3748   0.2334   0.1106
  0.3759   0.2339   0.1473
  0.3771   0.2345   0.1822
  0.3781   0.2349   0.2195
  0.3792   0.2354   0.2571
  0.3802   0.2359   0.2944
  0.3812   0.2364   0.3325
  0.3822   0.2369   0.3703
  0.3831   0.2373   0.4097
  0.3840   0.2378   0.4497
  0.3840   0.2378   0.4497
  0.3883   0.2333   0.4529
  0.3935   0.2297   0.4526
  0.3986   0.2266   0.4528
  0.4039   0.2236   0.4509
  0.4090   0.2208   0.4498
  0.4141   0.2182   0.4481
  0.4192   0.2157   0.4460
  0.4243   0.2133   0.4435
  0.4294   0.2111   0.4405
  0.4345   0.2089   0.4363
  0.4397   0.2068   0.4311
  0.4449   0.2047   0.4254
  0.4500   0.2028   0.4209
  0.4551   0.2011   0.4171
  0.4603   0.1993   0.4110
  0.4655   0.1975   0.4050
  0.4705   0.1960   0.4010
  0.4755   0.1945   0.3970
  0.4806   0.1932   0.3930
  0.4856   0.1918   0.3891
  0.4908   0.1904   0.3832
  0.4960   0.1891   0.3776
  0.5011   0.1879   0.3722
  0.5063   0.1867   0.3672
  0.5114   0.1856   0.3624
  0.5166   0.1846   0.3579
  0.5217   0.1836   0.3536
  0.5268   0.1827   0.3496
  0.5319   0.1819   0.3459
  0.5370   0.1811   0.3424
  0.5421   0.1804   0.3391
  0.5472   0.1797   0.3361
  0.5523   0.1791   0.3334
  0.5574   0.1785   0.3309
  0.5625   0.1780   0.3286
  0.5676   0.1776   0.3266
  0.5727   0.1772   0.3249
  0.5778   0.1769   0.3233
  0.5829   0.1766   0.3220
  0.5880   0.1764   0.3210
  0.5931   0.1762   0.3201
  0.5982   0.1761   0.3196
  0.6034   0.1761   0.3192
  0.6085   0.1761   0.3191
  0.6136   0.1761   0.3193
  0.6187   0.1763   0.3196
  0.6238   0.1764   0.3203
  0.6290   0.1767   0.3211
  0.6341   0.1770   0.3223
  0.6392   0.1773   0.3236
  0.6444   0.1777   0.3253
  0.6495   0.1782   0.3271
  0.6547   0.1787   0.3293
  0.6599   0.1793   0.3317
  0.6650   0.1799   0.3343
  0.6702   0.1806   0.3373
  0.6754   0.1814   0.3404
  0.6806   0.1822   0.3439
  0.6857   0.1831   0.3476
  0.6909   0.1841   0.3516
  0.6961   0.1851   0.3559
  0.7014   0.1861   0.3605
  0.7066   0.1873   0.3653
  0.7118   0.1885   0.3704
  0.7170   0.1897   0.3759
  0.7223   0.1911   0.3816
  0.7275   0.1925   0.3876
  0.7328   0.1939   0.3938
  0.7381   0.1954   0.4004
  0.7433   0.1970   0.4073
  0.7486   0.1987   0.4145
  0.7539   0.2004   0.4220
  0.7592   0.2022   0.4298
  0.7645   0.2040   0.4379
  0.7698   0.2060   0.4463
  0.7752   0.2080   0.4550
  0.7805   0.2100   0.4641
  0.7859   0.2122   0.4734
  0.7912   0.2144   0.4831
  0.7966   0.2167   0.4930
  0.8020   0.2190   0.5033
  0.8074   0.2215   0.5138
  0.8128   0.2240   0.5247
  0.8182   0.2265   0.5359
  0.8236   0.2292   0.5474
  0.8291   0.2319   0.5591
  0.8345   0.2348   0.5711
  0.8400   0.2377   0.5835
  0.8455   0.2407   0.5960
  0.8510   0.2437   0.6089
  0.8565   0.2469   0.6220
  0.8620   0.2501   0.6353
  0.8676   0.2535   0.6488
  0.8731   0.2569   0.6626
  0.8787   0.2605   0.6765
  0.8843   0.2641   0.6905
  0.8899   0.2678   0.7047
  0.8955   0.2717   0.7190
  0.9011   0.2756   0.7333
  0.9011   0.2756   0.7333
  0.9053   0.2747   0.7438
  0.9095   0.2737   0.7549
  0.9137   0.2727   0.7667
  0.9179   0.2716   0.7789
  0.9222   0.2705   0.7916
  0.9264   0.2694   0.8048
  0.9307   0.2683   0.8182
  0.9350   0.2672   0.8321
  0.9392   0.2661   0.8465
  0.9435   0.2650   0.8613
  0.9478   0.2639   0.8770
  0.9522   0.2628   0.8926
  0.9565   0.2616   0.9086
  0.9608   0.2605   0.9250
  0.9652   0.2594   0.9417
  0.9696   0.2583   0.9589
  0.9739   0.2572   0.9766
  0.9783   0.2561   0.9945
  0.9827   0.2551   1.0127
  0.9871   0.2540   1.0316
  0.9915   0.2529   1.0508
  0.9960   0.2519   1.0702
  1.0004   0.2508   1.0900
  1.0049   0.2498   1.1103
  1.0094   0.2489   1.1312
  1.0139   0.2480   1.1527
  1.0184   0.2471   1.1743
  1.0229   0.2462   1.1964
  1.0274   0.2453   1.2189
  1.0320   0.2445   1.2419
  1.0365   0.2437   1.2653
  1.0411   0.2429   1.2892
  1.0457   0.2422   1.3135
  1.0503   0.2414   1.3382
  1.0549   0.2407   1.3634
  1.0595   0.2401   1.3890
  1.0642   0.2394   1.4151
  1.0688   0.2388   1.4420
  1.0735   0.2383   1.4692
  1.0782   0.2377   1.4968
  1.0829   0.2372   1.5250
  1.0876   0.2368   1.5537
  1.0923   0.2364   1.5830
  1.0970   0.2360   1.6128
  1.1018   0.2357   1.6430
  1.1066   0.2355   1.6752
  1.1113   0.2353   1.7071
  1.1161   0.2351   1.7390
  1.1210   0.2349   1.7715
  1.1258   0.2348   1.8047
  1.1306   0.2348   1.8392
  1.1355   0.2351   1.8761
  1.1404   0.2351   1.9112
  1.1453   0.2352   1.9469
  1.1503   0.2353   1.9834
  1.1552   0.2355   2.0204
  1.1602   0.2357   2.0581
  1.1651   0.2360   2.0965
  1.1701   0.2364   2.1356
  1.1751   0.2368   2.1755
  1.1802   0.2372   2.2161
  1.1852   0.2378   2.2574
  1.1903   0.2384   2.2995
  1.1954   0.2390   2.3425
  1.2005   0.2398   2.3863
  1.2057   0.2405   2.4309
  1.2108   0.2414   2.4760
  1.2160   0.2423   2.5224
  1.2212   0.2433   2.5694
  1.2264   0.2444   2.6173
  1.2317   0.2455   2.6662
  1.2369   0.2470   2.7188
  1.2421   0.2485   2.7718
  1.2475   0.2499   2.8237
  1.2528   0.2514   2.8766
  1.2579   0.2524   2.9284
  1.2632   0.2539   2.9828
  1.2684   0.2552   3.0370
  1.2736   0.2563   3.0914
  1.2736   0.2563   3.0914
  1.2713   0.2430   3.0461
  1.2694   0.2309   3.0107
  1.2677   0.2195   2.9832
  1.2662   0.2089   2.9616
  1.2649   0.1986   2.9447
  1.2638   0.1888   2.9314
  1.2627   0.1792   2.9210
  1.2617   0.1698   2.9128
  1.2608   0.1605   2.9064
  1.2599   0.1514   2.9013
  1.2591   0.1423   2.8974
  1.2583   0.1333   2.8943
  1.2576   0.1242   2.8920
  1.2569   0.1152   2.8903
  1.2563   0.1062   2.8891
  1.2557   0.0972   2.8882
  1.2551   0.0882   2.8877
  1.2545   0.0791   2.8875
  1.2540   0.0701   2.8876
  1.2534   0.0610   2.8879
  1.2530   0.0518   2.8883
  1.2525   0.0427   2.8890
  1.2521   0.0335   2.8897
  1.2516   0.0243   2.8906
  1.2513   0.0150   2.8915
  1.2509   0.0057   2.8926
  1.2506  -0.0036   2.8937
  1.2503  -0.0130   2.8948
  1.2500  -0.0224   2.8960
  1.2497  -0.0318   2.8972
  1.2495  -0.0412   2.8983
  1.2493  -0.0507   2.8995
  1.2492  -0.0603   2.9006
  1.2490  -0.0698   2.9017
  1.2489  -0.0794   2.9027
  1.2489  -0.0890   2.9036
  1.2488  -0.0987   2.9045
  1.2488  -0.1084   2.9052
  1.2489  -0.1181   2.9058
  1.2489  -0.1279   2.9062
  1.2490  -0.1377   2.9065
  1.2491  -0.1475   2.9066
  1.2493  -0.1573   2.9066
  1.2495  -0.1672   2.9063
  1.2498  -0.1772   2.9058
  1.2500  -0.1871   2.9051
  1.2503  -0.1971   2.9041
  1.2507  -0.2072   2.9029
  1.2511  -0.2172   2.9013
  1.2515  -0.2274   2.8995
  1.2520  -0.2375   2.8974
  1.2525  -0.2477   2.8950
  1.2531  -0.2579   2.8922
  1.2537  -0.2682   2.8891
  1.2543  -0.2785   2.8856
  1.2550  -0.2888   2.8818
  1.2557  -0.2992   2.8776
  1.2564  -0.3096   2.8731
  1.2573  -0.3200   2.8681
  1.2581  -0.3305   2.8628
  1.2590  -0.3411   2.8571
  1.2599  -0.3517   2.8511
  1.2609  -0.3623   2.8447
  1.2619  -0.3730   2.8380
  1.2630  -0.3837   2.8310
  1.2641  -0.3945   2.8238
  1.2653  -0.4053   2.8164
  1.2665  -0.4161   2.8089
  1.2678  -0.4271   2.8014
  1.2691  -0.4380   2.7942
  1.2704  -0.4490   2.7872
  1.2718  -0.4601   2.7809
  1.2732  -0.4712   2.7754
  1.2747  -0.4823   2.7711
  1.2762  -0.4935   2.7686
  1.2778  -0.5048   2.7684
  1.2794  -0.5161   2.7713
  1.2811  -0.5274   2.7782
  1.2790  -0.5310   2.8078
  1.2797  -0.5218   2.6814
  1.2805  -0.5125   2.5564
  1.2812  -0.5032   2.4328
  1.2818  -0.4937   2.3106
  1.2824  -0.4842   2.1898
  1.2830  -0.4747   2.0703
  1.2836  -0.4651   1.9521
  1.2841  -0.4554   1.8352
  1.2846  -0.4456   1.7196
  1.2850  -0.4358   1.6053
  1.2855  -0.4259   1.4922
  1.2859  -0.4160   1.3803
  1.2863  -0.4060   1.2697
  1.2866  -0.3959   1.1602
  1.2870  -0.3857   1.0520
  1.2873  -0.3755   0.9449
  1.2876  -0.3652   0.8390
  1.2879  -0.3548   0.7342
  1.2881  -0.3444   0.6306
  1.2884  -0.3338   0.5281
  1.2886  -0.3233   0.4267
  1.2888  -0.3126   0.3264
  1.2891  -0.3019   0.2273
  1.2893  -0.2911   0.1291
  1.2895  -0.2802   0.0321
  1.2896  -0.2692  -0.0639
  1.2898  -0.2582  -0.1588
  1.2900  -0.2471  -0.2527
  1.2902  -0.2359  -0.3456
  1.2904  -0.2246  -0.4374
  1.2906  -0.2133  -0.5282
  1.2908  -0.2019  -0.6181
  1.2910  -0.1904  -0.7069
  1.2912  -0.1788  -0.7947
  1.2914  -0.1672  -0.8816
  1.2916  -0.1555  -0.9675
  1.2918  -0.1437  -1.0524
  1.2921  -0.1318  -1.1363
  1.2923  -0.1199  -1.2193
  1.2926  -0.1078  -1.3014
  1.2929  -0.0957  -1.3825
  1.2932  -0.0836  -1.4627
  1.2935  -0.0713  -1.5420
  1.2938  -0.0590  -1.6203
  1.2942  -0.0466  -1.6978
  1.2946  -0.0341  -1.7743
  1.2950  -0.0215  -1.8499
  1.2954  -0.0089  -1.9247
  1.2958   0.0038  -1.9985
  1.2963   0.0166  -2.0715
  1.2968   0.0294  -2.1436
  1.2973   0.0424  -2.2149
  1.2978   0.0554  -2.2852
  1.2984   0.0684  -2.3547
  1.2990   0.0816  -2.4234
  1.2997   0.0948  -2.4912
  1.3003   0.1081  -2.5582
  1.3010   0.1215  -2.6243
  1.3017   0.1349  -2.6896
  1.3025   0.1485  -2.7541
  1.3033   0.1621  -2.8177
  1.3041   0.1757  -2.8806
  1.3049   0.1894  -2.9426
  1.3058   0.2033  -3.0038
  1.3067   0.2171  -3.0642
  1.3077   0.2311  -3.1238
  1.3086   0.2451  -3.1827
  1.3096   0.2592  -3.2407
  1.3107   0.2734  -3.2980
  1.3117   0.2876  -3.3544
  1.3128   0.3019  -3.4101
  1.3140   0.3163  -3.4651
  1.3151   0.3308  -3.5192
  1.3163   0.3453  -3.5726
  1.3176   0.3599  -3.6252
  1.3188   0.3746  -3.6771
  1.3201   0.3893  -3.7282
  1.3214   0.4042  -3.7786
  1.3228   0.4191  -3.8281
  1.3228   0.4191  -3.8281
  1.3189   0.4071  -3.7579
  1.3157   0.3959  -3.6980
  1.3130   0.3854  -3.6463
  1.3106   0.3753  -3.6015
  1.3085   0.3655  -3.5621
  1.3066   0.3560  -3.5273
  1.3049   0.3467  -3.4963
  1.3034   0.3376  -3.4685
  1.3019   0.3285  -3.4433
  1.3005   0.3195  -3.4205
  1.2992   0.3106  -3.3996
  1.2980   0.3016  -3.3804
  1.2968   0.2926  -3.3628
  1.2957   0.2836  -3.3466
  1.2946   0.2746  -3.3317
  1.2935   0.2656  -3.3179
  1.2925   0.2565  -3.3052
  1.2914   0.2474  -3.2935
  1.2904   0.2382  -3.2828
  1.2895   0.2290  -3.2729
  1.2885   0.2197  -3.2639
  1.2876   0.2104  -3.2558
  1.2867   0.2011  -3.2484
  1.2859   0.1916  -3.2417
  1.2850   0.1822  -3.2358
  1.2842   0.1727  -3.2307
  1.2834   0.1631  -3.2261
  1.2826   0.1535  -3.2223
  1.2819   0.1439  -3.2191
  1.2812   0.1342  -3.2165
  1.2805   0.1245  -3.2146
  1.2799   0.1147  -3.2132
  1.2793   0.1049  -3.2124
  1.2787   0.0951  -3.2122
  1.2781   0.0852  -3.2125
  1.2776   0.0753  -3.2134
  1.2772   0.0654  -3.2147
  1.2767   0.0554  -3.2166
  1.2763   0.0454  -3.2190
  1.2759   0.0354  -3.2218
  1.2756   0.0253  -3.2251
  1.2753   0.0152  -3.2289
  1.2751   0.0051  -3.2331
  1.2749  -0.0050  -3.2377
  1.2747  -0.0152  -3.2427
  1.2746  -0.0254  -3.2482
  1.2745  -0.0356  -3.2540
  1.2744  -0.0458  -3.2603
  1.2744  -0.0560  -3.2669
  1.2744  -0.0663  -3.2739
  1.2745  -0.0765  -3.2812
  1.2746  -0.0868  -3.2889
  1.2748  -0.0971  -3.2970
  1.2750  -0.1074  -3.3054
  1.2752  -0.1178  -3.3142
  1.2755  -0.1281  -3.3233
  1.2759  -0.1384  -3.3328
  1.2762  -0.1488  -3.3426
  1.2767  -0.1592  -3.3528
  1.2771  -0.1695  -3.3634
  1.2777  -0.1799  -3.3744
  1.2782  -0.1903  -3.3859
  1.2788  -0.2007  -3.3978
  1.2795  -0.2111  -3.4102
  1.2802  -0.2216  -3.4232
  1.2809  -0.2320  -3.4368
  1.2817  -0.2425  -3.4512
  1.2826  -0.2530  -3.4665
  1.2835  -0.2635  -3.4828
  1.2845  -0.2741  -3.5003
  1.2856  -0.2847  -3.5193
  1.2867  -0.2954  -3.5401
  1.2879  -0.3061  -3.5631
  1.2892  -0.3170  -3.5887
  1.2906  -0.3280  -3.6178
  1.2922  -0.3391  -3.6509
  1.2938  -0.3505  -3.6893
  1.2957  -0.3621  -3.7341
  1.2978  -0.3741  -3.7869
  1.2977  -0.3840  -3.7867
  1.2976  -0.3940  -3.7867
  1.2975  -0.4039  -3.7867
  1.2974  -0.4139  -3.7867
  1.2973  -0.4238  -3.7867
  1.2991  -0.4296  -3.8309
  1.2995  -0.4204  -3.7582
  1.2999  -0.4113  -3.6851
  1.3004  -0.4022  -3.6116
  1.3009  -0.3932  -3.5377
  1.3015  -0.3842  -3.4634
  1.3022  -0.3753  -3.3887
  1.3029  -0.3665  -3.3136
  1.3037  -0.3576  -3.2381
  1.3045  -0.3488  -3.1622
  1.3053  -0.3401  -3.0859
  1.3062  -0.3314  -3.0093
  1.3072  -0.3227  -2.9322
  1.3082  -0.3141  -2.8547
  1.3093  -0.3055  -2.7768
  1.3104  -0.2969  -2.6985
  1.3116  -0.2883  -2.6198
  1.3128  -0.2798  -2.5407
  1.3141  -0.2713  -2.4611
  1.3154  -0.2628  -2.3811
  1.3168  -0.2543  -2.3007
  1.3182  -0.2459  -2.2198
  1.3196  -0.2375  -2.1385
  1.3212  -0.2291  -2.0567
  1.3227  -0.2207  -1.9745
  1.3243  -0.2124  -1.8918
  1.3260  -0.2040  -1.8086
  1.3277  -0.1957  -1.7249
  1.3294  -0.1874  -1.6408
  1.3312  -0.1791  -1.5561
  1.3330  -0.1709  -1.4710
  1.3349  -0.1626  -1.3853
  1.3368  -0.1544  -1.2991
  1.3387  -0.1461  -1.2124
  1.3407  -0.1379  -1.1252
  1.3428  -0.1297  -1.0374
  1.3448  -0.1215  -0.9491
  1.3470  -0.1134  -0.8602
  1.3491  -0.1052  -0.7708
  1.3513  -0.0970  -0.6808
  1.3536  -0.0889  -0.5903
  1.3559  -0.0808  -0.4992
  1.3582  -0.0726  -0.4075
  1.3606  -0.0645  -0.3153
  1.3630  -0.0564  -0.2225
  1.3654  -0.0483  -0.1291
  1.3679  -0.0403  -0.0351
  1.3704  -0.0322   0.0595
  1.3730  -0.0241   0.1546
  1.3756  -0.0161   0.2504
  1.3783  -0.0081   0.3467
  1.3809  -0.0000   0.4436
  1.3837   0.0080   0.5412
  1.3864   0.0160   0.6393
  1.3892   0.0240   0.7380
  1.3921   0.0320   0.8373
  1.3950   0.0399   0.9372
  1.3979   0.0479   1.0377
  1.4008   0.0558   1.1387
  1.4038   0.0637   1.2404
  1.4068   0.0716   1.3427
  1.4099   0.0795   1.4456
  1.4130   0.0874   1.5490
  1.4162   0.0953   1.6531
  1.4193   0.1031   1.7577
  1.4226   0.1110   1.8630
  1.4258   0.1188   1.9688
  1.4291   0.1265   2.0752
  1.4324   0.1343   2.1822
  1.4358   0.1421   2.2898
  1.4392   0.1498   2.3980
  1.4426   0.1575   2.5068
  1.4461   0.1651   2.6162
  1.4496   0.1728   2.7261
  1.4531   0.1804   2.8367
  1.4567   0.1880   2.9479
  1.4603   0.1955   3.0596
  1.4639   0.2030   3.1720
  1.4676   0.2105   3.2850
  1.4713   0.2180   3.3985
  1.4713   0.2180   3.3985
  1.4681   0.2088   3.4028
  1.4653   0.1998   3.4114
  1.4626   0.1911   3.4231
  1.4602   0.1825   3.4372
  1.4579   0.1741   3.4529
  1.4557   0.1657   3.4698
  1.4537   0.1574   3.4875
  1.4518   0.1490   3.5056
  1.4500   0.1407   3.5239
  1.4482   0.1324   3.5422
  1.4466   0.1241   3.5602
  1.4451   0.1157   3.5780
  1.4436   0.1073   3.5953
  1.4422   0.0988   3.6121
  1.4409   0.0904   3.6284
  1.4396   0.0818   3.6441
  1.4384   0.0732   3.6592
  1.4373   0.0646   3.6736
  1.4362   0.0559   3.6873
  1.4352   0.0471   3.7004
  1.4342   0.0383   3.7127
  1.4333   0.0294   3.7244
  1.4325   0.0205   3.7353
  1.4316   0.0115   3.7455
  1.4309   0.0025   3.7550
  1.4302  -0.0066   3.7638
  1.4295  -0.0158   3.7719
  1.4289  -0.0250   3.7793
  1.4284  -0.0343   3.7860
  1.4279  -0.0436   3.7920
  1.4274  -0.0530   3.7973
  1.4270  -0.0625   3.8019
  1.4267  -0.0720   3.8058
  1.4264  -0.0815   3.8091
  1.4261  -0.0912   3.8116
  1.4259  -0.1008   3.8135
  1.4258  -0.1105   3.8147
  1.4257  -0.1203   3.8153
  1.4256  -0.1301   3.8151
  1.4256  -0.1400   3.8144
  1.4257  -0.1499   3.8129
  1.4258  -0.1599   3.8108
  1.4260  -0.1699   3.8080
  1.4262  -0.1800   3.8046
  1.4265  -0.1901   3.8005
  1.4268  -0.2003   3.7958
  1.4272  -0.2106   3.7904
  1.4277  -0.2208   3.7844
  1.4282  -0.2312   3.7777
  1.4288  -0.2415   3.7704
  1.4294  -0.2520   3.7624
  1.4301  -0.2624   3.7537
  1.4309  -0.2730   3.7444
  1.4317  -0.2835   3.7345
  1.4326  -0.2942   3.7238
  1.4335  -0.3048   3.7126
  1.4345  -0.3156   3.7006
  1.4356  -0.3264   3.6880
  1.4367  -0.3372   3.6747
  1.4380  -0.3481   3.6608
  1.4392  -0.3590   3.6462
  1.4406  -0.3700   3.6309
  1.4420  -0.3810   3.6150
  1.4435  -0.3922   3.5984
  1.4450  -0.4033   3.5812
  1.4466  -0.4145   3.5634
  1.4483  -0.4258   3.5450
  1.4501  -0.4372   3.5260
  1.4519  -0.4486   3.5065
  1.4538  -0.4601   3.4866
  1.4558  -0.4717   3.4663
  1.4578  -0.4833   3.4458
  1.4599  -0.4950   3.4251
  1.4620  -0.5068   3.4046
  1.4643  -0.5187   3.3843
  1.4665  -0.5307   3.3647
  1.4689  -0.5427   3.3462
  1.4658  -0.5479   3.3857
  1.4634  -0.5361   3.2547
  1.4610  -0.5242   3.1254
  1.4586  -0.5123   2.9977
  1.4561  -0.5004   2.8717
  1.4536  -0.4885   2.7473
  1.4512  -0.4765   2.6245
  1.4487  -0.4644   2.5032
  1.4461  -0.4524   2.3835
  1.4436  -0.4403   2.2652
  1.4411  -0.4281   2.1484
  1.4385  -0.4160   2.0330
  1.4360  -0.4037   1.9191
  1.4334  -0.3915   1.8065
  1.4309  -0.3792   1.6954
  1.4283  -0.3669   1.5855
  1.4257  -0.3545   1.4771
  1.4232  -0.3421   1.3699
  1.4206  -0.3297   1.2641
  1.4180  -0.3172   1.1596
  1.4155  -0.3047   1.0563
  1.4129  -0.2921   0.9543
  1.4103  -0.2795   0.8535
  1.4078  -0.2669   0.7540
  1.4053  -0.2542   0.6557
  1.4027  -0.2414   0.5586
  1.4002  -0.2287   0.4627
  1.3977  -0.2159   0.3680
  1.3952  -0.2030   0.2745
  1.3927  -0.1901   0.1821
  1.3903  -0.1772   0.0909
  1.3878  -0.1642   0.0009
  1.3854  -0.1512  -0.0881
  1.3830  -0.1381  -0.1759
  1.3807  -0.1250  -0.2625
  1.3783  -0.1119  -0.3481
  1.3760  -0.0987  -0.4325
  1.3737  -0.0855  -0.5159
  1.3714  -0.0722  -0.5981
  1.3692  -0.0589  -0.6793
  1.3670  -0.0455  -0.7594
  1.3648  -0.0321  -0.8384
  1.3627  -0.0187  -0.9164
  1.3606  -0.0052  -0.9933
  1.3585   0.0083  -1.0691
  1.3565   0.0219  -1.1439
  1.3545   0.0355  -1.2177
  1.3525   0.0491  -1.2904
  1.3506   0.0628  -1.3621
  1.3487   0.0765  -1.4328
  1.3469   0.0902  -1.5025
  1.3451   0.1040  -1.5712
  1.3434   0.1178  -1.6388
  1.3416   0.1317  -1.7055
  1.3400   0.1456  -1.7712
  1.3383   0.1596  -1.8358
  1.3368   0.1735  -1.8995
  1.3352   0.1875  -1.9623
  1.3337   0.2016  -2.0240
  1.3323   0.2157  -2.0848
  1.3309   0.2298  -2.1446
  1.3295   0.2439  -2.2035
  1.3282   0.2581  -2.2614
  1.3269   0.2723  -2.3184
  1.3257   0.2866  -2.3745
  1.3245   0.3009  -2.4296
  1.3234   0.3152  -2.4838
  1.3223   0.3295  -2.5370
  1.3213   0.3439  -2.5894
  1.3202   0.3583  -2.6408
  1.3193   0.3728  -2.6914
  1.3184   0.3873  -2.7410
  1.3175   0.4018  -2.7897
  1.3167   0.4163  -2.8376
  1.3159   0.4309  -2.8845
  1.3151   0.4455  -2.9306
  1.3144   0.4602  -2.9758
  1.3137   0.4748  -3.0201
  1.3131   0.4895  -3.0636
  1.3125   0.5043  -3.1062
  1.3125   0.5043  -3.1062
  1.3087   0.4937  -3.0372
  1.3054   0.4837  -2.9779
  1.3025   0.4742  -2.9266
  1.3000   0.4649  -2.8818
  1.2977   0.4559  -2.8424
  1.2956   0.4470  -2.8074
  1.2937   0.4383  -2.7761
  1.2920   0.4296  -2.7478
  1.2903   0.4209  -2.7221
  1.2887   0.4122  -2.6987
  1.2872   0.4035  -2.6773
  1.2858   0.3948  -2.6575
  1.2844   0.3861  -2.6393
  1.2831   0.3773  -2.6224
  1.2818   0.3684  -2.6068
  1.2805   0.3595  -2.5924
  1.2793   0.3506  -2.5790
  1.2781   0.3415  -2.5667
  1.2769   0.3325  -2.5553
  1.2758   0.3233  -2.5448
  1.2747   0.3141  -2.5351
  1.2736   0.3048  -2.5263
  1.2726   0.2955  -2.5183
  1.2716   0.2861  -2.5110
  1.2706   0.2767  -2.5045
  1.2697   0.2671  -2.4988
  1.2688   0.2576  -2.4937
  1.2679   0.2480  -2.4893
  1.2671   0.2383  -2.4855
  1.2663   0.2286  -2.4825
  1.2656   0.2188  -2.4800
  1.2648   0.2089  -2.4782
  1.2642   0.1991  -2.4769
  1.2635   0.1891  -2.4763
  1.2629   0.1792  -2.4762
  1.2623   0.1692  -2.4766
  1.2618   0.1591  -2.4777
  1.2614   0.1490  -2.4792
  1.2609   0.1389  -2.4813
  1.2605   0.1287  -2.4839
  1.2602   0.1185  -2.4870
  1.2599   0.1083  -2.4906
  1.2597   0.0980  -2.4946
  1.2595   0.0877  -2.4992
  1.2593   0.0774  -2.5042
  1.2592   0.0670  -2.5096
  1.2592   0.0566  -2.5155
  1.2592   0.0462  -2.5219
  1.2592   0.0358  -2.5287
  1.2593   0.0253  -2.5359
  1.2595   0.0148  -2.5435
  1.2597   0.0043  -2.5516
  1.2600  -0.0062  -2.5600
  1.2603  -0.0168  -2.5689
  1.2607  -0.0273  -2.5782
  1.2611  -0.0379  -2.5879
  1.2616  -0.0485  -2.5980
  1.2622  -0.0591  -2.6086
  1.2628  -0.0697  -2.6196
  1.2635  -0.0803  -2.6310
  1.2642  -0.0910  -2.6429
  1.2650  -0.1016  -2.6553
  1.2659  -0.1123  -2.6682
  1.2668  -0.1229  -2.6817
  1.2678  -0.1336  -2.6957
  1.2688  -0.1443  -2.7105
  1.2700  -0.1550  -2.7260
  1.2712  -0.1657  -2.7424
  1.2725  -0.1764  -2.7598
  1.2739  -0.1872  -2.7783
  1.2753  -0.1980  -2.7983
  1.2769  -0.2087  -2.8200
  1.2786  -0.2195  -2.8437
  1.2804  -0.2304  -2.8699
  1.2823  -0.2413  -2.8992
  1.2844  -0.2523  -2.9324
  1.2867  -0.2634  -2.9703
  1.2892  -0.2746  -3.0143
  1.2919  -0.2860  -3.0658
  1.2918  -0.2959  -3.0657
  1.2918  -0.3058  -3.0657
  1.2917  -0.3157  -3.0657
  1.2919  -0.3239  -3.1255
  1.2922  -0.3159  -3.0643
  1.2925  -0.3080  -3.0028
  1.2930  -0.3001  -2.9410
  1.2934  -0.2922  -2.8788
  1.2939  -0.2844  -2.8162
  1.2945  -0.2766  -2.7533
  1.2951  -0.2688  -2.6901
  1.2958  -0.2611  -2.6265
  1.2965  -0.2534  -2.5625
  1.2972  -0.2457  -2.4981
  1.2980  -0.2380  -2.4334
  1.2988  -0.2303  -2.3683
  1.2997  -0.2227  -2.3027
  1.3006  -0.2151  -2.2368
  1.3016  -0.2075  -2.1704
  1.3026  -0.1999  -2.1036
  1.3036  -0.1924  -2.0364
  1.3047  -0.1848  -1.9688
  1.3058  -0.1773  -1.9006
  1.3069  -0.1698  -1.8321
  1.3081  -0.1623  -1.7630
  1.3094  -0.1548  -1.6935
  1.3106  -0.1474  -1.6235
  1.3119  -0.1399  -1.5530
  1.3133  -0.1325  -1.4820
  1.3146  -0.1250  -1.4104
  1.3160  -0.1176  -1.3384
  1.3175  -0.1102  -1.2658
  1.3189  -0.1028  -1.1926
  1.3204  -0.0954  -1.1190
  1.3220  -0.0880  -1.0447
  1.3235  -0.0806  -0.9699
  1.3251  -0.0733  -0.8945
  1.3268  -0.0659  -0.8185
  1.3284  -0.0585  -0.7419
  1.3301  -0.0512  -0.6648
  1.3319  -0.0438  -0.5870
  1.3336  -0.0365  -0.5086
  1.3354  -0.0292  -0.4295
  1.3372  -0.0218  -0.3499
  1.3390  -0.0145  -0.2696
  1.3409  -0.0072  -0.1887
  1.3428   0.0001  -0.1071
  1.3447   0.0074  -0.0248
  1.3467   0.0147   0.0581
  1.3487   0.0220   0.1417
  1.3507   0.0293   0.2259
  1.3528   0.0366   0.3108
  1.3548   0.0439   0.3964
  1.3569   0.0512   0.4827
  1.3590   0.0585   0.5697
  1.3612   0.0658   0.6574
  1.3634   0.0731   0.7458
  1.3656   0.0803   0.8349
  1.3678   0.0876   0.9246
  1.3701   0.0949   1.0151
  1.3724   0.1021   1.1063
  1.3747   0.1094   1.1983
  1.3770   0.1166   1.2909
  1.3794   0.1239   1.3843
  1.3818   0.1311   1.4784
  1.3842   0.1383   1.5732
  1.3867   0.1455   1.6687
  1.3892   0.1527   1.7650
  1.3917   0.1599   1.8620
  1.3942   0.1671   1.9598
  1.3968   0.1743   2.0583
  1.3993   0.1814   2.1576
  1.4020   0.1885   2.2576
  1.4046   0.1956   2.3584
  1.4072   0.2027   2.4600
  1.4099   0.2098   2.5624
  1.4126   0.2169   2.6655
  1.4153   0.2239   2.7694
  1.4181   0.2309   2.8742
  1.4208   0.2378   2.9798
  1.4236   0.2448   3.0862
  1.4264   0.2517   3.1935
  1.4292   0.2585   3.3016
  1.4292   0.2585   3.3016
  1.4268   0.2485   3.3017
  1.4246   0.2389   3.3062
  1.4226   0.2295   3.3141
  1.4207   0.2203   3.3245
  1.4189   0.2113   3.3369
  1.4172   0.2024   3.3507
  1.4156   0.1936   3.3655
  1.4141   0.1848   3.3810
  1.4127   0.1761   3.3969
  1.4113   0.1674   3.4130
  1.4100   0.1588   3.4292
  1.4088   0.1501   3.4452
  1.4076   0.1415   3.4610
  1.4065   0.1328   3.4765
  1.4054   0.1241   3.4915
  1.4043   0.1154   3.5062
  1.4033   0.1067   3.5203
  1.4024   0.0980   3.5340
  1.4015   0.0892   3.5471
  1.4006   0.0803   3.5596
  1.3997   0.0715   3.5715
  1.3989   0.0626   3.5829
  1.3982   0.0537   3.5936
  1.3974   0.0447   3.6038
  1.3968   0.0357   3.6133
  1.3961   0.0266   3.6222
  1.3955   0.0175   3.6305
  1.3949   0.0084   3.6382
  1.3943  -0.0008   3.6453
  1.3938  -0.0100   3.6518
  1.3933  -0.0193   3.6577
  1.3929  -0.0286   3.6630
  1.3925  -0.0380   3.6677
  1.3921  -0.0474   3.6718
  1.3918  -0.0568   3.6753
  1.3915  -0.0663   3.6782
  1.3913  -0.0758   3.6806
  1.3911  -0.0854   3.6824
  1.3909  -0.0950   3.6836
  1.3908  -0.1047   3.6842
  1.3907  -0.1144   3.6842
  1.3907  -0.1242   3.6837
  1.3907  -0.1340   3.6826
  1.3907  -0.1439   3.6810
  1.3908  -0.1538   3.6788
  1.3910  -0.1637   3.6760
  1.3911  -0.1737   3.6727
  1.3914  -0.1838   3.6689
  1.3917  -0.1939   3.6644
  1.3920  -0.2040   3.6594
  1.3924  -0.2142   3.6539
  1.3928  -0.2245   3.6478
  1.3933  -0.2348   3.6411
  1.3939  -0.2451   3.6339
  1.3945  -0.2556   3.6260
  1.3952  -0.2660   3.6177
  1.3959  -0.2766   3.6087
  1.3967  -0.2871   3.5992
  1.3975  -0.2978   3.5891
  1.3984  -0.3085   3.5784
  1.3994  -0.3193   3.5671
  1.4004  -0.3301   3.5552
  1.4015  -0.3410   3.5427
  1.4027  -0.3520   3.5296
  1.4040  -0.3630   3.5159
  1.4053  -0.3741   3.5016
  1.4066  -0.3853   3.4866
  1.4081  -0.3965   3.4711
  1.4096  -0.4079   3.4549
  1.4112  -0.4193   3.4382
  1.4129  -0.4307   3.4208
  1.4146  -0.4423   3.4028
  1.4164  -0.4539   3.3843
  1.4183  -0.4657   3.3653
  1.4203  -0.4775   3.3458
  1.4223  -0.4893   3.3258
  1.4245  -0.5013   3.3055
  1.4267  -0.5133   3.2850
  1.4290  -0.5254   3.2643
  1.4289  -0.5353   3.2643
  1.4256  -0.5396   3.2985
  1.4249  -0.5278   3.1674
  1.4242  -0.5160   3.0380
  1.4235  -0.5041   2.9102
  1.4228  -0.4921   2.7842
  1.4221  -0.4801   2.6598
  1.4213  -0.4680   2.5370
  1.4205  -0.4559   2.4158
  1.4198  -0.4437   2.2961
  1.4190  -0.4314   2.1779
  1.4182  -0.4191   2.0612
  1.4174  -0.4067   1.9460
  1.4166  -0.3943   1.8322
  1.4158  -0.3818   1.7199
  1.4150  -0.3693   1.6089
  1.4142  -0.3567   1.4993
  1.4134  -0.3441   1.3910
  1.4125  -0.3314   1.2841
  1.4117  -0.3187   1.1785
  1.4109  -0.3059   1.0743
  1.4101  -0.2930   0.9713
  1.4093  -0.2802   0.8696
  1.4086  -0.2672   0.7691
  1.4078  -0.2543   0.6699
  1.4070  -0.2412   0.5719
  1.4063  -0.2282   0.4752
  1.4055  -0.2151   0.3797
  1.4048  -0.2019   0.2854
  1.4041  -0.1887   0.1923
  1.4034  -0.1754   0.1003
  1.4028  -0.1621   0.0096
  1.4021  -0.1488  -0.0800
  1.4015  -0.1354  -0.1684
  1.4009  -0.1220  -0.2557
  1.4003  -0.1085  -0.3418
  1.3998  -0.0950  -0.4267
  1.3992  -0.0814  -0.5106
  1.3988  -0.0678  -0.5933
  1.3983  -0.0541  -0.6749
  1.3979  -0.0405  -0.7554
  1.3975  -0.0267  -0.8347
  1.3971  -0.0130  -0.9130
  1.3968   0.0008  -0.9902
  1.3964   0.0147  -1.0663
  1.3962   0.0286  -1.1413
  1.3960   0.0425  -1.2152
  1.3958   0.0565  -1.2881
  1.3956   0.0704  -1.3599
  1.3955   0.0845  -1.4306
  1.3954   0.0985  -1.5003
  1.3954   0.1126  -1.5689
  1.3954   0.1268  -1.6365
  1.3954   0.1409  -1.7030
  1.3955   0.1552  -1.7685
  1.3956   0.1694  -1.8330
  1.3958   0.1837  -1.8964
  1.3960   0.1980  -1.9588
  1.3962   0.2123  -2.0202
  1.3965   0.2266  -2.0806
  1.3968   0.2410  -2.1400
  1.3972   0.2555  -2.1984
  1.3976   0.2699  -2.2558
  1.3981   0.2844  -2.3122
  1.3986   0.2989  -2.3676
  1.3991   0.3134  -2.4221
  1.3997   0.3280  -2.4755
  1.4003   0.3426  -2.5280
  1.4010   0.3572  -2.5795
  1.4017   0.3719  -2.6301
  1.4025   0.3866  -2.6796
  1.4033   0.4013  -2.7283
  1.4041   0.4160  -2.7759
  1.4050   0.4308  -2.8226
  1.4060   0.4456  -2.8684
  1.4069   0.4604  -2.9132
  1.4079   0.4753  -2.9570
  1.4090   0.4902  -2.9999
  1.4101   0.5051  -3.0419
  1.4112   0.5201  -3.0829
  1.4123   0.5351  -3.1231
  1.4123   0.5351  -3.1231
  1.4079   0.5240  -3.0527
  1.4043   0.5136  -2.9933
  1.4011   0.5037  -2.9426
  1.3984   0.4942  -2.8989
  1.3960   0.4849  -2.8608
  1.3938   0.4758  -2.8273
  1.3919   0.4669  -2.7976
  1.3901   0.4581  -2.7709
  1.3884   0.4493  -2.7469
  1.3869   0.4405  -2.7252
  1.3854   0.4318  -2.7053
  1.3840   0.4230  -2.6870
  1.3827   0.4142  -2.6703
  1.3814   0.4054  -2.6548
  1.3802   0.3965  -2.6406
  1.3790   0.3876  -2.6274
  1.3778   0.3786  -2.6152
  1.3767   0.3695  -2.6040
  1.3756   0.3605  -2.5936
  1.3745   0.3513  -2.5841
  1.3735   0.3421  -2.5753
  1.3725   0.3329  -2.5673
  1.3715   0.3235  -2.5601
  1.3706   0.3142  -2.5536
  1.3696   0.3048  -2.5477
  1.3688   0.2953  -2.5425
  1.3679   0.2858  -2.5380
  1.3671   0.2762  -2.5341
  1.3664   0.2666  -2.5308
  1.3656   0.2569  -2.5282
  1.3649   0.2472  -2.5261
  1.3643   0.2374  -2.5246
  1.3636   0.2276  -2.5236
  1.3630   0.2178  -2.5232
  1.3625   0.2079  -2.5232
  1.3620   0.1979  -2.5237
  1.3615   0.1879  -2.5247
  1.3611   0.1778  -2.5261
  1.3607   0.1678  -2.5280
  1.3603   0.1576  -2.5304
  1.3600   0.1475  -2.5332
  1.3598   0.1372  -2.5365
  1.3595   0.1270  -2.5401
  1.3594   0.1167  -2.5442
  1.3592   0.1064  -2.5487
  1.3592   0.0961  -2.5536
  1.3592   0.0857  -2.5589
  1.3592   0.0753  -2.5646
  1.3593   0.0648  -2.5707
  1.3594   0.0544  -2.5772
  1.3596   0.0439  -2.5840
  1.3598   0.0333  -2.5912
  1.3601   0.0228  -2.5988
  1.3604   0.0122  -2.6067
  1.3608   0.0016  -2.6151
  1.3613  -0.0090  -2.6238
  1.3618  -0.0196  -2.6328
  1.3623  -0.0303  -2.6423
  1.3630  -0.0410  -2.6521
  1.3637  -0.0517  -2.6624
  1.3644  -0.0624  -2.6730
  1.3652  -0.0731  -2.6841
  1.3661  -0.0839  -2.6957
  1.3670  -0.0947  -2.7078
  1.3680  -0.1055  -2.7205
  1.3691  -0.1163  -2.7338
  1.3703  -0.1271  -2.7478
  1.3715  -0.1380  -2.7626
  1.3728  -0.1488  -2.7784
  1.3742  -0.1597  -2.7953
  1.3757  -0.1706  -2.8136
  1.3772  -0.1816  -2.8335
  1.3789  -0.1925  -2.8555
  1.3807  -0.2035  -2.8800
  1.3827  -0.2146  -2.9077
  1.3847  -0.2257  -2.9393
  1.3870  -0.2369  -2.9759
  1.3858  -0.2472  -3.0500
  1.3883  -0.2394  -3.0076
  1.3907  -0.2316  -2.9640
  1.3932  -0.2238  -2.9195
  1.3956  -0.2162  -2.8739
  1.3981  -0.2086  -2.8273
  1.4006  -0.2010  -2.7798
  1.4031  -0.1935  -2.7313
  1.4056  -0.1861  -2.6820
  1.4081  -0.1787  -2.6317
  1.4106  -0.1713  -2.5805
  1.4132  -0.1639  -2.5284
  1.4158  -0.1566  -2.4755
  1.4183  -0.1493  -2.4217
  1.4209  -0.1421  -2.3670
  1.4235  -0.1348  -2.3114
  1.4262  -0.1276  -2.2550
  1.4288  -0.1204  -2.1977
  1.4315  -0.1133  -2.1395
  1.4341  -0.1061  -2.0805
  1.4368  -0.0990  -2.0206
  1.4395  -0.0918  -1.9598
  1.4423  -0.0847  -1.8981
  1.4450  -0.0776  -1.8356
  1.4477  -0.0705  -1.7722
  1.4505  -0.0635  -1.7079
  1.4533  -0.0564  -1.6427
  1.4561  -0.0493  -1.5765
  1.4589  -0.0423  -1.5095
  1.4617  -0.0352  -1.4416
  1.4646  -0.0282  -1.3727
  1.4674  -0.0211  -1.3030
  1.4703  -0.0141  -1.2323
  1.4732  -0.0071  -1.1606
  1.4761  -0.0000  -1.0880
  1.4790   0.0070  -1.0145
  1.4819   0.0140  -0.9400
  1.4849   0.0210  -0.8646
  1.4878   0.0281  -0.7882
  1.4908   0.0351  -0.7108
  1.4938   0.0421  -0.6325
  1.4968   0.0492  -0.5532
  1.4998   0.0562  -0.4729
  1.5028   0.0632  -0.3917
  1.5059   0.0703  -0.3094
  1.5089   0.0773  -0.2262
  1.5120   0.0843  -0.1419
  1.5151   0.0914  -0.0567
  1.5182   0.0984   0.0295
  1.5213   0.1055   0.1167
  1.5244   0.1125   0.2049
  1.5276   0.1195   0.2942
  1.5308   0.1266   0.3844
  1.5339   0.1336   0.4756
  1.5371   0.1407   0.5678
  1.5403   0.1477   0.6611
  1.5436   0.1548   0.7553
  1.5468   0.1618   0.8506
  1.5501   0.1689   0.9468
  1.5534   0.1759   1.0441
  1.5567   0.1829   1.1424
  1.5600   0.1900   1.2417
  1.5633   0.1970   1.3420
  1.5666   0.2040   1.4433
  1.5700   0.2110   1.5456
  1.5733   0.2180   1.6490
  1.5767   0.2250   1.7533
  1.5801   0.2320   1.8587
  1.5835   0.2389   1.9651
  1.5870   0.2459   2.0726
  1.5904   0.2528   2.1811
  1.5939   0.2597   2.2906
  1.5973   0.2666   2.4012
  1.6008   0.2734   2.5128
  1.6043   0.2803   2.6255
  1.6078   0.2870   2.7394
  1.6113   0.2938   2.8543
  1.6148   0.3005   2.9703
  1.6183   0.3072   3.0875
  1.6218   0.3138   3.2059
  1.6218   0.3138   3.2059
  1.6177   0.3021   3.2179
  1.6139   0.2913   3.2315
  1.6104   0.2812   3.2461
  1.6072   0.2717   3.2616
  1.6043   0.2625   3.2777
  1.6016   0.2537   3.2943
  1.5991   0.2452   3.3110
  1.5968   0.2368   3.3279
  1.5946   0.2285   3.3448
  1.5925   0.2204   3.3616
  1.5905   0.2123   3.3782
  1.5887   0.2043   3.3946
  1.5869   0.1962   3.4108
  1.5853   0.1882   3.4266
  1.5837   0.1802   3.4421
  1.5822   0.1721   3.4573
  1.5808   0.1640   3.4720
  1.5795   0.1558   3.4863
  1.5782   0.1476   3.5002
  1.5770   0.1394   3.5136
  1.5758   0.1311   3.5265
  1.5747   0.1227   3.5389
  1.5737   0.1143   3.5509
  1.5728   0.1058   3.5623
  1.5719   0.0973   3.5731
  1.5710   0.0887   3.5835
  1.5703   0.0800   3.5932
  1.5696   0.0713   3.6024
  1.5689   0.0625   3.6110
  1.5683   0.0537   3.6191
  1.5678   0.0448   3.6265
  1.5674   0.0358   3.6333
  1.5670   0.0268   3.6395
  1.5667   0.0178   3.6450
  1.5665   0.0086   3.6498
  1.5663  -0.0005   3.6540
  1.5662  -0.0098   3.6575
  1.5662  -0.0190   3.6603
  1.5662  -0.0284   3.6623
  1.5663  -0.0377   3.6636
  1.5665  -0.0472   3.6641
  1.5668  -0.0567   3.6639
  1.5671  -0.0662   3.6629
  1.5675  -0.0758   3.6610
  1.5680  -0.0854   3.6583
  1.5685  -0.0951   3.6548
  1.5692  -0.1048   3.6504
  1.5699  -0.1146   3.6451
  1.5706  -0.1245   3.6389
  1.5715  -0.1344   3.6318
  1.5724  -0.1443   3.6238
  1.5734  -0.1543   3.6148
  1.5745  -0.1644   3.6049
  1.5756  -0.1745   3.5941
  1.5768  -0.1846   3.5823
  1.5782  -0.1948   3.5696
  1.5795  -0.2051   3.5559
  1.5810  -0.2154   3.5413
  1.5825  -0.2258   3.5257
  1.5841  -0.2363   3.5091
  1.5858  -0.2468   3.4917
  1.5876  -0.2573   3.4733
  1.5894  -0.2680   3.4540
  1.5913  -0.2787   3.4338
  1.5933  -0.2895   3.4128
  1.5954  -0.3004   3.3910
  1.5975  -0.3114   3.3685
  1.5997  -0.3225   3.3453
  1.6019  -0.3339   3.3217
  1.6042  -0.3454   3.2977
  1.6065  -0.3571   3.2735
  1.6089  -0.3691   3.2493
  1.6112  -0.3815   3.2257
  1.6136  -0.3943   3.2028
  1.6159  -0.4077   3.1813
  1.6181  -0.4217   3.1619
  1.6202  -0.4365   3.1453
  1.6222  -0.4523   3.1327
  1.6194  -0.4580   3.1761
  1.6176  -0.4493   3.0434
  1.6156  -0.4406   2.9126
  1.6137  -0.4317   2.7837
  1.6117  -0.4227   2.6565
  1.6096  -0.4137   2.5311
  1.6075  -0.4045   2.4074
  1.6054  -0.3952   2.2853
  1.6033  -0.3859   2.1648
  1.6011  -0.3765   2.0459
  1.5988  -0.3670   1.9285
  1.5966  -0.3574   1.8126
  1.5943  -0.3477   1.6982
  1.5919  -0.3380   1.5853
  1.5896  -0.3281   1.4738
  1.5872  -0.3182   1.3637
  1.5847  -0.3082   1.2551
  1.5823  -0.2982   1.1478
  1.5798  -0.2880   1.0418
  1.5773  -0.2778   0.9372
  1.5748  -0.2675   0.8340
  1.5722  -0.2571   0.7320
  1.5696  -0.2467   0.6314
  1.5670  -0.2361   0.5320
  1.5644  -0.2255   0.4339
  1.5618  -0.2148   0.3371
  1.5592  -0.2040   0.2415
  1.5565  -0.1932   0.1472
  1.5539  -0.1822   0.0540
  1.5512  -0.1712  -0.0378
  1.5485  -0.1601  -0.1285
  1.5459  -0.1490  -0.2180
  1.5432  -0.1377  -0.3063
  1.5405  -0.1264  -0.3934
  1.5378  -0.1150  -0.4793
  1.5351  -0.1036  -0.5641
  1.5325  -0.0920  -0.6477
  1.5298  -0.0804  -0.7302
  1.5271  -0.0687  -0.8115
  1.5245  -0.0570  -0.8916
  1.5218  -0.0451  -0.9707
  1.5192  -0.0332  -1.0486
  1.5166  -0.0212  -1.1254
  1.5140  -0.0092  -1.2011
  1.5114   0.0030  -1.2757
  1.5088   0.0152  -1.3491
  1.5062   0.0274  -1.4215
  1.5037   0.0398  -1.4928
  1.5011   0.0522  -1.5630
  1.4986   0.0647  -1.6322
  1.4962   0.0772  -1.7002
  1.4937   0.0898  -1.7672
  1.4913   0.1025  -1.8331
  1.4889   0.1152  -1.8980
  1.4865   0.1280  -1.9618
  1.4841   0.1409  -2.0245
  1.4818   0.1538  -2.0862
  1.4795   0.1668  -2.1469
  1.4772   0.1798  -2.2065
  1.4749   0.1930  -2.2651
  1.4727   0.2061  -2.3226
  1.4705   0.2193  -2.3792
  1.4684   0.2326  -2.4347
  1.4663   0.2460  -2.4891
  1.4642   0.2594  -2.5426
  1.4621   0.2728  -2.5951
  1.4601   0.2863  -2.6465
  1.4581   0.2999  -2.6970
  1.4561   0.3135  -2.7464
  1.4541   0.3272  -2.7949
  1.4522   0.3409  -2.8423
  1.4504   0.3547  -2.8888
  1.4485   0.3686  -2.9342
  1.4467   0.3824  -2.9787
  1.4449   0.3964  -3.0223
  1.4432   0.4104  -3.0648
  1.4414   0.4244  -3.1064
  1.4397   0.4385  -3.1470
  1.4381   0.4526  -3.1867
  1.4364   0.4668  -3.2255
  1.4364   0.4668  -3.2255
  1.4310   0.4531  -3.1560
  1.4264   0.4409  -3.0966
  1.4225   0.4297  -3.0452
  1.4193   0.4194  -3.0004
  1.4164   0.4097  -2.9608
  1.4139   0.4004  -2.9257
  1.4117   0.3916  -2.8941
  1.4097   0.3829  -2.8655
  1.4079   0.3744  -2.8393
  1.4062   0.3661  -2.8154
  1.4047   0.3578  -2.7933
  1.4032   0.3495  -2.7728
  1.4018   0.3412  -2.7537
  1.4005   0.3329  -2.7360
  1.3992   0.3245  -2.7195
  1.3980   0.3161  -2.7041
  1.3969   0.3076  -2.6897
  1.3957   0.2990  -2.6763
  1.3946   0.2904  -2.6639
  1.3936   0.2817  -2.6524
  1.3925   0.2729  -2.6417
  1.3915   0.2641  -2.6318
  1.3906   0.2551  -2.6228
  1.3896   0.2461  -2.6145
  1.3887   0.2370  -2.6070
  1.3879   0.2278  -2.6003
  1.3870   0.2186  -2.5942
  1.3862   0.2093  -2.5889
  1.3855   0.1999  -2.5843
  1.3847   0.1904  -2.5804
  1.3840   0.1809  -2.5771
  1.3834   0.1714  -2.5745
  1.3828   0.1617  -2.5725
  1.3822   0.1520  -2.5712
  1.3817   0.1423  -2.5704
  1.3812   0.1325  -2.5703
  1.3807   0.1227  -2.5707
  1.3803   0.1128  -2.5717
  1.3800   0.1028  -2.5732
  1.3797   0.0929  -2.5753
  1.3794   0.0829  -2.5779
  1.3792   0.0728  -2.5810
  1.3791   0.0628  -2.5846
  1.3790   0.0527  -2.5887
  1.3789   0.0426  -2.5933
  1.3790   0.0324  -2.5983
  1.3790   0.0223  -2.6038
  1.3791   0.0121  -2.6097
  1.3793   0.0019  -2.6160
  1.3795  -0.0083  -2.6228
  1.3798  -0.0185  -2.6299
  1.3802  -0.0288  -2.6374
  1.3806  -0.0390  -2.6453
  1.3810  -0.0492  -2.6536
  1.3815  -0.0595  -2.6622
  1.3821  -0.0697  -2.6712
  1.3827  -0.0799  -2.6806
  1.3834  -0.0901  -2.6903
  1.3841  -0.1003  -2.7003
  1.3849  -0.1106  -2.7107
  1.3858  -0.1207  -2.7214
  1.3867  -0.1309  -2.7325
  1.3876  -0.1411  -2.7440
  1.3886  -0.1513  -2.7559
  1.3897  -0.1614  -2.7683
  1.3908  -0.1716  -2.7813
  1.3920  -0.1818  -2.7950
  1.3932  -0.1920  -2.8095
  1.3944  -0.2023  -2.8252
  1.3958  -0.2126  -2.8423
  1.3972  -0.2231  -2.8612
  1.3987  -0.2338  -2.8826
  1.4003  -0.2447  -2.9073
  1.4020  -0.2561  -2.9364
  1.4039  -0.2679  -2.9712
  1.4059  -0.2805  -3.0133
  1.4082  -0.2939  -3.0638
  1.4107  -0.3078  -3.1219
  1.4135  -0.3223  -3.1885
  1.4134  -0.3322  -3.1880
  1.4134  -0.3421  -3.1880
  1.4133  -0.3520  -3.1880
  1.4133  -0.3619  -3.1880
  1.4132  -0.3718  -3.1880
  1.4131  -0.3817  -3.1880
  1.4131  -0.3916  -3.1880
  1.4130  -0.4016  -3.1880
  1.4130  -0.4115  -3.1880
  1.4140  -0.4199  -3.2507
  1.4130  -0.4105  -3.1891
  1.4121  -0.4010  -3.1270
  1.4112  -0.3917  -3.0643
  1.4104  -0.3823  -3.0011
  1.4096  -0.3731  -2.9374
  1.4089  -0.3638  -2.8732
  1.4083  -0.3546  -2.8085
  1.4077  -0.3454  -2.7433
  1.4072  -0.3363  -2.6776
  1.4067  -0.3272  -2.6114
  1.4063  -0.3181  -2.5448
  1.4059  -0.3091  -2.4776
  1.4056  -0.3000  -2.4099
  1.4054  -0.2910  -2.3417
  1.4052  -0.2820  -2.2731
  1.4050  -0.2731  -2.2039
  1.4049  -0.2641  -2.1342
  1.4049  -0.2552  -2.0640
  1.4049  -0.2463  -1.9932
  1.4050  -0.2374  -1.9220
  1.4051  -0.2286  -1.8502
  1.4052  -0.2197  -1.7778
  1.4054  -0.2109  -1.7049
  1.4057  -0.2021  -1.6315
  1.4060  -0.1932  -1.5575
  1.4063  -0.1844  -1.4829
  1.4067  -0.1757  -1.4078
  1.4071  -0.1669  -1.3320
  1.4076  -0.1581  -1.2557
  1.4082  -0.1494  -1.1787
  1.4087  -0.1406  -1.1012
  1.4093  -0.1319  -1.0230
  1.4100  -0.1232  -0.9443
  1.4107  -0.1145  -0.8648
  1.4114  -0.1058  -0.7848
  1.4122  -0.0971  -0.7041
  1.4130  -0.0884  -0.6228
  1.4139  -0.0797  -0.5408
  1.4148  -0.0710  -0.4581
  1.4157  -0.0624  -0.3748
  1.4167  -0.0537  -0.2908
  1.4177  -0.0450  -0.2061
  1.4188  -0.0364  -0.1207
  1.4199  -0.0278  -0.0347
  1.4211  -0.0191   0.0521
  1.4222  -0.0105   0.1395
  1.4234  -0.0019   0.2277
  1.4247   0.0067   0.3165
  1.4260   0.0154   0.4061
  1.4273   0.0240   0.4964
  1.4287   0.0325   0.5874
  1.4301   0.0411   0.6791
  1.4316   0.0497   0.7715
  1.4330   0.0583   0.8646
  1.4346   0.0669   0.9584
  1.4361   0.0754   1.0530
  1.4377   0.0840   1.1483
  1.4394   0.0925   1.2443
  1.4410   0.1010   1.3410
  1.4428   0.1095   1.4384
  1.4445   0.1180   1.5365
  1.4463   0.1265   1.6354
  1.4481   0.1350   1.7349
  1.4500   0.1435   1.8352
  1.4519   0.1519   1.9362
  1.4538   0.1603   2.0379
  1.4558   0.1688   2.1402
  1.4578   0.1772   2.2433
  1.4599   0.1855   2.3471
  1.4620   0.1939   2.4516
  1.4641   0.2022   2.5568
  1.4663   0.2105   2.6627
  1.4685   0.2188   2.7692
  1.4707   0.2270   2.8765
  1.4730   0.2352   2.9845
  1.4753   0.2434   3.0932
  1.4777   0.2516   3.2025
  1.4801   0.2597   3.3126
  1.4825   0.2677   3.4234
  1.4825   0.2677   3.4234
  1.4794   0.2583   3.4325
  1.4766   0.2492   3.4457
  1.4739   0.2404   3.4618
  1.4715   0.2317   3.4800
  1.4692   0.2232   3.4997
  1.4670   0.2148   3.5203
  1.4650   0.2065   3.5415
  1.4631   0.1982   3.5629
  1.4613   0.1899   3.5842
  1.4596   0.1816   3.6052
  1.4580   0.1732   3.6258
  1.4565   0.1649   3.6459
  1.4550   0.1565   3.6653
  1.4536   0.1481   3.6841
  1.4523   0.1396   3.7021
  1.4511   0.1311   3.7193
  1.4499   0.1226   3.7357
  1.4488   0.1139   3.7513
  1.4477   0.1053   3.7661
  1.4467   0.0965   3.7800
  1.4458   0.0877   3.7931
  1.4449   0.0789   3.8053
  1.4441   0.0700   3.8168
  1.4433   0.0610   3.8273
  1.4425   0.0520   3.8371
  1.4419   0.0429   3.8461
  1.4412   0.0337   3.8543
  1.4407   0.0245   3.8617
  1.4401   0.0153   3.8683
  1.4397   0.0059   3.8742
  1.4392  -0.0034   3.8793
  1.4388  -0.0128   3.8837
  1.4385  -0.0223   3.8873
  1.4382  -0.0319   3.8903
  1.4380  -0.0414   3.8925
  1.4378  -0.0511   3.8941
  1.4377  -0.0607   3.8949
  1.4376  -0.0705   3.8951
  1.4376  -0.0803   3.8947
  1.4376  -0.0901   3.8936
  1.4377  -0.1000   3.8918
  1.4378  -0.1099   3.8894
  1.4380  -0.1199   3.8864
  1.4382  -0.1299   3.8827
  1.4385  -0.1400   3.8785
  1.4388  -0.1501   3.8736
  1.4392  -0.1602   3.8682
  1.4396  -0.1704   3.8621
  1.4401  -0.1807   3.8554
  1.4407  -0.1910   3.8482
  1.4413  -0.2013   3.8404
  1.4419  -0.2117   3.8320
  1.4427  -0.2221   3.8230
  1.4434  -0.2326   3.8134
  1.4443  -0.2431   3.8033
  1.4452  -0.2536   3.7926
  1.4461  -0.2642   3.7813
  1.4471  -0.2749   3.7695
  1.4482  -0.2856   3.7571
  1.4493  -0.2963   3.7442
  1.4505  -0.3071   3.7306
  1.4517  -0.3180   3.7166
  1.4530  -0.3289   3.7020
  1.4544  -0.3398   3.6868
  1.4558  -0.3508   3.6711
  1.4573  -0.3619   3.6549
  1.4588  -0.3730   3.6383
  1.4604  -0.3842   3.6211
  1.4620  -0.3954   3.6036
  1.4637  -0.4068   3.5857
  1.4655  -0.4182   3.5675
  1.4673  -0.4297   3.5491
  1.4691  -0.4412   3.5306
  1.4710  -0.4529   3.5122
  1.4730  -0.4647   3.4940
  1.4749  -0.4767   3.4763
  1.4769  -0.4888   3.4594
  1.4736  -0.4939   3.4990
  1.4719  -0.4830   3.3668
  1.4702  -0.4721   3.2364
  1.4685  -0.4611   3.1077
  1.4668  -0.4500   2.9806
  1.4650  -0.4389   2.8552
  1.4632  -0.4277   2.7313
  1.4614  -0.4165   2.6090
  1.4596  -0.4052   2.4883
  1.4578  -0.3938   2.3690
  1.4559  -0.3824   2.2512
  1.4541  -0.3710   2.1348
  1.4522  -0.3595   2.0199
  1.4503  -0.3479   1.9064
  1.4484  -0.3363   1.7942
  1.4465  -0.3246   1.6834
  1.4446  -0.3129   1.5740
  1.4427  -0.3011   1.4659
  1.4407  -0.2893   1.3591
  1.4388  -0.2774   1.2536
  1.4369  -0.2655   1.1494
  1.4349  -0.2535   1.0464
  1.4330  -0.2415   0.9447
  1.4311  -0.2294   0.8443
  1.4291  -0.2172   0.7450
  1.4272  -0.2051   0.6470
  1.4253  -0.1928   0.5502
  1.4234  -0.1805   0.4546
  1.4215  -0.1682   0.3602
  1.4196  -0.1558   0.2670
  1.4177  -0.1433   0.1750
  1.4159  -0.1308   0.0841
  1.4140  -0.1182  -0.0056
  1.4122  -0.1056  -0.0942
  1.4104  -0.0930  -0.1816
  1.4086  -0.0802  -0.2679
  1.4068  -0.0675  -0.3530
  1.4051  -0.0547  -0.4371
  1.4034  -0.0418  -0.5200
  1.4017  -0.0289  -0.6018
  1.4000  -0.0159  -0.6825
  1.3984  -0.0029  -0.7621
  1.3968   0.0101  -0.8406
  1.3952   0.0232  -0.9181
  1.3936   0.0364  -0.9944
  1.3921   0.0496  -1.0697
  1.3906   0.0629  -1.1439
  1.3892   0.0761  -1.2170
  1.3878   0.0895  -1.2891
  1.3864   0.1029  -1.3601
  1.3851   0.1163  -1.4301
  1.3838   0.1298  -1.4990
  1.3825   0.1433  -1.5669
  1.3813   0.1569  -1.6338
  1.3801   0.1705  -1.6996
  1.3789   0.1841  -1.7644
  1.3778   0.1978  -1.8282
  1.3768   0.2115  -1.8910
  1.3757   0.2253  -1.9528
  1.3747   0.2391  -2.0136
  1.3738   0.2529  -2.0734
  1.3729   0.2668  -2.1322
  1.3720   0.2807  -2.1900
  1.3712   0.2947  -2.2469
  1.3704   0.3087  -2.3027
  1.3697   0.3227  -2.3577
  1.3690   0.3368  -2.4116
  1.3684   0.3509  -2.4646
  1.3678   0.3650  -2.5167
  1.3672   0.3792  -2.5678
  1.3667   0.3934  -2.6180
  1.3662   0.4077  -2.6673
  1.3657   0.4219  -2.7156
  1.3653   0.4363  -2.7630
  1.3649   0.4506  -2.8095
  1.3646   0.4650  -2.8551
  1.3643   0.4794  -2.8998
  1.3641   0.4938  -2.9436
  1.3638   0.5083  -2.9866
  1.3637   0.5228  -3.0286
  1.3637   0.5228  -3.0286
  1.3596   0.5118  -2.9651
  1.3561   0.5013  -2.9104
  1.3530   0.4914  -2.8628
  1.3504   0.4818  -2.8212
  1.3480   0.4725  -2.7845
  1.3458   0.4634  -2.7517
  1.3438   0.4545  -2.7223
  1.3420   0.4457  -2.6957
  1.3403   0.4369  -2.6715
  1.3387   0.4282  -2.6494
  1.3372   0.4195  -2.6290
  1.3358   0.4108  -2.6102
  1.3344   0.4021  -2.5927
  1.3331   0.3933  -2.5765
  1.3318   0.3845  -2.5615
  1.3306   0.3757  -2.5475
  1.3294   0.3668  -2.5344
  1.3282   0.3578  -2.5222
  1.3271   0.3488  -2.5109
  1.3260   0.3398  -2.5004
  1.3250   0.3307  -2.4907
  1.3239   0.3215  -2.4817
  1.3229   0.3123  -2.4735
  1.3220   0.3030  -2.4659
  1.3211   0.2937  -2.4590
  1.3202   0.2843  -2.4528
  1.3193   0.2749  -2.4472
  1.3185   0.2654  -2.4422
  1.3177   0.2558  -2.4378
  1.3170   0.2462  -2.4340
  1.3162   0.2365  -2.4308
  1.3156   0.2268  -2.4282
  1.3149   0.2171  -2.4261
  1.3143   0.2073  -2.4246
  1.3138   0.1974  -2.4236
  1.3132   0.1875  -2.4232
  1.3128   0.1776  -2.4233
  1.3123   0.1676  -2.4239
  1.3119   0.1576  -2.4250
  1.3116   0.1475  -2.4266
  1.3113   0.1374  -2.4286
  1.3110   0.1272  -2.4312
  1.3108   0.1171  -2.4342
  1.3106   0.1069  -2.4378
  1.3105   0.0966  -2.4417
  1.3104   0.0863  -2.4462
  1.3104   0.0760  -2.4510
  1.3105   0.0657  -2.4564
  1.3105   0.0553  -2.4621
  1.3107   0.0449  -2.4683
  1.3109   0.0345  -2.4750
  1.3111   0.0241  -2.4820
  1.3114   0.0136  -2.4895
  1.3118   0.0032  -2.4975
  1.3122  -0.0073  -2.5058
  1.3127  -0.0179  -2.5146
  1.3132  -0.0284  -2.5239
  1.3138  -0.0389  -2.5336
  1.3144  -0.0495  -2.5437
  1.3151  -0.0601  -2.5544
  1.3159  -0.0707  -2.5655
  1.3167  -0.0813  -2.5772
  1.3176  -0.0920  -2.5894
  1.3186  -0.1026  -2.6023
  1.3196  -0.1133  -2.6158
  1.3207  -0.1240  -2.6300
  1.3219  -0.1347  -2.6450
  1.3231  -0.1454  -2.6610
  1.3244  -0.1562  -2.6781
  1.3258  -0.1670  -2.6964
  1.3273  -0.1779  -2.7161
  1.3289  -0.1888  -2.7376
  1.3306  -0.1998  -2.7612
  1.3324  -0.2108  -2.7873
  1.3343  -0.2220  -2.8164
  1.3364  -0.2333  -2.8494
  1.3386  -0.2447  -2.8869
  1.3411  -0.2564  -2.9301
  1.3437  -0.2683  -2.9804
