  0.0000   0.0000   0.0000   0.0000
  0.0369   0.0654   0.0819  -0.0486
  0.0681   0.1393   0.1571  -0.0812
  0.1004   0.2170   0.2357  -0.1156
  0.1347   0.3013   0.3206  -0.1552
  0.1746   0.3838   0.4134  -0.2038
  0.2130   0.4634   0.5026  -0.2496
  0.2504   0.5408   0.5897  -0.2939
  0.2868   0.6165   0.6745  -0.3366
  0.3224   0.6901   0.7573  -0.3780
  0.3580   0.7607   0.8390  -0.4192
  0.3914   0.8308   0.9175  -0.4575
  0.4239   0.8991   0.9941  -0.4944
  0.4555   0.9656   1.0687  -0.5299
  0.4862   1.0302   1.1414  -0.5642
  0.5170   1.0920   1.2132  -0.5984
  0.5457   1.1532   1.2820  -0.6299
  0.5745   1.2116   1.3499  -0.6613
  0.6014   1.2694   1.4149  -0.6901
  0.6273   1.3255   1.4781  -0.7176
  0.6530   1.3793   1.5401  -0.7446
  0.6743   1.4352   1.5969  -0.7660
  0.6957   1.4884   1.6528  -0.7873
  0.7174   1.5386   1.7081  -0.8089
  0.7387   1.5865   1.7620  -0.8298
  0.7597   1.6321   1.8148  -0.8502
  0.7798   1.6761   1.8659  -0.8694
  0.7984   1.7194   1.9145  -0.8865
  0.8162   1.7611   1.9615  -0.9025
  0.8336   1.8007   2.0072  -0.9178
  0.8502   1.8388   2.0512  -0.9319
  0.8659   1.8755   2.0936  -0.9448
  0.8803   1.9110   2.1338  -0.9559
  0.8940   1.9451   2.1723  -0.9659
  0.9068   1.9777   2.2091  -0.9746
  0.9192   2.0085   2.2446  -0.9826
  0.9308   2.0378   2.2784  -0.9893
  0.9416   2.0657   2.3106  -0.9950
  0.9517   2.0922   2.3412  -0.9994
  0.9607   2.1177   2.3698  -1.0024
  0.9693   2.1414   2.3972  -1.0045
  0.9763   2.1647   2.4221  -1.0045
  0.9810   2.1884   2.4438  -1.0013
  0.9875   2.2080   2.4663  -1.0000
  0.9932   2.2263   2.4871  -0.9975
  0.9983   2.2430   2.5065  -0.9941
  1.0028   2.2584   2.5243  -0.9896
  1.0067   2.2724   2.5405  -0.9839
  1.0100   2.2850   2.5552  -0.9772
  1.0127   2.2962   2.5683  -0.9695
  1.0148   2.3059   2.5799  -0.9607
  1.0164   2.3143   2.5899  -0.9509
  1.0175   2.3213   2.5985  -0.9401
  1.0180   2.3270   2.6055  -0.9282
  1.0180   2.3312   2.6109  -0.9153
  1.0174   2.3341   2.6148  -0.9014
  1.0164   2.3356   2.6172  -0.8864
  1.0148   2.3358   2.6180  -0.8703
  1.0126   2.3348   2.6172  -0.8531
  1.0099   2.3325   2.6148  -0.8349
  1.0067   2.3290   2.6108  -0.8155
  1.0029   2.3242   2.6052  -0.7950
  0.9987   2.3182   2.5980  -0.7734
  0.9939   2.3109   2.5892  -0.7507
  0.9886   2.3024   2.5788  -0.7270
  0.9829   2.2927   2.5669  -0.7022
  0.9770   2.2827   2.5544  -0.6770
  0.9712   2.2732   2.5421  -0.6519
  0.9651   2.2633   2.5291  -0.6264
  0.9589   2.2530   2.5155  -0.6003
  0.9519   2.2446   2.5013  -0.5734
  0.9447   2.2352   2.4863  -0.5460
  0.9375   2.2248   2.4703  -0.5181
  0.9301   2.2135   2.4535  -0.4896
  0.9225   2.2014   2.4358  -0.4607
  0.9146   2.1895   2.4173  -0.4311
  0.9067   2.1761   2.3979  -0.4011
  0.8986   2.1620   2.3776  -0.3706
  0.8904   2.1473   2.3565  -0.3396
  0.8820   2.1319   2.3345  -0.3080
  0.8735   2.1159   2.3117  -0.2760
  0.8649   2.0993   2.2881  -0.2434
  0.8561   2.0821   2.2637  -0.2103
  0.8471   2.0642   2.2384  -0.1768
  0.8381   2.0457   2.2123  -0.1427
  0.8290   2.0263   2.1853  -0.1082
  0.8197   2.0063   2.1575  -0.0732
  0.8104   1.9857   2.1289  -0.0378
  0.8009   1.9643   2.0995  -0.0019
  0.7915   1.9422   2.0692   0.0345
  0.7756   1.9425   2.0414   0.0748
  0.7661   1.9182   2.0094   0.1120
  0.7566   1.8931   1.9766   0.1496
  0.7471   1.8672   1.9429   0.1875
  0.7376   1.8404   1.9085   0.2259
  0.7283   1.8119   1.8730   0.2647
  0.7189   1.7827   1.8367   0.3039
  0.7094   1.7524   1.7993   0.3436
  0.6999   1.7198   1.7600   0.3844
  0.6901   1.6861   1.7194   0.4259
  0.6804   1.6529   1.6789   0.4674
  0.6705   1.6173   1.6362   0.5101
  0.6605   1.5808   1.5926   0.5533
  0.6505   1.5439   1.5483   0.5969
  0.6405   1.5065   1.5033   0.6409
  0.6304   1.4687   1.4577   0.6852
  0.6203   1.4304   1.4113   0.7300
  0.6101   1.3917   1.3643   0.7751
  0.5999   1.3525   1.3167   0.8207
  0.5897   1.3128   1.2684   0.8665
  0.5734   1.2837   1.2158   0.9191
  0.5626   1.2370   1.1613   0.9683
  0.5521   1.1940   1.1094   1.0163
  0.5412   1.1462   1.0535   1.0665
  0.5303   1.0981   0.9970   1.1170
  0.5194   1.0504   0.9404   1.1676
  0.5084   1.0015   0.8825   1.2190
  0.4973   0.9532   0.8246   1.2706
  0.4860   0.9021   0.7640   1.3237
  0.4743   0.8502   0.7020   1.3779
  0.4743   0.8502   0.7020   1.3779
  0.7527  -0.5499   0.7195   1.3535
  1.0424  -1.9514   0.7445   1.3294
  1.3135  -3.2150   0.7680   1.3083
  1.5668  -4.3379   0.7949   1.2855
  1.8011  -5.3365   0.8194   1.2656
  2.0193  -6.2210   0.8448   1.2457
  2.2222  -7.0036   0.8703   1.2265
  2.4114  -7.6944   0.8962   1.2077
  2.5880  -8.3030   0.9225   1.1892
  2.7537  -8.8369   0.9508   1.1696
  2.9095  -9.3040   0.9807   1.1492
  3.0559  -9.7120   1.0113   1.1288
  3.1925 -10.0692   1.0395   1.1109
  3.3203 -10.3806   1.0660   1.0950
  3.4423 -10.6473   1.0966   1.0761
  3.5575 -10.8765   1.1269   1.0579
  3.6647 -11.0750   1.1531   1.0436
  3.7661 -11.2436   1.1792   1.0299
  3.8620 -11.3853   1.2050   1.0168
  3.9528 -11.5030   1.2305   1.0044
  4.0404 -11.5964   1.2598   0.9891
  4.1234 -11.6707   1.2885   0.9748
  4.2020 -11.7279   1.3165   0.9615
  4.2764 -11.7697   1.3438   0.9491
  4.3469 -11.7976   1.3705   0.9377
  4.4135 -11.8130   1.3965   0.9271
  4.4765 -11.8171   1.4220   0.9174
  4.5359 -11.8110   1.4468   0.9086
  4.5919 -11.7956   1.4710   0.9007
  4.6445 -11.7719   1.4946   0.8937
  4.6939 -11.7405   1.5176   0.8875
  4.7401 -11.7023   1.5401   0.8822
  4.7830 -11.6578   1.5619   0.8777
  4.8229 -11.6076   1.5831   0.8740
  4.8597 -11.5522   1.6038   0.8712
  4.8934 -11.4921   1.6239   0.8693
  4.9241 -11.4277   1.6433   0.8682
  4.9517 -11.3593   1.6622   0.8679
  4.9762 -11.2874   1.6805   0.8685
  4.9978 -11.2123   1.6982   0.8699
  5.0163 -11.1342   1.7153   0.8722
  5.0317 -11.0534   1.7317   0.8754
  5.0441 -10.9702   1.7476   0.8794
  5.0534 -10.8847   1.7628   0.8842
  5.0596 -10.7973   1.7774   0.8900
  5.0626 -10.7080   1.7914   0.8966
  5.0626 -10.6170   1.8047   0.9041
  5.0593 -10.5245   1.8174   0.9125
  5.0529 -10.4307   1.8294   0.9218
  5.0432 -10.3356   1.8407   0.9320
  5.0303 -10.2394   1.8513   0.9431
  5.0141 -10.1422   1.8613   0.9551
  4.9947 -10.0441   1.8705   0.9680
  4.9718  -9.9451   1.8790   0.9819
  4.9456  -9.8453   1.8868   0.9968
  4.9160  -9.7448   1.8939   1.0126
  4.8830  -9.6435   1.9002   1.0293
  4.8465  -9.5416   1.9057   1.0471
  4.8065  -9.4389   1.9104   1.0658
  4.7630  -9.3356   1.9144   1.0855
  4.7159  -9.2315   1.9176   1.1062
  4.6652  -9.1267   1.9199   1.1279
  4.6109  -9.0210   1.9214   1.1507
  4.5529  -8.9143   1.9221   1.1745
  4.4913  -8.8066   1.9219   1.1993
  4.4259  -8.6977   1.9208   1.2252
  4.3568  -8.5874   1.9189   1.2521
  4.2839  -8.4756   1.9161   1.2801
  4.2072  -8.3619   1.9123   1.3092
  4.1266  -8.2462   1.9076   1.3394
  4.0422  -8.1281   1.9020   1.3707
  3.9539  -8.0073   1.8955   1.4031
  3.8616  -7.8834   1.8879   1.4367
  3.7655  -7.7559   1.8794   1.4713
  3.6653  -7.6242   1.8699   1.5072
  3.5611  -7.4880   1.8594   1.5441
  3.4529  -7.3464   1.8479   1.5823
  3.3407  -7.1987   1.8353   1.6216
  3.2244  -7.0443   1.8217   1.6621
  3.1040  -6.8821   1.8071   1.7038
  2.9795  -6.7112   1.7914   1.7467
  2.8510  -6.5304   1.7746   1.7908
  2.7183  -6.3385   1.7567   1.8362
  2.5814  -6.1342   1.7378   1.8827
  2.4405  -5.9159   1.7177   1.9306
  2.2954  -5.6819   1.6965   1.9797
  2.1462  -5.4303   1.6743   2.0300
  1.9929  -5.1591   1.6509   2.0816
  1.8355  -4.8659   1.6264   2.1345
  1.6740  -4.5482   1.6008   2.1887
  1.5085  -4.2031   1.5740   2.2441
  1.3389  -3.8275   1.5462   2.3009
  1.1654  -3.4179   1.5173   2.3590
  0.9879  -2.9704   1.4873   2.4184
  0.8065  -2.4808   1.4562   2.4790
  0.6213  -1.9442   1.4241   2.5410
  0.4324  -1.3554   1.3910   2.6043
  0.2400  -0.7090   1.3569   2.6688
  0.0446   0.0009   1.3219   2.7346
  0.0446   0.0009   1.3219   2.7346
  0.0095   0.6805   1.3215   2.7656
 -0.0233   1.2511   1.3185   2.7983
 -0.0537   1.7296   1.3137   2.8319
 -0.0814   2.1296   1.3076   2.8662
 -0.1064   2.4631   1.3006   2.9011
 -0.1287   2.7397   1.2922   2.9369
 -0.1483   2.9678   1.2823   2.9737
 -0.1653   3.1544   1.2706   3.0118
 -0.1796   3.3060   1.2579   3.0506
 -0.1911   3.4276   1.2438   3.0905
 -0.1999   3.5236   1.2283   3.1314
 -0.2061   3.5980   1.2117   3.1732
 -0.2095   3.6539   1.1944   3.2156
 -0.2102   3.6942   1.1762   3.2588
 -0.2085   3.7207   1.1565   3.3032
 -0.2046   3.7352   1.1351   3.3490
 -0.1982   3.7399   1.1130   3.3955
 -0.1896   3.7358   1.0895   3.4431
 -0.1789   3.7242   1.0646   3.4919
 -0.1660   3.7063   1.0394   3.5412
 -0.1511   3.6828   1.0129   3.5916
 -0.1343   3.6544   0.9855   3.6429
 -0.1159   3.6211   0.9560   3.6959
 -0.0960   3.5837   0.9251   3.7502
 -0.0744   3.5431   0.8936   3.8052
 -0.0515   3.4989   0.8601   3.8619
 -0.0273   3.4519   0.8255   3.9196
 -0.0018   3.4025   0.7901   3.9782
  0.0249   3.3507   0.7536   4.0379
  0.0524   3.2964   0.7155   4.0990
  0.0809   3.2401   0.6763   4.1613
  0.1100   3.1814   0.6352   4.2253
  0.1397   3.1206   0.5925   4.2907
  0.1699   3.0579   0.5483   4.3576
  0.2002   2.9929   0.5018   4.4265
  0.2310   2.9264   0.4541   4.4967
  0.2618   2.8580   0.4047   4.5685
  0.2929   2.7885   0.3544   4.6413
  0.3240   2.7174   0.3027   4.7156
  0.3546   2.6440   0.2482   4.7923
  0.3850   2.5693   0.1922   4.8706
  0.4152   2.4937   0.1356   4.9499
  0.4445   2.4159   0.0758   5.0319
  0.4732   2.3367   0.0141   5.1158
  0.5014   2.2571  -0.0481   5.2006
  0.5285   2.1758  -0.1129   5.2878
  0.5545   2.0929  -0.1800   5.3774
  0.5797   2.0099  -0.2476   5.4678
  0.6036   1.9258  -0.3173   5.5604
  0.6257   1.8397  -0.3907   5.6564
  0.6465   1.7535  -0.4650   5.7537
  0.6659   1.6671  -0.5407   5.8528
  0.6835   1.5801  -0.6186   5.9542
  0.6986   1.4914  -0.7008   6.0595
  0.7117   1.4024  -0.7852   6.1673
  0.7231   1.3145  -0.8699   6.2761
  0.7317   1.2253  -0.9590   6.3891
  0.7383   1.1377  -1.0484   6.5032
  0.7422   1.0505  -1.1403   6.6201
  0.7434   0.9640  -1.2347   6.7400
  0.7411   0.8768  -1.3341   6.8645
  0.7357   0.7908  -1.4363   6.9923
  0.7271   0.7062  -1.5413   7.1233
  0.7150   0.6233  -1.6491   7.2576
  0.6993   0.5426  -1.7599   7.3955
  0.6799   0.4643  -1.8737   7.5370
  0.6566   0.3890  -1.9905   7.6822
  0.6292   0.3173  -2.1105   7.8314
  0.5975   0.2496  -2.2338   7.9845
  0.5613   0.1867  -2.3604   8.1419
  0.5205   0.1293  -2.4905   8.3038
  0.4748   0.0783  -2.6241   8.4701
  0.4240   0.0345  -2.7614   8.6413
  0.3679  -0.0008  -2.9025   8.8175
  0.3064  -0.0263  -3.0476   8.9990
  0.2391  -0.0406  -3.1967   9.1859
  0.1658  -0.0421  -3.3500   9.3785
  0.0862  -0.0289  -3.5078   9.5772
  0.0001   0.0006  -3.6700   9.7822
  0.0001   0.0006  -3.6700   9.7822
  0.0054   0.8542  -3.1552   5.1334
  0.0097   1.4597  -2.7988   1.6271
  0.0120   1.8892  -2.5646  -1.0131
  0.0119   2.1939  -2.4231  -2.9989
  0.0091   2.4103  -2.3504  -4.4912
  0.0035   2.5642  -2.3283  -5.6118
 -0.0047   2.6737  -2.3426  -6.4524
 -0.0157   2.7520  -2.3825  -7.0820
 -0.0293   2.8082  -2.4399  -7.5526
 -0.0453   2.8488  -2.5087  -7.9032
 -0.0637   2.8783  -2.5841  -8.1635
 -0.0845   2.9001  -2.6629  -8.3557
 -0.1074   2.9164  -2.7425  -8.4967
 -0.1324   2.9289  -2.8209  -8.5991
 -0.1594   2.9386  -2.8967  -8.6726
 -0.1883   2.9465  -2.9691  -8.7244
 -0.2190   2.9530  -3.0372  -8.7599
 -0.2515   2.9585  -3.1006  -8.7832
 -0.2857   2.9634  -3.1590  -8.7974
 -0.3214   2.9677  -3.2121  -8.8048
 -0.3586   2.9717  -3.2598  -8.8071
 -0.3972   2.9754  -3.3021  -8.8058
 -0.4373   2.9788  -3.3391  -8.8017
 -0.4786   2.9821  -3.3706  -8.7956
 -0.5211   2.9851  -3.3968  -8.7881
 -0.5648   2.9880  -3.4178  -8.7795
 -0.6095   2.9907  -3.4337  -8.7702
 -0.6553   2.9932  -3.4445  -8.7604
 -0.7020   2.9955  -3.4505  -8.7503
 -0.7496   2.9977  -3.4517  -8.7400
 -0.7981   2.9996  -3.4482  -8.7296
 -0.8473   3.0014  -3.4403  -8.7191
 -0.8972   3.0030  -3.4279  -8.7087
 -0.9477   3.0043  -3.4113  -8.6982
 -0.9988   3.0054  -3.3906  -8.6878
 -1.0505   3.0063  -3.3658  -8.6775
 -1.1025   3.0070  -3.3372  -8.6672
 -1.1550   3.0075  -3.3049  -8.6569
 -1.2078   3.0077  -3.2689  -8.6467
 -1.2608   3.0077  -3.2295  -8.6365
 -1.3140   3.0074  -3.1867  -8.6263
 -1.3674   3.0069  -3.1406  -8.6162
 -1.4209   3.0062  -3.0915  -8.6060
 -1.4743   3.0052  -3.0393  -8.5958
 -1.5278   3.0040  -2.9843  -8.5855
 -1.5811   3.0026  -2.9266  -8.5752
 -1.6342   3.0009  -2.8662  -8.5648
 -1.6871   2.9990  -2.8033  -8.5544
 -1.7398   2.9969  -2.7380  -8.5438
 -1.7920   2.9946  -2.6704  -8.5331
 -1.8439   2.9920  -2.6007  -8.5223
 -1.8953   2.9893  -2.5289  -8.5113
 -1.9461   2.9864  -2.4552  -8.5002
 -1.9963   2.9833  -2.3796  -8.4889
 -2.0459   2.9801  -2.3024  -8.4774
 -2.0947   2.9767  -2.2236  -8.4658
 -2.1427   2.9732  -2.1433  -8.4539
 -2.1899   2.9695  -2.0616  -8.4418
 -2.2362   2.9657  -1.9787  -8.4295
 -2.2814   2.9619  -1.8947  -8.4169
 -2.3256   2.9579  -1.8096  -8.4041
 -2.3686   2.9539  -1.7237  -8.3911
 -2.4105   2.9499  -1.6369  -8.3778
 -2.4511   2.9459  -1.5495  -8.3643
 -2.4903   2.9418  -1.4615  -8.3505
 -2.5282   2.9378  -1.3731  -8.3364
 -2.5646   2.9338  -1.2843  -8.3221
 -2.5994   2.9298  -1.1954  -8.3075
 -2.6326   2.9260  -1.1063  -8.2927
 -2.6641   2.9223  -1.0173  -8.2775
 -2.6939   2.9187  -0.9284  -8.2621
 -2.7218   2.9153  -0.8399  -8.2465
 -2.7478   2.9121  -0.7517  -8.2306
 -2.7718   2.9092  -0.6640  -8.2145
 -2.7937   2.9065  -0.5770  -8.1981
 -2.8134   2.9040  -0.4908  -8.1814
 -2.8309   2.9019  -0.4055  -8.1646
 -2.8461   2.9002  -0.3213  -8.1475
 -2.8589   2.8989  -0.2383  -8.1302
 -2.8692   2.8979  -0.1566  -8.1128
 -2.8769   2.8975  -0.0763  -8.0951
 -2.8819   2.8975   0.0023  -8.0773
 -2.8842   2.8981   0.0792  -8.0593
 -2.8837   2.8993   0.1541  -8.0412
 -2.8802   2.9010   0.2270  -8.0230
 -2.8736   2.9035   0.2977  -8.0046
 -2.8639   2.9066   0.3660  -7.9862
 -2.8510   2.9104   0.4317  -7.9676
 -2.8348   2.9150   0.4948  -7.9490
 -2.8151   2.9205   0.5549  -7.9303
 -2.7919   2.9267   0.6120  -7.9116
 -2.7650   2.9338   0.6658  -7.8927
 -2.7344   2.9419   0.7163  -7.8738
 -2.6999   2.9508   0.7630  -7.8547
 -2.6614   2.9606   0.8060  -7.8354
 -2.6188   2.9714   0.8449  -7.8158
 -2.5720   2.9831   0.8796  -7.7958
 -2.5209   2.9956   0.9099  -7.7752
 -2.4653   3.0088   0.9354  -7.7537
 -2.4051   3.0226   0.9561  -7.7309
 -2.3401   3.0368   0.9715  -7.7062
 -2.2702   3.0511   0.9816  -7.6791
 -2.1953   3.0651   0.9860  -7.6483
 -2.1152   3.0780   0.9844  -7.6127
 -2.0296   3.0891   0.9767  -7.5702
 -1.9385   3.0972   0.9623  -7.5184
 -1.8415   3.1006   0.9411  -7.4538
 -1.7383   3.0970   0.9128  -7.3715
 -1.6287   3.0834   0.8768  -7.2653
 -1.5123   3.0554   0.8330  -7.1263
 -1.3886   3.0075   0.7808  -6.9426
 -1.2569   2.9315   0.7199  -6.6981
 -1.1165   2.8168   0.6497  -6.3708
 -0.9663   2.6488   0.5699  -5.9309
 -0.8050   2.4076   0.4799  -5.3378
 -0.6308   2.0659   0.3789  -4.5366
 -0.4413   1.5871   0.2663  -3.4529
  6.0893  -4.6513   0.2200  -3.4409
  6.0555  -4.3750   0.4209  -3.3786
  6.0199  -4.1005   0.6165  -3.3334
  5.9824  -3.8279   0.8069  -3.2951
  5.9428  -3.5569   0.9918  -3.2593
  5.9011  -3.2877   1.1714  -3.2244
  5.8573  -3.0201   1.3457  -3.1895
  5.8111  -2.7540   1.5147  -3.1544
  5.7627  -2.4895   1.6784  -3.1188
  5.7119  -2.2264   1.8369  -3.0828
  5.6587  -1.9648   1.9903  -3.0464
  5.6030  -1.7046   2.1384  -3.0096
  5.5449  -1.4457   2.2814  -2.9723
  5.4843  -1.1881   2.4193  -2.9347
  5.4211  -0.9318   2.5520  -2.8967
  5.3554  -0.6768   2.6797  -2.8583
  5.2871  -0.4229   2.8022  -2.8196
  5.2163  -0.1702   2.9197  -2.7806
  5.1428   0.0813   3.0320  -2.7414
  5.0668   0.3317   3.1393  -2.7020
  4.9883   0.5810   3.2414  -2.6623
  4.9071   0.8292   3.3385  -2.6225
  4.8234   1.0764   3.4304  -2.5826
  4.7372   1.3227   3.5172  -2.5426
  4.6484   1.5679   3.5988  -2.5026
  4.5571   1.8123   3.6753  -2.4626
  4.4634   2.0557   3.7466  -2.4226
  4.3672   2.2983   3.8126  -2.3826
  4.2686   2.5400   3.8734  -2.3428
  4.1677   2.7810   3.9290  -2.3030
  4.0643   3.0212   3.9792  -2.2634
  3.9587   3.2607   4.0240  -2.2240
  3.8507   3.4995   4.0635  -2.1848
  3.7406   3.7377   4.0975  -2.1457
  3.6282   3.9754   4.1261  -2.1068
  3.5136   4.2125   4.1491  -2.0681
  3.3970   4.4492   4.1665  -2.0296
  3.2782   4.6855   4.1784  -1.9912
  3.1574   4.9214   4.1845  -1.9528
  3.0346   5.1570   4.1849  -1.9145
  2.9098   5.3925   4.1795  -1.8762
  2.7830   5.6278   4.1683  -1.8377
  2.6544   5.8630   4.1512  -1.7990
  2.5238   6.0982   4.1280  -1.7599
  2.3912   6.3334   4.0984  -1.7202
  2.2579   6.5707   4.0664  -1.6831
  2.1245   6.8121   4.0352  -1.6514
  1.9901   7.0555   4.0007  -1.6219
  1.8544   7.3009   3.9623  -1.5941
  1.7172   7.5477   3.9190  -1.5672
  1.5782   7.7954   3.8691  -1.5399
  1.4380   8.0454   3.8150  -1.5143
  1.2988   8.3033   3.7661  -1.4981
  1.1552   8.5564   3.6997  -1.4723
  1.0100   8.8116   3.6276  -1.4461
  0.8634   9.0684   3.5493  -1.4189
  0.7173   9.3342   3.4750  -1.4002
  0.5730   9.6060   3.4044  -1.3881
  0.4224   9.8752   3.3137  -1.3651
  0.2700  10.1458   3.2149  -1.3392
  0.1161  10.4189   3.1094  -1.3116
 -0.0394  10.6953   2.9976  -1.2838
 -0.1971  10.9796   2.8821  -1.2596
 -0.3562  11.2708   2.7633  -1.2368
 -0.5170  11.5585   2.6319  -1.2022
 -0.6779  11.8605   2.5064  -1.1752
 -0.8411  12.1678   2.3742  -1.1455
 -1.0092  12.4735   2.2236  -1.1030
 -1.1763  12.7962   2.0838  -1.0727
 -1.3499  13.1247   1.9283  -1.0334
 -1.5274  13.4541   1.7589  -0.9783
 -1.7030  13.8011   1.6021  -0.9306
 -1.8872  14.1469   1.4193  -0.8562
 -2.0691  14.5134   1.2526  -0.7914
 -2.2619  14.8769   1.0535  -0.6921
 -2.4549  15.2507   0.8562  -0.5854
 -2.6572  15.6355   0.6418  -0.4588
 -2.8605  16.0410   0.4366  -0.3288
 -3.0670  16.4661   0.2360  -0.1876
 -3.2831  16.8777  -0.0033   0.0002
 -3.2831  16.8777  -0.0033   0.0002
 -1.9649   9.2112  -1.5454  -1.6892
 -0.8939   3.6603  -2.9661  -2.9379
 -0.0237  -0.3206  -4.2811  -3.8532
  0.6890  -3.1530  -5.5021  -4.5138
  1.2801  -5.1528  -6.6376  -4.9781
  1.7777  -6.5531  -7.6943  -5.2890
  2.2031  -7.5236  -8.6773  -5.4787
  2.5723  -8.1874  -9.5911  -5.5713
  2.8969  -8.6334 -10.4391  -5.5850
  3.1855  -8.9256 -11.2244  -5.5336
  3.4442  -9.1101 -11.9497  -5.4280
  3.6776  -9.2201 -12.6174  -5.2768
  3.8892  -9.2795 -13.2298  -5.0865
  4.0813  -9.3052 -13.7890  -4.8627
  4.2558  -9.3094 -14.2969  -4.6100
  4.4142  -9.3009 -14.7553  -4.3320
  4.5574  -9.2858 -15.1661  -4.0320
  4.6863  -9.2685 -15.5309  -3.7128
  4.8017  -9.2519 -15.8514  -3.3767
  4.9039  -9.2380 -16.1292  -3.0258
  4.9936  -9.2283 -16.3658  -2.6621
  5.0709  -9.2235 -16.5628  -2.2872
  5.1364  -9.2242 -16.7216  -1.9026
  5.1902  -9.2305 -16.8438  -1.5099
  5.2326  -9.2425 -16.9306  -1.1102
  5.2639  -9.2600 -16.9835  -0.7048
  5.2842  -9.2829 -17.0038  -0.2947
  5.2939  -9.3109 -16.9928   0.1191
  5.2930  -9.3437 -16.9518   0.5356
  5.2818  -9.3808 -16.8820   0.9541
  5.2605  -9.4219 -16.7846   1.3735
  5.2292  -9.4666 -16.6609   1.7933
  5.1881  -9.5145 -16.5119   2.2128
  5.1374  -9.5651 -16.3388   2.6311
  5.0773  -9.6181 -16.1427   3.0478
  5.0078  -9.6729 -15.9247   3.4623
  4.9292  -9.7293 -15.6858   3.8740
  4.8416  -9.7868 -15.4269   4.2823
  4.7453  -9.8450 -15.1492   4.6869
  4.6403  -9.9035 -14.8536   5.0872
  4.5269  -9.9619 -14.5410   5.4828
  4.4051 -10.0198 -14.2123   5.8733
  4.2753 -10.0769 -13.8686   6.2583
  4.1376 -10.1328 -13.5106   6.6374
  3.9922 -10.1872 -13.1392   7.0102
  3.8392 -10.2396 -12.7554   7.3764
  3.6789 -10.2898 -12.3599   7.7356
  3.5116 -10.3375 -11.9536   8.0876
  3.3373 -10.3823 -11.5374   8.4321
  3.1564 -10.4239 -11.1119   8.7687
  2.9691 -10.4620 -10.6782   9.0971
  2.7756 -10.4964 -10.2368   9.4171
  2.5762 -10.5267  -9.7887   9.7284
  2.3712 -10.5527  -9.3346  10.0309
  2.1608 -10.5742  -8.8753  10.3241
  1.9454 -10.5908  -8.4116  10.6080
  1.7252 -10.6025  -7.9441  10.8823
  1.5006 -10.6088  -7.4737  11.1469
  1.2718 -10.6097  -7.0011  11.4014
  1.0393 -10.6050  -6.5270  11.6458
  0.8034 -10.5944  -6.0522  11.8800
  0.5645 -10.5778  -5.5774  12.1037
  0.3229 -10.5549  -5.1033  12.3169
  0.0791 -10.5258  -4.6306  12.5195
 -0.1666 -10.4902  -4.1601  12.7113
 -0.4137 -10.4480  -3.6924  12.8923
 -0.6618 -10.3991  -3.2282  13.0626
 -0.9105 -10.3434  -2.7683  13.2220
 -1.1592 -10.2808  -2.3133  13.3705
 -1.4075 -10.2114  -1.8639  13.5083
 -1.6549 -10.1349  -1.4208  13.6353
 -1.9008 -10.0515  -0.9846  13.7516
 -2.1449  -9.9610  -0.5560  13.8574
 -2.3865  -9.8635  -0.1357  13.9527
 -2.6250  -9.7590   0.2756  14.0377
 -2.8601  -9.6476   0.6774  14.1127
 -3.0910  -9.5293   1.0689  14.1777
 -3.3172  -9.4042   1.4495  14.2331
 -3.5380  -9.2723   1.8185  14.2791
 -3.7530  -9.1338   2.1753  14.3160
 -3.9615  -8.9888   2.5192  14.3441
 -4.1628  -8.8375   2.8495  14.3638
 -4.3564  -8.6801   3.1656  14.3754
 -4.5415  -8.5167   3.4668  14.3793
 -4.7176  -8.3476   3.7524  14.3759
 -4.8839  -8.1729   4.0216  14.3657
 -5.0399  -7.9930   4.2739  14.3491
 -5.1847  -7.8082   4.5085  14.3267
 -5.3178  -7.6188   4.7246  14.2987
 -5.4385  -7.4250   4.9216  14.2659
 -5.5460  -7.2272   5.0986  14.2287
 -5.6396  -7.0259   5.2549  14.1875
 -5.7186  -6.8214   5.3897  14.1431
 -5.7823  -6.6141   5.5021  14.0957
 -5.8299  -6.4045   5.5915  14.0461
 -5.8608  -6.1930   5.6569  13.9946
 -5.8741  -5.9801   5.6974  13.9417
 -5.8692  -5.7664   5.7123  13.8879
 -5.8452  -5.5522   5.7006  13.8334
 -5.8013  -5.3381   5.6614  13.7784
 -5.7368  -5.1245   5.5939  13.7231
 -5.6510  -4.9120   5.4971  13.6672
 -5.5429  -4.7009   5.3703  13.6102
 -5.4117  -4.4916   5.2125  13.5511
 -5.2566  -4.2842   5.0230  13.4882
 -5.0768  -4.0787   4.8011  13.4186
 -4.8714  -3.8750   4.5464  13.3383
 -4.6394  -3.6724   4.2586  13.2410
 -4.3799  -3.4697   3.9378  13.1171
 -4.0919  -3.2651   3.5847  12.9531
 -3.7743  -3.0556   3.2008  12.7286
 -3.4261  -2.8369   2.7888  12.4141
 -3.0460  -2.6026   2.3530  11.9664
 -2.6325  -2.3437   1.9005  11.3226
 -2.1842  -2.0474   1.4418  10.3908
 -1.6992  -1.6954   0.9929   9.0371
 -1.1754  -1.2626   0.5774   7.0661
 -0.6099  -0.7138   0.2296   4.1925
  0.0007  -0.0002  -0.0010   0.0006
 -0.0031   0.0121  12.3154 -13.1105
 -0.0631   0.3406  12.2095 -12.8553
 -0.1200   0.6231  12.1060 -12.6051
 -0.1742   0.8661  12.0047 -12.3595
 -0.2256   1.0751  11.9054 -12.1182
 -0.2745   1.2551  11.8080 -11.8808
 -0.3209   1.4096  11.7123 -11.6472
 -0.3650   1.5425  11.6181 -11.4170
 -0.4068   1.6567  11.5254 -11.1900
 -0.4464   1.7550  11.4340 -10.9659
 -0.4839   1.8394  11.3438 -10.7445
 -0.5194   1.9121  11.2545 -10.5255
 -0.5529   1.9746  11.1661 -10.3088
 -0.5845   2.0282  11.0784 -10.0941
 -0.6142   2.0743  10.9913  -9.8814
 -0.6421   2.1139  10.9047  -9.6702
 -0.6681   2.1476  10.8184  -9.4608
 -0.6926   2.1769  10.7323  -9.2525
 -0.7154   2.2019  10.6462  -9.0455
 -0.7365   2.2234  10.5601  -8.8394
 -0.7561   2.2417  10.4738  -8.6343
 -0.7740   2.2573  10.3872  -8.4300
 -0.7905   2.2707  10.3001  -8.2263
 -0.8055   2.2819  10.2124  -8.0231
 -0.8191   2.2915  10.1240  -7.8202
 -0.8312   2.2994  10.0347  -7.6177
 -0.8420   2.3060   9.9445  -7.4153
 -0.8514   2.3114   9.8532  -7.2129
 -0.8594   2.3158   9.7607  -7.0105
 -0.8662   2.3191   9.6669  -6.8080
 -0.8716   2.3216   9.5715  -6.6052
 -0.8759   2.3234   9.4746  -6.4020
 -0.8788   2.3244   9.3759  -6.1985
 -0.8806   2.3247   9.2754  -5.9944
 -0.8812   2.3244   9.1729  -5.7898
 -0.8806   2.3235   9.0682  -5.5845
 -0.8789   2.3220   8.9614  -5.3785
 -0.8761   2.3200   8.8522  -5.1716
 -0.8722   2.3174   8.7405  -4.9639
 -0.8672   2.3142   8.6262  -4.7553
 -0.8612   2.3105   8.5092  -4.5455
 -0.8541   2.3063   8.3894  -4.3348
 -0.8460   2.3014   8.2665  -4.1230
 -0.8369   2.2959   8.1406  -3.9100
 -0.8268   2.2898   8.0116  -3.6958
 -0.8158   2.2831   7.8792  -3.4802
 -0.8039   2.2756   7.7433  -3.2634
 -0.7910   2.2674   7.6040  -3.0452
 -0.7773   2.2583   7.4610  -2.8256
 -0.7627   2.2485   7.3143  -2.6045
 -0.7473   2.2377   7.1637  -2.3819
 -0.7310   2.2259   7.0092  -2.1578
 -0.7139   2.2131   6.8507  -1.9321
 -0.6961   2.1990   6.6880  -1.7047
 -0.6775   2.1837   6.5211  -1.4756
 -0.6584   2.1673   6.3498  -1.2444
 -0.6383   2.1489   6.1743  -1.0120
 -0.6177   2.1291   5.9941  -0.7773
 -0.5964   2.1070   5.8096  -0.5411
 -0.5743   2.0826   5.6205  -0.3033
 -0.5516   2.0556   5.4267  -0.0637
 -0.5283   2.0257   5.2283   0.1779
 -0.5043   1.9926   5.0250   0.4214
 -0.4798   1.9558   4.8170   0.6669
 -0.4547   1.9147   4.6041   0.9143
 -0.4291   1.8689   4.3863   1.1638
 -0.4028   1.8176   4.1637   1.4154
 -0.3761   1.7600   3.9361   1.6690
 -0.3487   1.6950   3.7035   1.9248
 -0.3208   1.6217   3.4660   2.1827
 -0.2923   1.5388   3.2235   2.4428
 -0.2631   1.4446   2.9760   2.7052
 -0.2334   1.3374   2.7235   2.9698
 -0.2029   1.2152   2.4659   3.2367
 -0.1716   1.0756   2.2034   3.5060
 -0.1395   0.9158   1.9358   3.7777
 -0.1066   0.7324   1.6632   4.0519
 -0.0725   0.5218   1.3856   4.3286
 -0.0374   0.2795   1.1029   4.6079
 -0.0009   0.0003   0.8151   4.8900
 -0.0009   0.0003   0.8151   4.8900
  0.0425   0.4785   0.7320   2.5364
  0.0836   0.8225   0.6134   0.7882
  0.1220   1.0705   0.4690  -0.5098
  0.1577   1.2497   0.3068  -1.4723
  0.1906   1.3798   0.1333  -2.1846
  0.2207   1.4746  -0.0466  -2.7102
  0.2481   1.5444  -0.2292  -3.0964
  0.2729   1.5961  -0.4117  -3.3785
  0.2950   1.6351  -0.5921  -3.5827
  0.3146   1.6650  -0.7687  -3.7289
  0.3317   1.6884  -0.9405  -3.8317
  0.3465   1.7072  -1.1068  -3.9021
  0.3590   1.7228  -1.2671  -3.9485
  0.3693   1.7361  -1.4210  -3.9769
  0.3774   1.7478  -1.5683  -3.9920
  0.3834   1.7584  -1.7089  -3.9973
  0.3874   1.7682  -1.8429  -3.9953
  0.3894   1.7776  -1.9701  -3.9881
  0.3896   1.7866  -2.0908  -3.9770
  0.3879   1.7954  -2.2050  -3.9631
  0.3845   1.8040  -2.3129  -3.9474
  0.3793   1.8125  -2.4144  -3.9302
  0.3725   1.8211  -2.5099  -3.9123
  0.3641   1.8295  -2.5995  -3.8937
  0.3542   1.8380  -2.6832  -3.8749
  0.3428   1.8465  -2.7614  -3.8560
  0.3300   1.8550  -2.8340  -3.8372
  0.3158   1.8635  -2.9013  -3.8184
  0.3003   1.8720  -2.9635  -3.7999
  0.2836   1.8805  -3.0206  -3.7817
  0.2656   1.8890  -3.0729  -3.7637
  0.2465   1.8974  -3.1204  -3.7461
  0.2262   1.9059  -3.1633  -3.7287
  0.2049   1.9143  -3.2018  -3.7118
  0.1826   1.9227  -3.2359  -3.6951
  0.1594   1.9310  -3.2659  -3.6788
  0.1352   1.9394  -3.2919  -3.6628
  0.1102   1.9476  -3.3139  -3.6472
  0.0843   1.9559  -3.3321  -3.6319
  0.0577   1.9640  -3.3466  -3.6169
  0.0304   1.9721  -3.3576  -3.6022
  0.0024   1.9802  -3.3652  -3.5877
 -0.0262   1.9882  -3.3694  -3.5736
 -0.0553   1.9961  -3.3703  -3.5597
 -0.0850   2.0039  -3.3682  -3.5461
 -0.1152   2.0117  -3.3630  -3.5327
 -0.1458   2.0194  -3.3550  -3.5196
 -0.1768   2.0271  -3.3441  -3.5066
 -0.2082   2.0346  -3.3305  -3.4939
 -0.2398   2.0421  -3.3143  -3.4814
 -0.2717   2.0495  -3.2956  -3.4690
 -0.3038   2.0568  -3.2744  -3.4568
 -0.3360   2.0641  -3.2509  -3.4448
 -0.3684   2.0713  -3.2252  -3.4329
 -0.4008   2.0784  -3.1972  -3.4212
 -0.4332   2.0855  -3.1672  -3.4096
 -0.4656   2.0924  -3.1351  -3.3981
 -0.4980   2.0994  -3.1011  -3.3867
 -0.5302   2.1062  -3.0653  -3.3754
 -0.5622   2.1130  -3.0277  -3.3641
 -0.5940   2.1197  -2.9884  -3.3530
 -0.6256   2.1264  -2.9474  -3.3419
 -0.6568   2.1331  -2.9049  -3.3309
 -0.6877   2.1397  -2.8609  -3.3199
 -0.7182   2.1463  -2.8155  -3.3090
 -0.7482   2.1528  -2.7688  -3.2981
 -0.7777   2.1593  -2.7207  -3.2872
 -0.8067   2.1658  -2.6715  -3.2763
 -0.8350   2.1723  -2.6210  -3.2654
 -0.8627   2.1788  -2.5695  -3.2545
 -0.8897   2.1853  -2.5170  -3.2436
 -0.9160   2.1918  -2.4635  -3.2327
 -0.9414   2.1983  -2.4091  -3.2218
 -0.9660   2.2049  -2.3539  -3.2108
 -0.9896   2.2114  -2.2978  -3.1998
 -1.0123   2.2181  -2.2411  -3.1887
 -1.0339   2.2248  -2.1837  -3.1776
 -1.0545   2.2315  -2.1257  -3.1665
 -1.0739   2.2384  -2.0671  -3.1552
 -1.0922   2.2453  -2.0080  -3.1439
 -1.1092   2.2523  -1.9486  -3.1326
 -1.1249   2.2595  -1.8887  -3.1211
 -1.1392   2.2667  -1.8285  -3.1096
 -1.1521   2.2741  -1.7681  -3.0979
 -1.1635   2.2816  -1.7074  -3.0862
 -1.1733   2.2893  -1.6466  -3.0744
 -1.1816   2.2972  -1.5857  -3.0624
 -1.1881   2.3052  -1.5248  -3.0504
 -1.1929   2.3134  -1.4639  -3.0382
 -1.1959   2.3219  -1.4031  -3.0259
 -1.1970   2.3305  -1.3424  -3.0134
 -1.1962   2.3393  -1.2819  -3.0008
 -1.1933   2.3483  -1.2216  -2.9880
 -1.1884   2.3575  -1.1616  -2.9750
 -1.1812   2.3668  -1.1021  -2.9617
 -1.1719   2.3763  -1.0429  -2.9482
 -1.1602   2.3859  -0.9842  -2.9343
 -1.1461   2.3955  -0.9261  -2.9200
 -1.1295   2.4050  -0.8685  -2.9051
 -1.1103   2.4142  -0.8117  -2.8896
 -1.0885   2.4231  -0.7556  -2.8732
 -1.0639   2.4312  -0.7003  -2.8556
 -1.0364   2.4382  -0.6459  -2.8365
 -1.0059   2.4437  -0.5924  -2.8153
 -0.9724   2.4468  -0.5400  -2.7915
 -0.9355   2.4466  -0.4887  -2.7640
 -0.8953   2.4419  -0.4387  -2.7318
 -0.8515   2.4308  -0.3899  -2.6929
 -0.8039   2.4110  -0.3427  -2.6453
 -0.7521   2.3793  -0.2969  -2.5859
 -0.6960   2.3313  -0.2530  -2.5104
 -0.6351   2.2613  -0.2109  -2.4133
 -0.5688   2.1614  -0.1710  -2.2870
 -0.4966   2.0210  -0.1335  -2.1211
 -0.4174   1.8258  -0.0988  -1.9018
 -0.3303   1.5567  -0.0673  -1.6102
 -0.2337   1.1879  -0.0397  -1.2209
 -0.1256   0.6846  -0.0166  -0.6997
 -0.0036   0.0003   0.0009  -0.0001
 -0.0038   0.0006   0.0007  -0.0001
  6.5632  -5.5425  -0.0727   0.0135
  6.5325  -5.1965   0.1693  -0.4657
  6.4988  -4.8547   0.4026  -0.8695
  6.4620  -4.5169   0.6274  -1.2092
  6.4219  -4.1831   0.8441  -1.4943
  6.3786  -3.8530   1.0529  -1.7331
  6.3320  -3.5266   1.2540  -1.9324
  6.2820  -3.2037   1.4478  -2.0981
  6.2286  -2.8843   1.6343  -2.2352
  6.1718  -2.5683   1.8138  -2.3479
  6.1116  -2.2555   1.9865  -2.4397
  6.0479  -1.9460   2.1524  -2.5138
  5.9807  -1.6396   2.3118  -2.5728
  5.9100  -1.3363   2.4647  -2.6188
  5.8358  -1.0360   2.6113  -2.6539
  5.7582  -0.7387   2.7516  -2.6796
  5.6772  -0.4443   2.8858  -2.6973
  5.5927  -0.1528   3.0139  -2.7083
  5.5049   0.1359   3.1359  -2.7134
  5.4137   0.4219   3.2520  -2.7136
  5.3193   0.7051   3.3621  -2.7095
  5.2216   0.9856   3.4664  -2.7020
  5.1208   1.2635   3.5648  -2.6913
  5.0169   1.5389   3.6573  -2.6781
  4.9099   1.8116   3.7441  -2.6628
  4.8001   2.0819   3.8251  -2.6455
  4.6873   2.3497   3.9004  -2.6267
  4.5718   2.6152   3.9698  -2.6065
  4.4536   2.8783   4.0336  -2.5852
  4.3328   3.1390   4.0915  -2.5630
  4.2095   3.3976   4.1437  -2.5398
  4.0837   3.6539   4.1901  -2.5160
  3.9557   3.9082   4.2308  -2.4915
  3.8254   4.1604   4.2657  -2.4663
  3.6930   4.4106   4.2948  -2.4407
  3.5586   4.6589   4.3182  -2.4145
  3.4224   4.9055   4.3358  -2.3878
  3.2843   5.1503   4.3478  -2.3606
  3.1446   5.3936   4.3543  -2.3330
  3.0034   5.6355   4.3553  -2.3050
  2.8608   5.8761   4.3511  -2.2767
  2.7166   6.1152   4.3406  -2.2474
  2.5714   6.3534   4.3253  -2.2182
  2.4253   6.5911   4.3055  -2.1891
  2.2786   6.8286   4.2818  -2.1608
  2.1314   7.0660   4.2543  -2.1332
  1.9836   7.3034   4.2230  -2.1061
  1.8354   7.5410   4.1876  -2.0794
  1.6867   7.7789   4.1482  -2.0530
  1.5376   8.0171   4.1045  -2.0268
  1.3880   8.2559   4.0565  -2.0006
  1.2382   8.4955   4.0046  -1.9747
  1.0879   8.7358   3.9480  -1.9485
  0.9372   8.9769   3.8865  -1.9221
  0.7859   9.2191   3.8199  -1.8953
  0.6339   9.4622   3.7477  -1.8680
  0.4815   9.7066   3.6703  -1.8404
  0.3284   9.9524   3.5872  -1.8121
  0.1747  10.1999   3.4987  -1.7834
  0.0203  10.4491   3.4041  -1.7537
 -0.1347  10.7003   3.3035  -1.7230
 -0.2907  10.9536   3.1967  -1.6911
 -0.4475  11.2092   3.0834  -1.6576
 -0.6054  11.4673   2.9633  -1.6220
 -0.7643  11.7281   2.8363  -1.5838
 -0.9244  11.9919   2.7023  -1.5426
 -1.0858  12.2589   2.5610  -1.4979
 -1.2485  12.5294   2.4124  -1.4491
 -1.4128  12.8037   2.2563  -1.3954
 -1.5786  13.0824   2.0931  -1.3363
 -1.7463  13.3651   1.9213  -1.2692
 -1.9161  13.6524   1.7412  -1.1932
 -2.0881  13.9448   1.5531  -1.1068
 -2.2620  14.2432   1.3576  -1.0087
 -2.4389  14.5469   1.1525  -0.8949
 -2.6185  14.8567   0.9387  -0.7634
 -2.8012  15.1735   0.7161  -0.6120
 -2.9869  15.4980   0.4857  -0.4375
 -3.1763  15.8303   0.2464  -0.2353
 -3.3699  16.1707  -0.0029   0.0001
 -3.3699  16.1707  -0.0029   0.0001
 -2.3558   9.3111  -1.2078  -1.3368
 -1.5146   4.1270  -2.3272  -2.3506
 -0.8227   0.2460  -3.3709  -3.1130
 -0.2541  -2.6370  -4.3465  -3.6783
  0.2152  -4.7643  -5.2598  -4.0880
  0.6056  -6.3236  -6.1154  -4.3735
  0.9333  -7.4582  -6.9169  -4.5589
  1.2112  -8.2769  -7.6673  -4.6630
  1.4494  -8.8611  -8.3691  -4.7002
  1.6553  -9.2721  -9.0245  -4.6816
  1.8348  -9.5556  -9.6352  -4.6162
  1.9921  -9.7457 -10.2030  -4.5111
  2.1305  -9.8679 -10.7294  -4.3719
  2.2524  -9.9410 -11.2157  -4.2033
  2.3599  -9.9790 -11.6633  -4.0091
  2.4543  -9.9925 -12.0734  -3.7924
  2.5367  -9.9890 -12.4472  -3.5561
  2.6079  -9.9742 -12.7857  -3.3024
  2.6688  -9.9524 -13.0901  -3.0334
  2.7197  -9.9264 -13.3616  -2.7508
  2.7612  -9.8986 -13.6010  -2.4561
  2.7937  -9.8705 -13.8094  -2.1509
  2.8173  -9.8432 -13.9879  -1.8364
  2.8325  -9.8173 -14.1373  -1.5137
  2.8395  -9.7934 -14.2588  -1.1839
  2.8384  -9.7717 -14.3531  -0.8480
  2.8295  -9.7524 -14.4212  -0.5069
  2.8129  -9.7354 -14.4641  -0.1613
  2.7889  -9.7207 -14.4826   0.1878
  2.7576  -9.7082 -14.4777   0.5398
  2.7192  -9.6977 -14.4501   0.8941
  2.6737  -9.6890 -14.4007   1.2499
  2.6215  -9.6818 -14.3304   1.6068
  2.5626  -9.6759 -14.2400   1.9641
  2.4972  -9.6711 -14.1303   2.3213
  2.4254  -9.6670 -14.0021   2.6779
  2.3473  -9.6635 -13.8561   3.0335
  2.2633  -9.6602 -13.6931   3.3876
  2.1733  -9.6569 -13.5140   3.7399
  2.0776  -9.6534 -13.3193   4.0899
  1.9763  -9.6493 -13.1099   4.4373
  1.8695  -9.6444 -12.8865   4.7816
  1.7575  -9.6385 -12.6498   5.1227
  1.6404  -9.6313 -12.4004   5.4601
  1.5184  -9.6226 -12.1390   5.7936
  1.3917  -9.6122 -11.8665   6.1229
  1.2604  -9.5998 -11.5833   6.4477
  1.1247  -9.5853 -11.2901   6.7677
  0.9849  -9.5684 -10.9877   7.0827
  0.8411  -9.5489 -10.6767   7.3925
  0.6936  -9.5267 -10.3577   7.6969
  0.5425  -9.5015 -10.0313   7.9956
  0.3880  -9.4733  -9.6981   8.2883
  0.2305  -9.4417  -9.3589   8.5750
  0.0701  -9.4068  -9.0141   8.8555
 -0.0929  -9.3683  -8.6645   9.1295
 -0.2583  -9.3261  -8.3106   9.3969
 -0.4259  -9.2801  -7.9530   9.6576
 -0.5952  -9.2301  -7.5924   9.9113
 -0.7662  -9.1761  -7.2292  10.1580
 -0.9385  -9.1180  -6.8642  10.3976
 -1.1118  -9.0556  -6.4979  10.6298
 -1.2858  -8.9889  -6.1309  10.8547
 -1.4603  -8.9178  -5.7637  11.0721
 -1.6348  -8.8423  -5.3970  11.2820
 -1.8092  -8.7623  -5.0313  11.4842
 -1.9830  -8.6778  -4.6671  11.6788
 -2.1560  -8.5887  -4.3052  11.8657
 -2.3277  -8.4951  -3.9459  12.0449
 -2.4979  -8.3969  -3.5899  12.2163
 -2.6662  -8.2941  -3.2377  12.3800
 -2.8322  -8.1868  -2.8899  12.5359
 -2.9956  -8.0749  -2.5471  12.6842
 -3.1559  -7.9586  -2.2097  12.8249
 -3.3129  -7.8379  -1.8784  12.9580
 -3.4660  -7.7128  -1.5536  13.0837
 -3.6150  -7.5834  -1.2359  13.2020
 -3.7594  -7.4499  -0.9259  13.3131
 -3.8988  -7.3122  -0.6240  13.4171
 -4.0327  -7.1706  -0.3309  13.5142
 -4.1608  -7.0252  -0.0470  13.6045
 -4.2827  -6.8761   0.2270  13.6882
 -4.3979  -6.7235   0.4907  13.7655
 -4.5059  -6.5675   0.7436  13.8367
 -4.6064  -6.4084   0.9850  13.9020
 -4.6989  -6.2463   1.2145  13.9616
 -4.7829  -6.0814   1.4314  14.0159
 -4.8580  -5.9141   1.6353  14.0650
 -4.9238  -5.7444   1.8256  14.1093
 -4.9797  -5.5728   2.0017  14.1491
 -5.0253  -5.3994   2.1631  14.1846
 -5.0602  -5.2246   2.3092  14.2161
 -5.0838  -5.0486   2.4395  14.2440
 -5.0958  -4.8719   2.5532  14.2685
 -5.0955  -4.6946   2.6500  14.2898
 -5.0826  -4.5172   2.7291  14.3082
 -5.0565  -4.3400   2.7901  14.3237
 -5.0167  -4.1633   2.8323  14.3366
 -4.9628  -3.9875   2.8551  14.3466
 -4.8942  -3.8130   2.8580  14.3537
 -4.8105  -3.6401   2.8404  14.3572
 -4.7111  -3.4690   2.8019  14.3565
 -4.5954  -3.3002   2.7419  14.3503
 -4.4630  -3.1337   2.6600  14.3366
 -4.3133  -2.9697   2.5560  14.3127
 -4.1457  -2.8083   2.4296  14.2745
 -3.9597  -2.6491   2.2810  14.2163
 -3.7546  -2.4919   2.1105  14.1298
 -3.5298  -2.3359   1.9188  14.0033
 -3.2847  -2.1799   1.7073  13.8205
 -3.0184  -2.0220   1.4783  13.5581
 -2.7302  -1.8596   1.2351  13.1836
 -2.4192  -1.6890   0.9827  12.6513
 -2.0844  -1.5048   0.7286  11.8968
 -1.7245  -1.2996   0.4835  10.8298
 -1.3381  -1.0632   0.2624   9.3232
 -0.9233  -0.7817   0.0865   7.1989
 -0.4780  -0.4360  -0.0145   4.2074
 -0.4655  -0.4197  11.7098 -12.2210
 -0.4950  -0.0275  11.6272 -12.0002
 -0.5224   0.3109  11.5463 -11.7829
 -0.5479   0.6029  11.4669 -11.5689
 -0.5717   0.8548  11.3889 -11.3578
 -0.5939   1.0720  11.3122 -11.1496
 -0.6145   1.2594  11.2366 -10.9440
 -0.6337   1.4211  11.1622 -10.7408
 -0.6515   1.5604  11.0887 -10.5398
 -0.6680   1.6806  11.0161 -10.3408
 -0.6832   1.7842  10.9442 -10.1437
 -0.6971   1.8735  10.8730  -9.9482
 -0.7099   1.9504  10.8023  -9.7543
 -0.7215   2.0167  10.7320  -9.5616
 -0.7320   2.0738  10.6620  -9.3702
 -0.7415   2.1229  10.5922  -9.1799
 -0.7498   2.1652  10.5225  -8.9905
 -0.7572   2.2016  10.4527  -8.8018
 -0.7635   2.2328  10.3828  -8.6139
 -0.7688   2.2596  10.3126  -8.4265
 -0.7732   2.2825  10.2420  -8.2395
 -0.7767   2.3021  10.1709  -8.0528
 -0.7792   2.3188  10.0992  -7.8663
 -0.7808   2.3329  10.0267  -7.6800
 -0.7815   2.3448   9.9534  -7.4936
 -0.7814   2.3548   9.8792  -7.3072
 -0.7804   2.3631   9.8038  -7.1206
 -0.7786   2.3699   9.7272  -6.9337
 -0.7759   2.3754   9.6494  -6.7464
 -0.7725   2.3796   9.5700  -6.5588
 -0.7682   2.3828   9.4891  -6.3705
 -0.7632   2.3850   9.4065  -6.1817
 -0.7574   2.3863   9.3221  -5.9923
 -0.7509   2.3867   9.2358  -5.8021
 -0.7437   2.3864   9.1474  -5.6111
 -0.7357   2.3854   9.0568  -5.4192
 -0.7271   2.3837   8.9640  -5.2263
 -0.7178   2.3813   8.8687  -5.0325
 -0.7078   2.3782   8.7709  -4.8376
 -0.6972   2.3745   8.6704  -4.6416
 -0.6859   2.3701   8.5671  -4.4445
 -0.6741   2.3651   8.4610  -4.2461
 -0.6617   2.3594   8.3518  -4.0464
 -0.6487   2.3530   8.2394  -3.8454
 -0.6351   2.3460   8.1238  -3.6431
 -0.6211   2.3381   8.0048  -3.4393
 -0.6065   2.3295   7.8823  -3.2340
 -0.5915   2.3201   7.7562  -3.0273
 -0.5760   2.3098   7.6263  -2.8190
 -0.5602   2.2986   7.4927  -2.6091
 -0.5439   2.2864   7.3550  -2.3976
 -0.5272   2.2731   7.2134  -2.1844
 -0.5102   2.2586   7.0675  -1.9695
 -0.4929   2.2428   6.9175  -1.7529
 -0.4752   2.2257   6.7630  -1.5345
 -0.4573   2.2070   6.6042  -1.3143
 -0.4392   2.1866   6.4408  -1.0922
 -0.4209   2.1643   6.2727  -0.8683
 -0.4024   2.1399   6.1000  -0.6424
 -0.3837   2.1131   5.9226  -0.4146
 -0.3649   2.0837   5.7402  -0.1849
 -0.3461   2.0513   5.5530   0.0469
 -0.3271   2.0156   5.3608   0.2808
 -0.3081   1.9761   5.1635   0.5166
 -0.2890   1.9323   4.9612   0.7546
 -0.2700   1.8835   4.7538   0.9948
 -0.2510   1.8292   4.5411   1.2371
 -0.2319   1.7685   4.3233   1.4816
 -0.2129   1.7005   4.1002   1.7283
 -0.1940   1.6241   3.8719   1.9773
 -0.1750   1.5381   3.6382   2.2287
 -0.1561   1.4410   3.3993   2.4824
 -0.1372   1.3313   3.1549   2.7385
 -0.1183   1.2069   2.9053   2.9970
 -0.0993   1.0656   2.6502   3.2581
 -0.0801   0.9050   2.3898   3.5217
 -0.0609   0.7219   2.1240   3.7880
 -0.0413   0.5129   1.8528   4.0569
 -0.0214   0.2739   1.5762   4.3286
 -0.0010   0.0003   1.2941   4.6032
 -0.0010   0.0003   1.2941   4.6032
 -0.0084   0.4660   1.2469   2.4941
 -0.0153   0.8013   1.1682   0.9400
 -0.0219   1.0430   1.0665  -0.2060
 -0.0284   1.2174   0.9487  -1.0515
 -0.0348   1.3435   0.8201  -1.6751
 -0.0414   1.4350   0.6848  -2.1350
 -0.0480   1.5017   0.5458  -2.4739
 -0.0547   1.5505   0.4056  -2.7232
 -0.0616   1.5865   0.2657  -2.9062
 -0.0686   1.6134   0.1274  -3.0402
 -0.0756   1.6336  -0.0085  -3.1377
 -0.0828   1.6491  -0.1413  -3.2083
 -0.0901   1.6612  -0.2706  -3.2589
 -0.0976   1.6708  -0.3962  -3.2946
 -0.1051   1.6786  -0.5178  -3.3194
 -0.1127   1.6851  -0.6355  -3.3359
 -0.1205   1.6907  -0.7490  -3.3464
 -0.1283   1.6956  -0.8585  -3.3523
 -0.1363   1.6999  -0.9639  -3.3549
 -0.1443   1.7039  -1.0654  -3.3550
 -0.1525   1.7076  -1.1629  -3.3533
 -0.1607   1.7112  -1.2565  -3.3502
 -0.1690   1.7145  -1.3464  -3.3461
 -0.1774   1.7177  -1.4326  -3.3413
 -0.1859   1.7208  -1.5151  -3.3359
 -0.1944   1.7239  -1.5942  -3.3302
 -0.2031   1.7268  -1.6698  -3.3241
 -0.2118   1.7298  -1.7420  -3.3179
 -0.2206   1.7326  -1.8110  -3.3115
 -0.2294   1.7354  -1.8768  -3.3051
 -0.2383   1.7382  -1.9395  -3.2986
 -0.2473   1.7410  -1.9992  -3.2920
 -0.2563   1.7437  -2.0560  -3.2855
 -0.2653   1.7464  -2.1099  -3.2789
 -0.2744   1.7491  -2.1610  -3.2724
 -0.2836   1.7517  -2.2094  -3.2660
 -0.2927   1.7543  -2.2551  -3.2595
 -0.3019   1.7569  -2.2983  -3.2531
 -0.3111   1.7595  -2.3390  -3.2468
 -0.3203   1.7621  -2.3772  -3.2404
 -0.3295   1.7646  -2.4130  -3.2342
 -0.3387   1.7671  -2.4465  -3.2280
 -0.3480   1.7696  -2.4777  -3.2218
 -0.3571   1.7721  -2.5067  -3.2157
 -0.3663   1.7746  -2.5336  -3.2096
 -0.3755   1.7770  -2.5583  -3.2036
 -0.3846   1.7795  -2.5810  -3.1976
 -0.3936   1.7819  -2.6016  -3.1917
 -0.4026   1.7844  -2.6203  -3.1858
 -0.4116   1.7868  -2.6370  -3.1800
 -0.4205   1.7892  -2.6519  -3.1742
 -0.4293   1.7916  -2.6649  -3.1685
 -0.4380   1.7940  -2.6762  -3.1628
 -0.4466   1.7964  -2.6856  -3.1571
 -0.4551   1.7987  -2.6933  -3.1514
 -0.4635   1.8011  -2.6993  -3.1458
 -0.4718   1.8035  -2.7037  -3.1402
 -0.4799   1.8059  -2.7064  -3.1347
 -0.4879   1.8082  -2.7075  -3.1291
 -0.4957   1.8106  -2.7070  -3.1236
 -0.5034   1.8130  -2.7049  -3.1181
 -0.5109   1.8154  -2.7013  -3.1127
 -0.5182   1.8178  -2.6962  -3.1072
 -0.5253   1.8202  -2.6896  -3.1018
 -0.5321   1.8226  -2.6815  -3.0963
 -0.5388   1.8250  -2.6720  -3.0909
 -0.5452   1.8274  -2.6610  -3.0854
 -0.5513   1.8299  -2.6486  -3.0800
 -0.5572   1.8323  -2.6348  -3.0746
 -0.5628   1.8348  -2.6196  -3.0691
 -0.5682   1.8373  -2.6029  -3.0637
 -0.5732   1.8398  -2.5849  -3.0582
 -0.5779   1.8423  -2.5655  -3.0527
 -0.5822   1.8449  -2.5448  -3.0472
 -0.5862   1.8474  -2.5227  -3.0417
 -0.5899   1.8500  -2.4992  -3.0361
 -0.5931   1.8527  -2.4743  -3.0305
 -0.5960   1.8553  -2.4481  -3.0249
 -0.5984   1.8580  -2.4205  -3.0192
 -0.6004   1.8607  -2.3916  -3.0136
 -0.6019   1.8635  -2.3612  -3.0078
 -0.6030   1.8663  -2.3295  -3.0020
 -0.6036   1.8691  -2.2964  -2.9962
 -0.6037   1.8719  -2.2619  -2.9903
 -0.6032   1.8748  -2.2259  -2.9843
 -0.6022   1.8778  -2.1886  -2.9783
 -0.6007   1.8808  -2.1497  -2.9722
 -0.5985   1.8838  -2.1095  -2.9660
 -0.5957   1.8868  -2.0677  -2.9597
 -0.5923   1.8899  -2.0245  -2.9533
 -0.5883   1.8931  -1.9797  -2.9468
 -0.5835   1.8962  -1.9334  -2.9402
 -0.5781   1.8993  -1.8855  -2.9334
 -0.5719   1.9025  -1.8360  -2.9264
 -0.5650   1.9056  -1.7849  -2.9193
 -0.5573   1.9086  -1.7322  -2.9118
 -0.5488   1.9116  -1.6777  -2.9040
 -0.5394   1.9143  -1.6215  -2.8958
 -0.5292   1.9168  -1.5636  -2.8871
 -0.5181   1.9189  -1.5038  -2.8777
 -0.5060   1.9205  -1.4422  -2.8673
 -0.4929   1.9213  -1.3788  -2.8559
 -0.4788   1.9211  -1.3134  -2.8428
 -0.4636   1.9194  -1.2461  -2.8277
 -0.4473   1.9157  -1.1767  -2.8098
 -0.4298   1.9094  -1.1053  -2.7882
 -0.4110   1.8994  -1.0319  -2.7616
 -0.3909   1.8844  -0.9563  -2.7283
 -0.3693   1.8626  -0.8787  -2.6859
 -0.3460   1.8318  -0.7989  -2.6312
 -0.3209   1.7886  -0.7169  -2.5600
 -0.2937   1.7288  -0.6329  -2.4663
 -0.2642   1.6466  -0.5468  -2.3422
 -0.2319   1.5342  -0.4588  -2.1769
 -0.1963   1.3812  -0.3689  -1.9559
 -0.1567   1.1734  -0.2776  -1.6595
 -0.1122   0.8922  -0.1851  -1.2609
 -0.0615   0.5123  -0.0920  -0.7240
  6.5760  -5.3557  -0.1766  -0.7095
  6.5540  -5.0136   0.0747  -1.0746
  6.5286  -4.6755   0.3170  -1.3815
  6.4998  -4.3412   0.5507  -1.6387
  6.4675  -4.0105   0.7761  -1.8538
  6.4316  -3.6835   0.9933  -2.0329
  6.3921  -3.3599   1.2027  -2.1815
  6.3489  -3.0398   1.4044  -2.3039
  6.3020  -2.7229   1.5986  -2.4041
  6.2513  -2.4094   1.7856  -2.4853
  6.1968  -2.0990   1.9654  -2.5502
  6.1386  -1.7917   2.1383  -2.6013
  6.0764  -1.4875   2.3042  -2.6406
  6.0105  -1.1863   2.4635  -2.6698
  5.9408  -0.8881   2.6160  -2.6903
  5.8673  -0.5928   2.7621  -2.7035
  5.7900  -0.3004   2.9016  -2.7103
  5.7090  -0.0108   3.0348  -2.7118
  5.6243   0.2759   3.1616  -2.7087
  5.5359   0.5599   3.2822  -2.7017
  5.4440   0.8411   3.3965  -2.6913
  5.3486   1.1196   3.5046  -2.6781
  5.2498   1.3955   3.6067  -2.6625
  5.1476   1.6687   3.7026  -2.6449
  5.0421   1.9393   3.7924  -2.6256
  4.9335   2.2074   3.8762  -2.6047
  4.8217   2.4729   3.9539  -2.5827
  4.7070   2.7360   4.0256  -2.5596
  4.5893   2.9966   4.0913  -2.5356
  4.4689   3.2548   4.1510  -2.5109
  4.3458   3.5107   4.2046  -2.4856
  4.2200   3.7643   4.2523  -2.4598
  4.0919   4.0157   4.2939  -2.4335
  3.9613   4.2648   4.3295  -2.4068
  3.8285   4.5119   4.3591  -2.3797
  3.6935   4.7569   4.3827  -2.3524
  3.5565   4.9999   4.4002  -2.3247
  3.4176   5.2410   4.4117  -2.2966
  3.2769   5.4803   4.4172  -2.2682
  3.1345   5.7179   4.4168  -2.2395
  2.9906   5.9540   4.4107  -2.2105
  2.8453   6.1887   4.3989  -2.1812
  2.6989   6.4221   4.3817  -2.1517
  2.5512   6.6543   4.3588  -2.1216
  2.4023   6.8854   4.3300  -2.0910
  2.2532   7.1164   4.2980  -2.0616
  2.1036   7.3473   4.2621  -2.0329
  1.9537   7.5782   4.2223  -2.0048
  1.8031   7.8088   4.1775  -1.9767
  1.6523   8.0397   4.1288  -1.9492
  1.5012   8.2709   4.0761  -1.9221
  1.3501   8.5029   4.0196  -1.8954
  1.1986   8.7353   3.9587  -1.8688
  1.0469   8.9685   3.8932  -1.8421
  0.8948   9.2024   3.8229  -1.8152
  0.7424   9.4372   3.7476  -1.7882
  0.5897   9.6732   3.6674  -1.7612
  0.4366   9.9103   3.5818  -1.7339
  0.2831  10.1489   3.4911  -1.7066
  0.1286  10.3885   3.3932  -1.6778
 -0.0260  10.6302   3.2908  -1.6492
 -0.1817  10.8731   3.1805  -1.6181
 -0.3376  11.1187   3.0659  -1.5866
 -0.4942  11.3665   2.9449  -1.5529
 -0.6516  11.6166   2.8172  -1.5167
 -0.8099  11.8694   2.6828  -1.4776
 -0.9692  12.1250   2.5416  -1.4354
 -1.1297  12.3837   2.3932  -1.3892
 -1.2914  12.6456   2.2372  -1.3381
 -1.4545  12.9113   2.0740  -1.2815
 -1.6190  13.1808   1.9032  -1.2179
 -1.7852  13.4545   1.7246  -1.1459
 -1.9532  13.7327   1.5381  -1.0639
 -2.1232  14.0157   1.3434  -0.9698
 -2.2953  14.3038   1.1403  -0.8613
 -2.4699  14.5975   0.9289  -0.7362
 -2.6470  14.8972   0.7091  -0.5913
 -2.8269  15.2033   0.4806  -0.4230
 -3.0101  15.5163   0.2431  -0.2274
 -3.1966  15.8370  -0.0028   0.0001
 -3.1966  15.8370  -0.0028   0.0001
 -2.2722   9.2411  -1.0994  -1.0106
 -1.5072   4.2429  -2.1193  -1.7773
 -0.8800   0.4876  -3.0708  -2.3531
 -0.3667  -2.3148  -3.9605  -2.7786
  0.0546  -4.3938  -4.7934  -3.0844
  0.4026  -5.9274  -5.5738  -3.2943
  0.6925  -7.0516  -6.3048  -3.4263
  0.9363  -7.8697  -6.9893  -3.4947
  1.1431  -8.4595  -7.6296  -3.5103
  1.3200  -8.8796  -8.2277  -3.4817
  1.4726  -9.1740  -8.7853  -3.4158
  1.6047  -9.3757  -9.3040  -3.3181
  1.7196  -9.5092  -9.7853  -3.1930
  1.8197  -9.5930 -10.2304  -3.0441
  1.9066  -9.6408 -10.6407  -2.8744
  1.9818  -9.6628 -11.0173  -2.6864
  2.0463  -9.6666 -11.3612  -2.4824
  2.1009  -9.6578 -11.6736  -2.2641
  2.1464  -9.6405 -11.9555  -2.0332
  2.1831  -9.6179 -12.2079  -1.7911
  2.2116  -9.5920 -12.4317  -1.5391
  2.2322  -9.5645 -12.6279  -1.2782
  2.2452  -9.5366 -12.7973  -1.0096
  2.2508  -9.5091 -12.9409  -0.7342
  2.2492  -9.4824 -13.0596  -0.4527
  2.2408  -9.4570 -13.1542  -0.1661
  2.2256  -9.4329 -13.2255   0.1250
  2.2038  -9.4104 -13.2743   0.4199
  2.1756  -9.3893 -13.3015   0.7180
  2.1412  -9.3697 -13.3078   1.0187
  2.1007  -9.3515 -13.2941   1.3214
  2.0543  -9.3344 -13.2610   1.6256
  2.0020  -9.3183 -13.2092   1.9309
  1.9441  -9.3031 -13.1396   2.2367
  1.8807  -9.2886 -13.0528   2.5428
  1.8120  -9.2746 -12.9496   2.8486
  1.7379  -9.2608 -12.8305   3.1539
  1.6589  -9.2472 -12.6964   3.4582
  1.5748  -9.2334 -12.5478   3.7612
  1.4860  -9.2192 -12.3853   4.0626
  1.3925  -9.2046 -12.2097   4.3621
  1.2946  -9.1892 -12.0216   4.6595
  1.1923  -9.1730 -11.8215   4.9543
  1.0858  -9.1556 -11.6101   5.2465
  0.9753  -9.1370 -11.3879   5.5357
  0.8610  -9.1169 -11.1557   5.8217
  0.7429  -9.0953 -10.9138   6.1043
  0.6213  -9.0719 -10.6630   6.3833
  0.4964  -9.0465 -10.4038   6.6584
  0.3683  -9.0191 -10.1367   6.9296
  0.2373  -8.9895  -9.8623   7.1965
  0.1034  -8.9575  -9.5811   7.4591
 -0.0331  -8.9230  -9.2938   7.7171
 -0.1719  -8.8860  -9.0007   7.9704
 -0.3130  -8.8462  -8.7026   8.2188
 -0.4560  -8.8036  -8.3998   8.4623
 -0.6009  -8.7581  -8.0929   8.7006
 -0.7472  -8.7095  -7.7824   8.9337
 -0.8949  -8.6579  -7.4689   9.1614
 -1.0437  -8.6031  -7.1528   9.3835
 -1.1933  -8.5450  -6.8347   9.6001
 -1.3435  -8.4836  -6.5150   9.8111
 -1.4941  -8.4188  -6.1944  10.0162
 -1.6447  -8.3506  -5.8732  10.2155
 -1.7952  -8.2789  -5.5520  10.4089
 -1.9452  -8.2037  -5.2312  10.5963
 -2.0945  -8.1251  -4.9114  10.7777
 -2.2428  -8.0429  -4.5930  10.9531
 -2.3899  -7.9571  -4.2766  11.1223
 -2.5353  -7.8678  -3.9626  11.2855
 -2.6789  -7.7750  -3.6514  11.4426
 -2.8202  -7.6787  -3.3437  11.5936
 -2.9591  -7.5789  -3.0398  11.7385
 -3.0951  -7.4756  -2.7403  11.8773
 -3.2279  -7.3690  -2.4456  12.0102
 -3.3573  -7.2590  -2.1561  12.1371
 -3.4829  -7.1458  -1.8724  12.2582
 -3.6043  -7.0293  -1.5950  12.3735
 -3.7213  -6.9098  -1.3243  12.4830
 -3.8333  -6.7873  -1.0607  12.5870
 -3.9402  -6.6618  -0.8048  12.6855
 -4.0415  -6.5336  -0.5571  12.7786
 -4.1368  -6.4027  -0.3179  12.8665
 -4.2258  -6.2693  -0.0878  12.9494
 -4.3081  -6.1335   0.1327  13.0274
 -4.3834  -5.9955   0.3433  13.1007
 -4.4512  -5.8555   0.5433  13.1694
 -4.5111  -5.7136   0.7323  13.2339
 -4.5628  -5.5701   0.9098  13.2941
 -4.6058  -5.4251   1.0754  13.3504
 -4.6398  -5.2789   1.2285  13.4030
 -4.6643  -5.1316   1.3687  13.4520
 -4.6789  -4.9836   1.4954  13.4977
 -4.6832  -4.8350   1.6082  13.5402
 -4.6768  -4.6862   1.7065  13.5796
 -4.6592  -4.5373   1.7899  13.6161
 -4.6300  -4.3886   1.8578  13.6497
 -4.5888  -4.2403   1.9098  13.6804
 -4.5351  -4.0928   1.9453  13.7080
 -4.4684  -3.9461   1.9639  13.7322
 -4.3883  -3.8006   1.9651  13.7525
 -4.2943  -3.6563   1.9485  13.7680
 -4.1859  -3.5133   1.9137  13.7773
 -4.0627  -3.3717   1.8603  13.7786
 -3.9241  -3.2313   1.7882  13.7691
 -3.7697  -3.0918   1.6973  13.7446
 -3.5988  -2.9526   1.5876  13.6996
 -3.4109  -2.8129   1.4596  13.6258
 -3.2055  -2.6714   1.3140  13.5120
 -2.9818  -2.5261   1.1523  13.3420
 -2.7392  -2.3744   0.9765  13.0935
 -2.4770  -2.2125   0.7899  12.7350
 -2.1944  -2.0351   0.5974  12.2221
 -1.8903  -1.8351   0.4060  11.4928
 -1.5636  -1.6026   0.2257  10.4601
 -1.2131  -1.3242   0.0708   9.0021
 -0.8370  -0.9821  -0.0387   6.9477
 -0.4332  -0.5517  -0.0750   4.0582
 -0.4154  -0.5337  11.6257 -11.9713
 -0.4477  -0.1152  11.5451 -11.7553
 -0.4777   0.2458  11.4661 -11.5426
 -0.5055   0.5572  11.3886 -11.3330
 -0.5314   0.8257  11.3124 -11.1263
 -0.5554   1.0572  11.2375 -10.9222
 -0.5777   1.2567  11.1638 -10.7206
 -0.5983   1.4286  11.0911 -10.5213
 -0.6175   1.5766  11.0194 -10.3241
 -0.6351   1.7039  10.9485 -10.1287
 -0.6513   1.8135  10.8784  -9.9351
 -0.6662   1.9076  10.8089  -9.7431
 -0.6798   1.9885  10.7399  -9.5525
 -0.6921   2.0579  10.6713  -9.3632
 -0.7032   2.1173  10.6030  -9.1749
 -0.7131   2.1681  10.5348  -8.9877
 -0.7219   2.2115  10.4668  -8.8013
 -0.7296   2.2485  10.3987  -8.6156
 -0.7362   2.2799  10.3304  -8.4305
 -0.7417   2.3065  10.2618  -8.2459
 -0.7463   2.3289  10.1929  -8.0617
 -0.7498   2.3477  10.1234  -7.8777
 -0.7524   2.3633  10.0533  -7.6938
 -0.7541   2.3761   9.9825  -7.5100
 -0.7548   2.3866   9.9107  -7.3261
 -0.7547   2.3949   9.8380  -7.1421
 -0.7536   2.4013   9.7642  -6.9579
 -0.7518   2.4062   9.6892  -6.7733
 -0.7491   2.4096   9.6128  -6.5882
 -0.7456   2.4117   9.5349  -6.4027
 -0.7413   2.4126   9.4555  -6.2166
 -0.7362   2.4125   9.3743  -6.0299
 -0.7304   2.4114   9.2913  -5.8424
 -0.7238   2.4095   9.2063  -5.6542
 -0.7166   2.4067   9.1192  -5.4650
 -0.7086   2.4032   9.0300  -5.2750
 -0.7000   2.3990   8.9383  -5.0839
 -0.6907   2.3940   8.8443  -4.8918
 -0.6808   2.3884   8.7476  -4.6986
 -0.6703   2.3822   8.6482  -4.5041
 -0.6592   2.3753   8.5460  -4.3085
 -0.6475   2.3677   8.4408  -4.1116
 -0.6353   2.3594   8.3325  -3.9133
 -0.6225   2.3505   8.2211  -3.7137
 -0.6092   2.3409   8.1063  -3.5126
 -0.5955   2.3306   7.9881  -3.3101
 -0.5813   2.3195   7.8663  -3.1060
 -0.5667   2.3076   7.7408  -2.9004
 -0.5516   2.2949   7.6116  -2.6932
 -0.5362   2.2813   7.4784  -2.4844
 -0.5204   2.2667   7.3413  -2.2738
 -0.5042   2.2511   7.2000  -2.0616
 -0.4878   2.2343   7.0545  -1.8476
 -0.4710   2.2163   6.9048  -1.6319
 -0.4540   2.1970   6.7506  -1.4143
 -0.4368   2.1763   6.5919  -1.1949
 -0.4194   2.1539   6.4286  -0.9736
 -0.4018   2.1297   6.2606  -0.7504
 -0.3840   2.1035   6.0880  -0.5253
 -0.3661   2.0751   5.9105  -0.2982
 -0.3481   2.0442   5.7281  -0.0692
 -0.3300   2.0105   5.5407   0.1619
 -0.3119   1.9736   5.3483   0.3950
 -0.2937   1.9331   5.1509   0.6302
 -0.2755   1.8885   4.9484   0.8676
 -0.2573   1.8393   4.7407   1.1070
 -0.2391   1.7849   4.5278   1.3486
 -0.2210   1.7243   4.3097   1.5924
 -0.2029   1.6568   4.0863   1.8384
 -0.1848   1.5814   3.8576   2.0867
 -0.1668   1.4968   3.6237   2.3374
 -0.1488   1.4017   3.3844   2.5903
 -0.1308   1.2944   3.1397   2.8457
 -0.1127   1.1731   2.8897   3.1035
 -0.0947   1.0356   2.6344   3.3638
 -0.0765   0.8793   2.3737   3.6266
 -0.0581   0.7014   2.1076   3.8921
 -0.0394   0.4983   1.8362   4.1602
 -0.0204   0.2662   1.5594   4.4310
 -0.0009   0.0002   1.2771   4.7047
 -0.0009   0.0002   1.2771   4.7047
  0.0112   0.4516   1.2026   2.5476
  0.0228   0.7765   1.0977   0.9567
  0.0336   1.0105   0.9708  -0.2169
  0.0436   1.1794   0.8288  -1.0825
  0.0526   1.3015   0.6770  -1.7206
  0.0606   1.3902   0.5196  -2.1903
  0.0677   1.4550   0.3597  -2.5353
  0.0739   1.5026   0.1994  -2.7879
  0.0791   1.5379   0.0406  -2.9720
  0.0834   1.5644  -0.1156  -3.1053
  0.0868   1.5846  -0.2683  -3.2010
  0.0893   1.6003  -0.4169  -3.2686
  0.0910   1.6128  -0.5610  -3.3156
  0.0919   1.6230  -0.7003  -3.3471
  0.0920   1.6315  -0.8347  -3.3672
  0.0913   1.6388  -0.9641  -3.3789
  0.0899   1.6453  -1.0884  -3.3844
  0.0877   1.6511  -1.2078  -3.3852
  0.0849   1.6566  -1.3222  -3.3827
  0.0814   1.6617  -1.4317  -3.3777
  0.0772   1.6666  -1.5364  -3.3708
  0.0724   1.6713  -1.6365  -3.3627
  0.0669   1.6759  -1.7319  -3.3537
  0.0609   1.6804  -1.8229  -3.3440
  0.0543   1.6848  -1.9095  -3.3339
  0.0471   1.6892  -1.9918  -3.3234
  0.0394   1.6936  -2.0700  -3.3129
  0.0312   1.6979  -2.1442  -3.3022
  0.0225   1.7022  -2.2144  -3.2915
  0.0133   1.7065  -2.2808  -3.2809
  0.0036   1.7108  -2.3435  -3.2703
 -0.0065   1.7151  -2.4026  -3.2599
 -0.0171   1.7193  -2.4581  -3.2495
 -0.0280   1.7235  -2.5103  -3.2392
 -0.0393   1.7277  -2.5591  -3.2291
 -0.0510   1.7319  -2.6046  -3.2191
 -0.0631   1.7361  -2.6471  -3.2093
 -0.0755   1.7402  -2.6865  -3.1996
 -0.0882   1.7444  -2.7229  -3.1901
 -0.1012   1.7485  -2.7564  -3.1807
 -0.1144   1.7526  -2.7871  -3.1714
 -0.1279   1.7567  -2.8151  -3.1623
 -0.1417   1.7608  -2.8404  -3.1533
 -0.1556   1.7649  -2.8631  -3.1444
 -0.1698   1.7690  -2.8833  -3.1357
 -0.1841   1.7730  -2.9011  -3.1271
 -0.1986   1.7770  -2.9165  -3.1186
 -0.2133   1.7810  -2.9296  -3.1103
 -0.2280   1.7850  -2.9404  -3.1020
 -0.2429   1.7890  -2.9490  -3.0939
 -0.2579   1.7930  -2.9555  -3.0859
 -0.2729   1.7969  -2.9599  -3.0780
 -0.2879   1.8009  -2.9622  -3.0701
 -0.3030   1.8048  -2.9626  -3.0624
 -0.3180   1.8088  -2.9611  -3.0548
 -0.3331   1.8127  -2.9576  -3.0472
 -0.3481   1.8166  -2.9524  -3.0397
 -0.3630   1.8205  -2.9453  -3.0323
 -0.3779   1.8244  -2.9365  -3.0249
 -0.3927   1.8283  -2.9260  -3.0177
 -0.4073   1.8322  -2.9138  -3.0104
 -0.4218   1.8361  -2.9000  -3.0033
 -0.4361   1.8400  -2.8846  -2.9962
 -0.4502   1.8439  -2.8677  -2.9891
 -0.4642   1.8478  -2.8492  -2.9820
 -0.4778   1.8518  -2.8292  -2.9750
 -0.4913   1.8557  -2.8078  -2.9681
 -0.5044   1.8596  -2.7849  -2.9611
 -0.5173   1.8636  -2.7606  -2.9542
 -0.5298   1.8676  -2.7350  -2.9473
 -0.5419   1.8716  -2.7079  -2.9404
 -0.5537   1.8756  -2.6796  -2.9335
 -0.5651   1.8796  -2.6499  -2.9266
 -0.5760   1.8837  -2.6190  -2.9197
 -0.5865   1.8878  -2.5867  -2.9128
 -0.5965   1.8920  -2.5533  -2.9059
 -0.6060   1.8961  -2.5185  -2.8989
 -0.6150   1.9004  -2.4826  -2.8920
 -0.6234   1.9046  -2.4454  -2.8850
 -0.6312   1.9089  -2.4071  -2.8780
 -0.6384   1.9133  -2.3675  -2.8709
 -0.6450   1.9177  -2.3268  -2.8638
 -0.6509   1.9222  -2.2849  -2.8567
 -0.6561   1.9267  -2.2418  -2.8495
 -0.6605   1.9313  -2.1976  -2.8422
 -0.6642   1.9360  -2.1523  -2.8349
 -0.6670   1.9407  -2.1057  -2.8275
 -0.6690   1.9455  -2.0581  -2.8200
 -0.6702   1.9504  -2.0092  -2.8124
 -0.6705   1.9553  -1.9593  -2.8048
 -0.6698   1.9603  -1.9082  -2.7970
 -0.6681   1.9654  -1.8559  -2.7890
 -0.6655   1.9705  -1.8025  -2.7809
 -0.6618   1.9756  -1.7479  -2.7727
 -0.6570   1.9808  -1.6921  -2.7642
 -0.6511   1.9859  -1.6351  -2.7555
 -0.6440   1.9910  -1.5770  -2.7464
 -0.6357   1.9959  -1.5176  -2.7369
 -0.6261   2.0006  -1.4571  -2.7269
 -0.6153   2.0050  -1.3953  -2.7163
 -0.6031   2.0088  -1.3323  -2.7048
 -0.5895   2.0119  -1.2680  -2.6922
 -0.5744   2.0140  -1.2024  -2.6782
 -0.5578   2.0145  -1.1356  -2.6622
 -0.5396   2.0131  -1.0674  -2.6436
 -0.5197   2.0088  -0.9980  -2.6216
 -0.4980   2.0007  -0.9273  -2.5949
 -0.4744   1.9873  -0.8552  -2.5619
 -0.4488   1.9668  -0.7819  -2.5205
 -0.4210   1.9367  -0.7073  -2.4677
 -0.3907   1.8934  -0.6314  -2.3995
 -0.3577   1.8324  -0.5544  -2.3103
 -0.3217   1.7474  -0.4763  -2.1929
 -0.2822   1.6302  -0.3973  -2.0373
 -0.2385   1.4694  -0.3176  -1.8297
 -0.1900   1.2499  -0.2373  -1.5518
 -0.1355   0.9514  -0.1571  -1.1787
 -0.0739   0.5470  -0.0774  -0.6767
 -0.0032   0.0003   0.0009  -0.0001
 -0.0033   0.0003   0.0008  -0.0002
  6.5793  -5.2867  -0.0807   0.0138
  6.5538  -4.9422   0.1670  -0.4624
  6.5249  -4.6019   0.4055  -0.8638
  6.4926  -4.2655   0.6352  -1.2019
  6.4567  -3.9330   0.8563  -1.4861
  6.4172  -3.6041   1.0692  -1.7244
  6.3740  -3.2789   1.2742  -1.9236
  6.3272  -2.9571   1.4714  -2.0895
  6.2766  -2.6388   1.6611  -2.2268
  6.2224  -2.3238   1.8436  -2.3399
  6.1643  -2.0121   2.0189  -2.4323
  6.1025  -1.7036   2.1873  -2.5069
  6.0369  -1.3983   2.3488  -2.5665
  5.9675  -1.0960   2.5037  -2.6131
  5.8944  -0.7968   2.6521  -2.6488
  5.8176  -0.5005   2.7940  -2.6751
  5.7371  -0.2073   2.9296  -2.6934
  5.6529   0.0831   3.0589  -2.7049
  5.5652   0.3706   3.1820  -2.7105
  5.4739   0.6553   3.2989  -2.7112
  5.3791   0.9373   3.4098  -2.7077
  5.2809   1.2164   3.5147  -2.7005
  5.1794   1.4929   3.6136  -2.6904
  5.0746   1.7667   3.7065  -2.6776
  4.9666   2.0379   3.7936  -2.6627
  4.8556   2.3065   3.8747  -2.6459
  4.7415   2.5726   3.9499  -2.6275
  4.6246   2.8361   4.0192  -2.6078
  4.5048   3.0972   4.0827  -2.5870
  4.3824   3.3559   4.1403  -2.5652
  4.2574   3.6123   4.1920  -2.5426
  4.1298   3.8664   4.2378  -2.5193
  3.9999   4.1182   4.2777  -2.4954
  3.8677   4.3678   4.3116  -2.4710
  3.7333   4.6153   4.3396  -2.4461
  3.5968   4.8607   4.3615  -2.4207
  3.4584   5.1041   4.3775  -2.3948
  3.3181   5.3456   4.3873  -2.3684
  3.1759   5.5852   4.3908  -2.3413
  3.0319   5.8227   4.3877  -2.3128
  2.8846   6.0564   4.3726  -2.2789
  2.7417   6.2917   4.3655  -2.2532
  2.5966   6.5258   4.3512  -2.2258
  2.4492   6.7585   4.3291  -2.1968
  2.3015   6.9906   4.3032  -2.1685
  2.1534   7.2220   4.2732  -2.1408
  2.0048   7.4531   4.2390  -2.1134
  1.8555   7.6844   4.2004  -2.0860
  1.7055   7.9161   4.1574  -2.0585
  1.5561   8.1459   4.1098  -2.0306
  1.4064   8.3770   4.0591  -2.0035
  1.2553   8.6111   4.0047  -1.9774
  1.1043   8.8431   3.9438  -1.9501
  0.9529   9.0759   3.8782  -1.9229
  0.8008   9.3122   3.8101  -1.8973
  0.6486   9.5498   3.7379  -1.8718
  0.4970   9.7822   3.6558  -1.8423
  0.3441  10.0190   3.5700  -1.8131
  0.1906  10.2584   3.4797  -1.7844
  0.0365  10.5013   3.3858  -1.7568
 -0.1181  10.7462   3.2864  -1.7283
 -0.2723  10.9857   3.1755  -1.6943
 -0.4285  11.2341   3.0628  -1.6619
 -0.5852  11.4855   2.9452  -1.6290
 -0.7421  11.7331   2.8156  -1.5892
 -0.9009  11.9886   2.6830  -1.5490
 -1.0606  12.2472   2.5437  -1.5056
 -1.2214  12.5091   2.3976  -1.4584
 -1.3838  12.7749   2.2441  -1.4060
 -1.5460  13.0356   2.0772  -1.3428
 -1.7111  13.3101   1.9098  -1.2785
 -1.8762  13.5770   1.7261  -1.1977
 -2.0442  13.8548   1.5384  -1.1101
 -2.2147  14.1397   1.3440  -1.0121
 -2.3879  14.4319   1.1425  -0.9004
 -2.5636  14.7296   0.9320  -0.7702
 -2.7394  15.0203   0.7053  -0.6122
 -2.9205  15.3319   0.4791  -0.4396
 -3.1052  15.6497   0.2425  -0.2368
 -3.2934  15.9756  -0.0024   0.0001
 -3.2934  15.9756  -0.0024   0.0001
 -2.3473   9.2945  -1.1109  -1.0397
 -1.5646   4.2318  -2.1417  -1.8296
 -0.9232   0.4293  -3.1034  -2.4238
 -0.3985  -2.4070  -4.0025  -2.8637
  0.0320  -4.5097  -4.8443  -3.1809
  0.3875  -6.0595  -5.6330  -3.3996
  0.6837  -7.1944  -6.3719  -3.5384
  0.9327  -8.0192  -7.0638  -3.6117
  1.1440  -8.6129  -7.7110  -3.6309
  1.3248  -9.0350  -8.3155  -3.6047
  1.4808  -9.3301  -8.8792  -3.5402
  1.6160  -9.5315  -9.4036  -3.4430
  1.7338  -9.6642  -9.8902  -3.3177
  1.8363  -9.7468 -10.3402  -3.1679
  1.9256  -9.7931 -10.7550  -2.9968
  2.0029  -9.8135 -11.1357  -2.8070
  2.0694  -9.8157 -11.4834  -2.6007
  2.1259  -9.8052 -11.7992  -2.3797
  2.1730  -9.7863 -12.0841  -2.1458
  2.2114  -9.7621 -12.3392  -1.9004
  2.2413  -9.7348 -12.5653  -1.6448
  2.2632  -9.7059 -12.7635  -1.3801
  2.2773  -9.6767 -12.9347  -1.1075
  2.2840  -9.6479 -13.0797  -0.8279
  2.2834  -9.6201 -13.1994  -0.5421
  2.2757  -9.5936 -13.2948  -0.2509
  2.2612  -9.5686 -13.3666   0.0448
  2.2401  -9.5452 -13.4156   0.3444
  2.2124  -9.5234 -13.4428   0.6473
  2.1783  -9.5030 -13.4488   0.9528
  2.1381  -9.4841 -13.4344   1.2605
  2.0917  -9.4664 -13.4004   1.5697
  2.0395  -9.4498 -13.3476   1.8800
  1.9815  -9.4342 -13.2767   2.1909
  1.9179  -9.4192 -13.1884   2.5020
  1.8489  -9.4048 -13.0834   2.8129
  1.7745  -9.3907 -12.9624   3.1232
  1.6949  -9.3767 -12.8261   3.4325
  1.6102  -9.3626 -12.6752   3.7405
  1.5207  -9.3482 -12.5102   4.0469
  1.4264  -9.3333 -12.3319   4.3514
  1.3275  -9.3177 -12.1409   4.6536
  1.2242  -9.3012 -11.9378   4.9533
  1.1167  -9.2836 -11.7233   5.2502
  1.0050  -9.2647 -11.4979   5.5441
  0.8893  -9.2444 -11.2622   5.8348
  0.7699  -9.2224 -11.0168   6.1219
  0.6468  -9.1987 -10.7623   6.4054
  0.5204  -9.1730 -10.4993   6.6850
  0.3906  -9.1452 -10.2284   6.9604
  0.2578  -9.1152  -9.9500   7.2315
  0.1222  -9.0827  -9.6648   7.4982
 -0.0161  -9.0478  -9.3733   7.7602
 -0.1570  -9.0102  -9.0761   8.0174
 -0.3000  -8.9698  -8.7737   8.2697
 -0.4451  -8.9265  -8.4666   8.5168
 -0.5921  -8.8803  -8.1553   8.7587
 -0.7406  -8.8309  -7.8405   8.9952
 -0.8905  -8.7784  -7.5226   9.2262
 -1.0416  -8.7227  -7.2021   9.4516
 -1.1935  -8.6636  -6.8795   9.6713
 -1.3461  -8.6011  -6.5554   9.8852
 -1.4991  -8.5351  -6.2303  10.0932
 -1.6521  -8.4657  -5.9047  10.2952
 -1.8051  -8.3927  -5.5790  10.4911
 -1.9576  -8.3161  -5.2539  10.6810
 -2.1094  -8.2360  -4.9297  10.8647
 -2.2602  -8.1522  -4.6070  11.0422
 -2.4097  -8.0647  -4.2863  11.2135
 -2.5576  -7.9737  -3.9681  11.3786
 -2.7037  -7.8790  -3.6529  11.5374
 -2.8475  -7.7808  -3.3410  11.6900
 -2.9888  -7.6789  -3.0332  11.8364
 -3.1272  -7.5736  -2.7297  11.9767
 -3.2624  -7.4648  -2.4312  12.1108
 -3.3942  -7.3525  -2.1381  12.2388
 -3.5220  -7.2369  -1.8508  12.3609
 -3.6457  -7.1180  -1.5699  12.4770
 -3.7647  -6.9960  -1.2958  12.5873
 -3.8789  -6.8708  -1.0290  12.6919
 -3.9878  -6.7427  -0.7701  12.7909
 -4.0910  -6.6117  -0.5193  12.8845
 -4.1881  -6.4780  -0.2774  12.9727
 -4.2789  -6.3417  -0.0447  13.0558
 -4.3629  -6.2030   0.1784  13.1340
 -4.4396  -6.0620   0.3912  13.2073
 -4.5088  -5.9190   0.5933  13.2760
 -4.5700  -5.7740   0.7843  13.3403
 -4.6229  -5.6274   0.9635  13.4003
 -4.6669  -5.4792   1.1307  13.4564
 -4.7017  -5.3298   1.2851  13.5086
 -4.7270  -5.1794   1.4264  13.5573
 -4.7421  -5.0281   1.5541  13.6025
 -4.7468  -4.8763   1.6676  13.6446
 -4.7406  -4.7242   1.7663  13.6835
 -4.7230  -4.5721   1.8499  13.7195
 -4.6936  -4.4202   1.9178  13.7526
 -4.6520  -4.2688   1.9695  13.7827
 -4.5977  -4.1181   2.0045  13.8098
 -4.5303  -3.9684   2.0223  13.8334
 -4.4492  -3.8198   2.0224  13.8531
 -4.3540  -3.6725   2.0044  13.8679
 -4.2442  -3.5267   1.9680  13.8767
 -4.1194  -3.3823   1.9127  13.8773
 -3.9789  -3.2392   1.8384  13.8669
 -3.8223  -3.0971   1.7449  13.8416
 -3.6490  -2.9554   1.6324  13.7955
 -3.4585  -2.8134   1.5014  13.7205
 -3.2502  -2.6698   1.3525  13.6052
 -3.0234  -2.5226   1.1871  13.4333
 -2.7774  -2.3692   1.0074  13.1822
 -2.5115  -2.2059   0.8168  12.8203
 -2.2248  -2.0275   0.6201  12.3030
 -1.9164  -1.8268   0.4243  11.5679
 -1.5852  -1.5942   0.2397  10.5274
 -1.2297  -1.3165   0.0806   9.0589
 -0.8484  -0.9757  -0.0327   6.9906
 -0.4391  -0.5478  -0.0724   4.0826
 -0.4219  -0.5300  11.6466 -12.0473
 -0.4546  -0.1138  11.5659 -11.8303
 -0.4850   0.2454  11.4867 -11.6167
 -0.5131   0.5553  11.4091 -11.4063
 -0.5393   0.8227  11.3329 -11.1989
 -0.5635   1.0532  11.2580 -10.9941
 -0.5860   1.2519  11.1843 -10.7919
 -0.6068   1.4232  11.1118 -10.5920
 -0.6261   1.5708  11.0402 -10.3943
 -0.6438   1.6978  10.9695 -10.1985
 -0.6602   1.8072  10.8996 -10.0044
 -0.6751   1.9012  10.8303  -9.8120
 -0.6887   1.9821  10.7616  -9.6210
 -0.7010   2.0515  10.6933  -9.4314
 -0.7120   2.1110  10.6254  -9.2429
 -0.7219   2.1619  10.5577  -9.0553
 -0.7306   2.2055  10.4900  -8.8687
 -0.7382   2.2426  10.4224  -8.6828
 -0.7446   2.2743  10.3546  -8.4975
 -0.7501   2.3011  10.2866  -8.3127
 -0.7545   2.3237  10.2182  -8.1283
 -0.7578   2.3427  10.1493  -7.9442
 -0.7603   2.3586  10.0798  -7.7602
 -0.7617   2.3717  10.0095  -7.5763
 -0.7622   2.3824   9.9385  -7.3923
 -0.7619   2.3909   9.8665  -7.2082
 -0.7606   2.3977   9.7933  -7.0238
 -0.7585   2.4028   9.7190  -6.8392
 -0.7556   2.4065   9.6434  -6.6541
 -0.7518   2.4088   9.5663  -6.4685
 -0.7472   2.4100   9.4876  -6.2823
 -0.7419   2.4102   9.4073  -6.0955
 -0.7358   2.4094   9.3251  -5.9080
 -0.7290   2.4077   9.2409  -5.7197
 -0.7214   2.4052   9.1547  -5.5305
 -0.7132   2.4019   9.0663  -5.3403
 -0.7043   2.3979   8.9756  -5.1492
 -0.6947   2.3933   8.8824  -4.9570
 -0.6845   2.3879   8.7867  -4.7637
 -0.6737   2.3818   8.6882  -4.5692
 -0.6623   2.3751   8.5869  -4.3734
 -0.6503   2.3678   8.4827  -4.1764
 -0.6378   2.3598   8.3754  -3.9780
 -0.6247   2.3510   8.2648  -3.7782
 -0.6111   2.3416   8.1510  -3.5770
 -0.5971   2.3315   8.0337  -3.3744
 -0.5826   2.3206   7.9129  -3.1701
 -0.5677   2.3088   7.7884  -2.9643
 -0.5524   2.2963   7.6601  -2.7569
 -0.5367   2.2828   7.5278  -2.5479
 -0.5206   2.2683   7.3916  -2.3371
 -0.5042   2.2528   7.2512  -2.1246
 -0.4875   2.2362   7.1067  -1.9104
 -0.4705   2.2183   6.9577  -1.6943
 -0.4533   2.1991   6.8044  -1.4764
 -0.4359   2.1784   6.6465  -1.2567
 -0.4182   2.1561   6.4840  -1.0351
 -0.4004   2.1319   6.3169  -0.8115
 -0.3825   2.1058   6.1449  -0.5860
 -0.3644   2.0774   5.9681  -0.3585
 -0.3463   2.0465   5.7864  -0.1290
 -0.3281   2.0128   5.5997   0.1025
 -0.3099   1.9759   5.4079   0.3361
 -0.2916   1.9354   5.2110   0.5718
 -0.2733   1.8908   5.0090   0.8097
 -0.2551   1.8415   4.8018   1.0497
 -0.2369   1.7870   4.5893   1.2919
 -0.2188   1.7263   4.3715   1.5363
 -0.2007   1.6588   4.1484   1.7829
 -0.1827   1.5832   3.9200   2.0319
 -0.1647   1.4985   3.6862   2.2832
 -0.1468   1.4032   3.4471   2.5368
 -0.1290   1.2958   3.2025   2.7929
 -0.1111   1.1743   2.9526   3.0514
 -0.0932   1.0367   2.6972   3.3125
 -0.0752   0.8802   2.4364   3.5761
 -0.0571   0.7021   2.1701   3.8423
 -0.0388   0.4988   1.8985   4.1112
 -0.0201   0.2664   1.6213   4.3829
 -0.0009   0.0002   1.3388   4.6574
 -0.0009   0.0002   1.3388   4.6574
  0.0098   0.4514   1.2614   2.5187
  0.0201   0.7762   1.1543   0.9418
  0.0297   1.0103   1.0256  -0.2213
  0.0385   1.1793   0.8822  -1.0790
  0.0464   1.3016   0.7292  -1.7111
  0.0534   1.3904   0.5708  -2.1763
  0.0595   1.4553   0.4100  -2.5180
  0.0646   1.5030   0.2490  -2.7681
  0.0689   1.5384   0.0895  -2.9504
  0.0723   1.5650  -0.0673  -3.0824
  0.0749   1.5853  -0.2205  -3.1770
  0.0767   1.6010  -0.3697  -3.2440
  0.0776   1.6135  -0.5142  -3.2904
  0.0778   1.6237  -0.6540  -3.3216
  0.0772   1.6322  -0.7889  -3.3415
  0.0759   1.6396  -0.9187  -3.3531
  0.0739   1.6460  -1.0436  -3.3585
  0.0712   1.6519  -1.1634  -3.3593
  0.0679   1.6573  -1.2782  -3.3568
  0.0639   1.6623  -1.3882  -3.3518
  0.0592   1.6672  -1.4934  -3.3450
  0.0540   1.6719  -1.5939  -3.3370
  0.0481   1.6764  -1.6898  -3.3280
  0.0417   1.6809  -1.7813  -3.3184
  0.0348   1.6853  -1.8683  -3.3083
  0.0273   1.6896  -1.9511  -3.2980
  0.0193   1.6939  -2.0298  -3.2875
  0.0108   1.6982  -2.1044  -3.2769
  0.0019   1.7025  -2.1752  -3.2664
 -0.0076   1.7067  -2.2421  -3.2558
 -0.0174   1.7109  -2.3052  -3.2453
 -0.0277   1.7151  -2.3648  -3.2349
 -0.0384   1.7192  -2.4209  -3.2246
 -0.0495   1.7234  -2.4735  -3.2144
 -0.0609   1.7275  -2.5228  -3.2044
 -0.0727   1.7317  -2.5689  -3.1945
 -0.0848   1.7358  -2.6118  -3.1847
 -0.0972   1.7398  -2.6517  -3.1751
 -0.1100   1.7439  -2.6887  -3.1656
 -0.1230   1.7480  -2.7227  -3.1562
 -0.1362   1.7520  -2.7540  -3.1470
 -0.1497   1.7560  -2.7825  -3.1379
 -0.1634   1.7600  -2.8083  -3.1290
 -0.1773   1.7640  -2.8316  -3.1202
 -0.1914   1.7680  -2.8523  -3.1115
 -0.2057   1.7720  -2.8707  -3.1030
 -0.2201   1.7759  -2.8866  -3.0945
 -0.2346   1.7798  -2.9002  -3.0862
 -0.2493   1.7838  -2.9116  -3.0780
 -0.2640   1.7877  -2.9207  -3.0699
 -0.2788   1.7916  -2.9277  -3.0620
 -0.2937   1.7954  -2.9327  -3.0541
 -0.3085   1.7993  -2.9356  -3.0463
 -0.3234   1.8032  -2.9365  -3.0386
 -0.3383   1.8070  -2.9356  -3.0310
 -0.3532   1.8109  -2.9327  -3.0234
 -0.3680   1.8147  -2.9280  -3.0160
 -0.3827   1.8185  -2.9215  -3.0086
 -0.3973   1.8224  -2.9132  -3.0013
 -0.4119   1.8262  -2.9033  -2.9940
 -0.4262   1.8300  -2.8917  -2.9868
 -0.4405   1.8338  -2.8784  -2.9797
 -0.4546   1.8377  -2.8636  -2.9726
 -0.4684   1.8415  -2.8472  -2.9656
 -0.4821   1.8454  -2.8293  -2.9586
 -0.4955   1.8492  -2.8098  -2.9516
 -0.5086   1.8531  -2.7890  -2.9446
 -0.5215   1.8569  -2.7666  -2.9377
 -0.5340   1.8608  -2.7429  -2.9308
 -0.5462   1.8647  -2.7178  -2.9239
 -0.5581   1.8687  -2.6913  -2.9171
 -0.5696   1.8726  -2.6635  -2.9102
 -0.5806   1.8766  -2.6344  -2.9033
 -0.5912   1.8806  -2.6040  -2.8965
 -0.6014   1.8847  -2.5723  -2.8896
 -0.6111   1.8887  -2.5393  -2.8827
 -0.6203   1.8929  -2.5051  -2.8758
 -0.6289   1.8970  -2.4697  -2.8689
 -0.6370   1.9012  -2.4331  -2.8619
 -0.6445   1.9055  -2.3952  -2.8550
 -0.6513   1.9098  -2.3562  -2.8479
 -0.6575   1.9141  -2.3160  -2.8409
 -0.6631   1.9185  -2.2746  -2.8338
 -0.6679   1.9230  -2.2320  -2.8266
 -0.6720   1.9276  -2.1883  -2.8194
 -0.6753   1.9322  -2.1434  -2.8121
 -0.6778   1.9368  -2.0974  -2.8047
 -0.6795   1.9416  -2.0502  -2.7973
 -0.6803   1.9464  -2.0018  -2.7897
 -0.6802   1.9513  -1.9523  -2.7821
 -0.6791   1.9562  -1.9016  -2.7743
 -0.6771   1.9613  -1.8498  -2.7664
 -0.6741   1.9663  -1.7968  -2.7584
 -0.6701   1.9714  -1.7426  -2.7502
 -0.6649   1.9765  -1.6872  -2.7417
 -0.6586   1.9816  -1.6307  -2.7330
 -0.6512   1.9866  -1.5729  -2.7240
 -0.6425   1.9915  -1.5139  -2.7146
 -0.6326   1.9961  -1.4537  -2.7047
 -0.6214   2.0004  -1.3922  -2.6941
 -0.6089   2.0042  -1.3295  -2.6827
 -0.5949   2.0072  -1.2656  -2.6702
 -0.5795   2.0092  -1.2003  -2.6562
 -0.5625   2.0098  -1.1337  -2.6403
 -0.5440   2.0083  -1.0659  -2.6218
 -0.5237   2.0040  -0.9967  -2.5999
 -0.5017   1.9958  -0.9262  -2.5734
 -0.4778   1.9824  -0.8544  -2.5406
 -0.4518   1.9619  -0.7812  -2.4995
 -0.4236   1.9318  -0.7068  -2.4471
 -0.3930   1.8885  -0.6311  -2.3793
 -0.3598   1.8276  -0.5542  -2.2908
 -0.3234   1.7428  -0.4763  -2.1743
 -0.2836   1.6258  -0.3973  -2.0198
 -0.2396   1.4653  -0.3176  -1.8139
 -0.1908   1.2464  -0.2375  -1.5383
 -0.1361   0.9487  -0.1572  -1.1683
 -0.0741   0.5454  -0.0775  -0.6706
 -0.0032   0.0003   0.0009  -0.0001
  6.5653  -5.2750  -0.0805   0.0139
  6.5410  -4.9341   0.1662  -0.4771
  6.5133  -4.5972   0.4038  -0.8919
  6.4821  -4.2642   0.6328  -1.2415
  6.4473  -3.9349   0.8534  -1.5354
  6.4090  -3.6091   1.0658  -1.7819
  6.3670  -3.2869   1.2703  -1.9878
  6.3213  -2.9681   1.4672  -2.1590
  6.2720  -2.6527   1.6567  -2.3006
  6.2189  -2.3405   1.8389  -2.4168
  6.1621  -2.0315   2.0140  -2.5114
  6.1015  -1.7256   2.1822  -2.5876
  6.0371  -1.4228   2.3437  -2.6479
  5.9690  -1.1230   2.4985  -2.6947
  5.8971  -0.8262   2.6467  -2.7299
  5.8216  -0.5323   2.7885  -2.7552
  5.7423  -0.2413   2.9240  -2.7722
  5.6594   0.0468   3.0531  -2.7819
  5.5729   0.3322   3.1761  -2.7854
  5.4829   0.6148   3.2929  -2.7837
  5.3894   0.8946   3.4037  -2.7775
  5.2925   1.1718   3.5084  -2.7675
  5.1922   1.4463   3.6071  -2.7542
  5.0886   1.7182   3.6998  -2.7382
  4.9819   1.9876   3.7866  -2.7198
  4.8721   2.2543   3.8674  -2.6994
  4.7593   2.5186   3.9424  -2.6774
  4.6436   2.7805   4.0115  -2.6538
  4.5251   3.0399   4.0747  -2.6291
  4.4039   3.2970   4.1320  -2.6033
  4.2800   3.5518   4.1834  -2.5766
  4.1537   3.8043   4.2290  -2.5491
  4.0250   4.0546   4.2687  -2.5210
  3.8940   4.3028   4.3025  -2.4922
  3.7608   4.5489   4.3305  -2.4630
  3.6256   4.7930   4.3526  -2.4332
  3.4884   5.0351   4.3688  -2.4030
  3.3494   5.2755   4.3791  -2.3723
  3.2086   5.5141   4.3837  -2.3412
  3.0663   5.7511   4.3826  -2.3097
  2.9225   5.9866   4.3760  -2.2779
  2.7775   6.2209   4.3640  -2.2458
  2.6312   6.4539   4.3464  -2.2131
  2.4841   6.6862   4.3244  -2.1807
  2.3362   6.9177   4.2976  -2.1483
  2.1876   7.1489   4.2666  -2.1161
  2.0385   7.3797   4.2312  -2.0841
  1.8889   7.6104   4.1915  -2.0523
  1.7389   7.8411   4.1477  -2.0207
  1.5887   8.0721   4.0998  -1.9895
  1.4381   8.3035   4.0479  -1.9587
  1.2874   8.5355   3.9922  -1.9284
  1.1363   8.7679   3.9315  -1.8979
  0.9849   9.0011   3.8662  -1.8675
  0.8332   9.2352   3.7967  -1.8374
  0.6811   9.4702   3.7218  -1.8069
  0.5286   9.7062   3.6418  -1.7762
  0.3757   9.9435   3.5565  -1.7452
  0.2224  10.1822   3.4658  -1.7138
  0.0686  10.4225   3.3698  -1.6819
 -0.0858  10.6645   3.2678  -1.6492
 -0.2408  10.9084   3.1597  -1.6154
 -0.3965  11.1544   3.0457  -1.5804
 -0.5529  11.4026   2.9251  -1.5437
 -0.7102  11.6533   2.7982  -1.5052
 -0.8684  11.9066   2.6645  -1.4642
 -1.0276  12.1630   2.5241  -1.4205
 -1.1881  12.4224   2.3763  -1.3728
 -1.3498  12.6852   2.2213  -1.3208
 -1.5128  12.9517   2.0590  -1.2633
 -1.6774  13.2221   1.8890  -1.1993
 -1.8437  13.4968   1.7112  -1.1274
 -2.0119  13.7760   1.5255  -1.0458
 -2.1818  14.0604   1.3324  -0.9535
 -2.3543  14.3498   1.1304  -0.8468
 -2.5282  14.6463   0.9232  -0.7264
 -2.7057  14.9476   0.7045  -0.5841
 -2.8861  15.2554   0.4773  -0.4188
 -3.0697  15.5704   0.2416  -0.2259
 -3.2567  15.8930  -0.0028   0.0001
 -3.2567  15.8930  -0.0028   0.0001
 -2.3094   9.1891  -1.1246  -1.0833
 -1.5280   4.1352  -2.1672  -1.9055
 -0.8891   0.3588  -3.1393  -2.5237
 -0.3668  -2.4467  -4.0478  -2.9815
  0.0622  -4.5217  -4.8983  -3.3118
  0.4173  -6.0496  -5.6948  -3.5399
  0.7138  -7.1688  -6.4409  -3.6853
  0.9639  -7.9829  -7.1395  -3.7629
  1.1767  -8.5699  -7.7928  -3.7845
  1.3593  -8.9877  -8.4029  -3.7591
  1.5171  -9.2802  -8.9716  -3.6940
  1.6541  -9.4799  -9.5005  -3.5951
  1.7735  -9.6115  -9.9912  -3.4670
  1.8776  -9.6932 -10.4448  -3.3137
  1.9683  -9.7388 -10.8627  -3.1382
  2.0469  -9.7586 -11.2460  -2.9433
  2.1145  -9.7603 -11.5960  -2.7313
  2.1720  -9.7496 -11.9136  -2.5041
  2.2200  -9.7306 -12.1999  -2.2635
  2.2591  -9.7065 -12.4559  -2.0110
  2.2897  -9.6796 -12.6826  -1.7479
  2.3122  -9.6513 -12.8809  -1.4755
  2.3269  -9.6229 -13.0518  -1.1948
  2.3340  -9.5952 -13.1962  -0.9068
  2.3338  -9.5687 -13.3150  -0.6125
  2.3265  -9.5436 -13.4090  -0.3127
  2.3122  -9.5202 -13.4790  -0.0082
  2.2912  -9.4985 -13.5260   0.3002
  2.2635  -9.4786 -13.5508   0.6120
  2.2295  -9.4602 -13.5541   0.9265
  2.1891  -9.4433 -13.5367   1.2430
  2.1427  -9.4278 -13.4995   1.5611
  2.0902  -9.4133 -13.4431   1.8802
  2.0319  -9.3999 -13.3684   2.1998
  1.9679  -9.3871 -13.2760   2.5195
  1.8983  -9.3749 -13.1667   2.8388
  1.8233  -9.3630 -13.0411   3.1574
  1.7430  -9.3511 -12.9000   3.4749
  1.6576  -9.3392 -12.7441   3.7908
  1.5672  -9.3269 -12.5740   4.1049
  1.4720  -9.3140 -12.3904   4.4168
  1.3721  -9.3004 -12.1939   4.7263
  1.2677  -9.2858 -11.9851   5.0330
  1.1589  -9.2700 -11.7648   5.3366
  1.0458  -9.2529 -11.5335   5.6370
  0.9288  -9.2343 -11.2918   5.9338
  0.8079  -9.2139 -11.0403   6.2268
  0.6832  -9.1917 -10.7796   6.5158
  0.5551  -9.1674 -10.5104   6.8006
  0.4236  -9.1409 -10.2331   7.0809
  0.2890  -9.1120  -9.9484   7.3566
  0.1514  -9.0806  -9.6569   7.6275
  0.0110  -9.0466  -9.3590   7.8935
 -0.1319  -9.0098  -9.0554   8.1542
 -0.2771  -8.9702  -8.7466   8.4096
 -0.4245  -8.9275  -8.4332   8.6596
 -0.5737  -8.8816  -8.1157   8.9039
 -0.7246  -8.8326  -7.7946   9.1425
 -0.8770  -8.7803  -7.4704   9.3753
 -1.0305  -8.7245  -7.1438   9.6020
 -1.1850  -8.6653  -6.8152   9.8226
 -1.3402  -8.6025  -6.4852  10.0371
 -1.4958  -8.5362  -6.1543  10.2452
 -1.6515  -8.4662  -5.8229  10.4470
 -1.8071  -8.3925  -5.4917  10.6424
 -1.9623  -8.3150  -5.1611  10.8312
 -2.1168  -8.2338  -4.8316  11.0136
 -2.2704  -8.1489  -4.5038  11.1893
 -2.4226  -8.0601  -4.1781  11.3585
 -2.5732  -7.9676  -3.8551  11.5211
 -2.7220  -7.8713  -3.5352  11.6770
 -2.8684  -7.7712  -3.2190  11.8264
 -3.0124  -7.6675  -2.9069  11.9692
 -3.1534  -7.5600  -2.5994  12.1055
 -3.2912  -7.4489  -2.2970  12.2353
 -3.4254  -7.3343  -2.0003  12.3587
 -3.5557  -7.2161  -1.7096  12.4758
 -3.6817  -7.0945  -1.4255  12.5867
 -3.8031  -6.9696  -1.1484  12.6914
 -3.9194  -6.8415  -0.8789  12.7902
 -4.0304  -6.7103  -0.6175  12.8831
 -4.1356  -6.5760  -0.3645  12.9703
 -4.2347  -6.4390  -0.1205  13.0520
 -4.3272  -6.2992   0.1140  13.1283
 -4.4128  -6.1569   0.3385  13.1995
 -4.4911  -6.0122   0.5526  13.2657
 -4.5617  -5.8654   0.7558  13.3271
 -4.6241  -5.7165   0.9475  13.3840
 -4.6780  -5.5659   1.1272  13.4366
 -4.7230  -5.4137   1.2946  13.4851
 -4.7586  -5.2602   1.4490  13.5298
 -4.7844  -5.1056   1.5899  13.5709
 -4.8000  -4.9501   1.7169  13.6086
 -4.8049  -4.7941   1.8295  13.6431
 -4.7987  -4.6378   1.9271  13.6746
 -4.7811  -4.4815   2.0091  13.7033
 -4.7514  -4.3255   2.0752  13.7292
 -4.7093  -4.1700   2.1247  13.7524
 -4.6544  -4.0153   2.1571  13.7727
 -4.5861  -3.8617   2.1721  13.7899
 -4.5040  -3.7094   2.1690  13.8035
 -4.4075  -3.5587   2.1474  13.8126
 -4.2963  -3.4096   2.1069  13.8161
 -4.1699  -3.2623   2.0472  13.8119
 -4.0276  -3.1166   1.9681  13.7975
 -3.8690  -2.9725   1.8693  13.7687
 -3.6935  -2.8295   1.7511  13.7199
 -3.5006  -2.6868   1.6137  13.6431
 -3.2896  -2.5434   1.4580  13.5270
 -3.0600  -2.3975   1.2852  13.3555
 -2.8110  -2.2467   1.0976  13.1063
 -2.5419  -2.0876   0.8983  12.7476
 -2.2518  -1.9154   0.6922  12.2354
 -1.9397  -1.7233   0.4863  11.5073
 -1.6045  -1.5023   0.2908  10.4759
 -1.2447  -1.2397   0.1200   9.0187
 -0.8588  -0.9186  -0.0058   6.9636
 -0.4446  -0.5159  -0.0587   4.0696
