  0.6500  -1.5690   0.6000  -1.8000
  0.6500  -1.5690   0.6000  -1.8000
  0.6500  -1.5689   0.6001  -1.8000
  0.6501  -1.5688   0.6002  -1.8001
  0.6502  -1.5686   0.6005  -1.8002
  0.6503  -1.5683   0.6008  -1.8004
  0.6505  -1.5679   0.6012  -1.8006
  0.6507  -1.5674   0.6017  -1.8009
  0.6510  -1.5669   0.6023  -1.8011
  0.6513  -1.5663   0.6030  -1.8015
  0.6516  -1.5656   0.6037  -1.8019
  0.6519  -1.5648   0.6046  -1.8023
  0.6523  -1.5640   0.6055  -1.8027
  0.6528  -1.5631   0.6065  -1.8032
  0.6532  -1.5621   0.6076  -1.8038
  0.6537  -1.5611   0.6087  -1.8043
  0.6542  -1.5600   0.6099  -1.8049
  0.6548  -1.5589   0.6112  -1.8056
  0.6553  -1.5576   0.6125  -1.8062
  0.6559  -1.5564   0.6140  -1.8069
  0.6566  -1.5550   0.6154  -1.8076
  0.6572  -1.5537   0.6170  -1.8084
  0.6579  -1.5522   0.6186  -1.8091
  0.6586  -1.5507   0.6202  -1.8099
  0.6593  -1.5492   0.6219  -1.8107
  0.6600  -1.5476   0.6237  -1.8116
  0.6608  -1.5460   0.6255  -1.8124
  0.6616  -1.5443   0.6274  -1.8133
  0.6624  -1.5426   0.6293  -1.8142
  0.6632  -1.5408   0.6312  -1.8151
  0.6640  -1.5390   0.6333  -1.8160
  0.6649  -1.5372   0.6353  -1.8169
  0.6658  -1.5353   0.6374  -1.8179
  0.6666  -1.5334   0.6395  -1.8188
  0.6675  -1.5315   0.6417  -1.8198
  0.6684  -1.5295   0.6439  -1.8208
  0.6694  -1.5275   0.6462  -1.8217
  0.6703  -1.5254   0.6484  -1.8227
  0.6712  -1.5234   0.6507  -1.8237
  0.6722  -1.5213   0.6531  -1.8247
  0.6731  -1.5192   0.6555  -1.8257
  0.6741  -1.5170   0.6579  -1.8267
  0.6751  -1.5149   0.6603  -1.8277
  0.6761  -1.5127   0.6627  -1.8287
  0.6771  -1.5105   0.6652  -1.8297
  0.6780  -1.5082   0.6677  -1.8307
  0.6790  -1.5060   0.6702  -1.8317
  0.6800  -1.5037   0.6727  -1.8327
  0.6811  -1.5015   0.6752  -1.8337
  0.6821  -1.4992   0.6778  -1.8347
  0.6831  -1.4969   0.6804  -1.8357
  0.6841  -1.4946   0.6830  -1.8366
  0.6851  -1.4923   0.6855  -1.8376
  0.6861  -1.4899   0.6881  -1.8385
  0.6871  -1.4876   0.6907  -1.8394
  0.6882  -1.4853   0.6934  -1.8403
  0.6892  -1.4829   0.6960  -1.8412
  0.6902  -1.4806   0.6986  -1.8421
  0.6912  -1.4783   0.7012  -1.8430
  0.6922  -1.4759   0.7038  -1.8439
  0.6932  -1.4736   0.7064  -1.8447
  0.6942  -1.4713   0.7090  -1.8455
  0.6952  -1.4689   0.7117  -1.8463
  0.6962  -1.4666   0.7143  -1.8471
  0.6972  -1.4643   0.7168  -1.8478
  0.6982  -1.4620   0.7194  -1.8486
  0.6992  -1.4597   0.7220  -1.8493
  0.7002  -1.4574   0.7245  -1.8499
  0.7012  -1.4552   0.7271  -1.8506
  0.7021  -1.4529   0.7296  -1.8512
  0.7031  -1.4507   0.7321  -1.8518
  0.7040  -1.4484   0.7346  -1.8524
  0.7050  -1.4462   0.7371  -1.8529
  0.7059  -1.4439   0.7396  -1.8535
  0.7068  -1.4417   0.7420  -1.8539
  0.7078  -1.4395   0.7445  -1.8544
  0.7087  -1.4373   0.7469  -1.8548
  0.7096  -1.4352   0.7493  -1.8552
  0.7105  -1.4330   0.7517  -1.8556
  0.7114  -1.4309   0.7540  -1.8559
  0.7123  -1.4287   0.7564  -1.8563
  0.7131  -1.4266   0.7587  -1.8565
  0.7140  -1.4245   0.7610  -1.8568
  0.7148  -1.4224   0.7632  -1.8570
  0.7157  -1.4204   0.7655  -1.8572
  0.7165  -1.4183   0.7677  -1.8573
  0.7174  -1.4163   0.7699  -1.8574
  0.7182  -1.4143   0.7720  -1.8575
  0.7190  -1.4123   0.7741  -1.8575
  0.7198  -1.4103   0.7762  -1.8575
  0.7206  -1.4084   0.7783  -1.8575
  0.7214  -1.4064   0.7804  -1.8574
  0.7221  -1.4045   0.7824  -1.8573
  0.7229  -1.4026   0.7843  -1.8572
  0.7236  -1.4008   0.7863  -1.8570
  0.7244  -1.3989   0.7882  -1.8567
  0.7251  -1.3971   0.7901  -1.8565
  0.7258  -1.3953   0.7919  -1.8562
  0.7265  -1.3936   0.7937  -1.8558
  0.7272  -1.3919   0.7955  -1.8554
  0.7279  -1.3902   0.7972  -1.8550
  0.7286  -1.3885   0.7989  -1.8545
  0.7293  -1.3869   0.8005  -1.8540
  0.7299  -1.3853   0.8021  -1.8535
  0.7306  -1.3838   0.8036  -1.8529
  0.7312  -1.3823   0.8051  -1.8522
  0.7318  -1.3808   0.8066  -1.8516
  0.7325  -1.3794   0.8080  -1.8508
  0.7331  -1.3780   0.8094  -1.8501
  0.7337  -1.3766   0.8107  -1.8492
  0.7343  -1.3753   0.8120  -1.8484
  0.7348  -1.3740   0.8132  -1.8474
  0.7354  -1.3728   0.8143  -1.8465
  0.7360  -1.3716   0.8154  -1.8455
  0.7365  -1.3705   0.8165  -1.8444
  0.7370  -1.3694   0.8175  -1.8433
  0.7375  -1.3683   0.8184  -1.8421
  0.7381  -1.3673   0.8193  -1.8409
  0.7386  -1.3664   0.8201  -1.8396
  0.7390  -1.3655   0.8209  -1.8383
  0.7390  -1.3655   0.8209  -1.8383
  0.7395  -1.3646   0.8216  -1.8369
  0.7403  -1.3652   0.8223  -1.8356
  0.7413  -1.3671   0.8231  -1.8342
  0.7426  -1.3703   0.8238  -1.8329
  0.7442  -1.3747   0.8246  -1.8316
  0.7460  -1.3800   0.8255  -1.8304
  0.7480  -1.3862   0.8263  -1.8291
  0.7502  -1.3932   0.8272  -1.8279
  0.7526  -1.4009   0.8281  -1.8267
  0.7552  -1.4092   0.8290  -1.8255
  0.7580  -1.4181   0.8299  -1.8243
  0.7609  -1.4274   0.8309  -1.8232
  0.7640  -1.4371   0.8319  -1.8221
  0.7671  -1.4471   0.8330  -1.8210
  0.7705  -1.4575   0.8340  -1.8199
  0.7739  -1.4682   0.8351  -1.8188
  0.7775  -1.4790   0.8363  -1.8177
  0.7811  -1.4901   0.8374  -1.8167
  0.7849  -1.5014   0.8386  -1.8156
  0.7888  -1.5127   0.8398  -1.8146
  0.7927  -1.5243   0.8410  -1.8136
  0.7967  -1.5358   0.8423  -1.8126
  0.8009  -1.5475   0.8436  -1.8117
  0.8051  -1.5592   0.8449  -1.8107
  0.8094  -1.5710   0.8462  -1.8098
  0.8137  -1.5828   0.8476  -1.8088
  0.8181  -1.5946   0.8490  -1.8079
  0.8226  -1.6064   0.8504  -1.8070
  0.8271  -1.6183   0.8519  -1.8061
  0.8317  -1.6300   0.8533  -1.8052
  0.8364  -1.6418   0.8548  -1.8043
  0.8411  -1.6536   0.8564  -1.8034
  0.8458  -1.6653   0.8579  -1.8025
  0.8506  -1.6769   0.8595  -1.8016
  0.8554  -1.6885   0.8610  -1.8007
  0.8603  -1.7001   0.8626  -1.7999
  0.8652  -1.7116   0.8643  -1.7990
  0.8701  -1.7230   0.8659  -1.7981
  0.8750  -1.7344   0.8676  -1.7973
  0.8800  -1.7456   0.8693  -1.7964
  0.8850  -1.7569   0.8710  -1.7955
  0.8900  -1.7680   0.8727  -1.7947
  0.8951  -1.7790   0.8744  -1.7938
  0.9001  -1.7900   0.8761  -1.7929
  0.9051  -1.8009   0.8779  -1.7920
  0.9102  -1.8117   0.8797  -1.7911
  0.9153  -1.8224   0.8815  -1.7902
  0.9203  -1.8330   0.8833  -1.7893
  0.9254  -1.8435   0.8851  -1.7884
  0.9304  -1.8540   0.8869  -1.7875
  0.9355  -1.8643   0.8888  -1.7866
  0.9405  -1.8746   0.8906  -1.7856
  0.9455  -1.8847   0.8925  -1.7847
  0.9505  -1.8947   0.8944  -1.7837
  0.9555  -1.9047   0.8962  -1.7827
  0.9604  -1.9145   0.8981  -1.7817
  0.9654  -1.9243   0.9000  -1.7807
  0.9702  -1.9339   0.9019  -1.7797
  0.9751  -1.9435   0.9038  -1.7786
  0.9799  -1.9529   0.9057  -1.7776
  0.9847  -1.9622   0.9076  -1.7765
  0.9894  -1.9715   0.9096  -1.7754
  0.9940  -1.9806   0.9115  -1.7742
  0.9987  -1.9896   0.9134  -1.7731
  1.0032  -1.9985   0.9153  -1.7719
  1.0077  -2.0073   0.9172  -1.7707
  1.0121  -2.0160   0.9192  -1.7695
  1.0165  -2.0246   0.9211  -1.7682
  1.0208  -2.0331   0.9230  -1.7670
  1.0250  -2.0415   0.9249  -1.7657
  1.0291  -2.0497   0.9268  -1.7643
  1.0331  -2.0578   0.9287  -1.7629
  1.0371  -2.0658   0.9306  -1.7615
  1.0410  -2.0737   0.9325  -1.7601
  1.0447  -2.0815   0.9344  -1.7586
  1.0484  -2.0891   0.9363  -1.7571
  1.0519  -2.0966   0.9381  -1.7556
  1.0554  -2.1039   0.9400  -1.7540
  1.0587  -2.1111   0.9418  -1.7524
  1.0620  -2.1182   0.9436  -1.7507
  1.0651  -2.1251   0.9454  -1.7490
  1.0680  -2.1318   0.9472  -1.7473
  1.0709  -2.1383   0.9490  -1.7455
  1.0736  -2.1446   0.9508  -1.7436
  1.0762  -2.1508   0.9525  -1.7418
  1.0786  -2.1567   0.9542  -1.7398
  1.0809  -2.1624   0.9559  -1.7378
  1.0831  -2.1678   0.9576  -1.7358
  1.0851  -2.1730   0.9592  -1.7337
  1.0869  -2.1778   0.9609  -1.7316
  1.0886  -2.1824   0.9625  -1.7294
  1.0901  -2.1866   0.9640  -1.7272
  1.0914  -2.1904   0.9656  -1.7249
  1.0926  -2.1938   0.9671  -1.7225
  1.0936  -2.1968   0.9686  -1.7201
  1.0944  -2.1993   0.9700  -1.7176
  1.0950  -2.2012   0.9715  -1.7151
  1.0954  -2.2026   0.9729  -1.7125
  1.0957  -2.2033   0.9742  -1.7098
  1.0957  -2.2033   0.9742  -1.7098
  1.0957  -2.2033   0.9755  -1.7071
  1.0958  -2.2026   0.9768  -1.7043
  1.0957  -2.2014   0.9782  -1.7015
  1.0957  -2.1996   0.9795  -1.6987
  1.0956  -2.1975   0.9808  -1.6958
  1.0955  -2.1950   0.9821  -1.6929
  1.0954  -2.1923   0.9834  -1.6900
  1.0952  -2.1893   0.9847  -1.6870
  1.0950  -2.1862   0.9859  -1.6840
  1.0949  -2.1829   0.9872  -1.6809
  1.0947  -2.1794   0.9884  -1.6778
  1.0945  -2.1759   0.9897  -1.6747
  1.0943  -2.1723   0.9909  -1.6715
  1.0941  -2.1687   0.9921  -1.6683
  1.0939  -2.1650   0.9932  -1.6651
  1.0936  -2.1613   0.9944  -1.6618
  1.0934  -2.1575   0.9955  -1.6584
  1.0932  -2.1538   0.9966  -1.6550
  1.0930  -2.1500   0.9977  -1.6516
  1.0929  -2.1463   0.9988  -1.6481
  1.0927  -2.1426   0.9998  -1.6445
  1.0926  -2.1389   1.0009  -1.6409
  1.0924  -2.1353   1.0018  -1.6373
  1.0923  -2.1317   1.0028  -1.6336
  1.0922  -2.1281   1.0037  -1.6299
  1.0921  -2.1245   1.0046  -1.6261
  1.0921  -2.1210   1.0055  -1.6222
  1.0921  -2.1176   1.0063  -1.6183
  1.0921  -2.1142   1.0071  -1.6143
  1.0921  -2.1108   1.0078  -1.6103
  1.0921  -2.1075   1.0086  -1.6062
  1.0922  -2.1043   1.0092  -1.6020
  1.0923  -2.1011   1.0099  -1.5978
  1.0925  -2.0980   1.0105  -1.5935
  1.0926  -2.0949   1.0110  -1.5891
  1.0928  -2.0919   1.0115  -1.5847
  1.0931  -2.0890   1.0120  -1.5802
  1.0933  -2.0862   1.0124  -1.5756
  1.0936  -2.0834   1.0127  -1.5710
  1.0939  -2.0806   1.0130  -1.5663
  1.0943  -2.0780   1.0133  -1.5615
  1.0947  -2.0754   1.0135  -1.5566
  1.0951  -2.0729   1.0136  -1.5517
  1.0955  -2.0705   1.0137  -1.5466
  1.0960  -2.0682   1.0137  -1.5415
  1.0965  -2.0659   1.0136  -1.5363
  1.0970  -2.0638   1.0135  -1.5310
  1.0976  -2.0617   1.0134  -1.5256
  1.0982  -2.0597   1.0131  -1.5202
  1.0988  -2.0577   1.0128  -1.5146
  1.0994  -2.0559   1.0124  -1.5090
  1.1001  -2.0541   1.0119  -1.5032
  1.1007  -2.0525   1.0114  -1.4974
  1.1014  -2.0509   1.0108  -1.4914
  1.1021  -2.0494   1.0101  -1.4853
  1.1028  -2.0480   1.0093  -1.4792
  1.1035  -2.0467   1.0084  -1.4729
  1.1043  -2.0455   1.0075  -1.4665
  1.1050  -2.0443   1.0064  -1.4600
  1.1057  -2.0433   1.0053  -1.4534
  1.1065  -2.0423   1.0040  -1.4466
  1.1072  -2.0414   1.0027  -1.4398
  1.1080  -2.0406   1.0013  -1.4328
  1.1087  -2.0399   0.9997  -1.4257
  1.1094  -2.0393   0.9981  -1.4184
  1.1101  -2.0388   0.9963  -1.4110
  1.1108  -2.0383   0.9944  -1.4035
  1.1114  -2.0379   0.9924  -1.3958
  1.1121  -2.0376   0.9903  -1.3880
  1.1127  -2.0373   0.9881  -1.3800
  1.1132  -2.0372   0.9857  -1.3718
  1.1138  -2.0370   0.9833  -1.3635
  1.1142  -2.0369   0.9806  -1.3551
  1.1147  -2.0369   0.9779  -1.3464
  1.1150  -2.0369   0.9750  -1.3376
  1.1153  -2.0369   0.9719  -1.3286
  1.1156  -2.0370   0.9687  -1.3194
  1.1157  -2.0370   0.9654  -1.3100
  1.1158  -2.0371   0.9619  -1.3005
  1.1158  -2.0371   0.9619  -1.3005
  1.1158  -2.0371   0.9582  -1.2907
  1.1158  -2.0362   0.9550  -1.2855
  1.1158  -2.0347   0.9522  -1.2839
  1.1158  -2.0328   0.9497  -1.2849
  1.1159  -2.0307   0.9473  -1.2879
  1.1159  -2.0282   0.9449  -1.2924
  1.1159  -2.0257   0.9426  -1.2980
  1.1159  -2.0230   0.9402  -1.3045
  1.1158  -2.0203   0.9378  -1.3116
  1.1158  -2.0174   0.9354  -1.3191
  1.1158  -2.0146   0.9329  -1.3270
  1.1157  -2.0117   0.9303  -1.3352
  1.1156  -2.0088   0.9277  -1.3435
  1.1155  -2.0059   0.9249  -1.3520
  1.1154  -2.0030   0.9221  -1.3606
  1.1152  -2.0000   0.9192  -1.3693
  1.1150  -1.9971   0.9162  -1.3780
  1.1148  -1.9941   0.9132  -1.3868
  1.1146  -1.9912   0.9101  -1.3956
  1.1143  -1.9882   0.9069  -1.4044
  1.1140  -1.9852   0.9037  -1.4132
  1.1136  -1.9823   0.9005  -1.4220
  1.1132  -1.9793   0.8972  -1.4308
  1.1128  -1.9763   0.8938  -1.4396
  1.1123  -1.9733   0.8904  -1.4484
  1.1118  -1.9704   0.8870  -1.4572
  1.1112  -1.9674   0.8836  -1.4660
  1.1106  -1.9644   0.8802  -1.4747
  1.1099  -1.9614   0.8767  -1.4835
  1.1092  -1.9584   0.8733  -1.4922
  1.1085  -1.9554   0.8698  -1.5010
  1.1077  -1.9524   0.8664  -1.5097
  1.1068  -1.9494   0.8630  -1.5184
  1.1059  -1.9464   0.8595  -1.5271
  1.1050  -1.9434   0.8561  -1.5358
  1.1040  -1.9404   0.8527  -1.5445
  1.1029  -1.9374   0.8494  -1.5532
  1.1018  -1.9344   0.8460  -1.5619
  1.1007  -1.9314   0.8427  -1.5705
  1.0995  -1.9283   0.8395  -1.5792
  1.0982  -1.9253   0.8362  -1.5878
  1.0969  -1.9223   0.8330  -1.5964
  1.0955  -1.9193   0.8299  -1.6050
  1.0941  -1.9163   0.8268  -1.6137
  1.0926  -1.9133   0.8238  -1.6223
  1.0911  -1.9103   0.8208  -1.6308
  1.0895  -1.9073   0.8179  -1.6394
  1.0879  -1.9043   0.8150  -1.6480
  1.0862  -1.9013   0.8122  -1.6565
  1.0845  -1.8983   0.8094  -1.6651
  1.0827  -1.8953   0.8068  -1.6736
  1.0808  -1.8923   0.8042  -1.6821
  1.0789  -1.8893   0.8016  -1.6906
  1.0770  -1.8863   0.7992  -1.6991
  1.0750  -1.8834   0.7968  -1.7076
  1.0730  -1.8804   0.7945  -1.7161
  1.0709  -1.8774   0.7923  -1.7246
  1.0687  -1.8744   0.7901  -1.7330
  1.0665  -1.8715   0.7881  -1.7415
  1.0643  -1.8685   0.7861  -1.7499
  1.0620  -1.8655   0.7842  -1.7583
  1.0597  -1.8626   0.7824  -1.7667
  1.0573  -1.8596   0.7807  -1.7751
  1.0549  -1.8567   0.7790  -1.7835
  1.0525  -1.8537   0.7775  -1.7919
  1.0500  -1.8508   0.7760  -1.8002
  1.0474  -1.8478   0.7747  -1.8085
  1.0449  -1.8449   0.7734  -1.8169
  1.0423  -1.8420   0.7722  -1.8252
  1.0396  -1.8391   0.7711  -1.8335
  1.0370  -1.8361   0.7700  -1.8417
  1.0343  -1.8332   0.7691  -1.8500
  1.0316  -1.8303   0.7683  -1.8582
  1.0288  -1.8274   0.7675  -1.8665
  1.0260  -1.8245   0.7669  -1.8747
  1.0232  -1.8216   0.7663  -1.8829
  1.0204  -1.8187   0.7658  -1.8911
  1.0176  -1.8158   0.7654  -1.8992
  1.0148  -1.8129   0.7651  -1.9074
  1.0119  -1.8100   0.7648  -1.9155
  1.0090  -1.8071   0.7647  -1.9236
  1.0062  -1.8042   0.7646  -1.9317
  1.0033  -1.8013   0.7646  -1.9398
  1.0004  -1.7984   0.7647  -1.9479
  0.9975  -1.7955   0.7648  -1.9559
  0.9946  -1.7926   0.7651  -1.9639
  0.9917  -1.7897   0.7654  -1.9719
  0.9889  -1.7868   0.7657  -1.9799
  0.9860  -1.7839   0.7662  -1.9879
  0.9832  -1.7809   0.7667  -1.9958
  0.9804  -1.7780   0.7672  -2.0038
  0.9776  -1.7751   0.7678  -2.0117
  0.9748  -1.7722   0.7685  -2.0196
  0.9721  -1.7692   0.7692  -2.0274
  0.9694  -1.7663   0.7700  -2.0353
  0.9667  -1.7633   0.7708  -2.0431
  0.9641  -1.7603   0.7716  -2.0509
  0.9615  -1.7574   0.7725  -2.0587
  0.9590  -1.7544   0.7734  -2.0665
  0.9566  -1.7513   0.7743  -2.0743
  0.9541  -1.7483   0.7753  -2.0820
  0.9518  -1.7453   0.7763  -2.0897
  0.9495  -1.7422   0.7772  -2.0974
  0.9473  -1.7392   0.7782  -2.1050
  0.9452  -1.7361   0.7792  -2.1126
  0.9432  -1.7330   0.7802  -2.1202
  0.9413  -1.7299   0.7812  -2.1277
  0.9394  -1.7268   0.7821  -2.1352
  0.9377  -1.7237   0.7830  -2.1426
  0.9361  -1.7206   0.7839  -2.1498
  0.9345  -1.7176   0.7847  -2.1570
  0.9332  -1.7146   0.7855  -2.1639
  0.9319  -1.7116   0.7862  -2.1706
  0.9308  -1.7088   0.7869  -2.1770
  0.9298  -1.7062   0.7874  -2.1829
  0.9290  -1.7038   0.7879  -2.1882
  0.9284  -1.7017   0.7883  -2.1928
  0.9284  -1.7017   0.7883  -2.1928
  0.9345  -1.7063   0.7885  -2.1962
  0.9405  -1.7107   0.7889  -2.1996
  0.9465  -1.7148   0.7896  -2.2029
  0.9525  -1.7186   0.7904  -2.2062
  0.9585  -1.7222   0.7914  -2.2095
  0.9644  -1.7255   0.7925  -2.2127
  0.9702  -1.7285   0.7939  -2.2159
  0.9760  -1.7313   0.7954  -2.2190
  0.9818  -1.7338   0.7971  -2.2222
  0.9875  -1.7360   0.7989  -2.2252
  0.9932  -1.7379   0.8009  -2.2283
  0.9988  -1.7397   0.8030  -2.2313
  1.0043  -1.7411   0.8053  -2.2343
  1.0098  -1.7423   0.8077  -2.2372
  1.0152  -1.7432   0.8103  -2.2401
  1.0206  -1.7439   0.8130  -2.2430
  1.0259  -1.7443   0.8158  -2.2458
  1.0311  -1.7445   0.8187  -2.2486
  1.0362  -1.7444   0.8217  -2.2513
  1.0413  -1.7441   0.8249  -2.2540
  1.0463  -1.7435   0.8281  -2.2567
  1.0512  -1.7427   0.8314  -2.2593
  1.0560  -1.7416   0.8349  -2.2619
  1.0607  -1.7403   0.8384  -2.2644
  1.0654  -1.7387   0.8420  -2.2669
  1.0700  -1.7369   0.8457  -2.2694
  1.0744  -1.7348   0.8494  -2.2718
  1.0788  -1.7325   0.8532  -2.2742
  1.0831  -1.7300   0.8571  -2.2765
  1.0872  -1.7272   0.8610  -2.2788
  1.0913  -1.7242   0.8650  -2.2811
  1.0952  -1.7209   0.8690  -2.2833
  1.0991  -1.7174   0.8731  -2.2855
  1.1028  -1.7137   0.8772  -2.2877
  1.1065  -1.7097   0.8813  -2.2898
  1.1100  -1.7055   0.8855  -2.2918
  1.1134  -1.7011   0.8896  -2.2939
  1.1166  -1.6964   0.8938  -2.2958
  1.1198  -1.6914   0.8980  -2.2978
  1.1228  -1.6863   0.9022  -2.2997
  1.1258  -1.6809   0.9064  -2.3016
  1.1285  -1.6753   0.9105  -2.3034
  1.1312  -1.6694   0.9147  -2.3052
  1.1337  -1.6633   0.9188  -2.3070
  1.1361  -1.6570   0.9229  -2.3087
  1.1384  -1.6504   0.9270  -2.3104
  1.1405  -1.6436   0.9310  -2.3120
  1.1425  -1.6365   0.9350  -2.3137
  1.1443  -1.6292   0.9390  -2.3153
  1.1460  -1.6217   0.9429  -2.3168
  1.1476  -1.6139   0.9468  -2.3184
  1.1491  -1.6058   0.9506  -2.3199
  1.1504  -1.5975   0.9543  -2.3214
  1.1515  -1.5890   0.9580  -2.3229
  1.1525  -1.5802   0.9617  -2.3243
  1.1534  -1.5711   0.9652  -2.3257
  1.1541  -1.5618   0.9687  -2.3271
  1.1547  -1.5522   0.9721  -2.3285
  1.1551  -1.5423   0.9754  -2.3299
  1.1554  -1.5321   0.9786  -2.3312
  1.1555  -1.5217   0.9817  -2.3325
  1.1555  -1.5110   0.9847  -2.3338
  1.1553  -1.5001   0.9876  -2.3351
  1.1549  -1.4888   0.9904  -2.3363
  1.1544  -1.4772   0.9930  -2.3375
  1.1537  -1.4654   0.9955  -2.3387
  1.1529  -1.4532   0.9979  -2.3398
  1.1519  -1.4407   1.0001  -2.3409
  1.1507  -1.4279   1.0022  -2.3420
  1.1493  -1.4148   1.0041  -2.3430
  1.1478  -1.4013   1.0059  -2.3440
  1.1461  -1.3875   1.0075  -2.3449
  1.1442  -1.3734   1.0089  -2.3458
  1.1421  -1.3589   1.0102  -2.3466
  1.1399  -1.3440   1.0112  -2.3473
  1.1374  -1.3288   1.0121  -2.3479
  1.1348  -1.3131   1.0127  -2.3483
  1.1319  -1.2971   1.0131  -2.3487
  1.1288  -1.2806   1.0134  -2.3488
  1.1288  -1.2806   1.0134  -2.3488
  1.1256  -1.2637   1.0134  -2.3488
  1.1236  -1.2545   1.0118  -2.3505
  1.1227  -1.2509   1.0089  -2.3535
  1.1227  -1.2512   1.0046  -2.3573
  1.1234  -1.2543   0.9991  -2.3618
  1.1246  -1.2595   0.9924  -2.3668
  1.1264  -1.2660   0.9847  -2.3721
  1.1286  -1.2736   0.9761  -2.3776
  1.1312  -1.2818   0.9665  -2.3832
  1.1341  -1.2904   0.9560  -2.3887
  1.1373  -1.2993   0.9448  -2.3943
  1.1407  -1.3084   0.9329  -2.3997
  1.1444  -1.3176   0.9202  -2.4050
  1.1483  -1.3269   0.9070  -2.4101
  1.1524  -1.3362   0.8932  -2.4149
  1.1566  -1.3455   0.8789  -2.4195
  1.1610  -1.3548   0.8642  -2.4239
  1.1656  -1.3641   0.8490  -2.4279
  1.1703  -1.3734   0.8335  -2.4316
  1.1751  -1.3826   0.8176  -2.4350
  1.1800  -1.3919   0.8015  -2.4380
  1.1850  -1.4011   0.7851  -2.4407
  1.1901  -1.4103   0.7686  -2.4430
  1.1952  -1.4196   0.7518  -2.4449
  1.2004  -1.4288   0.7350  -2.4464
  1.2056  -1.4380   0.7181  -2.4475
  1.2109  -1.4473   0.7011  -2.4482
  1.2162  -1.4566   0.6841  -2.4485
  1.2215  -1.4659   0.6671  -2.4484
  1.2267  -1.4752   0.6501  -2.4478
  1.2320  -1.4846   0.6333  -2.4469
  1.2373  -1.4940   0.6165  -2.4455
  1.2425  -1.5035   0.5998  -2.4437
  1.2477  -1.5130   0.5833  -2.4415
  1.2528  -1.5226   0.5670  -2.4389
  1.2579  -1.5322   0.5508  -2.4358
  1.2629  -1.5419   0.5349  -2.4324
  1.2679  -1.5516   0.5192  -2.4285
  1.2727  -1.5614   0.5038  -2.4242
  1.2774  -1.5712   0.4886  -2.4195
  1.2821  -1.5811   0.4738  -2.4144
  1.2866  -1.5911   0.4592  -2.4089
  1.2910  -1.6011   0.4450  -2.4031
  1.2953  -1.6112   0.4312  -2.3968
  1.2994  -1.6213   0.4177  -2.3902
  1.3034  -1.6315   0.4045  -2.3832
  1.3073  -1.6418   0.3918  -2.3758
  1.3109  -1.6520   0.3794  -2.3681
  1.3145  -1.6624   0.3674  -2.3600
  1.3178  -1.6728   0.3559  -2.3515
  1.3209  -1.6832   0.3448  -2.3428
  1.3239  -1.6937   0.3341  -2.3337
  1.3267  -1.7041   0.3239  -2.3242
  1.3293  -1.7147   0.3141  -2.3145
  1.3316  -1.7252   0.3048  -2.3045
  1.3338  -1.7358   0.2959  -2.2942
  1.3357  -1.7464   0.2875  -2.2836
  1.3375  -1.7570   0.2795  -2.2727
  1.3390  -1.7676   0.2720  -2.2615
  1.3402  -1.7782   0.2650  -2.2501
  1.3413  -1.7888   0.2585  -2.2385
  1.3421  -1.7994   0.2525  -2.2266
  1.3426  -1.8100   0.2469  -2.2145
  1.3430  -1.8205   0.2418  -2.2022
  1.3431  -1.8311   0.2372  -2.1897
  1.3429  -1.8416   0.2330  -2.1769
  1.3425  -1.8520   0.2293  -2.1641
  1.3418  -1.8624   0.2261  -2.1510
  1.3409  -1.8728   0.2233  -2.1378
  1.3397  -1.8830   0.2210  -2.1244
  1.3383  -1.8932   0.2191  -2.1109
  1.3367  -1.9034   0.2177  -2.0973
  1.3348  -1.9134   0.2167  -2.0835
  1.3326  -1.9234   0.2162  -2.0696
  1.3302  -1.9333   0.2160  -2.0557
  1.3276  -1.9430   0.2163  -2.0417
  1.3248  -1.9527   0.2170  -2.0275
  1.3217  -1.9622   0.2181  -2.0134
  1.3184  -1.9716   0.2195  -1.9991
  1.3148  -1.9809   0.2213  -1.9849
  1.3111  -1.9900   0.2235  -1.9705
  1.3071  -1.9990   0.2260  -1.9562
  1.3029  -2.0078   0.2289  -1.9418
  1.2986  -2.0165   0.2320  -1.9275
  1.2940  -2.0250   0.2355  -1.9131
  1.2893  -2.0334   0.2393  -1.8987
  1.2844  -2.0415   0.2433  -1.8843
  1.2794  -2.0495   0.2475  -1.8700
  1.2742  -2.0573   0.2521  -1.8557
  1.2689  -2.0650   0.2568  -1.8414
  1.2635  -2.0724   0.2617  -1.8271
  1.2579  -2.0796   0.2668  -1.8129
  1.2523  -2.0866   0.2721  -1.7987
  1.2466  -2.0935   0.2774  -1.7845
  1.2408  -2.1001   0.2829  -1.7704
  1.2349  -2.1065   0.2885  -1.7564
  1.2291  -2.1127   0.2942  -1.7424
  1.2232  -2.1187   0.2999  -1.7285
  1.2173  -2.1244   0.3056  -1.7146
  1.2115  -2.1300   0.3113  -1.7007
  1.2057  -2.1353   0.3170  -1.6870
  1.2000  -2.1404   0.3226  -1.6732
  1.1943  -2.1453   0.3281  -1.6596
  1.1888  -2.1501   0.3334  -1.6460
  1.1833  -2.1545   0.3386  -1.6324
  1.1781  -2.1588   0.3437  -1.6189
  1.1730  -2.1629   0.3485  -1.6055
  1.1681  -2.1668   0.3530  -1.5922
  1.1635  -2.1705   0.3573  -1.5789
  1.1591  -2.1739   0.3612  -1.5658
  1.1550  -2.1772   0.3648  -1.5529
  1.1513  -2.1802   0.3680  -1.5401
  1.1478  -2.1831   0.3708  -1.5277
  1.1448  -2.1857   0.3731  -1.5157
  1.1422  -2.1880   0.3750  -1.5044
  1.1400  -2.1901   0.3765  -1.4940
  1.1383  -2.1918   0.3775  -1.4850
  1.1371  -2.1930   0.3780  -1.4779
  1.1365  -2.1937   0.3783  -1.4737
  1.1365  -2.1937   0.3783  -1.4737
  1.1365  -2.1937   0.3906  -1.4868
  1.1364  -2.1934   0.4028  -1.4997
  1.1363  -2.1928   0.4149  -1.5123
  1.1361  -2.1919   0.4269  -1.5247
  1.1359  -2.1908   0.4388  -1.5368
  1.1356  -2.1896   0.4506  -1.5487
  1.1353  -2.1882   0.4623  -1.5603
  1.1349  -2.1866   0.4740  -1.5717
  1.1345  -2.1850   0.4855  -1.5829
  1.1341  -2.1832   0.4969  -1.5939
  1.1336  -2.1814   0.5083  -1.6046
  1.1331  -2.1795   0.5195  -1.6152
  1.1325  -2.1775   0.5307  -1.6255
  1.1319  -2.1755   0.5418  -1.6356
  1.1313  -2.1734   0.5528  -1.6454
  1.1307  -2.1713   0.5637  -1.6551
  1.1300  -2.1691   0.5745  -1.6646
  1.1293  -2.1669   0.5852  -1.6738
  1.1286  -2.1647   0.5959  -1.6829
  1.1279  -2.1625   0.6064  -1.6917
  1.1271  -2.1603   0.6169  -1.7003
  1.1263  -2.1580   0.6273  -1.7088
  1.1256  -2.1557   0.6376  -1.7170
  1.1247  -2.1535   0.6478  -1.7250
  1.1239  -2.1512   0.6579  -1.7328
  1.1231  -2.1489   0.6679  -1.7405
  1.1223  -2.1466   0.6779  -1.7479
  1.1214  -2.1443   0.6877  -1.7551
  1.1205  -2.1419   0.6975  -1.7621
  1.1197  -2.1396   0.7072  -1.7689
  1.1188  -2.1373   0.7167  -1.7755
  1.1179  -2.1350   0.7262  -1.7819
  1.1171  -2.1327   0.7356  -1.7881
  1.1162  -2.1303   0.7449  -1.7941
  1.1153  -2.1280   0.7540  -1.7999
  1.1144  -2.1257   0.7631  -1.8055
  1.1135  -2.1234   0.7721  -1.8109
  1.1127  -2.1210   0.7809  -1.8160
  1.1118  -2.1187   0.7897  -1.8210
  1.1109  -2.1164   0.7983  -1.8257
  1.1101  -2.1141   0.8068  -1.8303
  1.1092  -2.1118   0.8152  -1.8346
  1.1084  -2.1095   0.8235  -1.8388
  1.1075  -2.1072   0.8316  -1.8427
  1.1067  -2.1049   0.8396  -1.8464
  1.1059  -2.1026   0.8475  -1.8498
  1.1051  -2.1003   0.8552  -1.8531
  1.1043  -2.0981   0.8628  -1.8561
  1.1035  -2.0958   0.8703  -1.8590
  1.1027  -2.0936   0.8776  -1.8616
  1.1020  -2.0913   0.8848  -1.8640
  1.1013  -2.0891   0.8918  -1.8661
  1.1005  -2.0869   0.8986  -1.8680
  1.0999  -2.0847   0.9053  -1.8698
  1.0992  -2.0825   0.9118  -1.8712
  1.0985  -2.0803   0.9182  -1.8725
  1.0979  -2.0782   0.9244  -1.8735
  1.0973  -2.0761   0.9304  -1.8743
  1.0967  -2.0740   0.9362  -1.8748
  1.0961  -2.0719   0.9418  -1.8751
  1.0955  -2.0698   0.9472  -1.8752
  1.0950  -2.0678   0.9524  -1.8750
  1.0945  -2.0658   0.9575  -1.8746
  1.0940  -2.0638   0.9623  -1.8739
  1.0936  -2.0619   0.9669  -1.8730
  1.0931  -2.0601   0.9713  -1.8718
  1.0927  -2.0582   0.9754  -1.8704
  1.0924  -2.0565   0.9794  -1.8687
  1.0920  -2.0548   0.9831  -1.8668
  1.0917  -2.0532   0.9865  -1.8646
  1.0914  -2.0516   0.9898  -1.8622
  1.0911  -2.0502   0.9927  -1.8595
  1.0909  -2.0488   0.9955  -1.8565
  1.0907  -2.0476   0.9979  -1.8533
  1.0905  -2.0466   1.0001  -1.8498
  1.0904  -2.0456   1.0021  -1.8460
  1.0903  -2.0449   1.0037  -1.8419
  1.0902  -2.0444   1.0051  -1.8376
  1.0902  -2.0441   1.0062  -1.8330
  1.0902  -2.0441   1.0062  -1.8330
  1.0902  -2.0441   1.0070  -1.8281
  1.0902  -2.0436   1.0078  -1.8256
  1.0903  -2.0428   1.0084  -1.8248
  1.0904  -2.0417   1.0089  -1.8253
  1.0906  -2.0405   1.0092  -1.8268
  1.0908  -2.0391   1.0093  -1.8290
  1.0910  -2.0376   1.0092  -1.8317
  1.0912  -2.0361   1.0090  -1.8348
  1.0915  -2.0345   1.0086  -1.8381
  1.0918  -2.0329   1.0080  -1.8417
  1.0921  -2.0312   1.0072  -1.8455
  1.0925  -2.0295   1.0063  -1.8493
  1.0928  -2.0278   1.0052  -1.8532
  1.0932  -2.0261   1.0039  -1.8571
  1.0935  -2.0243   1.0025  -1.8611
  1.0939  -2.0226   1.0009  -1.8651
  1.0943  -2.0208   0.9992  -1.8691
  1.0947  -2.0191   0.9974  -1.8731
  1.0951  -2.0173   0.9954  -1.8771
  1.0955  -2.0155   0.9933  -1.8811
  1.0958  -2.0137   0.9911  -1.8850
  1.0962  -2.0119   0.9888  -1.8890
  1.0966  -2.0101   0.9864  -1.8929
  1.0970  -2.0083   0.9839  -1.8968
  1.0973  -2.0064   0.9813  -1.9007
  1.0977  -2.0046   0.9786  -1.9046
  1.0980  -2.0027   0.9758  -1.9084
  1.0984  -2.0009   0.9730  -1.9123
  1.0987  -1.9990   0.9701  -1.9161
  1.0990  -1.9972   0.9671  -1.9199
  1.0993  -1.9953   0.9641  -1.9237
  1.0995  -1.9934   0.9611  -1.9274
  1.0998  -1.9915   0.9579  -1.9312
  1.1000  -1.9896   0.9548  -1.9349
  1.1002  -1.9877   0.9516  -1.9386
  1.1004  -1.9857   0.9483  -1.9423
  1.1006  -1.9838   0.9451  -1.9460
  1.1007  -1.9819   0.9418  -1.9497
  1.1008  -1.9799   0.9385  -1.9533
  1.1009  -1.9780   0.9351  -1.9569
  1.1009  -1.9760   0.9318  -1.9606
  1.1010  -1.9740   0.9284  -1.9642
  1.1010  -1.9721   0.9251  -1.9678
  1.1009  -1.9701   0.9217  -1.9713
  1.1009  -1.9681   0.9183  -1.9749
  1.1008  -1.9661   0.9150  -1.9784
  1.1007  -1.9641   0.9116  -1.9820
  1.1005  -1.9620   0.9082  -1.9855
  1.1004  -1.9600   0.9049  -1.9890
  1.1002  -1.9580   0.9016  -1.9925
  1.0999  -1.9559   0.8982  -1.9960
  1.0997  -1.9539   0.8949  -1.9994
  1.0993  -1.9518   0.8917  -2.0029
  1.0990  -1.9498   0.8884  -2.0063
  1.0986  -1.9477   0.8852  -2.0098
  1.0982  -1.9456   0.8820  -2.0132
  1.0978  -1.9435   0.8788  -2.0166
  1.0973  -1.9414   0.8757  -2.0200
  1.0968  -1.9393   0.8726  -2.0234
  1.0963  -1.9372   0.8695  -2.0268
  1.0958  -1.9351   0.8665  -2.0301
  1.0952  -1.9330   0.8635  -2.0335
  1.0945  -1.9309   0.8606  -2.0368
  1.0939  -1.9287   0.8577  -2.0401
  1.0932  -1.9266   0.8548  -2.0435
  1.0925  -1.9245   0.8520  -2.0468
  1.0917  -1.9223   0.8492  -2.0501
  1.0909  -1.9201   0.8465  -2.0534
  1.0901  -1.9180   0.8438  -2.0566
  1.0893  -1.9158   0.8412  -2.0599
  1.0884  -1.9136   0.8386  -2.0632
  1.0875  -1.9114   0.8361  -2.0664
  1.0866  -1.9092   0.8337  -2.0696
  1.0857  -1.9070   0.8312  -2.0729
  1.0847  -1.9048   0.8289  -2.0761
  1.0837  -1.9026   0.8266  -2.0793
  1.0827  -1.9004   0.8244  -2.0825
  1.0817  -1.8982   0.8222  -2.0856
  1.0806  -1.8960   0.8200  -2.0888
  1.0796  -1.8937   0.8180  -2.0920
  1.0785  -1.8915   0.8160  -2.0951
  1.0774  -1.8892   0.8140  -2.0982
  1.0762  -1.8870   0.8121  -2.1014
  1.0751  -1.8847   0.8103  -2.1045
  1.0739  -1.8824   0.8085  -2.1076
  1.0728  -1.8801   0.8068  -2.1106
  1.0716  -1.8779   0.8052  -2.1137
  1.0704  -1.8756   0.8036  -2.1168
  1.0692  -1.8732   0.8021  -2.1198
  1.0680  -1.8709   0.8006  -2.1229
  1.0668  -1.8686   0.7992  -2.1259
  1.0657  -1.8663   0.7979  -2.1289
  1.0645  -1.8639   0.7966  -2.1319
  1.0633  -1.8616   0.7954  -2.1349
  1.0621  -1.8592   0.7942  -2.1379
  1.0609  -1.8569   0.7931  -2.1408
  1.0597  -1.8545   0.7920  -2.1438
  1.0586  -1.8521   0.7911  -2.1467
  1.0574  -1.8497   0.7901  -2.1496
  1.0563  -1.8473   0.7893  -2.1525
  1.0552  -1.8449   0.7885  -2.1554
  1.0541  -1.8425   0.7877  -2.1583
  1.0530  -1.8400   0.7870  -2.1612
  1.0520  -1.8376   0.7864  -2.1640
  1.0510  -1.8352   0.7858  -2.1668
  1.0500  -1.8327   0.7852  -2.1696
  1.0491  -1.8303   0.7847  -2.1724
  1.0482  -1.8278   0.7843  -2.1751
  1.0473  -1.8254   0.7839  -2.1778
  1.0465  -1.8230   0.7836  -2.1804
  1.0458  -1.8206   0.7833  -2.1830
  1.0451  -1.8183   0.7830  -2.1855
  1.0444  -1.8160   0.7828  -2.1880
  1.0439  -1.8138   0.7826  -2.1902
  1.0434  -1.8118   0.7825  -2.1924
  1.0430  -1.8100   0.7824  -2.1943
  1.0426  -1.8084   0.7823  -2.1959
  1.0424  -1.8073   0.7823  -2.1971
  1.0423  -1.8066   0.7823  -2.1978
  1.0423  -1.8066   0.7823  -2.1978
  1.0423  -1.8066   0.7823  -2.1978
  1.0488  -1.8121   0.7822  -2.1978
  1.0554  -1.8173   0.7824  -2.1982
  1.0619  -1.8222   0.7828  -2.1991
  1.0683  -1.8267   0.7834  -2.2003
  1.0747  -1.8309   0.7842  -2.2018
  1.0811  -1.8347   0.7853  -2.2036
  1.0875  -1.8382   0.7866  -2.2055
  1.0937  -1.8414   0.7880  -2.2076
  1.1000  -1.8443   0.7896  -2.2098
  1.1061  -1.8469   0.7915  -2.2122
  1.1122  -1.8492   0.7934  -2.2146
  1.1183  -1.8511   0.7956  -2.2171
  1.1243  -1.8527   0.7979  -2.2197
  1.1302  -1.8541   0.8004  -2.2223
  1.1360  -1.8551   0.8030  -2.2250
  1.1418  -1.8559   0.8057  -2.2276
  1.1475  -1.8563   0.8086  -2.2303
  1.1530  -1.8565   0.8116  -2.2330
  1.1586  -1.8563   0.8148  -2.2358
  1.1640  -1.8559   0.8180  -2.2385
  1.1693  -1.8552   0.8214  -2.2412
  1.1745  -1.8542   0.8248  -2.2439
  1.1796  -1.8529   0.8284  -2.2466
  1.1846  -1.8514   0.8321  -2.2493
  1.1896  -1.8496   0.8358  -2.2519
  1.1944  -1.8475   0.8396  -2.2546
  1.1990  -1.8452   0.8435  -2.2572
  1.2036  -1.8425   0.8475  -2.2598
  1.2081  -1.8397   0.8515  -2.2624
  1.2124  -1.8365   0.8556  -2.2649
  1.2166  -1.8331   0.8598  -2.2675
  1.2207  -1.8295   0.8640  -2.2700
  1.2246  -1.8256   0.8682  -2.2725
  1.2285  -1.8214   0.8725  -2.2750
  1.2322  -1.8170   0.8768  -2.2774
  1.2357  -1.8123   0.8811  -2.2798
  1.2391  -1.8074   0.8854  -2.2822
  1.2424  -1.8023   0.8898  -2.2846
  1.2456  -1.7969   0.8941  -2.2869
  1.2486  -1.7913   0.8985  -2.2892
  1.2514  -1.7854   0.9028  -2.2915
  1.2542  -1.7793   0.9072  -2.2937
  1.2567  -1.7729   0.9115  -2.2959
  1.2592  -1.7663   0.9158  -2.2981
  1.2614  -1.7595   0.9201  -2.3003
  1.2636  -1.7524   0.9243  -2.3024
  1.2655  -1.7451   0.9286  -2.3045
  1.2674  -1.7376   0.9327  -2.3066
  1.2691  -1.7298   0.9369  -2.3087
  1.2706  -1.7218   0.9410  -2.3107
  1.2720  -1.7135   0.9450  -2.3127
  1.2732  -1.7050   0.9491  -2.3147
  1.2743  -1.6963   0.9530  -2.3166
  1.2753  -1.6873   0.9569  -2.3185
  1.2760  -1.6781   0.9607  -2.3204
  1.2767  -1.6686   0.9645  -2.3223
  1.2772  -1.6589   0.9681  -2.3241
  1.2775  -1.6490   0.9717  -2.3260
  1.2777  -1.6388   0.9752  -2.3277
  1.2777  -1.6283   0.9786  -2.3295
  1.2775  -1.6176   0.9819  -2.3312
  1.2773  -1.6067   0.9851  -2.3329
  1.2768  -1.5955   0.9882  -2.3346
  1.2762  -1.5840   0.9912  -2.3362
  1.2754  -1.5723   0.9940  -2.3378
  1.2745  -1.5603   0.9967  -2.3393
  1.2734  -1.5480   0.9993  -2.3408
  1.2722  -1.5355   1.0017  -2.3423
  1.2708  -1.5227   1.0039  -2.3437
  1.2692  -1.5096   1.0060  -2.3450
  1.2674  -1.4962   1.0079  -2.3463
  1.2655  -1.4826   1.0097  -2.3475
  1.2634  -1.4686   1.0112  -2.3486
  1.2612  -1.4544   1.0126  -2.3496
  1.2587  -1.4398   1.0137  -2.3505
  1.2561  -1.4250   1.0147  -2.3512
  1.2533  -1.4098   1.0154  -2.3518
  1.2503  -1.3943   1.0159  -2.3523
  1.2472  -1.3785   1.0161  -2.3525
  1.2472  -1.3785   1.0161  -2.3525
  1.2438  -1.3623   1.0161  -2.3525
  1.2414  -1.3530   1.0149  -2.3538
  1.2399  -1.3489   1.0126  -2.3562
  1.2391  -1.3486   1.0092  -2.3593
  1.2388  -1.3513   1.0049  -2.3630
  1.2391  -1.3560   0.9996  -2.3671
  1.2397  -1.3624   0.9935  -2.3714
  1.2406  -1.3698   0.9866  -2.3760
  1.2418  -1.3781   0.9789  -2.3807
  1.2433  -1.3870   0.9706  -2.3854
  1.2449  -1.3962   0.9615  -2.3901
  1.2467  -1.4058   0.9519  -2.3947
  1.2487  -1.4155   0.9417  -2.3992
  1.2509  -1.4254   0.9310  -2.4036
  1.2531  -1.4353   0.9197  -2.4078
  1.2555  -1.4453   0.9081  -2.4118
  1.2579  -1.4553   0.8960  -2.4156
  1.2605  -1.4653   0.8836  -2.4191
  1.2631  -1.4753   0.8708  -2.4224
  1.2657  -1.4852   0.8577  -2.4254
  1.2685  -1.4952   0.8443  -2.4282
  1.2712  -1.5051   0.8307  -2.4307
  1.2740  -1.5149   0.8169  -2.4328
  1.2768  -1.5248   0.8029  -2.4346
  1.2797  -1.5346   0.7888  -2.4362
  1.2825  -1.5444   0.7745  -2.4373
  1.2854  -1.5541   0.7602  -2.4382
  1.2882  -1.5639   0.7458  -2.4387
  1.2910  -1.5736   0.7313  -2.4389
  1.2938  -1.5834   0.7168  -2.4387
  1.2965  -1.5931   0.7023  -2.4381
  1.2993  -1.6028   0.6879  -2.4372
  1.3019  -1.6125   0.6735  -2.4360
  1.3046  -1.6221   0.6591  -2.4344
  1.3071  -1.6318   0.6449  -2.4324
  1.3096  -1.6415   0.6308  -2.4301
  1.3120  -1.6511   0.6168  -2.4274
  1.3144  -1.6608   0.6029  -2.4244
  1.3166  -1.6705   0.5892  -2.4210
  1.3188  -1.6801   0.5757  -2.4173
  1.3209  -1.6898   0.5624  -2.4132
  1.3229  -1.6994   0.5493  -2.4087
  1.3247  -1.7091   0.5364  -2.4039
  1.3265  -1.7187   0.5237  -2.3988
  1.3281  -1.7283   0.5113  -2.3934
  1.3297  -1.7380   0.4992  -2.3876
  1.3311  -1.7476   0.4873  -2.3814
  1.3323  -1.7572   0.4758  -2.3750
  1.3334  -1.7668   0.4645  -2.3682
  1.3344  -1.7763   0.4535  -2.3611
  1.3353  -1.7859   0.4428  -2.3538
  1.3360  -1.7954   0.4324  -2.3461
  1.3365  -1.8049   0.4224  -2.3381
  1.3369  -1.8144   0.4127  -2.3298
  1.3371  -1.8238   0.4034  -2.3212
  1.3372  -1.8332   0.3943  -2.3123
  1.3371  -1.8426   0.3857  -2.3032
  1.3368  -1.8519   0.3774  -2.2938
  1.3364  -1.8612   0.3694  -2.2842
  1.3358  -1.8704   0.3618  -2.2742
  1.3351  -1.8796   0.3546  -2.2641
  1.3341  -1.8887   0.3477  -2.2537
  1.3330  -1.8978   0.3412  -2.2431
  1.3317  -1.9068   0.3351  -2.2322
  1.3303  -1.9157   0.3293  -2.2211
  1.3286  -1.9245   0.3239  -2.2099
  1.3268  -1.9333   0.3189  -2.1984
  1.3248  -1.9420   0.3142  -2.1867
  1.3227  -1.9506   0.3099  -2.1748
  1.3203  -1.9591   0.3060  -2.1628
  1.3178  -1.9675   0.3024  -2.1506
  1.3152  -1.9757   0.2992  -2.1382
  1.3123  -1.9839   0.2963  -2.1256
  1.3094  -1.9920   0.2937  -2.1130
  1.3062  -2.0000   0.2915  -2.1001
  1.3029  -2.0078   0.2896  -2.0872
  1.2994  -2.0155   0.2881  -2.0741
  1.2958  -2.0231   0.2868  -2.0609
  1.2920  -2.0306   0.2859  -2.0476
  1.2881  -2.0379   0.2853  -2.0342
  1.2841  -2.0450   0.2850  -2.0207
  1.2800  -2.0521   0.2849  -2.0070
  1.2757  -2.0589   0.2851  -1.9934
  1.2713  -2.0657   0.2856  -1.9796
  1.2668  -2.0722   0.2864  -1.9658
  1.2622  -2.0786   0.2874  -1.9519
  1.2575  -2.0849   0.2886  -1.9379
  1.2527  -2.0910   0.2900  -1.9239
  1.2478  -2.0969   0.2916  -1.9098
  1.2429  -2.1026   0.2935  -1.8957
  1.2379  -2.1082   0.2955  -1.8816
  1.2329  -2.1136   0.2976  -1.8674
  1.2278  -2.1188   0.2999  -1.8532
  1.2227  -2.1239   0.3024  -1.8389
  1.2176  -2.1287   0.3049  -1.8246
  1.2126  -2.1334   0.3076  -1.8104
  1.2075  -2.1380   0.3103  -1.7960
  1.2024  -2.1423   0.3131  -1.7817
  1.1974  -2.1465   0.3159  -1.7674
  1.1924  -2.1504   0.3188  -1.7530
  1.1875  -2.1543   0.3217  -1.7387
  1.1827  -2.1579   0.3245  -1.7243
  1.1780  -2.1614   0.3273  -1.7100
  1.1734  -2.1647   0.3300  -1.6956
  1.1690  -2.1678   0.3327  -1.6813
  1.1646  -2.1708   0.3353  -1.6670
  1.1605  -2.1736   0.3377  -1.6527
  1.1565  -2.1762   0.3400  -1.6385
  1.1528  -2.1787   0.3421  -1.6243
  1.1493  -2.1811   0.3440  -1.6103
  1.1460  -2.1832   0.3457  -1.5965
  1.1430  -2.1853   0.3472  -1.5830
  1.1402  -2.1871   0.3484  -1.5698
  1.1378  -2.1888   0.3494  -1.5571
  1.1357  -2.1903   0.3501  -1.5452
  1.1340  -2.1916   0.3506  -1.5344
  1.1327  -2.1927   0.3509  -1.5251
  1.1317  -2.1935   0.3510  -1.5179
  1.1317  -2.1935   0.3510  -1.5179
  1.1313  -2.1939   0.3627  -1.5301
  1.1308  -2.1939   0.3743  -1.5421
  1.1303  -2.1936   0.3858  -1.5539
  1.1297  -2.1930   0.3973  -1.5655
  1.1291  -2.1921   0.4087  -1.5768
  1.1285  -2.1911   0.4200  -1.5880
  1.1279  -2.1898   0.4312  -1.5989
  1.1273  -2.1884   0.4424  -1.6096
  1.1266  -2.1868   0.4535  -1.6202
  1.1260  -2.1851   0.4645  -1.6305
  1.1253  -2.1834   0.4755  -1.6407
  1.1246  -2.1815   0.4863  -1.6506
  1.1239  -2.1795   0.4971  -1.6604
  1.1232  -2.1775   0.5079  -1.6699
  1.1224  -2.1754   0.5185  -1.6793
  1.1217  -2.1733   0.5291  -1.6885
  1.1209  -2.1712   0.5396  -1.6975
  1.1202  -2.1690   0.5501  -1.7063
  1.1194  -2.1667   0.5605  -1.7149
  1.1186  -2.1645   0.5708  -1.7233
  1.1179  -2.1622   0.5810  -1.7316
  1.1171  -2.1599   0.5912  -1.7396
  1.1163  -2.1576   0.6013  -1.7475
  1.1155  -2.1552   0.6113  -1.7552
  1.1148  -2.1529   0.6213  -1.7627
  1.1140  -2.1505   0.6312  -1.7700
  1.1132  -2.1482   0.6410  -1.7771
  1.1124  -2.1458   0.6507  -1.7840
  1.1116  -2.1434   0.6603  -1.7908
  1.1109  -2.1410   0.6699  -1.7973
  1.1101  -2.1387   0.6794  -1.8037
  1.1093  -2.1363   0.6888  -1.8099
  1.1086  -2.1339   0.6981  -1.8159
  1.1078  -2.1315   0.7074  -1.8217
  1.1071  -2.1291   0.7165  -1.8273
  1.1063  -2.1267   0.7256  -1.8327
  1.1056  -2.1243   0.7345  -1.8379
  1.1049  -2.1220   0.7434  -1.8430
  1.1042  -2.1196   0.7522  -1.8478
  1.1035  -2.1172   0.7608  -1.8524
  1.1028  -2.1148   0.7694  -1.8569
  1.1021  -2.1125   0.7779  -1.8611
  1.1015  -2.1101   0.7862  -1.8652
  1.1008  -2.1078   0.7945  -1.8690
  1.1002  -2.1054   0.8026  -1.8727
  1.0996  -2.1031   0.8106  -1.8761
  1.0990  -2.1007   0.8185  -1.8793
  1.0984  -2.0984   0.8262  -1.8824
  1.0978  -2.0961   0.8339  -1.8852
  1.0972  -2.0938   0.8413  -1.8878
  1.0967  -2.0915   0.8487  -1.8902
  1.0962  -2.0893   0.8559  -1.8924
  1.0957  -2.0870   0.8630  -1.8943
  1.0952  -2.0848   0.8699  -1.8961
  1.0947  -2.0825   0.8767  -1.8976
  1.0942  -2.0803   0.8833  -1.8989
  1.0938  -2.0781   0.8897  -1.9000
  1.0934  -2.0760   0.8960  -1.9009
  1.0930  -2.0738   0.9021  -1.9015
  1.0926  -2.0717   0.9080  -1.9020
  1.0922  -2.0696   0.9137  -1.9021
  1.0919  -2.0676   0.9193  -1.9021
  1.0915  -2.0656   0.9247  -1.9018
  1.0912  -2.0636   0.9298  -1.9013
  1.0909  -2.0617   0.9348  -1.9005
  1.0907  -2.0598   0.9395  -1.8995
  1.0904  -2.0579   0.9441  -1.8983
  1.0902  -2.0562   0.9484  -1.8968
  1.0900  -2.0545   0.9525  -1.8951
  1.0898  -2.0529   0.9564  -1.8931
  1.0896  -2.0513   0.9600  -1.8909
  1.0895  -2.0499   0.9634  -1.8884
  1.0893  -2.0485   0.9666  -1.8857
  1.0892  -2.0473   0.9695  -1.8827
  1.0891  -2.0463   0.9721  -1.8794
  1.0890  -2.0454   0.9745  -1.8759
  1.0890  -2.0446   0.9766  -1.8721
  1.0889  -2.0441   0.9785  -1.8681
  1.0889  -2.0439   0.9801  -1.8637
  1.0889  -2.0439   0.9801  -1.8637
  1.0889  -2.0439   0.9814  -1.8591
  1.0889  -2.0434   0.9826  -1.8566
  1.0889  -2.0426   0.9838  -1.8557
  1.0889  -2.0415   0.9848  -1.8559
  1.0888  -2.0403   0.9858  -1.8569
  1.0888  -2.0390   0.9866  -1.8586
  1.0887  -2.0375   0.9873  -1.8608
  1.0887  -2.0360   0.9878  -1.8632
  1.0886  -2.0345   0.9882  -1.8660
  1.0886  -2.0329   0.9885  -1.8689
  1.0885  -2.0313   0.9886  -1.8719
  1.0884  -2.0297   0.9886  -1.8750
  1.0884  -2.0280   0.9885  -1.8782
  1.0883  -2.0264   0.9882  -1.8815
  1.0882  -2.0247   0.9878  -1.8848
  1.0881  -2.0230   0.9873  -1.8881
  1.0880  -2.0213   0.9867  -1.8915
  1.0878  -2.0196   0.9859  -1.8948
  1.0877  -2.0179   0.9851  -1.8982
  1.0876  -2.0162   0.9841  -1.9015
  1.0874  -2.0145   0.9830  -1.9049
  1.0873  -2.0128   0.9819  -1.9082
  1.0871  -2.0111   0.9806  -1.9116
  1.0869  -2.0094   0.9793  -1.9149
  1.0868  -2.0077   0.9778  -1.9183
  1.0866  -2.0060   0.9763  -1.9216
  1.0864  -2.0042   0.9747  -1.9249
  1.0862  -2.0025   0.9731  -1.9282
  1.0860  -2.0008   0.9713  -1.9316
  1.0857  -1.9990   0.9695  -1.9349
  1.0855  -1.9973   0.9676  -1.9382
  1.0853  -1.9956   0.9657  -1.9415
  1.0850  -1.9938   0.9637  -1.9448
  1.0848  -1.9921   0.9616  -1.9481
  1.0845  -1.9903   0.9595  -1.9513
  1.0842  -1.9886   0.9574  -1.9546
  1.0840  -1.9868   0.9552  -1.9579
  1.0837  -1.9851   0.9529  -1.9611
  1.0834  -1.9833   0.9506  -1.9644
  1.0830  -1.9816   0.9483  -1.9676
  1.0827  -1.9798   0.9459  -1.9709
  1.0824  -1.9780   0.9435  -1.9741
  1.0821  -1.9763   0.9410  -1.9773
  1.0817  -1.9745   0.9385  -1.9806
  1.0814  -1.9727   0.9360  -1.9838
  1.0810  -1.9710   0.9335  -1.9870
  1.0806  -1.9692   0.9309  -1.9902
  1.0802  -1.9674   0.9284  -1.9934
  1.0798  -1.9656   0.9258  -1.9966
  1.0794  -1.9638   0.9231  -1.9998
  1.0790  -1.9620   0.9205  -2.0029
  1.0786  -1.9603   0.9179  -2.0061
  1.0782  -1.9585   0.9152  -2.0093
  1.0777  -1.9567   0.9125  -2.0124
  1.0773  -1.9549   0.9098  -2.0156
  1.0768  -1.9531   0.9071  -2.0188
  1.0764  -1.9513   0.9044  -2.0219
  1.0759  -1.9495   0.9017  -2.0250
  1.0754  -1.9477   0.8990  -2.0282
  1.0749  -1.9459   0.8963  -2.0313
  1.0744  -1.9440   0.8936  -2.0344
  1.0739  -1.9422   0.8909  -2.0375
  1.0734  -1.9404   0.8882  -2.0407
  1.0729  -1.9386   0.8855  -2.0438
  1.0724  -1.9368   0.8828  -2.0469
  1.0718  -1.9350   0.8801  -2.0500
  1.0713  -1.9331   0.8775  -2.0531
  1.0708  -1.9313   0.8748  -2.0561
  1.0702  -1.9295   0.8722  -2.0592
  1.0696  -1.9276   0.8695  -2.0623
  1.0691  -1.9258   0.8669  -2.0654
  1.0685  -1.9240   0.8643  -2.0684
  1.0679  -1.9221   0.8617  -2.0715
  1.0674  -1.9203   0.8591  -2.0745
  1.0668  -1.9184   0.8566  -2.0776
  1.0662  -1.9166   0.8541  -2.0806
  1.0656  -1.9147   0.8516  -2.0837
  1.0650  -1.9129   0.8491  -2.0867
  1.0644  -1.9110   0.8467  -2.0897
  1.0638  -1.9092   0.8442  -2.0927
  1.0632  -1.9073   0.8418  -2.0958
  1.0626  -1.9055   0.8395  -2.0988
  1.0620  -1.9036   0.8372  -2.1018
  1.0614  -1.9017   0.8349  -2.1048
  1.0608  -1.8999   0.8326  -2.1077
  1.0602  -1.8980   0.8304  -2.1107
  1.0596  -1.8961   0.8282  -2.1137
  1.0590  -1.8942   0.8260  -2.1167
  1.0584  -1.8923   0.8239  -2.1196
  1.0578  -1.8904   0.8219  -2.1226
  1.0572  -1.8886   0.8198  -2.1256
  1.0566  -1.8867   0.8179  -2.1285
  1.0560  -1.8848   0.8159  -2.1314
  1.0555  -1.8829   0.8140  -2.1344
  1.0549  -1.8810   0.8122  -2.1373
  1.0543  -1.8791   0.8104  -2.1402
  1.0538  -1.8772   0.8087  -2.1431
  1.0532  -1.8752   0.8070  -2.1460
  1.0527  -1.8733   0.8054  -2.1489
  1.0522  -1.8714   0.8038  -2.1518
  1.0516  -1.8695   0.8023  -2.1547
  1.0511  -1.8676   0.8009  -2.1576
  1.0506  -1.8656   0.7995  -2.1604
  1.0502  -1.8637   0.7982  -2.1633
  1.0497  -1.8618   0.7969  -2.1661
  1.0492  -1.8599   0.7958  -2.1689
  1.0488  -1.8580   0.7946  -2.1717
  1.0484  -1.8561   0.7936  -2.1745
  1.0480  -1.8542   0.7927  -2.1772
  1.0476  -1.8523   0.7918  -2.1799
  1.0473  -1.8505   0.7910  -2.1825
  1.0470  -1.8487   0.7903  -2.1851
  1.0467  -1.8470   0.7896  -2.1875
  1.0464  -1.8453   0.7891  -2.1899
  1.0462  -1.8438   0.7886  -2.1920
  1.0460  -1.8424   0.7883  -2.1940
  1.0458  -1.8413   0.7880  -2.1957
  1.0457  -1.8404   0.7878  -2.1969
  1.0457  -1.8404   0.7878  -2.1969
  1.0523  -1.8457   0.7876  -2.1976
  1.0589  -1.8507   0.7877  -2.1987
  1.0654  -1.8554   0.7880  -2.2001
  1.0719  -1.8597   0.7886  -2.2017
  1.0783  -1.8638   0.7893  -2.2036
  1.0848  -1.8674   0.7903  -2.2056
  1.0912  -1.8708   0.7915  -2.2078
  1.0975  -1.8738   0.7929  -2.2101
  1.1038  -1.8766   0.7945  -2.2125
  1.1101  -1.8790   0.7963  -2.2150
  1.1163  -1.8811   0.7983  -2.2175
  1.1224  -1.8829   0.8004  -2.2201
  1.1285  -1.8844   0.8027  -2.2228
  1.1345  -1.8855   0.8052  -2.2255
  1.1404  -1.8864   0.8078  -2.2281
  1.1463  -1.8870   0.8106  -2.2308
  1.1521  -1.8873   0.8135  -2.2336
  1.1578  -1.8873   0.8165  -2.2363
  1.1634  -1.8871   0.8197  -2.2390
  1.1690  -1.8865   0.8230  -2.2417
  1.1744  -1.8857   0.8263  -2.2444
  1.1798  -1.8845   0.8299  -2.2470
  1.1850  -1.8831   0.8335  -2.2497
  1.1902  -1.8815   0.8372  -2.2524
  1.1952  -1.8795   0.8410  -2.2550
  1.2001  -1.8773   0.8448  -2.2576
  1.2050  -1.8748   0.8488  -2.2602
  1.2097  -1.8721   0.8528  -2.2627
  1.2142  -1.8691   0.8569  -2.2653
  1.2187  -1.8659   0.8611  -2.2678
  1.2231  -1.8623   0.8653  -2.2703
  1.2273  -1.8586   0.8695  -2.2727
  1.2314  -1.8546   0.8738  -2.2752
  1.2353  -1.8503   0.8781  -2.2776
  1.2392  -1.8458   0.8825  -2.2799
  1.2429  -1.8410   0.8869  -2.2823
  1.2464  -1.8360   0.8913  -2.2846
  1.2498  -1.8308   0.8957  -2.2869
  1.2531  -1.8253   0.9001  -2.2892
  1.2562  -1.8196   0.9045  -2.2914
  1.2592  -1.8136   0.9089  -2.2936
  1.2621  -1.8075   0.9133  -2.2958
  1.2648  -1.8010   0.9177  -2.2980
  1.2673  -1.7944   0.9221  -2.3001
  1.2697  -1.7875   0.9264  -2.3022
  1.2720  -1.7804   0.9307  -2.3042
  1.2741  -1.7730   0.9350  -2.3063
  1.2760  -1.7655   0.9392  -2.3083
  1.2778  -1.7576   0.9434  -2.3103
  1.2795  -1.7496   0.9475  -2.3122
  1.2810  -1.7413   0.9516  -2.3141
  1.2823  -1.7328   0.9556  -2.3160
  1.2835  -1.7241   0.9595  -2.3179
  1.2846  -1.7151   0.9634  -2.3197
  1.2855  -1.7059   0.9673  -2.3215
  1.2862  -1.6965   0.9710  -2.3233
  1.2868  -1.6868   0.9747  -2.3251
  1.2873  -1.6769   0.9783  -2.3268
  1.2875  -1.6668   0.9817  -2.3285
  1.2877  -1.6564   0.9851  -2.3302
  1.2876  -1.6457   0.9884  -2.3319
  1.2875  -1.6349   0.9916  -2.3335
  1.2871  -1.6237   0.9947  -2.3351
  1.2866  -1.6124   0.9976  -2.3366
  1.2860  -1.6008   1.0004  -2.3381
  1.2852  -1.5889   1.0031  -2.3396
  1.2842  -1.5768   1.0057  -2.3411
  1.2831  -1.5644   1.0081  -2.3424
  1.2818  -1.5517   1.0103  -2.3438
  1.2803  -1.5388   1.0124  -2.3451
  1.2787  -1.5256   1.0143  -2.3463
  1.2769  -1.5122   1.0160  -2.3474
  1.2750  -1.4985   1.0175  -2.3485
  1.2728  -1.4844   1.0189  -2.3495
  1.2705  -1.4701   1.0200  -2.3503
  1.2681  -1.4555   1.0209  -2.3511
  1.2654  -1.4406   1.0217  -2.3516
  1.2626  -1.4254   1.0221  -2.3521
  1.2596  -1.4099   1.0224  -2.3523
  1.2596  -1.4099   1.0224  -2.3523
  1.2564  -1.3941   1.0224  -2.3523
  1.2541  -1.3848   1.0213  -2.3533
  1.2526  -1.3806   1.0192  -2.3551
  1.2517  -1.3801   1.0161  -2.3574
  1.2514  -1.3824   1.0121  -2.3602
  1.2514  -1.3868   1.0073  -2.3633
  1.2518  -1.3927   1.0018  -2.3666
  1.2525  -1.3998   0.9955  -2.3700
  1.2535  -1.4077   0.9885  -2.3735
  1.2546  -1.4161   0.9808  -2.3770
  1.2559  -1.4250   0.9726  -2.3805
  1.2574  -1.4342   0.9638  -2.3839
  1.2590  -1.4436   0.9545  -2.3872
  1.2607  -1.4531   0.9447  -2.3904
  1.2625  -1.4627   0.9345  -2.3935
  1.2644  -1.4723   0.9239  -2.3964
  1.2664  -1.4820   0.9128  -2.3990
  1.2685  -1.4916   0.9015  -2.4015
  1.2706  -1.5013   0.8898  -2.4038
  1.2727  -1.5109   0.8779  -2.4058
  1.2749  -1.5205   0.8656  -2.4076
  1.2771  -1.5301   0.8532  -2.4091
  1.2793  -1.5397   0.8406  -2.4104
  1.2816  -1.5492   0.8278  -2.4114
  1.2838  -1.5588   0.8149  -2.4122
  1.2861  -1.5682   0.8018  -2.4126
  1.2883  -1.5777   0.7886  -2.4128
  1.2906  -1.5871   0.7754  -2.4127
  1.2928  -1.5965   0.7621  -2.4122
  1.2949  -1.6059   0.7488  -2.4115
  1.2971  -1.6153   0.7355  -2.4105
  1.2992  -1.6246   0.7222  -2.4092
  1.3012  -1.6340   0.7090  -2.4076
  1.3032  -1.6433   0.6958  -2.4056
  1.3052  -1.6526   0.6826  -2.4034
  1.3071  -1.6619   0.6696  -2.4009
  1.3089  -1.6712   0.6566  -2.3980
  1.3106  -1.6804   0.6438  -2.3948
  1.3123  -1.6897   0.6311  -2.3914
  1.3138  -1.6989   0.6185  -2.3876
  1.3153  -1.7081   0.6062  -2.3836
  1.3167  -1.7173   0.5940  -2.3792
  1.3180  -1.7265   0.5819  -2.3745
  1.3192  -1.7357   0.5701  -2.3696
  1.3203  -1.7448   0.5585  -2.3643
  1.3213  -1.7540   0.5471  -2.3588
  1.3221  -1.7631   0.5360  -2.3530
  1.3229  -1.7722   0.5250  -2.3469
  1.3235  -1.7813   0.5144  -2.3405
  1.3240  -1.7903   0.5040  -2.3338
  1.3244  -1.7993   0.4938  -2.3269
  1.3246  -1.8083   0.4840  -2.3197
  1.3247  -1.8173   0.4744  -2.3123
  1.3247  -1.8262   0.4651  -2.3045
  1.3245  -1.8351   0.4561  -2.2966
  1.3242  -1.8439   0.4474  -2.2883
  1.3237  -1.8527   0.4390  -2.2799
  1.3231  -1.8615   0.4309  -2.2712
  1.3224  -1.8702   0.4231  -2.2623
  1.3215  -1.8789   0.4157  -2.2531
  1.3204  -1.8875   0.4085  -2.2437
  1.3192  -1.8960   0.4017  -2.2341
  1.3179  -1.9045   0.3952  -2.2243
  1.3164  -1.9129   0.3890  -2.2143
  1.3148  -1.9213   0.3831  -2.2041
  1.3130  -1.9295   0.3775  -2.1937
  1.3110  -1.9377   0.3723  -2.1831
  1.3089  -1.9459   0.3674  -2.1723
  1.3067  -1.9539   0.3628  -2.1613
  1.3043  -1.9619   0.3585  -2.1502
  1.3018  -1.9697   0.3546  -2.1389
  1.2991  -1.9775   0.3509  -2.1275
  1.2963  -1.9852   0.3476  -2.1159
  1.2933  -1.9928   0.3445  -2.1041
  1.2902  -2.0002   0.3418  -2.0923
  1.2870  -2.0076   0.3393  -2.0803
  1.2836  -2.0149   0.3372  -2.0681
  1.2801  -2.0220   0.3353  -2.0559
  1.2765  -2.0291   0.3337  -2.0435
  1.2728  -2.0360   0.3324  -2.0310
  1.2690  -2.0427   0.3313  -2.0184
  1.2650  -2.0494   0.3305  -2.0057
  1.2610  -2.0559   0.3300  -1.9930
  1.2569  -2.0623   0.3296  -1.9801
  1.2526  -2.0686   0.3296  -1.9671
  1.2483  -2.0747   0.3297  -1.9541
  1.2439  -2.0807   0.3300  -1.9410
  1.2395  -2.0866   0.3306  -1.9278
  1.2350  -2.0923   0.3313  -1.9146
  1.2304  -2.0979   0.3322  -1.9013
  1.2258  -2.1033   0.3333  -1.8880
  1.2212  -2.1086   0.3345  -1.8746
  1.2165  -2.1137   0.3359  -1.8611
  1.2118  -2.1187   0.3374  -1.8476
  1.2071  -2.1235   0.3390  -1.8341
  1.2025  -2.1282   0.3407  -1.8205
  1.1978  -2.1328   0.3425  -1.8069
  1.1932  -2.1372   0.3444  -1.7932
  1.1886  -2.1414   0.3463  -1.7795
  1.1841  -2.1455   0.3482  -1.7658
  1.1796  -2.1494   0.3502  -1.7521
  1.1752  -2.1532   0.3521  -1.7384
  1.1709  -2.1569   0.3541  -1.7246
  1.1667  -2.1604   0.3560  -1.7108
  1.1627  -2.1638   0.3579  -1.6970
  1.1587  -2.1670   0.3596  -1.6833
  1.1550  -2.1701   0.3613  -1.6695
  1.1514  -2.1730   0.3629  -1.6558
  1.1480  -2.1759   0.3644  -1.6422
  1.1447  -2.1785   0.3657  -1.6287
  1.1418  -2.1811   0.3669  -1.6153
  1.1390  -2.1834   0.3678  -1.6022
  1.1366  -2.1856   0.3686  -1.5895
  1.1344  -2.1877   0.3692  -1.5773
  1.1325  -2.1895   0.3696  -1.5658
  1.1309  -2.1911   0.3699  -1.5553
  1.1297  -2.1924   0.3699  -1.5463
  1.1289  -2.1934   0.3699  -1.5394
  1.1289  -2.1934   0.3699  -1.5394
  1.1284  -2.1940   0.3815  -1.5514
  1.1280  -2.1941   0.3931  -1.5631
  1.1275  -2.1938   0.4045  -1.5747
  1.1270  -2.1933   0.4159  -1.5860
  1.1265  -2.1924   0.4272  -1.5971
  1.1259  -2.1914   0.4385  -1.6080
  1.1253  -2.1901   0.4496  -1.6188
  1.1247  -2.1887   0.4607  -1.6293
  1.1241  -2.1871   0.4717  -1.6396
  1.1235  -2.1854   0.4827  -1.6497
  1.1228  -2.1836   0.4936  -1.6597
  1.1222  -2.1817   0.5044  -1.6694
  1.1215  -2.1797   0.5151  -1.6790
  1.1208  -2.1777   0.5258  -1.6883
  1.1201  -2.1755   0.5364  -1.6975
  1.1194  -2.1734   0.5469  -1.7065
  1.1187  -2.1712   0.5574  -1.7153
  1.1179  -2.1689   0.5678  -1.7239
  1.1172  -2.1666   0.5781  -1.7323
  1.1165  -2.1643   0.5884  -1.7406
  1.1157  -2.1620   0.5986  -1.7486
  1.1150  -2.1596   0.6087  -1.7565
  1.1142  -2.1573   0.6187  -1.7642
  1.1135  -2.1549   0.6287  -1.7717
  1.1127  -2.1525   0.6386  -1.7790
  1.1119  -2.1501   0.6485  -1.7862
  1.1112  -2.1477   0.6582  -1.7931
  1.1104  -2.1453   0.6679  -1.7999
  1.1097  -2.1429   0.6775  -1.8065
  1.1089  -2.1405   0.6871  -1.8129
  1.1082  -2.1381   0.6965  -1.8191
  1.1075  -2.1357   0.7059  -1.8252
  1.1067  -2.1333   0.7152  -1.8310
  1.1060  -2.1308   0.7244  -1.8367
  1.1053  -2.1284   0.7335  -1.8421
  1.1046  -2.1260   0.7426  -1.8474
  1.1039  -2.1236   0.7515  -1.8525
  1.1032  -2.1212   0.7603  -1.8574
  1.1025  -2.1189   0.7691  -1.8621
  1.1018  -2.1165   0.7777  -1.8666
  1.1012  -2.1141   0.7863  -1.8709
  1.1005  -2.1117   0.7947  -1.8750
  1.0999  -2.1094   0.8031  -1.8789
  1.0993  -2.1070   0.8113  -1.8826
  1.0987  -2.1047   0.8194  -1.8861
  1.0981  -2.1024   0.8274  -1.8894
  1.0975  -2.1000   0.8352  -1.8925
  1.0969  -2.0977   0.8430  -1.8954
  1.0964  -2.0954   0.8506  -1.8981
  1.0958  -2.0931   0.8581  -1.9006
  1.0953  -2.0909   0.8654  -1.9029
  1.0948  -2.0886   0.8726  -1.9050
  1.0943  -2.0864   0.8797  -1.9068
  1.0939  -2.0842   0.8866  -1.9084
  1.0934  -2.0820   0.8933  -1.9099
  1.0930  -2.0798   0.8999  -1.9111
  1.0925  -2.0777   0.9063  -1.9120
  1.0921  -2.0755   0.9126  -1.9128
  1.0918  -2.0734   0.9187  -1.9133
  1.0914  -2.0713   0.9246  -1.9136
  1.0910  -2.0693   0.9303  -1.9137
  1.0907  -2.0673   0.9359  -1.9135
  1.0904  -2.0653   0.9412  -1.9131
  1.0901  -2.0634   0.9464  -1.9125
  1.0898  -2.0615   0.9513  -1.9116
  1.0896  -2.0597   0.9561  -1.9105
  1.0893  -2.0579   0.9606  -1.9092
  1.0891  -2.0561   0.9649  -1.9076
  1.0889  -2.0545   0.9690  -1.9057
  1.0887  -2.0529   0.9728  -1.9036
  1.0886  -2.0514   0.9765  -1.9013
  1.0884  -2.0500   0.9798  -1.8987
  1.0883  -2.0487   0.9830  -1.8959
  1.0882  -2.0475   0.9859  -1.8928
  1.0881  -2.0465   0.9885  -1.8894
  1.0880  -2.0456   0.9909  -1.8858
  1.0879  -2.0449   0.9930  -1.8819
  1.0879  -2.0444   0.9948  -1.8777
  1.0879  -2.0442   0.9964  -1.8733
  1.0879  -2.0442   0.9964  -1.8733
  1.0879  -2.0442   0.9977  -1.8686
  1.0879  -2.0437   0.9989  -1.8660
  1.0879  -2.0429   1.0000  -1.8651
  1.0879  -2.0419   1.0009  -1.8653
  1.0880  -2.0407   1.0018  -1.8664
  1.0880  -2.0394   1.0024  -1.8681
  1.0881  -2.0381   1.0030  -1.8703
  1.0882  -2.0366   1.0033  -1.8728
  1.0882  -2.0351   1.0035  -1.8756
  1.0883  -2.0336   1.0036  -1.8786
  1.0884  -2.0320   1.0034  -1.8817
  1.0885  -2.0304   1.0032  -1.8849
  1.0886  -2.0288   1.0028  -1.8882
  1.0887  -2.0272   1.0022  -1.8915
  1.0888  -2.0256   1.0015  -1.8948
  1.0889  -2.0239   1.0007  -1.8982
  1.0890  -2.0223   0.9997  -1.9016
  1.0890  -2.0207   0.9986  -1.9050
  1.0891  -2.0190   0.9974  -1.9083
  1.0892  -2.0173   0.9961  -1.9117
  1.0893  -2.0157   0.9946  -1.9151
  1.0894  -2.0140   0.9931  -1.9185
  1.0894  -2.0123   0.9915  -1.9218
  1.0895  -2.0107   0.9897  -1.9252
  1.0896  -2.0090   0.9879  -1.9285
  1.0896  -2.0073   0.9860  -1.9319
  1.0897  -2.0056   0.9840  -1.9352
  1.0897  -2.0039   0.9819  -1.9385
  1.0897  -2.0022   0.9798  -1.9418
  1.0898  -2.0005   0.9776  -1.9451
  1.0898  -1.9988   0.9753  -1.9484
  1.0898  -1.9971   0.9730  -1.9516
  1.0898  -1.9954   0.9706  -1.9549
  1.0898  -1.9937   0.9681  -1.9582
  1.0897  -1.9919   0.9656  -1.9614
  1.0897  -1.9902   0.9630  -1.9646
  1.0896  -1.9885   0.9604  -1.9678
  1.0896  -1.9868   0.9578  -1.9711
  1.0895  -1.9850   0.9551  -1.9743
  1.0894  -1.9833   0.9524  -1.9774
  1.0893  -1.9815   0.9496  -1.9806
  1.0892  -1.9798   0.9468  -1.9838
  1.0891  -1.9780   0.9440  -1.9870
  1.0889  -1.9762   0.9412  -1.9901
  1.0888  -1.9745   0.9383  -1.9933
  1.0886  -1.9727   0.9354  -1.9964
  1.0884  -1.9709   0.9325  -1.9995
  1.0882  -1.9692   0.9296  -2.0026
  1.0880  -1.9674   0.9267  -2.0057
  1.0878  -1.9656   0.9237  -2.0088
  1.0875  -1.9638   0.9208  -2.0119
  1.0873  -1.9620   0.9178  -2.0150
  1.0870  -1.9602   0.9149  -2.0181
  1.0867  -1.9584   0.9119  -2.0212
  1.0864  -1.9566   0.9090  -2.0242
  1.0861  -1.9548   0.9060  -2.0273
  1.0858  -1.9530   0.9030  -2.0303
  1.0854  -1.9512   0.9001  -2.0334
  1.0851  -1.9494   0.8971  -2.0364
  1.0847  -1.9475   0.8942  -2.0394
  1.0843  -1.9457   0.8913  -2.0425
  1.0839  -1.9439   0.8884  -2.0455
  1.0835  -1.9420   0.8855  -2.0485
  1.0830  -1.9402   0.8826  -2.0515
  1.0826  -1.9384   0.8797  -2.0545
  1.0821  -1.9365   0.8769  -2.0574
  1.0816  -1.9347   0.8740  -2.0604
  1.0811  -1.9328   0.8712  -2.0634
  1.0806  -1.9309   0.8684  -2.0663
  1.0801  -1.9291   0.8657  -2.0693
  1.0796  -1.9272   0.8629  -2.0722
  1.0790  -1.9253   0.8602  -2.0752
  1.0785  -1.9235   0.8576  -2.0781
  1.0779  -1.9216   0.8549  -2.0810
  1.0773  -1.9197   0.8523  -2.0840
  1.0768  -1.9178   0.8497  -2.0869
  1.0762  -1.9159   0.8471  -2.0898
  1.0756  -1.9140   0.8446  -2.0927
  1.0749  -1.9121   0.8421  -2.0956
  1.0743  -1.9102   0.8397  -2.0985
  1.0737  -1.9083   0.8373  -2.1013
  1.0731  -1.9064   0.8349  -2.1042
  1.0724  -1.9045   0.8326  -2.1071
  1.0718  -1.9026   0.8303  -2.1099
  1.0711  -1.9006   0.8281  -2.1128
  1.0704  -1.8987   0.8259  -2.1156
  1.0698  -1.8968   0.8237  -2.1185
  1.0691  -1.8948   0.8216  -2.1213
  1.0684  -1.8929   0.8196  -2.1241
  1.0678  -1.8909   0.8175  -2.1269
  1.0671  -1.8890   0.8156  -2.1297
  1.0664  -1.8870   0.8137  -2.1325
  1.0658  -1.8850   0.8118  -2.1353
  1.0651  -1.8831   0.8100  -2.1381
  1.0644  -1.8811   0.8083  -2.1409
  1.0638  -1.8791   0.8066  -2.1436
  1.0631  -1.8771   0.8049  -2.1464
  1.0625  -1.8751   0.8034  -2.1491
  1.0618  -1.8731   0.8018  -2.1519
  1.0612  -1.8711   0.8004  -2.1546
  1.0606  -1.8691   0.7990  -2.1573
  1.0600  -1.8671   0.7977  -2.1600
  1.0594  -1.8651   0.7964  -2.1627
  1.0588  -1.8631   0.7952  -2.1654
  1.0583  -1.8611   0.7941  -2.1680
  1.0577  -1.8591   0.7930  -2.1707
  1.0572  -1.8571   0.7920  -2.1733
  1.0567  -1.8551   0.7911  -2.1759
  1.0562  -1.8531   0.7902  -2.1785
  1.0558  -1.8511   0.7894  -2.1810
  1.0554  -1.8492   0.7887  -2.1834
  1.0550  -1.8473   0.7881  -2.1858
  1.0546  -1.8454   0.7875  -2.1882
  1.0543  -1.8437   0.7871  -2.1904
  1.0540  -1.8421   0.7867  -2.1924
  1.0538  -1.8406   0.7863  -2.1942
  1.0536  -1.8393   0.7861  -2.1958
  1.0535  -1.8384   0.7860  -2.1969
  1.0534  -1.8379   0.7859  -2.1976
  1.0534  -1.8379   0.7859  -2.1976
  1.0534  -1.8379   0.7859  -2.1976
  1.0600  -1.8431   0.7858  -2.1976
  1.0665  -1.8481   0.7860  -2.1981
  1.0730  -1.8527   0.7864  -2.1989
  1.0795  -1.8569   0.7870  -2.2001
  1.0860  -1.8609   0.7879  -2.2016
  1.0924  -1.8645   0.7889  -2.2034
  1.0988  -1.8678   0.7902  -2.2053
  1.1051  -1.8707   0.7917  -2.2074
  1.1114  -1.8734   0.7933  -2.2096
  1.1176  -1.8757   0.7952  -2.2119
  1.1238  -1.8777   0.7972  -2.2144
  1.1299  -1.8794   0.7994  -2.2169
  1.1359  -1.8808   0.8017  -2.2194
  1.1419  -1.8819   0.8042  -2.2220
  1.1478  -1.8827   0.8069  -2.2247
  1.1536  -1.8832   0.8097  -2.2274
  1.1593  -1.8834   0.8126  -2.2301
  1.1650  -1.8833   0.8157  -2.2328
  1.1705  -1.8829   0.8189  -2.2355
  1.1760  -1.8823   0.8222  -2.2382
  1.1814  -1.8814   0.8256  -2.2409
  1.1867  -1.8801   0.8291  -2.2436
  1.1919  -1.8786   0.8327  -2.2463
  1.1969  -1.8769   0.8364  -2.2490
  1.2019  -1.8748   0.8402  -2.2516
  1.2068  -1.8725   0.8441  -2.2543
  1.2115  -1.8700   0.8480  -2.2569
  1.2161  -1.8671   0.8520  -2.2595
  1.2206  -1.8640   0.8561  -2.2621
  1.2250  -1.8607   0.8603  -2.2647
  1.2293  -1.8571   0.8644  -2.2672
  1.2334  -1.8532   0.8687  -2.2697
  1.2374  -1.8491   0.8730  -2.2722
  1.2413  -1.8447   0.8773  -2.2747
  1.2450  -1.8401   0.8816  -2.2771
  1.2486  -1.8352   0.8860  -2.2796
  1.2521  -1.8301   0.8904  -2.2820
  1.2554  -1.8248   0.8947  -2.2843
  1.2585  -1.8192   0.8991  -2.2867
  1.2616  -1.8134   0.9035  -2.2890
  1.2645  -1.8073   0.9079  -2.2913
  1.2672  -1.8010   0.9123  -2.2935
  1.2698  -1.7945   0.9166  -2.2957
  1.2723  -1.7877   0.9209  -2.2979
  1.2746  -1.7807   0.9252  -2.3001
  1.2767  -1.7735   0.9295  -2.3022
  1.2787  -1.7661   0.9338  -2.3044
  1.2806  -1.7584   0.9380  -2.3064
  1.2823  -1.7505   0.9421  -2.3085
  1.2838  -1.7423   0.9462  -2.3105
  1.2852  -1.7339   0.9503  -2.3125
  1.2865  -1.7253   0.9543  -2.3145
  1.2876  -1.7165   0.9582  -2.3165
  1.2885  -1.7074   0.9621  -2.3184
  1.2893  -1.6981   0.9659  -2.3203
  1.2900  -1.6886   0.9697  -2.3222
  1.2905  -1.6788   0.9733  -2.3240
  1.2908  -1.6688   0.9769  -2.3258
  1.2910  -1.6585   0.9804  -2.3276
  1.2911  -1.6480   0.9837  -2.3294
  1.2909  -1.6372   0.9870  -2.3311
  1.2907  -1.6263   0.9902  -2.3328
  1.2902  -1.6150   0.9933  -2.3344
  1.2897  -1.6035   0.9962  -2.3361
  1.2889  -1.5918   0.9990  -2.3377
  1.2880  -1.5798   1.0017  -2.3392
  1.2870  -1.5676   1.0043  -2.3407
  1.2857  -1.5551   1.0067  -2.3422
  1.2844  -1.5423   1.0089  -2.3436
  1.2828  -1.5293   1.0110  -2.3449
  1.2811  -1.5159   1.0129  -2.3462
  1.2792  -1.5024   1.0146  -2.3474
  1.2772  -1.4885   1.0162  -2.3485
  1.2750  -1.4744   1.0175  -2.3495
  1.2726  -1.4599   1.0186  -2.3504
  1.2700  -1.4452   1.0196  -2.3512
  1.2673  -1.4302   1.0203  -2.3518
  1.2643  -1.4149   1.0208  -2.3522
  1.2612  -1.3992   1.0210  -2.3525
  1.2612  -1.3992   1.0210  -2.3525
  1.2579  -1.3832   1.0210  -2.3525
  1.2556  -1.3739   1.0199  -2.3535
  1.2540  -1.3697   1.0177  -2.3553
  1.2531  -1.3693   1.0146  -2.3578
  1.2527  -1.3717   1.0106  -2.3606
  1.2527  -1.3762   1.0058  -2.3638
  1.2531  -1.3823   1.0002  -2.3672
  1.2538  -1.3895   0.9938  -2.3707
  1.2548  -1.3975   0.9867  -2.3744
  1.2559  -1.4061   0.9790  -2.3780
  1.2572  -1.4151   0.9707  -2.3816
  1.2587  -1.4244   0.9618  -2.3851
  1.2603  -1.4340   0.9524  -2.3886
  1.2621  -1.4436   0.9425  -2.3919
  1.2639  -1.4534   0.9322  -2.3951
  1.2658  -1.4632   0.9214  -2.3981
  1.2678  -1.4730   0.9103  -2.4009
  1.2699  -1.4828   0.8988  -2.4035
  1.2720  -1.4926   0.8870  -2.4058
  1.2742  -1.5024   0.8749  -2.4080
  1.2764  -1.5122   0.8626  -2.4099
  1.2786  -1.5219   0.8500  -2.4115
  1.2809  -1.5316   0.8373  -2.4129
  1.2832  -1.5413   0.8243  -2.4140
  1.2855  -1.5509   0.8112  -2.4149
  1.2877  -1.5606   0.7980  -2.4154
  1.2900  -1.5701   0.7847  -2.4156
  1.2923  -1.5797   0.7714  -2.4156
  1.2945  -1.5893   0.7580  -2.4153
  1.2967  -1.5988   0.7445  -2.4146
  1.2989  -1.6083   0.7311  -2.4137
  1.3010  -1.6178   0.7176  -2.4124
  1.3031  -1.6272   0.7042  -2.4108
  1.3052  -1.6367   0.6909  -2.4089
  1.3072  -1.6461   0.6776  -2.4068
  1.3091  -1.6555   0.6644  -2.4043
  1.3109  -1.6649   0.6513  -2.4014
  1.3127  -1.6743   0.6384  -2.3983
  1.3144  -1.6837   0.6256  -2.3949
  1.3160  -1.6931   0.6129  -2.3911
  1.3175  -1.7024   0.6004  -2.3871
  1.3190  -1.7118   0.5880  -2.3827
  1.3203  -1.7211   0.5759  -2.3781
  1.3215  -1.7304   0.5640  -2.3731
  1.3226  -1.7397   0.5522  -2.3679
  1.3236  -1.7489   0.5407  -2.3623
  1.3245  -1.7582   0.5295  -2.3565
  1.3253  -1.7674   0.5185  -2.3504
  1.3259  -1.7766   0.5077  -2.3440
  1.3265  -1.7858   0.4972  -2.3373
  1.3268  -1.7949   0.4870  -2.3303
  1.3271  -1.8040   0.4770  -2.3231
  1.3272  -1.8131   0.4674  -2.3156
  1.3272  -1.8222   0.4580  -2.3078
  1.3271  -1.8312   0.4489  -2.2998
  1.3268  -1.8401   0.4401  -2.2916
  1.3263  -1.8491   0.4317  -2.2830
  1.3257  -1.8579   0.4235  -2.2743
  1.3250  -1.8668   0.4157  -2.2653
  1.3241  -1.8755   0.4081  -2.2561
  1.3230  -1.8843   0.4009  -2.2466
  1.3218  -1.8929   0.3941  -2.2369
  1.3205  -1.9015   0.3875  -2.2271
  1.3190  -1.9101   0.3813  -2.2170
  1.3174  -1.9185   0.3754  -2.2067
  1.3155  -1.9269   0.3698  -2.1962
  1.3136  -1.9352   0.3645  -2.1855
  1.3115  -1.9435   0.3596  -2.1746
  1.3092  -1.9516   0.3550  -2.1636
  1.3068  -1.9597   0.3507  -2.1524
  1.3043  -1.9677   0.3468  -2.1410
  1.3015  -1.9756   0.3431  -2.1295
  1.2987  -1.9833   0.3398  -2.1178
  1.2957  -1.9910   0.3367  -2.1059
  1.2926  -1.9986   0.3340  -2.0940
  1.2893  -2.0060   0.3316  -2.0818
  1.2859  -2.0134   0.3294  -2.0696
  1.2824  -2.0206   0.3276  -2.0572
  1.2788  -2.0278   0.3260  -2.0448
  1.2750  -2.0348   0.3247  -2.0322
  1.2711  -2.0416   0.3237  -2.0195
  1.2671  -2.0484   0.3229  -2.0067
  1.2630  -2.0550   0.3224  -1.9938
  1.2589  -2.0615   0.3221  -1.9808
  1.2546  -2.0678   0.3221  -1.9678
  1.2502  -2.0740   0.3222  -1.9547
  1.2458  -2.0801   0.3226  -1.9414
  1.2413  -2.0860   0.3232  -1.9282
  1.2367  -2.0918   0.3240  -1.9148
  1.2321  -2.0974   0.3250  -1.9014
  1.2274  -2.1029   0.3261  -1.8880
  1.2227  -2.1082   0.3274  -1.8745
  1.2180  -2.1134   0.3288  -1.8609
  1.2132  -2.1184   0.3304  -1.8473
  1.2085  -2.1233   0.3320  -1.8337
  1.2037  -2.1280   0.3338  -1.8200
  1.1990  -2.1326   0.3357  -1.8063
  1.1943  -2.1370   0.3376  -1.7925
  1.1897  -2.1413   0.3395  -1.7787
  1.1851  -2.1454   0.3415  -1.7649
  1.1805  -2.1493   0.3436  -1.7511
  1.1761  -2.1532   0.3456  -1.7372
  1.1717  -2.1568   0.3476  -1.7234
  1.1675  -2.1604   0.3496  -1.7095
  1.1634  -2.1637   0.3515  -1.6956
  1.1594  -2.1670   0.3533  -1.6817
  1.1556  -2.1701   0.3551  -1.6679
  1.1519  -2.1730   0.3567  -1.6541
  1.1485  -2.1759   0.3582  -1.6404
  1.1452  -2.1785   0.3595  -1.6268
  1.1422  -2.1810   0.3607  -1.6133
  1.1394  -2.1834   0.3617  -1.6002
  1.1369  -2.1856   0.3626  -1.5873
  1.1347  -2.1876   0.3632  -1.5750
  1.1328  -2.1895   0.3636  -1.5635
  1.1312  -2.1911   0.3638  -1.5529
  1.1300  -2.1924   0.3639  -1.5439
  1.1291  -2.1934   0.3639  -1.5369
  1.1291  -2.1934   0.3639  -1.5369
  1.1287  -2.1939   0.3755  -1.5489
  1.1282  -2.1940   0.3871  -1.5608
  1.1277  -2.1938   0.3986  -1.5724
  1.1272  -2.1932   0.4100  -1.5838
  1.1267  -2.1924   0.4213  -1.5950
  1.1261  -2.1913   0.4326  -1.6060
  1.1255  -2.1901   0.4438  -1.6168
  1.1249  -2.1887   0.4549  -1.6274
  1.1243  -2.1871   0.4659  -1.6378
  1.1237  -2.1854   0.4769  -1.6480
  1.1230  -2.1836   0.4878  -1.6580
  1.1223  -2.1817   0.4986  -1.6678
  1.1216  -2.1797   0.5094  -1.6774
  1.1209  -2.1776   0.5201  -1.6868
  1.1202  -2.1755   0.5307  -1.6961
  1.1195  -2.1734   0.5413  -1.7051
  1.1188  -2.1712   0.5518  -1.7140
  1.1180  -2.1689   0.5622  -1.7227
  1.1173  -2.1666   0.5725  -1.7312
  1.1165  -2.1643   0.5828  -1.7395
  1.1158  -2.1620   0.5930  -1.7476
  1.1150  -2.1597   0.6032  -1.7556
  1.1143  -2.1573   0.6133  -1.7633
  1.1135  -2.1550   0.6233  -1.7709
  1.1127  -2.1526   0.6332  -1.7783
  1.1120  -2.1502   0.6431  -1.7855
  1.1112  -2.1478   0.6529  -1.7925
  1.1105  -2.1454   0.6626  -1.7994
  1.1097  -2.1430   0.6722  -1.8060
  1.1090  -2.1406   0.6818  -1.8125
  1.1082  -2.1382   0.6913  -1.8188
  1.1075  -2.1357   0.7007  -1.8249
  1.1067  -2.1333   0.7100  -1.8308
  1.1060  -2.1309   0.7193  -1.8365
  1.1053  -2.1285   0.7284  -1.8420
  1.1046  -2.1261   0.7375  -1.8474
  1.1039  -2.1237   0.7465  -1.8525
  1.1032  -2.1213   0.7553  -1.8575
  1.1025  -2.1189   0.7641  -1.8622
  1.1018  -2.1166   0.7728  -1.8668
  1.1011  -2.1142   0.7814  -1.8712
  1.1005  -2.1118   0.7899  -1.8753
  1.0999  -2.1095   0.7983  -1.8793
  1.0992  -2.1071   0.8065  -1.8831
  1.0986  -2.1048   0.8147  -1.8867
  1.0980  -2.1024   0.8227  -1.8901
  1.0974  -2.1001   0.8306  -1.8932
  1.0969  -2.0978   0.8384  -1.8962
  1.0963  -2.0955   0.8461  -1.8989
  1.0958  -2.0932   0.8536  -1.9015
  1.0953  -2.0910   0.8610  -1.9038
  1.0948  -2.0887   0.8682  -1.9060
  1.0943  -2.0865   0.8754  -1.9079
  1.0938  -2.0842   0.8823  -1.9096
  1.0934  -2.0820   0.8891  -1.9110
  1.0929  -2.0799   0.8958  -1.9123
  1.0925  -2.0777   0.9022  -1.9133
  1.0921  -2.0756   0.9086  -1.9141
  1.0917  -2.0735   0.9147  -1.9147
  1.0914  -2.0714   0.9207  -1.9151
  1.0910  -2.0693   0.9265  -1.9152
  1.0907  -2.0673   0.9321  -1.9151
  1.0904  -2.0654   0.9375  -1.9148
  1.0901  -2.0634   0.9427  -1.9142
  1.0898  -2.0615   0.9477  -1.9134
  1.0895  -2.0597   0.9525  -1.9123
  1.0893  -2.0579   0.9571  -1.9111
  1.0891  -2.0562   0.9614  -1.9095
  1.0889  -2.0545   0.9656  -1.9077
  1.0887  -2.0529   0.9695  -1.9057
  1.0885  -2.0514   0.9732  -1.9034
  1.0884  -2.0500   0.9767  -1.9009
  1.0883  -2.0487   0.9799  -1.8981
  1.0882  -2.0476   0.9828  -1.8950
  1.0881  -2.0465   0.9855  -1.8917
  1.0880  -2.0456   0.9879  -1.8881
  1.0879  -2.0449   0.9901  -1.8843
  1.0879  -2.0444   0.9920  -1.8802
  1.0879  -2.0442   0.9936  -1.8758
  1.0879  -2.0442   0.9936  -1.8758
  1.0879  -2.0442   0.9950  -1.8712
  1.0879  -2.0437   0.9962  -1.8686
  1.0879  -2.0430   0.9974  -1.8677
  1.0879  -2.0419   0.9984  -1.8679
  1.0880  -2.0408   0.9993  -1.8690
  1.0880  -2.0395   1.0000  -1.8707
  1.0881  -2.0381   1.0006  -1.8729
  1.0881  -2.0366   1.0010  -1.8754
  1.0882  -2.0351   1.0013  -1.8782
  1.0883  -2.0336   1.0013  -1.8811
  1.0883  -2.0320   1.0013  -1.8842
  1.0884  -2.0304   1.0011  -1.8874
  1.0885  -2.0288   1.0007  -1.8906
  1.0886  -2.0272   1.0002  -1.8939
  1.0886  -2.0256   0.9995  -1.8972
  1.0887  -2.0240   0.9987  -1.9006
  1.0888  -2.0223   0.9978  -1.9039
  1.0889  -2.0207   0.9968  -1.9073
  1.0889  -2.0190   0.9956  -1.9106
  1.0890  -2.0174   0.9943  -1.9140
  1.0891  -2.0157   0.9929  -1.9174
  1.0891  -2.0140   0.9914  -1.9207
  1.0892  -2.0124   0.9898  -1.9240
  1.0892  -2.0107   0.9882  -1.9274
  1.0893  -2.0090   0.9864  -1.9307
  1.0893  -2.0073   0.9845  -1.9340
  1.0893  -2.0056   0.9826  -1.9373
  1.0894  -2.0039   0.9805  -1.9406
  1.0894  -2.0022   0.9784  -1.9439
  1.0894  -2.0005   0.9762  -1.9471
  1.0894  -1.9988   0.9740  -1.9504
  1.0893  -1.9971   0.9717  -1.9536
  1.0893  -1.9954   0.9693  -1.9569
  1.0893  -1.9937   0.9669  -1.9601
  1.0892  -1.9920   0.9644  -1.9633
  1.0892  -1.9902   0.9619  -1.9665
  1.0891  -1.9885   0.9593  -1.9697
  1.0890  -1.9868   0.9567  -1.9729
  1.0889  -1.9850   0.9541  -1.9761
  1.0888  -1.9833   0.9514  -1.9792
  1.0887  -1.9815   0.9487  -1.9824
  1.0885  -1.9798   0.9459  -1.9855
  1.0884  -1.9780   0.9431  -1.9887
  1.0882  -1.9763   0.9403  -1.9918
  1.0881  -1.9745   0.9375  -1.9949
  1.0879  -1.9727   0.9346  -1.9980
  1.0877  -1.9710   0.9318  -2.0011
  1.0874  -1.9692   0.9289  -2.0042
  1.0872  -1.9674   0.9260  -2.0073
  1.0870  -1.9656   0.9231  -2.0104
  1.0867  -1.9638   0.9202  -2.0135
  1.0864  -1.9620   0.9172  -2.0165
  1.0861  -1.9602   0.9143  -2.0196
  1.0858  -1.9584   0.9114  -2.0226
  1.0855  -1.9566   0.9084  -2.0257
  1.0851  -1.9548   0.9055  -2.0287
  1.0848  -1.9530   0.9026  -2.0317
  1.0844  -1.9512   0.8996  -2.0347
  1.0840  -1.9494   0.8967  -2.0377
  1.0836  -1.9476   0.8938  -2.0407
  1.0832  -1.9457   0.8909  -2.0437
  1.0828  -1.9439   0.8880  -2.0467
  1.0824  -1.9421   0.8851  -2.0497
  1.0819  -1.9402   0.8823  -2.0527
  1.0814  -1.9384   0.8794  -2.0556
  1.0810  -1.9366   0.8766  -2.0586
  1.0805  -1.9347   0.8738  -2.0615
  1.0800  -1.9329   0.8710  -2.0645
  1.0794  -1.9310   0.8682  -2.0674
  1.0789  -1.9291   0.8655  -2.0704
  1.0784  -1.9273   0.8628  -2.0733
  1.0778  -1.9254   0.8601  -2.0762
  1.0772  -1.9235   0.8574  -2.0791
  1.0766  -1.9217   0.8548  -2.0820
  1.0761  -1.9198   0.8522  -2.0849
  1.0755  -1.9179   0.8496  -2.0878
  1.0748  -1.9160   0.8470  -2.0907
  1.0742  -1.9141   0.8445  -2.0936
  1.0736  -1.9122   0.8421  -2.0964
  1.0730  -1.9103   0.8396  -2.0993
  1.0723  -1.9084   0.8372  -2.1021
  1.0717  -1.9065   0.8349  -2.1050
  1.0710  -1.9046   0.8326  -2.1078
  1.0703  -1.9027   0.8303  -2.1107
  1.0697  -1.9007   0.8281  -2.1135
  1.0690  -1.8988   0.8259  -2.1163
  1.0683  -1.8969   0.8237  -2.1191
  1.0676  -1.8949   0.8216  -2.1219
  1.0670  -1.8930   0.8196  -2.1247
  1.0663  -1.8911   0.8176  -2.1275
  1.0656  -1.8891   0.8156  -2.1303
  1.0649  -1.8871   0.8137  -2.1331
  1.0642  -1.8852   0.8119  -2.1358
  1.0636  -1.8832   0.8101  -2.1386
  1.0629  -1.8812   0.8083  -2.1413
  1.0622  -1.8793   0.8067  -2.1441
  1.0616  -1.8773   0.8050  -2.1468
  1.0609  -1.8753   0.8035  -2.1495
  1.0603  -1.8733   0.8019  -2.1523
  1.0597  -1.8713   0.8005  -2.1550
  1.0590  -1.8693   0.7991  -2.1577
  1.0584  -1.8673   0.7978  -2.1603
  1.0578  -1.8653   0.7965  -2.1630
  1.0573  -1.8633   0.7953  -2.1657
  1.0567  -1.8613   0.7942  -2.1683
  1.0561  -1.8593   0.7931  -2.1709
  1.0556  -1.8573   0.7921  -2.1735
  1.0551  -1.8553   0.7912  -2.1761
  1.0546  -1.8533   0.7903  -2.1786
  1.0542  -1.8513   0.7895  -2.1811
  1.0538  -1.8494   0.7888  -2.1836
  1.0534  -1.8475   0.7882  -2.1860
  1.0530  -1.8457   0.7876  -2.1883
  1.0527  -1.8439   0.7872  -2.1904
  1.0524  -1.8423   0.7868  -2.1925
  1.0522  -1.8408   0.7865  -2.1943
  1.0520  -1.8396   0.7862  -2.1958
  1.0518  -1.8387   0.7861  -2.1970
  1.0518  -1.8381   0.7860  -2.1976
  1.0518  -1.8381   0.7860  -2.1976
  1.0583  -1.8434   0.7859  -2.1976
  1.0649  -1.8483   0.7861  -2.1981
  1.0714  -1.8529   0.7865  -2.1990
  1.0779  -1.8572   0.7871  -2.2002
  1.0843  -1.8611   0.7880  -2.2018
  1.0907  -1.8647   0.7890  -2.2036
  1.0971  -1.8680   0.7903  -2.2055
  1.1034  -1.8710   0.7918  -2.2077
  1.1097  -1.8736   0.7934  -2.2100
  1.1159  -1.8760   0.7953  -2.2124
  1.1221  -1.8780   0.7973  -2.2149
  1.1282  -1.8797   0.7995  -2.2175
  1.1342  -1.8811   0.8018  -2.2202
  1.1402  -1.8823   0.8043  -2.2229
  1.1461  -1.8831   0.8069  -2.2256
  1.1519  -1.8836   0.8097  -2.2283
  1.1576  -1.8839   0.8127  -2.2311
  1.1633  -1.8838   0.8157  -2.2339
  1.1689  -1.8835   0.8189  -2.2367
  1.1743  -1.8829   0.8222  -2.2395
  1.1797  -1.8820   0.8256  -2.2423
  1.1850  -1.8808   0.8291  -2.2450
  1.1902  -1.8794   0.8327  -2.2478
  1.1953  -1.8776   0.8364  -2.2505
  1.2003  -1.8757   0.8402  -2.2532
  1.2052  -1.8734   0.8440  -2.2559
  1.2099  -1.8709   0.8480  -2.2586
  1.2146  -1.8681   0.8520  -2.2613
  1.2191  -1.8651   0.8561  -2.2639
  1.2235  -1.8618   0.8602  -2.2665
  1.2278  -1.8582   0.8644  -2.2691
  1.2319  -1.8544   0.8686  -2.2716
  1.2360  -1.8504   0.8729  -2.2741
  1.2398  -1.8461   0.8772  -2.2766
  1.2436  -1.8415   0.8815  -2.2791
  1.2472  -1.8367   0.8859  -2.2815
  1.2507  -1.8317   0.8902  -2.2839
  1.2541  -1.8264   0.8946  -2.2863
  1.2573  -1.8209   0.8990  -2.2886
  1.2603  -1.8151   0.9034  -2.2910
  1.2633  -1.8092   0.9078  -2.2932
  1.2660  -1.8029   0.9121  -2.2955
  1.2687  -1.7965   0.9165  -2.2977
  1.2712  -1.7898   0.9208  -2.2999
  1.2735  -1.7829   0.9251  -2.3020
  1.2757  -1.7757   0.9294  -2.3041
  1.2777  -1.7683   0.9336  -2.3062
  1.2796  -1.7607   0.9378  -2.3083
  1.2814  -1.7529   0.9419  -2.3103
  1.2829  -1.7448   0.9460  -2.3123
  1.2844  -1.7365   0.9501  -2.3142
  1.2857  -1.7280   0.9541  -2.3162
  1.2868  -1.7192   0.9580  -2.3181
  1.2878  -1.7102   0.9619  -2.3199
  1.2886  -1.7010   0.9657  -2.3218
  1.2893  -1.6915   0.9694  -2.3236
  1.2898  -1.6818   0.9730  -2.3254
  1.2902  -1.6719   0.9766  -2.3271
  1.2904  -1.6617   0.9801  -2.3288
  1.2905  -1.6513   0.9834  -2.3305
  1.2904  -1.6406   0.9867  -2.3321
  1.2902  -1.6297   0.9899  -2.3338
  1.2898  -1.6185   0.9929  -2.3353
  1.2892  -1.6071   0.9958  -2.3369
  1.2885  -1.5955   0.9986  -2.3384
  1.2876  -1.5836   1.0013  -2.3399
  1.2866  -1.5714   1.0038  -2.3413
  1.2854  -1.5590   1.0062  -2.3426
  1.2841  -1.5463   1.0084  -2.3440
  1.2826  -1.5333   1.0105  -2.3452
  1.2809  -1.5201   1.0124  -2.3464
  1.2790  -1.5066   1.0141  -2.3476
  1.2770  -1.4928   1.0156  -2.3486
  1.2749  -1.4788   1.0169  -2.3496
  1.2725  -1.4644   1.0181  -2.3504
  1.2700  -1.4498   1.0190  -2.3511
  1.2673  -1.4348   1.0197  -2.3517
  1.2644  -1.4196   1.0202  -2.3521
  1.2613  -1.4040   1.0204  -2.3524
  1.2613  -1.4040   1.0204  -2.3524
  1.2581  -1.3881   1.0204  -2.3524
  1.2557  -1.3789   1.0193  -2.3534
  1.2542  -1.3748   1.0171  -2.3553
  1.2533  -1.3744   1.0140  -2.3579
  1.2530  -1.3769   1.0099  -2.3609
  1.2530  -1.3814   1.0050  -2.3642
  1.2534  -1.3875   0.9993  -2.3677
  1.2542  -1.3946   0.9929  -2.3714
  1.2551  -1.4026   0.9857  -2.3752
  1.2563  -1.4112   0.9780  -2.3789
  1.2577  -1.4202   0.9696  -2.3827
  1.2592  -1.4294   0.9606  -2.3864
  1.2608  -1.4389   0.9511  -2.3900
  1.2626  -1.4485   0.9411  -2.3935
  1.2645  -1.4582   0.9306  -2.3968
  1.2664  -1.4680   0.9198  -2.3999
  1.2685  -1.4777   0.9085  -2.4028
  1.2706  -1.4875   0.8969  -2.4056
  1.2728  -1.4972   0.8850  -2.4081
  1.2750  -1.5070   0.8728  -2.4103
  1.2773  -1.5167   0.8604  -2.4124
  1.2795  -1.5264   0.8477  -2.4141
  1.2819  -1.5360   0.8348  -2.4156
  1.2842  -1.5456   0.8218  -2.4168
  1.2865  -1.5552   0.8086  -2.4177
  1.2889  -1.5648   0.7952  -2.4183
  1.2912  -1.5743   0.7818  -2.4186
  1.2935  -1.5839   0.7684  -2.4186
  1.2958  -1.5934   0.7548  -2.4183
  1.2980  -1.6028   0.7413  -2.4177
  1.3003  -1.6123   0.7277  -2.4168
  1.3025  -1.6217   0.7142  -2.4155
  1.3046  -1.6312   0.7007  -2.4140
  1.3067  -1.6406   0.6872  -2.4121
  1.3087  -1.6500   0.6739  -2.4099
  1.3107  -1.6594   0.6606  -2.4074
  1.3126  -1.6687   0.6474  -2.4045
  1.3144  -1.6781   0.6344  -2.4014
  1.3162  -1.6875   0.6215  -2.3979
  1.3178  -1.6968   0.6087  -2.3941
  1.3194  -1.7061   0.5962  -2.3900
  1.3209  -1.7154   0.5838  -2.3856
  1.3222  -1.7247   0.5716  -2.3809
  1.3235  -1.7340   0.5596  -2.3758
  1.3247  -1.7433   0.5478  -2.3705
  1.3257  -1.7525   0.5363  -2.3649
  1.3266  -1.7618   0.5250  -2.3589
  1.3274  -1.7710   0.5140  -2.3527
  1.3281  -1.7802   0.5032  -2.3462
  1.3287  -1.7894   0.4927  -2.3394
  1.3291  -1.7985   0.4825  -2.3323
  1.3294  -1.8076   0.4725  -2.3249
  1.3295  -1.8167   0.4628  -2.3173
  1.3296  -1.8257   0.4535  -2.3094
  1.3294  -1.8347   0.4444  -2.3013
  1.3291  -1.8437   0.4357  -2.2929
  1.3287  -1.8526   0.4273  -2.2842
  1.3281  -1.8615   0.4191  -2.2753
  1.3274  -1.8704   0.4113  -2.2662
  1.3265  -1.8791   0.4039  -2.2568
  1.3255  -1.8879   0.3967  -2.2472
  1.3243  -1.8965   0.3899  -2.2374
  1.3230  -1.9051   0.3834  -2.2273
  1.3215  -1.9137   0.3773  -2.2171
  1.3198  -1.9221   0.3715  -2.2066
  1.3180  -1.9305   0.3660  -2.1960
  1.3161  -1.9388   0.3608  -2.1852
  1.3140  -1.9471   0.3560  -2.1741
  1.3117  -1.9552   0.3515  -2.1629
  1.3093  -1.9633   0.3473  -2.1516
  1.3067  -1.9712   0.3434  -2.1401
  1.3040  -1.9791   0.3399  -2.1284
  1.3011  -1.9869   0.3367  -2.1166
  1.2981  -1.9946   0.3338  -2.1046
  1.2949  -2.0021   0.3312  -2.0925
  1.2916  -2.0096   0.3289  -2.0803
  1.2882  -2.0169   0.3269  -2.0679
  1.2847  -2.0241   0.3252  -2.0554
  1.2810  -2.0312   0.3237  -2.0428
  1.2772  -2.0382   0.3226  -2.0301
  1.2733  -2.0450   0.3217  -2.0174
  1.2692  -2.0517   0.3211  -2.0045
  1.2651  -2.0583   0.3207  -1.9915
  1.2609  -2.0647   0.3206  -1.9784
  1.2565  -2.0710   0.3207  -1.9653
  1.2521  -2.0772   0.3211  -1.9521
  1.2476  -2.0832   0.3216  -1.9389
  1.2431  -2.0891   0.3224  -1.9255
  1.2384  -2.0948   0.3233  -1.9121
  1.2338  -2.1004   0.3244  -1.8987
  1.2290  -2.1058   0.3257  -1.8852
  1.2243  -2.1110   0.3272  -1.8717
  1.2195  -2.1161   0.3288  -1.8581
  1.2147  -2.1211   0.3305  -1.8445
  1.2099  -2.1259   0.3323  -1.8309
  1.2051  -2.1305   0.3342  -1.8172
  1.2003  -2.1350   0.3363  -1.8035
  1.1956  -2.1393   0.3383  -1.7898
  1.1908  -2.1435   0.3405  -1.7760
  1.1862  -2.1475   0.3426  -1.7622
  1.1816  -2.1514   0.3448  -1.7484
  1.1771  -2.1551   0.3470  -1.7346
  1.1727  -2.1586   0.3491  -1.7208
  1.1684  -2.1621   0.3512  -1.7070
  1.1642  -2.1653   0.3533  -1.6932
  1.1602  -2.1684   0.3552  -1.6794
  1.1563  -2.1714   0.3571  -1.6656
  1.1526  -2.1742   0.3588  -1.6519
  1.1491  -2.1769   0.3605  -1.6383
  1.1458  -2.1795   0.3619  -1.6247
  1.1428  -2.1819   0.3632  -1.6114
  1.1400  -2.1841   0.3643  -1.5983
  1.1374  -2.1862   0.3652  -1.5855
  1.1352  -2.1881   0.3659  -1.5733
  1.1332  -2.1898   0.3664  -1.5618
  1.1316  -2.1913   0.3667  -1.5513
  1.1304  -2.1926   0.3668  -1.5423
  1.1295  -2.1935   0.3668  -1.5353
