  0.0000   0.0000   0.0000
  0.0058   0.0025  -0.0430
  0.0118   0.0071  -0.0820
  0.0179   0.0118  -0.1232
  0.0240   0.0166  -0.1691
  0.0308   0.0207  -0.2180
  0.0375   0.0247  -0.2646
  0.0441   0.0287  -0.3097
  0.0506   0.0327  -0.3535
  0.0570   0.0366  -0.3960
  0.0635   0.0403  -0.4372
  0.0697   0.0441  -0.4770
  0.0758   0.0478  -0.5156
  0.0819   0.0515  -0.5529
  0.0879   0.0552  -0.5889
  0.0939   0.0586  -0.6238
  0.0997   0.0621  -0.6573
  0.1056   0.0655  -0.6897
  0.1113   0.0689  -0.7208
  0.1168   0.0723  -0.7507
  0.1224   0.0755  -0.7794
  0.1274   0.0792  -0.8067
  0.1325   0.0827  -0.8329
  0.1377   0.0859  -0.8580
  0.1429   0.0890  -0.8819
  0.1481   0.0920  -0.9047
  0.1532   0.0949  -0.9264
  0.1581   0.0979  -0.9469
  0.1630   0.1009  -0.9663
  0.1679   0.1037  -0.9847
  0.1727   0.1064  -1.0019
  0.1774   0.1091  -1.0181
  0.1820   0.1119  -1.0331
  0.1866   0.1145  -1.0470
  0.1910   0.1172  -1.0599
  0.1955   0.1197  -1.0718
  0.1998   0.1222  -1.0826
  0.2041   0.1247  -1.0924
  0.2084   0.1271  -1.1011
  0.2125   0.1295  -1.1089
  0.2166   0.1319  -1.1156
  0.2205   0.1343  -1.1214
  0.2241   0.1369  -1.1260
  0.2279   0.1391  -1.1298
  0.2318   0.1413  -1.1326
  0.2355   0.1434  -1.1345
  0.2392   0.1455  -1.1354
  0.2428   0.1475  -1.1353
  0.2464   0.1495  -1.1343
  0.2499   0.1515  -1.1324
  0.2533   0.1534  -1.1295
  0.2567   0.1553  -1.1257
  0.2600   0.1571  -1.1210
  0.2633   0.1589  -1.1153
  0.2665   0.1607  -1.1088
  0.2697   0.1624  -1.1014
  0.2727   0.1641  -1.0930
  0.2757   0.1657  -1.0838
  0.2787   0.1674  -1.0737
  0.2816   0.1690  -1.0627
  0.2843   0.1705  -1.0509
  0.2871   0.1721  -1.0381
  0.2897   0.1736  -1.0245
  0.2923   0.1751  -1.0101
  0.2948   0.1766  -0.9948
  0.2973   0.1781  -0.9787
  0.2997   0.1796  -0.9623
  0.3021   0.1810  -0.9462
  0.3045   0.1825  -0.9298
  0.3068   0.1840  -0.9131
  0.3090   0.1856  -0.8968
  0.3112   0.1872  -0.8799
  0.3134   0.1888  -0.8625
  0.3156   0.1903  -0.8446
  0.3177   0.1918  -0.8262
  0.3198   0.1934  -0.8077
  0.3218   0.1948  -0.7885
  0.3239   0.1963  -0.7689
  0.3258   0.1977  -0.7489
  0.3278   0.1991  -0.7285
  0.3297   0.2005  -0.7078
  0.3317   0.2019  -0.6866
  0.3335   0.2033  -0.6651
  0.3354   0.2047  -0.6431
  0.3372   0.2060  -0.6208
  0.3390   0.2074  -0.5981
  0.3407   0.2087  -0.5750
  0.3425   0.2100  -0.5515
  0.3442   0.2112  -0.5276
  0.3459   0.2125  -0.5033
  0.3467   0.2154  -0.4853
  0.3484   0.2165  -0.4600
  0.3500   0.2176  -0.4344
  0.3516   0.2187  -0.4083
  0.3532   0.2198  -0.3818
  0.3548   0.2208  -0.3546
  0.3564   0.2217  -0.3270
  0.3580   0.2226  -0.2989
  0.3595   0.2235  -0.2697
  0.3610   0.2243  -0.2398
  0.3625   0.2251  -0.2102
  0.3639   0.2259  -0.1793
  0.3653   0.2266  -0.1479
  0.3667   0.2274  -0.1163
  0.3680   0.2281  -0.0845
  0.3693   0.2288  -0.0524
  0.3706   0.2295  -0.0201
  0.3719   0.2302   0.0125
  0.3732   0.2309   0.0454
  0.3744   0.2316   0.0785
  0.3748   0.2334   0.1106
  0.3759   0.2339   0.1473
  0.3771   0.2345   0.1822
  0.3781   0.2349   0.2195
  0.3792   0.2354   0.2571
  0.3802   0.2359   0.2944
  0.3812   0.2364   0.3325
  0.3822   0.2369   0.3703
  0.3831   0.2373   0.4097
  0.3840   0.2378   0.4497
  0.3840   0.2378   0.4497
  0.3883   0.2333   0.4529
  0.3935   0.2297   0.4526
  0.3986   0.2266   0.4528
  0.4039   0.2236   0.4509
  0.4090   0.2208   0.4498
  0.4141   0.2182   0.4481
  0.4192   0.2157   0.4460
  0.4243   0.2133   0.4435
  0.4294   0.2111   0.4405
  0.4345   0.2089   0.4363
  0.4397   0.2068   0.4311
  0.4449   0.2047   0.4254
  0.4500   0.2028   0.4209
  0.4551   0.2011   0.4171
  0.4603   0.1993   0.4110
  0.4655   0.1975   0.4050
  0.4705   0.1960   0.4010
  0.4755   0.1945   0.3970
  0.4806   0.1932   0.3930
  0.4856   0.1918   0.3891
  0.4908   0.1904   0.3832
  0.4960   0.1891   0.3776
  0.5011   0.1879   0.3722
  0.5063   0.1867   0.3672
  0.5114   0.1856   0.3624
  0.5166   0.1846   0.3579
  0.5217   0.1836   0.3536
  0.5268   0.1827   0.3496
  0.5319   0.1819   0.3459
  0.5370   0.1811   0.3424
  0.5421   0.1804   0.3391
  0.5472   0.1797   0.3361
  0.5523   0.1791   0.3334
  0.5574   0.1785   0.3309
  0.5625   0.1780   0.3286
  0.5676   0.1776   0.3266
  0.5727   0.1772   0.3249
  0.5778   0.1769   0.3233
  0.5829   0.1766   0.3220
  0.5880   0.1764   0.3210
  0.5931   0.1762   0.3201
  0.5982   0.1761   0.3196
  0.6034   0.1761   0.3192
  0.6085   0.1761   0.3191
  0.6136   0.1761   0.3193
  0.6187   0.1763   0.3196
  0.6238   0.1764   0.3203
  0.6290   0.1767   0.3211
  0.6341   0.1770   0.3223
  0.6392   0.1773   0.3236
  0.6444   0.1777   0.3253
  0.6495   0.1782   0.3271
  0.6547   0.1787   0.3293
  0.6599   0.1793   0.3317
  0.6650   0.1799   0.3343
  0.6702   0.1806   0.3373
  0.6754   0.1814   0.3404
  0.6806   0.1822   0.3439
  0.6857   0.1831   0.3476
  0.6909   0.1841   0.3516
  0.6961   0.1851   0.3559
  0.7014   0.1861   0.3605
  0.7066   0.1873   0.3653
  0.7118   0.1885   0.3704
  0.7170   0.1897   0.3759
  0.7223   0.1911   0.3816
  0.7275   0.1925   0.3876
  0.7328   0.1939   0.3938
  0.7381   0.1954   0.4004
  0.7433   0.1970   0.4073
  0.7486   0.1987   0.4145
  0.7539   0.2004   0.4220
  0.7592   0.2022   0.4298
  0.7645   0.2040   0.4379
  0.7698   0.2060   0.4463
  0.7752   0.2080   0.4550
  0.7805   0.2100   0.4641
  0.7859   0.2122   0.4734
  0.7912   0.2144   0.4831
  0.7966   0.2167   0.4930
  0.8020   0.2190   0.5033
  0.8074   0.2215   0.5138
  0.8128   0.2240   0.5247
  0.8182   0.2265   0.5359
  0.8236   0.2292   0.5474
  0.8291   0.2319   0.5591
  0.8345   0.2348   0.5711
  0.8400   0.2377   0.5835
  0.8455   0.2407   0.5960
  0.8510   0.2437   0.6089
  0.8565   0.2469   0.6220
  0.8620   0.2501   0.6353
  0.8676   0.2535   0.6488
  0.8731   0.2569   0.6626
  0.8787   0.2605   0.6765
  0.8843   0.2641   0.6905
  0.8899   0.2678   0.7047
  0.8955   0.2717   0.7190
  0.9011   0.2756   0.7333
  0.9011   0.2756   0.7333
  0.9074   0.2770   0.7328
  0.9137   0.2782   0.7338
  0.9199   0.2794   0.7357
  0.9262   0.2805   0.7382
  0.9324   0.2815   0.7413
  0.9387   0.2824   0.7450
  0.9449   0.2833   0.7494
  0.9512   0.2842   0.7547
  0.9574   0.2850   0.7604
  0.9637   0.2858   0.7668
  0.9699   0.2866   0.7737
  0.9762   0.2873   0.7811
  0.9825   0.2880   0.7888
  0.9888   0.2887   0.7967
  0.9951   0.2894   0.8053
  1.0014   0.2901   0.8146
  1.0077   0.2907   0.8241
  1.0140   0.2914   0.8341
  1.0203   0.2920   0.8447
  1.0267   0.2927   0.8553
  1.0330   0.2933   0.8663
  1.0394   0.2939   0.8776
  1.0458   0.2946   0.8897
  1.0522   0.2952   0.9024
  1.0586   0.2959   0.9152
  1.0650   0.2965   0.9287
  1.0714   0.2972   0.9426
  1.0778   0.2978   0.9566
  1.0843   0.2985   0.9710
  1.0907   0.2992   0.9860
  1.0972   0.2998   1.0012
  1.1037   0.3005   1.0172
  1.1102   0.3013   1.0337
  1.1166   0.3020   1.0507
  1.1231   0.3028   1.0685
  1.1296   0.3035   1.0867
  1.1361   0.3043   1.1054
  1.1426   0.3051   1.1243
  1.1492   0.3059   1.1436
  1.1557   0.3068   1.1639
  1.1622   0.3077   1.1847
  1.1688   0.3086   1.2055
  1.1753   0.3095   1.2276
  1.1819   0.3105   1.2502
  1.1884   0.3114   1.2727
  1.1950   0.3125   1.2961
  1.2016   0.3135   1.3204
  1.2082   0.3146   1.3444
  1.2148   0.3157   1.3692
  1.2214   0.3168   1.3954
  1.2280   0.3180   1.4215
  1.2346   0.3192   1.4480
  1.2413   0.3205   1.4752
  1.2479   0.3218   1.5039
  1.2545   0.3232   1.5333
  1.2612   0.3245   1.5623
  1.2678   0.3260   1.5931
  1.2745   0.3275   1.6235
  1.2811   0.3290   1.6546
  1.2878   0.3306   1.6864
  1.2945   0.3323   1.7200
  1.3011   0.3340   1.7544
  1.3077   0.3358   1.7896
  1.3144   0.3377   1.8256
  1.3210   0.3396   1.8623
  1.3277   0.3416   1.8999
  1.3343   0.3437   1.9382
  1.3410   0.3458   1.9774
  1.3477   0.3480   2.0174
  1.3543   0.3503   2.0582
  1.3610   0.3527   2.0999
  1.3677   0.3551   2.1425
  1.3744   0.3577   2.1860
  1.3811   0.3603   2.2304
  1.3878   0.3630   2.2757
  1.3945   0.3659   2.3219
  1.4012   0.3688   2.3692
  1.4079   0.3718   2.4174
  1.4146   0.3750   2.4666
  1.4146   0.3750   2.4666
  1.4132   0.3619   2.4366
  1.4119   0.3498   2.4175
  1.4109   0.3384   2.4064
  1.4099   0.3275   2.4009
  1.4090   0.3170   2.3996
  1.4082   0.3068   2.4010
  1.4074   0.2968   2.4045
  1.4068   0.2869   2.4092
  1.4061   0.2772   2.4147
  1.4055   0.2675   2.4207
  1.4049   0.2579   2.4268
  1.4044   0.2484   2.4330
  1.4039   0.2388   2.4390
  1.4034   0.2293   2.4447
  1.4030   0.2198   2.4502
  1.4026   0.2103   2.4552
  1.4022   0.2008   2.4599
  1.4018   0.1913   2.4642
  1.4015   0.1818   2.4680
  1.4011   0.1722   2.4714
  1.4008   0.1627   2.4743
  1.4006   0.1531   2.4768
  1.4003   0.1436   2.4789
  1.4001   0.1340   2.4805
  1.3999   0.1244   2.4817
  1.3997   0.1148   2.4826
  1.3995   0.1052   2.4830
  1.3993   0.0955   2.4831
  1.3992   0.0859   2.4829
  1.3991   0.0762   2.4822
  1.3990   0.0666   2.4813
  1.3989   0.0569   2.4800
  1.3988   0.0472   2.4784
  1.3988   0.0375   2.4765
  1.3988   0.0278   2.4743
  1.3988   0.0181   2.4719
  1.3988   0.0084   2.4692
  1.3988  -0.0014   2.4662
  1.3988  -0.0111   2.4630
  1.3988  -0.0209   2.4596
  1.3989  -0.0307   2.4560
  1.3990  -0.0404   2.4521
  1.3991  -0.0502   2.4481
  1.3992  -0.0600   2.4439
  1.3993  -0.0698   2.4395
  1.3994  -0.0796   2.4350
  1.3995  -0.0894   2.4303
  1.3997  -0.0992   2.4255
  1.3999  -0.1091   2.4205
  1.4000  -0.1189   2.4154
  1.4002  -0.1287   2.4102
  1.4004  -0.1386   2.4049
  1.4006  -0.1485   2.3994
  1.4008  -0.1583   2.3939
  1.4010  -0.1682   2.3883
  1.4012  -0.1781   2.3827
  1.4015  -0.1880   2.3769
  1.4017  -0.1979   2.3711
  1.4020  -0.2078   2.3653
  1.4022  -0.2177   2.3594
  1.4025  -0.2276   2.3534
  1.4027  -0.2375   2.3475
  1.4030  -0.2475   2.3415
  1.4033  -0.2574   2.3355
  1.4036  -0.2673   2.3294
  1.4038  -0.2773   2.3234
  1.4041  -0.2873   2.3174
  1.4044  -0.2972   2.3113
  1.4047  -0.3072   2.3053
  1.4050  -0.3172   2.2993
  1.4053  -0.3272   2.2933
  1.4056  -0.3372   2.2874
  1.4059  -0.3472   2.2814
  1.4062  -0.3572   2.2756
  1.4065  -0.3673   2.2697
  1.4068  -0.3773   2.2640
  1.4071  -0.3874   2.2582
  1.4074  -0.3974   2.2526
  1.4077  -0.4075   2.2470
  1.4080  -0.4175   2.2415
  1.4083  -0.4276   2.2361
  1.4086  -0.4377   2.2307
  1.4089  -0.4478   2.2255
  1.4092  -0.4579   2.2203
  1.4095  -0.4680   2.2153
  1.4098  -0.4781   2.2104
  1.4101  -0.4883   2.2056
  1.4104  -0.4984   2.2009
  1.4107  -0.5085   2.1964
  1.4110  -0.5187   2.1920
  1.4113  -0.5289   2.1877
  1.4116  -0.5390   2.1837
  1.4118  -0.5492   2.1797
  1.4121  -0.5594   2.1760
  1.4124  -0.5696   2.1724
  1.4127  -0.5798   2.1691
  1.4129  -0.5900   2.1659
  1.4132  -0.6002   2.1630
  1.4135  -0.6104   2.1603
  1.4137  -0.6206   2.1579
  1.4140  -0.6308   2.1557
  1.4143  -0.6410   2.1538
  1.4145  -0.6512   2.1522
  1.4148  -0.6614   2.1509
  1.4150  -0.6717   2.1500
  1.4153  -0.6819   2.1495
  1.4155  -0.6921   2.1494
  1.4158  -0.7023   2.1499
  1.4160  -0.7125   2.1509
  1.4163  -0.7227   2.1527
  1.4165  -0.7329   2.1553
  1.4168  -0.7430   2.1588
  1.4170  -0.7531   2.1637
  1.4173  -0.7632   2.1700
  1.4175  -0.7731   2.1784
  1.4178  -0.7830   2.1893
  1.4181  -0.7928   2.2035
  1.4152  -0.7967   2.2362
  1.4143  -0.7829   2.1429
  1.4134  -0.7689   2.0502
  1.4126  -0.7547   1.9581
  1.4117  -0.7405   1.8667
  1.4109  -0.7260   1.7759
  1.4100  -0.7114   1.6859
  1.4092  -0.6966   1.5965
  1.4084  -0.6817   1.5078
  1.4077  -0.6666   1.4199
  1.4069  -0.6514   1.3326
  1.4062  -0.6360   1.2461
  1.4055  -0.6204   1.1603
  1.4049  -0.6047   1.0752
  1.4042  -0.5889   0.9908
  1.4036  -0.5729   0.9072
  1.4031  -0.5567   0.8243
  1.4025  -0.5404   0.7422
  1.4020  -0.5239   0.6609
  1.4016  -0.5072   0.5803
  1.4011  -0.4905   0.5005
  1.4007  -0.4735   0.4215
  1.4004  -0.4564   0.3433
  1.4001  -0.4392   0.2659
  1.3998  -0.4218   0.1893
  1.3996  -0.4043   0.1135
  1.3994  -0.3866   0.0385
  1.3992  -0.3688  -0.0356
  1.3992  -0.3508  -0.1089
  1.3991  -0.3327  -0.1813
  1.3991  -0.3145  -0.2529
  1.3992  -0.2961  -0.3235
  1.3993  -0.2775  -0.3934
  1.3994  -0.2588  -0.4623
  1.3996  -0.2400  -0.5303
  1.3999  -0.2211  -0.5974
  1.4002  -0.2020  -0.6636
  1.4006  -0.1827  -0.7289
  1.4010  -0.1634  -0.7932
  1.4015  -0.1439  -0.8566
  1.4021  -0.1242  -0.9190
  1.4027  -0.1045  -0.9805
  1.4034  -0.0845  -1.0410
  1.4041  -0.0645  -1.1005
  1.4049  -0.0443  -1.1588
  1.4059  -0.0241  -1.2178
  1.4073  -0.0039  -1.2788
  1.4088   0.0163  -1.3401
  1.4105   0.0366  -1.4014
  1.4124   0.0570  -1.4624
  1.4143   0.0775  -1.5224
  1.4164   0.0980  -1.5824
  1.4191   0.1184  -1.6467
  1.4214   0.1391  -1.7054
  1.4238   0.1600  -1.7635
  1.4264   0.1808  -1.8210
  1.4295   0.2015  -1.8827
  1.4331   0.2218  -1.9477
  1.4363   0.2428  -2.0068
  1.4396   0.2638  -2.0644
  1.4429   0.2847  -2.1213
  1.4464   0.3057  -2.1778
  1.4502   0.3269  -2.2359
  1.4543   0.3481  -2.2954
  1.4583   0.3690  -2.3506
  1.4629   0.3899  -2.4118
  1.4677   0.4107  -2.4728
  1.4721   0.4319  -2.5280
  1.4774   0.4526  -2.5912
  1.4826   0.4740  -2.6513
  1.4876   0.4955  -2.7075
  1.4935   0.5163  -2.7720
  1.4988   0.5378  -2.8281
  1.5052   0.5584  -2.8942
  1.5108   0.5801  -2.9491
  1.5167   0.6011  -3.0066
  1.5226   0.6230  -3.0610
  1.5292   0.6443  -3.1227
  1.5364   0.6651  -3.1895
  1.5423   0.6864  -3.2394
  1.5423   0.6864  -3.2394
  1.5341   0.6732  -3.1111
  1.5276   0.6616  -3.0005
  1.5225   0.6511  -2.9039
  1.5184   0.6413  -2.8187
  1.5148   0.6320  -2.7429
  1.5118   0.6230  -2.6752
  1.5090   0.6142  -2.6143
  1.5065   0.6053  -2.5594
  1.5041   0.5965  -2.5101
  1.5019   0.5876  -2.4657
  1.4997   0.5786  -2.4259
  1.4975   0.5695  -2.3904
  1.4954   0.5602  -2.3589
  1.4933   0.5508  -2.3311
  1.4912   0.5412  -2.3070
  1.4892   0.5315  -2.2862
  1.4871   0.5216  -2.2687
  1.4851   0.5116  -2.2543
  1.4831   0.5014  -2.2429
  1.4812   0.4911  -2.2342
  1.4793   0.4807  -2.2282
  1.4774   0.4701  -2.2246
  1.4756   0.4594  -2.2235
  1.4739   0.4487  -2.2247
  1.4722   0.4378  -2.2280
  1.4706   0.4268  -2.2332
  1.4691   0.4158  -2.2404
  1.4677   0.4047  -2.2494
  1.4664   0.3936  -2.2600
  1.4652   0.3824  -2.2721
  1.4641   0.3712  -2.2857
  1.4631   0.3599  -2.3006
  1.4622   0.3487  -2.3167
  1.4615   0.3375  -2.3339
  1.4608   0.3262  -2.3521
  1.4603   0.3150  -2.3712
  1.4599   0.3038  -2.3911
  1.4597   0.2927  -2.4118
  1.4596   0.2816  -2.4331
  1.4596   0.2705  -2.4550
  1.4597   0.2595  -2.4774
  1.4599   0.2486  -2.5002
  1.4603   0.2378  -2.5234
  1.4608   0.2270  -2.5468
  1.4614   0.2163  -2.5705
  1.4621   0.2057  -2.5943
  1.4629   0.1952  -2.6183
  1.4638   0.1848  -2.6423
  1.4648   0.1745  -2.6663
  1.4659   0.1642  -2.6904
  1.4671   0.1541  -2.7144
  1.4684   0.1441  -2.7383
  1.4698   0.1342  -2.7621
  1.4712   0.1244  -2.7857
  1.4728   0.1146  -2.8092
  1.4743   0.1050  -2.8326
  1.4760   0.0955  -2.8557
  1.4777   0.0860  -2.8786
  1.4794   0.0767  -2.9012
  1.4812   0.0674  -2.9237
  1.4830   0.0582  -2.9459
  1.4849   0.0491  -2.9678
  1.4867   0.0401  -2.9894
  1.4886   0.0311  -3.0108
  1.4905   0.0222  -3.0320
  1.4924   0.0134  -3.0528
  1.4944   0.0046  -3.0734
  1.4963  -0.0042  -3.0937
  1.4982  -0.0129  -3.1137
  1.5001  -0.0216  -3.1334
  1.5020  -0.0302  -3.1528
  1.5039  -0.0389  -3.1719
  1.5057  -0.0475  -3.1908
  1.5075  -0.0561  -3.2093
  1.5093  -0.0648  -3.2275
  1.5111  -0.0734  -3.2453
  1.5128  -0.0821  -3.2628
  1.5144  -0.0907  -3.2800
  1.5160  -0.0995  -3.2968
  1.5176  -0.1082  -3.3131
  1.5191  -0.1170  -3.3291
  1.5205  -0.1258  -3.3446
  1.5219  -0.1347  -3.3597
  1.5232  -0.1436  -3.3742
  1.5244  -0.1527  -3.3883
  1.5256  -0.1617  -3.4017
  1.5267  -0.1709  -3.4146
  1.5277  -0.1801  -3.4268
  1.5286  -0.1894  -3.4383
  1.5295  -0.1988  -3.4490
  1.5302  -0.2082  -3.4590
  1.5309  -0.2178  -3.4681
  1.5315  -0.2274  -3.4763
  1.5320  -0.2371  -3.4836
  1.5324  -0.2470  -3.4898
  1.5327  -0.2569  -3.4949
  1.5329  -0.2669  -3.4988
  1.5330  -0.2770  -3.5016
  1.5331  -0.2872  -3.5030
  1.5330  -0.2975  -3.5031
  1.5328  -0.3079  -3.5017
  1.5326  -0.3183  -3.4988
  1.5322  -0.3289  -3.4943
  1.5317  -0.3396  -3.4882
  1.5312  -0.3503  -3.4804
  1.5305  -0.3612  -3.4708
  1.5298  -0.3722  -3.4594
  1.5289  -0.3832  -3.4462
  1.5280  -0.3944  -3.4312
  1.5270  -0.4058  -3.4144
  1.5259  -0.4172  -3.3960
  1.5248  -0.4289  -3.3762
  1.5236  -0.4407  -3.3552
  1.5224  -0.4528  -3.3337
  1.5212  -0.4653  -3.3122
  1.5202  -0.4782  -3.2920
  1.5193  -0.4918  -3.2747
  1.5187  -0.5062  -3.2628
  1.5187  -0.5218  -3.2598
  1.5241  -0.5171  -3.2319
  1.5223  -0.5050  -3.1855
  1.5205  -0.4930  -3.1386
  1.5188  -0.4811  -3.0910
  1.5171  -0.4693  -3.0429
  1.5156  -0.4575  -2.9943
  1.5141  -0.4458  -2.9451
  1.5127  -0.4342  -2.8953
  1.5114  -0.4227  -2.8451
  1.5101  -0.4112  -2.7942
  1.5089  -0.3998  -2.7429
  1.5078  -0.3884  -2.6909
  1.5067  -0.3770  -2.6384
  1.5057  -0.3657  -2.5853
  1.5048  -0.3545  -2.5317
  1.5039  -0.3433  -2.4774
  1.5031  -0.3321  -2.4225
  1.5023  -0.3209  -2.3669
  1.5016  -0.3098  -2.3107
  1.5010  -0.2987  -2.2539
  1.5004  -0.2876  -2.1963
  1.4998  -0.2765  -2.1381
  1.4993  -0.2655  -2.0791
  1.4989  -0.2544  -2.0194
  1.4985  -0.2434  -1.9589
  1.4981  -0.2324  -1.8977
  1.4978  -0.2214  -1.8357
  1.4976  -0.2105  -1.7728
  1.4974  -0.1995  -1.7092
  1.4972  -0.1885  -1.6447
  1.4971  -0.1776  -1.5793
  1.4970  -0.1666  -1.5131
  1.4969  -0.1557  -1.4459
  1.4969  -0.1448  -1.3779
  1.4969  -0.1338  -1.3089
  1.4969  -0.1229  -1.2390
  1.4970  -0.1119  -1.1681
  1.4971  -0.1010  -1.0962
  1.4973  -0.0900  -1.0233
  1.4974  -0.0791  -0.9494
  1.4976  -0.0681  -0.8744
  1.4979  -0.0571  -0.7984
  1.4981  -0.0462  -0.7214
  1.4984  -0.0352  -0.6432
  1.4987  -0.0242  -0.5640
  1.4991  -0.0132  -0.4836
  1.4994  -0.0021  -0.4021
  1.4998   0.0089  -0.3195
  1.5002   0.0200  -0.2358
  1.5007   0.0311  -0.1508
  1.5012   0.0421  -0.0647
  1.5016   0.0533   0.0226
  1.5021   0.0644   0.1111
  1.5027   0.0755   0.2009
  1.5032   0.0867   0.2919
  1.5038   0.0980   0.3842
  1.5044   0.1092   0.4776
  1.5051   0.1205   0.5724
  1.5057   0.1318   0.6685
  1.5064   0.1431   0.7657
  1.5071   0.1544   0.8643
  1.5078   0.1657   0.9641
  1.5085   0.1771   1.0653
  1.5092   0.1885   1.1678
  1.5100   0.1999   1.2716
  1.5108   0.2113   1.3768
  1.5116   0.2227   1.4832
  1.5124   0.2342   1.5910
  1.5132   0.2456   1.7002
  1.5141   0.2571   1.8107
  1.5150   0.2686   1.9226
  1.5158   0.2801   2.0358
  1.5167   0.2916   2.1504
  1.5177   0.3031   2.2664
  1.5186   0.3146   2.3838
  1.5195   0.3260   2.5026
  1.5205   0.3375   2.6229
  1.5214   0.3489   2.7446
  1.5223   0.3603   2.8678
  1.5233   0.3717   2.9925
  1.5233   0.3717   2.9925
  1.5221   0.3603   2.9892
  1.5210   0.3495   2.9912
  1.5199   0.3391   2.9969
  1.5188   0.3289   3.0053
  1.5178   0.3190   3.0153
  1.5169   0.3092   3.0266
  1.5160   0.2995   3.0385
  1.5151   0.2899   3.0507
  1.5143   0.2803   3.0631
  1.5135   0.2708   3.0754
  1.5128   0.2614   3.0875
  1.5121   0.2519   3.0993
  1.5114   0.2425   3.1108
  1.5107   0.2330   3.1219
  1.5101   0.2236   3.1325
  1.5095   0.2141   3.1427
  1.5089   0.2046   3.1524
  1.5084   0.1952   3.1617
  1.5079   0.1857   3.1705
  1.5074   0.1762   3.1789
  1.5069   0.1667   3.1868
  1.5064   0.1572   3.1943
  1.5060   0.1477   3.2013
  1.5055   0.1381   3.2080
  1.5051   0.1286   3.2142
  1.5048   0.1190   3.2200
  1.5044   0.1095   3.2254
  1.5040   0.0999   3.2305
  1.5037   0.0903   3.2351
  1.5034   0.0807   3.2395
  1.5031   0.0711   3.2434
  1.5028   0.0615   3.2471
  1.5025   0.0518   3.2504
  1.5023   0.0422   3.2534
  1.5020   0.0326   3.2561
  1.5018   0.0229   3.2586
  1.5016   0.0132   3.2607
  1.5014   0.0036   3.2626
  1.5012  -0.0061   3.2642
  1.5010  -0.0158   3.2655
  1.5008  -0.0255   3.2666
  1.5007  -0.0352   3.2675
  1.5005  -0.0449   3.2682
  1.5004  -0.0546   3.2686
  1.5003  -0.0643   3.2688
  1.5002  -0.0741   3.2688
  1.5001  -0.0838   3.2686
  1.5000  -0.0935   3.2683
  1.4999  -0.1033   3.2677
  1.4999  -0.1130   3.2670
  1.4998  -0.1228   3.2661
  1.4998  -0.1326   3.2650
  1.4997  -0.1423   3.2638
  1.4997  -0.1521   3.2625
  1.4997  -0.1619   3.2610
  1.4997  -0.1717   3.2593
  1.4997  -0.1815   3.2576
  1.4997  -0.1913   3.2557
  1.4997  -0.2011   3.2537
  1.4998  -0.2109   3.2516
  1.4998  -0.2207   3.2493
  1.4998  -0.2305   3.2470
  1.4999  -0.2403   3.2446
  1.5000  -0.2502   3.2420
  1.5000  -0.2600   3.2394
  1.5001  -0.2698   3.2367
  1.5002  -0.2797   3.2339
  1.5003  -0.2895   3.2310
  1.5004  -0.2994   3.2281
  1.5005  -0.3092   3.2251
  1.5006  -0.3191   3.2220
  1.5007  -0.3290   3.2188
  1.5008  -0.3389   3.2156
  1.5010  -0.3488   3.2124
  1.5011  -0.3587   3.2090
  1.5013  -0.3686   3.2057
  1.5014  -0.3785   3.2023
  1.5016  -0.3884   3.1988
  1.5017  -0.3983   3.1953
  1.5019  -0.4082   3.1918
  1.5021  -0.4182   3.1882
  1.5022  -0.4281   3.1846
  1.5024  -0.4381   3.1810
  1.5026  -0.4480   3.1773
  1.5028  -0.4580   3.1736
  1.5030  -0.4680   3.1699
  1.5032  -0.4780   3.1662
  1.5034  -0.4880   3.1625
  1.5036  -0.4980   3.1587
  1.5039  -0.5080   3.1550
  1.5041  -0.5180   3.1512
  1.5043  -0.5280   3.1474
  1.5045  -0.5381   3.1436
  1.5048  -0.5481   3.1399
  1.5050  -0.5582   3.1361
  1.5053  -0.5683   3.1323
  1.5055  -0.5784   3.1286
  1.5058  -0.5885   3.1248
  1.5060  -0.5986   3.1211
  1.5063  -0.6087   3.1174
  1.5065  -0.6188   3.1137
  1.5068  -0.6290   3.1100
  1.5071  -0.6391   3.1064
  1.5073  -0.6493   3.1029
  1.5076  -0.6595   3.0994
  1.5079  -0.6697   3.0960
  1.5082  -0.6799   3.0927
  1.5084  -0.6901   3.0895
  1.5087  -0.7004   3.0865
  1.5090  -0.7107   3.0836
  1.5093  -0.7209   3.0811
  1.5096  -0.7312   3.0789
  1.5098  -0.7415   3.0772
  1.5101  -0.7519   3.0761
  1.5103  -0.7622   3.0758
  1.5105  -0.7726   3.0765
  1.5107  -0.7829   3.0787
  1.5109  -0.7933   3.0828
  1.5110  -0.8037   3.0894
  1.5109  -0.8136   3.0894
  1.5047  -0.8186   3.1334
  1.5039  -0.8012   3.0047
  1.5031  -0.7836   2.8780
  1.5023  -0.7658   2.7533
  1.5015  -0.7479   2.6304
  1.5007  -0.7298   2.5094
  1.5000  -0.7116   2.3902
  1.4992  -0.6932   2.2727
  1.4984  -0.6748   2.1569
  1.4976  -0.6562   2.0427
  1.4969  -0.6375   1.9302
  1.4961  -0.6186   1.8192
  1.4954  -0.5997   1.7098
  1.4946  -0.5807   1.6020
  1.4939  -0.5615   1.4957
  1.4932  -0.5423   1.3909
  1.4925  -0.5229   1.2876
  1.4918  -0.5034   1.1858
  1.4912  -0.4839   1.0856
  1.4905  -0.4642   0.9868
  1.4899  -0.4445   0.8895
  1.4893  -0.4246   0.7936
  1.4887  -0.4047   0.6993
  1.4881  -0.3847   0.6064
  1.4876  -0.3646   0.5150
  1.4871  -0.3444   0.4250
  1.4866  -0.3241   0.3365
  1.4862  -0.3037   0.2495
  1.4857  -0.2832   0.1640
  1.4853  -0.2627   0.0799
  1.4850  -0.2421  -0.0027
  1.4847  -0.2214  -0.0838
  1.4844  -0.2006  -0.1635
  1.4841  -0.1798  -0.2417
  1.4839  -0.1589  -0.3185
  1.4837  -0.1379  -0.3939
  1.4836  -0.1168  -0.4678
  1.4836  -0.0957  -0.5404
  1.4836  -0.0746  -0.6117
  1.4836  -0.0534  -0.6817
  1.4838  -0.0321  -0.7506
  1.4840  -0.0108  -0.8179
  1.4843   0.0105  -0.8843
  1.4847   0.0318  -0.9499
  1.4853   0.0531  -1.0149
  1.4860   0.0743  -1.0794
  1.4869   0.0955  -1.1434
  1.4880   0.1167  -1.2068
  1.4892   0.1378  -1.2698
  1.4906   0.1589  -1.3322
  1.4922   0.1800  -1.3941
  1.4939   0.2010  -1.4557
  1.4958   0.2219  -1.5167
  1.4978   0.2428  -1.5771
  1.5000   0.2637  -1.6368
  1.5023   0.2845  -1.6957
  1.5047   0.3053  -1.7540
  1.5073   0.3260  -1.8117
  1.5100   0.3467  -1.8687
  1.5129   0.3674  -1.9250
  1.5159   0.3880  -1.9806
  1.5190   0.4086  -2.0356
  1.5222   0.4292  -2.0897
  1.5256   0.4497  -2.1431
  1.5291   0.4702  -2.1956
  1.5327   0.4907  -2.2474
  1.5364   0.5112  -2.2983
  1.5402   0.5316  -2.3485
  1.5442   0.5520  -2.3978
  1.5483   0.5723  -2.4466
  1.5524   0.5927  -2.4942
  1.5567   0.6130  -2.5408
  1.5610   0.6334  -2.5866
  1.5655   0.6537  -2.6318
  1.5701   0.6740  -2.6757
  1.5747   0.6943  -2.7185
  1.5795   0.7146  -2.7604
  1.5843   0.7348  -2.8016
  1.5893   0.7551  -2.8418
  1.5943   0.7755  -2.8805
  1.5943   0.7755  -2.8805
  1.5863   0.7626  -2.7756
  1.5799   0.7509  -2.6836
  1.5746   0.7402  -2.6022
  1.5702   0.7300  -2.5297
  1.5665   0.7204  -2.4645
  1.5633   0.7111  -2.4058
  1.5605   0.7019  -2.3526
  1.5579   0.6929  -2.3042
  1.5555   0.6840  -2.2601
  1.5533   0.6750  -2.2201
  1.5512   0.6660  -2.1837
  1.5492   0.6570  -2.1506
  1.5473   0.6479  -2.1207
  1.5454   0.6387  -2.0938
  1.5436   0.6294  -2.0698
  1.5418   0.6200  -2.0484
  1.5400   0.6105  -2.0296
  1.5383   0.6009  -2.0133
  1.5367   0.5912  -1.9993
  1.5350   0.5814  -1.9876
  1.5334   0.5715  -1.9780
  1.5319   0.5615  -1.9705
  1.5304   0.5515  -1.9650
  1.5290   0.5413  -1.9613
  1.5276   0.5311  -1.9595
  1.5262   0.5208  -1.9593
  1.5250   0.5104  -1.9608
  1.5238   0.5000  -1.9638
  1.5227   0.4895  -1.9683
  1.5216   0.4790  -1.9742
  1.5206   0.4684  -1.9814
  1.5198   0.4579  -1.9897
  1.5189   0.4472  -1.9993
  1.5182   0.4366  -2.0099
  1.5176   0.4259  -2.0215
  1.5171   0.4153  -2.0341
  1.5166   0.4046  -2.0475
  1.5162   0.3940  -2.0616
  1.5160   0.3833  -2.0766
  1.5158   0.3727  -2.0921
  1.5157   0.3621  -2.1083
  1.5157   0.3515  -2.1251
  1.5158   0.3410  -2.1423
  1.5160   0.3305  -2.1599
  1.5162   0.3200  -2.1779
  1.5166   0.3095  -2.1963
  1.5170   0.2991  -2.2149
  1.5175   0.2888  -2.2338
  1.5181   0.2785  -2.2529
  1.5188   0.2683  -2.2721
  1.5195   0.2581  -2.2915
  1.5204   0.2480  -2.3110
  1.5212   0.2379  -2.3304
  1.5222   0.2279  -2.3500
  1.5232   0.2179  -2.3695
  1.5242   0.2080  -2.3890
  1.5253   0.1982  -2.4084
  1.5265   0.1884  -2.4277
  1.5276   0.1787  -2.4470
  1.5289   0.1690  -2.4661
  1.5301   0.1594  -2.4851
  1.5314   0.1498  -2.5039
  1.5328   0.1403  -2.5226
  1.5341   0.1308  -2.5410
  1.5355   0.1213  -2.5593
  1.5369   0.1120  -2.5774
  1.5383   0.1026  -2.5953
  1.5397   0.0933  -2.6129
  1.5411   0.0840  -2.6303
  1.5425   0.0747  -2.6474
  1.5439   0.0654  -2.6643
  1.5453   0.0562  -2.6809
  1.5467   0.0470  -2.6972
  1.5481   0.0378  -2.7133
  1.5494   0.0286  -2.7290
  1.5508   0.0194  -2.7445
  1.5521   0.0102  -2.7596
  1.5534   0.0010  -2.7744
  1.5547  -0.0083  -2.7888
  1.5560  -0.0175  -2.8029
  1.5572  -0.0268  -2.8165
  1.5584  -0.0361  -2.8298
  1.5595  -0.0454  -2.8427
  1.5606  -0.0547  -2.8552
  1.5617  -0.0641  -2.8672
  1.5627  -0.0735  -2.8787
  1.5637  -0.0830  -2.8897
  1.5646  -0.0925  -2.9002
  1.5655  -0.1021  -2.9102
  1.5664  -0.1117  -2.9196
  1.5672  -0.1213  -2.9283
  1.5679  -0.1310  -2.9365
  1.5686  -0.1408  -2.9439
  1.5692  -0.1506  -2.9507
  1.5698  -0.1605  -2.9567
  1.5703  -0.1705  -2.9619
  1.5708  -0.1805  -2.9664
  1.5712  -0.1906  -2.9699
  1.5715  -0.2008  -2.9726
  1.5718  -0.2110  -2.9743
  1.5720  -0.2213  -2.9751
  1.5722  -0.2317  -2.9749
  1.5723  -0.2421  -2.9736
  1.5723  -0.2526  -2.9713
  1.5723  -0.2632  -2.9678
  1.5722  -0.2739  -2.9633
  1.5720  -0.2847  -2.9577
  1.5718  -0.2956  -2.9510
  1.5716  -0.3066  -2.9433
  1.5713  -0.3177  -2.9347
  1.5710  -0.3290  -2.9254
  1.5707  -0.3404  -2.9155
  1.5703  -0.3521  -2.9055
  1.5700  -0.3640  -2.8958
  1.5698  -0.3763  -2.8871
  1.5698  -0.3891  -2.8806
  1.5700  -0.4025  -2.8776
  1.5705  -0.4168  -2.8802
  1.5749  -0.4160  -2.8801
  1.5729  -0.4049  -2.8407
  1.5709  -0.3939  -2.8005
  1.5691  -0.3830  -2.7598
  1.5673  -0.3721  -2.7183
  1.5656  -0.3614  -2.6763
  1.5639  -0.3507  -2.6336
  1.5623  -0.3400  -2.5904
  1.5608  -0.3294  -2.5465
  1.5593  -0.3189  -2.5020
  1.5580  -0.3084  -2.4570
  1.5566  -0.2979  -2.4113
  1.5554  -0.2875  -2.3650
  1.5542  -0.2771  -2.3180
  1.5530  -0.2668  -2.2705
  1.5519  -0.2565  -2.2222
  1.5509  -0.2462  -2.1733
  1.5499  -0.2360  -2.1238
  1.5490  -0.2258  -2.0735
  1.5481  -0.2156  -2.0225
  1.5472  -0.2054  -1.9708
  1.5464  -0.1953  -1.9184
  1.5457  -0.1851  -1.8652
  1.5450  -0.1750  -1.8113
  1.5443  -0.1650  -1.7565
  1.5437  -0.1549  -1.7009
  1.5431  -0.1449  -1.6446
  1.5426  -0.1348  -1.5874
  1.5420  -0.1248  -1.5293
  1.5416  -0.1148  -1.4703
  1.5411  -0.1049  -1.4105
  1.5407  -0.0949  -1.3498
  1.5403  -0.0849  -1.2881
  1.5399  -0.0750  -1.2255
  1.5396  -0.0650  -1.1619
  1.5393  -0.0551  -1.0973
  1.5390  -0.0452  -1.0318
  1.5387  -0.0353  -0.9652
  1.5385  -0.0254  -0.8976
  1.5383  -0.0155  -0.8290
  1.5381  -0.0056  -0.7592
  1.5379   0.0043  -0.6884
  1.5377   0.0142  -0.6166
  1.5375   0.0241  -0.5435
  1.5374   0.0340  -0.4694
  1.5372   0.0439  -0.3941
  1.5371   0.0538  -0.3176
  1.5370   0.0637  -0.2400
  1.5369   0.0736  -0.1611
  1.5368   0.0835  -0.0811
  1.5367   0.0934   0.0002
  1.5366   0.1033   0.0828
  1.5366   0.1133   0.1666
  1.5365   0.1232   0.2517
  1.5364   0.1332   0.3381
  1.5364   0.1431   0.4258
  1.5363   0.1531   0.5148
  1.5363   0.1631   0.6051
  1.5363   0.1731   0.6968
  1.5362   0.1832   0.7899
  1.5362   0.1932   0.8844
  1.5362   0.2033   0.9802
  1.5361   0.2134   1.0774
  1.5361   0.2235   1.1761
  1.5361   0.2337   1.2761
  1.5361   0.2438   1.3776
  1.5361   0.2540   1.4806
  1.5361   0.2642   1.5850
  1.5361   0.2744   1.6909
  1.5360   0.2846   1.7983
  1.5360   0.2949   1.9071
  1.5360   0.3052   2.0175
  1.5360   0.3154   2.1294
  1.5360   0.3257   2.2428
  1.5360   0.3360   2.3578
  1.5360   0.3464   2.4743
  1.5359   0.3567   2.5924
  1.5359   0.3670   2.7122
  1.5359   0.3773   2.8336
  1.5358   0.3876   2.9566
  1.5358   0.3876   2.9566
  1.5347   0.3765   2.9507
  1.5337   0.3659   2.9497
  1.5327   0.3555   2.9522
  1.5317   0.3454   2.9572
  1.5308   0.3355   2.9640
  1.5299   0.3258   2.9719
  1.5291   0.3161   2.9806
  1.5283   0.3065   2.9897
  1.5275   0.2969   2.9991
  1.5268   0.2874   3.0086
  1.5261   0.2779   3.0180
  1.5254   0.2684   3.0273
  1.5247   0.2589   3.0365
  1.5241   0.2494   3.0454
  1.5235   0.2399   3.0541
  1.5229   0.2305   3.0625
  1.5223   0.2210   3.0707
  1.5218   0.2115   3.0786
  1.5213   0.2020   3.0863
  1.5208   0.1924   3.0936
  1.5203   0.1829   3.1007
  1.5199   0.1734   3.1075
  1.5194   0.1639   3.1141
  1.5190   0.1543   3.1204
  1.5186   0.1448   3.1264
  1.5182   0.1352   3.1322
  1.5178   0.1256   3.1377
  1.5175   0.1160   3.1430
  1.5171   0.1064   3.1480
  1.5168   0.0968   3.1529
  1.5165   0.0872   3.1575
  1.5162   0.0776   3.1619
  1.5159   0.0680   3.1661
  1.5156   0.0583   3.1701
  1.5154   0.0487   3.1738
  1.5151   0.0390   3.1774
  1.5149   0.0294   3.1808
  1.5146   0.0197   3.1840
  1.5144   0.0100   3.1871
  1.5142   0.0003   3.1899
  1.5140  -0.0093   3.1926
  1.5138  -0.0190   3.1952
  1.5136  -0.0287   3.1975
  1.5135  -0.0385   3.1998
  1.5133  -0.0482   3.2018
  1.5131  -0.0579   3.2037
  1.5130  -0.0676   3.2055
  1.5129  -0.0774   3.2071
  1.5127  -0.0871   3.2086
  1.5126  -0.0969   3.2100
  1.5125  -0.1066   3.2112
  1.5124  -0.1164   3.2123
  1.5123  -0.1262   3.2133
  1.5122  -0.1359   3.2142
  1.5122  -0.1457   3.2149
  1.5121  -0.1555   3.2155
  1.5120  -0.1653   3.2160
  1.5120  -0.1751   3.2164
  1.5119  -0.1849   3.2167
  1.5119  -0.1947   3.2169
  1.5118  -0.2045   3.2170
  1.5118  -0.2143   3.2169
  1.5118  -0.2242   3.2168
  1.5118  -0.2340   3.2166
  1.5118  -0.2438   3.2162
  1.5118  -0.2537   3.2158
  1.5118  -0.2635   3.2153
  1.5118  -0.2734   3.2147
  1.5118  -0.2832   3.2140
  1.5118  -0.2931   3.2131
  1.5118  -0.3030   3.2123
  1.5119  -0.3129   3.2113
  1.5119  -0.3227   3.2102
  1.5120  -0.3326   3.2090
  1.5120  -0.3425   3.2078
  1.5121  -0.3524   3.2064
  1.5122  -0.3623   3.2050
  1.5122  -0.3723   3.2034
  1.5123  -0.3822   3.2018
  1.5124  -0.3921   3.2001
  1.5125  -0.4020   3.1983
  1.5126  -0.4120   3.1964
  1.5127  -0.4219   3.1945
  1.5128  -0.4319   3.1924
  1.5129  -0.4419   3.1902
  1.5131  -0.4518   3.1880
  1.5132  -0.4618   3.1856
  1.5133  -0.4718   3.1832
  1.5135  -0.4818   3.1807
  1.5136  -0.4918   3.1780
  1.5138  -0.5018   3.1753
  1.5140  -0.5118   3.1725
  1.5142  -0.5219   3.1695
  1.5143  -0.5319   3.1665
  1.5145  -0.5420   3.1633
  1.5147  -0.5520   3.1601
  1.5149  -0.5621   3.1567
  1.5152  -0.5722   3.1532
  1.5154  -0.5823   3.1497
  1.5156  -0.5924   3.1460
  1.5158  -0.6025   3.1421
  1.5161  -0.6126   3.1382
  1.5163  -0.6228   3.1342
  1.5166  -0.6329   3.1300
  1.5169  -0.6431   3.1258
  1.5172  -0.6533   3.1214
  1.5175  -0.6635   3.1170
  1.5177  -0.6737   3.1125
  1.5181  -0.6839   3.1079
  1.5184  -0.6942   3.1034
  1.5187  -0.7044   3.0988
  1.5190  -0.7147   3.0944
  1.5193  -0.7249   3.0901
  1.5197  -0.7352   3.0862
  1.5200  -0.7455   3.0827
  1.5203  -0.7558   3.0799
  1.5207  -0.7661   3.0781
  1.5210  -0.7763   3.0777
  1.5136  -0.7819   3.1270
  1.5130  -0.7651   2.9952
  1.5125  -0.7481   2.8654
  1.5119  -0.7310   2.7376
  1.5114  -0.7138   2.6116
  1.5108  -0.6964   2.4876
  1.5102  -0.6788   2.3653
  1.5095  -0.6612   2.2448
  1.5089  -0.6433   2.1260
  1.5083  -0.6254   2.0089
  1.5076  -0.6073   1.8935
  1.5069  -0.5891   1.7797
  1.5063  -0.5708   1.6676
  1.5056  -0.5524   1.5571
  1.5049  -0.5338   1.4483
  1.5042  -0.5152   1.3410
  1.5035  -0.4964   1.2353
  1.5028  -0.4775   1.1312
  1.5021  -0.4585   1.0287
  1.5014  -0.4394   0.9277
  1.5007  -0.4202   0.8283
  1.5000  -0.4008   0.7305
  1.4993  -0.3814   0.6342
  1.4987  -0.3619   0.5395
  1.4980  -0.3423   0.4464
  1.4974  -0.3225   0.3548
  1.4967  -0.3027   0.2648
  1.4961  -0.2828   0.1763
  1.4955  -0.2628   0.0894
  1.4949  -0.2427   0.0041
  1.4943  -0.2225  -0.0797
  1.4937  -0.2022  -0.1619
  1.4932  -0.1819  -0.2426
  1.4927  -0.1614  -0.3217
  1.4922  -0.1409  -0.3993
  1.4917  -0.1203  -0.4753
  1.4913  -0.0996  -0.5498
  1.4909  -0.0788  -0.6227
  1.4905  -0.0580  -0.6942
  1.4902  -0.0371  -0.7642
  1.4899  -0.0161  -0.8328
  1.4897   0.0049  -0.9001
  1.4896   0.0259  -0.9662
  1.4896   0.0470  -1.0309
  1.4896   0.0681  -1.0943
  1.4897   0.0892  -1.1573
  1.4901   0.1103  -1.2198
  1.4906   0.1313  -1.2817
  1.4912   0.1523  -1.3427
  1.4920   0.1733  -1.4032
  1.4929   0.1942  -1.4632
  1.4940   0.2150  -1.5228
  1.4953   0.2358  -1.5819
  1.4967   0.2566  -1.6403
  1.4983   0.2773  -1.6981
  1.5000   0.2980  -1.7554
  1.5019   0.3186  -1.8119
  1.5039   0.3392  -1.8679
  1.5060   0.3597  -1.9232
  1.5082   0.3803  -1.9773
  1.5107   0.4008  -2.0311
  1.5131   0.4213  -2.0835
  1.5158   0.4416  -2.1359
  1.5186   0.4620  -2.1875
  1.5215   0.4823  -2.2383
  1.5245   0.5026  -2.2883
  1.5277   0.5228  -2.3376
  1.5309   0.5431  -2.3860
  1.5343   0.5633  -2.4334
  1.5378   0.5834  -2.4801
  1.5414   0.6036  -2.5260
  1.5451   0.6237  -2.5709
  1.5489   0.6438  -2.6150
  1.5528   0.6639  -2.6581
  1.5567   0.6840  -2.7002
  1.5608   0.7041  -2.7413
  1.5650   0.7241  -2.7815
  1.5692   0.7442  -2.8205
  1.5736   0.7643  -2.8585
  1.5780   0.7844  -2.8955
  1.5780   0.7844  -2.8955
  1.5704   0.7717  -2.7964
  1.5643   0.7603  -2.7097
  1.5593   0.7496  -2.6331
  1.5552   0.7396  -2.5649
  1.5516   0.7300  -2.5038
  1.5486   0.7207  -2.4487
  1.5459   0.7115  -2.3988
  1.5434   0.7025  -2.3535
  1.5412   0.6936  -2.3123
  1.5391   0.6846  -2.2748
  1.5371   0.6757  -2.2406
  1.5352   0.6666  -2.2095
  1.5334   0.6576  -2.1814
  1.5317   0.6484  -2.1560
  1.5300   0.6392  -2.1332
  1.5283   0.6298  -2.1128
  1.5267   0.6204  -2.0948
  1.5251   0.6109  -2.0791
  1.5236   0.6013  -2.0654
  1.5221   0.5916  -2.0538
  1.5206   0.5818  -2.0441
  1.5192   0.5720  -2.0364
  1.5178   0.5620  -2.0303
  1.5165   0.5520  -2.0260
  1.5152   0.5420  -2.0234
  1.5140   0.5318  -2.0222
  1.5129   0.5216  -2.0226
  1.5118   0.5114  -2.0243
  1.5107   0.5010  -2.0274
  1.5097   0.4907  -2.0318
  1.5088   0.4803  -2.0373
  1.5080   0.4699  -2.0440
  1.5072   0.4594  -2.0517
  1.5065   0.4489  -2.0604
  1.5059   0.4385  -2.0701
  1.5053   0.4279  -2.0806
  1.5049   0.4174  -2.0919
  1.5045   0.4069  -2.1040
  1.5042   0.3964  -2.1167
  1.5039   0.3859  -2.1301
  1.5038   0.3754  -2.1441
  1.5037   0.3649  -2.1586
  1.5037   0.3544  -2.1736
  1.5037   0.3440  -2.1891
  1.5039   0.3336  -2.2049
  1.5041   0.3232  -2.2211
  1.5044   0.3128  -2.2375
  1.5047   0.3025  -2.2543
  1.5052   0.2922  -2.2712
  1.5057   0.2820  -2.2884
  1.5062   0.2718  -2.3057
  1.5068   0.2616  -2.3232
  1.5075   0.2515  -2.3407
  1.5082   0.2414  -2.3583
  1.5090   0.2314  -2.3759
  1.5098   0.2214  -2.3936
  1.5107   0.2114  -2.4112
  1.5116   0.2015  -2.4288
  1.5125   0.1916  -2.4464
  1.5135   0.1818  -2.4638
  1.5146   0.1720  -2.4812
  1.5156   0.1623  -2.4985
  1.5167   0.1526  -2.5156
  1.5178   0.1429  -2.5326
  1.5189   0.1333  -2.5495
  1.5201   0.1237  -2.5662
  1.5212   0.1141  -2.5827
  1.5224   0.1046  -2.5990
  1.5236   0.0950  -2.6151
  1.5247   0.0855  -2.6309
  1.5259   0.0761  -2.6466
  1.5271   0.0666  -2.6620
  1.5283   0.0572  -2.6772
  1.5295   0.0477  -2.6921
  1.5306   0.0383  -2.7067
  1.5318   0.0288  -2.7211
  1.5329   0.0194  -2.7351
  1.5340   0.0100  -2.7488
  1.5352   0.0005  -2.7623
  1.5362  -0.0089  -2.7754
  1.5373  -0.0184  -2.7881
  1.5383  -0.0278  -2.8005
  1.5394  -0.0373  -2.8125
  1.5403  -0.0469  -2.8241
  1.5413  -0.0564  -2.8353
  1.5422  -0.0660  -2.8461
  1.5431  -0.0756  -2.8564
  1.5440  -0.0852  -2.8662
  1.5448  -0.0949  -2.8756
  1.5456  -0.1046  -2.8844
  1.5463  -0.1144  -2.8927
  1.5470  -0.1242  -2.9005
  1.5477  -0.1340  -2.9076
  1.5483  -0.1439  -2.9141
  1.5489  -0.1539  -2.9200
  1.5494  -0.1639  -2.9252
  1.5499  -0.1739  -2.9298
  1.5503  -0.1840  -2.9335
  1.5507  -0.1941  -2.9366
  1.5511  -0.2044  -2.9388
  1.5514  -0.2146  -2.9402
  1.5517  -0.2250  -2.9408
  1.5519  -0.2354  -2.9405
  1.5520  -0.2458  -2.9393
  1.5521  -0.2563  -2.9372
  1.5522  -0.2669  -2.9342
  1.5522  -0.2776  -2.9303
  1.5522  -0.2884  -2.9256
  1.5522  -0.2993  -2.9201
  1.5521  -0.3103  -2.9140
  1.5520  -0.3214  -2.9073
  1.5520  -0.3327  -2.9003
  1.5519  -0.3442  -2.8934
  1.5519  -0.3559  -2.8871
  1.5519  -0.3680  -2.8821
  1.5522  -0.3805  -2.8795
  1.5526  -0.3936  -2.8806
  1.5535  -0.4075  -2.8876
  1.5576  -0.4079  -2.8959
  1.5557  -0.3969  -2.8553
  1.5538  -0.3859  -2.8141
  1.5520  -0.3749  -2.7723
  1.5503  -0.3641  -2.7299
  1.5486  -0.3534  -2.6870
  1.5471  -0.3427  -2.6435
  1.5455  -0.3321  -2.5994
  1.5441  -0.3215  -2.5548
  1.5428  -0.3110  -2.5096
  1.5415  -0.3005  -2.4639
  1.5402  -0.2901  -2.4177
  1.5391  -0.2797  -2.3708
  1.5380  -0.2694  -2.3234
  1.5369  -0.2591  -2.2754
  1.5360  -0.2488  -2.2267
  1.5350  -0.2385  -2.1775
  1.5342  -0.2283  -2.1276
  1.5334  -0.2181  -2.0771
  1.5326  -0.2080  -2.0259
  1.5319  -0.1978  -1.9740
  1.5313  -0.1877  -1.9214
  1.5306  -0.1776  -1.8681
  1.5301  -0.1675  -1.8140
  1.5296  -0.1574  -1.7592
  1.5291  -0.1474  -1.7036
  1.5287  -0.1373  -1.6473
  1.5283  -0.1273  -1.5901
  1.5279  -0.1173  -1.5321
  1.5276  -0.1073  -1.4732
  1.5273  -0.0973  -1.4135
  1.5270  -0.0873  -1.3528
  1.5268  -0.0774  -1.2913
  1.5266  -0.0674  -1.2288
  1.5264  -0.0574  -1.1654
  1.5263  -0.0475  -1.1011
  1.5262  -0.0375  -1.0357
  1.5261  -0.0275  -0.9694
  1.5260  -0.0176  -0.9020
  1.5259  -0.0076  -0.8336
  1.5259   0.0023  -0.7641
  1.5259   0.0123  -0.6936
  1.5259   0.0222  -0.6220
  1.5259   0.0322  -0.5492
  1.5260   0.0422  -0.4754
  1.5260   0.0521  -0.4003
  1.5261   0.0621  -0.3242
  1.5262   0.0721  -0.2468
  1.5263   0.0821  -0.1683
  1.5264   0.0921  -0.0885
  1.5265   0.1022  -0.0075
  1.5266   0.1122   0.0747
  1.5267   0.1223   0.1582
  1.5269   0.1323   0.2430
  1.5270   0.1424   0.3291
  1.5272   0.1525   0.4164
  1.5274   0.1627   0.5051
  1.5275   0.1728   0.5951
  1.5277   0.1830   0.6865
  1.5279   0.1932   0.7792
  1.5281   0.2034   0.8732
  1.5283   0.2136   0.9687
  1.5285   0.2238   1.0655
  1.5287   0.2341   1.1638
  1.5289   0.2444   1.2634
  1.5291   0.2547   1.3645
  1.5294   0.2651   1.4670
  1.5296   0.2755   1.5709
  1.5298   0.2859   1.6763
  1.5301   0.2963   1.7831
  1.5303   0.3067   1.8914
  1.5305   0.3172   2.0012
  1.5308   0.3276   2.1125
  1.5310   0.3381   2.2254
  1.5313   0.3486   2.3397
  1.5315   0.3591   2.4556
  1.5318   0.3696   2.5730
  1.5321   0.3802   2.6920
  1.5323   0.3907   2.8127
  1.5326   0.4012   2.9349
  1.5326   0.4012   2.9349
  1.5314   0.3900   2.9307
  1.5303   0.3794   2.9314
  1.5293   0.3690   2.9356
  1.5283   0.3589   2.9423
  1.5273   0.3490   2.9506
  1.5264   0.3393   2.9601
  1.5255   0.3296   2.9702
  1.5247   0.3200   2.9808
  1.5239   0.3105   2.9915
  1.5232   0.3010   3.0022
  1.5224   0.2915   3.0128
  1.5217   0.2820   3.0233
  1.5211   0.2725   3.0335
  1.5204   0.2631   3.0435
  1.5198   0.2536   3.0531
  1.5192   0.2442   3.0624
  1.5187   0.2347   3.0714
  1.5181   0.2252   3.0800
  1.5176   0.2157   3.0883
  1.5171   0.2062   3.0963
  1.5166   0.1967   3.1039
  1.5161   0.1872   3.1112
  1.5157   0.1777   3.1182
  1.5153   0.1681   3.1249
  1.5149   0.1586   3.1312
  1.5145   0.1490   3.1373
  1.5141   0.1394   3.1430
  1.5137   0.1299   3.1485
  1.5134   0.1203   3.1537
  1.5131   0.1107   3.1586
  1.5128   0.1011   3.1632
  1.5125   0.0915   3.1676
  1.5122   0.0818   3.1718
  1.5119   0.0722   3.1757
  1.5116   0.0626   3.1794
  1.5114   0.0529   3.1828
  1.5111   0.0432   3.1860
  1.5109   0.0336   3.1890
  1.5107   0.0239   3.1918
  1.5105   0.0142   3.1944
  1.5103   0.0045   3.1968
  1.5101  -0.0052   3.1990
  1.5099  -0.0149   3.2010
  1.5098  -0.0246   3.2029
  1.5096  -0.0343   3.2045
  1.5095  -0.0440   3.2060
  1.5093  -0.0538   3.2074
  1.5092  -0.0635   3.2085
  1.5091  -0.0732   3.2096
  1.5090  -0.0830   3.2104
  1.5089  -0.0928   3.2112
  1.5088  -0.1025   3.2117
  1.5087  -0.1123   3.2122
  1.5087  -0.1221   3.2125
  1.5086  -0.1318   3.2126
  1.5085  -0.1416   3.2127
  1.5085  -0.1514   3.2126
  1.5084  -0.1612   3.2124
  1.5084  -0.1710   3.2121
  1.5084  -0.1808   3.2117
  1.5083  -0.1907   3.2111
  1.5083  -0.2005   3.2105
  1.5083  -0.2103   3.2097
  1.5083  -0.2201   3.2089
  1.5083  -0.2300   3.2079
  1.5083  -0.2398   3.2069
  1.5084  -0.2497   3.2057
  1.5084  -0.2595   3.2045
  1.5084  -0.2694   3.2031
  1.5085  -0.2792   3.2017
  1.5085  -0.2891   3.2002
  1.5086  -0.2990   3.1986
  1.5086  -0.3089   3.1969
  1.5087  -0.3188   3.1951
  1.5088  -0.3287   3.1933
  1.5089  -0.3386   3.1913
  1.5090  -0.3485   3.1893
  1.5091  -0.3584   3.1872
  1.5092  -0.3683   3.1850
  1.5093  -0.3782   3.1828
  1.5094  -0.3882   3.1804
  1.5095  -0.3981   3.1780
  1.5096  -0.4080   3.1755
  1.5098  -0.4180   3.1729
  1.5099  -0.4280   3.1703
  1.5100  -0.4379   3.1676
  1.5102  -0.4479   3.1647
  1.5104  -0.4579   3.1619
  1.5105  -0.4679   3.1589
  1.5107  -0.4779   3.1559
  1.5109  -0.4879   3.1528
  1.5111  -0.4979   3.1496
  1.5113  -0.5080   3.1463
  1.5115  -0.5180   3.1429
  1.5117  -0.5281   3.1395
  1.5119  -0.5381   3.1360
  1.5121  -0.5482   3.1324
  1.5123  -0.5583   3.1287
  1.5126  -0.5684   3.1250
  1.5128  -0.5785   3.1211
  1.5131  -0.5886   3.1172
  1.5133  -0.5987   3.1132
  1.5136  -0.6089   3.1091
  1.5139  -0.6190   3.1050
  1.5141  -0.6292   3.1007
  1.5144  -0.6394   3.0965
  1.5147  -0.6496   3.0921
  1.5150  -0.6598   3.0878
  1.5153  -0.6700   3.0834
  1.5156  -0.6802   3.0791
  1.5159  -0.6905   3.0749
  1.5163  -0.7008   3.0708
  1.5166  -0.7111   3.0669
  1.5169  -0.7213   3.0634
  1.5172  -0.7317   3.0605
  1.5175  -0.7420   3.0582
  1.5178  -0.7523   3.0571
  1.5181  -0.7626   3.0574
  1.5183  -0.7729   3.0597
  1.5182  -0.7828   3.0597
  1.5111  -0.7881   3.1071
  1.5105  -0.7709   2.9750
  1.5099  -0.7536   2.8450
  1.5093  -0.7361   2.7171
  1.5087  -0.7185   2.5912
  1.5081  -0.7007   2.4672
  1.5075  -0.6828   2.3451
  1.5068  -0.6647   2.2248
  1.5062  -0.6465   2.1063
  1.5056  -0.6282   1.9895
  1.5049  -0.6097   1.8744
  1.5043  -0.5912   1.7610
  1.5036  -0.5725   1.6492
  1.5030  -0.5537   1.5391
  1.5023  -0.5348   1.4307
  1.5017  -0.5158   1.3238
  1.5010  -0.4966   1.2185
  1.5004  -0.4774   1.1148
  1.4998  -0.4581   1.0127
  1.4992  -0.4387   0.9122
  1.4986  -0.4192   0.8132
  1.4980  -0.3995   0.7158
  1.4974  -0.3798   0.6200
  1.4968  -0.3600   0.5257
  1.4962  -0.3401   0.4329
  1.4957  -0.3201   0.3417
  1.4952  -0.3000   0.2521
  1.4947  -0.2799   0.1640
  1.4942  -0.2596   0.0775
  1.4937  -0.2393  -0.0074
  1.4933  -0.2189  -0.0908
  1.4929  -0.1984  -0.1727
  1.4925  -0.1778  -0.2530
  1.4921  -0.1571  -0.3317
  1.4917  -0.1364  -0.4089
  1.4914  -0.1156  -0.4845
  1.4911  -0.0947  -0.5585
  1.4909  -0.0737  -0.6310
  1.4907  -0.0527  -0.7018
  1.4904  -0.0316  -0.7709
  1.4900  -0.0102  -0.8363
  1.4903   0.0104  -0.9049
  1.4905   0.0313  -0.9718
  1.4907   0.0523  -1.0367
  1.4911   0.0732  -1.1008
  1.4916   0.0941  -1.1642
  1.4922   0.1150  -1.2269
  1.4930   0.1359  -1.2889
  1.4939   0.1568  -1.3503
  1.4949   0.1774  -1.4104
  1.4962   0.1980  -1.4704
  1.4976   0.2189  -1.5307
  1.4991   0.2396  -1.5891
  1.5007   0.2602  -1.6468
  1.5025   0.2809  -1.7053
  1.5046   0.3015  -1.7634
  1.5065   0.3218  -1.8178
  1.5087   0.3422  -1.8728
  1.5110   0.3627  -1.9277
  1.5136   0.3831  -1.9829
  1.5163   0.4036  -2.0375
  1.5189   0.4236  -2.0880
  1.5218   0.4440  -2.1407
  1.5249   0.4643  -2.1932
  1.5279   0.4842  -2.2418
  1.5312   0.5045  -2.2920
  1.5346   0.5247  -2.3414
  1.5381   0.5448  -2.3902
  1.5418   0.5650  -2.4381
  1.5452   0.5847  -2.4813
  1.5491   0.6048  -2.5283
  1.5526   0.6243  -2.5688
  1.5565   0.6441  -2.6111
  1.5605   0.6640  -2.6535
  1.5648   0.6840  -2.6958
  1.5691   0.7040  -2.7368
  1.5729   0.7233  -2.7713
  1.5775   0.7433  -2.8111
  1.5820   0.7634  -2.8490
  1.5867   0.7834  -2.8860
  1.5867   0.7834  -2.8860
  1.5790   0.7707  -2.7861
  1.5728   0.7592  -2.6986
  1.5678   0.7485  -2.6214
  1.5636   0.7384  -2.5527
  1.5600   0.7288  -2.4911
  1.5569   0.7195  -2.4356
  1.5542   0.7103  -2.3853
  1.5517   0.7013  -2.3396
  1.5494   0.6923  -2.2981
  1.5473   0.6834  -2.2602
  1.5453   0.6744  -2.2258
  1.5434   0.6654  -2.1945
  1.5416   0.6563  -2.1662
  1.5398   0.6471  -2.1406
  1.5381   0.6379  -2.1176
  1.5364   0.6285  -2.0971
  1.5348   0.6191  -2.0790
  1.5332   0.6096  -2.0632
  1.5317   0.5999  -2.0495
  1.5301   0.5902  -2.0378
  1.5287   0.5804  -2.0281
  1.5272   0.5706  -2.0204
  1.5258   0.5606  -2.0144
  1.5245   0.5506  -2.0101
  1.5232   0.5405  -2.0075
  1.5220   0.5303  -2.0064
  1.5208   0.5201  -2.0069
  1.5197   0.5098  -2.0087
  1.5187   0.4995  -2.0119
  1.5177   0.4891  -2.0164
  1.5167   0.4787  -2.0221
  1.5159   0.4683  -2.0289
  1.5151   0.4578  -2.0368
  1.5144   0.4473  -2.0457
  1.5138   0.4368  -2.0555
  1.5133   0.4263  -2.0662
  1.5128   0.4157  -2.0777
  1.5124   0.4052  -2.0900
  1.5121   0.3947  -2.1030
  1.5118   0.3842  -2.1166
  1.5117   0.3736  -2.1308
  1.5116   0.3632  -2.1455
  1.5116   0.3527  -2.1607
  1.5117   0.3422  -2.1764
  1.5119   0.3318  -2.1924
  1.5121   0.3214  -2.2088
  1.5124   0.3110  -2.2255
  1.5128   0.3007  -2.2424
  1.5132   0.2904  -2.2596
  1.5137   0.2802  -2.2770
  1.5143   0.2700  -2.2945
  1.5149   0.2598  -2.3121
  1.5156   0.2497  -2.3298
  1.5163   0.2396  -2.3476
  1.5171   0.2296  -2.3654
  1.5180   0.2196  -2.3833
  1.5189   0.2097  -2.4011
  1.5198   0.1998  -2.4189
  1.5208   0.1899  -2.4366
  1.5218   0.1801  -2.4542
  1.5228   0.1703  -2.4717
  1.5239   0.1606  -2.4892
  1.5250   0.1509  -2.5065
  1.5261   0.1413  -2.5236
  1.5273   0.1317  -2.5406
  1.5285   0.1221  -2.5574
  1.5296   0.1125  -2.5740
  1.5308   0.1030  -2.5905
  1.5320   0.0935  -2.6067
  1.5332   0.0840  -2.6227
  1.5344   0.0746  -2.6384
  1.5356   0.0651  -2.6540
  1.5369   0.0557  -2.6692
  1.5380   0.0463  -2.6842
  1.5392   0.0369  -2.6990
  1.5404   0.0275  -2.7134
  1.5416   0.0181  -2.7276
  1.5427   0.0087  -2.7414
  1.5438  -0.0008  -2.7549
  1.5449  -0.0102  -2.7681
  1.5460  -0.0196  -2.7809
  1.5471  -0.0291  -2.7934
  1.5481  -0.0386  -2.8054
  1.5491  -0.0481  -2.8171
  1.5501  -0.0576  -2.8284
  1.5510  -0.0671  -2.8392
  1.5519  -0.0767  -2.8496
  1.5528  -0.0864  -2.8595
  1.5536  -0.0960  -2.8689
  1.5544  -0.1057  -2.8778
  1.5552  -0.1155  -2.8862
  1.5559  -0.1252  -2.8939
  1.5565  -0.1351  -2.9011
  1.5572  -0.1450  -2.9077
  1.5577  -0.1549  -2.9136
  1.5583  -0.1649  -2.9188
  1.5588  -0.1749  -2.9234
  1.5592  -0.1850  -2.9272
  1.5596  -0.1952  -2.9302
  1.5600  -0.2054  -2.9324
  1.5603  -0.2157  -2.9338
  1.5605  -0.2260  -2.9343
  1.5607  -0.2364  -2.9340
  1.5609  -0.2469  -2.9327
  1.5610  -0.2574  -2.9306
  1.5611  -0.2680  -2.9275
  1.5611  -0.2787  -2.9235
  1.5611  -0.2895  -2.9187
  1.5610  -0.3004  -2.9131
  1.5610  -0.3114  -2.9068
  1.5609  -0.3226  -2.9000
  1.5608  -0.3339  -2.8929
  1.5607  -0.3454  -2.8859
  1.5607  -0.3572  -2.8794
  1.5607  -0.3693  -2.8742
  1.5610  -0.3819  -2.8714
  1.5614  -0.3950  -2.8724
  1.5623  -0.4089  -2.8792
  1.5664  -0.4092  -2.8865
  1.5644  -0.3981  -2.8462
  1.5625  -0.3871  -2.8053
  1.5606  -0.3762  -2.7638
  1.5588  -0.3654  -2.7218
  1.5571  -0.3546  -2.6791
  1.5554  -0.3439  -2.6360
  1.5539  -0.3333  -2.5922
  1.5524  -0.3227  -2.5480
  1.5509  -0.3122  -2.5031
  1.5496  -0.3017  -2.4578
  1.5483  -0.2913  -2.4118
  1.5470  -0.2809  -2.3653
  1.5459  -0.2706  -2.3182
  1.5448  -0.2602  -2.2705
  1.5437  -0.2500  -2.2223
  1.5428  -0.2397  -2.1733
  1.5418  -0.2295  -2.1238
  1.5410  -0.2193  -2.0736
  1.5402  -0.2091  -2.0227
  1.5394  -0.1989  -1.9711
  1.5387  -0.1888  -1.9189
  1.5380  -0.1787  -1.8659
  1.5374  -0.1686  -1.8122
  1.5368  -0.1585  -1.7577
  1.5363  -0.1485  -1.7024
  1.5358  -0.1384  -1.6463
  1.5353  -0.1284  -1.5894
  1.5349  -0.1184  -1.5317
  1.5345  -0.1084  -1.4731
  1.5342  -0.0984  -1.4137
  1.5339  -0.0884  -1.3533
  1.5336  -0.0784  -1.2921
  1.5333  -0.0684  -1.2299
  1.5331  -0.0584  -1.1668
  1.5329  -0.0485  -1.1027
  1.5327  -0.0385  -1.0376
  1.5326  -0.0285  -0.9714
  1.5324  -0.0186  -0.9043
  1.5323  -0.0086  -0.8361
  1.5322   0.0013  -0.7669
  1.5322   0.0113  -0.6966
  1.5321   0.0213  -0.6251
  1.5321   0.0312  -0.5526
  1.5321   0.0412  -0.4789
  1.5321   0.0512  -0.4041
  1.5321   0.0612  -0.3280
  1.5321   0.0712  -0.2508
  1.5321   0.0812  -0.1724
  1.5322   0.0912  -0.0928
  1.5322   0.1013  -0.0119
  1.5323   0.1113   0.0702
  1.5323   0.1214   0.1536
  1.5324   0.1315   0.2383
  1.5325   0.1416   0.3243
  1.5326   0.1517   0.4116
  1.5327   0.1618   0.5002
  1.5328   0.1720   0.5902
  1.5329   0.1822   0.6815
  1.5330   0.1924   0.7742
  1.5332   0.2026   0.8683
  1.5333   0.2128   0.9637
  1.5334   0.2231   1.0606
  1.5336   0.2334   1.1589
  1.5337   0.2437   1.2586
  1.5338   0.2541   1.3598
  1.5340   0.2644   1.4624
  1.5342   0.2748   1.5664
  1.5343   0.2852   1.6720
  1.5345   0.2957   1.7790
  1.5346   0.3061   1.8875
  1.5348   0.3166   1.9975
  1.5350   0.3271   2.1090
  1.5351   0.3376   2.2220
  1.5353   0.3481   2.3366
  1.5355   0.3587   2.4528
  1.5357   0.3692   2.5705
  1.5358   0.3798   2.6898
  1.5360   0.3903   2.8108
  1.5362   0.4009   2.9334
  1.5362   0.4009   2.9334
  1.5350   0.3897   2.9293
  1.5339   0.3791   2.9301
  1.5329   0.3687   2.9344
  1.5319   0.3587   2.9412
  1.5309   0.3488   2.9496
  1.5300   0.3390   2.9591
  1.5291   0.3294   2.9693
  1.5283   0.3198   2.9798
  1.5275   0.3102   2.9906
  1.5267   0.3007   3.0014
  1.5260   0.2912   3.0120
  1.5253   0.2818   3.0225
  1.5246   0.2723   3.0327
  1.5240   0.2629   3.0427
  1.5233   0.2534   3.0524
  1.5227   0.2439   3.0617
  1.5222   0.2345   3.0707
  1.5216   0.2250   3.0794
  1.5211   0.2155   3.0877
  1.5206   0.2060   3.0957
  1.5201   0.1965   3.1033
  1.5196   0.1870   3.1107
  1.5192   0.1775   3.1177
  1.5188   0.1679   3.1243
  1.5184   0.1584   3.1307
  1.5180   0.1488   3.1368
  1.5176   0.1392   3.1426
  1.5172   0.1297   3.1481
  1.5169   0.1201   3.1533
  1.5165   0.1105   3.1583
  1.5162   0.1009   3.1629
  1.5159   0.0913   3.1674
  1.5156   0.0817   3.1716
  1.5153   0.0720   3.1755
  1.5151   0.0624   3.1792
  1.5148   0.0527   3.1827
  1.5146   0.0431   3.1859
  1.5144   0.0334   3.1890
  1.5141   0.0237   3.1918
  1.5139   0.0141   3.1944
  1.5137   0.0044   3.1969
  1.5135  -0.0053   3.1991
  1.5134  -0.0150   3.2011
  1.5132  -0.0247   3.2030
  1.5131  -0.0345   3.2047
  1.5129  -0.0442   3.2063
  1.5128  -0.0539   3.2076
  1.5126  -0.0637   3.2088
  1.5125  -0.0734   3.2099
  1.5124  -0.0831   3.2108
  1.5123  -0.0929   3.2115
  1.5122  -0.1027   3.2122
  1.5121  -0.1124   3.2126
  1.5121  -0.1222   3.2130
  1.5120  -0.1320   3.2132
  1.5119  -0.1418   3.2133
  1.5119  -0.1516   3.2132
  1.5118  -0.1614   3.2131
  1.5118  -0.1712   3.2128
  1.5118  -0.1810   3.2124
  1.5117  -0.1908   3.2119
  1.5117  -0.2006   3.2113
  1.5117  -0.2104   3.2106
  1.5117  -0.2203   3.2098
  1.5117  -0.2301   3.2088
  1.5117  -0.2399   3.2078
  1.5118  -0.2498   3.2067
  1.5118  -0.2596   3.2055
  1.5118  -0.2695   3.2042
  1.5119  -0.2794   3.2028
  1.5119  -0.2892   3.2013
  1.5120  -0.2991   3.1997
  1.5120  -0.3090   3.1981
  1.5121  -0.3189   3.1963
  1.5122  -0.3288   3.1945
  1.5123  -0.3387   3.1926
  1.5123  -0.3486   3.1906
  1.5124  -0.3585   3.1885
  1.5125  -0.3684   3.1864
  1.5126  -0.3784   3.1842
  1.5128  -0.3883   3.1819
  1.5129  -0.3982   3.1795
  1.5130  -0.4082   3.1770
  1.5131  -0.4181   3.1745
  1.5133  -0.4281   3.1718
  1.5134  -0.4381   3.1691
  1.5136  -0.4480   3.1664
  1.5137  -0.4580   3.1635
  1.5139  -0.4680   3.1606
  1.5141  -0.4780   3.1576
  1.5142  -0.4880   3.1545
  1.5144  -0.4981   3.1513
  1.5146  -0.5081   3.1480
  1.5148  -0.5181   3.1447
  1.5150  -0.5282   3.1413
  1.5153  -0.5382   3.1378
  1.5155  -0.5483   3.1342
  1.5157  -0.5584   3.1306
  1.5159  -0.5685   3.1268
  1.5162  -0.5786   3.1230
  1.5164  -0.5887   3.1191
  1.5167  -0.5989   3.1151
  1.5170  -0.6090   3.1111
  1.5172  -0.6192   3.1069
  1.5175  -0.6293   3.1027
  1.5178  -0.6395   3.0984
  1.5181  -0.6497   3.0941
  1.5184  -0.6599   3.0898
  1.5187  -0.6701   3.0855
  1.5190  -0.6804   3.0811
  1.5193  -0.6906   3.0769
  1.5196  -0.7009   3.0728
  1.5199  -0.7112   3.0690
  1.5203  -0.7215   3.0655
  1.5206  -0.7318   3.0625
  1.5209  -0.7421   3.0602
  1.5212  -0.7524   3.0590
  1.5214  -0.7627   3.0593
  1.5217  -0.7730   3.0615
  1.5146  -0.7784   3.1090
  1.5139  -0.7616   2.9779
  1.5132  -0.7446   2.8490
  1.5125  -0.7275   2.7221
  1.5118  -0.7102   2.5972
  1.5111  -0.6927   2.4742
  1.5104  -0.6751   2.3530
  1.5097  -0.6574   2.2336
  1.5089  -0.6395   2.1160
  1.5082  -0.6215   2.0001
  1.5075  -0.6033   1.8859
  1.5067  -0.5851   1.7733
  1.5060  -0.5667   1.6624
  1.5052  -0.5482   1.5531
  1.5045  -0.5296   1.4454
  1.5037  -0.5108   1.3393
  1.5030  -0.4920   1.2348
  1.5022  -0.4730   1.1318
  1.5015  -0.4540   1.0304
  1.5008  -0.4348   0.9305
  1.5000  -0.4155   0.8322
  1.4993  -0.3962   0.7355
  1.4986  -0.3767   0.6402
  1.4979  -0.3571   0.5465
  1.4973  -0.3375   0.4544
  1.4966  -0.3177   0.3638
  1.4960  -0.2979   0.2747
  1.4953  -0.2779   0.1871
  1.4947  -0.2579   0.1011
  1.4941  -0.2378   0.0166
  1.4936  -0.2175  -0.0664
  1.4930  -0.1973  -0.1478
  1.4925  -0.1769  -0.2277
  1.4920  -0.1564  -0.3061
  1.4916  -0.1359  -0.3830
  1.4912  -0.1153  -0.4584
  1.4908  -0.0946  -0.5323
  1.4904  -0.0738  -0.6047
  1.4901  -0.0530  -0.6756
  1.4899  -0.0322  -0.7452
  1.4897  -0.0112  -0.8134
  1.4896   0.0097  -0.8804
  1.4895   0.0307  -0.9461
  1.4896   0.0517  -1.0109
  1.4897   0.0728  -1.0748
  1.4901   0.0938  -1.1379
  1.4905   0.1148  -1.2003
  1.4911   0.1357  -1.2620
  1.4918   0.1566  -1.3230
  1.4927   0.1775  -1.3835
  1.4938   0.1984  -1.4434
  1.4950   0.2192  -1.5030
  1.4963   0.2399  -1.5618
  1.4978   0.2606  -1.6200
  1.4995   0.2813  -1.6778
  1.5013   0.3019  -1.7347
  1.5033   0.3225  -1.7910
  1.5053   0.3430  -1.8466
  1.5076   0.3635  -1.9016
  1.5099   0.3839  -1.9559
  1.5124   0.4044  -2.0095
  1.5150   0.4247  -2.0624
  1.5178   0.4451  -2.1145
  1.5206   0.4654  -2.1658
  1.5236   0.4856  -2.2164
  1.5267   0.5058  -2.2662
  1.5300   0.5260  -2.3153
  1.5333   0.5462  -2.3635
  1.5368   0.5663  -2.4108
  1.5403   0.5864  -2.4573
  1.5440   0.6065  -2.5029
  1.5477   0.6266  -2.5477
  1.5516   0.6466  -2.5915
  1.5556   0.6666  -2.6346
  1.5596   0.6867  -2.6765
  1.5639   0.7065  -2.7188
  1.5682   0.7266  -2.7588
  1.5725   0.7466  -2.7977
  1.5769   0.7666  -2.8357
  1.5814   0.7866  -2.8726
  1.5814   0.7866  -2.8726
  1.5737   0.7739  -2.7720
  1.5675   0.7623  -2.6840
  1.5624   0.7517  -2.6064
  1.5582   0.7416  -2.5373
  1.5546   0.7320  -2.4755
  1.5515   0.7227  -2.4196
  1.5487   0.7136  -2.3691
  1.5462   0.7046  -2.3231
  1.5440   0.6956  -2.2813
  1.5418   0.6866  -2.2432
  1.5398   0.6777  -2.2086
  1.5379   0.6686  -2.1771
  1.5361   0.6595  -2.1486
  1.5343   0.6504  -2.1229
  1.5326   0.6411  -2.0998
  1.5309   0.6318  -2.0792
  1.5292   0.6223  -2.0610
  1.5276   0.6128  -2.0451
  1.5261   0.6032  -2.0314
  1.5245   0.5935  -2.0198
  1.5231   0.5837  -2.0101
  1.5216   0.5738  -2.0024
  1.5202   0.5638  -1.9965
  1.5189   0.5538  -1.9923
  1.5176   0.5437  -1.9898
  1.5164   0.5335  -1.9889
  1.5152   0.5233  -1.9894
  1.5141   0.5130  -1.9915
  1.5130   0.5026  -1.9948
  1.5120   0.4923  -1.9995
  1.5111   0.4818  -2.0054
  1.5103   0.4714  -2.0124
  1.5095   0.4609  -2.0205
  1.5088   0.4504  -2.0296
  1.5082   0.4399  -2.0397
  1.5077   0.4293  -2.0506
  1.5072   0.4188  -2.0624
  1.5068   0.4082  -2.0749
  1.5065   0.3977  -2.0882
  1.5063   0.3872  -2.1020
  1.5062   0.3767  -2.1165
  1.5061   0.3662  -2.1315
  1.5061   0.3557  -2.1470
  1.5062   0.3452  -2.1629
  1.5064   0.3348  -2.1792
  1.5067   0.3244  -2.1959
  1.5070   0.3140  -2.2128
  1.5074   0.3037  -2.2300
  1.5079   0.2934  -2.2475
  1.5084   0.2832  -2.2651
  1.5090   0.2730  -2.2829
  1.5097   0.2629  -2.3008
  1.5104   0.2527  -2.3187
  1.5112   0.2427  -2.3368
  1.5120   0.2327  -2.3548
  1.5129   0.2227  -2.3729
  1.5138   0.2128  -2.3910
  1.5148   0.2029  -2.4090
  1.5158   0.1931  -2.4269
  1.5168   0.1833  -2.4448
  1.5179   0.1735  -2.4625
  1.5190   0.1638  -2.4801
  1.5202   0.1542  -2.4976
  1.5213   0.1446  -2.5150
  1.5225   0.1350  -2.5322
  1.5237   0.1254  -2.5492
  1.5249   0.1159  -2.5660
  1.5262   0.1064  -2.5826
  1.5274   0.0969  -2.5990
  1.5286   0.0875  -2.6152
  1.5299   0.0780  -2.6311
  1.5311   0.0686  -2.6468
  1.5323   0.0592  -2.6623
  1.5335   0.0498  -2.6774
  1.5347   0.0405  -2.6923
  1.5359   0.0311  -2.7069
  1.5371   0.0217  -2.7212
  1.5383   0.0123  -2.7352
  1.5394   0.0029  -2.7489
  1.5406  -0.0065  -2.7622
  1.5417  -0.0159  -2.7752
  1.5427  -0.0254  -2.7878
  1.5438  -0.0348  -2.8000
  1.5448  -0.0443  -2.8118
  1.5458  -0.0538  -2.8232
  1.5467  -0.0634  -2.8341
  1.5476  -0.0729  -2.8446
  1.5485  -0.0826  -2.8546
  1.5493  -0.0922  -2.8641
  1.5501  -0.1019  -2.8730
  1.5509  -0.1117  -2.8814
  1.5516  -0.1214  -2.8893
  1.5522  -0.1313  -2.8965
  1.5529  -0.1412  -2.9031
  1.5534  -0.1511  -2.9090
  1.5540  -0.1611  -2.9142
  1.5544  -0.1711  -2.9187
  1.5549  -0.1812  -2.9224
  1.5553  -0.1914  -2.9253
  1.5556  -0.2016  -2.9275
  1.5559  -0.2119  -2.9287
  1.5561  -0.2222  -2.9291
  1.5563  -0.2327  -2.9286
  1.5565  -0.2431  -2.9271
  1.5565  -0.2537  -2.9247
  1.5566  -0.2643  -2.9214
  1.5566  -0.2750  -2.9171
  1.5565  -0.2858  -2.9119
  1.5565  -0.2967  -2.9059
  1.5563  -0.3077  -2.8992
  1.5562  -0.3189  -2.8918
  1.5561  -0.3302  -2.8842
  1.5559  -0.3418  -2.8765
  1.5559  -0.3536  -2.8694
  1.5559  -0.3657  -2.8635
  1.5560  -0.3783  -2.8598
  1.5564  -0.3914  -2.8599
  1.5572  -0.4054  -2.8657
