  0.6500  -1.5690   0.6000  -1.8000
  0.6500  -1.5690   0.6000  -1.8000
  0.6500  -1.5689   0.6001  -1.8000
  0.6501  -1.5688   0.6002  -1.8001
  0.6502  -1.5686   0.6005  -1.8002
  0.6503  -1.5683   0.6008  -1.8004
  0.6505  -1.5679   0.6012  -1.8006
  0.6507  -1.5674   0.6017  -1.8009
  0.6510  -1.5669   0.6023  -1.8011
  0.6513  -1.5663   0.6030  -1.8015
  0.6516  -1.5656   0.6037  -1.8019
  0.6519  -1.5648   0.6046  -1.8023
  0.6523  -1.5640   0.6055  -1.8027
  0.6528  -1.5631   0.6065  -1.8032
  0.6532  -1.5621   0.6076  -1.8038
  0.6537  -1.5611   0.6087  -1.8043
  0.6542  -1.5600   0.6099  -1.8049
  0.6548  -1.5589   0.6112  -1.8056
  0.6553  -1.5576   0.6125  -1.8062
  0.6559  -1.5564   0.6140  -1.8069
  0.6566  -1.5550   0.6154  -1.8076
  0.6572  -1.5537   0.6170  -1.8084
  0.6579  -1.5522   0.6186  -1.8091
  0.6586  -1.5507   0.6202  -1.8099
  0.6593  -1.5492   0.6219  -1.8107
  0.6600  -1.5476   0.6237  -1.8116
  0.6608  -1.5460   0.6255  -1.8124
  0.6616  -1.5443   0.6274  -1.8133
  0.6624  -1.5426   0.6293  -1.8142
  0.6632  -1.5408   0.6312  -1.8151
  0.6640  -1.5390   0.6333  -1.8160
  0.6649  -1.5372   0.6353  -1.8169
  0.6658  -1.5353   0.6374  -1.8179
  0.6666  -1.5334   0.6395  -1.8188
  0.6675  -1.5315   0.6417  -1.8198
  0.6684  -1.5295   0.6439  -1.8208
  0.6694  -1.5275   0.6462  -1.8217
  0.6703  -1.5254   0.6484  -1.8227
  0.6712  -1.5234   0.6507  -1.8237
  0.6722  -1.5213   0.6531  -1.8247
  0.6731  -1.5192   0.6555  -1.8257
  0.6741  -1.5170   0.6579  -1.8267
  0.6751  -1.5149   0.6603  -1.8277
  0.6761  -1.5127   0.6627  -1.8287
  0.6771  -1.5105   0.6652  -1.8297
  0.6780  -1.5082   0.6677  -1.8307
  0.6790  -1.5060   0.6702  -1.8317
  0.6800  -1.5037   0.6727  -1.8327
  0.6811  -1.5015   0.6752  -1.8337
  0.6821  -1.4992   0.6778  -1.8347
  0.6831  -1.4969   0.6804  -1.8357
  0.6841  -1.4946   0.6830  -1.8366
  0.6851  -1.4923   0.6855  -1.8376
  0.6861  -1.4899   0.6881  -1.8385
  0.6871  -1.4876   0.6907  -1.8394
  0.6882  -1.4853   0.6934  -1.8403
  0.6892  -1.4829   0.6960  -1.8412
  0.6902  -1.4806   0.6986  -1.8421
  0.6912  -1.4783   0.7012  -1.8430
  0.6922  -1.4759   0.7038  -1.8439
  0.6932  -1.4736   0.7064  -1.8447
  0.6942  -1.4713   0.7090  -1.8455
  0.6952  -1.4689   0.7117  -1.8463
  0.6962  -1.4666   0.7143  -1.8471
  0.6972  -1.4643   0.7168  -1.8478
  0.6982  -1.4620   0.7194  -1.8486
  0.6992  -1.4597   0.7220  -1.8493
  0.7002  -1.4574   0.7245  -1.8499
  0.7012  -1.4552   0.7271  -1.8506
  0.7021  -1.4529   0.7296  -1.8512
  0.7031  -1.4507   0.7321  -1.8518
  0.7040  -1.4484   0.7346  -1.8524
  0.7050  -1.4462   0.7371  -1.8529
  0.7059  -1.4439   0.7396  -1.8535
  0.7068  -1.4417   0.7420  -1.8539
  0.7078  -1.4395   0.7445  -1.8544
  0.7087  -1.4373   0.7469  -1.8548
  0.7096  -1.4352   0.7493  -1.8552
  0.7105  -1.4330   0.7517  -1.8556
  0.7114  -1.4309   0.7540  -1.8559
  0.7123  -1.4287   0.7564  -1.8563
  0.7131  -1.4266   0.7587  -1.8565
  0.7140  -1.4245   0.7610  -1.8568
  0.7148  -1.4224   0.7632  -1.8570
  0.7157  -1.4204   0.7655  -1.8572
  0.7165  -1.4183   0.7677  -1.8573
  0.7174  -1.4163   0.7699  -1.8574
  0.7182  -1.4143   0.7720  -1.8575
  0.7190  -1.4123   0.7741  -1.8575
  0.7198  -1.4103   0.7762  -1.8575
  0.7206  -1.4084   0.7783  -1.8575
  0.7214  -1.4064   0.7804  -1.8574
  0.7221  -1.4045   0.7824  -1.8573
  0.7229  -1.4026   0.7843  -1.8572
  0.7236  -1.4008   0.7863  -1.8570
  0.7244  -1.3989   0.7882  -1.8567
  0.7251  -1.3971   0.7901  -1.8565
  0.7258  -1.3953   0.7919  -1.8562
  0.7265  -1.3936   0.7937  -1.8558
  0.7272  -1.3919   0.7955  -1.8554
  0.7279  -1.3902   0.7972  -1.8550
  0.7286  -1.3885   0.7989  -1.8545
  0.7293  -1.3869   0.8005  -1.8540
  0.7299  -1.3853   0.8021  -1.8535
  0.7306  -1.3838   0.8036  -1.8529
  0.7312  -1.3823   0.8051  -1.8522
  0.7318  -1.3808   0.8066  -1.8516
  0.7325  -1.3794   0.8080  -1.8508
  0.7331  -1.3780   0.8094  -1.8501
  0.7337  -1.3766   0.8107  -1.8492
  0.7343  -1.3753   0.8120  -1.8484
  0.7348  -1.3740   0.8132  -1.8474
  0.7354  -1.3728   0.8143  -1.8465
  0.7360  -1.3716   0.8154  -1.8455
  0.7365  -1.3705   0.8165  -1.8444
  0.7370  -1.3694   0.8175  -1.8433
  0.7375  -1.3683   0.8184  -1.8421
  0.7381  -1.3673   0.8193  -1.8409
  0.7386  -1.3664   0.8201  -1.8396
  0.7390  -1.3655   0.8209  -1.8383
  0.7390  -1.3655   0.8209  -1.8383
  0.7395  -1.3646   0.8216  -1.8369
  0.7403  -1.3652   0.8223  -1.8356
  0.7413  -1.3671   0.8231  -1.8342
  0.7426  -1.3703   0.8238  -1.8329
  0.7442  -1.3747   0.8246  -1.8316
  0.7460  -1.3800   0.8255  -1.8304
  0.7480  -1.3862   0.8263  -1.8291
  0.7502  -1.3932   0.8272  -1.8279
  0.7526  -1.4009   0.8281  -1.8267
  0.7552  -1.4092   0.8290  -1.8255
  0.7580  -1.4181   0.8299  -1.8243
  0.7609  -1.4274   0.8309  -1.8232
  0.7640  -1.4371   0.8319  -1.8221
  0.7671  -1.4471   0.8330  -1.8210
  0.7705  -1.4575   0.8340  -1.8199
  0.7739  -1.4682   0.8351  -1.8188
  0.7775  -1.4790   0.8363  -1.8177
  0.7811  -1.4901   0.8374  -1.8167
  0.7849  -1.5014   0.8386  -1.8156
  0.7888  -1.5127   0.8398  -1.8146
  0.7927  -1.5243   0.8410  -1.8136
  0.7967  -1.5358   0.8423  -1.8126
  0.8009  -1.5475   0.8436  -1.8117
  0.8051  -1.5592   0.8449  -1.8107
  0.8094  -1.5710   0.8462  -1.8098
  0.8137  -1.5828   0.8476  -1.8088
  0.8181  -1.5946   0.8490  -1.8079
  0.8226  -1.6064   0.8504  -1.8070
  0.8271  -1.6183   0.8519  -1.8061
  0.8317  -1.6300   0.8533  -1.8052
  0.8364  -1.6418   0.8548  -1.8043
  0.8411  -1.6536   0.8564  -1.8034
  0.8458  -1.6653   0.8579  -1.8025
  0.8506  -1.6769   0.8595  -1.8016
  0.8554  -1.6885   0.8610  -1.8007
  0.8603  -1.7001   0.8626  -1.7999
  0.8652  -1.7116   0.8643  -1.7990
  0.8701  -1.7230   0.8659  -1.7981
  0.8750  -1.7344   0.8676  -1.7973
  0.8800  -1.7456   0.8693  -1.7964
  0.8850  -1.7569   0.8710  -1.7955
  0.8900  -1.7680   0.8727  -1.7947
  0.8951  -1.7790   0.8744  -1.7938
  0.9001  -1.7900   0.8761  -1.7929
  0.9051  -1.8009   0.8779  -1.7920
  0.9102  -1.8117   0.8797  -1.7911
  0.9153  -1.8224   0.8815  -1.7902
  0.9203  -1.8330   0.8833  -1.7893
  0.9254  -1.8435   0.8851  -1.7884
  0.9304  -1.8540   0.8869  -1.7875
  0.9355  -1.8643   0.8888  -1.7866
  0.9405  -1.8746   0.8906  -1.7856
  0.9455  -1.8847   0.8925  -1.7847
  0.9505  -1.8947   0.8944  -1.7837
  0.9555  -1.9047   0.8962  -1.7827
  0.9604  -1.9145   0.8981  -1.7817
  0.9654  -1.9243   0.9000  -1.7807
  0.9702  -1.9339   0.9019  -1.7797
  0.9751  -1.9435   0.9038  -1.7786
  0.9799  -1.9529   0.9057  -1.7776
  0.9847  -1.9622   0.9076  -1.7765
  0.9894  -1.9715   0.9096  -1.7754
  0.9940  -1.9806   0.9115  -1.7742
  0.9987  -1.9896   0.9134  -1.7731
  1.0032  -1.9985   0.9153  -1.7719
  1.0077  -2.0073   0.9172  -1.7707
  1.0121  -2.0160   0.9192  -1.7695
  1.0165  -2.0246   0.9211  -1.7682
  1.0208  -2.0331   0.9230  -1.7670
  1.0250  -2.0415   0.9249  -1.7657
  1.0291  -2.0497   0.9268  -1.7643
  1.0331  -2.0578   0.9287  -1.7629
  1.0371  -2.0658   0.9306  -1.7615
  1.0410  -2.0737   0.9325  -1.7601
  1.0447  -2.0815   0.9344  -1.7586
  1.0484  -2.0891   0.9363  -1.7571
  1.0519  -2.0966   0.9381  -1.7556
  1.0554  -2.1039   0.9400  -1.7540
  1.0587  -2.1111   0.9418  -1.7524
  1.0620  -2.1182   0.9436  -1.7507
  1.0651  -2.1251   0.9454  -1.7490
  1.0680  -2.1318   0.9472  -1.7473
  1.0709  -2.1383   0.9490  -1.7455
  1.0736  -2.1446   0.9508  -1.7436
  1.0762  -2.1508   0.9525  -1.7418
  1.0786  -2.1567   0.9542  -1.7398
  1.0809  -2.1624   0.9559  -1.7378
  1.0831  -2.1678   0.9576  -1.7358
  1.0851  -2.1730   0.9592  -1.7337
  1.0869  -2.1778   0.9609  -1.7316
  1.0886  -2.1824   0.9625  -1.7294
  1.0901  -2.1866   0.9640  -1.7272
  1.0914  -2.1904   0.9656  -1.7249
  1.0926  -2.1938   0.9671  -1.7225
  1.0936  -2.1968   0.9686  -1.7201
  1.0944  -2.1993   0.9700  -1.7176
  1.0950  -2.2012   0.9715  -1.7151
  1.0954  -2.2026   0.9729  -1.7125
  1.0957  -2.2033   0.9742  -1.7098
  1.0957  -2.2033   0.9742  -1.7098
  1.0957  -2.2033   0.9755  -1.7071
  1.0958  -2.2028   0.9768  -1.7043
  1.0958  -2.2018   0.9782  -1.7015
  1.0958  -2.2005   0.9795  -1.6987
  1.0959  -2.1988   0.9808  -1.6958
  1.0959  -2.1968   0.9821  -1.6929
  1.0959  -2.1945   0.9834  -1.6900
  1.0959  -2.1920   0.9847  -1.6870
  1.0959  -2.1892   0.9859  -1.6840
  1.0959  -2.1863   0.9872  -1.6809
  1.0959  -2.1832   0.9884  -1.6778
  1.0959  -2.1800   0.9897  -1.6747
  1.0960  -2.1767   0.9909  -1.6715
  1.0960  -2.1733   0.9921  -1.6683
  1.0960  -2.1698   0.9933  -1.6651
  1.0960  -2.1663   0.9944  -1.6618
  1.0961  -2.1627   0.9956  -1.6584
  1.0961  -2.1590   0.9967  -1.6550
  1.0961  -2.1553   0.9978  -1.6516
  1.0962  -2.1517   0.9989  -1.6481
  1.0963  -2.1480   0.9999  -1.6446
  1.0964  -2.1443   1.0009  -1.6410
  1.0964  -2.1406   1.0019  -1.6373
  1.0965  -2.1369   1.0029  -1.6336
  1.0967  -2.1333   1.0038  -1.6299
  1.0968  -2.1297   1.0047  -1.6261
  1.0969  -2.1261   1.0056  -1.6222
  1.0971  -2.1226   1.0064  -1.6183
  1.0973  -2.1191   1.0072  -1.6143
  1.0974  -2.1156   1.0079  -1.6103
  1.0976  -2.1123   1.0087  -1.6062
  1.0979  -2.1089   1.0093  -1.6020
  1.0981  -2.1057   1.0100  -1.5978
  1.0983  -2.1025   1.0106  -1.5935
  1.0986  -2.0993   1.0111  -1.5891
  1.0989  -2.0963   1.0116  -1.5847
  1.0992  -2.0933   1.0121  -1.5802
  1.0995  -2.0903   1.0125  -1.5756
  1.0998  -2.0875   1.0128  -1.5710
  1.1001  -2.0847   1.0131  -1.5663
  1.1005  -2.0821   1.0134  -1.5615
  1.1009  -2.0795   1.0135  -1.5566
  1.1012  -2.0770   1.0137  -1.5516
  1.1016  -2.0745   1.0137  -1.5466
  1.1021  -2.0722   1.0137  -1.5415
  1.1025  -2.0699   1.0137  -1.5363
  1.1029  -2.0678   1.0136  -1.5310
  1.1034  -2.0657   1.0134  -1.5256
  1.1038  -2.0638   1.0131  -1.5201
  1.1043  -2.0619   1.0128  -1.5146
  1.1048  -2.0601   1.0124  -1.5089
  1.1053  -2.0584   1.0119  -1.5031
  1.1058  -2.0568   1.0114  -1.4973
  1.1063  -2.0553   1.0107  -1.4913
  1.1068  -2.0539   1.0100  -1.4853
  1.1073  -2.0526   1.0092  -1.4791
  1.1078  -2.0514   1.0084  -1.4728
  1.1083  -2.0503   1.0074  -1.4664
  1.1088  -2.0493   1.0063  -1.4599
  1.1093  -2.0483   1.0052  -1.4533
  1.1098  -2.0475   1.0039  -1.4465
  1.1103  -2.0467   1.0026  -1.4397
  1.1108  -2.0461   1.0011  -1.4327
  1.1113  -2.0455   0.9996  -1.4256
  1.1118  -2.0450   0.9979  -1.4183
  1.1123  -2.0445   0.9962  -1.4109
  1.1127  -2.0442   0.9943  -1.4034
  1.1131  -2.0439   0.9923  -1.3957
  1.1135  -2.0437   0.9902  -1.3879
  1.1139  -2.0435   0.9880  -1.3800
  1.1143  -2.0434   0.9856  -1.3718
  1.1146  -2.0433   0.9832  -1.3636
  1.1149  -2.0433   0.9806  -1.3551
  1.1152  -2.0433   0.9778  -1.3465
  1.1154  -2.0434   0.9749  -1.3377
  1.1156  -2.0434   0.9719  -1.3288
  1.1158  -2.0435   0.9688  -1.3196
  1.1159  -2.0435   0.9655  -1.3103
  1.1159  -2.0435   0.9620  -1.3008
  1.1159  -2.0435   0.9620  -1.3008
  1.1159  -2.0435   0.9584  -1.2911
  1.1158  -2.0438   0.9555  -1.2856
  1.1154  -2.0442   0.9531  -1.2834
  1.1150  -2.0448   0.9513  -1.2839
  1.1143  -2.0455   0.9498  -1.2865
  1.1136  -2.0463   0.9486  -1.2906
  1.1126  -2.0472   0.9477  -1.2960
  1.1116  -2.0481   0.9470  -1.3024
  1.1103  -2.0490   0.9465  -1.3095
  1.1090  -2.0499   0.9462  -1.3173
  1.1075  -2.0508   0.9460  -1.3254
  1.1059  -2.0517   0.9458  -1.3340
  1.1042  -2.0525   0.9458  -1.3428
  1.1023  -2.0533   0.9459  -1.3518
  1.1004  -2.0541   0.9460  -1.3610
  1.0983  -2.0549   0.9461  -1.3703
  1.0961  -2.0555   0.9463  -1.3797
  1.0938  -2.0562   0.9466  -1.3892
  1.0915  -2.0567   0.9469  -1.3987
  1.0890  -2.0572   0.9471  -1.4083
  1.0865  -2.0577   0.9475  -1.4179
  1.0838  -2.0580   0.9478  -1.4275
  1.0811  -2.0583   0.9481  -1.4371
  1.0783  -2.0585   0.9485  -1.4467
  1.0755  -2.0587   0.9488  -1.4563
  1.0726  -2.0587   0.9491  -1.4660
  1.0696  -2.0587   0.9494  -1.4756
  1.0666  -2.0586   0.9497  -1.4852
  1.0635  -2.0584   0.9500  -1.4948
  1.0604  -2.0582   0.9503  -1.5044
  1.0572  -2.0578   0.9506  -1.5140
  1.0540  -2.0574   0.9508  -1.5236
  1.0507  -2.0569   0.9510  -1.5331
  1.0474  -2.0563   0.9511  -1.5427
  1.0441  -2.0556   0.9512  -1.5522
  1.0408  -2.0548   0.9513  -1.5618
  1.0374  -2.0539   0.9514  -1.5713
  1.0340  -2.0529   0.9514  -1.5808
  1.0306  -2.0519   0.9513  -1.5903
  1.0272  -2.0507   0.9512  -1.5998
  1.0238  -2.0495   0.9511  -1.6092
  1.0203  -2.0481   0.9509  -1.6187
  1.0169  -2.0467   0.9507  -1.6281
  1.0134  -2.0452   0.9503  -1.6375
  1.0100  -2.0436   0.9500  -1.6470
  1.0066  -2.0419   0.9496  -1.6563
  1.0031  -2.0401   0.9491  -1.6657
  0.9997  -2.0382   0.9485  -1.6751
  0.9963  -2.0363   0.9479  -1.6844
  0.9929  -2.0342   0.9472  -1.6937
  0.9896  -2.0320   0.9465  -1.7030
  0.9862  -2.0298   0.9457  -1.7123
  0.9829  -2.0275   0.9448  -1.7215
  0.9796  -2.0250   0.9439  -1.7307
  0.9763  -2.0225   0.9429  -1.7399
  0.9730  -2.0199   0.9418  -1.7491
  0.9698  -2.0172   0.9406  -1.7582
  0.9666  -2.0144   0.9394  -1.7673
  0.9635  -2.0116   0.9381  -1.7764
  0.9603  -2.0086   0.9367  -1.7855
  0.9573  -2.0056   0.9353  -1.7945
  0.9542  -2.0025   0.9337  -1.8035
  0.9512  -1.9993   0.9322  -1.8124
  0.9483  -1.9960   0.9305  -1.8213
  0.9453  -1.9926   0.9288  -1.8302
  0.9425  -1.9891   0.9270  -1.8391
  0.9397  -1.9856   0.9251  -1.8479
  0.9369  -1.9820   0.9232  -1.8566
  0.9342  -1.9783   0.9212  -1.8654
  0.9315  -1.9745   0.9191  -1.8741
  0.9288  -1.9707   0.9170  -1.8827
  0.9263  -1.9667   0.9148  -1.8913
  0.9237  -1.9627   0.9126  -1.8998
  0.9213  -1.9586   0.9103  -1.9083
  0.9189  -1.9545   0.9079  -1.9168
  0.9165  -1.9502   0.9055  -1.9252
  0.9142  -1.9459   0.9031  -1.9335
  0.9119  -1.9416   0.9005  -1.9418
  0.9097  -1.9371   0.8980  -1.9501
  0.9076  -1.9326   0.8954  -1.9582
  0.9055  -1.9280   0.8927  -1.9664
  0.9035  -1.9234   0.8901  -1.9744
  0.9015  -1.9187   0.8873  -1.9825
  0.8996  -1.9139   0.8846  -1.9904
  0.8977  -1.9091   0.8818  -1.9983
  0.8959  -1.9042   0.8790  -2.0061
  0.8942  -1.8992   0.8762  -2.0139
  0.8925  -1.8942   0.8734  -2.0216
  0.8909  -1.8891   0.8706  -2.0293
  0.8893  -1.8840   0.8677  -2.0368
  0.8877  -1.8788   0.8649  -2.0444
  0.8863  -1.8735   0.8620  -2.0518
  0.8848  -1.8683   0.8592  -2.0592
  0.8835  -1.8629   0.8564  -2.0665
  0.8822  -1.8575   0.8536  -2.0737
  0.8809  -1.8521   0.8508  -2.0809
  0.8797  -1.8466   0.8481  -2.0880
  0.8785  -1.8411   0.8453  -2.0950
  0.8774  -1.8355   0.8427  -2.1019
  0.8763  -1.8299   0.8401  -2.1088
  0.8753  -1.8243   0.8375  -2.1156
  0.8743  -1.8187   0.8350  -2.1223
  0.8734  -1.8130   0.8326  -2.1288
  0.8725  -1.8074   0.8303  -2.1353
  0.8717  -1.8017   0.8280  -2.1417
  0.8709  -1.7961   0.8258  -2.1480
  0.8701  -1.7905   0.8238  -2.1541
  0.8694  -1.7850   0.8218  -2.1601
  0.8688  -1.7795   0.8200  -2.1659
  0.8681  -1.7741   0.8183  -2.1715
  0.8676  -1.7689   0.8167  -2.1769
  0.8670  -1.7639   0.8152  -2.1821
  0.8665  -1.7590   0.8139  -2.1869
  0.8661  -1.7545   0.8128  -2.1914
  0.8657  -1.7504   0.8119  -2.1954
  0.8654  -1.7468   0.8111  -2.1990
  0.8651  -1.7438   0.8105  -2.2018
  0.8651  -1.7438   0.8105  -2.2018
  0.8714  -1.7493   0.8100  -2.2039
  0.8778  -1.7546   0.8098  -2.2062
  0.8841  -1.7595   0.8098  -2.2085
  0.8903  -1.7641   0.8100  -2.2110
  0.8966  -1.7685   0.8105  -2.2136
  0.9028  -1.7725   0.8111  -2.2162
  0.9089  -1.7763   0.8120  -2.2189
  0.9151  -1.7798   0.8131  -2.2217
  0.9211  -1.7830   0.8143  -2.2245
  0.9272  -1.7859   0.8158  -2.2274
  0.9332  -1.7885   0.8174  -2.2303
  0.9391  -1.7909   0.8192  -2.2332
  0.9450  -1.7930   0.8212  -2.2362
  0.9509  -1.7949   0.8233  -2.2391
  0.9567  -1.7964   0.8256  -2.2421
  0.9624  -1.7977   0.8280  -2.2450
  0.9681  -1.7988   0.8306  -2.2480
  0.9737  -1.7996   0.8334  -2.2509
  0.9793  -1.8001   0.8362  -2.2538
  0.9848  -1.8004   0.8392  -2.2567
  0.9902  -1.8004   0.8423  -2.2596
  0.9956  -1.8002   0.8456  -2.2625
  1.0008  -1.7997   0.8489  -2.2653
  1.0060  -1.7990   0.8523  -2.2682
  1.0112  -1.7981   0.8559  -2.2709
  1.0162  -1.7969   0.8595  -2.2737
  1.0212  -1.7954   0.8633  -2.2764
  1.0261  -1.7938   0.8671  -2.2791
  1.0309  -1.7918   0.8710  -2.2818
  1.0356  -1.7897   0.8749  -2.2844
  1.0402  -1.7873   0.8790  -2.2870
  1.0447  -1.7847   0.8831  -2.2896
  1.0491  -1.7818   0.8872  -2.2921
  1.0534  -1.7788   0.8914  -2.2946
  1.0577  -1.7755   0.8957  -2.2970
  1.0618  -1.7719   0.8999  -2.2994
  1.0658  -1.7682   0.9043  -2.3018
  1.0697  -1.7642   0.9086  -2.3041
  1.0736  -1.7600   0.9130  -2.3064
  1.0773  -1.7556   0.9174  -2.3086
  1.0809  -1.7509   0.9218  -2.3108
  1.0843  -1.7460   0.9262  -2.3130
  1.0877  -1.7409   0.9306  -2.3151
  1.0910  -1.7356   0.9350  -2.3172
  1.0941  -1.7301   0.9394  -2.3192
  1.0972  -1.7244   0.9438  -2.3212
  1.1001  -1.7184   0.9481  -2.3231
  1.1029  -1.7122   0.9525  -2.3251
  1.1055  -1.7058   0.9568  -2.3269
  1.1081  -1.6992   0.9610  -2.3288
  1.1105  -1.6924   0.9652  -2.3305
  1.1128  -1.6853   0.9694  -2.3323
  1.1150  -1.6781   0.9735  -2.3340
  1.1170  -1.6706   0.9775  -2.3357
  1.1189  -1.6629   0.9815  -2.3373
  1.1207  -1.6550   0.9853  -2.3389
  1.1224  -1.6469   0.9891  -2.3404
  1.1239  -1.6385   0.9928  -2.3419
  1.1253  -1.6300   0.9964  -2.3433
  1.1266  -1.6212   0.9999  -2.3448
  1.1277  -1.6122   1.0033  -2.3461
  1.1287  -1.6029   1.0066  -2.3474
  1.1296  -1.5935   1.0098  -2.3487
  1.1303  -1.5838   1.0128  -2.3499
  1.1309  -1.5739   1.0157  -2.3511
  1.1314  -1.5638   1.0184  -2.3522
  1.1317  -1.5535   1.0210  -2.3533
  1.1319  -1.5429   1.0235  -2.3543
  1.1319  -1.5321   1.0257  -2.3553
  1.1318  -1.5210   1.0278  -2.3562
  1.1315  -1.5097   1.0298  -2.3570
  1.1311  -1.4982   1.0315  -2.3578
  1.1305  -1.4864   1.0330  -2.3585
  1.1298  -1.4744   1.0344  -2.3591
  1.1290  -1.4621   1.0355  -2.3597
  1.1280  -1.4496   1.0364  -2.3601
  1.1268  -1.4368   1.0372  -2.3605
  1.1254  -1.4237   1.0376  -2.3607
  1.1240  -1.4104   1.0379  -2.3609
  1.1240  -1.4104   1.0379  -2.3609
  1.1223  -1.3968   1.0379  -2.3609
  1.1212  -1.3876   1.0374  -2.3605
  1.1205  -1.3819   1.0365  -2.3600
  1.1202  -1.3791   1.0352  -2.3592
  1.1202  -1.3786   1.0336  -2.3583
  1.1205  -1.3800   1.0315  -2.3571
  1.1210  -1.3829   1.0291  -2.3559
  1.1216  -1.3870   1.0264  -2.3545
  1.1224  -1.3921   1.0234  -2.3531
  1.1233  -1.3979   1.0201  -2.3515
  1.1243  -1.4044   1.0164  -2.3498
  1.1254  -1.4113   1.0126  -2.3480
  1.1266  -1.4186   1.0084  -2.3461
  1.1278  -1.4263   1.0041  -2.3442
  1.1290  -1.4341   0.9995  -2.3421
  1.1303  -1.4422   0.9947  -2.3400
  1.1316  -1.4504   0.9896  -2.3377
  1.1329  -1.4588   0.9844  -2.3354
  1.1342  -1.4672   0.9791  -2.3329
  1.1356  -1.4757   0.9735  -2.3304
  1.1369  -1.4842   0.9678  -2.3278
  1.1382  -1.4928   0.9619  -2.3251
  1.1396  -1.5014   0.9559  -2.3222
  1.1409  -1.5100   0.9498  -2.3193
  1.1422  -1.5186   0.9436  -2.3162
  1.1435  -1.5273   0.9372  -2.3131
  1.1448  -1.5359   0.9308  -2.3099
  1.1461  -1.5445   0.9242  -2.3065
  1.1473  -1.5532   0.9176  -2.3030
  1.1486  -1.5618   0.9109  -2.2994
  1.1498  -1.5704   0.9042  -2.2957
  1.1510  -1.5790   0.8974  -2.2919
  1.1521  -1.5875   0.8905  -2.2880
  1.1533  -1.5961   0.8836  -2.2840
  1.1544  -1.6046   0.8767  -2.2798
  1.1555  -1.6132   0.8697  -2.2756
  1.1565  -1.6217   0.8627  -2.2712
  1.1575  -1.6302   0.8557  -2.2667
  1.1585  -1.6386   0.8487  -2.2621
  1.1594  -1.6471   0.8417  -2.2574
  1.1603  -1.6555   0.8347  -2.2525
  1.1612  -1.6640   0.8277  -2.2476
  1.1620  -1.6724   0.8207  -2.2425
  1.1628  -1.6808   0.8138  -2.2373
  1.1635  -1.6891   0.8069  -2.2320
  1.1642  -1.6975   0.8000  -2.2266
  1.1649  -1.7058   0.7931  -2.2210
  1.1655  -1.7141   0.7863  -2.2154
  1.1660  -1.7224   0.7795  -2.2096
  1.1665  -1.7306   0.7728  -2.2037
  1.1670  -1.7389   0.7661  -2.1977
  1.1674  -1.7471   0.7595  -2.1915
  1.1678  -1.7553   0.7530  -2.1853
  1.1681  -1.7635   0.7465  -2.1790
  1.1684  -1.7716   0.7401  -2.1725
  1.1686  -1.7798   0.7338  -2.1659
  1.1688  -1.7879   0.7275  -2.1592
  1.1689  -1.7960   0.7213  -2.1524
  1.1689  -1.8040   0.7152  -2.1455
  1.1690  -1.8121   0.7092  -2.1385
  1.1689  -1.8201   0.7033  -2.1314
  1.1688  -1.8280   0.6974  -2.1241
  1.1687  -1.8360   0.6917  -2.1168
  1.1685  -1.8439   0.6860  -2.1093
  1.1683  -1.8518   0.6805  -2.1018
  1.1680  -1.8597   0.6750  -2.0941
  1.1676  -1.8675   0.6697  -2.0863
  1.1672  -1.8753   0.6644  -2.0785
  1.1668  -1.8831   0.6592  -2.0705
  1.1663  -1.8909   0.6542  -2.0624
  1.1658  -1.8986   0.6492  -2.0542
  1.1652  -1.9063   0.6444  -2.0460
  1.1645  -1.9139   0.6396  -2.0376
  1.1639  -1.9215   0.6350  -2.0291
  1.1631  -1.9291   0.6305  -2.0206
  1.1624  -1.9367   0.6260  -2.0119
  1.1615  -1.9442   0.6217  -2.0032
  1.1607  -1.9517   0.6175  -1.9943
  1.1598  -1.9591   0.6134  -1.9854
  1.1589  -1.9665   0.6094  -1.9764
  1.1579  -1.9739   0.6055  -1.9673
  1.1569  -1.9812   0.6017  -1.9581
  1.1558  -1.9885   0.5981  -1.9488
  1.1548  -1.9958   0.5945  -1.9394
  1.1536  -2.0030   0.5910  -1.9300
  1.1525  -2.0102   0.5877  -1.9205
  1.1513  -2.0173   0.5844  -1.9109
  1.1502  -2.0244   0.5812  -1.9012
  1.1489  -2.0314   0.5782  -1.8914
  1.1477  -2.0384   0.5752  -1.8816
  1.1465  -2.0454   0.5723  -1.8717
  1.1452  -2.0523   0.5696  -1.8617
  1.1439  -2.0592   0.5669  -1.8516
  1.1427  -2.0661   0.5643  -1.8415
  1.1414  -2.0728   0.5618  -1.8313
  1.1401  -2.0796   0.5594  -1.8211
  1.1388  -2.0863   0.5570  -1.8108
  1.1375  -2.0929   0.5548  -1.8004
  1.1362  -2.0995   0.5526  -1.7900
  1.1350  -2.1060   0.5505  -1.7795
  1.1337  -2.1125   0.5485  -1.7690
  1.1325  -2.1189   0.5466  -1.7585
  1.1313  -2.1253   0.5447  -1.7479
  1.1301  -2.1316   0.5429  -1.7373
  1.1289  -2.1378   0.5412  -1.7267
  1.1278  -2.1439   0.5395  -1.7162
  1.1267  -2.1499   0.5380  -1.7056
  1.1257  -2.1557   0.5364  -1.6952
  1.1247  -2.1615   0.5350  -1.6849
  1.1238  -2.1671   0.5336  -1.6747
  1.1229  -2.1725   0.5322  -1.6647
  1.1221  -2.1776   0.5310  -1.6550
  1.1214  -2.1825   0.5298  -1.6458
  1.1208  -2.1871   0.5287  -1.6370
  1.1202  -2.1912   0.5277  -1.6289
  1.1197  -2.1948   0.5269  -1.6217
  1.1194  -2.1978   0.5262  -1.6157
  1.1194  -2.1978   0.5262  -1.6157
  1.1192  -2.1999   0.5373  -1.6268
  1.1189  -2.2016   0.5484  -1.6377
  1.1186  -2.2027   0.5593  -1.6483
  1.1183  -2.2034   0.5702  -1.6588
  1.1180  -2.2036   0.5811  -1.6691
  1.1176  -2.2035   0.5918  -1.6792
  1.1172  -2.2031   0.6025  -1.6891
  1.1168  -2.2024   0.6132  -1.6988
  1.1164  -2.2014   0.6237  -1.7084
  1.1159  -2.2002   0.6342  -1.7177
  1.1154  -2.1988   0.6447  -1.7269
  1.1150  -2.1972   0.6550  -1.7359
  1.1144  -2.1954   0.6653  -1.7447
  1.1139  -2.1935   0.6756  -1.7534
  1.1134  -2.1914   0.6858  -1.7618
  1.1128  -2.1893   0.6959  -1.7701
  1.1123  -2.1870   0.7059  -1.7783
  1.1117  -2.1846   0.7159  -1.7862
  1.1111  -2.1822   0.7258  -1.7940
  1.1105  -2.1797   0.7357  -1.8016
  1.1099  -2.1771   0.7455  -1.8090
  1.1093  -2.1745   0.7552  -1.8163
  1.1087  -2.1719   0.7649  -1.8233
  1.1081  -2.1692   0.7745  -1.8302
  1.1075  -2.1664   0.7841  -1.8370
  1.1068  -2.1637   0.7935  -1.8435
  1.1062  -2.1609   0.8029  -1.8499
  1.1056  -2.1581   0.8123  -1.8561
  1.1049  -2.1553   0.8215  -1.8622
  1.1043  -2.1525   0.8307  -1.8681
  1.1036  -2.1497   0.8398  -1.8738
  1.1030  -2.1469   0.8489  -1.8793
  1.1024  -2.1440   0.8578  -1.8846
  1.1017  -2.1412   0.8667  -1.8898
  1.1011  -2.1384   0.8755  -1.8948
  1.1005  -2.1356   0.8842  -1.8996
  1.0998  -2.1329   0.8929  -1.9042
  1.0992  -2.1301   0.9014  -1.9086
  1.0986  -2.1274   0.9099  -1.9129
  1.0980  -2.1246   0.9182  -1.9170
  1.0973  -2.1219   0.9265  -1.9209
  1.0967  -2.1192   0.9347  -1.9246
  1.0961  -2.1166   0.9427  -1.9281
  1.0955  -2.1139   0.9507  -1.9314
  1.0950  -2.1113   0.9585  -1.9345
  1.0944  -2.1087   0.9663  -1.9375
  1.0938  -2.1062   0.9739  -1.9402
  1.0933  -2.1036   0.9814  -1.9428
  1.0927  -2.1011   0.9888  -1.9452
  1.0922  -2.0987   0.9960  -1.9473
  1.0916  -2.0962   1.0031  -1.9493
  1.0911  -2.0938   1.0101  -1.9511
  1.0906  -2.0915   1.0170  -1.9526
  1.0901  -2.0891   1.0237  -1.9540
  1.0897  -2.0869   1.0302  -1.9551
  1.0892  -2.0846   1.0366  -1.9561
  1.0887  -2.0824   1.0428  -1.9568
  1.0883  -2.0803   1.0489  -1.9573
  1.0879  -2.0782   1.0548  -1.9576
  1.0875  -2.0761   1.0606  -1.9577
  1.0871  -2.0741   1.0661  -1.9576
  1.0867  -2.0722   1.0715  -1.9572
  1.0864  -2.0703   1.0767  -1.9566
  1.0860  -2.0685   1.0817  -1.9558
  1.0857  -2.0668   1.0865  -1.9548
  1.0854  -2.0651   1.0911  -1.9535
  1.0851  -2.0635   1.0955  -1.9521
  1.0848  -2.0620   1.0997  -1.9503
  1.0846  -2.0606   1.1037  -1.9484
  1.0844  -2.0592   1.1074  -1.9462
  1.0842  -2.0580   1.1110  -1.9438
  1.0840  -2.0568   1.1143  -1.9411
  1.0838  -2.0558   1.1173  -1.9382
  1.0837  -2.0549   1.1201  -1.9350
  1.0835  -2.0541   1.1227  -1.9316
  1.0834  -2.0534   1.1250  -1.9280
  1.0834  -2.0529   1.1270  -1.9240
  1.0833  -2.0525   1.1288  -1.9199
  1.0833  -2.0524   1.1304  -1.9154
  1.0833  -2.0524   1.1304  -1.9154
  1.0833  -2.0524   1.1316  -1.9108
  1.0832  -2.0521   1.1328  -1.9075
  1.0832  -2.0515   1.1338  -1.9054
  1.0830  -2.0508   1.1348  -1.9043
  1.0829  -2.0499   1.1357  -1.9040
  1.0827  -2.0488   1.1364  -1.9043
  1.0825  -2.0477   1.1370  -1.9051
  1.0823  -2.0465   1.1375  -1.9063
  1.0820  -2.0452   1.1378  -1.9079
  1.0817  -2.0439   1.1381  -1.9097
  1.0814  -2.0425   1.1382  -1.9118
  1.0811  -2.0411   1.1381  -1.9141
  1.0807  -2.0396   1.1379  -1.9165
  1.0804  -2.0382   1.1376  -1.9191
  1.0800  -2.0367   1.1372  -1.9217
  1.0796  -2.0352   1.1366  -1.9245
  1.0792  -2.0336   1.1359  -1.9273
  1.0788  -2.0321   1.1351  -1.9302
  1.0784  -2.0306   1.1342  -1.9332
  1.0780  -2.0290   1.1331  -1.9362
  1.0776  -2.0275   1.1319  -1.9393
  1.0772  -2.0259   1.1305  -1.9424
  1.0768  -2.0243   1.1291  -1.9455
  1.0763  -2.0227   1.1275  -1.9486
  1.0759  -2.0212   1.1258  -1.9518
  1.0755  -2.0196   1.1240  -1.9550
  1.0751  -2.0180   1.1221  -1.9582
  1.0747  -2.0164   1.1201  -1.9614
  1.0743  -2.0148   1.1180  -1.9647
  1.0739  -2.0132   1.1157  -1.9679
  1.0735  -2.0116   1.1134  -1.9712
  1.0731  -2.0099   1.1109  -1.9745
  1.0727  -2.0083   1.1084  -1.9778
  1.0724  -2.0067   1.1057  -1.9811
  1.0720  -2.0051   1.1029  -1.9844
  1.0717  -2.0035   1.1001  -1.9876
  1.0714  -2.0018   1.0971  -1.9910
  1.0711  -2.0002   1.0941  -1.9943
  1.0708  -1.9986   1.0910  -1.9976
  1.0705  -1.9969   1.0877  -2.0009
  1.0702  -1.9953   1.0844  -2.0042
  1.0700  -1.9936   1.0810  -2.0075
  1.0697  -1.9920   1.0776  -2.0108
  1.0695  -1.9903   1.0740  -2.0141
  1.0693  -1.9887   1.0704  -2.0174
  1.0691  -1.9870   1.0666  -2.0206
  1.0690  -1.9854   1.0629  -2.0239
  1.0688  -1.9837   1.0590  -2.0272
  1.0687  -1.9821   1.0551  -2.0305
  1.0686  -1.9804   1.0511  -2.0337
  1.0685  -1.9787   1.0470  -2.0370
  1.0685  -1.9771   1.0429  -2.0402
  1.0684  -1.9754   1.0387  -2.0435
  1.0684  -1.9738   1.0344  -2.0467
  1.0684  -1.9721   1.0301  -2.0499
  1.0684  -1.9704   1.0258  -2.0531
  1.0685  -1.9688   1.0213  -2.0563
  1.0685  -1.9671   1.0169  -2.0594
  1.0686  -1.9654   1.0124  -2.0626
  1.0687  -1.9638   1.0078  -2.0657
  1.0688  -1.9621   1.0032  -2.0688
  1.0690  -1.9604   0.9986  -2.0720
  1.0691  -1.9588   0.9939  -2.0750
  1.0693  -1.9571   0.9892  -2.0781
  1.0695  -1.9555   0.9845  -2.0812
  1.0697  -1.9538   0.9797  -2.0842
  1.0699  -1.9521   0.9749  -2.0872
  1.0702  -1.9505   0.9701  -2.0902
  1.0705  -1.9488   0.9653  -2.0932
  1.0707  -1.9472   0.9604  -2.0962
  1.0710  -1.9455   0.9556  -2.0991
  1.0714  -1.9439   0.9507  -2.1020
  1.0717  -1.9422   0.9458  -2.1049
  1.0721  -1.9406   0.9409  -2.1078
  1.0724  -1.9389   0.9360  -2.1107
  1.0728  -1.9373   0.9311  -2.1135
  1.0732  -1.9356   0.9263  -2.1163
  1.0736  -1.9340   0.9214  -2.1191
  1.0740  -1.9324   0.9165  -2.1218
  1.0745  -1.9308   0.9117  -2.1246
  1.0749  -1.9291   0.9069  -2.1273
  1.0754  -1.9275   0.9021  -2.1300
  1.0758  -1.9259   0.8973  -2.1326
  1.0763  -1.9243   0.8926  -2.1353
  1.0768  -1.9227   0.8879  -2.1379
  1.0773  -1.9211   0.8832  -2.1405
  1.0778  -1.9194   0.8786  -2.1431
  1.0782  -1.9179   0.8740  -2.1456
  1.0787  -1.9163   0.8695  -2.1481
  1.0792  -1.9147   0.8651  -2.1506
  1.0797  -1.9131   0.8607  -2.1531
  1.0803  -1.9115   0.8564  -2.1555
  1.0808  -1.9099   0.8521  -2.1579
  1.0813  -1.9084   0.8479  -2.1603
  1.0818  -1.9068   0.8439  -2.1626
  1.0822  -1.9053   0.8399  -2.1650
  1.0827  -1.9037   0.8359  -2.1673
  1.0832  -1.9022   0.8321  -2.1696
  1.0837  -1.9006   0.8284  -2.1718
  1.0841  -1.8991   0.8248  -2.1741
  1.0846  -1.8976   0.8213  -2.1763
  1.0850  -1.8961   0.8180  -2.1784
  1.0855  -1.8946   0.8147  -2.1806
  1.0859  -1.8932   0.8116  -2.1827
  1.0863  -1.8917   0.8087  -2.1847
  1.0866  -1.8903   0.8059  -2.1868
  1.0870  -1.8889   0.8032  -2.1888
  1.0873  -1.8875   0.8007  -2.1907
  1.0876  -1.8861   0.7984  -2.1926
  1.0879  -1.8848   0.7962  -2.1945
  1.0882  -1.8835   0.7942  -2.1963
  1.0884  -1.8823   0.7924  -2.1980
  1.0886  -1.8812   0.7909  -2.1996
  1.0888  -1.8801   0.7895  -2.2010
  1.0890  -1.8791   0.7883  -2.2024
  1.0890  -1.8791   0.7883  -2.2024
  1.0960  -1.8847   0.7872  -2.2036
  1.1029  -1.8899   0.7864  -2.2050
  1.1098  -1.8947   0.7859  -2.2067
  1.1166  -1.8993   0.7857  -2.2086
  1.1234  -1.9035   0.7857  -2.2107
  1.1302  -1.9073   0.7859  -2.2129
  1.1369  -1.9109   0.7863  -2.2154
  1.1435  -1.9141   0.7870  -2.2179
  1.1500  -1.9171   0.7879  -2.2205
  1.1565  -1.9197   0.7891  -2.2233
  1.1629  -1.9220   0.7904  -2.2261
  1.1692  -1.9241   0.7919  -2.2290
  1.1755  -1.9258   0.7937  -2.2320
  1.1817  -1.9272   0.7956  -2.2350
  1.1878  -1.9284   0.7977  -2.2380
  1.1937  -1.9292   0.7999  -2.2411
  1.1997  -1.9298   0.8024  -2.2441
  1.2055  -1.9301   0.8050  -2.2472
  1.2112  -1.9302   0.8078  -2.2503
  1.2168  -1.9299   0.8107  -2.2534
  1.2223  -1.9295   0.8137  -2.2565
  1.2277  -1.9287   0.8169  -2.2596
  1.2331  -1.9277   0.8203  -2.2627
  1.2383  -1.9264   0.8237  -2.2657
  1.2433  -1.9249   0.8273  -2.2688
  1.2483  -1.9231   0.8310  -2.2718
  1.2532  -1.9210   0.8349  -2.2747
  1.2579  -1.9188   0.8388  -2.2777
  1.2625  -1.9163   0.8428  -2.2806
  1.2670  -1.9135   0.8469  -2.2835
  1.2714  -1.9105   0.8511  -2.2863
  1.2756  -1.9073   0.8554  -2.2891
  1.2798  -1.9038   0.8597  -2.2918
  1.2838  -1.9001   0.8642  -2.2946
  1.2876  -1.8962   0.8687  -2.2972
  1.2914  -1.8921   0.8732  -2.2998
  1.2950  -1.8877   0.8778  -2.3024
  1.2984  -1.8832   0.8824  -2.3049
  1.3018  -1.8784   0.8871  -2.3074
  1.3050  -1.8734   0.8918  -2.3098
  1.3080  -1.8681   0.8966  -2.3122
  1.3110  -1.8627   0.9013  -2.3145
  1.3138  -1.8571   0.9061  -2.3168
  1.3164  -1.8512   0.9109  -2.3190
  1.3189  -1.8452   0.9156  -2.3212
  1.3213  -1.8389   0.9204  -2.3233
  1.3236  -1.8324   0.9251  -2.3254
  1.3257  -1.8258   0.9298  -2.3274
  1.3276  -1.8189   0.9345  -2.3293
  1.3295  -1.8119   0.9392  -2.3312
  1.3312  -1.8046   0.9438  -2.3331
  1.3327  -1.7972   0.9484  -2.3348
  1.3341  -1.7895   0.9529  -2.3366
  1.3354  -1.7817   0.9573  -2.3382
  1.3365  -1.7736   0.9617  -2.3399
  1.3375  -1.7654   0.9660  -2.3414
  1.3384  -1.7570   0.9702  -2.3429
  1.3391  -1.7484   0.9743  -2.3444
  1.3397  -1.7396   0.9783  -2.3458
  1.3401  -1.7306   0.9823  -2.3472
  1.3404  -1.7214   0.9860  -2.3485
  1.3406  -1.7120   0.9897  -2.3497
  1.3406  -1.7024   0.9933  -2.3509
  1.3405  -1.6927   0.9967  -2.3520
  1.3403  -1.6827   0.9999  -2.3531
  1.3399  -1.6725   1.0030  -2.3541
  1.3394  -1.6622   1.0059  -2.3551
  1.3387  -1.6516   1.0087  -2.3560
  1.3379  -1.6409   1.0113  -2.3569
  1.3370  -1.6300   1.0137  -2.3576
  1.3359  -1.6188   1.0159  -2.3584
  1.3347  -1.6075   1.0179  -2.3590
  1.3334  -1.5960   1.0196  -2.3596
  1.3319  -1.5842   1.0212  -2.3602
  1.3302  -1.5723   1.0225  -2.3606
  1.3285  -1.5602   1.0235  -2.3610
  1.3265  -1.5478   1.0244  -2.3613
  1.3245  -1.5352   1.0249  -2.3615
  1.3223  -1.5225   1.0252  -2.3616
  1.3223  -1.5225   1.0252  -2.3616
  1.3199  -1.5095   1.0252  -2.3616
  1.3179  -1.5006   1.0247  -2.3612
  1.3163  -1.4950   1.0238  -2.3605
  1.3150  -1.4921   1.0226  -2.3596
  1.3138  -1.4914   1.0209  -2.3584
  1.3128  -1.4925   1.0188  -2.3571
  1.3120  -1.4950   1.0165  -2.3556
  1.3113  -1.4987   1.0137  -2.3540
  1.3106  -1.5032   1.0107  -2.3522
  1.3101  -1.5085   1.0074  -2.3504
  1.3095  -1.5143   1.0038  -2.3484
  1.3090  -1.5207   0.9999  -2.3464
  1.3085  -1.5273   0.9958  -2.3443
  1.3080  -1.5343   0.9914  -2.3421
  1.3075  -1.5415   0.9868  -2.3398
  1.3070  -1.5489   0.9820  -2.3374
  1.3064  -1.5564   0.9770  -2.3350
  1.3059  -1.5641   0.9717  -2.3325
  1.3053  -1.5718   0.9663  -2.3300
  1.3047  -1.5795   0.9608  -2.3273
  1.3041  -1.5874   0.9550  -2.3246
  1.3035  -1.5952   0.9491  -2.3218
  1.3028  -1.6031   0.9431  -2.3190
  1.3021  -1.6110   0.9369  -2.3161
  1.3013  -1.6188   0.9307  -2.3130
  1.3005  -1.6267   0.9243  -2.3099
  1.2997  -1.6346   0.9177  -2.3068
  1.2988  -1.6425   0.9111  -2.3035
  1.2979  -1.6503   0.9044  -2.3002
  1.2970  -1.6582   0.8977  -2.2968
  1.2960  -1.6660   0.8908  -2.2933
  1.2949  -1.6738   0.8839  -2.2897
  1.2939  -1.6815   0.8769  -2.2860
  1.2928  -1.6893   0.8698  -2.2823
  1.2916  -1.6970   0.8627  -2.2784
  1.2904  -1.7047   0.8556  -2.2745
  1.2892  -1.7124   0.8484  -2.2705
  1.2879  -1.7201   0.8413  -2.2664
  1.2866  -1.7277   0.8340  -2.2622
  1.2852  -1.7353   0.8268  -2.2579
  1.2838  -1.7429   0.8196  -2.2536
  1.2823  -1.7504   0.8123  -2.2491
  1.2808  -1.7580   0.8051  -2.2445
  1.2793  -1.7655   0.7978  -2.2399
  1.2777  -1.7729   0.7906  -2.2352
  1.2760  -1.7803   0.7833  -2.2304
  1.2743  -1.7877   0.7761  -2.2255
  1.2726  -1.7951   0.7690  -2.2205
  1.2709  -1.8025   0.7618  -2.2154
  1.2690  -1.8098   0.7547  -2.2102
  1.2672  -1.8170   0.7476  -2.2049
  1.2653  -1.8243   0.7406  -2.1996
  1.2634  -1.8315   0.7336  -2.1941
  1.2614  -1.8386   0.7266  -2.1886
  1.2594  -1.8458   0.7197  -2.1829
  1.2573  -1.8529   0.7129  -2.1772
  1.2552  -1.8600   0.7061  -2.1714
  1.2531  -1.8670   0.6993  -2.1655
  1.2509  -1.8740   0.6927  -2.1595
  1.2487  -1.8810   0.6861  -2.1535
  1.2464  -1.8879   0.6795  -2.1473
  1.2442  -1.8948   0.6731  -2.1411
  1.2418  -1.9016   0.6667  -2.1347
  1.2395  -1.9084   0.6604  -2.1283
  1.2371  -1.9152   0.6542  -2.1218
  1.2347  -1.9219   0.6480  -2.1152
  1.2323  -1.9286   0.6420  -2.1086
  1.2298  -1.9353   0.6360  -2.1018
  1.2273  -1.9419   0.6301  -2.0950
  1.2248  -1.9485   0.6243  -2.0881
  1.2222  -1.9550   0.6186  -2.0811
  1.2196  -1.9615   0.6130  -2.0740
  1.2170  -1.9680   0.6075  -2.0668
  1.2144  -1.9744   0.6021  -2.0596
  1.2118  -1.9807   0.5968  -2.0523
  1.2091  -1.9871   0.5916  -2.0449
  1.2065  -1.9934   0.5864  -2.0374
  1.2038  -1.9996   0.5814  -2.0299
  1.2011  -2.0058   0.5765  -2.0222
  1.1984  -2.0120   0.5717  -2.0145
  1.1957  -2.0181   0.5670  -2.0068
  1.1930  -2.0242   0.5624  -1.9989
  1.1903  -2.0302   0.5579  -1.9910
  1.1876  -2.0362   0.5535  -1.9830
  1.1849  -2.0421   0.5492  -1.9750
  1.1822  -2.0480   0.5450  -1.9668
  1.1795  -2.0539   0.5409  -1.9587
  1.1769  -2.0597   0.5370  -1.9504
  1.1742  -2.0655   0.5331  -1.9421
  1.1716  -2.0712   0.5294  -1.9337
  1.1690  -2.0769   0.5257  -1.9252
  1.1664  -2.0825   0.5222  -1.9167
  1.1638  -2.0881   0.5187  -1.9082
  1.1613  -2.0937   0.5154  -1.8995
  1.1588  -2.0992   0.5122  -1.8909
  1.1563  -2.1047   0.5091  -1.8821
  1.1539  -2.1101   0.5061  -1.8733
  1.1516  -2.1155   0.5032  -1.8645
  1.1492  -2.1208   0.5004  -1.8556
  1.1470  -2.1261   0.4977  -1.8467
  1.1448  -2.1313   0.4951  -1.8377
  1.1426  -2.1364   0.4926  -1.8288
  1.1406  -2.1416   0.4902  -1.8197
  1.1386  -2.1466   0.4879  -1.8107
  1.1366  -2.1516   0.4857  -1.8017
  1.1348  -2.1565   0.4836  -1.7927
  1.1331  -2.1613   0.4817  -1.7837
  1.1314  -2.1660   0.4798  -1.7748
  1.1299  -2.1706   0.4780  -1.7660
  1.1284  -2.1751   0.4763  -1.7573
  1.1271  -2.1794   0.4748  -1.7488
  1.1258  -2.1836   0.4733  -1.7406
  1.1248  -2.1875   0.4720  -1.7326
  1.1238  -2.1911   0.4708  -1.7251
  1.1230  -2.1944   0.4697  -1.7182
  1.1223  -2.1973   0.4688  -1.7120
  1.1223  -2.1973   0.4688  -1.7120
  1.1218  -2.1996   0.4787  -1.7219
  1.1214  -2.2014   0.4886  -1.7315
  1.1209  -2.2026   0.4984  -1.7410
  1.1205  -2.2033   0.5082  -1.7504
  1.1201  -2.2037   0.5179  -1.7596
  1.1197  -2.2036   0.5276  -1.7686
  1.1193  -2.2032   0.5372  -1.7775
  1.1189  -2.2025   0.5469  -1.7863
  1.1185  -2.2015   0.5564  -1.7949
  1.1182  -2.2003   0.5660  -1.8033
  1.1178  -2.1988   0.5755  -1.8116
  1.1175  -2.1971   0.5850  -1.8198
  1.1172  -2.1953   0.5944  -1.8278
  1.1169  -2.1933   0.6038  -1.8357
  1.1166  -2.1912   0.6131  -1.8434
  1.1163  -2.1889   0.6225  -1.8510
  1.1160  -2.1866   0.6317  -1.8584
  1.1158  -2.1841   0.6410  -1.8657
  1.1155  -2.1816   0.6502  -1.8729
  1.1153  -2.1790   0.6594  -1.8799
  1.1150  -2.1763   0.6685  -1.8867
  1.1148  -2.1736   0.6776  -1.8934
  1.1146  -2.1708   0.6867  -1.9000
  1.1144  -2.1680   0.6957  -1.9064
  1.1142  -2.1652   0.7047  -1.9126
  1.1140  -2.1623   0.7136  -1.9187
  1.1138  -2.1595   0.7225  -1.9247
  1.1136  -2.1566   0.7313  -1.9305
  1.1134  -2.1537   0.7401  -1.9361
  1.1132  -2.1508   0.7489  -1.9416
  1.1131  -2.1479   0.7576  -1.9470
  1.1129  -2.1450   0.7662  -1.9522
  1.1128  -2.1421   0.7748  -1.9572
  1.1126  -2.1392   0.7834  -1.9621
  1.1125  -2.1364   0.7919  -1.9668
  1.1123  -2.1335   0.8003  -1.9713
  1.1122  -2.1307   0.8086  -1.9757
  1.1121  -2.1278   0.8169  -1.9799
  1.1120  -2.1250   0.8252  -1.9840
  1.1119  -2.1222   0.8334  -1.9879
  1.1117  -2.1195   0.8415  -1.9916
  1.1116  -2.1167   0.8495  -1.9951
  1.1115  -2.1140   0.8574  -1.9985
  1.1114  -2.1114   0.8653  -2.0017
  1.1113  -2.1087   0.8731  -2.0048
  1.1113  -2.1061   0.8808  -2.0076
  1.1112  -2.1035   0.8884  -2.0103
  1.1111  -2.1009   0.8959  -2.0128
  1.1110  -2.0984   0.9033  -2.0151
  1.1109  -2.0959   0.9106  -2.0173
  1.1109  -2.0935   0.9179  -2.0192
  1.1108  -2.0911   0.9250  -2.0210
  1.1107  -2.0887   0.9320  -2.0226
  1.1107  -2.0864   0.9388  -2.0239
  1.1106  -2.0841   0.9456  -2.0251
  1.1106  -2.0818   0.9522  -2.0261
  1.1105  -2.0797   0.9587  -2.0269
  1.1105  -2.0775   0.9651  -2.0275
  1.1104  -2.0754   0.9713  -2.0279
  1.1104  -2.0734   0.9774  -2.0281
  1.1103  -2.0714   0.9833  -2.0281
  1.1103  -2.0695   0.9891  -2.0279
  1.1103  -2.0676   0.9947  -2.0275
  1.1102  -2.0658   1.0002  -2.0269
  1.1102  -2.0640   1.0055  -2.0260
  1.1102  -2.0624   1.0106  -2.0250
  1.1101  -2.0608   1.0155  -2.0237
  1.1101  -2.0593   1.0203  -2.0222
  1.1101  -2.0579   1.0248  -2.0205
  1.1101  -2.0565   1.0292  -2.0186
  1.1101  -2.0553   1.0334  -2.0164
  1.1100  -2.0541   1.0373  -2.0140
  1.1100  -2.0531   1.0411  -2.0114
  1.1100  -2.0522   1.0446  -2.0085
  1.1100  -2.0514   1.0479  -2.0054
  1.1100  -2.0507   1.0510  -2.0021
  1.1100  -2.0502   1.0539  -1.9985
  1.1100  -2.0499   1.0565  -1.9947
  1.1100  -2.0497   1.0589  -1.9907
  1.1100  -2.0497   1.0589  -1.9907
  1.1100  -2.0497   1.0610  -1.9864
  1.1099  -2.0493   1.0630  -1.9831
  1.1098  -2.0486   1.0649  -1.9808
  1.1097  -2.0477   1.0667  -1.9792
  1.1095  -2.0466   1.0684  -1.9781
  1.1093  -2.0454   1.0699  -1.9775
  1.1091  -2.0440   1.0713  -1.9774
  1.1088  -2.0425   1.0726  -1.9775
  1.1085  -2.0410   1.0738  -1.9779
  1.1082  -2.0394   1.0748  -1.9785
  1.1078  -2.0378   1.0757  -1.9793
  1.1075  -2.0361   1.0765  -1.9803
  1.1071  -2.0344   1.0771  -1.9814
  1.1067  -2.0327   1.0776  -1.9826
  1.1062  -2.0309   1.0780  -1.9840
  1.1058  -2.0292   1.0782  -1.9854
  1.1054  -2.0274   1.0784  -1.9869
  1.1049  -2.0257   1.0784  -1.9884
  1.1044  -2.0239   1.0783  -1.9901
  1.1040  -2.0222   1.0780  -1.9917
  1.1035  -2.0204   1.0777  -1.9935
  1.1030  -2.0186   1.0772  -1.9953
  1.1025  -2.0169   1.0766  -1.9971
  1.1020  -2.0151   1.0759  -1.9989
  1.1015  -2.0134   1.0750  -2.0008
  1.1010  -2.0116   1.0741  -2.0028
  1.1006  -2.0099   1.0731  -2.0048
  1.1001  -2.0082   1.0719  -2.0068
  1.0996  -2.0065   1.0706  -2.0088
  1.0991  -2.0047   1.0693  -2.0109
  1.0987  -2.0030   1.0678  -2.0130
  1.0982  -2.0013   1.0662  -2.0151
  1.0978  -1.9996   1.0645  -2.0172
  1.0974  -1.9979   1.0627  -2.0194
  1.0969  -1.9962   1.0608  -2.0216
  1.0965  -1.9945   1.0589  -2.0238
  1.0961  -1.9929   1.0568  -2.0260
  1.0957  -1.9912   1.0546  -2.0283
  1.0954  -1.9895   1.0523  -2.0306
  1.0950  -1.9879   1.0500  -2.0329
  1.0947  -1.9862   1.0475  -2.0352
  1.0944  -1.9846   1.0450  -2.0375
  1.0941  -1.9830   1.0424  -2.0398
  1.0938  -1.9813   1.0397  -2.0422
  1.0935  -1.9797   1.0369  -2.0445
  1.0933  -1.9781   1.0340  -2.0469
  1.0930  -1.9765   1.0311  -2.0493
  1.0928  -1.9749   1.0281  -2.0517
  1.0926  -1.9733   1.0250  -2.0541
  1.0925  -1.9718   1.0218  -2.0565
  1.0923  -1.9702   1.0186  -2.0589
  1.0922  -1.9687   1.0153  -2.0614
  1.0921  -1.9671   1.0119  -2.0638
  1.0920  -1.9656   1.0084  -2.0663
  1.0919  -1.9641   1.0049  -2.0687
  1.0919  -1.9626   1.0014  -2.0711
  1.0918  -1.9611   0.9977  -2.0736
  1.0918  -1.9596   0.9940  -2.0761
  1.0918  -1.9581   0.9903  -2.0785
  1.0919  -1.9566   0.9865  -2.0810
  1.0919  -1.9552   0.9827  -2.0834
  1.0920  -1.9537   0.9788  -2.0859
  1.0921  -1.9523   0.9748  -2.0884
  1.0922  -1.9509   0.9709  -2.0908
  1.0923  -1.9495   0.9668  -2.0933
  1.0925  -1.9481   0.9628  -2.0957
  1.0927  -1.9467   0.9587  -2.0982
  1.0929  -1.9453   0.9546  -2.1006
  1.0931  -1.9440   0.9504  -2.1030
  1.0933  -1.9426   0.9462  -2.1055
  1.0936  -1.9413   0.9420  -2.1079
  1.0938  -1.9400   0.9378  -2.1103
  1.0941  -1.9387   0.9335  -2.1127
  1.0944  -1.9374   0.9293  -2.1152
  1.0947  -1.9362   0.9250  -2.1176
  1.0951  -1.9349   0.9207  -2.1199
  1.0954  -1.9337   0.9164  -2.1223
  1.0958  -1.9325   0.9121  -2.1247
  1.0962  -1.9313   0.9078  -2.1271
  1.0966  -1.9301   0.9035  -2.1294
  1.0970  -1.9289   0.8992  -2.1318
  1.0974  -1.9277   0.8950  -2.1341
  1.0978  -1.9266   0.8907  -2.1364
  1.0982  -1.9255   0.8864  -2.1388
  1.0987  -1.9244   0.8822  -2.1411
  1.0991  -1.9233   0.8780  -2.1434
  1.0996  -1.9222   0.8739  -2.1456
  1.1000  -1.9212   0.8697  -2.1479
  1.1005  -1.9202   0.8657  -2.1502
  1.1010  -1.9192   0.8616  -2.1524
  1.1015  -1.9182   0.8576  -2.1546
  1.1019  -1.9172   0.8537  -2.1569
  1.1024  -1.9163   0.8498  -2.1591
  1.1029  -1.9153   0.8460  -2.1613
  1.1034  -1.9144   0.8422  -2.1635
  1.1038  -1.9135   0.8385  -2.1656
  1.1043  -1.9126   0.8349  -2.1678
  1.1048  -1.9118   0.8314  -2.1699
  1.1052  -1.9110   0.8280  -2.1721
  1.1057  -1.9102   0.8246  -2.1742
  1.1061  -1.9094   0.8214  -2.1763
  1.1066  -1.9086   0.8183  -2.1784
  1.1070  -1.9079   0.8153  -2.1805
  1.1074  -1.9072   0.8124  -2.1825
  1.1078  -1.9065   0.8096  -2.1845
  1.1082  -1.9058   0.8070  -2.1865
  1.1085  -1.9052   0.8045  -2.1885
  1.1089  -1.9046   0.8021  -2.1905
  1.1092  -1.9040   0.7999  -2.1924
  1.1095  -1.9035   0.7979  -2.1942
  1.1097  -1.9029   0.7960  -2.1960
  1.1100  -1.9025   0.7943  -2.1978
  1.1102  -1.9020   0.7928  -2.1994
  1.1104  -1.9016   0.7915  -2.2009
  1.1106  -1.9013   0.7904  -2.2023
  1.1106  -1.9013   0.7904  -2.2023
  1.1172  -1.9060   0.7894  -2.2035
  1.1237  -1.9104   0.7886  -2.2050
  1.1301  -1.9145   0.7881  -2.2067
  1.1365  -1.9183   0.7879  -2.2086
  1.1429  -1.9218   0.7879  -2.2106
  1.1492  -1.9249   0.7882  -2.2128
  1.1554  -1.9278   0.7887  -2.2151
  1.1615  -1.9303   0.7894  -2.2176
  1.1676  -1.9326   0.7904  -2.2201
  1.1736  -1.9345   0.7915  -2.2227
  1.1795  -1.9362   0.7929  -2.2254
  1.1854  -1.9375   0.7945  -2.2282
  1.1911  -1.9386   0.7962  -2.2310
  1.1968  -1.9394   0.7982  -2.2338
  1.2024  -1.9400   0.8003  -2.2367
  1.2079  -1.9402   0.8026  -2.2396
  1.2133  -1.9402   0.8051  -2.2425
  1.2186  -1.9400   0.8077  -2.2455
  1.2239  -1.9394   0.8105  -2.2484
  1.2290  -1.9386   0.8134  -2.2513
  1.2340  -1.9376   0.8165  -2.2543
  1.2389  -1.9363   0.8197  -2.2572
  1.2437  -1.9347   0.8231  -2.2601
  1.2484  -1.9329   0.8266  -2.2630
  1.2529  -1.9309   0.8302  -2.2659
  1.2574  -1.9286   0.8339  -2.2688
  1.2617  -1.9260   0.8378  -2.2716
  1.2660  -1.9233   0.8417  -2.2744
  1.2701  -1.9203   0.8458  -2.2772
  1.2741  -1.9171   0.8499  -2.2800
  1.2779  -1.9136   0.8541  -2.2827
  1.2817  -1.9099   0.8584  -2.2854
  1.2853  -1.9060   0.8628  -2.2881
  1.2888  -1.9019   0.8672  -2.2907
  1.2922  -1.8975   0.8717  -2.2933
  1.2954  -1.8930   0.8763  -2.2959
  1.2985  -1.8882   0.8809  -2.2984
  1.3015  -1.8832   0.8855  -2.3008
  1.3044  -1.8780   0.8902  -2.3033
  1.3071  -1.8726   0.8949  -2.3057
  1.3097  -1.8670   0.8997  -2.3080
  1.3121  -1.8612   0.9044  -2.3103
  1.3145  -1.8551   0.9092  -2.3126
  1.3166  -1.8489   0.9140  -2.3148
  1.3187  -1.8425   0.9187  -2.3170
  1.3206  -1.8358   0.9235  -2.3192
  1.3224  -1.8290   0.9283  -2.3213
  1.3241  -1.8220   0.9330  -2.3233
  1.3256  -1.8148   0.9377  -2.3253
  1.3270  -1.8074   0.9423  -2.3273
  1.3283  -1.7998   0.9470  -2.3292
  1.3294  -1.7920   0.9515  -2.3311
  1.3304  -1.7840   0.9560  -2.3330
  1.3312  -1.7758   0.9605  -2.3348
  1.3319  -1.7674   0.9648  -2.3365
  1.3325  -1.7589   0.9691  -2.3382
  1.3330  -1.7501   0.9733  -2.3399
  1.3333  -1.7412   0.9774  -2.3415
  1.3335  -1.7320   0.9815  -2.3430
  1.3335  -1.7227   0.9854  -2.3445
  1.3334  -1.7132   0.9891  -2.3460
  1.3332  -1.7035   0.9928  -2.3474
  1.3328  -1.6936   0.9963  -2.3488
  1.3323  -1.6835   0.9997  -2.3501
  1.3317  -1.6733   1.0029  -2.3514
  1.3309  -1.6628   1.0059  -2.3526
  1.3300  -1.6522   1.0088  -2.3537
  1.3290  -1.6413   1.0116  -2.3548
  1.3278  -1.6303   1.0141  -2.3559
  1.3265  -1.6190   1.0164  -2.3569
  1.3250  -1.6076   1.0186  -2.3578
  1.3234  -1.5960   1.0205  -2.3586
  1.3217  -1.5841   1.0223  -2.3593
  1.3199  -1.5721   1.0238  -2.3600
  1.3179  -1.5598   1.0251  -2.3606
  1.3157  -1.5474   1.0261  -2.3611
  1.3134  -1.5347   1.0269  -2.3614
  1.3110  -1.5219   1.0274  -2.3617
  1.3084  -1.5088   1.0277  -2.3618
  1.3084  -1.5088   1.0277  -2.3618
  1.3057  -1.4955   1.0277  -2.3618
  1.3036  -1.4869   1.0274  -2.3616
  1.3021  -1.4822   1.0267  -2.3613
  1.3010  -1.4805   1.0258  -2.3608
  1.3003  -1.4813   1.0245  -2.3601
  1.3000  -1.4841   1.0230  -2.3594
  1.2999  -1.4885   1.0213  -2.3586
  1.3001  -1.4941   1.0193  -2.3578
  1.3005  -1.5009   1.0171  -2.3568
  1.3011  -1.5085   1.0146  -2.3558
  1.3018  -1.5167   1.0120  -2.3548
  1.3026  -1.5256   1.0092  -2.3536
  1.3036  -1.5349   1.0062  -2.3525
  1.3046  -1.5446   1.0030  -2.3512
  1.3057  -1.5546   0.9997  -2.3499
  1.3068  -1.5649   0.9962  -2.3486
  1.3080  -1.5754   0.9926  -2.3472
  1.3092  -1.5861   0.9889  -2.3457
  1.3104  -1.5970   0.9850  -2.3442
  1.3116  -1.6080   0.9810  -2.3426
  1.3128  -1.6192   0.9769  -2.3410
  1.3140  -1.6305   0.9727  -2.3393
  1.3151  -1.6419   0.9684  -2.3375
  1.3162  -1.6533   0.9640  -2.3357
  1.3173  -1.6649   0.9595  -2.3337
  1.3183  -1.6766   0.9549  -2.3317
  1.3193  -1.6884   0.9503  -2.3297
  1.3202  -1.7001   0.9456  -2.3275
  1.3209  -1.7118   0.9408  -2.3253
  1.3216  -1.7235   0.9360  -2.3230
  1.3222  -1.7351   0.9312  -2.3207
  1.3227  -1.7467   0.9263  -2.3182
  1.3230  -1.7581   0.9214  -2.3157
  1.3232  -1.7696   0.9165  -2.3130
  1.3234  -1.7809   0.9115  -2.3103
  1.3234  -1.7922   0.9065  -2.3075
  1.3232  -1.8035   0.9015  -2.3047
  1.3230  -1.8147   0.8965  -2.3017
  1.3226  -1.8258   0.8915  -2.2986
  1.3221  -1.8368   0.8865  -2.2955
  1.3215  -1.8478   0.8815  -2.2922
  1.3208  -1.8586   0.8765  -2.2889
  1.3199  -1.8694   0.8716  -2.2855
  1.3189  -1.8799   0.8666  -2.2819
  1.3178  -1.8903   0.8617  -2.2783
  1.3165  -1.9006   0.8568  -2.2746
  1.3151  -1.9106   0.8519  -2.2708
  1.3136  -1.9205   0.8470  -2.2669
  1.3120  -1.9302   0.8422  -2.2630
  1.3102  -1.9397   0.8374  -2.2589
  1.3084  -1.9491   0.8327  -2.2547
  1.3064  -1.9583   0.8280  -2.2504
  1.3043  -1.9673   0.8234  -2.2460
  1.3021  -1.9762   0.8188  -2.2416
  1.2998  -1.9848   0.8142  -2.2370
  1.2973  -1.9933   0.8098  -2.2324
  1.2948  -2.0017   0.8053  -2.2276
  1.2922  -2.0099   0.8010  -2.2228
  1.2895  -2.0179   0.7966  -2.2178
  1.2866  -2.0258   0.7924  -2.2128
  1.2837  -2.0336   0.7882  -2.2076
  1.2807  -2.0411   0.7841  -2.2024
  1.2776  -2.0486   0.7800  -2.1971
  1.2744  -2.0559   0.7760  -2.1917
  1.2712  -2.0630   0.7721  -2.1862
  1.2678  -2.0700   0.7683  -2.1806
  1.2644  -2.0769   0.7645  -2.1749
  1.2609  -2.0836   0.7608  -2.1691
  1.2574  -2.0901   0.7572  -2.1632
  1.2538  -2.0966   0.7536  -2.1572
  1.2501  -2.1029   0.7501  -2.1512
  1.2464  -2.1090   0.7467  -2.1450
  1.2426  -2.1150   0.7434  -2.1387
  1.2387  -2.1209   0.7402  -2.1324
  1.2348  -2.1266   0.7370  -2.1260
  1.2309  -2.1322   0.7339  -2.1194
  1.2269  -2.1376   0.7309  -2.1128
  1.2229  -2.1429   0.7279  -2.1061
  1.2189  -2.1481   0.7251  -2.0993
  1.2149  -2.1531   0.7223  -2.0925
  1.2108  -2.1580   0.7196  -2.0855
  1.2067  -2.1627   0.7169  -2.0784
  1.2026  -2.1674   0.7144  -2.0713
  1.1985  -2.1718   0.7119  -2.0640
  1.1944  -2.1762   0.7095  -2.0567
  1.1903  -2.1803   0.7071  -2.0493
  1.1862  -2.1844   0.7049  -2.0417
  1.1821  -2.1883   0.7027  -2.0341
  1.1780  -2.1921   0.7005  -2.0264
  1.1740  -2.1958   0.6985  -2.0186
  1.1700  -2.1993   0.6965  -2.0108
  1.1660  -2.2027   0.6946  -2.0028
  1.1621  -2.2059   0.6927  -1.9947
  1.1582  -2.2091   0.6909  -1.9866
  1.1544  -2.2121   0.6892  -1.9783
  1.1506  -2.2149   0.6875  -1.9700
  1.1469  -2.2177   0.6859  -1.9616
  1.1433  -2.2203   0.6843  -1.9530
  1.1398  -2.2228   0.6828  -1.9444
  1.1363  -2.2252   0.6813  -1.9357
  1.1330  -2.2275   0.6799  -1.9269
  1.1297  -2.2296   0.6786  -1.9181
  1.1266  -2.2317   0.6772  -1.9091
  1.1235  -2.2336   0.6760  -1.9001
  1.1206  -2.2354   0.6747  -1.8910
  1.1179  -2.2372   0.6736  -1.8818
  1.1152  -2.2388   0.6724  -1.8726
  1.1127  -2.2403   0.6713  -1.8634
  1.1104  -2.2417   0.6702  -1.8542
  1.1082  -2.2430   0.6692  -1.8450
  1.1063  -2.2442   0.6682  -1.8359
  1.1044  -2.2453   0.6672  -1.8269
  1.1028  -2.2463   0.6663  -1.8182
  1.1014  -2.2472   0.6654  -1.8098
  1.1002  -2.2480   0.6646  -1.8019
  1.0992  -2.2486   0.6639  -1.7947
  1.0984  -2.2491   0.6633  -1.7884
  1.0979  -2.2495   0.6628  -1.7834
  1.0976  -2.2497   0.6625  -1.7803
  1.0976  -2.2497   0.6625  -1.7803
  1.0977  -2.2497   0.6727  -1.7887
  1.0977  -2.2496   0.6829  -1.7970
  1.0975  -2.2493   0.6930  -1.8051
  1.0974  -2.2490   0.7031  -1.8131
  1.0971  -2.2485   0.7132  -1.8209
  1.0968  -2.2480   0.7232  -1.8286
  1.0964  -2.2473   0.7332  -1.8361
  1.0960  -2.2466   0.7432  -1.8435
  1.0954  -2.2458   0.7531  -1.8507
  1.0948  -2.2449   0.7630  -1.8578
  1.0942  -2.2440   0.7728  -1.8647
  1.0935  -2.2430   0.7826  -1.8715
  1.0927  -2.2419   0.7924  -1.8781
  1.0919  -2.2408   0.8021  -1.8845
  1.0910  -2.2396   0.8118  -1.8908
  1.0901  -2.2383   0.8215  -1.8970
  1.0891  -2.2370   0.8311  -1.9030
  1.0880  -2.2356   0.8406  -1.9088
  1.0870  -2.2342   0.8501  -1.9145
  1.0858  -2.2327   0.8596  -1.9200
  1.0847  -2.2311   0.8690  -1.9253
  1.0834  -2.2295   0.8784  -1.9305
  1.0822  -2.2278   0.8877  -1.9356
  1.0809  -2.2261   0.8969  -1.9405
  1.0796  -2.2244   0.9061  -1.9452
  1.0782  -2.2226   0.9153  -1.9497
  1.0768  -2.2207   0.9244  -1.9541
  1.0754  -2.2188   0.9334  -1.9583
  1.0739  -2.2169   0.9424  -1.9624
  1.0725  -2.2149   0.9512  -1.9662
  1.0709  -2.2128   0.9601  -1.9700
  1.0694  -2.2107   0.9688  -1.9735
  1.0679  -2.2086   0.9775  -1.9769
  1.0663  -2.2064   0.9861  -1.9801
  1.0647  -2.2042   0.9946  -1.9831
  1.0632  -2.2019   1.0030  -1.9859
  1.0616  -2.1996   1.0114  -1.9886
  1.0600  -2.1972   1.0196  -1.9911
  1.0583  -2.1949   1.0278  -1.9934
  1.0567  -2.1924   1.0358  -1.9955
  1.0551  -2.1900   1.0438  -1.9974
  1.0535  -2.1875   1.0516  -1.9992
  1.0519  -2.1849   1.0593  -2.0007
  1.0503  -2.1824   1.0669  -2.0021
  1.0486  -2.1798   1.0744  -2.0033
  1.0470  -2.1772   1.0818  -2.0043
  1.0455  -2.1745   1.0891  -2.0051
  1.0439  -2.1719   1.0962  -2.0057
  1.0423  -2.1692   1.1032  -2.0061
  1.0408  -2.1665   1.1100  -2.0063
  1.0393  -2.1637   1.1167  -2.0063
  1.0378  -2.1610   1.1232  -2.0061
  1.0363  -2.1582   1.1296  -2.0057
  1.0348  -2.1555   1.1359  -2.0051
  1.0334  -2.1527   1.1419  -2.0043
  1.0320  -2.1500   1.1478  -2.0033
  1.0306  -2.1472   1.1536  -2.0021
  1.0293  -2.1445   1.1591  -2.0006
  1.0280  -2.1417   1.1645  -1.9990
  1.0268  -2.1390   1.1697  -1.9971
  1.0256  -2.1364   1.1747  -1.9951
  1.0244  -2.1337   1.1795  -1.9928
  1.0233  -2.1311   1.1841  -1.9903
  1.0222  -2.1285   1.1885  -1.9876
  1.0212  -2.1260   1.1927  -1.9846
  1.0202  -2.1236   1.1967  -1.9815
  1.0193  -2.1212   1.2005  -1.9781
  1.0184  -2.1189   1.2040  -1.9745
  1.0176  -2.1167   1.2073  -1.9707
  1.0169  -2.1147   1.2104  -1.9667
  1.0162  -2.1127   1.2133  -1.9624
  1.0156  -2.1109   1.2159  -1.9579
  1.0150  -2.1092   1.2183  -1.9531
  1.0145  -2.1077   1.2204  -1.9482
  1.0141  -2.1064   1.2223  -1.9430
  1.0138  -2.1053   1.2239  -1.9376
  1.0135  -2.1044   1.2253  -1.9319
  1.0134  -2.1038   1.2264  -1.9260
  1.0133  -2.1035   1.2273  -1.9199
  1.0133  -2.1035   1.2273  -1.9199
  1.0133  -2.1035   1.2278  -1.9135
  1.0131  -2.1034   1.2290  -1.9130
  1.0128  -2.1032   1.2305  -1.9166
  1.0124  -2.1030   1.2323  -1.9229
  1.0118  -2.1028   1.2342  -1.9310
  1.0110  -2.1024   1.2361  -1.9400
  1.0102  -2.1021   1.2379  -1.9495
  1.0092  -2.1017   1.2396  -1.9591
  1.0080  -2.1013   1.2412  -1.9687
  1.0068  -2.1009   1.2426  -1.9781
  1.0054  -2.1004   1.2439  -1.9873
  1.0040  -2.0999   1.2450  -1.9963
  1.0024  -2.0994   1.2460  -2.0051
  1.0008  -2.0988   1.2468  -2.0136
  0.9991  -2.0982   1.2474  -2.0220
  0.9973  -2.0976   1.2478  -2.0301
  0.9955  -2.0969   1.2481  -2.0380
  0.9935  -2.0962   1.2482  -2.0457
  0.9916  -2.0954   1.2482  -2.0532
  0.9896  -2.0947   1.2479  -2.0605
  0.9875  -2.0938   1.2475  -2.0677
  0.9854  -2.0930   1.2470  -2.0747
  0.9833  -2.0920   1.2462  -2.0816
  0.9812  -2.0911   1.2453  -2.0883
  0.9790  -2.0901   1.2442  -2.0948
  0.9768  -2.0891   1.2429  -2.1013
  0.9747  -2.0880   1.2415  -2.1076
  0.9725  -2.0869   1.2399  -2.1138
  0.9703  -2.0858   1.2381  -2.1198
  0.9681  -2.0846   1.2362  -2.1258
  0.9660  -2.0833   1.2341  -2.1316
  0.9638  -2.0821   1.2318  -2.1373
  0.9617  -2.0808   1.2294  -2.1429
  0.9596  -2.0794   1.2268  -2.1484
  0.9575  -2.0780   1.2240  -2.1538
  0.9554  -2.0766   1.2211  -2.1591
  0.9534  -2.0751   1.2181  -2.1643
  0.9515  -2.0737   1.2149  -2.1694
  0.9495  -2.0721   1.2115  -2.1744
  0.9476  -2.0706   1.2080  -2.1793
  0.9458  -2.0690   1.2043  -2.1841
  0.9440  -2.0673   1.2005  -2.1888
  0.9423  -2.0657   1.1966  -2.1934
  0.9406  -2.0640   1.1925  -2.1979
  0.9389  -2.0623   1.1882  -2.2023
  0.9374  -2.0605   1.1839  -2.2066
  0.9359  -2.0588   1.1794  -2.2108
  0.9344  -2.0570   1.1748  -2.2150
  0.9331  -2.0551   1.1700  -2.2190
  0.9317  -2.0533   1.1651  -2.2229
  0.9305  -2.0514   1.1601  -2.2267
  0.9293  -2.0495   1.1550  -2.2305
  0.9282  -2.0476   1.1498  -2.2341
  0.9272  -2.0457   1.1445  -2.2376
  0.9263  -2.0437   1.1390  -2.2411
  0.9254  -2.0418   1.1335  -2.2444
  0.9246  -2.0398   1.1278  -2.2477
  0.9239  -2.0378   1.1221  -2.2508
  0.9232  -2.0358   1.1162  -2.2539
  0.9226  -2.0337   1.1103  -2.2568
  0.9222  -2.0317   1.1043  -2.2597
  0.9217  -2.0297   1.0981  -2.2624
  0.9214  -2.0276   1.0920  -2.2651
  0.9211  -2.0255   1.0857  -2.2676
  0.9210  -2.0235   1.0794  -2.2701
  0.9208  -2.0214   1.0730  -2.2724
  0.9208  -2.0193   1.0665  -2.2746
  0.9209  -2.0172   1.0600  -2.2768
  0.9210  -2.0151   1.0534  -2.2788
  0.9212  -2.0130   1.0468  -2.2807
  0.9214  -2.0109   1.0401  -2.2825
  0.9218  -2.0088   1.0334  -2.2843
  0.9222  -2.0068   1.0267  -2.2859
  0.9226  -2.0047   1.0199  -2.2874
  0.9232  -2.0026   1.0131  -2.2888
  0.9238  -2.0005   1.0063  -2.2901
  0.9245  -1.9984   0.9995  -2.2912
  0.9252  -1.9963   0.9927  -2.2923
  0.9260  -1.9942   0.9859  -2.2933
  0.9268  -1.9922   0.9790  -2.2941
  0.9277  -1.9901   0.9722  -2.2949
  0.9287  -1.9880   0.9654  -2.2955
  0.9297  -1.9860   0.9587  -2.2961
  0.9308  -1.9839   0.9519  -2.2965
  0.9319  -1.9819   0.9452  -2.2968
  0.9330  -1.9799   0.9386  -2.2970
  0.9342  -1.9779   0.9319  -2.2971
  0.9354  -1.9758   0.9254  -2.2971
  0.9366  -1.9738   0.9189  -2.2969
  0.9379  -1.9719   0.9125  -2.2967
  0.9392  -1.9699   0.9061  -2.2964
  0.9406  -1.9679   0.8999  -2.2959
  0.9419  -1.9659   0.8937  -2.2954
  0.9432  -1.9640   0.8876  -2.2947
  0.9446  -1.9620   0.8817  -2.2940
  0.9460  -1.9601   0.8758  -2.2931
  0.9474  -1.9582   0.8701  -2.2921
  0.9487  -1.9563   0.8645  -2.2911
  0.9501  -1.9544   0.8591  -2.2899
  0.9514  -1.9525   0.8538  -2.2887
  0.9528  -1.9506   0.8487  -2.2873
  0.9541  -1.9488   0.8437  -2.2859
  0.9554  -1.9469   0.8389  -2.2843
  0.9566  -1.9451   0.8344  -2.2827
  0.9578  -1.9433   0.8300  -2.2811
  0.9590  -1.9415   0.8258  -2.2793
  0.9601  -1.9398   0.8219  -2.2775
  0.9612  -1.9381   0.8181  -2.2757
  0.9622  -1.9364   0.8147  -2.2738
  0.9631  -1.9347   0.8114  -2.2719
  0.9640  -1.9332   0.8085  -2.2700
  0.9648  -1.9316   0.8058  -2.2681
  0.9655  -1.9302   0.8034  -2.2663
  0.9661  -1.9289   0.8013  -2.2645
  0.9666  -1.9276   0.7995  -2.2629
  0.9666  -1.9276   0.7995  -2.2629
  0.9740  -1.9337   0.7980  -2.2614
  0.9813  -1.9395   0.7967  -2.2606
  0.9887  -1.9449   0.7957  -2.2605
  0.9960  -1.9499   0.7951  -2.2608
  1.0033  -1.9546   0.7947  -2.2617
  1.0106  -1.9590   0.7946  -2.2630
  1.0179  -1.9630   0.7947  -2.2646
  1.0251  -1.9668   0.7951  -2.2666
  1.0323  -1.9701   0.7958  -2.2689
  1.0395  -1.9732   0.7967  -2.2714
  1.0467  -1.9760   0.7978  -2.2742
  1.0537  -1.9784   0.7991  -2.2771
  1.0608  -1.9805   0.8007  -2.2802
  1.0678  -1.9824   0.8024  -2.2834
  1.0747  -1.9839   0.8044  -2.2867
  1.0816  -1.9851   0.8066  -2.2901
  1.0884  -1.9861   0.8089  -2.2936
  1.0951  -1.9867   0.8114  -2.2971
  1.1017  -1.9871   0.8141  -2.3006
  1.1083  -1.9871   0.8169  -2.3042
  1.1148  -1.9869   0.8199  -2.3078
  1.1212  -1.9865   0.8231  -2.3114
  1.1275  -1.9857   0.8264  -2.3149
  1.1338  -1.9847   0.8298  -2.3185
  1.1399  -1.9834   0.8334  -2.3220
  1.1459  -1.9818   0.8371  -2.3255
  1.1518  -1.9800   0.8409  -2.3289
  1.1576  -1.9780   0.8448  -2.3323
  1.1633  -1.9756   0.8488  -2.3357
  1.1689  -1.9730   0.8529  -2.3390
  1.1744  -1.9702   0.8571  -2.3422
  1.1797  -1.9671   0.8613  -2.3453
  1.1849  -1.9638   0.8657  -2.3484
  1.1900  -1.9603   0.8701  -2.3515
  1.1950  -1.9565   0.8746  -2.3544
  1.1998  -1.9525   0.8792  -2.3573
  1.2045  -1.9482   0.8838  -2.3601
  1.2091  -1.9437   0.8884  -2.3628
  1.2135  -1.9390   0.8931  -2.3655
  1.2178  -1.9341   0.8978  -2.3680
  1.2220  -1.9289   0.9026  -2.3705
  1.2260  -1.9235   0.9073  -2.3729
  1.2299  -1.9180   0.9121  -2.3752
  1.2336  -1.9121   0.9169  -2.3775
  1.2372  -1.9061   0.9216  -2.3796
  1.2407  -1.8999   0.9264  -2.3817
  1.2440  -1.8935   0.9312  -2.3837
  1.2472  -1.8868   0.9359  -2.3856
  1.2502  -1.8800   0.9406  -2.3874
  1.2530  -1.8729   0.9453  -2.3891
  1.2558  -1.8657   0.9499  -2.3908
  1.2583  -1.8582   0.9544  -2.3924
  1.2608  -1.8506   0.9590  -2.3938
  1.2631  -1.8427   0.9634  -2.3953
  1.2652  -1.8347   0.9678  -2.3966
  1.2672  -1.8265   0.9721  -2.3978
  1.2690  -1.8181   0.9763  -2.3990
  1.2707  -1.8094   0.9804  -2.4001
  1.2723  -1.8006   0.9844  -2.4011
  1.2737  -1.7916   0.9883  -2.4021
  1.2749  -1.7825   0.9921  -2.4029
  1.2760  -1.7731   0.9958  -2.4037
  1.2770  -1.7635   0.9993  -2.4045
  1.2778  -1.7538   1.0027  -2.4051
  1.2784  -1.7439   1.0059  -2.4057
  1.2790  -1.7337   1.0090  -2.4063
  1.2793  -1.7234   1.0119  -2.4068
  1.2796  -1.7129   1.0147  -2.4072
  1.2796  -1.7022   1.0173  -2.4076
  1.2796  -1.6914   1.0196  -2.4079
  1.2794  -1.6803   1.0218  -2.4081
  1.2790  -1.6691   1.0238  -2.4084
  1.2785  -1.6576   1.0256  -2.4086
  1.2779  -1.6460   1.0271  -2.4087
  1.2771  -1.6342   1.0284  -2.4088
  1.2761  -1.6222   1.0294  -2.4089
  1.2750  -1.6100   1.0302  -2.4089
  1.2738  -1.5976   1.0308  -2.4090
  1.2724  -1.5850   1.0311  -2.4090
  1.2724  -1.5850   1.0311  -2.4090
  1.2709  -1.5722   1.0311  -2.4090
  1.2696  -1.5633   1.0307  -2.4087
  1.2687  -1.5575   1.0299  -2.4082
  1.2679  -1.5542   1.0287  -2.4075
  1.2673  -1.5531   1.0272  -2.4067
  1.2669  -1.5537   1.0253  -2.4057
  1.2665  -1.5556   1.0231  -2.4045
  1.2662  -1.5586   1.0207  -2.4032
  1.2659  -1.5625   1.0179  -2.4018
  1.2657  -1.5671   1.0148  -2.4003
  1.2655  -1.5723   1.0115  -2.3987
  1.2653  -1.5779   1.0080  -2.3969
  1.2651  -1.5839   1.0042  -2.3951
  1.2648  -1.5902   1.0001  -2.3931
  1.2646  -1.5967   0.9959  -2.3911
  1.2643  -1.6034   0.9914  -2.3889
  1.2640  -1.6103   0.9868  -2.3866
  1.2637  -1.6172   0.9819  -2.3842
  1.2633  -1.6242   0.9769  -2.3817
  1.2629  -1.6313   0.9717  -2.3791
  1.2625  -1.6384   0.9664  -2.3764
  1.2620  -1.6456   0.9609  -2.3736
  1.2615  -1.6528   0.9553  -2.3707
  1.2609  -1.6599   0.9495  -2.3676
  1.2603  -1.6671   0.9436  -2.3645
  1.2597  -1.6743   0.9377  -2.3612
  1.2590  -1.6815   0.9316  -2.3578
  1.2582  -1.6886   0.9254  -2.3543
  1.2575  -1.6958   0.9191  -2.3507
  1.2567  -1.7029   0.9127  -2.3470
  1.2558  -1.7100   0.9062  -2.3431
  1.2549  -1.7171   0.8997  -2.3392
  1.2540  -1.7242   0.8931  -2.3351
  1.2530  -1.7312   0.8865  -2.3309
  1.2520  -1.7383   0.8798  -2.3266
  1.2509  -1.7453   0.8731  -2.3222
  1.2498  -1.7522   0.8663  -2.3177
  1.2487  -1.7592   0.8595  -2.3131
  1.2475  -1.7661   0.8527  -2.3083
  1.2463  -1.7730   0.8459  -2.3035
  1.2450  -1.7799   0.8390  -2.2985
  1.2437  -1.7867   0.8321  -2.2934
  1.2424  -1.7935   0.8253  -2.2882
  1.2410  -1.8003   0.8184  -2.2829
  1.2396  -1.8071   0.8115  -2.2775
  1.2382  -1.8138   0.8047  -2.2720
  1.2367  -1.8205   0.7979  -2.2664
  1.2352  -1.8272   0.7910  -2.2607
  1.2336  -1.8338   0.7843  -2.2548
  1.2321  -1.8405   0.7775  -2.2489
  1.2304  -1.8471   0.7708  -2.2429
  1.2288  -1.8536   0.7641  -2.2367
  1.2271  -1.8601   0.7574  -2.2305
  1.2254  -1.8667   0.7508  -2.2242
  1.2237  -1.8731   0.7442  -2.2178
  1.2219  -1.8796   0.7377  -2.2112
  1.2201  -1.8860   0.7313  -2.2046
  1.2182  -1.8924   0.7249  -2.1979
  1.2164  -1.8987   0.7185  -2.1911
  1.2145  -1.9050   0.7122  -2.1842
  1.2126  -1.9113   0.7060  -2.1773
  1.2107  -1.9176   0.6998  -2.1702
  1.2087  -1.9238   0.6938  -2.1630
  1.2067  -1.9300   0.6877  -2.1558
  1.2047  -1.9362   0.6818  -2.1485
  1.2027  -1.9423   0.6759  -2.1411
  1.2007  -1.9484   0.6701  -2.1336
  1.1986  -1.9545   0.6644  -2.1261
  1.1965  -1.9605   0.6588  -2.1184
  1.1944  -1.9665   0.6533  -2.1107
  1.1923  -1.9725   0.6478  -2.1029
  1.1902  -1.9784   0.6424  -2.0950
  1.1881  -1.9843   0.6372  -2.0871
  1.1859  -1.9902   0.6320  -2.0791
  1.1838  -1.9960   0.6269  -2.0710
  1.1816  -2.0018   0.6218  -2.0628
  1.1795  -2.0076   0.6169  -2.0546
  1.1773  -2.0133   0.6121  -2.0463
  1.1751  -2.0190   0.6074  -2.0379
  1.1730  -2.0247   0.6027  -2.0294
  1.1708  -2.0303   0.5982  -2.0209
  1.1686  -2.0359   0.5937  -2.0124
  1.1664  -2.0414   0.5894  -2.0037
  1.1643  -2.0470   0.5851  -1.9950
  1.1621  -2.0525   0.5810  -1.9862
  1.1600  -2.0579   0.5769  -1.9774
  1.1579  -2.0633   0.5729  -1.9685
  1.1558  -2.0687   0.5691  -1.9596
  1.1537  -2.0741   0.5653  -1.9506
  1.1516  -2.0794   0.5616  -1.9415
  1.1495  -2.0847   0.5581  -1.9324
  1.1475  -2.0899   0.5546  -1.9232
  1.1455  -2.0951   0.5512  -1.9139
  1.1435  -2.1003   0.5480  -1.9046
  1.1416  -2.1054   0.5448  -1.8953
  1.1397  -2.1105   0.5417  -1.8859
  1.1378  -2.1156   0.5387  -1.8765
  1.1360  -2.1206   0.5358  -1.8670
  1.1342  -2.1256   0.5330  -1.8575
  1.1324  -2.1305   0.5303  -1.8479
  1.1308  -2.1354   0.5277  -1.8383
  1.1291  -2.1403   0.5252  -1.8287
  1.1275  -2.1451   0.5228  -1.8191
  1.1260  -2.1498   0.5205  -1.8095
  1.1245  -2.1545   0.5183  -1.7998
  1.1231  -2.1591   0.5162  -1.7902
  1.1218  -2.1636   0.5141  -1.7807
  1.1205  -2.1681   0.5122  -1.7712
  1.1194  -2.1724   0.5104  -1.7618
  1.1183  -2.1766   0.5087  -1.7526
  1.1172  -2.1807   0.5071  -1.7436
  1.1163  -2.1846   0.5056  -1.7348
  1.1155  -2.1883   0.5042  -1.7265
  1.1148  -2.1917   0.5029  -1.7186
  1.1141  -2.1948   0.5018  -1.7113
  1.1136  -2.1976   0.5009  -1.7048
  1.1132  -2.1998   0.5001  -1.6994
  1.1132  -2.1998   0.5001  -1.6994
  1.1130  -2.2015   0.5106  -1.7096
  1.1128  -2.2026   0.5210  -1.7197
  1.1125  -2.2033   0.5315  -1.7296
  1.1122  -2.2036   0.5418  -1.7393
  1.1119  -2.2035   0.5521  -1.7489
  1.1116  -2.2031   0.5624  -1.7583
  1.1113  -2.2024   0.5727  -1.7676
  1.1109  -2.2015   0.5829  -1.7767
  1.1106  -2.2003   0.5930  -1.7856
  1.1102  -2.1989   0.6031  -1.7944
  1.1098  -2.1974   0.6132  -1.8030
  1.1094  -2.1957   0.6232  -1.8115
  1.1090  -2.1938   0.6332  -1.8198
  1.1085  -2.1918   0.6432  -1.8280
  1.1081  -2.1897   0.6531  -1.8360
  1.1076  -2.1875   0.6630  -1.8438
  1.1072  -2.1852   0.6728  -1.8515
  1.1067  -2.1828   0.6826  -1.8591
  1.1063  -2.1804   0.6924  -1.8665
  1.1058  -2.1779   0.7021  -1.8737
  1.1053  -2.1753   0.7118  -1.8808
  1.1048  -2.1727   0.7214  -1.8878
  1.1043  -2.1701   0.7310  -1.8945
  1.1038  -2.1675   0.7405  -1.9011
  1.1033  -2.1648   0.7500  -1.9076
  1.1027  -2.1621   0.7595  -1.9139
  1.1022  -2.1594   0.7689  -1.9200
  1.1017  -2.1566   0.7782  -1.9260
  1.1012  -2.1539   0.7875  -1.9318
  1.1006  -2.1512   0.7968  -1.9375
  1.1001  -2.1484   0.8060  -1.9430
  1.0996  -2.1457   0.8151  -1.9483
  1.0990  -2.1430   0.8242  -1.9535
  1.0985  -2.1403   0.8332  -1.9585
  1.0980  -2.1375   0.8422  -1.9633
  1.0974  -2.1348   0.8510  -1.9680
  1.0969  -2.1322   0.8599  -1.9725
  1.0964  -2.1295   0.8686  -1.9768
  1.0958  -2.1268   0.8773  -1.9810
  1.0953  -2.1242   0.8859  -1.9849
  1.0948  -2.1216   0.8944  -1.9887
  1.0943  -2.1189   0.9029  -1.9924
  1.0937  -2.1164   0.9112  -1.9958
  1.0932  -2.1138   0.9195  -1.9991
  1.0927  -2.1113   0.9277  -2.0021
  1.0922  -2.1088   0.9358  -2.0050
  1.0917  -2.1063   0.9437  -2.0077
  1.0913  -2.1038   0.9516  -2.0103
  1.0908  -2.1014   0.9594  -2.0126
  1.0903  -2.0990   0.9670  -2.0147
  1.0898  -2.0966   0.9746  -2.0167
  1.0894  -2.0943   0.9820  -2.0184
  1.0890  -2.0920   0.9893  -2.0200
  1.0885  -2.0897   0.9965  -2.0213
  1.0881  -2.0875   1.0035  -2.0225
  1.0877  -2.0853   1.0104  -2.0234
  1.0873  -2.0831   1.0172  -2.0241
  1.0869  -2.0810   1.0238  -2.0247
  1.0865  -2.0789   1.0302  -2.0250
  1.0862  -2.0769   1.0365  -2.0251
  1.0858  -2.0750   1.0426  -2.0250
  1.0855  -2.0730   1.0486  -2.0247
  1.0851  -2.0712   1.0544  -2.0242
  1.0848  -2.0694   1.0600  -2.0234
  1.0845  -2.0676   1.0654  -2.0224
  1.0843  -2.0660   1.0706  -2.0212
  1.0840  -2.0644   1.0756  -2.0198
  1.0838  -2.0628   1.0804  -2.0181
  1.0835  -2.0614   1.0851  -2.0163
  1.0833  -2.0600   1.0895  -2.0141
  1.0831  -2.0588   1.0937  -2.0118
  1.0830  -2.0576   1.0976  -2.0092
  1.0828  -2.0566   1.1013  -2.0064
  1.0827  -2.0556   1.1048  -2.0033
  1.0825  -2.0548   1.1081  -2.0000
  1.0825  -2.0541   1.1111  -1.9964
  1.0824  -2.0536   1.1139  -1.9926
  1.0823  -2.0532   1.1164  -1.9886
  1.0823  -2.0531   1.1186  -1.9843
  1.0823  -2.0531   1.1186  -1.9843
  1.0823  -2.0531   1.1206  -1.9797
  1.0823  -2.0528   1.1224  -1.9765
  1.0822  -2.0523   1.1241  -1.9744
  1.0821  -2.0516   1.1256  -1.9733
  1.0820  -2.0508   1.1270  -1.9728
  1.0819  -2.0499   1.1282  -1.9730
  1.0817  -2.0489   1.1293  -1.9736
  1.0815  -2.0478   1.1301  -1.9746
  1.0813  -2.0467   1.1309  -1.9760
  1.0811  -2.0455   1.1314  -1.9776
  1.0808  -2.0442   1.1318  -1.9794
  1.0806  -2.0430   1.1321  -1.9813
  1.0803  -2.0417   1.1321  -1.9834
  1.0800  -2.0403   1.1321  -1.9856
  1.0797  -2.0390   1.1318  -1.9880
  1.0794  -2.0376   1.1314  -1.9904
  1.0791  -2.0363   1.1309  -1.9928
  1.0788  -2.0349   1.1302  -1.9953
  1.0785  -2.0335   1.1294  -1.9979
  1.0782  -2.0321   1.1284  -2.0005
  1.0779  -2.0307   1.1273  -2.0031
  1.0775  -2.0292   1.1260  -2.0057
  1.0772  -2.0278   1.1247  -2.0084
  1.0769  -2.0264   1.1231  -2.0111
  1.0766  -2.0249   1.1215  -2.0137
  1.0762  -2.0235   1.1197  -2.0164
  1.0759  -2.0220   1.1178  -2.0192
  1.0756  -2.0206   1.1158  -2.0219
  1.0753  -2.0191   1.1136  -2.0246
  1.0750  -2.0176   1.1114  -2.0273
  1.0747  -2.0161   1.1090  -2.0300
  1.0744  -2.0147   1.1065  -2.0328
  1.0741  -2.0132   1.1039  -2.0355
  1.0739  -2.0117   1.1012  -2.0382
  1.0736  -2.0102   1.0984  -2.0409
  1.0734  -2.0087   1.0955  -2.0436
  1.0731  -2.0071   1.0925  -2.0464
  1.0729  -2.0056   1.0894  -2.0491
  1.0727  -2.0041   1.0862  -2.0518
  1.0725  -2.0026   1.0829  -2.0545
  1.0723  -2.0011   1.0795  -2.0571
  1.0721  -1.9995   1.0760  -2.0598
  1.0720  -1.9980   1.0725  -2.0625
  1.0718  -1.9965   1.0688  -2.0651
  1.0717  -1.9949   1.0651  -2.0678
  1.0716  -1.9934   1.0614  -2.0704
  1.0715  -1.9918   1.0575  -2.0731
  1.0714  -1.9903   1.0536  -2.0757
  1.0713  -1.9887   1.0496  -2.0783
  1.0713  -1.9872   1.0455  -2.0809
  1.0712  -1.9856   1.0414  -2.0834
  1.0712  -1.9840   1.0372  -2.0860
  1.0712  -1.9825   1.0329  -2.0885
  1.0712  -1.9809   1.0286  -2.0911
  1.0712  -1.9793   1.0243  -2.0936
  1.0713  -1.9777   1.0199  -2.0961
  1.0713  -1.9762   1.0154  -2.0986
  1.0714  -1.9746   1.0109  -2.1010
  1.0715  -1.9730   1.0064  -2.1035
  1.0716  -1.9714   1.0018  -2.1059
  1.0717  -1.9698   0.9972  -2.1083
  1.0719  -1.9682   0.9925  -2.1107
  1.0720  -1.9666   0.9878  -2.1131
  1.0722  -1.9650   0.9831  -2.1155
  1.0724  -1.9634   0.9784  -2.1178
  1.0726  -1.9619   0.9736  -2.1201
  1.0728  -1.9603   0.9688  -2.1224
  1.0731  -1.9587   0.9640  -2.1247
  1.0733  -1.9571   0.9592  -2.1269
  1.0736  -1.9555   0.9544  -2.1292
  1.0738  -1.9539   0.9496  -2.1314
  1.0741  -1.9523   0.9447  -2.1336
  1.0744  -1.9507   0.9399  -2.1358
  1.0747  -1.9490   0.9350  -2.1379
  1.0750  -1.9474   0.9302  -2.1400
  1.0754  -1.9458   0.9254  -2.1421
  1.0757  -1.9442   0.9206  -2.1442
  1.0761  -1.9426   0.9158  -2.1463
  1.0764  -1.9410   0.9110  -2.1483
  1.0768  -1.9394   0.9062  -2.1503
  1.0772  -1.9378   0.9015  -2.1523
  1.0776  -1.9362   0.8968  -2.1543
  1.0780  -1.9346   0.8921  -2.1562
  1.0784  -1.9330   0.8875  -2.1581
  1.0788  -1.9314   0.8829  -2.1600
  1.0792  -1.9298   0.8783  -2.1619
  1.0796  -1.9282   0.8738  -2.1637
  1.0800  -1.9266   0.8694  -2.1655
  1.0804  -1.9250   0.8650  -2.1673
  1.0809  -1.9234   0.8607  -2.1691
  1.0813  -1.9219   0.8564  -2.1708
  1.0817  -1.9203   0.8522  -2.1725
  1.0821  -1.9187   0.8481  -2.1742
  1.0825  -1.9171   0.8440  -2.1759
  1.0829  -1.9155   0.8401  -2.1776
  1.0833  -1.9139   0.8362  -2.1792
  1.0837  -1.9124   0.8324  -2.1808
  1.0841  -1.9108   0.8288  -2.1824
  1.0845  -1.9092   0.8252  -2.1839
  1.0849  -1.9077   0.8217  -2.1854
  1.0853  -1.9061   0.8184  -2.1869
  1.0856  -1.9046   0.8152  -2.1884
  1.0860  -1.9031   0.8121  -2.1899
  1.0863  -1.9015   0.8091  -2.1913
  1.0866  -1.9000   0.8062  -2.1927
  1.0869  -1.8985   0.8035  -2.1940
  1.0872  -1.8971   0.8010  -2.1954
  1.0875  -1.8956   0.7986  -2.1967
  1.0877  -1.8942   0.7964  -2.1979
  1.0879  -1.8928   0.7943  -2.1992
  1.0882  -1.8915   0.7924  -2.2003
  1.0883  -1.8902   0.7907  -2.2014
  1.0885  -1.8890   0.7892  -2.2025
  1.0886  -1.8879   0.7879  -2.2035
  1.0887  -1.8869   0.7868  -2.2043
  1.0887  -1.8869   0.7868  -2.2043
  1.0955  -1.8920   0.7858  -2.2051
  1.1023  -1.8968   0.7850  -2.2062
  1.1090  -1.9012   0.7846  -2.2076
  1.1157  -1.9053   0.7844  -2.2092
  1.1223  -1.9092   0.7844  -2.2111
  1.1288  -1.9127   0.7847  -2.2132
  1.1353  -1.9159   0.7852  -2.2155
  1.1418  -1.9188   0.7859  -2.2180
  1.1481  -1.9214   0.7869  -2.2206
  1.1544  -1.9237   0.7880  -2.2233
  1.1607  -1.9257   0.7894  -2.2261
  1.1669  -1.9274   0.7910  -2.2290
  1.1729  -1.9288   0.7928  -2.2319
  1.1790  -1.9300   0.7947  -2.2350
  1.1849  -1.9309   0.7968  -2.2380
  1.1907  -1.9315   0.7991  -2.2412
  1.1965  -1.9318   0.8016  -2.2443
  1.2022  -1.9319   0.8043  -2.2475
  1.2078  -1.9317   0.8071  -2.2506
  1.2132  -1.9312   0.8100  -2.2538
  1.2186  -1.9305   0.8131  -2.2570
  1.2239  -1.9295   0.8163  -2.2601
  1.2291  -1.9283   0.8197  -2.2633
  1.2342  -1.9268   0.8232  -2.2664
  1.2391  -1.9251   0.8268  -2.2695
  1.2440  -1.9231   0.8305  -2.2726
  1.2487  -1.9209   0.8343  -2.2757
  1.2534  -1.9184   0.8383  -2.2787
  1.2579  -1.9157   0.8423  -2.2817
  1.2623  -1.9128   0.8464  -2.2846
  1.2665  -1.9097   0.8506  -2.2875
  1.2707  -1.9063   0.8549  -2.2903
  1.2747  -1.9027   0.8593  -2.2931
  1.2786  -1.8989   0.8637  -2.2959
  1.2824  -1.8948   0.8682  -2.2986
  1.2861  -1.8905   0.8727  -2.3013
  1.2896  -1.8861   0.8773  -2.3039
  1.2930  -1.8814   0.8819  -2.3064
  1.2962  -1.8764   0.8866  -2.3089
  1.2994  -1.8713   0.8913  -2.3114
  1.3024  -1.8660   0.8960  -2.3138
  1.3053  -1.8604   0.9008  -2.3161
  1.3080  -1.8547   0.9055  -2.3184
  1.3106  -1.8488   0.9103  -2.3206
  1.3131  -1.8426   0.9150  -2.3228
  1.3154  -1.8363   0.9198  -2.3249
  1.3176  -1.8297   0.9245  -2.3269
  1.3197  -1.8230   0.9292  -2.3289
  1.3216  -1.8160   0.9339  -2.3308
  1.3234  -1.8089   0.9385  -2.3327
  1.3251  -1.8015   0.9431  -2.3345
  1.3266  -1.7940   0.9476  -2.3363
  1.3280  -1.7863   0.9521  -2.3380
  1.3293  -1.7784   0.9565  -2.3396
  1.3304  -1.7703   0.9609  -2.3412
  1.3314  -1.7620   0.9652  -2.3427
  1.3322  -1.7535   0.9694  -2.3442
  1.3329  -1.7448   0.9735  -2.3456
  1.3335  -1.7359   0.9775  -2.3469
  1.3340  -1.7269   0.9813  -2.3482
  1.3343  -1.7176   0.9851  -2.3495
  1.3344  -1.7082   0.9888  -2.3507
  1.3345  -1.6986   0.9923  -2.3518
  1.3344  -1.6888   0.9957  -2.3529
  1.3342  -1.6787   0.9989  -2.3539
  1.3338  -1.6685   1.0020  -2.3549
  1.3333  -1.6582   1.0049  -2.3558
  1.3326  -1.6476   1.0076  -2.3566
  1.3319  -1.6368   1.0102  -2.3574
  1.3309  -1.6258   1.0125  -2.3582
  1.3299  -1.6147   1.0147  -2.3588
  1.3287  -1.6033   1.0166  -2.3595
  1.3274  -1.5917   1.0184  -2.3600
  1.3259  -1.5800   1.0199  -2.3605
  1.3243  -1.5680   1.0212  -2.3609
  1.3225  -1.5558   1.0223  -2.3613
  1.3207  -1.5435   1.0231  -2.3615
  1.3186  -1.5309   1.0236  -2.3617
  1.3164  -1.5181   1.0239  -2.3618
  1.3164  -1.5181   1.0239  -2.3618
  1.3141  -1.5051   1.0239  -2.3618
  1.3122  -1.4961   1.0235  -2.3614
  1.3105  -1.4903   1.0227  -2.3605
  1.3092  -1.4873   1.0217  -2.3594
  1.3080  -1.4864   1.0202  -2.3580
  1.3069  -1.4873   1.0185  -2.3564
  1.3060  -1.4896   1.0165  -2.3546
  1.3052  -1.4931   1.0141  -2.3527
  1.3045  -1.4974   1.0115  -2.3506
  1.3038  -1.5025   1.0087  -2.3485
  1.3031  -1.5083   1.0056  -2.3462
  1.3025  -1.5145   1.0022  -2.3439
  1.3019  -1.5211   0.9987  -2.3414
  1.3012  -1.5279   0.9949  -2.3389
  1.3006  -1.5351   0.9909  -2.3364
  1.2999  -1.5424   0.9867  -2.3337
  1.2992  -1.5499   0.9823  -2.3310
  1.2985  -1.5575   0.9778  -2.3283
  1.2978  -1.5652   0.9731  -2.3254
  1.2970  -1.5729   0.9682  -2.3225
  1.2962  -1.5808   0.9632  -2.3195
  1.2954  -1.5886   0.9580  -2.3165
  1.2945  -1.5965   0.9527  -2.3134
  1.2936  -1.6044   0.9473  -2.3102
  1.2926  -1.6123   0.9417  -2.3070
  1.2917  -1.6202   0.9360  -2.3037
  1.2906  -1.6281   0.9303  -2.3003
  1.2896  -1.6360   0.9244  -2.2969
  1.2885  -1.6439   0.9184  -2.2933
  1.2873  -1.6518   0.9124  -2.2898
  1.2861  -1.6596   0.9062  -2.2861
  1.2849  -1.6675   0.9000  -2.2824
  1.2836  -1.6753   0.8938  -2.2786
  1.2823  -1.6831   0.8874  -2.2747
  1.2809  -1.6909   0.8811  -2.2707
  1.2795  -1.6987   0.8746  -2.2667
  1.2781  -1.7064   0.8681  -2.2626
  1.2766  -1.7141   0.8616  -2.2584
  1.2751  -1.7218   0.8551  -2.2542
  1.2735  -1.7294   0.8485  -2.2498
  1.2719  -1.7371   0.8419  -2.2454
  1.2703  -1.7447   0.8353  -2.2409
  1.2686  -1.7522   0.8287  -2.2364
  1.2669  -1.7598   0.8220  -2.2317
  1.2651  -1.7673   0.8154  -2.2270
  1.2633  -1.7748   0.8087  -2.2222
  1.2615  -1.7822   0.8021  -2.2173
  1.2596  -1.7897   0.7955  -2.2124
  1.2577  -1.7970   0.7888  -2.2073
  1.2557  -1.8044   0.7822  -2.2022
  1.2537  -1.8117   0.7757  -2.1970
  1.2517  -1.8190   0.7691  -2.1918
  1.2497  -1.8263   0.7626  -2.1864
  1.2476  -1.8335   0.7561  -2.1810
  1.2454  -1.8407   0.7496  -2.1755
  1.2433  -1.8479   0.7432  -2.1699
  1.2411  -1.8550   0.7368  -2.1643
  1.2389  -1.8621   0.7304  -2.1585
  1.2366  -1.8691   0.7241  -2.1527
  1.2343  -1.8761   0.7179  -2.1468
  1.2320  -1.8831   0.7117  -2.1409
  1.2297  -1.8901   0.7056  -2.1348
  1.2273  -1.8970   0.6995  -2.1287
  1.2249  -1.9038   0.6935  -2.1225
  1.2225  -1.9107   0.6875  -2.1162
  1.2201  -1.9175   0.6816  -2.1099
  1.2176  -1.9242   0.6758  -2.1035
  1.2152  -1.9309   0.6700  -2.0970
  1.2127  -1.9376   0.6643  -2.0904
  1.2102  -1.9443   0.6587  -2.0838
  1.2076  -1.9509   0.6532  -2.0771
  1.2051  -1.9574   0.6477  -2.0703
  1.2026  -1.9639   0.6423  -2.0634
  1.2000  -1.9704   0.6370  -2.0565
  1.1974  -1.9769   0.6318  -2.0495
  1.1948  -1.9832   0.6266  -2.0424
  1.1922  -1.9896   0.6216  -2.0353
  1.1897  -1.9959   0.6166  -2.0281
  1.1871  -2.0022   0.6117  -2.0208
  1.1845  -2.0084   0.6069  -2.0134
  1.1819  -2.0146   0.6022  -2.0060
  1.1793  -2.0208   0.5976  -1.9985
  1.1767  -2.0269   0.5931  -1.9910
  1.1742  -2.0330   0.5887  -1.9834
  1.1716  -2.0390   0.5844  -1.9757
  1.1690  -2.0450   0.5801  -1.9679
  1.1665  -2.0509   0.5760  -1.9601
  1.1640  -2.0568   0.5720  -1.9523
  1.1615  -2.0627   0.5680  -1.9443
  1.1590  -2.0685   0.5642  -1.9363
  1.1566  -2.0743   0.5604  -1.9283
  1.1542  -2.0800   0.5568  -1.9202
  1.1518  -2.0857   0.5532  -1.9120
  1.1495  -2.0913   0.5498  -1.9038
  1.1472  -2.0970   0.5465  -1.8955
  1.1449  -2.1025   0.5432  -1.8872
  1.1427  -2.1080   0.5401  -1.8788
  1.1405  -2.1135   0.5370  -1.8704
  1.1384  -2.1189   0.5341  -1.8619
  1.1363  -2.1243   0.5312  -1.8534
  1.1343  -2.1296   0.5285  -1.8449
  1.1324  -2.1349   0.5259  -1.8363
  1.1305  -2.1401   0.5234  -1.8277
  1.1287  -2.1453   0.5209  -1.8191
  1.1270  -2.1503   0.5186  -1.8105
  1.1253  -2.1553   0.5164  -1.8019
  1.1238  -2.1603   0.5143  -1.7933
  1.1223  -2.1651   0.5123  -1.7848
  1.1209  -2.1698   0.5104  -1.7764
  1.1196  -2.1744   0.5086  -1.7682
  1.1184  -2.1788   0.5070  -1.7601
  1.1173  -2.1830   0.5054  -1.7522
  1.1164  -2.1870   0.5040  -1.7446
  1.1155  -2.1908   0.5028  -1.7375
  1.1148  -2.1941   0.5016  -1.7310
  1.1142  -2.1971   0.5007  -1.7251
