  0.0000   0.0000   0.0000   0.0000
  0.0369   0.0654   0.0819  -0.0486
  0.0681   0.1393   0.1571  -0.0812
  0.1004   0.2170   0.2357  -0.1156
  0.1347   0.3013   0.3206  -0.1552
  0.1746   0.3838   0.4134  -0.2038
  0.2130   0.4634   0.5026  -0.2496
  0.2504   0.5408   0.5897  -0.2939
  0.2868   0.6165   0.6745  -0.3366
  0.3224   0.6901   0.7573  -0.3780
  0.3580   0.7607   0.8390  -0.4192
  0.3914   0.8308   0.9175  -0.4575
  0.4239   0.8991   0.9941  -0.4944
  0.4555   0.9656   1.0687  -0.5299
  0.4862   1.0302   1.1414  -0.5642
  0.5170   1.0920   1.2132  -0.5984
  0.5457   1.1532   1.2820  -0.6299
  0.5745   1.2116   1.3499  -0.6613
  0.6014   1.2694   1.4149  -0.6901
  0.6273   1.3255   1.4781  -0.7176
  0.6530   1.3793   1.5401  -0.7446
  0.6743   1.4352   1.5969  -0.7660
  0.6957   1.4884   1.6528  -0.7873
  0.7174   1.5386   1.7081  -0.8089
  0.7387   1.5865   1.7620  -0.8298
  0.7597   1.6321   1.8148  -0.8502
  0.7798   1.6761   1.8659  -0.8694
  0.7984   1.7194   1.9145  -0.8865
  0.8162   1.7611   1.9615  -0.9025
  0.8336   1.8007   2.0072  -0.9178
  0.8502   1.8388   2.0512  -0.9319
  0.8659   1.8755   2.0936  -0.9448
  0.8803   1.9110   2.1338  -0.9559
  0.8940   1.9451   2.1723  -0.9659
  0.9068   1.9777   2.2091  -0.9746
  0.9192   2.0085   2.2446  -0.9826
  0.9308   2.0378   2.2784  -0.9893
  0.9416   2.0657   2.3106  -0.9950
  0.9517   2.0922   2.3412  -0.9994
  0.9607   2.1177   2.3698  -1.0024
  0.9693   2.1414   2.3972  -1.0045
  0.9763   2.1647   2.4221  -1.0045
  0.9810   2.1884   2.4438  -1.0013
  0.9875   2.2080   2.4663  -1.0000
  0.9932   2.2263   2.4871  -0.9975
  0.9983   2.2430   2.5065  -0.9941
  1.0028   2.2584   2.5243  -0.9896
  1.0067   2.2724   2.5405  -0.9839
  1.0100   2.2850   2.5552  -0.9772
  1.0127   2.2962   2.5683  -0.9695
  1.0148   2.3059   2.5799  -0.9607
  1.0164   2.3143   2.5899  -0.9509
  1.0175   2.3213   2.5985  -0.9401
  1.0180   2.3270   2.6055  -0.9282
  1.0180   2.3312   2.6109  -0.9153
  1.0174   2.3341   2.6148  -0.9014
  1.0164   2.3356   2.6172  -0.8864
  1.0148   2.3358   2.6180  -0.8703
  1.0126   2.3348   2.6172  -0.8531
  1.0099   2.3325   2.6148  -0.8349
  1.0067   2.3290   2.6108  -0.8155
  1.0029   2.3242   2.6052  -0.7950
  0.9987   2.3182   2.5980  -0.7734
  0.9939   2.3109   2.5892  -0.7507
  0.9886   2.3024   2.5788  -0.7270
  0.9829   2.2927   2.5669  -0.7022
  0.9770   2.2827   2.5544  -0.6770
  0.9712   2.2732   2.5421  -0.6519
  0.9651   2.2633   2.5291  -0.6264
  0.9589   2.2530   2.5155  -0.6003
  0.9519   2.2446   2.5013  -0.5734
  0.9447   2.2352   2.4863  -0.5460
  0.9375   2.2248   2.4703  -0.5181
  0.9301   2.2135   2.4535  -0.4896
  0.9225   2.2014   2.4358  -0.4607
  0.9146   2.1895   2.4173  -0.4311
  0.9067   2.1761   2.3979  -0.4011
  0.8986   2.1620   2.3776  -0.3706
  0.8904   2.1473   2.3565  -0.3396
  0.8820   2.1319   2.3345  -0.3080
  0.8735   2.1159   2.3117  -0.2760
  0.8649   2.0993   2.2881  -0.2434
  0.8561   2.0821   2.2637  -0.2103
  0.8471   2.0642   2.2384  -0.1768
  0.8381   2.0457   2.2123  -0.1427
  0.8290   2.0263   2.1853  -0.1082
  0.8197   2.0063   2.1575  -0.0732
  0.8104   1.9857   2.1289  -0.0378
  0.8009   1.9643   2.0995  -0.0019
  0.7915   1.9422   2.0692   0.0345
  0.7756   1.9425   2.0414   0.0748
  0.7661   1.9182   2.0094   0.1120
  0.7566   1.8931   1.9766   0.1496
  0.7471   1.8672   1.9429   0.1875
  0.7376   1.8404   1.9085   0.2259
  0.7283   1.8119   1.8730   0.2647
  0.7189   1.7827   1.8367   0.3039
  0.7094   1.7524   1.7993   0.3436
  0.6999   1.7198   1.7600   0.3844
  0.6901   1.6861   1.7194   0.4259
  0.6804   1.6529   1.6789   0.4674
  0.6705   1.6173   1.6362   0.5101
  0.6605   1.5808   1.5926   0.5533
  0.6505   1.5439   1.5483   0.5969
  0.6405   1.5065   1.5033   0.6409
  0.6304   1.4687   1.4577   0.6852
  0.6203   1.4304   1.4113   0.7300
  0.6101   1.3917   1.3643   0.7751
  0.5999   1.3525   1.3167   0.8207
  0.5897   1.3128   1.2684   0.8665
  0.5734   1.2837   1.2158   0.9191
  0.5626   1.2370   1.1613   0.9683
  0.5521   1.1940   1.1094   1.0163
  0.5412   1.1462   1.0535   1.0665
  0.5303   1.0981   0.9970   1.1170
  0.5194   1.0504   0.9404   1.1676
  0.5084   1.0015   0.8825   1.2190
  0.4973   0.9532   0.8246   1.2706
  0.4860   0.9021   0.7640   1.3237
  0.4743   0.8502   0.7020   1.3779
  0.4743   0.8502   0.7020   1.3779
  0.7527  -0.5499   0.7195   1.3535
  1.0424  -1.9514   0.7445   1.3294
  1.3135  -3.2150   0.7680   1.3083
  1.5668  -4.3379   0.7949   1.2855
  1.8011  -5.3365   0.8194   1.2656
  2.0193  -6.2210   0.8448   1.2457
  2.2222  -7.0036   0.8703   1.2265
  2.4114  -7.6944   0.8962   1.2077
  2.5880  -8.3030   0.9225   1.1892
  2.7537  -8.8369   0.9508   1.1696
  2.9095  -9.3040   0.9807   1.1492
  3.0559  -9.7120   1.0113   1.1288
  3.1925 -10.0692   1.0395   1.1109
  3.3203 -10.3806   1.0660   1.0950
  3.4423 -10.6473   1.0966   1.0761
  3.5575 -10.8765   1.1269   1.0579
  3.6647 -11.0750   1.1531   1.0436
  3.7661 -11.2436   1.1792   1.0299
  3.8620 -11.3853   1.2050   1.0168
  3.9528 -11.5030   1.2305   1.0044
  4.0404 -11.5964   1.2598   0.9891
  4.1234 -11.6707   1.2885   0.9748
  4.2020 -11.7279   1.3165   0.9615
  4.2764 -11.7697   1.3438   0.9491
  4.3469 -11.7976   1.3705   0.9377
  4.4135 -11.8130   1.3965   0.9271
  4.4765 -11.8171   1.4220   0.9174
  4.5359 -11.8110   1.4468   0.9086
  4.5919 -11.7956   1.4710   0.9007
  4.6445 -11.7719   1.4946   0.8937
  4.6939 -11.7405   1.5176   0.8875
  4.7401 -11.7023   1.5401   0.8822
  4.7830 -11.6578   1.5619   0.8777
  4.8229 -11.6076   1.5831   0.8740
  4.8597 -11.5522   1.6038   0.8712
  4.8934 -11.4921   1.6239   0.8693
  4.9241 -11.4277   1.6433   0.8682
  4.9517 -11.3593   1.6622   0.8679
  4.9762 -11.2874   1.6805   0.8685
  4.9978 -11.2123   1.6982   0.8699
  5.0163 -11.1342   1.7153   0.8722
  5.0317 -11.0534   1.7317   0.8754
  5.0441 -10.9702   1.7476   0.8794
  5.0534 -10.8847   1.7628   0.8842
  5.0596 -10.7973   1.7774   0.8900
  5.0626 -10.7080   1.7914   0.8966
  5.0626 -10.6170   1.8047   0.9041
  5.0593 -10.5245   1.8174   0.9125
  5.0529 -10.4307   1.8294   0.9218
  5.0432 -10.3356   1.8407   0.9320
  5.0303 -10.2394   1.8513   0.9431
  5.0141 -10.1422   1.8613   0.9551
  4.9947 -10.0441   1.8705   0.9680
  4.9718  -9.9451   1.8790   0.9819
  4.9456  -9.8453   1.8868   0.9968
  4.9160  -9.7448   1.8939   1.0126
  4.8830  -9.6435   1.9002   1.0293
  4.8465  -9.5416   1.9057   1.0471
  4.8065  -9.4389   1.9104   1.0658
  4.7630  -9.3356   1.9144   1.0855
  4.7159  -9.2315   1.9176   1.1062
  4.6652  -9.1267   1.9199   1.1279
  4.6109  -9.0210   1.9214   1.1507
  4.5529  -8.9143   1.9221   1.1745
  4.4913  -8.8066   1.9219   1.1993
  4.4259  -8.6977   1.9208   1.2252
  4.3568  -8.5874   1.9189   1.2521
  4.2839  -8.4756   1.9161   1.2801
  4.2072  -8.3619   1.9123   1.3092
  4.1266  -8.2462   1.9076   1.3394
  4.0422  -8.1281   1.9020   1.3707
  3.9539  -8.0073   1.8955   1.4031
  3.8616  -7.8834   1.8879   1.4367
  3.7655  -7.7559   1.8794   1.4713
  3.6653  -7.6242   1.8699   1.5072
  3.5611  -7.4880   1.8594   1.5441
  3.4529  -7.3464   1.8479   1.5823
  3.3407  -7.1987   1.8353   1.6216
  3.2244  -7.0443   1.8217   1.6621
  3.1040  -6.8821   1.8071   1.7038
  2.9795  -6.7112   1.7914   1.7467
  2.8510  -6.5304   1.7746   1.7908
  2.7183  -6.3385   1.7567   1.8362
  2.5814  -6.1342   1.7378   1.8827
  2.4405  -5.9159   1.7177   1.9306
  2.2954  -5.6819   1.6965   1.9797
  2.1462  -5.4303   1.6743   2.0300
  1.9929  -5.1591   1.6509   2.0816
  1.8355  -4.8659   1.6264   2.1345
  1.6740  -4.5482   1.6008   2.1887
  1.5085  -4.2031   1.5740   2.2441
  1.3389  -3.8275   1.5462   2.3009
  1.1654  -3.4179   1.5173   2.3590
  0.9879  -2.9704   1.4873   2.4184
  0.8065  -2.4808   1.4562   2.4790
  0.6213  -1.9442   1.4241   2.5410
  0.4324  -1.3554   1.3910   2.6043
  0.2400  -0.7090   1.3569   2.6688
  0.0446   0.0009   1.3219   2.7346
  0.0446   0.0009   1.3219   2.7346
  0.0268   0.4575   1.3060   2.7572
  0.0108   0.8600   1.2889   2.7808
 -0.0035   1.2153   1.2708   2.8052
 -0.0162   1.5291   1.2516   2.8304
 -0.0274   1.8060   1.2312   2.8566
 -0.0368   2.0503   1.2104   2.8834
 -0.0449   2.2652   1.1884   2.9111
 -0.0517   2.4534   1.1650   2.9401
 -0.0570   2.6178   1.1406   2.9700
 -0.0610   2.7608   1.1152   3.0009
 -0.0637   2.8845   1.0888   3.0327
 -0.0651   2.9908   1.0614   3.0656
 -0.0653   3.0813   1.0329   3.0994
 -0.0642   3.1578   1.0037   3.1341
 -0.0621   3.2211   0.9731   3.1700
 -0.0588   3.2727   0.9415   3.2070
 -0.0545   3.3137   0.9088   3.2451
 -0.0491   3.3450   0.8751   3.2843
 -0.0428   3.3674   0.8402   3.3246
 -0.0356   3.3818   0.8042   3.3661
 -0.0275   3.3888   0.7670   3.4087
 -0.0186   3.3891   0.7287   3.4526
 -0.0090   3.3832   0.6892   3.4977
  0.0014   3.3717   0.6486   3.5440
  0.0124   3.3551   0.6067   3.5916
  0.0240   3.3337   0.5635   3.6405
  0.0362   3.3081   0.5191   3.6907
  0.0489   3.2784   0.4734   3.7423
  0.0620   3.2451   0.4264   3.7953
  0.0755   3.2084   0.3780   3.8496
  0.0894   3.1686   0.3283   3.9055
  0.1035   3.1260   0.2771   3.9628
  0.1179   3.0807   0.2246   4.0217
  0.1325   3.0329   0.1706   4.0821
  0.1471   2.9829   0.1151   4.1441
  0.1619   2.9307   0.0580   4.2077
  0.1766   2.8766  -0.0005   4.2729
  0.1913   2.8206  -0.0607   4.3399
  0.2059   2.7629  -0.1225   4.4086
  0.2204   2.7035  -0.1859   4.4792
  0.2347   2.6427  -0.2510   4.5515
  0.2487   2.5804  -0.3178   4.6257
  0.2624   2.5168  -0.3864   4.7018
  0.2757   2.4520  -0.4568   4.7800
  0.2886   2.3860  -0.5290   4.8601
  0.3010   2.3189  -0.6031   4.9423
  0.3128   2.2508  -0.6792   5.0266
  0.3241   2.1817  -0.7572   5.1132
  0.3347   2.1118  -0.8372   5.2020
  0.3446   2.0411  -0.9192   5.2931
  0.3537   1.9696  -1.0034   5.3865
  0.3619   1.8975  -1.0897   5.4824
  0.3693   1.8248  -1.1782   5.5809
  0.3757   1.7515  -1.2689   5.6819
  0.3810   1.6777  -1.3620   5.7856
  0.3853   1.6035  -1.4574   5.8920
  0.3884   1.5288  -1.5553   6.0013
  0.3902   1.4537  -1.6556   6.1135
  0.3908   1.3782  -1.7585   6.2287
  0.3900   1.3023  -1.8639   6.3470
  0.3878   1.2262  -1.9719   6.4684
  0.3839   1.1497  -2.0830   6.5934
  0.3786   1.0731  -2.1968   6.7217
  0.3716   0.9968  -2.3130   6.8533
  0.3629   0.9208  -2.4321   6.9884
  0.3524   0.8453  -2.5540   7.1272
  0.3400   0.7705  -2.6789   7.2698
  0.3257   0.6970  -2.8063   7.4160
  0.3092   0.6241  -2.9377   7.5670
  0.2904   0.5525  -3.0725   7.7223
  0.2692   0.4822  -3.2112   7.8825
  0.2454   0.4132  -3.3540   8.0480
  0.2191   0.3457  -3.5009   8.2186
  0.1900   0.2799  -3.6516   8.3945
  0.1585   0.2167  -3.8054   8.5749
  0.1240   0.1562  -3.9630   8.7609
  0.0862   0.0984  -4.1263   8.9538
  0.0451   0.0457  -4.2941   9.1531
  0.0004   0.0008  -4.4666   9.3589
  0.0004   0.0008  -4.4666   9.3589
 -0.3087   0.4050  -3.6860   3.9870
 -0.6107   0.7306  -3.0657  -0.1780
 -0.9047   0.9959  -2.5780  -3.3937
 -1.1901   1.2152  -2.1979  -5.8684
 -1.4663   1.3995  -1.9035  -7.7679
 -1.7332   1.5576  -1.6768  -9.2228
 -1.9904   1.6960  -1.5034 -10.3351
 -2.2379   1.8200  -1.3717 -11.1838
 -2.4756   1.9334  -1.2725 -11.8299
 -2.7034   2.0394  -1.1989 -12.3203
 -2.9215   2.1403  -1.1454 -12.6912
 -3.1299   2.2378  -1.1077 -12.9702
 -3.3287   2.3333  -1.0826 -13.1785
 -3.5179   2.4279  -1.0676 -13.3325
 -3.6977   2.5222  -1.0606 -13.4446
 -3.8682   2.6169  -1.0603 -13.5244
 -4.0295   2.7123  -1.0653 -13.5792
 -4.1817   2.8087  -1.0749 -13.6147
 -4.3249   2.9062  -1.0881 -13.6352
 -4.4594   3.0051  -1.1046 -13.6439
 -4.5851   3.1053  -1.1238 -13.6435
 -4.7023   3.2069  -1.1452 -13.6360
 -4.8110   3.3097  -1.1687 -13.6228
 -4.9114   3.4139  -1.1938 -13.6051
 -5.0036   3.5193  -1.2204 -13.5838
 -5.0877   3.6258  -1.2483 -13.5597
 -5.1639   3.7333  -1.2772 -13.5331
 -5.2322   3.8418  -1.3070 -13.5046
 -5.2928   3.9511  -1.3375 -13.4744
 -5.3457   4.0612  -1.3685 -13.4429
 -5.3912   4.1719  -1.3999 -13.4101
 -5.4293   4.2831  -1.4315 -13.3763
 -5.4601   4.3948  -1.4632 -13.3415
 -5.4837   4.5067  -1.4948 -13.3058
 -5.5003   4.6189  -1.5262 -13.2693
 -5.5099   4.7311  -1.5572 -13.2321
 -5.5127   4.8434  -1.5876 -13.1941
 -5.5087   4.9555  -1.6173 -13.1554
 -5.4981   5.0674  -1.6461 -13.1160
 -5.4810   5.1789  -1.6739 -13.0760
 -5.4574   5.2901  -1.7005 -13.0353
 -5.4275   5.4007  -1.7257 -12.9940
 -5.3913   5.5106  -1.7493 -12.9520
 -5.3490   5.6198  -1.7713 -12.9093
 -5.3007   5.7281  -1.7913 -12.8659
 -5.2463   5.8354  -1.8093 -12.8218
 -5.1861   5.9416  -1.8250 -12.7769
 -5.1201   6.0465  -1.8382 -12.7312
 -5.0484   6.1501  -1.8488 -12.6847
 -4.9711   6.2521  -1.8566 -12.6371
 -4.8882   6.3523  -1.8613 -12.5884
 -4.7999   6.4506  -1.8629 -12.5383
 -4.7061   6.5467  -1.8610 -12.4868
 -4.6070   6.6403  -1.8555 -12.4334
 -4.5027   6.7311  -1.8462 -12.3779
 -4.3931   6.8186  -1.8328 -12.3197
 -4.2784   6.9024  -1.8152 -12.2583
 -4.1586   6.9818  -1.7932 -12.1928
 -4.0336   7.0561  -1.7665 -12.1223
 -3.9035   7.1242  -1.7349 -12.0456
 -3.7684   7.1851  -1.6983 -11.9612
 -3.6281   7.2373  -1.6565 -11.8669
 -3.4826   7.2789  -1.6092 -11.7605
 -3.3318   7.3075  -1.5562 -11.6387
 -3.1756   7.3202  -1.4973 -11.4975
 -3.0137   7.3133  -1.4324 -11.3321
 -2.8459   7.2821  -1.3612 -11.1363
 -2.6717   7.2208  -1.2837 -10.9020
 -2.4907   7.1217  -1.1995 -10.6195
 -2.3022   6.9755  -1.1087 -10.2765
 -2.1053   6.7701  -1.0109  -9.8573
 -1.8988   6.4904  -0.9063  -9.3425
 -1.6814   6.1173  -0.7947  -8.7076
 -1.4511   5.6263  -0.6761  -7.9219
 -1.2055   4.9868  -0.5509  -6.9472
 -0.9417   4.1601  -0.4194  -5.7354
 -0.6560   3.0971  -0.2824  -4.2265
 -0.3438   1.7363  -0.1412  -2.3458
  0.0005   0.0002   0.0016  -0.0002
  4.6658  -5.2914  -0.0292   0.0087
  4.6880  -5.0190   0.2249  -0.4698
  4.7088  -4.7495   0.4697  -0.8939
  4.7281  -4.4828   0.7052  -1.2689
  4.7457  -4.2187   0.9317  -1.5995
  4.7616  -3.9570   1.1494  -1.8898
  4.7757  -3.6976   1.3584  -2.1439
  4.7879  -3.4405   1.5590  -2.3652
  4.7982  -3.1855   1.7513  -2.5569
  4.8065  -2.9324   1.9356  -2.7219
  4.8127  -2.6813   2.1119  -2.8627
  4.8168  -2.4320   2.2805  -2.9818
  4.8186  -2.1844   2.4415  -3.0813
  4.8182  -1.9384   2.5951  -3.1631
  4.8155  -1.6940   2.7414  -3.2290
  4.8104  -1.4511   2.8805  -3.2806
  4.8030  -1.2096   3.0125  -3.3192
  4.7931  -0.9695   3.1376  -3.3463
  4.7808  -0.7306   3.2560  -3.3629
  4.7659  -0.4930   3.3676  -3.3702
  4.7485  -0.2565   3.4725  -3.3690
  4.7286  -0.0211   3.5710  -3.3604
  4.7061   0.2132   3.6631  -3.3450
  4.6811   0.4465   3.7488  -3.3235
  4.6534   0.6789   3.8282  -3.2966
  4.6232   0.9103   3.9015  -3.2649
  4.5904   1.1409   3.9687  -3.2290
  4.5549   1.3707   4.0298  -3.1892
  4.5169   1.5998   4.0850  -3.1460
  4.4762   1.8281   4.1343  -3.0997
  4.4330   2.0558   4.1777  -3.0508
  4.3872   2.2828   4.2154  -2.9996
  4.3388   2.5093   4.2473  -2.9463
  4.2879   2.7352   4.2736  -2.8911
  4.2345   2.9607   4.2942  -2.8344
  4.1786   3.1857   4.3093  -2.7762
  4.1201   3.4104   4.3189  -2.7169
  4.0593   3.6347   4.3230  -2.6565
  3.9959   3.8587   4.3217  -2.5952
  3.9302   4.0825   4.3150  -2.5332
  3.8621   4.3061   4.3030  -2.4705
  3.7917   4.5296   4.2856  -2.4073
  3.7189   4.7530   4.2630  -2.3437
  3.6438   4.9764   4.2352  -2.2797
  3.5664   5.1999   4.2022  -2.2155
  3.4869   5.4235   4.1640  -2.1511
  3.4051   5.6473   4.1207  -2.0865
  3.3211   5.8713   4.0724  -2.0219
  3.2350   6.0957   4.0189  -1.9572
  3.1467   6.3205   3.9605  -1.8925
  3.0563   6.5458   3.8970  -1.8279
  2.9639   6.7717   3.8286  -1.7633
  2.8694   6.9982   3.7553  -1.6989
  2.7728   7.2255   3.6770  -1.6346
  2.6742   7.4537   3.5938  -1.5705
  2.5736   7.6828   3.5058  -1.5065
  2.4710   7.9130   3.4129  -1.4427
  2.3664   8.1444   3.3152  -1.3792
  2.2599   8.3771   3.2127  -1.3158
  2.1513   8.6112   3.1055  -1.2527
  2.0407   8.8469   2.9935  -1.1897
  1.9281   9.0843   2.8768  -1.1270
  1.8135   9.3236   2.7554  -1.0645
  1.6969   9.5648   2.6293  -1.0022
  1.5782   9.8083   2.4986  -0.9400
  1.4574  10.0541   2.3632  -0.8780
  1.3345  10.3025   2.2232  -0.8162
  1.2094  10.5537   2.0787  -0.7545
  1.0822  10.8078   1.9296  -0.6928
  0.9526  11.0651   1.7760  -0.6311
  0.8207  11.3258   1.6178  -0.5695
  0.6864  11.5902   1.4552  -0.5077
  0.5496  11.8586   1.2882  -0.4458
  0.4102  12.1312   1.1167  -0.3837
  0.2682  12.4084   0.9408  -0.3212
  0.1233  12.6905   0.7606  -0.2583
 -0.0246  12.9779   0.5760  -0.1949
 -0.1755  13.2709   0.3872  -0.1307
 -0.3296  13.5699   0.1941  -0.0657
 -0.4872  13.8755  -0.0032   0.0003
 -0.4872  13.8755  -0.0032   0.0003
  0.1990   7.8080  -0.6294   0.7912
  0.7514   3.0165  -1.2177   1.4646
  1.1850  -0.7362  -1.7710   2.0353
  1.5177  -3.6577  -2.2919   2.5203
  1.7675  -5.9226  -2.7826   2.9357
  1.9503  -7.6729  -3.2448   3.2958
  2.0796  -9.0224  -3.6799   3.6127
  2.1666 -10.0612  -4.0892   3.8963
  2.2203 -10.8595  -4.4739   4.1545
  2.2479 -11.4722  -4.8349   4.3937
  2.2550 -11.9415  -5.1731   4.6190
  2.2458 -12.3004  -5.4893   4.8342
  2.2238 -12.5741  -5.7842   5.0424
  2.1916 -12.7819  -6.0586   5.2458
  2.1512 -12.9390  -6.3130   5.4462
  2.1042 -13.0567  -6.5480   5.6449
  2.0518 -13.1440  -6.7644   5.8429
  1.9950 -13.2076  -6.9625   6.0408
  1.9346 -13.2529  -7.1431   6.2392
  1.8710 -13.2837  -7.3065   6.4384
  1.8048 -13.3033  -7.4534   6.6387
  1.7364 -13.3141  -7.5843   6.8400
  1.6661 -13.3177  -7.6996   7.0424
  1.5940 -13.3158  -7.7998   7.2459
  1.5206 -13.3093  -7.8855   7.4505
  1.4459 -13.2990  -7.9570   7.6561
  1.3700 -13.2857  -8.0149   7.8624
  1.2933 -13.2698  -8.0597   8.0694
  1.2158 -13.2516  -8.0917   8.2770
  1.1376 -13.2314  -8.1115   8.4850
  1.0589 -13.2096  -8.1194   8.6931
  0.9797 -13.1861  -8.1160   8.9013
  0.9004 -13.1611  -8.1015   9.1094
  0.8208 -13.1348  -8.0766   9.3172
  0.7413 -13.1071  -8.0415   9.5246
  0.6619 -13.0782  -7.9967   9.7313
  0.5827 -13.0480  -7.9426   9.9372
  0.5039 -13.0165  -7.8796  10.1422
  0.4256 -12.9839  -7.8081  10.3461
  0.3480 -12.9500  -7.7285  10.5487
  0.2711 -12.9148  -7.6412  10.7498
  0.1952 -12.8784  -7.5465  10.9494
  0.1205 -12.8408  -7.4449  11.1472
  0.0469 -12.8019  -7.3366  11.3430
 -0.0252 -12.7617  -7.2221  11.5368
 -0.0957 -12.7201  -7.1017  11.7283
 -0.1644 -12.6771  -6.9757  11.9173
 -0.2313 -12.6327  -6.8445  12.1037
 -0.2960 -12.5868  -6.7084  12.2872
 -0.3584 -12.5392  -6.5677  12.4675
 -0.4184 -12.4899  -6.4228  12.6445
 -0.4757 -12.4387  -6.2739  12.8178
 -0.5301 -12.3854  -6.1213  12.9870
 -0.5814 -12.3296  -5.9653  13.1517
 -0.6294 -12.2711  -5.8062  13.3114
 -0.6740 -12.2094  -5.6442  13.4654
 -0.7148 -12.1440  -5.4795  13.6130
 -0.7517 -12.0741  -5.3123  13.7531
 -0.7844 -11.9987  -5.1428  13.8846
 -0.8126 -11.9168  -4.9710  14.0058
 -0.8362 -11.8268  -4.7972  14.1147
 -0.8549 -11.7268  -4.6211  14.2090
 -0.8684 -11.6145  -4.4429  14.2853
 -0.8763 -11.4867  -4.2623  14.3395
 -0.8785 -11.3396  -4.0789  14.3665
 -0.8745 -11.1684  -3.8922  14.3595
 -0.8640 -10.9669  -3.7017  14.3097
 -0.8465 -10.7274  -3.5061  14.2061
 -0.8217 -10.4399  -3.3041  14.0344
 -0.7889 -10.0924  -3.0938  13.7760
 -0.7475  -9.6692  -2.8727  13.4072
 -0.6969  -9.1511  -2.6374  12.8970
 -0.6363  -8.5140  -2.3834  12.2056
 -0.5646  -7.7280  -2.1050  11.2815
 -0.4807  -6.7564  -1.7948  10.0580
 -0.3835  -5.5548  -1.4430   8.4484
 -0.2716  -4.0702  -1.0375   6.3403
 -0.1438  -2.2412  -0.5629   3.5877
  0.0013  -0.0003   0.0000   0.0002
 -0.0002  -0.0005  -0.0031   0.0064
 -0.0002  -0.0005  -0.0032   0.0064
 -0.0002  -0.0005  -0.0032   0.0064
 -0.0003  -0.0005  -0.0033   0.0064
 -0.0003  -0.0004  -0.0034   0.0064
 -0.0003  -0.0004  -0.0034   0.0064
 -0.0003  -0.0004  -0.0035   0.0065
  0.0352   0.0213  12.6953 -10.9865
 -0.0130   0.1900  12.5853 -10.7567
 -0.0590   0.3479  12.4764 -10.5295
 -0.1029   0.4955  12.3683 -10.3047
 -0.1448   0.6336  12.2610 -10.0821
 -0.1847   0.7626  12.1542  -9.8617
 -0.2227   0.8831  12.0480  -9.6431
 -0.2589   0.9956  11.9421  -9.4264
 -0.2932   1.1005  11.8364  -9.2112
 -0.3259   1.1984  11.7308  -8.9976
 -0.3568   1.2895  11.6252  -8.7854
 -0.3861   1.3745  11.5194  -8.5744
 -0.4139   1.4537  11.4134  -8.3645
 -0.4400   1.5274  11.3070  -8.1557
 -0.4647   1.5960  11.2001  -7.9478
 -0.4879   1.6599  11.0925  -7.7407
 -0.5097   1.7195  10.9843  -7.5343
 -0.5301   1.7749  10.8752  -7.3286
 -0.5491   1.8266  10.7651  -7.1234
 -0.5668   1.8747  10.6540  -6.9187
 -0.5833   1.9196  10.5416  -6.7144
 -0.5984   1.9615  10.4280  -6.5105
 -0.6124   2.0006  10.3129  -6.3067
 -0.6251   2.0371  10.1963  -6.1032
 -0.6367   2.0713  10.0781  -5.8997
 -0.6472   2.1032   9.9582  -5.6963
 -0.6566   2.1332   9.8364  -5.4930
 -0.6648   2.1612   9.7126  -5.2895
 -0.6721   2.1875   9.5868  -5.0860
 -0.6783   2.2123   9.4588  -4.8823
 -0.6835   2.2355   9.3286  -4.6784
 -0.6877   2.2573   9.1960  -4.4743
 -0.6909   2.2778   9.0610  -4.2699
 -0.6933   2.2972   8.9234  -4.0651
 -0.6947   2.3154   8.7832  -3.8600
 -0.6952   2.3325   8.6403  -3.6545
 -0.6949   2.3486   8.4945  -3.4486
 -0.6937   2.3638   8.3458  -3.2422
 -0.6917   2.3780   8.1942  -3.0353
 -0.6889   2.3913   8.0395  -2.8279
 -0.6853   2.4037   7.8817  -2.6199
 -0.6809   2.4153   7.7207  -2.4114
 -0.6758   2.4259   7.5564  -2.2023
 -0.6699   2.4357   7.3888  -1.9926
 -0.6633   2.4445   7.2178  -1.7822
 -0.6560   2.4525   7.0434  -1.5712
 -0.6480   2.4594   6.8655  -1.3595
 -0.6393   2.4652   6.6840  -1.1470
 -0.6300   2.4699   6.4990  -0.9339
 -0.6200   2.4735   6.3104  -0.7200
 -0.6093   2.4756   6.1182  -0.5054
 -0.5981   2.4764   5.9222  -0.2900
 -0.5862   2.4755   5.7226  -0.0738
 -0.5736   2.4729   5.5193   0.1432
 -0.5605   2.4684   5.3123   0.3611
 -0.5468   2.4616   5.1016   0.5798
 -0.5325   2.4525   4.8871   0.7994
 -0.5175   2.4406   4.6689   1.0198
 -0.5020   2.4257   4.4470   1.2413
 -0.4859   2.4074   4.2213   1.4636
 -0.4691   2.3852   3.9920   1.6870
 -0.4518   2.3587   3.7590   1.9114
 -0.4338   2.3274   3.5223   2.1368
 -0.4152   2.2906   3.2819   2.3633
 -0.3960   2.2477   3.0380   2.5909
 -0.3760   2.1978   2.7904   2.8197
 -0.3554   2.1401   2.5393   3.0497
 -0.3341   2.0736   2.2847   3.2809
 -0.3120   1.9972   2.0265   3.5134
 -0.2891   1.9095   1.7649   3.7473
 -0.2654   1.8093   1.4999   3.9825
 -0.2407   1.6948   1.2314   4.2193
 -0.2151   1.5643   0.9596   4.4575
 -0.1884   1.4158   0.6844   4.6974
 -0.1606   1.2470   0.4060   4.9389
 -0.1316   1.0555   0.1242   5.1822
 -0.1013   0.8384  -0.1608   5.4274
 -0.0695   0.5925  -0.4491   5.6745
 -0.0361   0.3145  -0.7406   5.9236
 -0.0010   0.0004  -1.0353   6.1748
 -0.0010   0.0004  -1.0353   6.1748
 -0.1979   0.7971  -1.2098   3.4932
 -0.3861   1.4149  -1.4058   1.3403
 -0.5663   1.8989  -1.6222  -0.3476
 -0.7390   2.2783  -1.8550  -1.6566
 -0.9042   2.5767  -2.0996  -2.6629
 -1.0622   2.8125  -2.3520  -3.4306
 -1.2131   2.9999  -2.6083  -4.0127
 -1.3570   3.1501  -2.8656  -4.4512
 -1.4939   3.2715  -3.1213  -4.7797
 -1.6241   3.3707  -3.3734  -5.0241
 -1.7476   3.4525  -3.6205  -5.2048
 -1.8645   3.5209  -3.8612  -5.3373
 -1.9751   3.5787  -4.0949  -5.4335
 -2.0794   3.6281  -4.3208  -5.5024
 -2.1776   3.6709  -4.5384  -5.5509
 -2.2698   3.7082  -4.7473  -5.5842
 -2.3563   3.7411  -4.9475  -5.6060
 -2.4372   3.7704  -5.1386  -5.6194
 -2.5126   3.7966  -5.3207  -5.6263
 -2.5828   3.8203  -5.4936  -5.6284
 -2.6480   3.8417  -5.6574  -5.6267
 -2.7082   3.8613  -5.8119  -5.6221
 -2.7636   3.8791  -5.9574  -5.6151
 -2.8145   3.8955  -6.0937  -5.6061
 -2.8609   3.9106  -6.2210  -5.5954
 -2.9030   3.9246  -6.3393  -5.5833
 -2.9410   3.9375  -6.4487  -5.5697
 -2.9749   3.9496  -6.5492  -5.5550
 -3.0050   3.9608  -6.6409  -5.5391
 -3.0312   3.9713  -6.7239  -5.5222
 -3.0538   3.9811  -6.7982  -5.5044
 -3.0728   3.9904  -6.8638  -5.4856
 -3.0882   3.9991  -6.9210  -5.4662
 -3.1002   4.0073  -6.9696  -5.4460
 -3.1088   4.0152  -7.0098  -5.4253
 -3.1141   4.0226  -7.0417  -5.4041
 -3.1161   4.0296  -7.0652  -5.3827
 -3.1148   4.0363  -7.0804  -5.3610
 -3.1104   4.0428  -7.0874  -5.3392
 -3.1027   4.0489  -7.0862  -5.3174
 -3.0919   4.0547  -7.0767  -5.2957
 -3.0778   4.0603  -7.0592  -5.2743
 -3.0606   4.0656  -7.0334  -5.2532
 -3.0402   4.0707  -6.9996  -5.2326
 -3.0167   4.0755  -6.9575  -5.2124
 -2.9899   4.0801  -6.9074  -5.1928
 -2.9599   4.0844  -6.8490  -5.1739
 -2.9266   4.0885  -6.7824  -5.1556
 -2.8901   4.0923  -6.7075  -5.1381
 -2.8503   4.0958  -6.6243  -5.1212
 -2.8071   4.0990  -6.5327  -5.1051
 -2.7606   4.1019  -6.4327  -5.0897
 -2.7107   4.1044  -6.3241  -5.0749
 -2.6573   4.1064  -6.2069  -5.0608
 -2.6005   4.1079  -6.0808  -5.0471
 -2.5402   4.1088  -5.9459  -5.0337
 -2.4763   4.1089  -5.8020  -5.0205
 -2.4089   4.1081  -5.6489  -5.0072
 -2.3379   4.1060  -5.4864  -4.9935
 -2.2632   4.1024  -5.3144  -4.9789
 -2.1849   4.0968  -5.1327  -4.9629
 -2.1029   4.0886  -4.9412  -4.9448
 -2.0171   4.0772  -4.7395  -4.9235
 -1.9276   4.0616  -4.5274  -4.8980
 -1.8343   4.0404  -4.3049  -4.8666
 -1.7372   4.0120  -4.0715  -4.8272
 -1.6362   3.9741  -3.8272  -4.7771
 -1.5312   3.9240  -3.5717  -4.7128
 -1.4222   3.8577  -3.3047  -4.6295
 -1.3089   3.7703  -3.0262  -4.5214
 -1.1912   3.6553  -2.7359  -4.3805
 -1.0686   3.5041  -2.4337  -4.1966
 -0.9407   3.3057  -2.1196  -3.9566
 -0.8068   3.0459  -1.7936  -3.6433
 -0.6658   2.7064  -1.4560  -3.2349
 -0.5165   2.2643  -1.1069  -2.7037
 -0.3572   1.6915  -0.7470  -2.0153
 -0.1860   0.9528  -0.3770  -1.1284
 -0.0006   0.0007   0.0015   0.0035
  5.7014  -6.4124  -0.0591   0.0168
  5.7123  -6.0905   0.2038  -0.3309
  5.7216  -5.7729   0.4568  -0.6329
  5.7290  -5.4593   0.7004  -0.8987
  5.7344  -5.1497   0.9348  -1.1339
  5.7378  -4.8438   1.1602  -1.3423
  5.7390  -4.5415   1.3768  -1.5270
  5.7380  -4.2426   1.5849  -1.6905
  5.7346  -3.9470   1.7845  -1.8347
  5.7287  -3.6547   1.9760  -1.9617
  5.7203  -3.3654   2.1593  -2.0730
  5.7092  -3.0790   2.3349  -2.1702
  5.6954  -2.7956   2.5026  -2.2547
  5.6789  -2.5149   2.6629  -2.3277
  5.6596  -2.2369   2.8156  -2.3903
  5.6374  -1.9615   2.9611  -2.4437
  5.6123  -1.6887   3.0994  -2.4887
  5.5843  -1.4183   3.2306  -2.5262
  5.5533  -1.1504   3.3549  -2.5569
  5.5194  -0.8848   3.4723  -2.5816
  5.4825  -0.6214   3.5831  -2.6009
  5.4426  -0.3603   3.6871  -2.6154
  5.3997  -0.1014   3.7847  -2.6255
  5.3538   0.1554   3.8758  -2.6318
  5.3050   0.4101   3.9605  -2.6346
  5.2532   0.6627   4.0389  -2.6344
  5.1985   0.9134   4.1112  -2.6315
  5.1409   1.1621   4.1772  -2.6261
  5.0804   1.4089   4.2372  -2.6187
  5.0172   1.6539   4.2912  -2.6093
  4.9511   1.8970   4.3393  -2.5983
  4.8824   2.1384   4.3814  -2.5858
  4.8109   2.3780   4.4177  -2.5720
  4.7368   2.6159   4.4482  -2.5571
  4.6602   2.8522   4.4730  -2.5412
  4.5811   3.0868   4.4921  -2.5244
  4.4995   3.3199   4.5055  -2.5068
  4.4155   3.5514   4.5132  -2.4886
  4.3292   3.7814   4.5154  -2.4697
  4.2407   4.0100   4.5121  -2.4503
  4.1499   4.2373   4.5032  -2.4304
  4.0571   4.4631   4.4888  -2.4101
  3.9622   4.6877   4.4690  -2.3893
  3.8653   4.9111   4.4437  -2.3681
  3.7665   5.1333   4.4129  -2.3465
  3.6658   5.3543   4.3768  -2.3245
  3.5634   5.5743   4.3353  -2.3020
  3.4592   5.7933   4.2884  -2.2792
  3.3534   6.0113   4.2361  -2.2558
  3.2459   6.2284   4.1785  -2.2318
  3.1369   6.4448   4.1155  -2.2073
  3.0264   6.6604   4.0472  -2.1820
  2.9144   6.8753   3.9736  -2.1560
  2.8011   7.0897   3.8947  -2.1291
  2.6864   7.3036   3.8104  -2.1011
  2.5704   7.5170   3.7208  -2.0720
  2.4531   7.7301   3.6259  -2.0415
  2.3346   7.9430   3.5257  -2.0095
  2.2149   8.1557   3.4203  -1.9757
  2.0940   8.3684   3.3095  -1.9399
  1.9720   8.5811   3.1934  -1.9018
  1.8488   8.7940   3.0720  -1.8612
  1.7245   9.0071   2.9453  -1.8176
  1.5991   9.2207   2.8134  -1.7706
  1.4726   9.4347   2.6762  -1.7199
  1.3451   9.6494   2.5337  -1.6648
  1.2164   9.8649   2.3859  -1.6049
  1.0865  10.0813   2.2329  -1.5396
  0.9556  10.2987   2.0747  -1.4680
  0.8235  10.5173   1.9112  -1.3895
  0.6902  10.7373   1.7426  -1.3032
  0.5557  10.9589   1.5688  -1.2082
  0.4199  11.1821   1.3899  -1.1033
  0.2828  11.4072   1.2059  -0.9874
  0.1443  11.6345   1.0168  -0.8593
  0.0045  11.8640   0.8227  -0.7178
 -0.1369  12.0960   0.6237  -0.5616
 -0.2799  12.3308   0.4198  -0.3898
 -0.4245  12.5685   0.2110  -0.2021
 -0.5709  12.8095  -0.0026   0.0003
 -0.5709  12.8095  -0.0026   0.0003
 -0.1465   7.5096  -0.6006   1.2743
  0.1800   3.3324  -1.1650   2.2496
  0.4209   0.0500  -1.6984   3.0098
  0.5895  -2.5228  -2.2029   3.6116
  0.6985  -4.5357  -2.6801   4.0952
  0.7596  -6.1081  -3.1315   4.4893
  0.7824  -7.3351  -3.5585   4.8151
  0.7753  -8.2917  -3.9620   5.0887
  0.7448  -9.0368  -4.3432   5.3223
  0.6962  -9.6169  -4.7028   5.5251
  0.6338 -10.0679  -5.0418   5.7044
  0.5610 -10.4182  -5.3609   5.8657
  0.4803 -10.6898  -5.6607   6.0134
  0.3939 -10.8997  -5.9419   6.1510
  0.3034 -11.0614  -6.2051   6.2810
  0.2101 -11.1853  -6.4508   6.4054
  0.1149 -11.2793  -6.6797   6.5259
  0.0186 -11.3499  -6.8922   6.6437
 -0.0781 -11.4020  -7.0887   6.7598
 -0.1747 -11.4393  -7.2698   6.8747
 -0.2709 -11.4649  -7.4359   6.9891
 -0.3663 -11.4811  -7.5875   7.1034
 -0.4607 -11.4897  -7.7248   7.2178
 -0.5538 -11.4922  -7.8484   7.3326
 -0.6455 -11.4897  -7.9585   7.4479
 -0.7356 -11.4830  -8.0556   7.5638
 -0.8239 -11.4729  -8.1400   7.6803
 -0.9104 -11.4599  -8.2121   7.7975
 -0.9949 -11.4444  -8.2722   7.9153
 -1.0773 -11.4267  -8.3206   8.0337
 -1.1575 -11.4072  -8.3576   8.1527
 -1.2354 -11.3860  -8.3835   8.2722
 -1.3110 -11.3634  -8.3986   8.3922
 -1.3841 -11.3394  -8.4033   8.5126
 -1.4546 -11.3142  -8.3977   8.6333
 -1.5224 -11.2879  -8.3823   8.7542
 -1.5875 -11.2605  -8.3571   8.8754
 -1.6498 -11.2322  -8.3225   8.9966
 -1.7091 -11.2029  -8.2787   9.1178
 -1.7654 -11.1727  -8.2261   9.2390
 -1.8185 -11.1417  -8.1647   9.3599
 -1.8683 -11.1099  -8.0949   9.4807
 -1.9148 -11.0773  -8.0168   9.6010
 -1.9579 -11.0439  -7.9308   9.7209
 -1.9973 -11.0097  -7.8370   9.8403
 -2.0330 -10.9747  -7.7356   9.9589
 -2.0650 -10.9390  -7.6268  10.0768
 -2.0930 -10.9025  -7.5108  10.1936
 -2.1169 -10.8651  -7.3878  10.3094
 -2.1366 -10.8267  -7.2581  10.4238
 -2.1520 -10.7874  -7.1217  10.5368
 -2.1630 -10.7469  -6.9789  10.6479
 -2.1693 -10.7050  -6.8298  10.7570
 -2.1709 -10.6616  -6.6745  10.8636
 -2.1675 -10.6164  -6.5133  10.9674
 -2.1591 -10.5688  -6.3462  11.0677
 -2.1455 -10.5186  -6.1734  11.1640
 -2.1265 -10.4649  -5.9949  11.2554
 -2.1019 -10.4070  -5.8109  11.3408
 -2.0716 -10.3438  -5.6213  11.4190
 -2.0353 -10.2740  -5.4262  11.4883
 -1.9928 -10.1959  -5.2257  11.5468
 -1.9441 -10.1074  -5.0194  11.5917
 -1.8887 -10.0058  -4.8074  11.6198
 -1.8265  -9.8877  -4.5894  11.6269
 -1.7571  -9.7488  -4.3649  11.6077
 -1.6804  -9.5838  -4.1334  11.5553
 -1.5959  -9.3858  -3.8942  11.4610
 -1.5034  -9.1464  -3.6463  11.3136
 -1.4023  -8.8548  -3.3883  11.0989
 -1.2921  -8.4974  -3.1184  10.7984
 -1.1724  -8.0574  -2.8342  10.3882
 -1.0425  -7.5134  -2.5326   9.8374
 -0.9015  -6.8387  -2.2094   9.1052
 -0.7488  -6.0000  -1.8591   8.1379
 -0.5832  -4.9553  -1.4744   6.8636
 -0.4037  -3.6528  -1.0456   5.1838
 -0.2092  -2.0277  -0.5594   2.9609
  0.0015  -0.0003   0.0020  -0.0025
  0.0003  -0.0006   0.0001   0.0018
  0.0002  -0.0006   0.0001   0.0018
  0.0002  -0.0006   0.0000   0.0018
  0.0002  -0.0006  -0.0000   0.0018
  0.0002  -0.0006  -0.0001   0.0018
  0.0002  -0.0006  -0.0001   0.0018
  0.0002  -0.0006  -0.0002   0.0019
  0.0454   0.0213  11.4940  -9.6006
  0.0627   0.3359  11.4112  -9.4070
  0.0799   0.6292  11.3287  -9.2148
  0.0968   0.8985  11.2464  -9.0238
  0.1134   1.1432  11.1643  -8.8339
  0.1298   1.3641  11.0821  -8.6450
  0.1457   1.5623  10.9999  -8.4570
  0.1613   1.7395  10.9175  -8.2698
  0.1764   1.8970  10.8349  -8.0834
  0.1910   2.0366  10.7520  -7.8976
  0.2052   2.1597  10.6686  -7.7124
  0.2189   2.2679  10.5847  -7.5277
  0.2321   2.3624  10.5002  -7.3434
  0.2448   2.4445  10.4151  -7.1595
  0.2570   2.5154  10.3292  -6.9759
  0.2687   2.5761  10.2424  -6.7926
  0.2799   2.6278  10.1547  -6.6094
  0.2906   2.6711  10.0659  -6.4263
  0.3007   2.7070   9.9760  -6.2433
  0.3104   2.7361   9.8849  -6.0603
  0.3195   2.7591   9.7925  -5.8773
  0.3281   2.7767   9.6986  -5.6942
  0.3362   2.7892   9.6033  -5.5109
  0.3438   2.7973   9.5064  -5.3275
  0.3508   2.8014   9.4079  -5.1439
  0.3574   2.8018   9.3075  -4.9600
  0.3634   2.7988   9.2053  -4.7758
  0.3689   2.7928   9.1012  -4.5913
  0.3739   2.7841   8.9950  -4.4065
  0.3784   2.7729   8.8867  -4.2212
  0.3824   2.7595   8.7762  -4.0356
  0.3859   2.7439   8.6635  -3.8495
  0.3888   2.7265   8.5483  -3.6629
  0.3913   2.7073   8.4307  -3.4758
  0.3932   2.6865   8.3106  -3.2882
  0.3946   2.6643   8.1879  -3.1001
  0.3956   2.6407   8.0625  -2.9114
  0.3960   2.6158   7.9343  -2.7222
  0.3959   2.5897   7.8033  -2.5323
  0.3952   2.5626   7.6695  -2.3419
  0.3941   2.5344   7.5327  -2.1508
  0.3925   2.5052   7.3929  -1.9591
  0.3904   2.4751   7.2500  -1.7668
  0.3877   2.4441   7.1040  -1.5738
  0.3846   2.4123   6.9549  -1.3801
  0.3810   2.3796   6.8025  -1.1858
  0.3768   2.3461   6.6469  -0.9907
  0.3722   2.3119   6.4881  -0.7950
  0.3671   2.2768   6.3259  -0.5986
  0.3615   2.2409   6.1603  -0.4014
  0.3554   2.2042   5.9914  -0.2036
  0.3488   2.1667   5.8192  -0.0050
  0.3417   2.1283   5.6435   0.1943
  0.3342   2.0890   5.4644   0.3944
  0.3261   2.0487   5.2818   0.5952
  0.3176   2.0074   5.0959   0.7967
  0.3087   1.9650   4.9065   0.9990
  0.2993   1.9214   4.7138   1.2021
  0.2894   1.8765   4.5176   1.4060
  0.2790   1.8301   4.3180   1.6107
  0.2683   1.7821   4.1151   1.8162
  0.2571   1.7324   3.9088   2.0226
  0.2454   1.6806   3.6992   2.2298
  0.2334   1.6266   3.4863   2.4378
  0.2209   1.5700   3.2701   2.6468
  0.2081   1.5106   3.0507   2.8566
  0.1948   1.4478   2.8281   3.0674
  0.1812   1.3814   2.6024   3.2792
  0.1673   1.3106   2.3735   3.4919
  0.1530   1.2350   2.1415   3.7057
  0.1385   1.1537   1.9066   3.9205
  0.1236   1.0661   1.6686   4.1364
  0.1085   0.9711   1.4277   4.3535
  0.0933   0.8676   1.1838   4.5717
  0.0778   0.7545   0.9372   4.7912
  0.0622   0.6304   0.6877   5.0120
  0.0466   0.4938   0.4354   5.2341
  0.0309   0.3437   0.1803   5.4576
  0.0151   0.1790  -0.0774   5.6826
 -0.0007   0.0006  -0.3378   5.9091
 -0.0007   0.0006  -0.3378   5.9091
 -0.2160   0.8283  -0.5211   3.6088
 -0.4225   1.4601  -0.7206   1.7823
 -0.6209   1.9434  -0.9334   0.3350
 -0.8120   2.3138  -1.1563  -0.8093
 -0.9959   2.5982  -1.3863  -1.7122
 -1.1730   2.8172  -1.6206  -2.4233
 -1.3434   2.9863  -1.8569  -2.9826
 -1.5073   3.1175  -2.0930  -3.4221
 -1.6649   3.2196  -2.3274  -3.7674
 -1.8162   3.2995  -2.5586  -4.0390
 -1.9613   3.3624  -2.7856  -4.2530
 -2.1004   3.4122  -3.0075  -4.4218
 -2.2336   3.4518  -3.2236  -4.5555
 -2.3609   3.4837  -3.4335  -4.6618
 -2.4825   3.5095  -3.6368  -4.7466
 -2.5984   3.5305  -3.8332  -4.8146
 -2.7087   3.5478  -4.0224  -4.8694
 -2.8135   3.5622  -4.2044  -4.9137
 -2.9128   3.5742  -4.3789  -4.9497
 -3.0068   3.5842  -4.5460  -4.9789
 -3.0956   3.5928  -4.7057  -5.0027
 -3.1791   3.6000  -4.8577  -5.0219
 -3.2576   3.6063  -5.0023  -5.0374
 -3.3310   3.6116  -5.1393  -5.0496
 -3.3994   3.6162  -5.2687  -5.0590
 -3.4629   3.6202  -5.3906  -5.0660
 -3.5215   3.6236  -5.5049  -5.0708
 -3.5754   3.6265  -5.6117  -5.0737
 -3.6246   3.6291  -5.7110  -5.0748
 -3.6691   3.6313  -5.8027  -5.0743
 -3.7090   3.6331  -5.8870  -5.0724
 -3.7443   3.6347  -5.9636  -5.0692
 -3.7751   3.6360  -6.0328  -5.0648
 -3.8014   3.6371  -6.0944  -5.0594
 -3.8233   3.6380  -6.1485  -5.0530
 -3.8408   3.6386  -6.1950  -5.0458
 -3.8539   3.6391  -6.2339  -5.0378
 -3.8627   3.6394  -6.2651  -5.0292
 -3.8672   3.6395  -6.2888  -5.0201
 -3.8674   3.6394  -6.3048  -5.0105
 -3.8633   3.6391  -6.3130  -5.0006
 -3.8550   3.6387  -6.3136  -4.9904
 -3.8424   3.6380  -6.3063  -4.9801
 -3.8255   3.6372  -6.2911  -4.9696
 -3.8044   3.6361  -6.2681  -4.9592
 -3.7791   3.6349  -6.2371  -4.9487
 -3.7495   3.6334  -6.1980  -4.9383
 -3.7157   3.6316  -6.1509  -4.9280
 -3.6775   3.6296  -6.0955  -4.9179
 -3.6351   3.6272  -6.0318  -4.9080
 -3.5883   3.6245  -5.9598  -4.8982
 -3.5372   3.6215  -5.8793  -4.8886
 -3.4817   3.6180  -5.7902  -4.8790
 -3.4217   3.6140  -5.6925  -4.8696
 -3.3573   3.6095  -5.5858  -4.8601
 -3.2883   3.6042  -5.4703  -4.8505
 -3.2147   3.5982  -5.3457  -4.8404
 -3.1364   3.5912  -5.2118  -4.8298
 -3.0533   3.5829  -5.0686  -4.8182
 -2.9654   3.5732  -4.9158  -4.8053
 -2.8725   3.5615  -4.7533  -4.7903
 -2.7745   3.5475  -4.5810  -4.7725
 -2.6713   3.5305  -4.3986  -4.7510
 -2.5627   3.5097  -4.2061  -4.7244
 -2.4486   3.4840  -4.0031  -4.6910
 -2.3287   3.4519  -3.7895  -4.6486
 -2.2027   3.4117  -3.5652  -4.5944
 -2.0704   3.3610  -3.3300  -4.5247
 -1.9314   3.2965  -3.0836  -4.4349
 -1.7853   3.2143  -2.8260  -4.3190
 -1.6315   3.1090  -2.5571  -4.1694
 -1.4694   2.9735  -2.2766  -3.9767
 -1.2982   2.7987  -1.9846  -3.7288
 -1.1168   2.5729  -1.6811  -3.4109
 -0.9239   2.2809  -1.3662  -3.0049
 -0.7180   1.9034  -1.0400  -2.4889
 -0.4972   1.4169  -0.7029  -1.8367
 -0.2591   0.7929  -0.3556  -1.0184
 -0.0013   0.0000   0.0013  -0.0002
 -0.0014   0.0005   0.0009  -0.0005
 -0.0015   0.0005   0.0009  -0.0005
 -0.0016   0.0005   0.0009  -0.0005
  5.6061  -5.7165  -0.0612   0.0125
  5.6123  -5.4032   0.2019  -0.4969
  5.6166  -5.0939   0.4552  -0.9467
  5.6187  -4.7884   0.6988  -1.3428
  5.6187  -4.4866   0.9331  -1.6904
  5.6164  -4.1884   1.1583  -1.9943
  5.6117  -3.8935   1.3745  -2.2589
  5.6046  -3.6019   1.5819  -2.4879
  5.5949  -3.3135   1.7808  -2.6851
  5.5827  -3.0281   1.9714  -2.8535
  5.5679  -2.7456   2.1539  -2.9961
  5.5504  -2.4659   2.3283  -3.1154
  5.5301  -2.1889   2.4950  -3.2138
  5.5070  -1.9146   2.6540  -3.2934
  5.4812  -1.6429   2.8056  -3.3562
  5.4525  -1.3737   2.9498  -3.4039
  5.4210  -1.1069   3.0868  -3.4380
  5.3866  -0.8424   3.2167  -3.4600
  5.3493  -0.5803   3.3397  -3.4711
  5.3092  -0.3204   3.4558  -3.4725
  5.2662  -0.0626   3.5653  -3.4651
  5.2203   0.1930   3.6680  -3.4501
  5.1716   0.4465   3.7643  -3.4281
  5.1201   0.6980   3.8541  -3.3999
  5.0658   0.9476   3.9376  -3.3663
  5.0087   1.1952   4.0148  -3.3278
  4.9488   1.4409   4.0857  -3.2849
  4.8863   1.6848   4.1506  -3.2383
  4.8212   1.9268   4.2094  -3.1882
  4.7534   2.1672   4.2621  -3.1352
  4.6830   2.4058   4.3090  -3.0796
  4.6102   2.6427   4.3500  -3.0216
  4.5349   2.8780   4.3851  -2.9617
  4.4572   3.1118   4.4145  -2.9000
  4.3772   3.3440   4.4381  -2.8368
  4.2949   3.5747   4.4561  -2.7723
  4.2104   3.8040   4.4684  -2.7067
  4.1238   4.0319   4.4751  -2.6401
  4.0351   4.2584   4.4763  -2.5728
  3.9443   4.4836   4.4719  -2.5048
  3.8516   4.7077   4.4620  -2.4362
  3.7570   4.9305   4.4467  -2.3672
  3.6606   5.1522   4.4260  -2.2979
  3.5623   5.3728   4.3998  -2.2283
  3.4624   5.5924   4.3683  -2.1586
  3.3609   5.8110   4.3315  -2.0887
  3.2577   6.0288   4.2893  -2.0189
  3.1530   6.2457   4.2418  -1.9490
  3.0468   6.4619   4.1890  -1.8792
  2.9392   6.6774   4.1309  -1.8096
  2.8303   6.8923   4.0676  -1.7401
  2.7200   7.1067   3.9990  -1.6709
  2.6083   7.3206   3.9253  -1.6019
  2.4955   7.5341   3.8463  -1.5331
  2.3814   7.7474   3.7621  -1.4647
  2.2662   7.9605   3.6728  -1.3967
  2.1498   8.1735   3.5783  -1.3290
  2.0323   8.3865   3.4786  -1.2618
  1.9136   8.5996   3.3738  -1.1950
  1.7939   8.8129   3.2638  -1.1287
  1.6731   9.0266   3.1487  -1.0629
  1.5513   9.2406   3.0284  -0.9977
  1.4284   9.4553   2.9031  -0.9331
  1.3044   9.6706   2.7726  -0.8691
  1.1794   9.8867   2.6371  -0.8058
  1.0533  10.1038   2.4964  -0.7433
  0.9261  10.3219   2.3507  -0.6815
  0.7978  10.5414   2.1999  -0.6206
  0.6684  10.7622   2.0440  -0.5607
  0.5378  10.9845   1.8830  -0.5018
  0.4060  11.2086   1.7170  -0.4440
  0.2729  11.4347   1.5460  -0.3875
  0.1386  11.6628   1.3699  -0.3323
  0.0028  11.8932   1.1888  -0.2787
 -0.1343  12.1262   1.0027  -0.2267
 -0.2730  12.3619   0.8115  -0.1766
 -0.4132  12.6007   0.6154  -0.1285
 -0.5551  12.8426   0.4143  -0.0829
 -0.6988  13.0881   0.2083  -0.0398
 -0.8443  13.3373  -0.0027   0.0002
 -0.8443  13.3373  -0.0027   0.0002
  0.2296  13.3524  -0.4179   0.9937
  1.3409  11.8071  -0.8346   1.8076
  2.3956   9.6874  -1.2428   2.4749
  3.3561   7.4028  -1.6382   3.0241
  4.2088   5.1178  -2.0192   3.4791
  4.9513   2.8855  -2.3852   3.8592
  5.5906   0.6668  -2.7367   4.1801
  6.1266  -1.4950  -3.0731   4.4544
  6.5608  -3.5666  -3.3942   4.6919
  6.8948  -5.5136  -3.6998   4.9008
  7.1304  -7.2977  -3.9895   5.0873
  7.2696  -8.8783  -4.2631   5.2565
  7.3149 -10.2165  -4.5202   5.4123
  7.2699 -11.2833  -4.7607   5.5579
  7.1407 -12.0806  -4.9848   5.6956
  6.9439 -12.7439  -5.1942   5.8275
  6.6871 -13.2942  -5.3893   5.9551
  6.3853 -13.8510  -5.5716   6.0796
  6.0475 -14.4641  -5.7419   6.2021
  5.6816 -15.2019  -5.9015   6.3234
  5.2890 -16.0828  -6.0511   6.4443
  4.8634 -16.9764  -6.1896   6.5654
  4.3998 -17.7594  -6.3160   6.6868
  3.8977 -18.3383  -6.4295   6.8088
  3.3611 -18.6634  -6.5298   6.9314
  2.8025 -18.7683  -6.6171   7.0545
  2.2319 -18.6902  -6.6922   7.1781
  1.6593 -18.4850  -6.7556   7.3021
  1.0923 -18.1962  -6.8082   7.4265
  0.5363 -17.8582  -6.8504   7.5513
 -0.0050 -17.4960  -6.8830   7.6764
 -0.5290 -17.1267  -6.9063   7.8018
 -1.0341 -16.7620  -6.9207   7.9275
 -1.5193 -16.4092  -6.9265   8.0535
 -1.9840 -16.0724  -6.9242   8.1796
 -2.4278 -15.7532  -6.9140   8.3059
 -2.8508 -15.4518  -6.8961   8.4323
 -3.2530 -15.1670  -6.8708   8.5587
 -3.6345 -14.8971  -6.8384   8.6851
 -3.9953 -14.6401  -6.7989   8.8114
 -4.3355 -14.3941  -6.7527   8.9377
 -4.6553 -14.1572  -6.6999   9.0637
 -4.9547 -13.9279  -6.6407   9.1894
 -5.2336 -13.7048  -6.5753   9.3149
 -5.4920 -13.4867  -6.5038   9.4399
 -5.7298 -13.2726  -6.4265   9.5644
 -5.9471 -13.0619  -6.3435   9.6883
 -6.1436 -12.8537  -6.2549   9.8116
 -6.3191 -12.6477  -6.1609   9.9340
 -6.4736 -12.4434  -6.0617  10.0555
 -6.6068 -12.2404  -5.9573  10.1758
 -6.7186 -12.0384  -5.8478  10.2948
 -6.8086 -11.8371  -5.7334  10.4122
 -6.8766 -11.6362  -5.6141  10.5277
 -6.9224 -11.4354  -5.4901  10.6409
 -6.9456 -11.2345  -5.3613  10.7514
 -6.9459 -11.0329  -5.2279  10.8584
 -6.9229 -10.8302  -5.0898  10.9613
 -6.8763 -10.6258  -4.9471  11.0591
 -6.8057 -10.4189  -4.7997  11.1505
 -6.7106 -10.2087  -4.6475  11.2339
 -6.5906  -9.9939  -4.4903  11.3072
 -6.4451  -9.7730  -4.3281  11.3679
 -6.2735  -9.5442  -4.1605  11.4124
 -6.0754  -9.3052  -3.9872  11.4366
 -5.8500  -9.0530  -3.8076  11.4348
 -5.5967  -8.7841  -3.6211  11.3998
 -5.3146  -8.4942  -3.4268  11.3224
 -5.0030  -8.1779  -3.2236  11.1908
 -4.6608  -7.8287  -3.0099  10.9898
 -4.2871  -7.4381  -2.7838  10.6997
 -3.8808  -6.9958  -2.5427  10.2954
 -3.4407  -6.4882  -2.2833   9.7446
 -2.9653  -5.8969  -2.0014   9.0057
 -2.4532  -5.1957  -1.6915   8.0256
 -1.9026  -4.3454  -1.3466   6.7358
 -1.3117  -3.2826  -0.9578   5.0486
 -0.6782  -1.8993  -0.5136   2.8516
  0.0006  -0.0006   0.0004   0.0003
 -0.0008  -0.0017  -0.0014   0.0040
 -0.0008  -0.0017  -0.0014   0.0040
 -0.0008  -0.0017  -0.0015   0.0040
 -0.0008  -0.0017  -0.0015   0.0040
 -0.0008  -0.0017  -0.0016   0.0040
 -0.0008  -0.0017  -0.0016   0.0041
 -0.0008  -0.0017  -0.0017   0.0041
 -0.0009  -0.0016  -0.0017   0.0041
  0.0485   0.0189  11.8328  -9.1903
 -0.0803  -0.5142  11.7571  -9.0030
 -0.2051  -0.9641  11.6822  -8.8167
 -0.3262  -1.3392  11.6079  -8.6314
 -0.4436  -1.6472  11.5340  -8.4470
 -0.5573  -1.8950  11.4604  -8.2634
 -0.6672  -2.0887  11.3868  -8.0804
 -0.7734  -2.2339  11.3131  -7.8979
 -0.8758  -2.3356  11.2392  -7.7159
 -0.9743  -2.3984  11.1650  -7.5342
 -1.0690  -2.4264  11.0902  -7.3528
 -1.1597  -2.4233  11.0148  -7.1715
 -1.2465  -2.3924  10.9385  -6.9903
 -1.3293  -2.3368  10.8614  -6.8092
 -1.4081  -2.2591  10.7832  -6.6280
 -1.4829  -2.1618  10.7038  -6.4467
 -1.5537  -2.0471  10.6231  -6.2652
 -1.6204  -1.9170  10.5409  -6.0835
 -1.6832  -1.7734  10.4572  -5.9015
 -1.7419  -1.6178  10.3718  -5.7192
 -1.7966  -1.4517  10.2846  -5.5364
 -1.8474  -1.2765  10.1954  -5.3533
 -1.8943  -1.0934  10.1043  -5.1696
 -1.9373  -0.9034  10.0109  -4.9854
 -1.9765  -0.7076   9.9153  -4.8007
 -2.0119  -0.5067   9.8174  -4.6153
 -2.0435  -0.3018   9.7169  -4.4294
 -2.0715  -0.0934   9.6139  -4.2428
 -2.0958   0.1177   9.5081  -4.0554
 -2.1166   0.3309   9.3996  -3.8674
 -2.1339   0.5457   9.2882  -3.6787
 -2.1477   0.7615   9.1737  -3.4892
 -2.1582   0.9779   9.0562  -3.2989
 -2.1654   1.1945   8.9355  -3.1078
 -2.1694   1.4107   8.8115  -2.9159
 -2.1702   1.6263   8.6842  -2.7231
 -2.1679   1.8409   8.5535  -2.5296
 -2.1626   2.0541   8.4192  -2.3352
 -2.1544   2.2655   8.2814  -2.1399
 -2.1434   2.4750   8.1399  -1.9438
 -2.1296   2.6821   7.9946  -1.7467
 -2.1131   2.8865   7.8456  -1.5489
 -2.0940   3.0880   7.6928  -1.3501
 -2.0724   3.2861   7.5360  -1.1504
 -2.0483   3.4806   7.3753  -0.9498
 -2.0219   3.6710   7.2107  -0.7484
 -1.9931   3.8570   7.0420  -0.5460
 -1.9622   4.0382   6.8692  -0.3428
 -1.9291   4.2141   6.6924  -0.1386
 -1.8939   4.3843   6.5115   0.0665
 -1.8568   4.5482   6.3264   0.2724
 -1.8178   4.7053   6.1372   0.4793
 -1.7769   4.8549   5.9439   0.6871
 -1.7342   4.9963   5.7464   0.8958
 -1.6898   5.1288   5.5448   1.1055
 -1.6437   5.2515   5.3390   1.3160
 -1.5960   5.3634   5.1290   1.5275
 -1.5468   5.4635   4.9150   1.7399
 -1.4960   5.5506   4.6968   1.9533
 -1.4437   5.6234   4.4746   2.1677
 -1.3899   5.6805   4.2483   2.3830
 -1.3347   5.7202   4.0180   2.5994
 -1.2780   5.7407   3.7836   2.8168
 -1.2198   5.7400   3.5453   3.0352
 -1.1601   5.7160   3.3030   3.2546
 -1.0988   5.6660   3.0568   3.4752
 -1.0358   5.5874   2.8067   3.6969
 -0.9712   5.4772   2.5528   3.9197
 -0.9047   5.3319   2.2950   4.1438
 -0.8363   5.1479   2.0335   4.3691
 -0.7657   4.9209   1.7682   4.5957
 -0.6929   4.6463   1.4991   4.8237
 -0.6176   4.3191   1.2263   5.0530
 -0.5397   3.9337   0.9498   5.2839
 -0.4588   3.4838   0.6696   5.5163
 -0.3747   2.9626   0.3858   5.7503
 -0.2871   2.3624   0.0982   5.9860
 -0.1959   1.6750  -0.1931   6.2235
 -0.1007   0.8910  -0.4881   6.4629
 -0.0012   0.0004  -0.7869   6.7042
 -0.0012   0.0004  -0.7869   6.7042
 -0.1645  -0.4812  -0.3866  -1.4973
 -0.3291  -0.8242  -0.1515  -7.9408
 -0.4934  -1.0561  -0.0762 -12.8796
 -0.6559  -1.1988  -0.1433 -16.5386
 -0.8154  -1.2697  -0.3286 -19.1265
 -0.9706  -1.2831  -0.6057 -20.8414
 -1.1204  -1.2502  -0.9492 -21.8667
 -1.2641  -1.1804  -1.3376 -22.3628
 -1.4012  -1.0810  -1.7533 -22.4622
 -1.5313  -0.9583  -2.1833 -22.2703
 -1.6541  -0.8172  -2.6176 -21.8683
 -1.7695  -0.6615  -3.0492 -21.3177
 -1.8776  -0.4945  -3.4730 -20.6650
 -1.9784  -0.3188  -3.8855 -19.9448
 -2.0719  -0.1364  -4.2841 -19.1827
 -2.1583   0.0511  -4.6672 -18.3975
 -2.2377   0.2422  -5.0339 -17.6030
 -2.3103   0.4361  -5.3835 -16.8091
 -2.3763   0.6318  -5.7156 -16.0231
 -2.4359   0.8287  -6.0301 -15.2498
 -2.4892   1.0264  -6.3271 -14.4926
 -2.5364   1.2243  -6.6067 -13.7537
 -2.5779   1.4222  -6.8691 -13.0343
 -2.6136   1.6200  -7.1145 -12.3351
 -2.6440   1.8173  -7.3431 -11.6561
 -2.6691   2.0141  -7.5553 -10.9970
 -2.6891   2.2103  -7.7514 -10.3573
 -2.7043   2.4059  -7.9315  -9.7362
 -2.7149   2.6008  -8.0960  -9.1329
 -2.7210   2.7951  -8.2451  -8.5463
 -2.7228   2.9886  -8.3791  -7.9757
 -2.7206   3.1816  -8.4981  -7.4200
 -2.7144   3.3739  -8.6026  -6.8781
 -2.7046   3.5657  -8.6926  -6.3493
 -2.6912   3.7570  -8.7683  -5.8325
 -2.6744   3.9479  -8.8301  -5.3269
 -2.6545   4.1384  -8.8779  -4.8317
 -2.6315   4.3285  -8.9120  -4.3461
 -2.6057   4.5185  -8.9327  -3.8695
 -2.5772   4.7082  -8.9399  -3.4010
 -2.5461   4.8978  -8.9339  -2.9401
 -2.5127   5.0874  -8.9148  -2.4863
 -2.4771   5.2770  -8.8828  -2.0389
 -2.4395   5.4666  -8.8379  -1.5975
 -2.4000   5.6564  -8.7804  -1.1615
 -2.3587   5.8462  -8.7102  -0.7307
 -2.3158   6.0363  -8.6276  -0.3045
 -2.2716   6.2264  -8.5326   0.1173
 -2.2260   6.4167  -8.4254   0.5351
 -2.1793   6.6070  -8.3060   0.9490
 -2.1316   6.7974  -8.1746   1.3593
 -2.0830   6.9875  -8.0313   1.7661
 -2.0337   7.1773  -7.8761   2.1693
 -1.9837   7.3664  -7.7092   2.5691
 -1.9333   7.5545  -7.5307   2.9651
 -1.8826   7.7411  -7.3407   3.3570
 -1.8315   7.9255  -7.1392   3.7445
 -1.7803   8.1068  -6.9265   4.1267
 -1.7289   8.2841  -6.7026   4.5028
 -1.6775   8.4558  -6.4677   4.8714
 -1.6260   8.6203  -6.2218   5.2309
 -1.5744   8.7753  -5.9651   5.5790
 -1.5227   8.9180  -5.6977   5.9130
 -1.4707   9.0448  -5.4197   6.2293
 -1.4182   9.1511  -5.1313   6.5234
 -1.3649   9.2315  -4.8326   6.7895
 -1.3104   9.2786  -4.5236   7.0205
 -1.2540   9.2836  -4.2046   7.2075
 -1.1950   9.2353  -3.8754   7.3392
 -1.1324   9.1195  -3.5363   7.4017
 -1.0646   8.9186  -3.1870   7.3776
 -0.9901   8.6105  -2.8276   7.2452
 -0.9066   8.1674  -2.4577   6.9778
 -0.8111   7.5548  -2.0772   6.5421
 -0.7003   6.7293  -1.6857   5.8969
 -0.5697   5.6369  -1.2825   4.9911
 -0.4141   4.2103  -0.8673   3.7615
  5.8867  -6.4610  -0.9487   3.7795
  5.9234  -6.1418  -0.6462   2.0087
  5.9573  -5.8269  -0.3521   0.4553
  5.9882  -5.5162  -0.0676  -0.9024
  6.0162  -5.2094   0.2067  -2.0837
  6.0412  -4.9064   0.4706  -3.1064
  6.0631  -4.6069   0.7241  -3.9862
  6.0818  -4.3107   0.9671  -4.7376
  6.0973  -4.0178   1.2000  -5.3736
  6.1095  -3.7280   1.4229  -5.9059
  6.1185  -3.4412   1.6363  -6.3451
  6.1240  -3.1572   1.8403  -6.7007
  6.1262  -2.8759   2.0355  -6.9816
  6.1249  -2.5973   2.2219  -7.1953
  6.1201  -2.3212   2.4001  -7.3491
  6.1119  -2.0475   2.5702  -7.4492
  6.1001  -1.7763   2.7325  -7.5014
  6.0848  -1.5073   2.8873  -7.5108
  6.0659  -1.2406   3.0346  -7.4820
  6.0435  -0.9761   3.1748  -7.4193
  6.0175  -0.7137   3.3080  -7.3264
  5.9880  -0.4533   3.4342  -7.2066
  5.9549  -0.1950   3.5537  -7.0630
  5.9183   0.0613   3.6666  -6.8984
  5.8782   0.3156   3.7728  -6.7151
  5.8346   0.5681   3.8725  -6.5155
  5.7876   0.8187   3.9658  -6.3013
  5.7371   1.0674   4.0526  -6.0746
  5.6833   1.3143   4.1331  -5.8367
  5.6262   1.5594   4.2072  -5.5892
  5.5659   1.8028   4.2751  -5.3333
  5.5023   2.0444   4.3367  -5.0702
  5.4355   2.2844   4.3920  -4.8010
  5.3657   2.5227   4.4411  -4.5265
  5.2929   2.7593   4.4839  -4.2477
  5.2171   2.9943   4.5205  -3.9653
  5.1384   3.2278   4.5509  -3.6800
  5.0569   3.4597   4.5750  -3.3924
  4.9727   3.6901   4.5930  -3.1031
  4.8859   3.9190   4.6048  -2.8127
  4.7965   4.1464   4.6103  -2.5217
  4.7046   4.3725   4.6097  -2.2306
  4.6103   4.5971   4.6028  -1.9399
  4.5137   4.8205   4.5898  -1.6499
  4.4148   5.0425   4.5706  -1.3611
  4.3138   5.2633   4.5451  -1.0741
  4.2106   5.4829   4.5135  -0.7891
  4.1055   5.7013   4.4757  -0.5068
  3.9985   5.9187   4.4317  -0.2276
  3.8896   6.1349   4.3815   0.0481
  3.7790   6.3502   4.3251   0.3196
  3.6667   6.5646   4.2626   0.5865
  3.5527   6.7781   4.1938   0.8480
  3.4372   6.9908   4.1189   1.1034
  3.3201   7.2028   4.0378   1.3521
  3.2017   7.4142   3.9505   1.5931
  3.0819   7.6249   3.8571   1.8257
  2.9608   7.8352   3.7574   2.0486
  2.8384   8.0450   3.6516   2.2609
  2.7148   8.2545   3.5397   2.4613
  2.5900   8.4638   3.4216   2.6483
  2.4641   8.6729   3.2973   2.8205
  2.3372   8.8820   3.1668   2.9761
  2.2092   9.0911   3.0303   3.1132
  2.0802   9.3005   2.8876   3.2297
  1.9502   9.5101   2.7387   3.3232
  1.8192   9.7201   2.5837   3.3910
  1.6873   9.9306   2.4226   3.4303
  1.5545  10.1419   2.2554   3.4376
  1.4208  10.3539   2.0820   3.4095
  1.2861  10.5668   1.9025   3.3417
  1.1506  10.7809   1.7168   3.2298
  1.0142  10.9962   1.5248   3.0687
  0.8769  11.2129   1.3266   2.8528
  0.7387  11.4312   1.1220   2.5759
  0.5996  11.6513   0.9110   2.2308
  0.4595  11.8734   0.6932   1.8100
  0.3186  12.0977   0.4686   1.3045
  0.1766  12.3243   0.2367   0.7049
  0.0337  12.5536  -0.0028   0.0003
  0.0337  12.5536  -0.0028   0.0003
  0.4564   6.8546  -0.7020  -0.9813
  0.7814   2.3135  -1.3585  -1.6825
  1.0173  -1.2813  -1.9766  -2.1577
  1.1761  -4.1096  -2.5597  -2.4505
  1.2701  -6.3221  -3.1100  -2.5958
  1.3111  -8.0424  -3.6298  -2.6217
  1.3095  -9.3715  -4.1203  -2.5507
  1.2742 -10.3908  -4.5831  -2.4012
  1.2126 -11.1654  -5.0190  -2.1878
  1.1309 -11.7473  -5.4290  -1.9223
  1.0339 -12.1778  -5.8138  -1.6145
  0.9256 -12.4894  -6.1742  -1.2720
  0.8090 -12.7079  -6.5107  -0.9012
  0.6866 -12.8536  -6.8240  -0.5073
  0.5605 -12.9425  -7.1146  -0.0945
  0.4320 -12.9870  -7.3830   0.3337
  0.3024 -12.9969  -7.6298   0.7744
  0.1727 -12.9800  -7.8553   1.2253
  0.0434 -12.9421  -8.0602   1.6844
 -0.0846 -12.8881  -8.2449   2.1500
 -0.2111 -12.8215  -8.4099   2.6206
 -0.3357 -12.7451  -8.5556   3.0950
 -0.4580 -12.6612  -8.6827   3.5722
 -0.5778 -12.5714  -8.7915   4.0511
 -0.6950 -12.4771  -8.8825   4.5309
 -0.8094 -12.3792  -8.9563   5.0109
 -0.9208 -12.2785  -9.0134   5.4902
 -1.0292 -12.1756  -9.0543   5.9682
 -1.1344 -12.0709  -9.0796   6.4443
 -1.2363 -11.9647  -9.0896   6.9178
 -1.3349 -11.8573  -9.0851   7.3882
 -1.4300 -11.7489  -9.0665   7.8549
 -1.5216 -11.6395  -9.0343   8.3174
 -1.6096 -11.5292  -8.9892   8.7753
 -1.6939 -11.4182  -8.9317   9.2280
 -1.7745 -11.3065  -8.8624   9.6751
 -1.8512 -11.1940  -8.7818  10.1162
 -1.9240 -11.0808  -8.6905  10.5510
 -1.9927 -10.9670  -8.5890  10.9791
 -2.0574 -10.8525  -8.4780  11.4002
 -2.1178 -10.7372  -8.3581  11.8142
 -2.1740 -10.6214  -8.2297  12.2207
 -2.2258 -10.5048  -8.0936  12.6197
 -2.2731 -10.3875  -7.9501  13.0109
 -2.3159 -10.2695  -7.8000  13.3943
 -2.3539 -10.1509  -7.6439  13.7698
 -2.3872 -10.0315  -7.4821  14.1373
 -2.4156  -9.9114  -7.3154  14.4967
 -2.4390  -9.7905  -7.1442  14.8479
 -2.4573  -9.6688  -6.9691  15.1909
 -2.4704  -9.5462  -6.7906  15.5254
 -2.4782  -9.4226  -6.6092  15.8513
 -2.4804  -9.2979  -6.4255  16.1683
 -2.4771  -9.1720  -6.2398  16.4759
 -2.4681  -9.0446  -6.0527  16.7735
 -2.4532  -8.9156  -5.8645  17.0604
 -2.4323  -8.7845  -5.6756  17.3355
 -2.4053  -8.6509  -5.4865  17.5974
 -2.3720  -8.5143  -5.2973  17.8445
 -2.3323  -8.3739  -5.1083  18.0742
 -2.2860  -8.2290  -4.9196  18.2838
 -2.2329  -8.0783  -4.7313  18.4694
 -2.1729  -7.9206  -4.5434  18.6262
 -2.1056  -7.7540  -4.3555  18.7480
 -2.0311  -7.5763  -4.1674  18.8272
 -1.9489  -7.3849  -3.9782  18.8539
 -1.8588  -7.1763  -3.7872  18.8156
 -1.7606  -6.9463  -3.5928  18.6965
 -1.6539  -6.6896  -3.3932  18.4766
 -1.5384  -6.3996  -3.1861  18.1308
 -1.4135  -6.0681  -2.9680  17.6270
 -1.2789  -5.6851  -2.7347  16.9250
 -1.1338  -5.2377  -2.4809  15.9735
 -0.9777  -4.7103  -2.1996  14.7084
 -0.8097  -4.0835  -1.8820  13.0485
 -0.6289  -3.3328  -1.5175  10.8919
 -0.4343  -2.4284  -1.0930   8.1108
 -0.2247  -1.3329  -0.5930   4.5460
  0.0011  -0.0003  -0.0002   0.0003
  0.0006  -0.0006  -0.0055   0.0088
  0.0005  -0.0006  -0.0055   0.0088
  0.0464   0.0227  11.8240  -9.9871
  0.0067   0.1657  11.7549  -9.8028
 -0.0314   0.3004  11.6862  -9.6196
 -0.0680   0.4272  11.6178  -9.4374
 -0.1030   0.5468  11.5494  -9.2560
 -0.1366   0.6594  11.4812  -9.0755
 -0.1688   0.7656  11.4129  -8.8956
 -0.1995   0.8656  11.3445  -8.7162
 -0.2289   0.9599  11.2758  -8.5374
 -0.2570   1.0488  11.2069  -8.3590
 -0.2837   1.1327  11.1375  -8.1809
 -0.3092   1.2118  11.0675  -8.0030
 -0.3334   1.2865  10.9970  -7.8252
 -0.3564   1.3570  10.9257  -7.6476
 -0.3781   1.4237  10.8536  -7.4699
 -0.3987   1.4869  10.7806  -7.2922
 -0.4181   1.5466  10.7065  -7.1144
 -0.4364   1.6033  10.6314  -6.9364
 -0.4536   1.6572  10.5550  -6.7581
 -0.4697   1.7083  10.4772  -6.5796
 -0.4847   1.7570  10.3980  -6.4007
 -0.4986   1.8034  10.3173  -6.2213
 -0.5116   1.8477  10.2349  -6.0415
 -0.5235   1.8900  10.1508  -5.8612
 -0.5344   1.9306  10.0648  -5.6804
 -0.5443   1.9695   9.9769  -5.4989
 -0.5533   2.0068   9.8868  -5.3168
 -0.5614   2.0427   9.7946  -5.1341
 -0.5685   2.0772   9.7001  -4.9506
 -0.5748   2.1106   9.6033  -4.7664
 -0.5802   2.1427   9.5039  -4.5813
 -0.5847   2.1738   9.4019  -4.3955
 -0.5883   2.2039   9.2972  -4.2089
 -0.5912   2.2330   9.1898  -4.0213
 -0.5932   2.2612   9.0794  -3.8329
 -0.5945   2.2886   8.9660  -3.6436
 -0.5949   2.3150   8.8496  -3.4533
 -0.5946   2.3407   8.7299  -3.2621
 -0.5936   2.3655   8.6069  -3.0699
 -0.5919   2.3895   8.4806  -2.8767
 -0.5894   2.4127   8.3509  -2.6825
 -0.5863   2.4350   8.2175  -2.4873
 -0.5825   2.4564   8.0806  -2.2910
 -0.5780   2.4769   7.9399  -2.0938
 -0.5729   2.4965   7.7955  -1.8954
 -0.5671   2.5150   7.6473  -1.6960
 -0.5607   2.5324   7.4951  -1.4956
 -0.5537   2.5486   7.3390  -1.2940
 -0.5462   2.5635   7.1788  -1.0914
 -0.5380   2.5770   7.0146  -0.8877
 -0.5293   2.5889   6.8463  -0.6830
 -0.5200   2.5990   6.6738  -0.4771
 -0.5101   2.6072   6.4970  -0.2701
 -0.4997   2.6133   6.3161  -0.0621
 -0.4888   2.6169   6.1309   0.1471
 -0.4773   2.6179   5.9415   0.3574
 -0.4653   2.6160   5.7478   0.5688
 -0.4528   2.6107   5.5497   0.7813
 -0.4397   2.6018   5.3474   0.9949
 -0.4261   2.5887   5.1408   1.2097
 -0.4120   2.5710   4.9298   1.4256
 -0.3973   2.5481   4.7146   1.6427
 -0.3821   2.5194   4.4951   1.8609
 -0.3662   2.4842   4.2714   2.0803
 -0.3498   2.4418   4.0435   2.3009
 -0.3328   2.3912   3.8113   2.5228
 -0.3151   2.3315   3.5750   2.7458
 -0.2968   2.2616   3.3346   2.9701
 -0.2777   2.1803   3.0901   3.1957
 -0.2579   2.0863   2.8415   3.4226
 -0.2372   1.9779   2.5889   3.6508
 -0.2157   1.8535   2.3324   3.8804
 -0.1932   1.7112   2.0719   4.1114
 -0.1697   1.5488   1.8075   4.3439
 -0.1450   1.3640   1.5393   4.5779
 -0.1192   1.1542   1.2674   4.8134
 -0.0920   0.9164   0.9916   5.0506
 -0.0634   0.6473   0.7122   5.2894
 -0.0332   0.3432   0.4290   5.5300
 -0.0012   0.0003   0.1423   5.7724
 -0.0012   0.0003   0.1423   5.7724
 -0.2090   0.7231  -0.1084   3.3583
 -0.4099   1.3251  -0.3738   1.4951
 -0.6035   1.8180  -0.6495   0.0460
 -0.7900   2.2173  -0.9317  -1.0872
 -0.9695   2.5388  -1.2173  -1.9768
 -1.1421   2.7966  -1.5036  -2.6767
 -1.3079   3.0033  -1.7885  -3.2278
 -1.4671   3.1691  -2.0702  -3.6618
 -1.6199   3.3023  -2.3474  -4.0032
 -1.7663   3.4097  -2.6189  -4.2712
 -1.9066   3.4968  -2.8840  -4.4809
 -2.0408   3.5680  -3.1419  -4.6441
 -2.1691   3.6265  -3.3921  -4.7703
 -2.2915   3.6750  -3.6343  -4.8670
 -2.4082   3.7158  -3.8682  -4.9400
 -2.5193   3.7505  -4.0935  -4.9941
 -2.6249   3.7803  -4.3101  -5.0329
 -2.7250   3.8064  -4.5179  -5.0595
 -2.8198   3.8295  -4.7169  -5.0763
 -2.9094   3.8503  -4.9070  -5.0850
 -2.9937   3.8692  -5.0882  -5.0873
 -3.0730   3.8867  -5.2606  -5.0842
 -3.1472   3.9030  -5.4240  -5.0769
 -3.2164   3.9185  -5.5786  -5.0660
 -3.2807   3.9332  -5.7243  -5.0521
 -3.3402   3.9474  -5.8613  -5.0358
 -3.3949   3.9611  -5.9894  -5.0175
 -3.4449   3.9745  -6.1089  -4.9974
 -3.4902   3.9876  -6.2195  -4.9759
 -3.5309   4.0005  -6.3215  -4.9531
 -3.5670   4.0132  -6.4148  -4.9293
 -3.5985   4.0258  -6.4995  -4.9046
 -3.6256   4.0383  -6.5755  -4.8790
 -3.6482   4.0507  -6.6428  -4.8528
 -3.6664   4.0630  -6.7015  -4.8260
 -3.6803   4.0754  -6.7516  -4.7987
 -3.6897   4.0876  -6.7931  -4.7710
 -3.6949   4.0999  -6.8259  -4.7428
 -3.6958   4.1122  -6.8500  -4.7143
 -3.6925   4.1244  -6.8655  -4.6855
 -3.6849   4.1367  -6.8722  -4.6565
 -3.6731   4.1489  -6.8702  -4.6273
 -3.6571   4.1611  -6.8595  -4.5978
 -3.6369   4.1733  -6.8400  -4.5683
 -3.6126   4.1854  -6.8116  -4.5386
 -3.5841   4.1975  -6.7743  -4.5088
 -3.5515   4.2095  -6.7281  -4.4789
 -3.5147   4.2214  -6.6729  -4.4490
 -3.4739   4.2332  -6.6087  -4.4190
 -3.4289   4.2447  -6.5352  -4.3889
 -3.3798   4.2560  -6.4526  -4.3588
 -3.3266   4.2669  -6.3607  -4.3285
 -3.2693   4.2774  -6.2595  -4.2981
 -3.2078   4.2874  -6.1487  -4.2674
 -3.1422   4.2967  -6.0285  -4.2364
 -3.0725   4.3050  -5.8985  -4.2050
 -2.9985   4.3123  -5.7588  -4.1730
 -2.9204   4.3181  -5.6093  -4.1400
 -2.8380   4.3221  -5.4497  -4.1059
 -2.7513   4.3238  -5.2801  -4.0702
 -2.6603   4.3226  -5.1002  -4.0325
 -2.5649   4.3178  -4.9100  -3.9919
 -2.4651   4.3084  -4.7093  -3.9478
 -2.3606   4.2932  -4.4981  -3.8989
 -2.2515   4.2707  -4.2760  -3.8439
 -2.1376   4.2389  -4.0432  -3.7811
 -2.0187   4.1954  -3.7993  -3.7082
 -1.8945   4.1372  -3.5444  -3.6223
 -1.7647   4.0602  -3.2782  -3.5200
 -1.6291   3.9597  -3.0008  -3.3967
 -1.4872   3.8291  -2.7119  -3.2470
 -1.3383   3.6606  -2.4117  -3.0640
 -1.1817   3.4438  -2.1001  -2.8394
 -1.0166   3.1655  -1.7771  -2.5633
  5.6404  -6.0896  -1.8550  -2.5465
  5.6648  -5.7891  -1.5106  -2.8415
  5.6873  -5.4922  -1.1776  -3.0977
  5.7079  -5.1986  -0.8559  -3.3186
  5.7263  -4.9084  -0.5450  -3.5074
  5.7425  -4.6212  -0.2447  -3.6670
  5.7564  -4.3370   0.0452  -3.8000
  5.7679  -4.0557   0.3250  -3.9088
  5.7768  -3.7771   0.5949  -3.9957
  5.7832  -3.5013   0.8551  -4.0626
  5.7868  -3.2279   1.1058  -4.1114
  5.7877  -2.9570   1.3473  -4.1438
  5.7858  -2.6886   1.5795  -4.1614
  5.7809  -2.4224   1.8028  -4.1654
  5.7731  -2.1585   2.0172  -4.1573
  5.7624  -1.8968   2.2229  -4.1382
  5.7485  -1.6372   2.4201  -4.1091
  5.7316  -1.3796   2.6087  -4.0710
  5.7117  -1.1241   2.7890  -4.0250
  5.6885  -0.8705   2.9610  -3.9716
  5.6623  -0.6189   3.1248  -3.9118
  5.6329  -0.3691   3.2806  -3.8462
  5.6004  -0.1212   3.4283  -3.7754
  5.5647   0.1249   3.5682  -3.7000
  5.5259   0.3693   3.7001  -3.6205
  5.4840   0.6119   3.8244  -3.5374
  5.4390   0.8528   3.9408  -3.4511
  5.3909   1.0921   4.0497  -3.3621
  5.3397   1.3297   4.1509  -3.2707
  5.2856   1.5656   4.2446  -3.1773
  5.2285   1.8000   4.3308  -3.0821
  5.1685   2.0329   4.4096  -2.9855
  5.1056   2.2642   4.4810  -2.8877
  5.0399   2.4940   4.5450  -2.7890
  4.9714   2.7224   4.6018  -2.6896
  4.9002   2.9493   4.6512  -2.5897
  4.8264   3.1748   4.6934  -2.4895
  4.7499   3.3989   4.7285  -2.3892
  4.6710   3.6217   4.7563  -2.2889
  4.5895   3.8431   4.7770  -2.1888
  4.5057   4.0633   4.7907  -2.0891
  4.4196   4.2822   4.7972  -1.9899
  4.3312   4.5000   4.7967  -1.8914
  4.2406   4.7166   4.7892  -1.7936
  4.1479   4.9320   4.7747  -1.6967
  4.0531   5.1464   4.7532  -1.6008
  3.9564   5.3598   4.7248  -1.5061
  3.8577   5.5721   4.6895  -1.4126
  3.7572   5.7836   4.6472  -1.3205
  3.6549   5.9941   4.5981  -1.2299
  3.5509   6.2039   4.5421  -1.1408
  3.4452   6.4129   4.4792  -1.0535
  3.3379   6.6212   4.4095  -0.9679
  3.2291   6.8288   4.3330  -0.8844
  3.1188   7.0359   4.2497  -0.8028
  3.0070   7.2425   4.1596  -0.7235
  2.8938   7.4487   4.0627  -0.6465
  2.7793   7.6545   3.9591  -0.5719
  2.6635   7.8600   3.8487  -0.5000
  2.5464   8.0654   3.7316  -0.4308
  2.4281   8.2707   3.6078  -0.3646
  2.3085   8.4759   3.4773  -0.3014
  2.1878   8.6813   3.3401  -0.2415
  2.0659   8.8869   3.1963  -0.1851
  1.9429   9.0927   3.0458  -0.1324
  1.8188   9.2990   2.8886  -0.0836
  1.6936   9.5058   2.7248  -0.0390
  1.5673   9.7132   2.5544   0.0012
  1.4398   9.9214   2.3774   0.0367
  1.3113  10.1305   2.1938   0.0672
  1.1816  10.3407   2.0036   0.0922
  1.0509  10.5520   1.8069   0.1115
  0.9189  10.7647   1.6036   0.1246
  0.7858  10.9788   1.3937   0.1311
  0.6515  11.1946   1.1773   0.1306
  0.5159  11.4123   0.9543   0.1223
  0.3791  11.6320   0.7249   0.1059
  0.2409  11.8538   0.4889   0.0805
  0.1014  12.0781   0.2464   0.0456
 -0.0397  12.3051  -0.0026   0.0003
 -0.0397  12.3051  -0.0026   0.0003
  0.3165   7.2131  -0.5532   1.0414
  0.5862   3.1549  -1.0741   1.9087
  0.7784  -0.0609  -1.5677   2.6266
  0.9040  -2.5985  -2.0359   3.2200
  0.9742  -4.5944  -2.4802   3.7115
  0.9997  -6.1607  -2.9018   4.1209
  0.9893  -7.3874  -3.3019   4.4648
  0.9508  -8.3467  -3.6812   4.7567
  0.8906  -9.0958  -4.0408   5.0079
  0.8136  -9.6799  -4.3812   5.2271
  0.7240 -10.1344  -4.7031   5.4214
  0.6250 -10.4872  -5.0072   5.5966
  0.5193 -10.7602  -5.2939   5.7571
  0.4088 -10.9705  -5.5638   5.9064
  0.2951 -11.1313  -5.8174   6.0472
  0.1794 -11.2532  -6.0551   6.1817
  0.0629 -11.3442  -6.2774   6.3117
 -0.0538 -11.4109  -6.4846   6.4384
 -0.1701 -11.4581  -6.6771   6.5628
 -0.2854 -11.4897  -6.8554   6.6857
 -0.3994 -11.5089  -7.0198   6.8077
 -0.5117 -11.5180  -7.1706   6.9293
 -0.6221 -11.5190  -7.3083   7.0507
 -0.7304 -11.5132  -7.4330   7.1722
 -0.8364 -11.5018  -7.5451   7.2939
 -0.9399 -11.4859  -7.6450   7.4161
 -1.0408 -11.4660  -7.7330   7.5387
 -1.1390 -11.4428  -7.8093   7.6618
 -1.2344 -11.4168  -7.8742   7.7854
 -1.3269 -11.3882  -7.9280   7.9095
 -1.4163 -11.3574  -7.9710   8.0341
 -1.5027 -11.3247  -8.0034   8.1591
 -1.5858 -11.2901  -8.0256   8.2844
 -1.6657 -11.2540  -8.0376   8.4101
 -1.7421 -11.2163  -8.0399   8.5361
 -1.8152 -11.1773  -8.0326   8.6623
 -1.8846 -11.1370  -8.0160   8.7886
 -1.9505 -11.0954  -7.9903   8.9151
 -2.0126 -11.0527  -7.9558   9.0415
 -2.0709 -11.0090  -7.9125   9.1678
 -2.1253 -10.9642  -7.8608   9.2940
 -2.1758 -10.9184  -7.8009   9.4200
 -2.2221 -10.8716  -7.7330   9.5456
 -2.2642 -10.8239  -7.6572   9.6708
 -2.3021 -10.7753  -7.5738   9.7956
 -2.3355 -10.7259  -7.4830   9.9197
 -2.3645 -10.6755  -7.3848  10.0430
 -2.3888 -10.6242  -7.2796  10.1655
 -2.4084 -10.5720  -7.1674  10.2869
 -2.4232 -10.5187  -7.0485  10.4071
 -2.4331 -10.4644  -6.9229  10.5259
 -2.4379 -10.4089  -6.7909  10.6430
 -2.4375 -10.3521  -6.6526  10.7581
 -2.4318 -10.2937  -6.5081  10.8709
 -2.4206 -10.2334  -6.3575  10.9808
 -2.4039 -10.1709  -6.2010  11.0873
 -2.3814 -10.1058  -6.0386  11.1897
 -2.3531 -10.0374  -5.8704  11.2872
 -2.3189  -9.9649  -5.6964  11.3787
 -2.2784  -9.8873  -5.5167  11.4627
 -2.2317  -9.8033  -5.3312  11.5377
 -2.1785  -9.7115  -5.1400  11.6012
 -2.1186  -9.6097  -4.9427  11.6507
 -2.0518  -9.4953  -4.7393  11.6827
 -1.9781  -9.3652  -4.5294  11.6925
 -1.8970  -9.2152  -4.3126  11.6746
 -1.8084  -9.0404  -4.0883  11.6218
 -1.7119  -8.8341  -3.8557  11.5248
 -1.6074  -8.5885  -3.6136  11.3719
 -1.4943  -8.2935  -3.3607  11.1481
 -1.3723  -7.9364  -3.0950  10.8341
 -1.2409  -7.5016  -2.8141  10.4054
 -1.0994  -6.9698  -2.5148   9.8304
 -0.9474  -6.3169  -2.1929   9.0686
 -0.7839  -5.5139  -1.8431   8.0680
 -0.6082  -4.5255  -1.4587   6.7615
 -0.4193  -3.3098  -1.0310   5.0622
 -0.2165  -1.8190  -0.5492   2.8575
  0.0012  -0.0003   0.0001   0.0002
