  0.0000   0.0000   0.0000
  0.0058   0.0025  -0.0430
  0.0118   0.0071  -0.0820
  0.0179   0.0118  -0.1232
  0.0240   0.0166  -0.1691
  0.0308   0.0207  -0.2180
  0.0375   0.0247  -0.2646
  0.0441   0.0287  -0.3097
  0.0506   0.0327  -0.3535
  0.0570   0.0366  -0.3960
  0.0635   0.0403  -0.4372
  0.0697   0.0441  -0.4770
  0.0758   0.0478  -0.5156
  0.0819   0.0515  -0.5529
  0.0879   0.0552  -0.5889
  0.0939   0.0586  -0.6238
  0.0997   0.0621  -0.6573
  0.1056   0.0655  -0.6897
  0.1113   0.0689  -0.7208
  0.1168   0.0723  -0.7507
  0.1224   0.0755  -0.7794
  0.1274   0.0792  -0.8067
  0.1325   0.0827  -0.8329
  0.1377   0.0859  -0.8580
  0.1429   0.0890  -0.8819
  0.1481   0.0920  -0.9047
  0.1532   0.0949  -0.9264
  0.1581   0.0979  -0.9469
  0.1630   0.1009  -0.9663
  0.1679   0.1037  -0.9847
  0.1727   0.1064  -1.0019
  0.1774   0.1091  -1.0181
  0.1820   0.1119  -1.0331
  0.1866   0.1145  -1.0470
  0.1910   0.1172  -1.0599
  0.1955   0.1197  -1.0718
  0.1998   0.1222  -1.0826
  0.2041   0.1247  -1.0924
  0.2084   0.1271  -1.1011
  0.2125   0.1295  -1.1089
  0.2166   0.1319  -1.1156
  0.2205   0.1343  -1.1214
  0.2241   0.1369  -1.1260
  0.2279   0.1391  -1.1298
  0.2318   0.1413  -1.1326
  0.2355   0.1434  -1.1345
  0.2392   0.1455  -1.1354
  0.2428   0.1475  -1.1353
  0.2464   0.1495  -1.1343
  0.2499   0.1515  -1.1324
  0.2533   0.1534  -1.1295
  0.2567   0.1553  -1.1257
  0.2600   0.1571  -1.1210
  0.2633   0.1589  -1.1153
  0.2665   0.1607  -1.1088
  0.2697   0.1624  -1.1014
  0.2727   0.1641  -1.0930
  0.2757   0.1657  -1.0838
  0.2787   0.1674  -1.0737
  0.2816   0.1690  -1.0627
  0.2843   0.1705  -1.0509
  0.2871   0.1721  -1.0381
  0.2897   0.1736  -1.0245
  0.2923   0.1751  -1.0101
  0.2948   0.1766  -0.9948
  0.2973   0.1781  -0.9787
  0.2997   0.1796  -0.9623
  0.3021   0.1810  -0.9462
  0.3045   0.1825  -0.9298
  0.3068   0.1840  -0.9131
  0.3090   0.1856  -0.8968
  0.3112   0.1872  -0.8799
  0.3134   0.1888  -0.8625
  0.3156   0.1903  -0.8446
  0.3177   0.1918  -0.8262
  0.3198   0.1934  -0.8077
  0.3218   0.1948  -0.7885
  0.3239   0.1963  -0.7689
  0.3258   0.1977  -0.7489
  0.3278   0.1991  -0.7285
  0.3297   0.2005  -0.7078
  0.3317   0.2019  -0.6866
  0.3335   0.2033  -0.6651
  0.3354   0.2047  -0.6431
  0.3372   0.2060  -0.6208
  0.3390   0.2074  -0.5981
  0.3407   0.2087  -0.5750
  0.3425   0.2100  -0.5515
  0.3442   0.2112  -0.5276
  0.3459   0.2125  -0.5033
  0.3467   0.2154  -0.4853
  0.3484   0.2165  -0.4600
  0.3500   0.2176  -0.4344
  0.3516   0.2187  -0.4083
  0.3532   0.2198  -0.3818
  0.3548   0.2208  -0.3546
  0.3564   0.2217  -0.3270
  0.3580   0.2226  -0.2989
  0.3595   0.2235  -0.2697
  0.3610   0.2243  -0.2398
  0.3625   0.2251  -0.2102
  0.3639   0.2259  -0.1793
  0.3653   0.2266  -0.1479
  0.3667   0.2274  -0.1163
  0.3680   0.2281  -0.0845
  0.3693   0.2288  -0.0524
  0.3706   0.2295  -0.0201
  0.3719   0.2302   0.0125
  0.3732   0.2309   0.0454
  0.3744   0.2316   0.0785
  0.3748   0.2334   0.1106
  0.3759   0.2339   0.1473
  0.3771   0.2345   0.1822
  0.3781   0.2349   0.2195
  0.3792   0.2354   0.2571
  0.3802   0.2359   0.2944
  0.3812   0.2364   0.3325
  0.3822   0.2369   0.3703
  0.3831   0.2373   0.4097
  0.3840   0.2378   0.4497
  0.3840   0.2378   0.4497
  0.3883   0.2333   0.4529
  0.3935   0.2297   0.4526
  0.3986   0.2266   0.4528
  0.4039   0.2236   0.4509
  0.4090   0.2208   0.4498
  0.4141   0.2182   0.4481
  0.4192   0.2157   0.4460
  0.4243   0.2133   0.4435
  0.4294   0.2111   0.4405
  0.4345   0.2089   0.4363
  0.4397   0.2068   0.4311
  0.4449   0.2047   0.4254
  0.4500   0.2028   0.4209
  0.4551   0.2011   0.4171
  0.4603   0.1993   0.4110
  0.4655   0.1975   0.4050
  0.4705   0.1960   0.4010
  0.4755   0.1945   0.3970
  0.4806   0.1932   0.3930
  0.4856   0.1918   0.3891
  0.4908   0.1904   0.3832
  0.4960   0.1891   0.3776
  0.5011   0.1879   0.3722
  0.5063   0.1867   0.3672
  0.5114   0.1856   0.3624
  0.5166   0.1846   0.3579
  0.5217   0.1836   0.3536
  0.5268   0.1827   0.3496
  0.5319   0.1819   0.3459
  0.5370   0.1811   0.3424
  0.5421   0.1804   0.3391
  0.5472   0.1797   0.3361
  0.5523   0.1791   0.3334
  0.5574   0.1785   0.3309
  0.5625   0.1780   0.3286
  0.5676   0.1776   0.3266
  0.5727   0.1772   0.3249
  0.5778   0.1769   0.3233
  0.5829   0.1766   0.3220
  0.5880   0.1764   0.3210
  0.5931   0.1762   0.3201
  0.5982   0.1761   0.3196
  0.6034   0.1761   0.3192
  0.6085   0.1761   0.3191
  0.6136   0.1761   0.3193
  0.6187   0.1763   0.3196
  0.6238   0.1764   0.3203
  0.6290   0.1767   0.3211
  0.6341   0.1770   0.3223
  0.6392   0.1773   0.3236
  0.6444   0.1777   0.3253
  0.6495   0.1782   0.3271
  0.6547   0.1787   0.3293
  0.6599   0.1793   0.3317
  0.6650   0.1799   0.3343
  0.6702   0.1806   0.3373
  0.6754   0.1814   0.3404
  0.6806   0.1822   0.3439
  0.6857   0.1831   0.3476
  0.6909   0.1841   0.3516
  0.6961   0.1851   0.3559
  0.7014   0.1861   0.3605
  0.7066   0.1873   0.3653
  0.7118   0.1885   0.3704
  0.7170   0.1897   0.3759
  0.7223   0.1911   0.3816
  0.7275   0.1925   0.3876
  0.7328   0.1939   0.3938
  0.7381   0.1954   0.4004
  0.7433   0.1970   0.4073
  0.7486   0.1987   0.4145
  0.7539   0.2004   0.4220
  0.7592   0.2022   0.4298
  0.7645   0.2040   0.4379
  0.7698   0.2060   0.4463
  0.7752   0.2080   0.4550
  0.7805   0.2100   0.4641
  0.7859   0.2122   0.4734
  0.7912   0.2144   0.4831
  0.7966   0.2167   0.4930
  0.8020   0.2190   0.5033
  0.8074   0.2215   0.5138
  0.8128   0.2240   0.5247
  0.8182   0.2265   0.5359
  0.8236   0.2292   0.5474
  0.8291   0.2319   0.5591
  0.8345   0.2348   0.5711
  0.8400   0.2377   0.5835
  0.8455   0.2407   0.5960
  0.8510   0.2437   0.6089
  0.8565   0.2469   0.6220
  0.8620   0.2501   0.6353
  0.8676   0.2535   0.6488
  0.8731   0.2569   0.6626
  0.8787   0.2605   0.6765
  0.8843   0.2641   0.6905
  0.8899   0.2678   0.7047
  0.8955   0.2717   0.7190
  0.9011   0.2756   0.7333
  0.9011   0.2756   0.7333
  0.9067   0.2765   0.7380
  0.9124   0.2772   0.7426
  0.9180   0.2779   0.7487
  0.9236   0.2785   0.7554
  0.9292   0.2790   0.7626
  0.9347   0.2795   0.7704
  0.9403   0.2798   0.7787
  0.9458   0.2802   0.7874
  0.9514   0.2804   0.7965
  0.9569   0.2806   0.8061
  0.9624   0.2807   0.8161
  0.9679   0.2808   0.8265
  0.9734   0.2809   0.8373
  0.9789   0.2808   0.8485
  0.9844   0.2808   0.8600
  0.9899   0.2807   0.8719
  0.9954   0.2805   0.8842
  1.0009   0.2804   0.8969
  1.0063   0.2801   0.9099
  1.0118   0.2799   0.9234
  1.0173   0.2796   0.9371
  1.0229   0.2791   0.9473
  1.0284   0.2788   0.9619
  1.0338   0.2784   0.9769
  1.0392   0.2780   0.9922
  1.0447   0.2775   1.0079
  1.0501   0.2770   1.0240
  1.0555   0.2765   1.0404
  1.0609   0.2760   1.0573
  1.0662   0.2755   1.0746
  1.0716   0.2749   1.0924
  1.0770   0.2743   1.1105
  1.0823   0.2737   1.1291
  1.0876   0.2731   1.1481
  1.0930   0.2724   1.1676
  1.0983   0.2717   1.1874
  1.1036   0.2711   1.2078
  1.1088   0.2704   1.2286
  1.1141   0.2697   1.2498
  1.1193   0.2690   1.2717
  1.1246   0.2682   1.2940
  1.1298   0.2675   1.3168
  1.1350   0.2668   1.3401
  1.1401   0.2660   1.3638
  1.1453   0.2653   1.3881
  1.1505   0.2645   1.4129
  1.1556   0.2638   1.4383
  1.1607   0.2630   1.4642
  1.1658   0.2623   1.4906
  1.1709   0.2615   1.5169
  1.1759   0.2608   1.5446
  1.1811   0.2599   1.5692
  1.1861   0.2592   1.5981
  1.1913   0.2583   1.6236
  1.1962   0.2577   1.6537
  1.2014   0.2568   1.6803
  1.2063   0.2562   1.7116
  1.2111   0.2555   1.7436
  1.2162   0.2548   1.7727
  1.2210   0.2542   1.8059
  1.2260   0.2535   1.8364
  1.2309   0.2529   1.8691
  1.2356   0.2524   1.9047
  1.2403   0.2519   1.9410
  1.2450   0.2515   1.9782
  1.2496   0.2511   2.0162
  1.2542   0.2508   2.0551
  1.2588   0.2505   2.0949
  1.2633   0.2503   2.1356
  1.2678   0.2501   2.1774
  1.2723   0.2499   2.2201
  1.2767   0.2499   2.2639
  1.2810   0.2498   2.3088
  1.2853   0.2499   2.3549
  1.2896   0.2500   2.4021
  1.2938   0.2502   2.4507
  1.2980   0.2505   2.5005
  1.3021   0.2508   2.5517
  1.3062   0.2512   2.6044
  1.3062   0.2512   2.6044
  1.3050   0.2368   2.5581
  1.3041   0.2236   2.5207
  1.3034   0.2114   2.4902
  1.3030   0.1998   2.4649
  1.3026   0.1887   2.4438
  1.3023   0.1780   2.4258
  1.3021   0.1675   2.4104
  1.3019   0.1573   2.3971
  1.3018   0.1472   2.3854
  1.3016   0.1373   2.3751
  1.3015   0.1274   2.3660
  1.3014   0.1177   2.3580
  1.3013   0.1079   2.3508
  1.3011   0.0982   2.3445
  1.3010   0.0886   2.3389
  1.3009   0.0789   2.3339
  1.3007   0.0693   2.3296
  1.3006   0.0597   2.3258
  1.3004   0.0500   2.3226
  1.3002   0.0404   2.3199
  1.3001   0.0308   2.3177
  1.2999   0.0213   2.3160
  1.2997   0.0117   2.3147
  1.2995   0.0021   2.3138
  1.2993  -0.0075   2.3134
  1.2991  -0.0171   2.3134
  1.2989  -0.0267   2.3137
  1.2987  -0.0362   2.3144
  1.2985  -0.0458   2.3155
  1.2982  -0.0554   2.3170
  1.2980  -0.0650   2.3187
  1.2978  -0.0745   2.3208
  1.2976  -0.0841   2.3232
  1.2974  -0.0937   2.3258
  1.2971  -0.1032   2.3288
  1.2969  -0.1128   2.3320
  1.2967  -0.1224   2.3355
  1.2965  -0.1320   2.3392
  1.2963  -0.1415   2.3431
  1.2960  -0.1511   2.3473
  1.2958  -0.1607   2.3517
  1.2956  -0.1702   2.3562
  1.2954  -0.1798   2.3610
  1.2952  -0.1893   2.3659
  1.2950  -0.1989   2.3710
  1.2949  -0.2085   2.3762
  1.2947  -0.2180   2.3815
  1.2945  -0.2276   2.3870
  1.2943  -0.2372   2.3926
  1.2942  -0.2468   2.3983
  1.2940  -0.2563   2.4040
  1.2939  -0.2659   2.4099
  1.2937  -0.2755   2.4158
  1.2936  -0.2851   2.4217
  1.2935  -0.2946   2.4277
  1.2934  -0.3042   2.4338
  1.2933  -0.3138   2.4398
  1.2932  -0.3234   2.4459
  1.2931  -0.3330   2.4519
  1.2930  -0.3426   2.4580
  1.2929  -0.3522   2.4640
  1.2929  -0.3618   2.4699
  1.2928  -0.3715   2.4759
  1.2928  -0.3811   2.4817
  1.2927  -0.3907   2.4875
  1.2927  -0.4004   2.4932
  1.2927  -0.4100   2.4988
  1.2927  -0.4197   2.5043
  1.2926  -0.4293   2.5097
  1.2927  -0.4390   2.5150
  1.2927  -0.4487   2.5201
  1.2927  -0.4584   2.5251
  1.2927  -0.4681   2.5299
  1.2928  -0.4778   2.5346
  1.2928  -0.4875   2.5390
  1.2929  -0.4973   2.5433
  1.2929  -0.5070   2.5473
  1.2930  -0.5168   2.5512
  1.2931  -0.5266   2.5548
  1.2932  -0.5364   2.5581
  1.2933  -0.5462   2.5612
  1.2934  -0.5560   2.5641
  1.2935  -0.5658   2.5666
  1.2936  -0.5757   2.5689
  1.2938  -0.5856   2.5708
  1.2939  -0.5954   2.5725
  1.2941  -0.6053   2.5738
  1.2943  -0.6153   2.5747
  1.2945  -0.6252   2.5753
  1.2947  -0.6352   2.5756
  1.2949  -0.6451   2.5754
  1.2951  -0.6551   2.5748
  1.2954  -0.6652   2.5739
  1.2956  -0.6752   2.5725
  1.2959  -0.6853   2.5706
  1.2962  -0.6953   2.5683
  1.2965  -0.7054   2.5655
  1.2968  -0.7156   2.5622
  1.2972  -0.7257   2.5584
  1.2976  -0.7359   2.5541
  1.2979  -0.7461   2.5492
  1.2984  -0.7563   2.5438
  1.2988  -0.7666   2.5379
  1.2992  -0.7769   2.5314
  1.2997  -0.7872   2.5243
  1.3002  -0.7975   2.5166
  1.3007  -0.8079   2.5084
  1.3013  -0.8183   2.4997
  1.3019  -0.8288   2.4904
  1.3025  -0.8392   2.4806
  1.3031  -0.8497   2.4705
  1.3038  -0.8603   2.4601
  1.3045  -0.8708   2.4495
  1.3052  -0.8814   2.4390
  1.3059  -0.8920   2.4288
  1.3067  -0.9026   2.4193
  1.3075  -0.9133   2.4110
  1.2985  -0.9197   2.4741
  1.2944  -0.8989   2.3568
  1.2904  -0.8781   2.2413
  1.2863  -0.8572   2.1274
  1.2823  -0.8361   2.0151
  1.2783  -0.8150   1.9042
  1.2742  -0.7939   1.7947
  1.2702  -0.7726   1.6865
  1.2663  -0.7513   1.5796
  1.2623  -0.7299   1.4740
  1.2584  -0.7084   1.3695
  1.2545  -0.6869   1.2662
  1.2506  -0.6654   1.1640
  1.2467  -0.6437   1.0629
  1.2429  -0.6221   0.9628
  1.2392  -0.6003   0.8637
  1.2355  -0.5786   0.7657
  1.2318  -0.5567   0.6686
  1.2282  -0.5349   0.5724
  1.2247  -0.5130   0.4771
  1.2212  -0.4911   0.3827
  1.2178  -0.4691   0.2891
  1.2145  -0.4471   0.1964
  1.2112  -0.4251   0.1044
  1.2080  -0.4031   0.0133
  1.2049  -0.3810  -0.0770
  1.2019  -0.3590  -0.1665
  1.1990  -0.3369  -0.2553
  1.1961  -0.3148  -0.3432
  1.1933  -0.2927  -0.4303
  1.1906  -0.2706  -0.5164
  1.1878  -0.2484  -0.6005
  1.1853  -0.2263  -0.6852
  1.1829  -0.2042  -0.7690
  1.1805  -0.1821  -0.8517
  1.1776  -0.1595  -0.9285
  1.1753  -0.1373  -1.0089
  1.1731  -0.1152  -1.0890
  1.1713  -0.0933  -1.1706
  1.1690  -0.0709  -1.2458
  1.1667  -0.0485  -1.3202
  1.1649  -0.0264  -1.3967
  1.1635  -0.0046  -1.4749
  1.1618   0.0176  -1.5490
  1.1599   0.0399  -1.6197
  1.1583   0.0620  -1.6914
  1.1568   0.0841  -1.7622
  1.1555   0.1061  -1.8329
  1.1542   0.1281  -1.9028
  1.1531   0.1500  -1.9719
  1.1521   0.1719  -2.0401
  1.1512   0.1938  -2.1074
  1.1504   0.2156  -2.1738
  1.1497   0.2374  -2.2394
  1.1491   0.2591  -2.3039
  1.1486   0.2808  -2.3676
  1.1482   0.3025  -2.4303
  1.1479   0.3241  -2.4920
  1.1476   0.3458  -2.5518
  1.1475   0.3674  -2.6115
  1.1474   0.3889  -2.6701
  1.1475   0.4104  -2.7277
  1.1476   0.4318  -2.7842
  1.1478   0.4533  -2.8396
  1.1481   0.4747  -2.8938
  1.1485   0.4960  -2.9468
  1.1489   0.5174  -2.9987
  1.1495   0.5387  -3.0492
  1.1500   0.5600  -3.0986
  1.1507   0.5813  -3.1466
  1.1514   0.6026  -3.1934
  1.1522   0.6238  -3.2388
  1.1530   0.6451  -3.2830
  1.1539   0.6663  -3.3256
  1.1549   0.6876  -3.3669
  1.1559   0.7088  -3.4068
  1.1569   0.7301  -3.4451
  1.1579   0.7513  -3.4820
  1.1590   0.7725  -3.5174
  1.1601   0.7938  -3.5513
  1.1601   0.7938  -3.5513
  1.1532   0.7821  -3.4353
  1.1478   0.7717  -3.3355
  1.1435   0.7620  -3.2485
  1.1400   0.7528  -3.1722
  1.1370   0.7439  -3.1047
  1.1344   0.7352  -3.0447
  1.1321   0.7266  -2.9911
  1.1299   0.7179  -2.9433
  1.1279   0.7092  -2.9005
  1.1260   0.7003  -2.8624
  1.1242   0.6914  -2.8284
  1.1224   0.6823  -2.7983
  1.1206   0.6731  -2.7718
  1.1189   0.6638  -2.7485
  1.1172   0.6543  -2.7284
  1.1155   0.6447  -2.7112
  1.1139   0.6350  -2.6967
  1.1123   0.6251  -2.6847
  1.1107   0.6152  -2.6752
  1.1092   0.6051  -2.6680
  1.1076   0.5950  -2.6628
  1.1062   0.5847  -2.6597
  1.1048   0.5744  -2.6585
  1.1034   0.5640  -2.6590
  1.1021   0.5535  -2.6611
  1.1008   0.5430  -2.6648
  1.0996   0.5324  -2.6700
  1.0985   0.5218  -2.6765
  1.0974   0.5111  -2.6842
  1.0965   0.5004  -2.6931
  1.0955   0.4897  -2.7030
  1.0947   0.4789  -2.7139
  1.0939   0.4681  -2.7258
  1.0932   0.4573  -2.7385
  1.0926   0.4466  -2.7519
  1.0921   0.4358  -2.7660
  1.0916   0.4250  -2.7808
  1.0912   0.4142  -2.7961
  1.0909   0.4035  -2.8119
  1.0907   0.3928  -2.8281
  1.0906   0.3820  -2.8448
  1.0905   0.3714  -2.8618
  1.0905   0.3607  -2.8791
  1.0906   0.3501  -2.8967
  1.0907   0.3395  -2.9144
  1.0909   0.3290  -2.9324
  1.0912   0.3185  -2.9505
  1.0915   0.3080  -2.9687
  1.0919   0.2976  -2.9869
  1.0924   0.2872  -3.0052
  1.0929   0.2769  -3.0235
  1.0935   0.2666  -3.0419
  1.0941   0.2563  -3.0601
  1.0948   0.2462  -3.0784
  1.0955   0.2360  -3.0965
  1.0962   0.2259  -3.1146
  1.0970   0.2159  -3.1325
  1.0979   0.2059  -3.1503
  1.0987   0.1959  -3.1680
  1.0996   0.1860  -3.1855
  1.1006   0.1762  -3.2028
  1.1015   0.1664  -3.2200
  1.1025   0.1566  -3.2370
  1.1035   0.1469  -3.2537
  1.1046   0.1372  -3.2703
  1.1056   0.1275  -3.2866
  1.1066   0.1179  -3.3028
  1.1077   0.1083  -3.3186
  1.1088   0.0987  -3.3343
  1.1098   0.0892  -3.3497
  1.1109   0.0797  -3.3648
  1.1120   0.0702  -3.3796
  1.1130   0.0608  -3.3942
  1.1141   0.0513  -3.4085
  1.1151   0.0419  -3.4225
  1.1162   0.0325  -3.4363
  1.1172   0.0231  -3.4497
  1.1182   0.0137  -3.4628
  1.1192   0.0043  -3.4755
  1.1202  -0.0051  -3.4879
  1.1211  -0.0146  -3.5000
  1.1221  -0.0240  -3.5117
  1.1230  -0.0334  -3.5231
  1.1238  -0.0428  -3.5340
  1.1247  -0.0523  -3.5446
  1.1255  -0.0618  -3.5547
  1.1262  -0.0712  -3.5644
  1.1270  -0.0808  -3.5737
  1.1277  -0.0903  -3.5825
  1.1284  -0.0999  -3.5907
  1.1290  -0.1095  -3.5985
  1.1296  -0.1192  -3.6057
  1.1301  -0.1288  -3.6124
  1.1306  -0.1386  -3.6185
  1.1311  -0.1483  -3.6239
  1.1315  -0.1582  -3.6287
  1.1318  -0.1680  -3.6329
  1.1322  -0.1780  -3.6363
  1.1324  -0.1879  -3.6390
  1.1326  -0.1980  -3.6409
  1.1328  -0.2081  -3.6421
  1.1329  -0.2182  -3.6424
  1.1330  -0.2284  -3.6419
  1.1330  -0.2387  -3.6405
  1.1330  -0.2491  -3.6382
  1.1329  -0.2595  -3.6350
  1.1327  -0.2700  -3.6309
  1.1325  -0.2806  -3.6259
  1.1323  -0.2912  -3.6201
  1.1320  -0.3020  -3.6136
  1.1317  -0.3129  -3.6064
  1.1314  -0.3240  -3.5989
  1.1311  -0.3352  -3.5913
  1.1309  -0.3466  -3.5842
  1.1307  -0.3584  -3.5785
  1.1307  -0.3706  -3.5752
  1.1309  -0.3833  -3.5763
  1.1316  -0.3969  -3.5845
  1.1331  -0.4118  -3.6041
  1.1328  -0.4220  -3.5998
  1.1326  -0.4320  -3.5990
  1.1326  -0.4419  -3.5989
  1.1325  -0.4519  -3.5989
  1.1325  -0.4618  -3.5990
  1.1324  -0.4718  -3.5990
  1.1324  -0.4817  -3.5991
  1.1323  -0.4917  -3.5991
  1.1323  -0.5016  -3.5992
  1.1322  -0.5116  -3.5992
  1.1322  -0.5215  -3.5992
  1.1321  -0.5315  -3.5993
  1.1321  -0.5414  -3.5993
  1.1321  -0.5514  -3.5994
  1.1320  -0.5613  -3.5994
  1.1320  -0.5713  -3.5995
  1.1319  -0.5812  -3.5995
  1.1358  -0.5801  -3.5993
  1.1283  -0.5719  -3.5190
  1.1191  -0.5598  -3.4206
  1.1107  -0.5488  -3.3292
  1.1032  -0.5377  -3.2477
  1.0950  -0.5259  -3.1567
  1.0865  -0.5145  -3.0616
  1.0781  -0.5030  -2.9667
  1.0705  -0.4923  -2.8797
  1.0639  -0.4834  -2.8028
  1.0561  -0.4721  -2.7109
  1.0492  -0.4614  -2.6272
  1.0418  -0.4502  -2.5386
  1.0349  -0.4392  -2.4534
  1.0279  -0.4282  -2.3664
  1.0207  -0.4176  -2.2769
  1.0137  -0.4067  -2.1879
  1.0072  -0.3958  -2.1027
  1.0006  -0.3849  -2.0169
  0.9942  -0.3741  -1.9312
  0.9879  -0.3633  -1.8459
  0.9818  -0.3528  -1.7624
  0.9760  -0.3428  -1.6816
  0.9698  -0.3321  -1.5945
  0.9636  -0.3215  -1.5070
  0.9574  -0.3112  -1.4194
  0.9513  -0.3007  -1.3311
  0.9460  -0.2904  -1.2512
  0.9408  -0.2800  -1.1706
  0.9356  -0.2694  -1.0892
  0.9304  -0.2588  -1.0077
  0.9253  -0.2482  -0.9263
  0.9205  -0.2379  -0.8468
  0.9157  -0.2276  -0.7672
  0.9110  -0.2173  -0.6876
  0.9064  -0.2069  -0.6078
  0.9019  -0.1966  -0.5280
  0.8974  -0.1862  -0.4482
  0.8930  -0.1759  -0.3683
  0.8886  -0.1656  -0.2885
  0.8844  -0.1552  -0.2086
  0.8800  -0.1447  -0.1272
  0.8758  -0.1342  -0.0461
  0.8713  -0.1236   0.0394
  0.8669  -0.1131   0.1236
  0.8628  -0.1028   0.2055
  0.8588  -0.0923   0.2871
  0.8548  -0.0818   0.3699
  0.8509  -0.0713   0.4520
  0.8471  -0.0607   0.5349
  0.8432  -0.0501   0.6181
  0.8395  -0.0395   0.7015
  0.8357  -0.0289   0.7852
  0.8321  -0.0185   0.8684
  0.8284  -0.0079   0.9523
  0.8248   0.0027   1.0366
  0.8212   0.0133   1.1216
  0.8177   0.0240   1.2071
  0.8141   0.0346   1.2933
  0.8105   0.0451   1.3804
  0.8070   0.0558   1.4674
  0.8035   0.0665   1.5549
  0.8000   0.0772   1.6429
  0.7966   0.0880   1.7313
  0.7931   0.0988   1.8203
  0.7897   0.1096   1.9098
  0.7863   0.1204   1.9999
  0.7830   0.1312   2.0905
  0.7796   0.1420   2.1817
  0.7762   0.1528   2.2737
  0.7728   0.1636   2.3664
  0.7693   0.1743   2.4595
  0.7659   0.1851   2.5531
  0.7626   0.1960   2.6473
  0.7593   0.2070   2.7416
  0.7560   0.2180   2.8362
  0.7528   0.2290   2.9311
  0.7496   0.2401   3.0262
  0.7464   0.2513   3.1211
  0.7433   0.2628   3.2152
  0.7433   0.2628   3.2152
  0.7431   0.2494   3.2196
  0.7428   0.2369   3.2297
  0.7423   0.2251   3.2435
  0.7417   0.2137   3.2597
  0.7411   0.2026   3.2770
  0.7405   0.1917   3.2948
  0.7399   0.1810   3.3124
  0.7393   0.1704   3.3296
  0.7387   0.1599   3.3460
  0.7381   0.1495   3.3615
  0.7376   0.1391   3.3758
  0.7371   0.1288   3.3891
  0.7366   0.1185   3.4012
  0.7362   0.1082   3.4122
  0.7358   0.0979   3.4219
  0.7354   0.0877   3.4306
  0.7351   0.0774   3.4381
  0.7348   0.0672   3.4446
  0.7345   0.0570   3.4500
  0.7343   0.0469   3.4544
  0.7341   0.0367   3.4578
  0.7340   0.0265   3.4603
  0.7339   0.0164   3.4619
  0.7338   0.0063   3.4626
  0.7337  -0.0038   3.4626
  0.7337  -0.0139   3.4618
  0.7337  -0.0239   3.4602
  0.7338  -0.0339   3.4579
  0.7339  -0.0439   3.4550
  0.7340  -0.0539   3.4514
  0.7342  -0.0639   3.4472
  0.7344  -0.0738   3.4424
  0.7346  -0.0838   3.4372
  0.7348  -0.0936   3.4313
  0.7351  -0.1035   3.4250
  0.7354  -0.1134   3.4183
  0.7358  -0.1232   3.4111
  0.7361  -0.1330   3.4035
  0.7365  -0.1428   3.3955
  0.7370  -0.1525   3.3872
  0.7374  -0.1623   3.3785
  0.7379  -0.1720   3.3695
  0.7384  -0.1817   3.3601
  0.7390  -0.1913   3.3505
  0.7395  -0.2010   3.3407
  0.7401  -0.2106   3.3306
  0.7407  -0.2203   3.3202
  0.7413  -0.2299   3.3097
  0.7420  -0.2395   3.2989
  0.7426  -0.2491   3.2880
  0.7433  -0.2587   3.2769
  0.7440  -0.2682   3.2657
  0.7447  -0.2778   3.2543
  0.7454  -0.2873   3.2427
  0.7462  -0.2969   3.2311
  0.7469  -0.3064   3.2193
  0.7476  -0.3160   3.2075
  0.7484  -0.3255   3.1956
  0.7492  -0.3351   3.1836
  0.7499  -0.3446   3.1716
  0.7507  -0.3542   3.1595
  0.7515  -0.3637   3.1474
  0.7523  -0.3733   3.1353
  0.7530  -0.3829   3.1232
  0.7538  -0.3924   3.1110
  0.7545  -0.4020   3.0989
  0.7553  -0.4116   3.0869
  0.7560  -0.4212   3.0748
  0.7568  -0.4308   3.0629
  0.7575  -0.4405   3.0510
  0.7582  -0.4501   3.0392
  0.7589  -0.4598   3.0275
  0.7595  -0.4695   3.0159
  0.7602  -0.4792   3.0044
  0.7608  -0.4889   2.9931
  0.7614  -0.4986   2.9820
  0.7620  -0.5084   2.9711
  0.7625  -0.5181   2.9604
  0.7630  -0.5279   2.9499
  0.7635  -0.5377   2.9397
  0.7640  -0.5475   2.9298
  0.7644  -0.5574   2.9201
  0.7647  -0.5672   2.9108
  0.7651  -0.5771   2.9019
  0.7654  -0.5870   2.8933
  0.7656  -0.5968   2.8852
  0.7659  -0.6067   2.8775
  0.7660  -0.6167   2.8702
  0.7661  -0.6266   2.8635
  0.7662  -0.6365   2.8574
  0.7662  -0.6465   2.8518
  0.7662  -0.6564   2.8468
  0.7661  -0.6663   2.8425
  0.7660  -0.6763   2.8390
  0.7658  -0.6862   2.8361
  0.7656  -0.6962   2.8341
  0.7653  -0.7061   2.8329
  0.7649  -0.7160   2.8326
  0.7645  -0.7259   2.8332
  0.7640  -0.7358   2.8348
  0.7635  -0.7457   2.8375
  0.7628  -0.7556   2.8413
  0.7622  -0.7654   2.8463
  0.7614  -0.7752   2.8525
  0.7606  -0.7850   2.8601
  0.7597  -0.7948   2.8690
  0.7587  -0.8045   2.8794
  0.7577  -0.8142   2.8913
  0.7566  -0.8239   2.9049
  0.7553  -0.8336   2.9203
  0.7540  -0.8432   2.9375
  0.7525  -0.8528   2.9568
  0.7509  -0.8625   2.9783
  0.7491  -0.8721   3.0021
  0.7472  -0.8818   3.0287
  0.7450  -0.8915   3.0582
  0.7425  -0.9014   3.0911
  0.7370  -0.9044   3.1169
  0.7366  -0.8802   3.0303
  0.7366  -0.8558   2.9440
  0.7368  -0.8314   2.8579
  0.7372  -0.8070   2.7716
  0.7379  -0.7826   2.6850
  0.7388  -0.7582   2.5979
  0.7399  -0.7340   2.5103
  0.7413  -0.7098   2.4221
  0.7429  -0.6856   2.3330
  0.7447  -0.6616   2.2433
  0.7467  -0.6377   2.1530
  0.7488  -0.6139   2.0619
  0.7512  -0.5902   1.9702
  0.7538  -0.5667   1.8778
  0.7565  -0.5432   1.7849
  0.7594  -0.5199   1.6913
  0.7624  -0.4966   1.5973
  0.7656  -0.4735   1.5028
  0.7690  -0.4505   1.4080
  0.7725  -0.4276   1.3128
  0.7761  -0.4048   1.2173
  0.7799  -0.3822   1.1215
  0.7838  -0.3596   1.0257
  0.7878  -0.3371   0.9297
  0.7920  -0.3147   0.8337
  0.7962  -0.2924   0.7376
  0.8006  -0.2703   0.6416
  0.8051  -0.2482   0.5457
  0.8097  -0.2261   0.4499
  0.8144  -0.2042   0.3545
  0.8191  -0.1823   0.2593
  0.8240  -0.1606   0.1644
  0.8290  -0.1388   0.0699
  0.8340  -0.1172  -0.0241
  0.8391  -0.0956  -0.1176
  0.8442  -0.0741  -0.2106
  0.8495  -0.0526  -0.3029
  0.8548  -0.0312  -0.3946
  0.8601  -0.0099  -0.4855
  0.8655   0.0115  -0.5757
  0.8710   0.0328  -0.6650
  0.8765   0.0540  -0.7534
  0.8820   0.0753  -0.8409
  0.8876   0.0965  -0.9274
  0.8933   0.1177  -1.0128
  0.8989   0.1389  -1.0971
  0.9047   0.1600  -1.1804
  0.9104   0.1812  -1.2626
  0.9162   0.2023  -1.3435
  0.9220   0.2235  -1.4229
  0.9279   0.2447  -1.5012
  0.9338   0.2659  -1.5781
  0.9397   0.2871  -1.6535
  0.9456   0.3083  -1.7275
  0.9516   0.3296  -1.8000
  0.9576   0.3509  -1.8709
  0.9636   0.3723  -1.9403
  0.9697   0.3937  -2.0080
  0.9758   0.4151  -2.0741
  0.9819   0.4366  -2.1385
  0.9880   0.4582  -2.2011
  0.9942   0.4798  -2.2620
  1.0004   0.5015  -2.3212
  1.0066   0.5233  -2.3786
  1.0128   0.5452  -2.4341
  1.0190   0.5671  -2.4878
  1.0253   0.5891  -2.5397
  1.0316   0.6112  -2.5898
  1.0379   0.6333  -2.6381
  1.0442   0.6556  -2.6845
  1.0505   0.6779  -2.7291
  1.0569   0.7004  -2.7720
  1.0632   0.7229  -2.8130
  1.0695   0.7454  -2.8524
  1.0758   0.7681  -2.8904
  1.0821   0.7907  -2.9268
  1.0884   0.8134  -2.9619
  1.0946   0.8362  -2.9957
  1.1008   0.8590  -3.0283
  1.1008   0.8590  -3.0283
  1.0991   0.8456  -3.0003
  1.0978   0.8326  -2.9806
  1.0969   0.8201  -2.9672
  1.0963   0.8079  -2.9582
  1.0959   0.7962  -2.9523
  1.0957   0.7847  -2.9485
  1.0956   0.7736  -2.9459
  1.0955   0.7626  -2.9442
  1.0954   0.7519  -2.9428
  1.0953   0.7414  -2.9415
  1.0952   0.7310  -2.9401
  1.0951   0.7208  -2.9384
  1.0949   0.7108  -2.9364
  1.0947   0.7008  -2.9340
  1.0944   0.6910  -2.9312
  1.0941   0.6813  -2.9278
  1.0937   0.6717  -2.9240
  1.0932   0.6623  -2.9197
  1.0927   0.6529  -2.9147
  1.0921   0.6436  -2.9091
  1.0914   0.6343  -2.9029
  1.0907   0.6252  -2.8961
  1.0899   0.6161  -2.8889
  1.0890   0.6071  -2.8812
  1.0881   0.5982  -2.8730
  1.0871   0.5894  -2.8644
  1.0860   0.5806  -2.8554
  1.0849   0.5718  -2.8461
  1.0838   0.5631  -2.8365
  1.0826   0.5544  -2.8267
  1.0814   0.5458  -2.8167
  1.0802   0.5372  -2.8065
  1.0789   0.5285  -2.7961
  1.0776   0.5199  -2.7857
  1.0763   0.5113  -2.7751
  1.0750   0.5026  -2.7645
  1.0737   0.4940  -2.7538
  1.0724   0.4853  -2.7432
  1.0711   0.4766  -2.7325
  1.0698   0.4678  -2.7218
  1.0685   0.4590  -2.7112
  1.0672   0.4501  -2.7006
  1.0659   0.4412  -2.6900
  1.0646   0.4322  -2.6796
  1.0633   0.4231  -2.6691
  1.0620   0.4140  -2.6588
  1.0608   0.4048  -2.6486
  1.0596   0.3956  -2.6384
  1.0583   0.3862  -2.6284
  1.0571   0.3768  -2.6185
  1.0560   0.3674  -2.6088
  1.0548   0.3578  -2.5992
  1.0537   0.3482  -2.5897
  1.0526   0.3385  -2.5804
  1.0515   0.3287  -2.5713
  1.0504   0.3189  -2.5624
  1.0494   0.3090  -2.5537
  1.0484   0.2990  -2.5452
  1.0474   0.2889  -2.5369
  1.0465   0.2788  -2.5288
  1.0456   0.2686  -2.5210
  1.0447   0.2584  -2.5135
  1.0439   0.2481  -2.5062
  1.0431   0.2377  -2.4992
  1.0423   0.2273  -2.4925
  1.0415   0.2168  -2.4861
  1.0408   0.2063  -2.4800
  1.0401   0.1957  -2.4742
  1.0395   0.1851  -2.4688
  1.0389   0.1744  -2.4638
  1.0383   0.1637  -2.4591
  1.0378   0.1530  -2.4549
  1.0373   0.1422  -2.4512
  1.0369   0.1314  -2.4478
  1.0365   0.1206  -2.4449
  1.0361   0.1098  -2.4425
  1.0358   0.0989  -2.4405
  1.0355   0.0880  -2.4391
  1.0353   0.0771  -2.4381
  1.0351   0.0662  -2.4376
  1.0349   0.0552  -2.4377
  1.0348   0.0443  -2.4382
  1.0348   0.0333  -2.4393
  1.0347   0.0223  -2.4410
  1.0348   0.0113  -2.4432
  1.0349   0.0003  -2.4459
  1.0350  -0.0107  -2.4493
  1.0352  -0.0217  -2.4532
  1.0354  -0.0328  -2.4577
  1.0357  -0.0438  -2.4628
  1.0361  -0.0548  -2.4686
  1.0365  -0.0659  -2.4749
  1.0320  -0.0839  -2.5997
  1.0342  -0.0742  -2.5504
  1.0364  -0.0648  -2.4998
  1.0385  -0.0555  -2.4480
  1.0406  -0.0464  -2.3951
  1.0427  -0.0374  -2.3413
  1.0448  -0.0285  -2.2867
  1.0468  -0.0198  -2.2312
  1.0489  -0.0112  -2.1750
  1.0510  -0.0026  -2.1182
  1.0531   0.0058  -2.0607
  1.0552   0.0142  -2.0026
  1.0573   0.0225  -1.9440
  1.0594   0.0307  -1.8849
  1.0615   0.0389  -1.8252
  1.0637   0.0470  -1.7651
  1.0658   0.0550  -1.7045
  1.0680   0.0630  -1.6434
  1.0702   0.0709  -1.5819
  1.0724   0.0788  -1.5199
  1.0746   0.0866  -1.4575
  1.0768   0.0944  -1.3947
  1.0791   0.1022  -1.3314
  1.0813   0.1099  -1.2676
  1.0836   0.1175  -1.2035
  1.0859   0.1251  -1.1389
  1.0882   0.1327  -1.0738
  1.0905   0.1402  -1.0084
  1.0929   0.1477  -0.9424
  1.0952   0.1551  -0.8761
  1.0976   0.1626  -0.8092
  1.1000   0.1699  -0.7420
  1.1023   0.1773  -0.6742
  1.1047   0.1846  -0.6061
  1.1072   0.1918  -0.5374
  1.1096   0.1990  -0.4683
  1.1120   0.2062  -0.3987
  1.1145   0.2134  -0.3286
  1.1169   0.2205  -0.2580
  1.1194   0.2276  -0.1870
  1.1219   0.2346  -0.1155
  1.1244   0.2417  -0.0434
  1.1268   0.2486   0.0291
  1.1294   0.2556   0.1021
  1.1319   0.2625   0.1756
  1.1344   0.2694   0.2497
  1.1369   0.2762   0.3242
  1.1395   0.2831   0.3993
  1.1420   0.2898   0.4749
  1.1445   0.2966   0.5510
  1.1471   0.3033   0.6277
  1.1497   0.3100   0.7049
  1.1522   0.3167   0.7826
  1.1548   0.3233   0.8608
  1.1574   0.3299   0.9396
  1.1600   0.3365   1.0189
  1.1625   0.3430   1.0988
  1.1651   0.3495   1.1792
  1.1677   0.3560   1.2602
  1.1703   0.3624   1.3417
  1.1729   0.3689   1.4238
  1.1755   0.3752   1.5065
  1.1781   0.3816   1.5897
  1.1806   0.3879   1.6735
  1.1832   0.3942   1.7578
  1.1858   0.4005   1.8427
  1.1884   0.4067   1.9282
  1.1910   0.4129   2.0142
  1.1936   0.4191   2.1009
  1.1961   0.4253   2.1881
  1.1987   0.4314   2.2759
  1.2013   0.4375   2.3642
  1.2038   0.4435   2.4532
  1.2064   0.4496   2.5427
  1.2089   0.4556   2.6329
  1.2114   0.4616   2.7236
  1.2139   0.4675   2.8150
  1.2165   0.4734   2.9070
  1.2189   0.4793   2.9995
  1.2214   0.4852   3.0928
  1.2214   0.4852   3.0928
  1.2183   0.4659   3.0853
  1.2156   0.4496   3.0817
  1.2133   0.4356   3.0818
  1.2112   0.4232   3.0852
  1.2093   0.4119   3.0914
  1.2076   0.4014   3.1000
  1.2060   0.3915   3.1104
  1.2046   0.3820   3.1224
  1.2032   0.3728   3.1355
  1.2020   0.3639   3.1495
  1.2008   0.3551   3.1640
  1.1998   0.3464   3.1788
  1.1988   0.3379   3.1937
  1.1978   0.3293   3.2085
  1.1970   0.3208   3.2232
  1.1962   0.3123   3.2375
  1.1955   0.3038   3.2514
  1.1948   0.2953   3.2648
  1.1942   0.2868   3.2776
  1.1937   0.2782   3.2897
  1.1932   0.2696   3.3012
  1.1927   0.2610   3.3119
  1.1923   0.2523   3.3218
  1.1920   0.2436   3.3310
  1.1917   0.2348   3.3394
  1.1915   0.2260   3.3469
  1.1913   0.2171   3.3537
  1.1911   0.2082   3.3596
  1.1910   0.1992   3.3647
  1.1910   0.1901   3.3691
  1.1909   0.1810   3.3726
  1.1909   0.1719   3.3754
  1.1910   0.1627   3.3774
  1.1911   0.1535   3.3787
  1.1912   0.1442   3.3793
  1.1913   0.1348   3.3792
  1.1915   0.1255   3.3785
  1.1917   0.1160   3.3772
  1.1919   0.1066   3.3752
  1.1922   0.0971   3.3727
  1.1925   0.0875   3.3696
  1.1928   0.0780   3.3660
  1.1931   0.0684   3.3619
  1.1935   0.0587   3.3574
  1.1939   0.0490   3.3524
  1.1943   0.0393   3.3469
  1.1947   0.0296   3.3412
  1.1952   0.0199   3.3350
  1.1957   0.0101   3.3285
  1.1962   0.0003   3.3217
  1.1967  -0.0095   3.3146
  1.1972  -0.0193   3.3072
  1.1977  -0.0292   3.2996
  1.1983  -0.0390   3.2917
  1.1989  -0.0489   3.2836
  1.1994  -0.0588   3.2754
  1.2000  -0.0687   3.2669
  1.2007  -0.0786   3.2583
  1.2013  -0.0885   3.2496
  1.2019  -0.0985   3.2407
  1.2026  -0.1084   3.2318
  1.2032  -0.1183   3.2227
  1.2039  -0.1283   3.2136
  1.2045  -0.1383   3.2044
  1.2052  -0.1482   3.1951
  1.2059  -0.1582   3.1859
  1.2066  -0.1682   3.1766
  1.2072  -0.1781   3.1672
  1.2079  -0.1881   3.1579
  1.2086  -0.1981   3.1486
  1.2093  -0.2081   3.1393
  1.2100  -0.2180   3.1300
  1.2107  -0.2280   3.1208
  1.2114  -0.2380   3.1116
  1.2121  -0.2480   3.1025
  1.2128  -0.2579   3.0935
  1.2135  -0.2679   3.0845
  1.2142  -0.2779   3.0756
  1.2148  -0.2878   3.0668
  1.2155  -0.2978   3.0582
  1.2162  -0.3077   3.0496
  1.2169  -0.3177   3.0412
  1.2175  -0.3276   3.0328
  1.2182  -0.3375   3.0246
  1.2188  -0.3474   3.0166
  1.2195  -0.3573   3.0087
  1.2201  -0.3672   3.0010
  1.2208  -0.3771   2.9934
  1.2214  -0.3870   2.9860
  1.2220  -0.3968   2.9787
  1.2226  -0.4067   2.9717
  1.2233  -0.4165   2.9648
  1.2239  -0.4263   2.9581
  1.2245  -0.4361   2.9517
  1.2250  -0.4458   2.9454
  1.2256  -0.4556   2.9393
  1.2262  -0.4653   2.9334
  1.2268  -0.4750   2.9277
  1.2273  -0.4846   2.9222
  1.2279  -0.4942   2.9169
  1.2284  -0.5038   2.9118
  1.2290  -0.5134   2.9070
  1.2295  -0.5229   2.9023
  1.2301  -0.5324   2.8978
  1.2306  -0.5419   2.8935
  1.2311  -0.5513   2.8893
  1.2316  -0.5608   2.8854
  1.2321  -0.5702   2.8818
  1.2326  -0.5796   2.8784
  1.2330  -0.5890   2.8753
  1.2334  -0.5985   2.8727
  1.2336  -0.6081   2.8709
  1.2337  -0.6179   2.8702
  1.2336  -0.6281   2.8712
  1.2332  -0.6388   2.8751
  1.2321  -0.6504   2.8836
  1.2302  -0.6634   2.9000
  1.2269  -0.6788   2.9309
  1.2208  -0.6985   2.9901
  1.2206  -0.7083   2.9903
  1.2205  -0.7182   2.9903
  1.2205  -0.7280   2.9903
  1.2204  -0.7379   2.9903
  1.2147  -0.7428   3.0339
  1.2156  -0.7285   2.8856
  1.2164  -0.7139   2.7401
  1.2171  -0.6992   2.5973
  1.2177  -0.6842   2.4570
  1.2182  -0.6691   2.3191
  1.2186  -0.6537   2.1836
  1.2190  -0.6382   2.0503
  1.2192  -0.6225   1.9193
  1.2193  -0.6066   1.7904
  1.2194  -0.5906   1.6636
  1.2194  -0.5744   1.5389
  1.2192  -0.5581   1.4163
  1.2190  -0.5416   1.2956
  1.2187  -0.5250   1.1769
  1.2183  -0.5082   1.0602
  1.2178  -0.4913   0.9453
  1.2172  -0.4743   0.8324
  1.2166  -0.4571   0.7214
  1.2158  -0.4398   0.6123
  1.2150  -0.4223   0.5050
  1.2141  -0.4048   0.3996
  1.2132  -0.3870   0.2960
  1.2121  -0.3692   0.1942
  1.2110  -0.3512   0.0942
  1.2098  -0.3331  -0.0039
  1.2086  -0.3149  -0.1003
  1.2073  -0.2966  -0.1948
  1.2059  -0.2781  -0.2876
  1.2045  -0.2596  -0.3787
  1.2030  -0.2409  -0.4679
  1.2014  -0.2221  -0.5554
  1.1998  -0.2031  -0.6412
  1.1982  -0.1841  -0.7253
  1.1965  -0.1650  -0.8076
  1.1948  -0.1457  -0.8882
  1.1930  -0.1264  -0.9672
  1.1912  -0.1069  -1.0444
  1.1893  -0.0874  -1.1200
  1.1874  -0.0677  -1.1940
  1.1855  -0.0480  -1.2664
  1.1836  -0.0282  -1.3372
  1.1817  -0.0083  -1.4065
  1.1797   0.0117  -1.4742
  1.1777   0.0318  -1.5405
  1.1758   0.0519  -1.6054
  1.1738   0.0721  -1.6689
  1.1719   0.0924  -1.7312
  1.1700   0.1127  -1.7922
  1.1681   0.1330  -1.8521
  1.1663   0.1534  -1.9109
  1.1646   0.1738  -1.9687
  1.1628   0.1942  -2.0255
  1.1611   0.2147  -2.0807
  1.1594   0.2353  -2.1348
  1.1577   0.2559  -2.1869
  1.1563   0.2764  -2.2404
  1.1550   0.2968  -2.2934
  1.1535   0.3175  -2.3430
  1.1521   0.3381  -2.3922
  1.1509   0.3586  -2.4416
  1.1499   0.3791  -2.4912
  1.1490   0.3995  -2.5402
  1.1481   0.4200  -2.5884
  1.1475   0.4403  -2.6364
  1.1468   0.4607  -2.6831
  1.1462   0.4812  -2.7289
  1.1457   0.5015  -2.7743
  1.1453   0.5219  -2.8191
  1.1450   0.5422  -2.8637
  1.1448   0.5625  -2.9073
  1.1446   0.5828  -2.9499
  1.1446   0.6030  -2.9930
  1.1446   0.6233  -3.0343
  1.1448   0.6434  -3.0761
  1.1449   0.6637  -3.1159
  1.1452   0.6838  -3.1562
  1.1455   0.7040  -3.1949
  1.1459   0.7242  -3.2326
  1.1463   0.7444  -3.2697
  1.1463   0.7444  -3.2697
  1.1338   0.7243  -3.1408
  1.1275   0.7113  -3.0660
  1.1229   0.7003  -3.0052
  1.1193   0.6904  -2.9530
  1.1165   0.6812  -2.9072
  1.1142   0.6725  -2.8665
  1.1123   0.6641  -2.8298
  1.1107   0.6559  -2.7966
  1.1092   0.6478  -2.7662
  1.1079   0.6397  -2.7384
  1.1067   0.6316  -2.7128
  1.1056   0.6234  -2.6894
  1.1045   0.6151  -2.6679
  1.1035   0.6068  -2.6483
  1.1025   0.5983  -2.6303
  1.1015   0.5897  -2.6141
  1.1005   0.5811  -2.5994
  1.0996   0.5723  -2.5863
  1.0986   0.5634  -2.5746
  1.0977   0.5544  -2.5644
  1.0967   0.5453  -2.5555
  1.0958   0.5361  -2.5480
  1.0949   0.5268  -2.5417
  1.0941   0.5174  -2.5367
  1.0932   0.5079  -2.5329
  1.0924   0.4983  -2.5302
  1.0916   0.4887  -2.5286
  1.0908   0.4789  -2.5281
  1.0901   0.4691  -2.5286
  1.0893   0.4592  -2.5301
  1.0887   0.4493  -2.5325
  1.0880   0.4392  -2.5359
  1.0874   0.4292  -2.5400
  1.0868   0.4190  -2.5450
  1.0863   0.4088  -2.5508
  1.0858   0.3986  -2.5573
  1.0854   0.3884  -2.5646
  1.0850   0.3781  -2.5724
  1.0847   0.3677  -2.5810
  1.0844   0.3574  -2.5901
  1.0841   0.3470  -2.5997
  1.0839   0.3366  -2.6099
  1.0838   0.3261  -2.6205
  1.0837   0.3157  -2.6316
  1.0837   0.3052  -2.6432
  1.0837   0.2948  -2.6551
  1.0838   0.2843  -2.6674
  1.0839   0.2739  -2.6800
  1.0840   0.2634  -2.6929
  1.0843   0.2529  -2.7061
  1.0845   0.2425  -2.7195
  1.0849   0.2320  -2.7332
  1.0852   0.2216  -2.7470
  1.0857   0.2112  -2.7611
  1.0861   0.2008  -2.7752
  1.0866   0.1904  -2.7895
  1.0872   0.1800  -2.8039
  1.0878   0.1697  -2.8184
  1.0885   0.1593  -2.8330
  1.0891   0.1490  -2.8476
  1.0899   0.1388  -2.8623
  1.0906   0.1285  -2.8769
  1.0914   0.1183  -2.8916
  1.0923   0.1081  -2.9062
  1.0931   0.0979  -2.9208
  1.0940   0.0877  -2.9354
  1.0950   0.0776  -2.9499
  1.0959   0.0675  -2.9643
  1.0969   0.0574  -2.9786
  1.0979   0.0474  -2.9929
  1.0989   0.0373  -3.0070
  1.0999   0.0273  -3.0210
  1.1010   0.0173  -3.0349
  1.1021   0.0074  -3.0486
  1.1031  -0.0026  -3.0621
  1.1042  -0.0125  -3.0754
  1.1053  -0.0224  -3.0886
  1.1064  -0.0322  -3.1016
  1.1075  -0.0421  -3.1143
  1.1086  -0.0520  -3.1268
  1.1097  -0.0618  -3.1390
  1.1108  -0.0716  -3.1510
  1.1118  -0.0814  -3.1626
  1.1129  -0.0912  -3.1740
  1.1139  -0.1010  -3.1850
  1.1150  -0.1108  -3.1956
  1.1160  -0.1205  -3.2059
  1.1169  -0.1303  -3.2157
  1.1179  -0.1400  -3.2252
  1.1188  -0.1498  -3.2341
  1.1197  -0.1595  -3.2425
  1.1205  -0.1693  -3.2505
  1.1213  -0.1790  -3.2578
  1.1221  -0.1887  -3.2646
  1.1228  -0.1985  -3.2707
  1.1234  -0.2082  -3.2761
  1.1240  -0.2180  -3.2808
  1.1245  -0.2277  -3.2848
  1.1250  -0.2375  -3.2879
  1.1254  -0.2472  -3.2903
  1.1257  -0.2570  -3.2917
  1.1259  -0.2668  -3.2922
  1.1261  -0.2766  -3.2918
  1.1261  -0.2864  -3.2904
  1.1261  -0.2962  -3.2880
  1.1260  -0.3061  -3.2846
  1.1258  -0.3160  -3.2803
  1.1255  -0.3260  -3.2750
  1.1252  -0.3361  -3.2690
  1.1247  -0.3462  -3.2622
  1.1242  -0.3566  -3.2551
  1.1236  -0.3671  -3.2478
  1.1230  -0.3779  -3.2410
  1.1224  -0.3891  -3.2353
  1.1218  -0.4008  -3.2318
  1.1214  -0.4131  -3.2317
  1.1212  -0.4264  -3.2372
  1.1214  -0.4410  -3.2509
  1.1244  -0.4448  -3.2829
  1.1216  -0.4332  -3.2211
  1.1189  -0.4216  -3.1592
  1.1163  -0.4101  -3.0972
  1.1138  -0.3987  -3.0349
  1.1114  -0.3873  -2.9724
  1.1090  -0.3759  -2.9097
  1.1067  -0.3646  -2.8467
  1.1044  -0.3534  -2.7835
  1.1022  -0.3422  -2.7201
  1.1001  -0.3310  -2.6563
  1.0980  -0.3199  -2.5923
  1.0960  -0.3088  -2.5279
  1.0940  -0.2978  -2.4633
  1.0921  -0.2867  -2.3983
  1.0903  -0.2757  -2.3330
  1.0885  -0.2646  -2.2672
  1.0867  -0.2537  -2.2012
  1.0850  -0.2427  -2.1347
  1.0834  -0.2318  -2.0679
  1.0818  -0.2209  -2.0007
  1.0802  -0.2100  -1.9331
  1.0787  -0.1991  -1.8650
  1.0772  -0.1882  -1.7963
  1.0758  -0.1772  -1.7271
  1.0744  -0.1664  -1.6576
  1.0730  -0.1555  -1.5874
  1.0717  -0.1446  -1.5168
  1.0704  -0.1338  -1.4458
  1.0691  -0.1229  -1.3741
  1.0679  -0.1120  -1.3017
  1.0667  -0.1012  -1.2288
  1.0655  -0.0903  -1.1554
  1.0644  -0.0795  -1.0813
  1.0632  -0.0687  -1.0067
  1.0621  -0.0579  -0.9315
  1.0611  -0.0471  -0.8555
  1.0600  -0.0362  -0.7787
  1.0590  -0.0253  -0.7012
  1.0580  -0.0145  -0.6233
  1.0570  -0.0036  -0.5443
  1.0561   0.0075  -0.4644
  1.0551   0.0185  -0.3839
  1.0542   0.0293  -0.3030
  1.0533   0.0402  -0.2211
  1.0523   0.0510  -0.1386
  1.0515   0.0619  -0.0552
  1.0506   0.0729   0.0291
  1.0497   0.0838   0.1142
  1.0489   0.0947   0.2001
  1.0480   0.1057   0.2868
  1.0472   0.1166   0.3744
  1.0464   0.1277   0.4630
  1.0455   0.1386   0.5523
  1.0447   0.1495   0.6425
  1.0439   0.1605   0.7335
  1.0431   0.1714   0.8255
  1.0423   0.1824   0.9185
  1.0415   0.1934   1.0123
  1.0406   0.2043   1.1070
  1.0398   0.2153   1.2027
  1.0390   0.2262   1.2992
  1.0382   0.2370   1.3967
  1.0373   0.2479   1.4952
  1.0365   0.2588   1.5947
  1.0356   0.2697   1.6952
  1.0348   0.2806   1.7968
  1.0339   0.2916   1.8994
  1.0331   0.3025   2.0030
  1.0322   0.3134   2.1078
  1.0313   0.3243   2.2136
  1.0304   0.3352   2.3206
  1.0295   0.3462   2.4288
  1.0286   0.3571   2.5381
  1.0277   0.3680   2.6486
  1.0268   0.3789   2.7604
  1.0258   0.3898   2.8735
  1.0249   0.4007   2.9880
  1.0239   0.4116   3.1039
  1.0229   0.4224   3.2213
  1.0229   0.4224   3.2213
  1.0212   0.4079   3.2138
  1.0195   0.3950   3.2155
  1.0180   0.3831   3.2234
  1.0165   0.3721   3.2354
  1.0152   0.3616   3.2500
  1.0139   0.3515   3.2661
  1.0128   0.3417   3.2828
  1.0117   0.3320   3.2996
  1.0107   0.3225   3.3160
  1.0098   0.3131   3.3318
  1.0090   0.3038   3.3468
  1.0083   0.2944   3.3609
  1.0076   0.2850   3.3739
  1.0071   0.2757   3.3858
  1.0065   0.2663   3.3966
  1.0061   0.2569   3.4064
  1.0057   0.2475   3.4151
  1.0053   0.2380   3.4228
  1.0050   0.2285   3.4294
  1.0048   0.2190   3.4351
  1.0046   0.2094   3.4399
  1.0044   0.1998   3.4438
  1.0043   0.1902   3.4468
  1.0043   0.1806   3.4490
  1.0042   0.1709   3.4505
  1.0042   0.1612   3.4513
  1.0043   0.1515   3.4513
  1.0044   0.1418   3.4508
  1.0045   0.1321   3.4496
  1.0046   0.1223   3.4479
  1.0048   0.1125   3.4456
  1.0050   0.1027   3.4429
  1.0052   0.0929   3.4396
  1.0055   0.0831   3.4359
  1.0057   0.0733   3.4318
  1.0060   0.0635   3.4274
  1.0063   0.0537   3.4225
  1.0067   0.0438   3.4174
  1.0070   0.0340   3.4119
  1.0074   0.0241   3.4061
  1.0078   0.0143   3.4001
  1.0082   0.0044   3.3938
  1.0086  -0.0054   3.3873
  1.0091  -0.0153   3.3806
  1.0095  -0.0251   3.3737
  1.0100  -0.0350   3.3666
  1.0104  -0.0449   3.3594
  1.0109  -0.0547   3.3520
  1.0114  -0.0646   3.3444
  1.0119  -0.0745   3.3368
  1.0124  -0.0843   3.3291
  1.0129  -0.0942   3.3212
  1.0134  -0.1041   3.3133
  1.0139  -0.1139   3.3053
  1.0144  -0.1238   3.2973
  1.0149  -0.1337   3.2892
  1.0155  -0.1436   3.2811
  1.0160  -0.1534   3.2729
  1.0165  -0.1633   3.2648
  1.0170  -0.1732   3.2566
  1.0175  -0.1830   3.2484
  1.0181  -0.1929   3.2403
  1.0186  -0.2028   3.2321
  1.0191  -0.2127   3.2240
  1.0196  -0.2226   3.2160
  1.0201  -0.2324   3.2079
  1.0206  -0.2423   3.2000
  1.0211  -0.2522   3.1920
  1.0215  -0.2621   3.1842
  1.0220  -0.2720   3.1764
  1.0225  -0.2819   3.1688
  1.0229  -0.2918   3.1612
  1.0234  -0.3017   3.1537
  1.0238  -0.3116   3.1464
  1.0242  -0.3215   3.1392
  1.0246  -0.3314   3.1321
  1.0250  -0.3413   3.1251
  1.0254  -0.3512   3.1183
  1.0258  -0.3611   3.1117
  1.0261  -0.3710   3.1053
  1.0264  -0.3809   3.0990
  1.0268  -0.3908   3.0929
  1.0271  -0.4007   3.0871
  1.0274  -0.4106   3.0814
  1.0276  -0.4205   3.0760
  1.0279  -0.4304   3.0709
  1.0281  -0.4404   3.0660
  1.0283  -0.4503   3.0614
  1.0285  -0.4602   3.0570
  1.0287  -0.4701   3.0530
  1.0288  -0.4800   3.0493
  1.0290  -0.4899   3.0459
  1.0291  -0.4998   3.0429
  1.0292  -0.5096   3.0402
  1.0292  -0.5195   3.0379
  1.0293  -0.5294   3.0360
  1.0293  -0.5393   3.0346
  1.0293  -0.5491   3.0335
  1.0292  -0.5590   3.0330
  1.0292  -0.5688   3.0329
  1.0291  -0.5786   3.0333
  1.0290  -0.5885   3.0343
  1.0289  -0.5983   3.0358
  1.0287  -0.6081   3.0379
  1.0285  -0.6179   3.0406
  1.0283  -0.6277   3.0439
  1.0280  -0.6374   3.0479
  1.0277  -0.6472   3.0526
  1.0274  -0.6570   3.0581
  1.0270  -0.6668   3.0644
  1.0265  -0.6767   3.0717
  1.0260  -0.6866   3.0798
  1.0254  -0.6965   3.0891
  1.0247  -0.7066   3.0995
  1.0238  -0.7168   3.1113
  1.0228  -0.7273   3.1246
  1.0216  -0.7380   3.1398
  1.0201  -0.7491   3.1571
  1.0182  -0.7608   3.1770
  1.0181  -0.7706   3.1771
  1.0149  -0.7737   3.2026
  1.0165  -0.7558   3.0705
  1.0181  -0.7378   2.9405
  1.0196  -0.7197   2.8125
  1.0211  -0.7015   2.6865
  1.0226  -0.6832   2.5624
  1.0240  -0.6648   2.4400
  1.0255  -0.6463   2.3195
  1.0269  -0.6278   2.2007
  1.0282  -0.6092   2.0835
  1.0296  -0.5905   1.9680
  1.0309  -0.5718   1.8541
  1.0321  -0.5530   1.7418
  1.0334  -0.5341   1.6311
  1.0346  -0.5152   1.5220
  1.0358  -0.4962   1.4143
  1.0370  -0.4771   1.3082
  1.0382  -0.4580   1.2036
  1.0394  -0.4389   1.1005
  1.0405  -0.4197   0.9988
  1.0416  -0.4004   0.8987
  1.0427  -0.3811   0.7999
  1.0438  -0.3618   0.7027
  1.0448  -0.3423   0.6069
  1.0459  -0.3229   0.5125
  1.0469  -0.3034   0.4196
  1.0479  -0.2838   0.3281
  1.0489  -0.2642   0.2380
  1.0499  -0.2446   0.1494
  1.0509  -0.2249   0.0621
  1.0519  -0.2051  -0.0237
  1.0529  -0.1853  -0.1081
  1.0538  -0.1655  -0.1911
  1.0548  -0.1456  -0.2727
  1.0558  -0.1257  -0.3529
  1.0567  -0.1057  -0.4317
  1.0577  -0.0857  -0.5091
  1.0586  -0.0656  -0.5851
  1.0596  -0.0455  -0.6597
  1.0605  -0.0254  -0.7329
  1.0615  -0.0052  -0.8048
  1.0625   0.0150  -0.8753
  1.0634   0.0352  -0.9445
  1.0644   0.0555  -1.0123
  1.0654   0.0758  -1.0789
  1.0664   0.0962  -1.1441
  1.0675   0.1166  -1.2081
  1.0685   0.1370  -1.2709
  1.0696   0.1574  -1.3325
  1.0708   0.1778  -1.3930
  1.0719   0.1982  -1.4525
  1.0732   0.2186  -1.5110
  1.0744   0.2391  -1.5680
  1.0758   0.2595  -1.6247
  1.0772   0.2800  -1.6803
  1.0786   0.3004  -1.7349
  1.0801   0.3208  -1.7885
  1.0817   0.3412  -1.8416
  1.0834   0.3616  -1.8938
  1.0852   0.3819  -1.9454
  1.0870   0.4022  -1.9962
  1.0889   0.4225  -2.0463
  1.0909   0.4428  -2.0956
  1.0930   0.4630  -2.1442
  1.0951   0.4832  -2.1922
  1.0974   0.5034  -2.2394
  1.0997   0.5236  -2.2859
  1.1020   0.5438  -2.3315
  1.1045   0.5639  -2.3763
  1.1084   0.5827  -2.4338
  1.1109   0.6028  -2.4770
  1.1136   0.6229  -2.5194
  1.1162   0.6430  -2.5610
  1.1190   0.6631  -2.6017
  1.1218   0.6832  -2.6415
  1.1246   0.7033  -2.6805
  1.1275   0.7234  -2.7185
  1.1304   0.7435  -2.7556
  1.1334   0.7636  -2.7917
  1.1365   0.7837  -2.8268
  1.1365   0.7837  -2.8268
  1.1283   0.7706  -2.7094
  1.1220   0.7590  -2.6079
  1.1169   0.7484  -2.5192
  1.1127   0.7384  -2.4409
  1.1092   0.7289  -2.3712
  1.1061   0.7197  -2.3087
  1.1034   0.7107  -2.2525
  1.1009   0.7017  -2.2017
  1.0986   0.6927  -2.1559
  1.0965   0.6837  -2.1146
  1.0944   0.6746  -2.0774
  1.0924   0.6654  -2.0441
  1.0905   0.6561  -2.0143
  1.0886   0.6466  -1.9879
  1.0868   0.6371  -1.9647
  1.0849   0.6274  -1.9446
  1.0832   0.6176  -1.9274
  1.0814   0.6077  -1.9129
  1.0797   0.5977  -1.9010
  1.0780   0.5876  -1.8917
  1.0764   0.5774  -1.8847
  1.0749   0.5670  -1.8800
  1.0734   0.5566  -1.8774
  1.0719   0.5461  -1.8769
  1.0705   0.5356  -1.8783
  1.0692   0.5249  -1.8815
  1.0680   0.5143  -1.8864
  1.0669   0.5035  -1.8930
  1.0658   0.4928  -1.9011
  1.0648   0.4820  -1.9105
  1.0640   0.4711  -1.9214
  1.0632   0.4603  -1.9334
  1.0625   0.4495  -1.9466
  1.0619   0.4386  -1.9608
  1.0615   0.4278  -1.9760
  1.0611   0.4170  -1.9921
  1.0608   0.4062  -2.0091
  1.0607   0.3954  -2.0267
  1.0606   0.3847  -2.0451
  1.0607   0.3740  -2.0640
  1.0608   0.3633  -2.0834
  1.0611   0.3527  -2.1034
  1.0614   0.3422  -2.1237
  1.0619   0.3317  -2.1444
  1.0624   0.3213  -2.1654
  1.0631   0.3110  -2.1866
  1.0638   0.3007  -2.2080
  1.0646   0.2905  -2.2296
  1.0655   0.2804  -2.2513
  1.0665   0.2703  -2.2731
  1.0676   0.2603  -2.2950
  1.0687   0.2505  -2.3169
  1.0699   0.2406  -2.3387
  1.0712   0.2309  -2.3605
  1.0725   0.2212  -2.3823
  1.0739   0.2116  -2.4039
  1.0753   0.2021  -2.4255
  1.0768   0.1927  -2.4469
  1.0783   0.1833  -2.4682
  1.0799   0.1740  -2.4893
  1.0815   0.1647  -2.5103
  1.0831   0.1555  -2.5310
  1.0847   0.1464  -2.5516
  1.0864   0.1373  -2.5720
  1.0881   0.1282  -2.5922
  1.0897   0.1192  -2.6122
  1.0914   0.1103  -2.6319
  1.0931   0.1013  -2.6515
  1.0948   0.0924  -2.6707
  1.0965   0.0835  -2.6898
  1.0982   0.0747  -2.7086
  1.0998   0.0658  -2.7271
  1.1014   0.0569  -2.7453
  1.1031   0.0481  -2.7633
  1.1047   0.0392  -2.7810
  1.1062   0.0304  -2.7983
  1.1077   0.0215  -2.8154
  1.1092   0.0125  -2.8321
  1.1107   0.0036  -2.8485
  1.1121  -0.0054  -2.8644
  1.1135  -0.0144  -2.8800
  1.1148  -0.0234  -2.8952
  1.1160  -0.0325  -2.9099
  1.1172  -0.0417  -2.9242
  1.1184  -0.0509  -2.9379
  1.1195  -0.0602  -2.9511
  1.1205  -0.0695  -2.9637
  1.1215  -0.0789  -2.9757
  1.1224  -0.0883  -2.9871
  1.1232  -0.0979  -2.9977
  1.1240  -0.1075  -3.0076
  1.1247  -0.1172  -3.0168
  1.1253  -0.1269  -3.0250
  1.1259  -0.1367  -3.0324
  1.1264  -0.1467  -3.0388
  1.1268  -0.1567  -3.0441
  1.1271  -0.1667  -3.0484
  1.1273  -0.1769  -3.0515
  1.1275  -0.1871  -3.0534
  1.1276  -0.1974  -3.0541
  1.1276  -0.2078  -3.0533
  1.1275  -0.2183  -3.0512
  1.1273  -0.2288  -3.0476
  1.1271  -0.2394  -3.0424
  1.1267  -0.2502  -3.0356
  1.1263  -0.2610  -3.0271
  1.1258  -0.2718  -3.0170
  1.1252  -0.2828  -3.0051
  1.1246  -0.2939  -2.9916
  1.1238  -0.3051  -2.9763
  1.1230  -0.3164  -2.9595
  1.1221  -0.3280  -2.9413
  1.1212  -0.3397  -2.9220
  1.1203  -0.3517  -2.9022
  1.1194  -0.3641  -2.8824
  1.1186  -0.3770  -2.8638
  1.1179  -0.3905  -2.8481
  1.1176  -0.4050  -2.8374
  1.1177  -0.4209  -2.8354
  1.1212  -0.4208  -2.8395
  1.1194  -0.4097  -2.7898
  1.1175  -0.3987  -2.7399
  1.1157  -0.3877  -2.6896
  1.1140  -0.3768  -2.6391
  1.1123  -0.3659  -2.5882
  1.1107  -0.3551  -2.5370
  1.1092  -0.3443  -2.4854
  1.1076  -0.3335  -2.4335
  1.1062  -0.3228  -2.3812
  1.1047  -0.3121  -2.3285
  1.1033  -0.3014  -2.2754
  1.1020  -0.2908  -2.2219
  1.1007  -0.2802  -2.1679
  1.0994  -0.2697  -2.1135
  1.0982  -0.2591  -2.0586
  1.0970  -0.2486  -2.0032
  1.0959  -0.2382  -1.9474
  1.0948  -0.2277  -1.8910
  1.0937  -0.2173  -1.8341
  1.0927  -0.2069  -1.7767
  1.0916  -0.1966  -1.7187
  1.0906  -0.1862  -1.6601
  1.0897  -0.1759  -1.6010
  1.0888  -0.1656  -1.5412
  1.0878  -0.1553  -1.4809
  1.0870  -0.1451  -1.4199
  1.0861  -0.1348  -1.3583
  1.0853  -0.1246  -1.2960
  1.0844  -0.1144  -1.2331
  1.0836  -0.1042  -1.1695
  1.0829  -0.0940  -1.1052
  1.0821  -0.0838  -1.0401
  1.0813  -0.0737  -0.9744
  1.0806  -0.0635  -0.9079
  1.0799  -0.0534  -0.8406
  1.0792  -0.0433  -0.7726
  1.0785  -0.0331  -0.7038
  1.0778  -0.0230  -0.6341
  1.0771  -0.0129  -0.5637
  1.0764  -0.0028  -0.4924
  1.0758   0.0073  -0.4203
  1.0751   0.0174  -0.3474
  1.0745   0.0275  -0.2735
  1.0738   0.0376  -0.1988
  1.0732   0.0477  -0.1232
  1.0725   0.0578  -0.0467
  1.0719   0.0679   0.0308
  1.0712   0.0781   0.1092
  1.0706   0.0882   0.1886
  1.0700   0.0983   0.2689
  1.0693   0.1084   0.3503
  1.0687   0.1186   0.4326
  1.0680   0.1287   0.5159
  1.0673   0.1389   0.6003
  1.0667   0.1490   0.6857
  1.0660   0.1592   0.7721
  1.0653   0.1694   0.8597
  1.0646   0.1796   0.9483
  1.0639   0.1898   1.0380
  1.0632   0.2001   1.1288
  1.0625   0.2103   1.2207
  1.0618   0.2206   1.3138
  1.0610   0.2308   1.4081
  1.0603   0.2411   1.5035
  1.0595   0.2514   1.6001
  1.0587   0.2617   1.6980
  1.0579   0.2720   1.7970
  1.0571   0.2824   1.8974
  1.0562   0.2927   1.9990
  1.0554   0.3031   2.1019
  1.0545   0.3134   2.2061
  1.0536   0.3238   2.3118
  1.0527   0.3341   2.4188
  1.0517   0.3445   2.5273
  1.0507   0.3548   2.6373
  1.0497   0.3652   2.7488
  1.0486   0.3755   2.8619
  1.0476   0.3857   2.9768
  1.0464   0.3959   3.0934
  1.0464   0.3959   3.0934
  1.0459   0.3824   3.0784
  1.0454   0.3700   3.0701
  1.0449   0.3582   3.0667
  1.0443   0.3471   3.0666
  1.0438   0.3363   3.0689
  1.0433   0.3258   3.0729
  1.0429   0.3156   3.0779
  1.0424   0.3055   3.0836
  1.0420   0.2955   3.0896
  1.0416   0.2857   3.0958
  1.0412   0.2758   3.1019
  1.0408   0.2661   3.1079
  1.0405   0.2563   3.1137
  1.0402   0.2466   3.1193
  1.0399   0.2369   3.1245
  1.0396   0.2272   3.1294
  1.0394   0.2175   3.1340
  1.0391   0.2078   3.1382
  1.0389   0.1981   3.1420
  1.0387   0.1885   3.1455
  1.0386   0.1788   3.1486
  1.0384   0.1691   3.1514
  1.0383   0.1594   3.1539
  1.0381   0.1497   3.1560
  1.0380   0.1400   3.1578
  1.0379   0.1303   3.1594
  1.0378   0.1206   3.1606
  1.0378   0.1109   3.1615
  1.0377   0.1012   3.1622
  1.0377   0.0915   3.1625
  1.0376   0.0817   3.1627
  1.0376   0.0720   3.1626
  1.0376   0.0623   3.1622
  1.0376   0.0526   3.1616
  1.0376   0.0429   3.1608
  1.0376   0.0331   3.1598
  1.0377   0.0234   3.1586
  1.0377   0.0137   3.1573
  1.0378   0.0039   3.1557
  1.0378  -0.0058   3.1540
  1.0379  -0.0155   3.1521
  1.0380  -0.0253   3.1500
  1.0381  -0.0350   3.1478
  1.0382  -0.0447   3.1455
  1.0383  -0.0545   3.1430
  1.0384  -0.0642   3.1404
  1.0385  -0.0740   3.1377
  1.0386  -0.0837   3.1349
  1.0387  -0.0935   3.1319
  1.0388  -0.1032   3.1289
  1.0390  -0.1129   3.1258
  1.0391  -0.1227   3.1226
  1.0393  -0.1324   3.1193
  1.0394  -0.1422   3.1160
  1.0395  -0.1519   3.1126
  1.0397  -0.1617   3.1091
  1.0398  -0.1714   3.1056
  1.0400  -0.1812   3.1020
  1.0402  -0.1909   3.0984
  1.0403  -0.2007   3.0947
  1.0405  -0.2105   3.0911
  1.0406  -0.2202   3.0873
  1.0408  -0.2300   3.0836
  1.0410  -0.2397   3.0799
  1.0411  -0.2495   3.0761
  1.0413  -0.2593   3.0724
  1.0415  -0.2690   3.0686
  1.0416  -0.2788   3.0648
  1.0418  -0.2886   3.0611
  1.0420  -0.2983   3.0574
  1.0421  -0.3081   3.0537
  1.0423  -0.3179   3.0500
  1.0424  -0.3277   3.0463
  1.0426  -0.3375   3.0427
  1.0428  -0.3472   3.0391
  1.0429  -0.3570   3.0356
  1.0431  -0.3668   3.0321
  1.0432  -0.3766   3.0287
  1.0433  -0.3864   3.0254
  1.0435  -0.3962   3.0221
  1.0436  -0.4060   3.0189
  1.0437  -0.4158   3.0157
  1.0439  -0.4256   3.0127
  1.0440  -0.4354   3.0097
  1.0441  -0.4452   3.0069
  1.0442  -0.4551   3.0041
  1.0443  -0.4649   3.0014
  1.0444  -0.4747   2.9989
  1.0445  -0.4845   2.9965
  1.0446  -0.4944   2.9942
  1.0447  -0.5042   2.9921
  1.0448  -0.5140   2.9901
  1.0449  -0.5238   2.9882
  1.0449  -0.5337   2.9865
  1.0450  -0.5435   2.9850
  1.0450  -0.5534   2.9836
  1.0451  -0.5632   2.9825
  1.0451  -0.5731   2.9815
  1.0452  -0.5829   2.9807
  1.0452  -0.5928   2.9801
  1.0452  -0.6026   2.9798
  1.0452  -0.6125   2.9797
  1.0452  -0.6224   2.9798
  1.0452  -0.6322   2.9802
  1.0452  -0.6421   2.9809
  1.0452  -0.6520   2.9819
  1.0451  -0.6619   2.9833
  1.0450  -0.6718   2.9850
  1.0449  -0.6818   2.9872
  1.0448  -0.6917   2.9898
  1.0447  -0.7017   2.9929
  1.0445  -0.7118   2.9968
  1.0442  -0.7219   3.0013
  1.0439  -0.7321   3.0068
  1.0435  -0.7424   3.0134
  1.0430  -0.7529   3.0214
  1.0423  -0.7636   3.0312
  1.0414  -0.7746   3.0433
  1.0402  -0.7860   3.0583
  1.0365  -0.7893   3.0863
  1.0375  -0.7706   2.9561
  1.0385  -0.7518   2.8281
  1.0394  -0.7330   2.7021
  1.0403  -0.7140   2.5781
  1.0411  -0.6950   2.4560
  1.0420  -0.6759   2.3358
  1.0428  -0.6568   2.2175
  1.0436  -0.6375   2.1009
  1.0443  -0.6182   1.9861
  1.0451  -0.5989   1.8730
  1.0458  -0.5795   1.7616
  1.0464  -0.5600   1.6519
  1.0471  -0.5405   1.5438
  1.0477  -0.5210   1.4373
  1.0483  -0.5014   1.3323
  1.0489  -0.4817   1.2290
  1.0495  -0.4620   1.1272
  1.0500  -0.4423   1.0270
  1.0505  -0.4225   0.9283
  1.0510  -0.4027   0.8311
  1.0515  -0.3828   0.7355
  1.0520  -0.3629   0.6413
  1.0525  -0.3429   0.5487
  1.0529  -0.3229   0.4575
  1.0533  -0.3029   0.3679
  1.0537  -0.2828   0.2797
  1.0541  -0.2627   0.1930
  1.0545  -0.2426   0.1078
  1.0549  -0.2224   0.0240
  1.0553  -0.2022  -0.0582
  1.0556  -0.1819  -0.1390
  1.0560  -0.1616  -0.2184
  1.0563  -0.1413  -0.2962
  1.0567  -0.1209  -0.3726
  1.0570  -0.1005  -0.4476
  1.0573  -0.0800  -0.5211
  1.0576  -0.0595  -0.5931
  1.0580  -0.0390  -0.6636
  1.0583  -0.0185  -0.7327
  1.0586   0.0021  -0.8003
  1.0589   0.0227  -0.8665
  1.0592   0.0434  -0.9311
  1.0594   0.0641  -0.9938
  1.0597   0.0849  -1.0553
  1.0600   0.1057  -1.1158
  1.0618   0.1253  -1.1868
  1.0625   0.1458  -1.2482
  1.0635   0.1662  -1.3102
  1.0647   0.1864  -1.3723
  1.0659   0.2067  -1.4329
  1.0668   0.2273  -1.4902
  1.0682   0.2475  -1.5493
  1.0693   0.2680  -1.6054
  1.0705   0.2884  -1.6599
  1.0717   0.3088  -1.7137
  1.0741   0.3284  -1.7765
  1.0755   0.3488  -1.8288
  1.0770   0.3691  -1.8804
  1.0786   0.3894  -1.9319
  1.0803   0.4097  -1.9828
  1.0823   0.4297  -2.0346
  1.0845   0.4498  -2.0864
  1.0870   0.4694  -2.1403
  1.0896   0.4891  -2.1934
  1.0916   0.5092  -2.2395
  1.0938   0.5292  -2.2852
  1.0959   0.5491  -2.3288
  1.0991   0.5684  -2.3823
  1.1014   0.5883  -2.4242
  1.1048   0.6076  -2.4767
  1.1085   0.6267  -2.5299
  1.1111   0.6467  -2.5716
  1.1137   0.6669  -2.6119
  1.1183   0.6853  -2.6695
  1.1208   0.7052  -2.7058
  1.1256   0.7235  -2.7626
  1.1303   0.7418  -2.8184
  1.1331   0.7618  -2.8521
  1.1358   0.7817  -2.8839
  1.1358   0.7817  -2.8839
  1.1284   0.7681  -2.7868
  1.1225   0.7558  -2.7019
  1.1178   0.7446  -2.6269
  1.1139   0.7340  -2.5600
  1.1106   0.7240  -2.5000
  1.1078   0.7144  -2.4457
  1.1053   0.7050  -2.3965
  1.1031   0.6957  -2.3517
  1.1011   0.6865  -2.3109
  1.0992   0.6774  -2.2737
  1.0974   0.6683  -2.2398
  1.0957   0.6591  -2.2091
  1.0941   0.6499  -2.1812
  1.0925   0.6406  -2.1560
  1.0909   0.6313  -2.1334
  1.0894   0.6219  -2.1133
  1.0879   0.6124  -2.0955
  1.0865   0.6028  -2.0800
  1.0850   0.5931  -2.0667
  1.0836   0.5834  -2.0554
  1.0822   0.5736  -2.0461
  1.0809   0.5637  -2.0387
  1.0796   0.5537  -2.0332
  1.0783   0.5437  -2.0294
  1.0771   0.5336  -2.0272
  1.0760   0.5234  -2.0267
  1.0749   0.5132  -2.0276
  1.0738   0.5029  -2.0300
  1.0728   0.4926  -2.0338
  1.0719   0.4823  -2.0389
  1.0710   0.4719  -2.0452
  1.0702   0.4615  -2.0527
  1.0695   0.4511  -2.0613
  1.0688   0.4407  -2.0710
  1.0683   0.4302  -2.0815
  1.0678   0.4197  -2.0930
  1.0674   0.4093  -2.1054
  1.0670   0.3988  -2.1185
  1.0668   0.3884  -2.1323
  1.0666   0.3780  -2.1468
  1.0665   0.3676  -2.1619
  1.0665   0.3572  -2.1776
  1.0666   0.3468  -2.1938
  1.0668   0.3365  -2.2104
  1.0670   0.3262  -2.2274
  1.0673   0.3159  -2.2448
  1.0677   0.3057  -2.2625
  1.0682   0.2955  -2.2805
  1.0687   0.2854  -2.2987
  1.0693   0.2753  -2.3171
  1.0700   0.2652  -2.3357
  1.0708   0.2552  -2.3544
  1.0716   0.2453  -2.3732
  1.0724   0.2354  -2.3921
  1.0734   0.2256  -2.4110
  1.0743   0.2158  -2.4299
  1.0753   0.2060  -2.4488
  1.0764   0.1963  -2.4677
  1.0775   0.1867  -2.4865
  1.0787   0.1771  -2.5052
  1.0798   0.1675  -2.5239
  1.0811   0.1580  -2.5424
  1.0823   0.1485  -2.5608
  1.0836   0.1391  -2.5790
  1.0848   0.1297  -2.5971
  1.0861   0.1203  -2.6151
  1.0874   0.1110  -2.6328
  1.0888   0.1017  -2.6503
  1.0901   0.0924  -2.6676
  1.0914   0.0831  -2.6847
  1.0928   0.0739  -2.7016
  1.0941   0.0647  -2.7182
  1.0954   0.0554  -2.7345
  1.0967   0.0462  -2.7506
  1.0980   0.0370  -2.7663
  1.0993   0.0278  -2.7818
  1.1006   0.0186  -2.7970
  1.1018   0.0094  -2.8118
  1.1030   0.0001  -2.8262
  1.1042  -0.0091  -2.8403
  1.1054  -0.0184  -2.8541
  1.1065  -0.0277  -2.8674
  1.1076  -0.0370  -2.8803
  1.1086  -0.0464  -2.8927
  1.1096  -0.0558  -2.9047
  1.1106  -0.0652  -2.9161
  1.1115  -0.0747  -2.9271
  1.1124  -0.0842  -2.9374
  1.1133  -0.0937  -2.9472
  1.1141  -0.1033  -2.9564
  1.1148  -0.1130  -2.9650
  1.1155  -0.1226  -2.9728
  1.1161  -0.1324  -2.9800
  1.1167  -0.1422  -2.9863
  1.1172  -0.1520  -2.9919
  1.1177  -0.1619  -2.9966
  1.1181  -0.1719  -3.0005
  1.1184  -0.1819  -3.0034
  1.1187  -0.1919  -3.0053
  1.1189  -0.2021  -3.0063
  1.1191  -0.2123  -3.0061
  1.1192  -0.2225  -3.0049
  1.1192  -0.2328  -3.0026
  1.1192  -0.2432  -2.9991
  1.1191  -0.2536  -2.9944
  1.1189  -0.2642  -2.9884
  1.1186  -0.2748  -2.9813
  1.1184  -0.2855  -2.9730
  1.1180  -0.2963  -2.9636
  1.1176  -0.3072  -2.9532
  1.1171  -0.3183  -2.9419
  1.1167  -0.3296  -2.9300
  1.1162  -0.3412  -2.9179
  1.1157  -0.3531  -2.9060
  1.1153  -0.3654  -2.8953
  1.1151  -0.3783  -2.8867
  1.1150  -0.3920  -2.8818
  1.1153  -0.4067  -2.8829
