  0.0000   0.2565  -0.1200
  0.0000   0.2565  -0.1200
  0.0000   0.2565  -0.1200
  0.0000   0.2565  -0.1201
  0.0000   0.2565  -0.1202
  0.0001   0.2565  -0.1204
  0.0001   0.2566  -0.1206
  0.0001   0.2566  -0.1209
  0.0002   0.2566  -0.1212
  0.0002   0.2566  -0.1216
  0.0003   0.2567  -0.1220
  0.0003   0.2567  -0.1224
  0.0004   0.2568  -0.1229
  0.0005   0.2568  -0.1234
  0.0006   0.2569  -0.1239
  0.0007   0.2569  -0.1245
  0.0008   0.2570  -0.1252
  0.0009   0.2570  -0.1258
  0.0010   0.2571  -0.1265
  0.0011   0.2572  -0.1272
  0.0012   0.2572  -0.1280
  0.0013   0.2573  -0.1288
  0.0014   0.2574  -0.1296
  0.0016   0.2575  -0.1304
  0.0017   0.2576  -0.1313
  0.0018   0.2577  -0.1321
  0.0020   0.2578  -0.1330
  0.0021   0.2578  -0.1340
  0.0023   0.2579  -0.1349
  0.0025   0.2580  -0.1359
  0.0026   0.2581  -0.1369
  0.0028   0.2583  -0.1379
  0.0030   0.2584  -0.1389
  0.0032   0.2585  -0.1399
  0.0034   0.2586  -0.1410
  0.0035   0.2587  -0.1420
  0.0037   0.2588  -0.1431
  0.0039   0.2590  -0.1442
  0.0041   0.2591  -0.1453
  0.0044   0.2592  -0.1464
  0.0046   0.2593  -0.1475
  0.0048   0.2595  -0.1486
  0.0050   0.2596  -0.1497
  0.0052   0.2597  -0.1508
  0.0055   0.2599  -0.1520
  0.0057   0.2600  -0.1531
  0.0059   0.2602  -0.1542
  0.0062   0.2603  -0.1554
  0.0064   0.2605  -0.1565
  0.0067   0.2606  -0.1576
  0.0069   0.2608  -0.1588
  0.0072   0.2609  -0.1599
  0.0074   0.2611  -0.1610
  0.0077   0.2612  -0.1622
  0.0079   0.2614  -0.1633
  0.0082   0.2615  -0.1644
  0.0085   0.2617  -0.1655
  0.0087   0.2619  -0.1666
  0.0090   0.2620  -0.1677
  0.0093   0.2622  -0.1687
  0.0096   0.2624  -0.1698
  0.0099   0.2625  -0.1708
  0.0102   0.2627  -0.1719
  0.0104   0.2629  -0.1729
  0.0107   0.2631  -0.1739
  0.0110   0.2632  -0.1749
  0.0113   0.2634  -0.1759
  0.0116   0.2636  -0.1768
  0.0119   0.2638  -0.1778
  0.0122   0.2640  -0.1787
  0.0125   0.2641  -0.1796
  0.0128   0.2643  -0.1805
  0.0132   0.2645  -0.1814
  0.0135   0.2647  -0.1823
  0.0138   0.2649  -0.1831
  0.0141   0.2651  -0.1839
  0.0144   0.2653  -0.1848
  0.0147   0.2655  -0.1855
  0.0151   0.2657  -0.1863
  0.0154   0.2659  -0.1871
  0.0157   0.2661  -0.1878
  0.0161   0.2663  -0.1885
  0.0164   0.2665  -0.1892
  0.0167   0.2667  -0.1899
  0.0171   0.2669  -0.1905
  0.0174   0.2671  -0.1911
  0.0177   0.2673  -0.1917
  0.0181   0.2675  -0.1923
  0.0184   0.2677  -0.1928
  0.0188   0.2679  -0.1934
  0.0191   0.2681  -0.1939
  0.0195   0.2683  -0.1944
  0.0198   0.2686  -0.1948
  0.0202   0.2688  -0.1952
  0.0205   0.2690  -0.1957
  0.0209   0.2692  -0.1960
  0.0212   0.2694  -0.1964
  0.0216   0.2697  -0.1967
  0.0219   0.2699  -0.1970
  0.0223   0.2701  -0.1973
  0.0226   0.2703  -0.1975
  0.0230   0.2706  -0.1977
  0.0234   0.2708  -0.1979
  0.0237   0.2710  -0.1981
  0.0241   0.2712  -0.1982
  0.0245   0.2715  -0.1983
  0.0248   0.2717  -0.1983
  0.0252   0.2719  -0.1983
  0.0256   0.2722  -0.1983
  0.0260   0.2724  -0.1983
  0.0263   0.2726  -0.1982
  0.0267   0.2728  -0.1981
  0.0271   0.2731  -0.1979
  0.0275   0.2733  -0.1978
  0.0278   0.2736  -0.1975
  0.0282   0.2738  -0.1973
  0.0286   0.2740  -0.1970
  0.0290   0.2743  -0.1967
  0.0294   0.2745  -0.1963
  0.0297   0.2747  -0.1959
  0.0297   0.2747  -0.1959
  0.0301   0.2750  -0.1954
  0.0305   0.2752  -0.1950
  0.0309   0.2754  -0.1945
  0.0313   0.2757  -0.1941
  0.0317   0.2759  -0.1936
  0.0321   0.2761  -0.1932
  0.0325   0.2763  -0.1927
  0.0330   0.2765  -0.1923
  0.0334   0.2768  -0.1918
  0.0338   0.2770  -0.1914
  0.0342   0.2772  -0.1910
  0.0347   0.2774  -0.1905
  0.0351   0.2776  -0.1901
  0.0356   0.2778  -0.1897
  0.0360   0.2780  -0.1893
  0.0365   0.2782  -0.1889
  0.0370   0.2784  -0.1884
  0.0374   0.2786  -0.1880
  0.0379   0.2788  -0.1876
  0.0384   0.2790  -0.1873
  0.0389   0.2792  -0.1869
  0.0394   0.2794  -0.1865
  0.0399   0.2795  -0.1861
  0.0404   0.2797  -0.1857
  0.0409   0.2799  -0.1854
  0.0414   0.2801  -0.1850
  0.0419   0.2803  -0.1846
  0.0424   0.2805  -0.1843
  0.0429   0.2807  -0.1839
  0.0435   0.2808  -0.1836
  0.0440   0.2810  -0.1833
  0.0446   0.2812  -0.1829
  0.0451   0.2814  -0.1826
  0.0457   0.2816  -0.1822
  0.0462   0.2817  -0.1819
  0.0468   0.2819  -0.1816
  0.0473   0.2821  -0.1813
  0.0479   0.2823  -0.1809
  0.0485   0.2824  -0.1806
  0.0491   0.2826  -0.1803
  0.0497   0.2828  -0.1800
  0.0503   0.2830  -0.1796
  0.0509   0.2831  -0.1793
  0.0515   0.2833  -0.1790
  0.0521   0.2835  -0.1787
  0.0527   0.2837  -0.1784
  0.0533   0.2839  -0.1781
  0.0539   0.2840  -0.1777
  0.0545   0.2842  -0.1774
  0.0552   0.2844  -0.1771
  0.0558   0.2846  -0.1768
  0.0565   0.2847  -0.1764
  0.0571   0.2849  -0.1761
  0.0578   0.2851  -0.1758
  0.0584   0.2853  -0.1755
  0.0591   0.2855  -0.1751
  0.0598   0.2856  -0.1748
  0.0604   0.2858  -0.1744
  0.0611   0.2860  -0.1741
  0.0618   0.2862  -0.1737
  0.0625   0.2864  -0.1734
  0.0632   0.2866  -0.1730
  0.0639   0.2867  -0.1727
  0.0646   0.2869  -0.1723
  0.0653   0.2871  -0.1719
  0.0660   0.2873  -0.1716
  0.0668   0.2875  -0.1712
  0.0675   0.2877  -0.1708
  0.0682   0.2879  -0.1704
  0.0690   0.2881  -0.1700
  0.0697   0.2883  -0.1696
  0.0704   0.2885  -0.1692
  0.0712   0.2887  -0.1688
  0.0720   0.2889  -0.1683
  0.0727   0.2891  -0.1679
  0.0735   0.2893  -0.1674
  0.0743   0.2895  -0.1670
  0.0750   0.2897  -0.1665
  0.0758   0.2899  -0.1661
  0.0766   0.2901  -0.1656
  0.0774   0.2903  -0.1651
  0.0782   0.2906  -0.1646
  0.0790   0.2908  -0.1641
  0.0798   0.2910  -0.1635
  0.0807   0.2912  -0.1630
  0.0815   0.2915  -0.1625
  0.0823   0.2917  -0.1619
  0.0831   0.2919  -0.1613
  0.0840   0.2922  -0.1607
  0.0848   0.2924  -0.1601
  0.0857   0.2927  -0.1595
  0.0865   0.2929  -0.1589
  0.0874   0.2932  -0.1583
  0.0883   0.2934  -0.1576
  0.0891   0.2937  -0.1570
  0.0900   0.2939  -0.1563
  0.0909   0.2942  -0.1556
  0.0918   0.2945  -0.1549
  0.0927   0.2947  -0.1542
  0.0000   0.2947  -0.1542
  0.0009   0.2950  -0.1535
  0.0018   0.2953  -0.1527
  0.0027   0.2955  -0.1520
  0.0036   0.2958  -0.1512
  0.0046   0.2961  -0.1505
  0.0055   0.2964  -0.1497
  0.0064   0.2966  -0.1489
  0.0074   0.2969  -0.1482
  0.0083   0.2972  -0.1474
  0.0093   0.2975  -0.1466
  0.0102   0.2978  -0.1458
  0.0112   0.2980  -0.1450
  0.0122   0.2983  -0.1441
  0.0131   0.2986  -0.1433
  0.0141   0.2989  -0.1425
  0.0151   0.2992  -0.1416
  0.0161   0.2994  -0.1407
  0.0171   0.2997  -0.1398
  0.0181   0.3000  -0.1389
  0.0191   0.3003  -0.1380
  0.0201   0.3006  -0.1371
  0.0211   0.3009  -0.1362
  0.0221   0.3011  -0.1352
  0.0232   0.3014  -0.1343
  0.0242   0.3017  -0.1333
  0.0252   0.3020  -0.1323
  0.0263   0.3022  -0.1313
  0.0273   0.3025  -0.1303
  0.0284   0.3028  -0.1292
  0.0294   0.3031  -0.1282
  0.0305   0.3033  -0.1271
  0.0316   0.3036  -0.1260
  0.0327   0.3039  -0.1249
  0.0337   0.3042  -0.1238
  0.0348   0.3044  -0.1226
  0.0359   0.3047  -0.1214
  0.0370   0.3050  -0.1203
  0.0381   0.3053  -0.1190
  0.0392   0.3055  -0.1178
  0.0403   0.3058  -0.1166
  0.0415   0.3061  -0.1153
  0.0426   0.3063  -0.1140
  0.0437   0.3066  -0.1127
  0.0449   0.3069  -0.1113
  0.0460   0.3071  -0.1100
  0.0471   0.3074  -0.1086
  0.0483   0.3077  -0.1072
  0.0494   0.3079  -0.1057
  0.0506   0.3082  -0.1043
  0.0518   0.3085  -0.1028
  0.0529   0.3087  -0.1013
  0.0541   0.3090  -0.0997
  0.0553   0.3092  -0.0982
  0.0565   0.3095  -0.0966
  0.0577   0.3098  -0.0949
  0.0589   0.3100  -0.0933
  0.0601   0.3103  -0.0916
  0.0613   0.3105  -0.0899
  0.0625   0.3108  -0.0881
  0.0637   0.3110  -0.0864
  0.0649   0.3113  -0.0846
  0.0662   0.3115  -0.0827
  0.0674   0.3118  -0.0809
  0.0686   0.3120  -0.0790
  0.0699   0.3123  -0.0770
  0.0711   0.3126  -0.0750
  0.0724   0.3128  -0.0730
  0.0736   0.3131  -0.0710
  0.0749   0.3133  -0.0689
  0.0761   0.3136  -0.0667
  0.0774   0.3138  -0.0646
  0.0787   0.3141  -0.0623
  0.0800   0.3143  -0.0601
  0.0812   0.3146  -0.0578
  0.0825   0.3148  -0.0554
  0.0838   0.3151  -0.0530
  0.0851   0.3153  -0.0506
  0.0864   0.3156  -0.0481
  0.0877   0.3158  -0.0455
  0.0877   0.3158  -0.0455
  0.0890   0.3161  -0.0429
  0.0903   0.3163  -0.0403
  0.0916   0.3165  -0.0378
  0.0929   0.3167  -0.0353
  0.0942   0.3169  -0.0329
  0.0955   0.3171  -0.0304
  0.0968   0.3173  -0.0280
  0.0981   0.3175  -0.0256
  0.0994   0.3176  -0.0232
  0.1007   0.3178  -0.0208
  0.1020   0.3179  -0.0184
  0.1033   0.3180  -0.0161
  0.1046   0.3181  -0.0137
  0.1059   0.3183  -0.0114
  0.1072   0.3184  -0.0090
  0.1085   0.3184  -0.0067
  0.1098   0.3185  -0.0043
  0.1111   0.3186  -0.0020
  0.1124   0.3187   0.0003
  0.1137   0.3187   0.0026
  0.1150   0.3187   0.0050
  0.1163   0.3188   0.0073
  0.1176   0.3188   0.0096
  0.1189   0.3188   0.0119
  0.1202   0.3188   0.0142
  0.1215   0.3188   0.0165
  0.1228   0.3188   0.0189
  0.1241   0.3188   0.0212
  0.1254   0.3187   0.0235
  0.1267   0.3187   0.0258
  0.1280   0.3186   0.0281
  0.1293   0.3186   0.0304
  0.1306   0.3185   0.0328
  0.1319   0.3184   0.0351
  0.1332   0.3183   0.0374
  0.1345   0.3182   0.0397
  0.1358   0.3181   0.0421
  0.1371   0.3180   0.0444
  0.1384   0.3178   0.0467
  0.1397   0.3177   0.0491
  0.1410   0.3175   0.0514
  0.1423   0.3174   0.0538
  0.1436   0.3172   0.0561
  0.1449   0.3170   0.0585
  0.1462   0.3168   0.0609
  0.1475   0.3166   0.0632
  0.1488   0.3164   0.0656
  0.1501   0.3162   0.0680
  0.1514   0.3160   0.0704
  0.1527   0.3157   0.0728
  0.1540   0.3155   0.0752
  0.1552   0.3152   0.0776
  0.1565   0.3150   0.0800
  0.1578   0.3147   0.0824
  0.1591   0.3144   0.0848
  0.1604   0.3141   0.0872
  0.1617   0.3138   0.0897
  0.1630   0.3135   0.0921
  0.1643   0.3132   0.0946
  0.1656   0.3129   0.0970
  0.1669   0.3125   0.0995
  0.1682   0.3122   0.1019
  0.1695   0.3118   0.1044
  0.1708   0.3114   0.1069
  0.1721   0.3110   0.1094
  0.1734   0.3107   0.1119
  0.1746   0.3103   0.1143
  0.1759   0.3098   0.1168
  0.1772   0.3094   0.1194
  0.1785   0.3090   0.1219
  0.1798   0.3086   0.1244
  0.1811   0.3081   0.1269
  0.1824   0.3076   0.1294
  0.1837   0.3072   0.1320
  0.1850   0.3067   0.1345
  0.1863   0.3062   0.1370
  0.1876   0.3057   0.1396
  0.1889   0.3052   0.1421
  0.1902   0.3047   0.1447
  0.1915   0.3042   0.1472
  0.1927   0.3036   0.1498
  0.1940   0.3031   0.1523
  0.1953   0.3025   0.1549
  0.1966   0.3020   0.1575
  0.1979   0.3014   0.1600
  0.1992   0.3008   0.1626
  0.2005   0.3002   0.1652
  0.2018   0.2996   0.1678
  0.2031   0.2990   0.1703
  0.2044   0.2984   0.1729
  0.2057   0.2977   0.1755
  0.2070   0.2971   0.1781
  0.2083   0.2964   0.1806
  0.2096   0.2958   0.1832
  0.2109   0.2951   0.1858
  0.2122   0.2944   0.1884
  0.2135   0.2937   0.1909
  0.2148   0.2930   0.1935
  0.2161   0.2923   0.1960
  0.2173   0.2916   0.1986
  0.2186   0.2908   0.2012
  0.2199   0.2901   0.2037
  0.2212   0.2893   0.2063
  0.2225   0.2885   0.2088
  0.2238   0.2878   0.2113
  0.2251   0.2870   0.2138
  0.2264   0.2862   0.2164
  0.2277   0.2854   0.2189
  0.2290   0.2846   0.2214
  0.2303   0.2837   0.2239
  0.2316   0.2829   0.2263
  0.2330   0.2820   0.2288
  0.2343   0.2812   0.2313
  0.2356   0.2803   0.2337
  0.2369   0.2794   0.2362
  0.2382   0.2785   0.2386
  0.2395   0.2776   0.2410
  0.2395   0.2776   0.2410
  0.2408   0.2767   0.2435
  0.2421   0.2758   0.2458
  0.2434   0.2749   0.2481
  0.2446   0.2741   0.2502
  0.2459   0.2732   0.2522
  0.2472   0.2724   0.2541
  0.2485   0.2716   0.2559
  0.2498   0.2709   0.2576
  0.2510   0.2701   0.2592
  0.2523   0.2694   0.2607
  0.2535   0.2687   0.2620
  0.2548   0.2680   0.2633
  0.2560   0.2673   0.2645
  0.2573   0.2667   0.2655
  0.2585   0.2661   0.2665
  0.2598   0.2655   0.2674
  0.2610   0.2649   0.2681
  0.2622   0.2643   0.2688
  0.2635   0.2638   0.2694
  0.2647   0.2633   0.2698
  0.2659   0.2628   0.2702
  0.2671   0.2623   0.2705
  0.2683   0.2619   0.2707
  0.2696   0.2614   0.2708
  0.2708   0.2610   0.2708
  0.2720   0.2607   0.2707
  0.2732   0.2603   0.2706
  0.2744   0.2600   0.2703
  0.2756   0.2596   0.2700
  0.2768   0.2594   0.2695
  0.2780   0.2591   0.2690
  0.2791   0.2588   0.2684
  0.2803   0.2586   0.2677
  0.2815   0.2584   0.2670
  0.2827   0.2582   0.2661
  0.2839   0.2581   0.2652
  0.2850   0.2579   0.2642
  0.2862   0.2578   0.2631
  0.2874   0.2577   0.2619
  0.2886   0.2576   0.2607
  0.2897   0.2576   0.2594
  0.2909   0.2576   0.2580
  0.2920   0.2576   0.2565
  0.2932   0.2576   0.2549
  0.2944   0.2576   0.2533
  0.2955   0.2577   0.2516
  0.2967   0.2578   0.2499
  0.2978   0.2579   0.2480
  0.2990   0.2580   0.2461
  0.3001   0.2582   0.2442
  0.3013   0.2583   0.2421
  0.3025   0.2585   0.2400
  0.3036   0.2587   0.2378
  0.3048   0.2590   0.2356
  0.3059   0.2592   0.2333
  0.3070   0.2595   0.2309
  0.3082   0.2598   0.2285
  0.3093   0.2601   0.2260
  0.3105   0.2605   0.2235
  0.3116   0.2609   0.2208
  0.3128   0.2612   0.2182
  0.3139   0.2617   0.2154
  0.3151   0.2621   0.2127
  0.3162   0.2625   0.2098
  0.3174   0.2630   0.2069
  0.3185   0.2635   0.2040
  0.3197   0.2640   0.2010
  0.3208   0.2646   0.1979
  0.3220   0.2651   0.1948
  0.3231   0.2657   0.1917
  0.3243   0.2663   0.1885
  0.3254   0.2669   0.1853
  0.3266   0.2676   0.1820
  0.3277   0.2682   0.1786
  0.3289   0.2689   0.1753
  0.3300   0.2696   0.1719
  0.3312   0.2704   0.1684
  0.3324   0.2711   0.1649
  0.3335   0.2719   0.1614
  0.3335   0.2719   0.1614
  0.3347   0.2727   0.1579
  0.3358   0.2735   0.1544
  0.3370   0.2742   0.1511
  0.3381   0.2750   0.1479
  0.3393   0.2758   0.1447
  0.3404   0.2765   0.1416
  0.3415   0.2772   0.1385
  0.3427   0.2780   0.1355
  0.3438   0.2787   0.1326
  0.3449   0.2794   0.1297
  0.3461   0.2801   0.1268
  0.3472   0.2808   0.1240
  0.3483   0.2815   0.1212
  0.3494   0.2821   0.1184
  0.3505   0.2828   0.1157
  0.3517   0.2835   0.1130
  0.3528   0.2841   0.1103
  0.3539   0.2847   0.1076
  0.3550   0.2854   0.1049
  0.3561   0.2860   0.1022
  0.3572   0.2866   0.0995
  0.3583   0.2872   0.0969
  0.3594   0.2878   0.0942
  0.3605   0.2883   0.0915
  0.3616   0.2889   0.0889
  0.3627   0.2895   0.0862
  0.3638   0.2900   0.0836
  0.3649   0.2905   0.0809
  0.3660   0.2910   0.0782
  0.3671   0.2916   0.0755
  0.3682   0.2921   0.0728
  0.3693   0.2925   0.0701
  0.3704   0.2930   0.0674
  0.3715   0.2935   0.0647
  0.3726   0.2940   0.0620
  0.3737   0.2944   0.0592
  0.3748   0.2948   0.0564
  0.3759   0.2953   0.0537
  0.3770   0.2957   0.0509
  0.3781   0.2961   0.0481
  0.3792   0.2965   0.0452
  0.3803   0.2969   0.0424
  0.3813   0.2972   0.0395
  0.3824   0.2976   0.0366
  0.3835   0.2979   0.0337
  0.3846   0.2983   0.0308
  0.3857   0.2986   0.0279
  0.3868   0.2989   0.0249
  0.3879   0.2992   0.0220
  0.3890   0.2995   0.0190
  0.3901   0.2998   0.0160
  0.3912   0.3001   0.0130
  0.3923   0.3004   0.0099
  0.3934   0.3006   0.0069
  0.3944   0.3009   0.0038
  0.3955   0.3011   0.0007
  0.3966   0.3013  -0.0024
  0.3977   0.3015  -0.0056
  0.3988   0.3017  -0.0087
  0.3999   0.3019  -0.0119
  0.4010   0.3021  -0.0151
  0.4021   0.3023  -0.0183
  0.4032   0.3025  -0.0215
  0.4043   0.3026  -0.0247
  0.4054   0.3028  -0.0280
  0.4065   0.3029  -0.0313
  0.4077   0.3030  -0.0345
  0.4088   0.3032  -0.0378
  0.4099   0.3033  -0.0412
  0.4110   0.3034  -0.0445
  0.4121   0.3035  -0.0478
  0.4132   0.3035  -0.0512
  0.4143   0.3036  -0.0546
  0.4154   0.3037  -0.0580
  0.4165   0.3037  -0.0614
  0.4176   0.3038  -0.0648
  0.4188   0.3038  -0.0682
  0.4199   0.3038  -0.0717
  0.4210   0.3038  -0.0752
  0.4221   0.3038  -0.0786
  0.4232   0.3038  -0.0821
  0.4244   0.3038  -0.0856
  0.4255   0.3038  -0.0891
  0.4266   0.3038  -0.0927
  0.4277   0.3037  -0.0962
  0.4289   0.3037  -0.0997
  0.4300   0.3036  -0.1033
  0.4311   0.3035  -0.1069
  0.4322   0.3034  -0.1104
  0.4334   0.3034  -0.1140
  0.4345   0.3033  -0.1176
  0.4356   0.3031  -0.1212
  0.4367   0.3030  -0.1248
  0.4379   0.3029  -0.1284
  0.4390   0.3028  -0.1320
  0.4401   0.3026  -0.1357
  0.4413   0.3025  -0.1393
  0.4424   0.3023  -0.1429
  0.4435   0.3021  -0.1466
  0.4447   0.3019  -0.1502
  0.4458   0.3017  -0.1538
  0.4469   0.3015  -0.1575
  0.4481   0.3013  -0.1611
  0.4492   0.3011  -0.1648
  0.4503   0.3008  -0.1684
  0.4515   0.3006  -0.1720
  0.4526   0.3003  -0.1757
  0.4537   0.3000  -0.1793
  0.4549   0.2998  -0.1829
  0.4560   0.2995  -0.1866
  0.4571   0.2992  -0.1902
  0.4583   0.2989  -0.1938
  0.4594   0.2985  -0.1974
  0.4605   0.2982  -0.2010
  0.4617   0.2979  -0.2046
  0.4628   0.2975  -0.2081
  0.4639   0.2971  -0.2117
  0.4650   0.2967  -0.2153
  0.4662   0.2963  -0.2189
  0.4673   0.2959  -0.2225
  0.4684   0.2955  -0.2261
  0.4696   0.2951  -0.2297
  0.4707   0.2946  -0.2333
  0.4718   0.2942  -0.2369
  0.4730   0.2937  -0.2405
  0.4741   0.2933  -0.2441
  0.4752   0.2928  -0.2477
  0.4764   0.2923  -0.2513
  0.4775   0.2918  -0.2549
  0.4786   0.2913  -0.2585
  0.4798   0.2907  -0.2621
  0.4809   0.2902  -0.2657
  0.4820   0.2897  -0.2693
  0.4832   0.2891  -0.2729
  0.4843   0.2886  -0.2765
  0.4854   0.2880  -0.2801
  0.4854   0.2880  -0.2801
  0.4866   0.2874  -0.2837
  0.4877   0.2868  -0.2872
  0.4888   0.2863  -0.2906
  0.4899   0.2857  -0.2939
  0.4910   0.2852  -0.2972
  0.4921   0.2847  -0.3003
  0.4932   0.2841  -0.3034
  0.4943   0.2836  -0.3064
  0.4954   0.2832  -0.3092
  0.4964   0.2827  -0.3120
  0.4975   0.2822  -0.3148
  0.4985   0.2817  -0.3174
  0.4996   0.2813  -0.3199
  0.5006   0.2808  -0.3224
  0.5016   0.2804  -0.3247
  0.5026   0.2800  -0.3270
  0.5037   0.2796  -0.3292
  0.5047   0.2792  -0.3313
  0.5057   0.2788  -0.3333
  0.5067   0.2784  -0.3353
  0.5077   0.2781  -0.3371
  0.5086   0.2777  -0.3389
  0.5096   0.2774  -0.3405
  0.5106   0.2770  -0.3421
  0.5115   0.2767  -0.3436
  0.5125   0.2764  -0.3451
  0.5135   0.2761  -0.3464
  0.5144   0.2758  -0.3476
  0.5153   0.2755  -0.3488
  0.5163   0.2753  -0.3499
  0.5172   0.2750  -0.3509
  0.5181   0.2748  -0.3518
  0.5191   0.2745  -0.3527
  0.5200   0.2743  -0.3535
  0.5209   0.2741  -0.3541
  0.5218   0.2739  -0.3548
  0.5227   0.2737  -0.3553
  0.5236   0.2735  -0.3557
  0.5245   0.2733  -0.3561
  0.5254   0.2732  -0.3564
  0.5262   0.2730  -0.3566
  0.5271   0.2729  -0.3567
  0.5280   0.2727  -0.3568
  0.5289   0.2726  -0.3567
  0.5297   0.2725  -0.3566
  0.5306   0.2724  -0.3564
  0.5315   0.2723  -0.3561
  0.5323   0.2722  -0.3557
  0.5332   0.2721  -0.3553
  0.5340   0.2721  -0.3548
  0.5349   0.2720  -0.3541
  0.5357   0.2720  -0.3534
  0.5365   0.2720  -0.3526
  0.5374   0.2719  -0.3518
  0.5382   0.2719  -0.3508
  0.5390   0.2719  -0.3498
  0.5398   0.2719  -0.3487
  0.5407   0.2720  -0.3475
  0.5415   0.2720  -0.3462
  0.5423   0.2720  -0.3448
  0.5431   0.2721  -0.3433
  0.5439   0.2722  -0.3418
  0.5447   0.2722  -0.3401
  0.5455   0.2723  -0.3384
  0.5463   0.2724  -0.3366
  0.5471   0.2725  -0.3347
  0.5479   0.2727  -0.3327
  0.5486   0.2728  -0.3306
  0.5494   0.2729  -0.3284
  0.5502   0.2731  -0.3261
  0.5510   0.2733  -0.3238
  0.5517   0.2734  -0.3213
  0.5525   0.2736  -0.3187
  0.5533   0.2738  -0.3161
  0.5540   0.2740  -0.3133
  0.5548   0.2742  -0.3105
  0.5555   0.2745  -0.3076
  0.5563   0.2747  -0.3046
  0.5570   0.2750  -0.3014
  0.5570   0.2750  -0.3014
  0.5578   0.2752  -0.2982
  0.5585   0.2755  -0.2950
  0.5593   0.2757  -0.2918
  0.5600   0.2759  -0.2885
  0.5607   0.2761  -0.2853
  0.5615   0.2763  -0.2820
  0.5622   0.2765  -0.2787
  0.5630   0.2767  -0.2754
  0.5637   0.2769  -0.2721
  0.5644   0.2770  -0.2687
  0.5652   0.2772  -0.2653
  0.5659   0.2773  -0.2620
  0.5667   0.2775  -0.2586
  0.5674   0.2776  -0.2552
  0.5681   0.2777  -0.2518
  0.5689   0.2778  -0.2483
  0.5696   0.2779  -0.2449
  0.5703   0.2780  -0.2415
  0.5711   0.2780  -0.2380
  0.5718   0.2781  -0.2346
  0.5725   0.2781  -0.2311
  0.5733   0.2782  -0.2277
  0.5740   0.2782  -0.2242
  0.5747   0.2782  -0.2207
  0.5755   0.2782  -0.2173
  0.5762   0.2782  -0.2138
  0.5769   0.2782  -0.2104
  0.5777   0.2782  -0.2069
  0.5784   0.2781  -0.2034
  0.5791   0.2781  -0.2000
  0.5799   0.2780  -0.1965
  0.5806   0.2780  -0.1931
  0.5814   0.2779  -0.1896
  0.5821   0.2778  -0.1862
  0.5828   0.2777  -0.1828
  0.5836   0.2776  -0.1794
  0.5843   0.2775  -0.1759
  0.5850   0.2774  -0.1725
  0.5858   0.2773  -0.1691
  0.5865   0.2771  -0.1657
  0.5872   0.2770  -0.1623
  0.5880   0.2768  -0.1590
  0.5887   0.2766  -0.1556
  0.5894   0.2764  -0.1522
  0.5902   0.2762  -0.1489
  0.5909   0.2760  -0.1455
  0.5917   0.2758  -0.1422
  0.5924   0.2756  -0.1389
  0.5931   0.2754  -0.1356
  0.5939   0.2751  -0.1323
  0.5946   0.2749  -0.1290
  0.5954   0.2746  -0.1257
  0.5961   0.2744  -0.1224
  0.5969   0.2741  -0.1192
  0.5976   0.2738  -0.1160
  0.5984   0.2735  -0.1127
  0.5991   0.2732  -0.1095
  0.5999   0.2729  -0.1063
  0.6006   0.2726  -0.1031
  0.6014   0.2722  -0.0999
  0.6021   0.2719  -0.0967
  0.6029   0.2715  -0.0936
  0.6036   0.2712  -0.0904
  0.6044   0.2708  -0.0873
  0.6051   0.2704  -0.0842
  0.6059   0.2700  -0.0811
  0.6066   0.2696  -0.0780
  0.6074   0.2692  -0.0749
  0.6081   0.2688  -0.0718
  0.6089   0.2683  -0.0687
  0.6096   0.2679  -0.0657
  0.6104   0.2675  -0.0627
  0.6112   0.2670  -0.0596
  0.6119   0.2665  -0.0566
  0.6127   0.2661  -0.0536
  0.6134   0.2656  -0.0506
  0.6142   0.2651  -0.0476
  0.6150   0.2646  -0.0447
  0.6157   0.2640  -0.0417
  0.6165   0.2635  -0.0387
  0.6173   0.2630  -0.0358
  0.6180   0.2624  -0.0329
  0.6188   0.2619  -0.0300
  0.6195   0.2613  -0.0270
  0.6203   0.2607  -0.0241
  0.6211   0.2601  -0.0213
  0.6218   0.2595  -0.0184
  0.6226   0.2589  -0.0155
  0.6234   0.2583  -0.0126
  0.6241   0.2577  -0.0098
  0.6249   0.2571  -0.0069
  0.6257   0.2564  -0.0040
  0.6264   0.2557  -0.0012
  0.6272   0.2551   0.0016
  0.6280   0.2544   0.0045
  0.6287   0.2537   0.0073
  0.6295   0.2530   0.0102
  0.6303   0.2523   0.0130
  0.6310   0.2516   0.0158
  0.6318   0.2509   0.0187
  0.6326   0.2501   0.0215
  0.6333   0.2494   0.0243
  0.6341   0.2486   0.0272
  0.6348   0.2479   0.0300
  0.6356   0.2471   0.0329
  0.6364   0.2463   0.0357
  0.6371   0.2455   0.0386
  0.6379   0.2447   0.0415
  0.6386   0.2439   0.0444
  0.6394   0.2431   0.0473
  0.6402   0.2422   0.0502
  0.6409   0.2414   0.0531
  0.6417   0.2405   0.0561
  0.6424   0.2397   0.0591
  0.6432   0.2388   0.0621
  0.6439   0.2379   0.0651
  0.6447   0.2370   0.0681
  0.6447   0.2370   0.0681
  0.6454   0.2361   0.0713
  0.6461   0.2353   0.0743
  0.6469   0.2344   0.0772
  0.6476   0.2336   0.0801
  0.6483   0.2328   0.0829
  0.6491   0.2320   0.0856
  0.6498   0.2312   0.0882
  0.6506   0.2305   0.0907
  0.6513   0.2298   0.0931
  0.6520   0.2291   0.0954
  0.6528   0.2284   0.0977
  0.6535   0.2278   0.0998
  0.6543   0.2272   0.1019
  0.6550   0.2266   0.1038
  0.6558   0.2260   0.1057
  0.6565   0.2255   0.1075
  0.6573   0.2250   0.1092
  0.6581   0.2245   0.1108
  0.6588   0.2240   0.1123
  0.6596   0.2235   0.1137
  0.6604   0.2231   0.1150
  0.6611   0.2227   0.1162
  0.6619   0.2223   0.1174
  0.6627   0.2220   0.1184
  0.6635   0.2216   0.1193
  0.6643   0.2213   0.1202
  0.6651   0.2210   0.1209
  0.6659   0.2207   0.1215
  0.6667   0.2205   0.1221
  0.6675   0.2203   0.1225
  0.6683   0.2201   0.1229
  0.6691   0.2199   0.1231
  0.6700   0.2197   0.1233
  0.6708   0.2196   0.1234
  0.6716   0.2195   0.1233
  0.6725   0.2194   0.1232
  0.6733   0.2193   0.1230
  0.6742   0.2192   0.1227
  0.6750   0.2192   0.1223
  0.6759   0.2192   0.1218
  0.6767   0.2192   0.1213
  0.6776   0.2192   0.1206
  0.6785   0.2193   0.1198
  0.6794   0.2194   0.1190
  0.6803   0.2195   0.1181
  0.6811   0.2196   0.1171
  0.6820   0.2197   0.1160
  0.6830   0.2199   0.1148
  0.6839   0.2201   0.1135
  0.6848   0.2203   0.1122
  0.6857   0.2205   0.1108
  0.6866   0.2207   0.1093
  0.6876   0.2210   0.1077
  0.6885   0.2213   0.1060
  0.6894   0.2216   0.1043
  0.6904   0.2219   0.1025
  0.6914   0.2223   0.1006
  0.6923   0.2227   0.0987
  0.6933   0.2231   0.0967
  0.6943   0.2235   0.0946
  0.6952   0.2239   0.0925
  0.6962   0.2244   0.0903
  0.6972   0.2248   0.0880
  0.6982   0.2253   0.0857
  0.6992   0.2259   0.0833
  0.7002   0.2264   0.0809
  0.7013   0.2270   0.0784
  0.7023   0.2276   0.0758
  0.7033   0.2282   0.0732
  0.7044   0.2288   0.0706
  0.7054   0.2295   0.0679
  0.7065   0.2301   0.0652
  0.7075   0.2308   0.0624
  0.7086   0.2316   0.0596
  0.7096   0.2323   0.0568
  0.7107   0.2331   0.0539
  0.7118   0.2339   0.0509
  0.7129   0.2347   0.0480
  0.7140   0.2355   0.0450
  0.7140   0.2355   0.0450
  0.7151   0.2364   0.0420
  0.7162   0.2372   0.0390
  0.7173   0.2381   0.0360
  0.7184   0.2389   0.0330
  0.7195   0.2397   0.0301
  0.7206   0.2405   0.0271
  0.7217   0.2413   0.0242
  0.7228   0.2420   0.0212
  0.7239   0.2428   0.0183
  0.7250   0.2436   0.0153
  0.7261   0.2443   0.0124
  0.7271   0.2450   0.0094
  0.7282   0.2457   0.0065
  0.7293   0.2465   0.0036
  0.7304   0.2472   0.0006
  0.7315   0.2479  -0.0023
  0.7326   0.2485  -0.0052
  0.7337   0.2492  -0.0082
  0.7348   0.2499  -0.0111
  0.7359   0.2505  -0.0140
  0.7370   0.2512  -0.0169
  0.7381   0.2518  -0.0198
  0.7392   0.2524  -0.0227
  0.7403   0.2530  -0.0256
  0.7414   0.2536  -0.0285
  0.7424   0.2542  -0.0313
  0.7435   0.2548  -0.0342
  0.7446   0.2554  -0.0371
  0.7457   0.2560  -0.0399
  0.7468   0.2565  -0.0427
  0.7479   0.2571  -0.0456
  0.7489   0.2576  -0.0484
  0.7500   0.2582  -0.0512
  0.7511   0.2587  -0.0540
  0.7522   0.2592  -0.0568
  0.7533   0.2597  -0.0596
  0.7543   0.2602  -0.0623
  0.7554   0.2607  -0.0651
  0.7565   0.2612  -0.0678
  0.7576   0.2617  -0.0705
  0.7586   0.2622  -0.0733
  0.7597   0.2626  -0.0760
  0.7608   0.2631  -0.0787
  0.7618   0.2635  -0.0814
  0.7629   0.2640  -0.0840
  0.7640   0.2644  -0.0867
  0.7650   0.2648  -0.0894
  0.7661   0.2652  -0.0920
  0.7671   0.2656  -0.0947
  0.7682   0.2660  -0.0973
  0.7692   0.2664  -0.0999
  0.7703   0.2667  -0.1025
  0.7714   0.2671  -0.1051
  0.7724   0.2674  -0.1077
  0.7735   0.2678  -0.1103
  0.7745   0.2681  -0.1129
  0.7756   0.2684  -0.1154
  0.7766   0.2687  -0.1180
  0.7777   0.2690  -0.1205
  0.7787   0.2693  -0.1231
  0.7798   0.2696  -0.1256
  0.7808   0.2699  -0.1281
  0.7819   0.2701  -0.1306
  0.7829   0.2704  -0.1331
  0.7839   0.2706  -0.1356
  0.7850   0.2708  -0.1381
  0.7860   0.2710  -0.1406
  0.7871   0.2713  -0.1431
  0.7881   0.2714  -0.1456
  0.7891   0.2716  -0.1480
  0.7902   0.2718  -0.1505
  0.7912   0.2720  -0.1530
  0.7923   0.2721  -0.1554
  0.7933   0.2723  -0.1579
  0.7943   0.2724  -0.1603
  0.7954   0.2725  -0.1627
  0.7964   0.2726  -0.1652
  0.7974   0.2727  -0.1676
  0.7985   0.2728  -0.1701
  0.7995   0.2729  -0.1725
  0.8005   0.2730  -0.1749
  0.8016   0.2730  -0.1774
  0.8026   0.2731  -0.1798
  0.8036   0.2731  -0.1823
  0.8047   0.2731  -0.1847
  0.8057   0.2731  -0.1871
  0.8068   0.2731  -0.1896
  0.8078   0.2731  -0.1920
  0.8088   0.2731  -0.1945
  0.8099   0.2731  -0.1970
  0.8109   0.2730  -0.1994
  0.8119   0.2730  -0.2019
  0.8119   0.2730  -0.2019
  0.8130   0.2729  -0.2045
  0.8140   0.2728  -0.2070
  0.8150   0.2727  -0.2095
  0.8161   0.2727  -0.2120
  0.8171   0.2726  -0.2144
  0.8182   0.2726  -0.2167
  0.8192   0.2726  -0.2190
  0.8202   0.2726  -0.2212
  0.8213   0.2725  -0.2234
  0.8223   0.2725  -0.2255
  0.8234   0.2725  -0.2276
  0.8245   0.2726  -0.2296
  0.8255   0.2726  -0.2315
  0.8266   0.2726  -0.2334
  0.8276   0.2727  -0.2352
  0.8287   0.2727  -0.2370
  0.8298   0.2728  -0.2387
  0.8308   0.2728  -0.2404
  0.8319   0.2729  -0.2419
  0.8330   0.2730  -0.2435
  0.8340   0.2731  -0.2449
  0.8351   0.2731  -0.2463
  0.8362   0.2732  -0.2476
  0.8373   0.2734  -0.2489
  0.8384   0.2735  -0.2501
  0.8395   0.2736  -0.2513
  0.8405   0.2737  -0.2523
  0.8416   0.2739  -0.2533
  0.8427   0.2740  -0.2543
  0.8438   0.2742  -0.2552
  0.8449   0.2743  -0.2560
  0.8460   0.2745  -0.2567
  0.8471   0.2747  -0.2574
  0.8482   0.2749  -0.2580
  0.8493   0.2751  -0.2585
  0.8504   0.2753  -0.2590
  0.8516   0.2755  -0.2594
  0.8527   0.2757  -0.2597
  0.8538   0.2759  -0.2600
  0.8549   0.2761  -0.2602
  0.8560   0.2764  -0.2603
  0.8572   0.2766  -0.2603
  0.8583   0.2769  -0.2603
  0.8594   0.2771  -0.2602
  0.8605   0.2774  -0.2600
  0.8617   0.2776  -0.2598
  0.8628   0.2779  -0.2594
  0.8640   0.2782  -0.2590
  0.8651   0.2785  -0.2586
  0.8662   0.2788  -0.2580
  0.8674   0.2791  -0.2574
  0.8685   0.2794  -0.2567
  0.8697   0.2797  -0.2559
  0.8708   0.2800  -0.2550
  0.8720   0.2804  -0.2541
  0.8732   0.2807  -0.2531
  0.8743   0.2811  -0.2520
  0.8755   0.2814  -0.2508
  0.8767   0.2818  -0.2495
  0.8778   0.2821  -0.2482
  0.8790   0.2825  -0.2468
  0.8802   0.2829  -0.2453
  0.8814   0.2832  -0.2437
  0.8825   0.2836  -0.2420
  0.8837   0.2840  -0.2403
  0.8849   0.2844  -0.2384
  0.8861   0.2848  -0.2365
  0.8873   0.2852  -0.2345
  0.8885   0.2857  -0.2324
  0.8897   0.2861  -0.2302
  0.8909   0.2865  -0.2279
  0.8921   0.2870  -0.2255
  0.8933   0.2874  -0.2231
  0.8945   0.2879  -0.2205
  0.8957   0.2883  -0.2179
  0.8969   0.2888  -0.2152
  0.8981   0.2892  -0.2124
  0.8993   0.2897  -0.2095
  0.9005   0.2902  -0.2065
  0.9005   0.2902  -0.2065
  0.9018   0.2907  -0.2034
  0.9030   0.2911  -0.2003
  0.9042   0.2916  -0.1972
  0.9054   0.2920  -0.1941
  0.9066   0.2925  -0.1910
  0.9078   0.2929  -0.1879
  0.9090   0.2933  -0.1848
  0.9103   0.2937  -0.1817
  0.9115   0.2940  -0.1786
  0.9127   0.2944  -0.1755
  0.9139   0.2948  -0.1723
  0.9151   0.2951  -0.1692
  0.9163   0.2955  -0.1660
  0.9175   0.2958  -0.1628
  0.9187   0.2961  -0.1596
  0.9199   0.2965  -0.1564
  0.9211   0.2968  -0.1531
  0.9222   0.2971  -0.1499
  0.9234   0.2974  -0.1466
  0.9246   0.2977  -0.1433
  0.9258   0.2979  -0.1400
  0.9270   0.2982  -0.1367
  0.9282   0.2985  -0.1334
  0.9294   0.2987  -0.1301
  0.9306   0.2990  -0.1268
  0.9318   0.2992  -0.1234
  0.9330   0.2994  -0.1201
  0.9342   0.2996  -0.1167
  0.9354   0.2999  -0.1134
  0.9366   0.3001  -0.1100
  0.9377   0.3002  -0.1066
  0.9389   0.3004  -0.1033
  0.9401   0.3006  -0.0999
  0.9413   0.3008  -0.0965
  0.9425   0.3009  -0.0931
  0.9437   0.3011  -0.0898
  0.9449   0.3012  -0.0864
  0.9461   0.3013  -0.0830
  0.9473   0.3014  -0.0796
  0.9485   0.3015  -0.0762
  0.9497   0.3016  -0.0729
  0.9509   0.3017  -0.0695
  0.9520   0.3018  -0.0661
  0.9532   0.3019  -0.0628
  0.9544   0.3019  -0.0594
  0.9556   0.3020  -0.0561
  0.9568   0.3020  -0.0527
  0.9580   0.3020  -0.0494
  0.9592   0.3021  -0.0460
  0.9604   0.3021  -0.0427
  0.9616   0.3021  -0.0394
  0.9628   0.3021  -0.0361
  0.9640   0.3020  -0.0328
  0.9652   0.3020  -0.0295
  0.9664   0.3020  -0.0262
  0.9676   0.3019  -0.0229
  0.9688   0.3019  -0.0196
  0.9700   0.3018  -0.0164
  0.9712   0.3017  -0.0131
  0.9724   0.3016  -0.0098
  0.9736   0.3015  -0.0066
  0.9748   0.3014  -0.0034
  0.9760   0.3013  -0.0002
  0.9772   0.3012   0.0031
  0.9784   0.3010   0.0063
  0.9796   0.3009   0.0095
  0.9808   0.3007   0.0126
  0.9820   0.3006   0.0158
  0.9832   0.3004   0.0190
  0.9844   0.3002   0.0221
  0.9857   0.3000   0.0253
  0.9869   0.2998   0.0284
  0.9881   0.2996   0.0316
  0.9893   0.2994   0.0347
  0.9905   0.2991   0.0378
  0.9917   0.2989   0.0409
  0.9929   0.2986   0.0440
  0.9941   0.2983   0.0471
  0.9953   0.2981   0.0502
  0.9966   0.2978   0.0532
  0.9978   0.2975   0.0563
  0.9990   0.2972   0.0593
  1.0002   0.2968   0.0624
  1.0014   0.2965   0.0654
  1.0026   0.2962   0.0684
  1.0039   0.2958   0.0714
  1.0051   0.2955   0.0745
  1.0063   0.2951   0.0775
  1.0075   0.2947   0.0804
  1.0087   0.2943   0.0834
  1.0100   0.2940   0.0864
  1.0112   0.2935   0.0894
  1.0124   0.2931   0.0924
  1.0136   0.2927   0.0953
  1.0149   0.2923   0.0983
  1.0161   0.2918   0.1012
  1.0173   0.2914   0.1041
  1.0185   0.2909   0.1071
  1.0198   0.2904   0.1100
  1.0210   0.2899   0.1129
  1.0222   0.2894   0.1158
  1.0234   0.2889   0.1188
  1.0247   0.2884   0.1217
  1.0259   0.2879   0.1246
  1.0271   0.2874   0.1275
  1.0284   0.2868   0.1304
  1.0296   0.2863   0.1332
  1.0308   0.2857   0.1361
  1.0321   0.2851   0.1390
  1.0333   0.2846   0.1419
  1.0345   0.2840   0.1448
  1.0358   0.2834   0.1476
  1.0370   0.2828   0.1505
  1.0382   0.2822   0.1534
  1.0395   0.2815   0.1563
  1.0407   0.2809   0.1591
  1.0419   0.2802   0.1620
  1.0432   0.2796   0.1649
  1.0444   0.2789   0.1678
  1.0456   0.2782   0.1708
  1.0468   0.2775   0.1738
  1.0480   0.2768   0.1768
  1.0493   0.2760   0.1798
  1.0493   0.2760   0.1798
  1.0505   0.2753   0.1828
  1.0517   0.2746   0.1857
  1.0529   0.2739   0.1885
  1.0541   0.2732   0.1911
  1.0553   0.2725   0.1935
  1.0566   0.2718   0.1958
  1.0578   0.2712   0.1980
  1.0590   0.2705   0.2001
  1.0602   0.2699   0.2020
  1.0614   0.2693   0.2038
  1.0627   0.2687   0.2054
  1.0639   0.2681   0.2070
  1.0651   0.2676   0.2084
  1.0663   0.2670   0.2097
  1.0675   0.2665   0.2109
  1.0688   0.2660   0.2119
  1.0700   0.2655   0.2129
  1.0712   0.2650   0.2137
  1.0724   0.2646   0.2144
  1.0736   0.2641   0.2150
  1.0748   0.2637   0.2155
  1.0761   0.2633   0.2159
  1.0773   0.2629   0.2162
  1.0785   0.2625   0.2164
  1.0797   0.2622   0.2165
  1.0809   0.2619   0.2165
  1.0821   0.2615   0.2164
  1.0833   0.2612   0.2162
  1.0845   0.2610   0.2159
  1.0857   0.2607   0.2156
  1.0869   0.2605   0.2151
  1.0881   0.2602   0.2145
  1.0893   0.2600   0.2139
  1.0905   0.2599   0.2132
  1.0917   0.2597   0.2124
  1.0929   0.2595   0.2115
  1.0941   0.2594   0.2105
  1.0953   0.2593   0.2095
  1.0965   0.2592   0.2083
  1.0977   0.2592   0.2072
  1.0989   0.2591   0.2059
  1.1000   0.2591   0.2046
  1.1012   0.2591   0.2031
  1.1024   0.2591   0.2017
  1.1036   0.2591   0.2001
  1.1048   0.2592   0.1985
  1.1059   0.2592   0.1969
  1.1071   0.2593   0.1951
  1.1083   0.2594   0.1933
  1.1094   0.2596   0.1915
  1.1106   0.2597   0.1896
  1.1118   0.2599   0.1876
  1.1129   0.2601   0.1856
  1.1141   0.2603   0.1835
  1.1153   0.2606   0.1814
  1.1164   0.2608   0.1792
  1.1176   0.2611   0.1769
  1.1187   0.2614   0.1746
  1.1199   0.2617   0.1723
  1.1210   0.2620   0.1699
  1.1222   0.2624   0.1675
  1.1233   0.2628   0.1650
  1.1245   0.2632   0.1624
  1.1256   0.2636   0.1598
  1.1268   0.2640   0.1572
  1.1279   0.2645   0.1545
  1.1291   0.2650   0.1518
  1.1302   0.2655   0.1490
  1.1314   0.2660   0.1462
  1.1325   0.2665   0.1433
  1.1337   0.2671   0.1404
  1.1348   0.2677   0.1375
  1.1359   0.2683   0.1345
  1.1371   0.2689   0.1315
  1.1382   0.2696   0.1284
  1.1394   0.2702   0.1253
  1.1405   0.2709   0.1221
  1.1417   0.2716   0.1189
  1.1428   0.2723   0.1157
  1.1428   0.2723   0.1157
  1.1440   0.2731   0.1124
  1.1451   0.2738   0.1093
  1.1462   0.2745   0.1062
  1.1473   0.2752   0.1032
  1.1485   0.2759   0.1002
  1.1496   0.2766   0.0973
  1.1507   0.2773   0.0945
  1.1518   0.2779   0.0916
  1.1529   0.2786   0.0888
  1.1540   0.2792   0.0861
  1.1551   0.2799   0.0833
  1.1562   0.2805   0.0806
  1.1573   0.2811   0.0779
  1.1585   0.2817   0.0753
  1.1596   0.2823   0.0726
  1.1607   0.2829   0.0700
  1.1618   0.2835   0.0674
  1.1629   0.2841   0.0648
  1.1640   0.2847   0.0622
  1.1651   0.2852   0.0596
  1.1662   0.2858   0.0571
  1.1673   0.2863   0.0545
  1.1684   0.2869   0.0519
  1.1694   0.2874   0.0494
  1.1705   0.2879   0.0469
  1.1716   0.2884   0.0443
  1.1727   0.2889   0.0418
  1.1738   0.2894   0.0393
  1.1749   0.2899   0.0367
  1.1760   0.2904   0.0342
  1.1771   0.2908   0.0317
  1.1782   0.2913   0.0292
  1.1793   0.2917   0.0266
  1.1804   0.2921   0.0241
  1.1814   0.2926   0.0215
  1.1825   0.2930   0.0190
  1.1836   0.2934   0.0164
  1.1847   0.2938   0.0139
  1.1858   0.2941   0.0113
  1.1869   0.2945   0.0087
  1.1879   0.2949   0.0061
  1.1890   0.2952   0.0035
  1.1901   0.2955   0.0009
  1.1912   0.2959  -0.0017
  1.1923   0.2962  -0.0043
  1.1934   0.2965  -0.0070
  1.1945   0.2968  -0.0096
  1.1955   0.2971  -0.0123
  1.1966   0.2973  -0.0150
  1.1977   0.2976  -0.0177
  1.1988   0.2979  -0.0204
  1.1999   0.2981  -0.0231
  1.2010   0.2983  -0.0258
  1.2020   0.2986  -0.0286
  1.2031   0.2988  -0.0313
  1.2042   0.2990  -0.0341
  1.2053   0.2992  -0.0369
  1.2064   0.2993  -0.0397
  1.2075   0.2995  -0.0425
  1.2086   0.2997  -0.0454
  1.2097   0.2998  -0.0482
  1.2107   0.3000  -0.0511
  1.2118   0.3001  -0.0540
  1.2129   0.3002  -0.0568
  1.2140   0.3003  -0.0598
  1.2151   0.3004  -0.0627
  1.2162   0.3005  -0.0656
  1.2173   0.3006  -0.0686
  1.2184   0.3006  -0.0715
  1.2195   0.3007  -0.0745
  1.2206   0.3007  -0.0775
  1.2217   0.3008  -0.0805
  1.2228   0.3008  -0.0835
  1.2239   0.3008  -0.0866
  1.2250   0.3008  -0.0896
  1.2261   0.3008  -0.0927
  1.2272   0.3008  -0.0957
  1.2283   0.3008  -0.0988
  1.2294   0.3008  -0.1019
  1.2305   0.3007  -0.1050
  1.2316   0.3007  -0.1082
  1.2327   0.3006  -0.1113
  1.2338   0.3005  -0.1145
  1.2350   0.3005  -0.1176
  1.2361   0.3004  -0.1208
  1.2372   0.3003  -0.1240
  1.2383   0.3002  -0.1272
  1.2394   0.3000  -0.1304
  1.2405   0.2999  -0.1336
  1.2417   0.2998  -0.1368
  1.2428   0.2996  -0.1401
  1.2439   0.2995  -0.1433
  1.2450   0.2993  -0.1466
  1.2461   0.2991  -0.1498
  1.2473   0.2989  -0.1531
  1.2484   0.2987  -0.1563
  1.2495   0.2985  -0.1596
  1.2506   0.2983  -0.1629
  1.2518   0.2981  -0.1662
  1.2529   0.2978  -0.1695
  1.2540   0.2976  -0.1728
  1.2551   0.2973  -0.1761
  1.2563   0.2971  -0.1794
  1.2574   0.2968  -0.1826
  1.2585   0.2965  -0.1859
  1.2596   0.2962  -0.1892
  1.2608   0.2959  -0.1925
  1.2619   0.2956  -0.1958
  1.2630   0.2953  -0.1991
  1.2641   0.2949  -0.2023
  1.2653   0.2946  -0.2056
  1.2664   0.2942  -0.2088
  1.2675   0.2938  -0.2121
  1.2686   0.2935  -0.2153
  1.2698   0.2931  -0.2186
  1.2709   0.2927  -0.2218
  1.2720   0.2923  -0.2250
  1.2731   0.2918  -0.2283
  1.2731   0.2918  -0.2283
  1.2742   0.2914  -0.2316
  1.2754   0.2910  -0.2348
  1.2765   0.2905  -0.2379
  1.2776   0.2901  -0.2410
  1.2787   0.2897  -0.2441
  1.2798   0.2893  -0.2470
  1.2809   0.2890  -0.2500
  1.2820   0.2886  -0.2528
  1.2831   0.2882  -0.2556
  1.2842   0.2879  -0.2583
  1.2853   0.2876  -0.2610
  1.2864   0.2873  -0.2635
  1.2875   0.2869  -0.2661
  1.2886   0.2866  -0.2685
  1.2897   0.2864  -0.2709
  1.2908   0.2861  -0.2733
  1.2919   0.2858  -0.2755
  1.2930   0.2856  -0.2777
  1.2941   0.2853  -0.2799
  1.2952   0.2851  -0.2819
  1.2962   0.2849  -0.2839
  1.2973   0.2847  -0.2859
  1.2984   0.2845  -0.2877
  1.2995   0.2843  -0.2895
  1.3006   0.2841  -0.2913
  1.3016   0.2839  -0.2929
  1.3027   0.2838  -0.2945
  1.3038   0.2836  -0.2960
  1.3048   0.2835  -0.2975
  1.3059   0.2834  -0.2988
  1.3070   0.2833  -0.3001
  1.3080   0.2832  -0.3014
  1.3091   0.2831  -0.3025
  1.3102   0.2830  -0.3036
  1.3112   0.2829  -0.3046
  1.3123   0.2829  -0.3056
  1.3134   0.2828  -0.3064
  1.3144   0.2828  -0.3072
  1.3155   0.2828  -0.3079
  1.3165   0.2827  -0.3085
  1.3176   0.2827  -0.3091
  1.3187   0.2827  -0.3095
  1.3197   0.2828  -0.3099
  1.3208   0.2828  -0.3102
  1.3218   0.2828  -0.3104
  1.3229   0.2829  -0.3106
  1.3239   0.2829  -0.3106
  1.3250   0.2830  -0.3106
  1.3260   0.2831  -0.3105
  1.3271   0.2832  -0.3103
  1.3281   0.2833  -0.3100
  1.3292   0.2834  -0.3096
  1.3302   0.2835  -0.3092
  1.3313   0.2837  -0.3086
  1.3323   0.2838  -0.3080
  1.3333   0.2840  -0.3072
  1.3344   0.2842  -0.3064
  1.3354   0.2843  -0.3055
  1.3365   0.2845  -0.3045
  1.3375   0.2847  -0.3034
  1.3385   0.2850  -0.3022
  1.3396   0.2852  -0.3009
  1.3406   0.2854  -0.2995
  1.3417   0.2857  -0.2980
  1.3427   0.2859  -0.2964
  1.3437   0.2862  -0.2947
  1.3448   0.2865  -0.2929
  1.3458   0.2868  -0.2910
  1.3468   0.2871  -0.2890
  1.3479   0.2874  -0.2869
  1.3489   0.2877  -0.2847
  1.3499   0.2881  -0.2823
  1.3510   0.2884  -0.2799
  1.3520   0.2888  -0.2774
  1.3530   0.2891  -0.2747
  1.3540   0.2895  -0.2720
  1.3551   0.2899  -0.2691
  1.3561   0.2903  -0.2661
  1.3571   0.2907  -0.2630
  1.3571   0.2907  -0.2630
  1.3581   0.2911  -0.2598
  1.3592   0.2915  -0.2566
  1.3602   0.2919  -0.2533
  1.3612   0.2923  -0.2501
  1.3622   0.2927  -0.2469
  1.3632   0.2930  -0.2436
  1.3642   0.2934  -0.2404
  1.3653   0.2937  -0.2371
  1.3663   0.2941  -0.2338
  1.3673   0.2944  -0.2305
  1.3683   0.2947  -0.2271
  1.3693   0.2950  -0.2238
  1.3703   0.2953  -0.2204
  1.3713   0.2956  -0.2171
  1.3723   0.2959  -0.2137
  1.3733   0.2961  -0.2103
  1.3743   0.2964  -0.2069
  1.3753   0.2966  -0.2035
  1.3763   0.2969  -0.2000
  1.3774   0.2971  -0.1966
  1.3784   0.2973  -0.1932
  1.3794   0.2975  -0.1897
  1.3804   0.2977  -0.1863
  1.3814   0.2979  -0.1828
  1.3824   0.2981  -0.1794
  1.3834   0.2983  -0.1759
  1.3844   0.2984  -0.1725
  1.3854   0.2986  -0.1690
  1.3864   0.2987  -0.1656
  1.3874   0.2989  -0.1621
  1.3884   0.2990  -0.1587
  1.3894   0.2991  -0.1552
  1.3904   0.2992  -0.1518
  1.3914   0.2993  -0.1484
  1.3924   0.2994  -0.1449
  1.3934   0.2994  -0.1415
  1.3944   0.2995  -0.1381
  1.3954   0.2996  -0.1346
  1.3964   0.2996  -0.1312
  1.3975   0.2996  -0.1278
  1.3985   0.2997  -0.1244
  1.3995   0.2997  -0.1210
  1.4005   0.2997  -0.1176
  1.4015   0.2997  -0.1142
  1.4025   0.2997  -0.1108
  1.4035   0.2996  -0.1075
  1.4045   0.2996  -0.1041
  1.4055   0.2996  -0.1007
  1.4065   0.2995  -0.0974
  1.4075   0.2994  -0.0940
  1.4086   0.2994  -0.0907
  1.4096   0.2993  -0.0874
  1.4106   0.2992  -0.0841
  1.4116   0.2991  -0.0807
  1.4126   0.2990  -0.0774
  1.4136   0.2988  -0.0741
  1.4146   0.2987  -0.0709
  1.4157   0.2986  -0.0676
  1.4167   0.2984  -0.0643
  1.4177   0.2982  -0.0610
  1.4187   0.2981  -0.0578
  1.4197   0.2979  -0.0545
  1.4207   0.2977  -0.0513
  1.4218   0.2975  -0.0481
  1.4228   0.2973  -0.0448
  1.4238   0.2971  -0.0416
  1.4248   0.2968  -0.0384
  1.4258   0.2966  -0.0352
  1.4269   0.2963  -0.0320
  1.4279   0.2961  -0.0288
  1.4289   0.2958  -0.0257
  1.4299   0.2955  -0.0225
  1.4309   0.2952  -0.0193
  1.4320   0.2949  -0.0162
  1.4330   0.2946  -0.0130
  1.4340   0.2943  -0.0099
  1.4350   0.2940  -0.0068
  1.4361   0.2936  -0.0036
  1.4371   0.2933  -0.0005
  1.4381   0.2929   0.0026
  1.4391   0.2925   0.0057
  1.4402   0.2922   0.0088
  1.4412   0.2918   0.0119
  1.4422   0.2914   0.0150
  1.4433   0.2910   0.0181
  1.4443   0.2905   0.0211
  1.4453   0.2901   0.0242
  1.4463   0.2897   0.0273
  1.4474   0.2892   0.0303
  1.4484   0.2888   0.0334
  1.4494   0.2883   0.0364
  1.4505   0.2878   0.0395
  1.4515   0.2873   0.0425
  1.4525   0.2868   0.0456
  1.4535   0.2863   0.0486
  1.4546   0.2858   0.0517
  1.4556   0.2853   0.0547
  1.4566   0.2847   0.0577
  1.4577   0.2842   0.0608
  1.4587   0.2836   0.0638
  1.4597   0.2830   0.0668
  1.4607   0.2825   0.0699
  1.4618   0.2819   0.0729
  1.4628   0.2813   0.0759
  1.4638   0.2807   0.0790
  1.4649   0.2800   0.0820
  1.4659   0.2794   0.0851
  1.4669   0.2788   0.0881
  1.4679   0.2781   0.0912
  1.4690   0.2775   0.0942
  1.4700   0.2768   0.0973
  1.4710   0.2761   0.1004
  1.4720   0.2754   0.1034
  1.4731   0.2748   0.1065
  1.4741   0.2740   0.1096
  1.4751   0.2733   0.1127
  1.4761   0.2726   0.1159
  1.4772   0.2719   0.1190
  1.4782   0.2711   0.1222
  1.4792   0.2704   0.1253
  1.4792   0.2704   0.1253
  1.4802   0.2696   0.1285
  1.4812   0.2688   0.1316
  1.4823   0.2681   0.1345
  1.4833   0.2674   0.1374
  1.4843   0.2667   0.1400
  1.4853   0.2660   0.1426
  1.4863   0.2653   0.1450
  1.4874   0.2647   0.1474
  1.4884   0.2640   0.1496
  1.4894   0.2634   0.1517
  1.4905   0.2628   0.1536
  1.4915   0.2623   0.1555
  1.4925   0.2617   0.1572
  1.4935   0.2612   0.1588
  1.4946   0.2607   0.1604
  1.4956   0.2602   0.1618
  1.4967   0.2597   0.1631
  1.4977   0.2592   0.1643
  1.4987   0.2588   0.1654
  1.4998   0.2584   0.1664
  1.5008   0.2580   0.1673
  1.5019   0.2576   0.1681
  1.5029   0.2572   0.1688
  1.5039   0.2569   0.1694
  1.5050   0.2566   0.1699
  1.5060   0.2563   0.1703
  1.5071   0.2560   0.1707
  1.5081   0.2557   0.1709
  1.5092   0.2555   0.1710
  1.5102   0.2552   0.1711
  1.5113   0.2550   0.1711
  1.5123   0.2549   0.1710
  1.5134   0.2547   0.1708
  1.5145   0.2545   0.1705
  1.5155   0.2544   0.1702
  1.5166   0.2543   0.1697
  1.5176   0.2542   0.1692
  1.5187   0.2542   0.1686
  1.5197   0.2541   0.1680
  1.5208   0.2541   0.1672
  1.5219   0.2541   0.1664
  1.5229   0.2541   0.1656
  1.5240   0.2541   0.1646
  1.5251   0.2542   0.1636
  1.5261   0.2543   0.1625
  1.5272   0.2544   0.1614
  1.5283   0.2545   0.1602
  1.5293   0.2546   0.1589
  1.5304   0.2548   0.1576
  1.5315   0.2550   0.1562
  1.5325   0.2552   0.1547
  1.5336   0.2554   0.1532
  1.5347   0.2556   0.1516
  1.5358   0.2559   0.1500
  1.5368   0.2561   0.1483
  1.5379   0.2564   0.1466
  1.5390   0.2568   0.1448
  1.5401   0.2571   0.1430
  1.5412   0.2575   0.1411
  1.5422   0.2579   0.1391
  1.5433   0.2583   0.1371
  1.5444   0.2587   0.1351
  1.5455   0.2591   0.1330
  1.5466   0.2596   0.1309
  1.5477   0.2601   0.1287
  1.5488   0.2606   0.1264
  1.5499   0.2611   0.1241
  1.5510   0.2616   0.1218
  1.5521   0.2622   0.1194
  1.5532   0.2628   0.1170
  1.5543   0.2634   0.1145
  1.5554   0.2640   0.1120
  1.5565   0.2647   0.1094
  1.5577   0.2653   0.1068
  1.5588   0.2660   0.1042
  1.5599   0.2667   0.1015
  1.5610   0.2674   0.0988
  1.5622   0.2682   0.0960
  1.5633   0.2689   0.0933
  1.5633   0.2689   0.0933
  1.5644   0.2697   0.0904
  1.5656   0.2705   0.0877
  1.5667   0.2712   0.0851
  1.5678   0.2720   0.0826
  1.5689   0.2727   0.0801
  1.5700   0.2735   0.0778
  1.5711   0.2742   0.0755
  1.5722   0.2749   0.0732
  1.5733   0.2756   0.0710
  1.5744   0.2763   0.0689
  1.5755   0.2770   0.0667
  1.5766   0.2776   0.0647
  1.5777   0.2783   0.0626
  1.5788   0.2790   0.0606
  1.5799   0.2796   0.0586
  1.5810   0.2803   0.0567
  1.5821   0.2809   0.0547
  1.5832   0.2815   0.0528
  1.5842   0.2821   0.0509
  1.5853   0.2827   0.0490
  1.5864   0.2833   0.0471
  1.5875   0.2839   0.0452
  1.5885   0.2844   0.0433
  1.5896   0.2850   0.0414
  1.5907   0.2855   0.0396
  1.5918   0.2861   0.0377
  1.5928   0.2866   0.0358
  1.5939   0.2871   0.0339
  1.5950   0.2876   0.0320
  1.5960   0.2881   0.0301
  1.5971   0.2886   0.0282
  1.5982   0.2891   0.0263
  1.5992   0.2895   0.0244
  1.6003   0.2900   0.0224
  1.6014   0.2904   0.0204
  1.6024   0.2908   0.0185
  1.6035   0.2913   0.0165
  1.6045   0.2917   0.0145
  1.6056   0.2921   0.0124
  1.6067   0.2924   0.0104
  1.6077   0.2928   0.0083
  1.6088   0.2932   0.0062
  1.6098   0.2935   0.0041
  1.6109   0.2939   0.0020
  1.6120   0.2942  -0.0001
  1.6130   0.2945  -0.0023
  1.6141   0.2948  -0.0045
  1.6152   0.2951  -0.0067
  1.6162   0.2954  -0.0089
  1.6173   0.2957  -0.0112
  1.6183   0.2960  -0.0134
  1.6194   0.2962  -0.0157
  1.6205   0.2965  -0.0180
  1.6216   0.2967  -0.0204
  1.6226   0.2970  -0.0227
  1.6237   0.2972  -0.0251
  1.6248   0.2974  -0.0275
  1.6258   0.2976  -0.0300
  1.6269   0.2978  -0.0324
  1.6280   0.2980  -0.0349
  1.6291   0.2981  -0.0374
  1.6302   0.2983  -0.0399
  1.6312   0.2985  -0.0424
  1.6323   0.2986  -0.0450
  1.6334   0.2988  -0.0475
  1.6345   0.2989  -0.0501
  1.6356   0.2990  -0.0527
  1.6367   0.2991  -0.0554
  1.6378   0.2992  -0.0580
  1.6389   0.2993  -0.0607
  1.6400   0.2994  -0.0634
  1.6411   0.2995  -0.0661
  1.6422   0.2995  -0.0688
  1.6433   0.2996  -0.0716
  1.6444   0.2996  -0.0743
  1.6455   0.2997  -0.0771
  1.6466   0.2997  -0.0799
  1.6477   0.2997  -0.0827
  1.6488   0.2997  -0.0855
  1.6499   0.2997  -0.0884
  1.6510   0.2997  -0.0913
  1.6521   0.2997  -0.0941
  1.6533   0.2997  -0.0970
  1.6544   0.2997  -0.0999
  1.6555   0.2996  -0.1029
  1.6566   0.2996  -0.1058
  1.6577   0.2995  -0.1088
  1.6588   0.2994  -0.1117
  1.6600   0.2994  -0.1147
  1.6611   0.2993  -0.1177
  1.6622   0.2992  -0.1207
  1.6633   0.2991  -0.1237
  1.6645   0.2990  -0.1267
  1.6656   0.2988  -0.1297
  1.6667   0.2987  -0.1328
  1.6678   0.2985  -0.1358
  1.6690   0.2984  -0.1388
  1.6701   0.2982  -0.1419
  1.6712   0.2980  -0.1449
  1.6723   0.2979  -0.1480
  1.6735   0.2977  -0.1511
  1.6746   0.2974  -0.1541
  1.6757   0.2972  -0.1572
  1.6769   0.2970  -0.1602
  1.6780   0.2968  -0.1633
  1.6791   0.2965  -0.1663
  1.6802   0.2963  -0.1693
  1.6814   0.2960  -0.1723
  1.6825   0.2957  -0.1753
  1.6836   0.2954  -0.1783
  1.6847   0.2951  -0.1813
  1.6859   0.2948  -0.1843
  1.6870   0.2945  -0.1872
  1.6881   0.2941  -0.1901
  1.6892   0.2938  -0.1930
  1.6903   0.2934  -0.1959
  1.6915   0.2930  -0.1988
  1.6926   0.2926  -0.2016
  1.6937   0.2922  -0.2045
  1.6937   0.2922  -0.2045
  1.6948   0.2918  -0.2073
  1.6959   0.2914  -0.2101
  1.6971   0.2910  -0.2128
  1.6982   0.2906  -0.2155
  1.6993   0.2902  -0.2182
  1.7004   0.2899  -0.2207
  1.7015   0.2895  -0.2233
  1.7026   0.2892  -0.2258
  1.7037   0.2888  -0.2282
  1.7048   0.2885  -0.2306
  1.7059   0.2882  -0.2329
  1.7070   0.2879  -0.2352
  1.7081   0.2876  -0.2374
  1.7092   0.2873  -0.2396
  1.7103   0.2871  -0.2417
  1.7114   0.2868  -0.2437
  1.7125   0.2865  -0.2458
  1.7136   0.2863  -0.2477
  1.7147   0.2861  -0.2496
  1.7158   0.2859  -0.2514
  1.7169   0.2857  -0.2532
  1.7180   0.2855  -0.2549
  1.7191   0.2853  -0.2566
  1.7202   0.2851  -0.2582
  1.7213   0.2849  -0.2597
  1.7224   0.2848  -0.2612
  1.7234   0.2846  -0.2626
  1.7245   0.2845  -0.2640
  1.7256   0.2844  -0.2653
  1.7267   0.2843  -0.2665
  1.7278   0.2842  -0.2677
  1.7289   0.2841  -0.2688
  1.7300   0.2840  -0.2698
  1.7310   0.2839  -0.2708
  1.7321   0.2838  -0.2717
  1.7332   0.2838  -0.2725
  1.7343   0.2837  -0.2733
  1.7354   0.2837  -0.2740
  1.7364   0.2837  -0.2747
  1.7375   0.2837  -0.2752
  1.7386   0.2837  -0.2757
  1.7397   0.2837  -0.2761
  1.7407   0.2837  -0.2765
  1.7418   0.2837  -0.2768
  1.7429   0.2838  -0.2770
  1.7440   0.2838  -0.2771
  1.7450   0.2839  -0.2771
  1.7461   0.2839  -0.2771
  1.7472   0.2840  -0.2770
  1.7482   0.2841  -0.2768
  1.7493   0.2842  -0.2765
  1.7504   0.2843  -0.2762
  1.7514   0.2844  -0.2757
  1.7525   0.2846  -0.2752
  1.7536   0.2847  -0.2746
  1.7547   0.2848  -0.2739
  1.7557   0.2850  -0.2732
  1.7568   0.2852  -0.2723
  1.7578   0.2854  -0.2714
  1.7589   0.2855  -0.2703
  1.7600   0.2857  -0.2692
  1.7610   0.2860  -0.2680
  1.7621   0.2862  -0.2667
  1.7632   0.2864  -0.2653
  1.7642   0.2866  -0.2637
  1.7653   0.2869  -0.2621
  1.7663   0.2872  -0.2605
  1.7674   0.2874  -0.2587
  1.7685   0.2877  -0.2568
  1.7695   0.2880  -0.2548
  1.7706   0.2883  -0.2527
  1.7716   0.2886  -0.2505
  1.7727   0.2889  -0.2481
  1.7737   0.2893  -0.2457
  1.7748   0.2896  -0.2432
  1.7758   0.2900  -0.2406
  1.7769   0.2903  -0.2378
  1.7779   0.2907  -0.2349
  1.7790   0.2911  -0.2320
  1.7790   0.2911  -0.2320
  1.7800   0.2915  -0.2289
  1.7811   0.2919  -0.2258
  1.7821   0.2923  -0.2227
  1.7832   0.2926  -0.2197
  1.7842   0.2930  -0.2166
  1.7852   0.2933  -0.2135
  1.7863   0.2936  -0.2105
  1.7873   0.2939  -0.2074
  1.7884   0.2942  -0.2043
  1.7894   0.2945  -0.2012
  1.7905   0.2948  -0.1981
  1.7915   0.2951  -0.1950
  1.7925   0.2954  -0.1919
  1.7936   0.2956  -0.1888
  1.7946   0.2959  -0.1857
  1.7957   0.2961  -0.1825
  1.7967   0.2963  -0.1794
  1.7977   0.2965  -0.1763
  1.7988   0.2968  -0.1731
  1.7998   0.2970  -0.1700
  1.8009   0.2971  -0.1668
  1.8019   0.2973  -0.1637
  1.8029   0.2975  -0.1605
  1.8040   0.2976  -0.1574
  1.8050   0.2978  -0.1542
  1.8060   0.2979  -0.1511
  1.8071   0.2981  -0.1479
  1.8081   0.2982  -0.1448
  1.8092   0.2983  -0.1416
  1.8102   0.2984  -0.1384
  1.8112   0.2985  -0.1353
  1.8123   0.2986  -0.1321
  1.8133   0.2986  -0.1289
  1.8143   0.2987  -0.1258
  1.8154   0.2988  -0.1226
  1.8164   0.2988  -0.1195
  1.8175   0.2988  -0.1163
  1.8185   0.2989  -0.1131
  1.8195   0.2989  -0.1100
  1.8206   0.2989  -0.1068
  1.8216   0.2989  -0.1037
  1.8227   0.2989  -0.1005
  1.8237   0.2988  -0.0974
  1.8247   0.2988  -0.0942
  1.8258   0.2988  -0.0911
  1.8268   0.2987  -0.0879
  1.8278   0.2986  -0.0848
  1.8289   0.2986  -0.0817
  1.8299   0.2985  -0.0785
  1.8310   0.2984  -0.0754
  1.8320   0.2983  -0.0723
  1.8330   0.2982  -0.0691
  1.8341   0.2980  -0.0660
  1.8351   0.2979  -0.0629
  1.8362   0.2978  -0.0598
  1.8372   0.2976  -0.0567
  1.8382   0.2975  -0.0536
  1.8393   0.2973  -0.0505
  1.8403   0.2971  -0.0474
  1.8414   0.2969  -0.0443
  1.8424   0.2967  -0.0412
  1.8434   0.2965  -0.0381
  1.8445   0.2963  -0.0350
  1.8455   0.2961  -0.0319
  1.8466   0.2958  -0.0288
  1.8476   0.2956  -0.0257
  1.8486   0.2953  -0.0227
  1.8497   0.2950  -0.0196
  1.8507   0.2948  -0.0165
  1.8518   0.2945  -0.0135
  1.8528   0.2942  -0.0104
  1.8538   0.2939  -0.0074
  1.8549   0.2935  -0.0043
  1.8559   0.2932  -0.0013
  1.8570   0.2929   0.0018
  1.8580   0.2925   0.0048
  1.8591   0.2922   0.0078
  1.8601   0.2918   0.0109
  1.8611   0.2914   0.0139
  1.8622   0.2910   0.0169
  1.8632   0.2906   0.0200
  1.8643   0.2902   0.0230
  1.8653   0.2898   0.0260
  1.8664   0.2894   0.0290
  1.8674   0.2890   0.0320
  1.8685   0.2885   0.0350
  1.8695   0.2881   0.0380
  1.8705   0.2876   0.0410
  1.8716   0.2871   0.0440
  1.8726   0.2866   0.0470
  1.8737   0.2861   0.0500
  1.8747   0.2856   0.0530
  1.8758   0.2851   0.0560
  1.8768   0.2846   0.0590
  1.8779   0.2841   0.0620
  1.8789   0.2835   0.0650
  1.8799   0.2830   0.0679
  1.8810   0.2824   0.0709
  1.8820   0.2818   0.0739
  1.8831   0.2813   0.0769
  1.8841   0.2807   0.0799
  1.8852   0.2801   0.0828
  1.8862   0.2794   0.0858
  1.8873   0.2788   0.0888
  1.8883   0.2782   0.0918
  1.8894   0.2775   0.0948
  1.8904   0.2769   0.0977
  1.8914   0.2762   0.1007
  1.8925   0.2756   0.1037
  1.8935   0.2749   0.1067
  1.8946   0.2742   0.1097
  1.8956   0.2735   0.1127
  1.8967   0.2728   0.1157
  1.8977   0.2721   0.1187
  1.8988   0.2713   0.1217
  1.8998   0.2706   0.1247
  1.9008   0.2698   0.1277
  1.9019   0.2691   0.1308
  1.9029   0.2683   0.1338
  1.9029   0.2683   0.1338
  1.9040   0.2675   0.1369
  1.9050   0.2667   0.1398
  1.9060   0.2660   0.1427
  1.9071   0.2652   0.1454
  1.9081   0.2645   0.1480
  1.9092   0.2638   0.1504
  1.9102   0.2632   0.1527
  1.9112   0.2625   0.1550
  1.9123   0.2619   0.1571
  1.9133   0.2612   0.1590
  1.9144   0.2606   0.1609
  1.9154   0.2601   0.1627
  1.9165   0.2595   0.1643
  1.9175   0.2590   0.1659
  1.9186   0.2584   0.1673
  1.9196   0.2579   0.1686
  1.9207   0.2575   0.1699
  1.9217   0.2570   0.1710
  1.9228   0.2566   0.1720
  1.9238   0.2561   0.1730
  1.9249   0.2557   0.1738
  1.9259   0.2554   0.1745
  1.9270   0.2550   0.1752
  1.9280   0.2546   0.1757
  1.9291   0.2543   0.1762
  1.9301   0.2540   0.1765
  1.9312   0.2537   0.1768
  1.9322   0.2535   0.1770
  1.9333   0.2532   0.1771
  1.9343   0.2530   0.1771
  1.9354   0.2528   0.1771
  1.9364   0.2526   0.1769
  1.9375   0.2525   0.1767
  1.9386   0.2523   0.1764
  1.9396   0.2522   0.1761
  1.9407   0.2521   0.1756
  1.9417   0.2520   0.1751
  1.9428   0.2520   0.1745
  1.9438   0.2519   0.1738
  1.9449   0.2519   0.1731
  1.9460   0.2519   0.1723
  1.9470   0.2519   0.1714
  1.9481   0.2520   0.1705
  1.9491   0.2520   0.1695
  1.9502   0.2521   0.1685
  1.9513   0.2522   0.1673
  1.9523   0.2524   0.1662
  1.9534   0.2525   0.1649
  1.9545   0.2527   0.1636
  1.9555   0.2528   0.1622
  1.9566   0.2531   0.1608
  1.9576   0.2533   0.1593
  1.9587   0.2535   0.1578
  1.9598   0.2538   0.1561
  1.9609   0.2541   0.1545
  1.9619   0.2544   0.1528
  1.9630   0.2547   0.1510
  1.9641   0.2551   0.1492
  1.9652   0.2554   0.1473
  1.9662   0.2558   0.1454
  1.9673   0.2562   0.1434
  1.9684   0.2567   0.1413
  1.9695   0.2571   0.1393
  1.9706   0.2576   0.1371
  1.9717   0.2581   0.1349
  1.9727   0.2586   0.1327
  1.9738   0.2591   0.1304
  1.9749   0.2597   0.1281
  1.9760   0.2602   0.1257
  1.9771   0.2608   0.1233
  1.9782   0.2614   0.1208
  1.9794   0.2621   0.1183
  1.9805   0.2627   0.1157
  1.9816   0.2634   0.1131
  1.9827   0.2641   0.1104
  1.9838   0.2648   0.1077
  1.9849   0.2655   0.1049
  1.9861   0.2662   0.1021
  1.9872   0.2670   0.0993
  1.9872   0.2670   0.0993
  1.9883   0.2678   0.0964
  1.9895   0.2685   0.0936
  1.9906   0.2693   0.0909
  1.9917   0.2700   0.0883
  1.9928   0.2708   0.0857
  1.9939   0.2715   0.0832
  1.9950   0.2722   0.0808
  1.9961   0.2729   0.0784
  1.9972   0.2736   0.0760
  1.9984   0.2743   0.0737
  1.9995   0.2750   0.0714
  2.0005   0.2756   0.0692
  2.0016   0.2763   0.0670
  2.0027   0.2770   0.0648
  2.0038   0.2776   0.0626
  2.0049   0.2782   0.0605
  2.0060   0.2788   0.0584
  2.0071   0.2795   0.0563
  2.0082   0.2801   0.0542
  2.0093   0.2807   0.0521
  2.0104   0.2812   0.0501
  2.0114   0.2818   0.0480
  2.0125   0.2824   0.0460
  2.0136   0.2829   0.0440
  2.0147   0.2835   0.0419
  2.0158   0.2840   0.0399
  2.0168   0.2845   0.0379
  2.0179   0.2850   0.0359
  2.0190   0.2855   0.0338
  2.0200   0.2860   0.0318
  2.0211   0.2865   0.0298
  2.0222   0.2870   0.0277
  2.0233   0.2875   0.0257
  2.0243   0.2879   0.0236
  2.0254   0.2883   0.0215
  2.0265   0.2888   0.0194
  2.0275   0.2892   0.0174
  2.0286   0.2896   0.0152
  2.0297   0.2900   0.0131
  2.0307   0.2904   0.0110
  2.0318   0.2908   0.0089
  2.0329   0.2911   0.0067
  2.0339   0.2915   0.0045
  2.0350   0.2918   0.0023
  2.0361   0.2922   0.0001
  2.0371   0.2925  -0.0021
  2.0382   0.2928  -0.0044
  2.0393   0.2931  -0.0066
  2.0403   0.2934  -0.0089
  2.0414   0.2937  -0.0112
  2.0425   0.2940  -0.0135
  2.0435   0.2942  -0.0159
  2.0446   0.2945  -0.0182
  2.0457   0.2947  -0.0206
  2.0468   0.2950  -0.0230
  2.0478   0.2952  -0.0254
  2.0489   0.2954  -0.0278
  2.0500   0.2956  -0.0303
  2.0511   0.2958  -0.0327
  2.0521   0.2960  -0.0352
  2.0532   0.2962  -0.0377
  2.0543   0.2964  -0.0403
  2.0554   0.2965  -0.0428
  2.0565   0.2967  -0.0454
  2.0575   0.2968  -0.0479
  2.0586   0.2969  -0.0505
  2.0597   0.2971  -0.0531
  2.0608   0.2972  -0.0558
  2.0619   0.2973  -0.0584
  2.0630   0.2974  -0.0611
  2.0641   0.2974  -0.0638
  2.0652   0.2975  -0.0665
  2.0663   0.2976  -0.0692
  2.0674   0.2976  -0.0719
  2.0685   0.2977  -0.0747
  2.0696   0.2977  -0.0775
  2.0707   0.2977  -0.0802
  2.0718   0.2978  -0.0830
  2.0729   0.2978  -0.0858
  2.0740   0.2978  -0.0887
  2.0751   0.2978  -0.0915
  2.0762   0.2977  -0.0944
  2.0773   0.2977  -0.0972
  2.0784   0.2977  -0.1001
  2.0795   0.2976  -0.1030
  2.0806   0.2976  -0.1059
  2.0817   0.2975  -0.1088
  2.0828   0.2974  -0.1118
  2.0839   0.2974  -0.1147
  2.0850   0.2973  -0.1176
  2.0862   0.2972  -0.1206
  2.0873   0.2970  -0.1236
  2.0884   0.2969  -0.1265
  2.0895   0.2968  -0.1295
  2.0906   0.2967  -0.1325
  2.0917   0.2965  -0.1355
  2.0929   0.2963  -0.1385
  2.0940   0.2962  -0.1415
  2.0951   0.2960  -0.1445
  2.0962   0.2958  -0.1475
  2.0973   0.2956  -0.1505
  2.0985   0.2954  -0.1535
  2.0996   0.2952  -0.1565
  2.1007   0.2949  -0.1595
  2.1018   0.2947  -0.1625
  2.1029   0.2944  -0.1655
  2.1040   0.2942  -0.1685
  2.1052   0.2939  -0.1715
  2.1063   0.2936  -0.1745
  2.1074   0.2933  -0.1774
  2.1085   0.2930  -0.1804
  2.1096   0.2927  -0.1833
  2.1108   0.2923  -0.1862
  2.1119   0.2920  -0.1892
  2.1130   0.2917  -0.1921
  2.1141   0.2913  -0.1950
  2.1152   0.2909  -0.1978
  2.1163   0.2905  -0.2007
