  3.2844   3.8569  16.8852  17.4344
  3.7247   4.1055  18.5030  20.4508
  3.5291   4.1497  19.0548  20.6768
  2.7286   4.2978  19.6284  20.3541
  3.3700   4.0213  19.9197  20.0958
  3.4024   3.9193  19.6700  20.1155
  3.3587   3.8379  19.5131  20.0815
  3.2771   3.7670  19.3631  20.0439
  3.2419   3.6793  19.2145  20.0060
  3.4460   3.5297  19.0665  19.9683
  3.0836   3.5418  18.9200  19.9300
  3.0401   3.4641  18.7739  19.8922
  2.9968   3.3871  18.6284  19.8544
  2.9525   3.3110  18.4838  19.8166
  3.1736   3.1613  18.3394  19.7792
  2.8445   3.1662  18.1966  19.7412
  3.0441   3.0240  18.0537  19.7038
  2.7408   3.0226  17.9122  19.6659
  2.6872   2.9521  17.7711  19.6284
  2.8141   2.8319  17.6304  19.5911
  1.8726   3.0077  17.4920  19.5525
  2.0743   2.8662  17.3526  19.5154
  2.3470   2.7085  17.2137  19.4783
  2.4064   2.5960  17.0760  19.4411
  2.5218   2.4850  16.9389  19.4039
  2.4724   2.4209  16.8027  19.3666
  2.2453   2.4042  16.6674  19.3291
  2.2134   2.3348  16.5325  19.2919
  2.2928   2.2362  16.3982  19.2548
  2.2345   2.1746  16.2647  19.2176
  2.1790   2.1127  16.1318  19.1804
  2.0200   2.0782  15.9998  19.1431
  1.9673   2.0161  15.8683  19.1060
  1.9149   1.9544  15.7375  19.0688
  1.9450   1.8727  15.6073  19.0318
  1.8942   1.8133  15.4778  18.9948
  1.8397   1.7565  15.3491  18.9577
  1.7906   1.7000  15.2209  18.9206
  1.6584   1.6652  15.0936  18.8834
  1.6838   1.5906  14.9667  18.8465
  1.4063   1.5935  14.8408  18.8092
  0.9355   1.6432  14.7158  18.7716
  1.5066   1.4318  14.5903  18.7353
  1.4442   1.3823  14.4662  18.6982
  1.4285   1.3198  14.3427  18.6612
  1.3712   1.2683  14.2200  18.6241
  1.3179   1.2163  14.0980  18.5870
  1.2651   1.1646  13.9766  18.5499
  1.2305   1.1090  13.8559  18.5128
  1.1785   1.0580  13.7359  18.4756
  1.1296   1.0067  13.6165  18.4385
  1.0859   0.9547  13.4979  18.4013
  1.0367   0.9043  13.3799  18.3641
  0.9872   0.8545  13.2626  18.3268
  0.9363   0.8053  13.1460  18.2895
  0.8812   0.7575  13.0301  18.2522
  0.8173   0.7121  12.9148  18.2148
  0.7452   0.6689  12.8003  18.1774
  0.6698   0.6268  12.6864  18.1399
  0.5937   0.5852  12.5732  18.1024
  0.5178   0.5439  12.4608  18.0649
  0.4426   0.5028  12.3490  18.0273
  0.3683   0.4620  12.2379  17.9896
  0.2951   0.4214  12.1276  17.9519
  0.2242   0.3818  12.0179  17.9141
  0.2527   0.4069  11.9089  17.8765
  0.3586   0.4826  11.8005  17.8390
  0.3759   0.4996  11.6929  17.8012
  0.3902   0.5143  11.5860  17.7634
  0.2633   0.6553  11.4799  17.7254
  0.2851   0.6357  11.3744  17.6874
  0.3080   0.6153  11.2695  17.6493
  0.3248   0.6017  11.1654  17.6111
  0.3362   0.5937  11.0620  17.5729
  0.2974   0.6371  10.9593  17.5345
  0.3467   0.5907  10.8573  17.4961
  0.3530   0.5882  10.7560  17.4576
  0.3563   0.5887  10.6554  17.4191
  0.3596   0.5892  10.5555  17.3804
  0.3628   0.5897  10.4563  17.3417
  0.3660   0.5903  10.3578  17.3028
  0.3692   0.5909  10.2600  17.2639
  0.3724   0.5913  10.1629  17.2249
  0.3757   0.5917  10.0664  17.1858
  0.3961   0.5760   9.9706  17.1467
  0.3955   0.5801   9.8755  17.1074
  0.3997   0.5796   9.7810  17.0681
  0.4098   0.5738   9.6872  17.0287
  0.4211   0.5669   9.5940  16.9892
 -0.8536   1.7771   9.4971  16.9484
  0.4708   0.5161   9.4118  16.9101
  0.4954   0.5109   9.3207  16.8704
  0.5116   0.5005   9.2301  16.8306
  0.5305   0.4873   9.1401  16.7907
  0.5860   0.4336   9.0505  16.7508
  0.5921   0.4272   8.9617  16.7109
  0.5856   0.4020   8.8734  16.6708
  0.5189   0.3034   8.7852  16.6305
  0.4756   0.2739   8.6982  16.5905
  0.5427   0.3439   8.6126  16.5509
  0.4432   0.2349   8.5261  16.5106
  0.4367   0.2256   8.4411  16.4708
  0.4449   0.2334   8.3567  16.4312
  0.4620   0.2432   8.2729  16.3916
  0.4639   0.2559   8.1895  16.3521
  0.4777   0.2670   8.1065  16.3126
  0.4896   0.2785   8.0238  16.2733
  0.5017   0.2898   7.9414  16.2342
  0.5295   0.2989   7.8592  16.1952
 -1.0058   0.7637   7.7714  16.1537
  0.1926  -0.0564   7.6989  16.1201
  0.4353   0.2125   7.6224  16.0863
  0.2052  -0.0441   7.5443  16.0491
  0.2331  -0.0250   7.4653  16.0151
  0.2877   0.0447   7.3859  15.9815
  0.2710   0.0065   7.3061  15.9501
  0.3249   0.0832   7.2251  15.9220
  0.2167  -0.0411   7.1427  15.9015
  0.2103  -0.0457   7.0522  15.8934
  0.0000   0.0000   0.0000   0.0000
  1.4182  -1.0459  10.4903  12.6272
  1.5033  -1.0499  12.4020  14.4623
  1.4727  -0.9431  12.5524  14.8826
  1.4330  -0.8375  12.7654  14.9410
  1.3935  -0.7429  12.6488  15.0862
  1.3554  -0.6586  12.7038  15.1495
  1.3185  -0.5838  12.7239  15.2259
  1.2828  -0.5175  12.7612  15.2955
  1.2480  -0.4588  12.8071  15.3613
  1.2142  -0.4068  12.9408  15.3912
  1.1812  -0.3608  13.0536  15.4302
  1.1488  -0.3202  13.1211  15.4883
  1.1168  -0.2846  13.0282  15.6115
  1.0854  -0.2531  12.9735  15.7187
  1.0549  -0.2252  13.2321  15.7008
  1.0244  -0.2007  13.2580  15.7764
  0.9940  -0.1794  13.0829  15.9313
  0.9642  -0.1606  13.1148  16.0042
  0.9346  -0.1440  13.1486  16.0763
  0.9052  -0.1296  13.1755  16.1513
  0.8762  -0.1168  13.4272  16.1399
  0.8470  -0.1058  13.4383  16.2217
  0.8180  -0.0962  13.4509  16.3028
  0.7890  -0.0878  13.4650  16.3835
  0.7601  -0.0806  13.4803  16.4636
  0.7312  -0.0743  13.4968  16.5433
  0.7024  -0.0689  13.5143  16.6227
  0.6735  -0.0642  13.5327  16.7017
  0.6447  -0.0603  13.5518  16.7804
  0.6158  -0.0569  13.5717  16.8588
  0.5868  -0.0541  13.5921  16.9371
  0.5579  -0.0517  13.6130  17.0151
  0.5289  -0.0497  13.6343  17.0930
  0.4998  -0.0481  13.6559  17.1708
  0.4707  -0.0467  13.6777  17.2484
  0.4415  -0.0457  13.6997  17.3259
  0.4122  -0.0449  13.7217  17.4034
  0.3829  -0.0443  13.7438  17.4808
  0.3535  -0.0438  13.7658  17.5581
  0.3240  -0.0435  13.7876  17.6354
  0.2945  -0.0434  13.8093  17.7126
  0.2649  -0.0433  13.8307  17.7898
  0.2352  -0.0433  13.8519  17.8670
  0.2055  -0.0434  13.8727  17.9442
  0.1757  -0.0436  13.8932  18.0213
  0.1458  -0.0438  13.9132  18.0983
  0.1158  -0.0440  13.9328  18.1753
  0.0858  -0.0442  13.9518  18.2523
  0.0558  -0.0444  13.9704  18.3292
  0.0256  -0.0446  13.9883  18.4061
 -0.0045  -0.0447  14.0057  18.4828
 -0.0348  -0.0449  14.0224  18.5595
 -0.0651  -0.0449  14.0385  18.6361
 -0.0954  -0.0450  14.0539  18.7126
 -0.1258  -0.0449  14.0686  18.7889
 -0.1563  -0.0448  14.0826  18.8651
 -0.1868  -0.0445  14.0959  18.9412
 -0.2173  -0.0442  14.1083  19.0170
 -0.2479  -0.0437  14.1200  19.0927
 -0.2785  -0.0431  14.1308  19.1681
 -0.3092  -0.0424  14.1409  19.2433
 -0.3399  -0.0414  14.1501  19.3183
 -0.3706  -0.0403  14.1584  19.3929
 -0.4014  -0.0390  14.1659  19.4673
 -0.4322  -0.0375  14.1725  19.5413
 -0.4631  -0.0357  14.1782  19.6149
 -0.4940  -0.0337  14.1829  19.6882
 -0.5250  -0.0314  14.1868  19.7610
 -0.5560  -0.0287  14.1897  19.8335
 -0.5871  -0.0257  14.1917  19.9054
 -0.6182  -0.0223  14.1926  19.9769
 -0.6494  -0.0184  14.1927  20.0478
 -0.6807  -0.0141  14.1917  20.1182
 -0.7120  -0.0093  14.1897  20.1879
 -0.7434  -0.0039  14.1868  20.2571
 -0.7749   0.0021  14.1828  20.3256
 -0.8064   0.0088  14.1777  20.3933
 -0.8381   0.0162  14.1717  20.4604
 -0.8699   0.0245  14.1645  20.5267
 -0.9017   0.0337  14.1563  20.5921
 -0.9337   0.0439  14.1470  20.6567
 -0.9657   0.0552  14.1365  20.7204
 -0.9979   0.0677  14.1250  20.7832
 -1.0301   0.0816  14.1123  20.8449
 -1.0625   0.0970  14.0984  20.9056
 -1.0949   0.1140  14.0834  20.9652
 -1.1275   0.1328  14.0671  21.0236
 -1.1601   0.1536  14.0496  21.0808
 -1.1927   0.1765  14.0308  21.1366
 -1.2254   0.2020  14.0107  21.1910
 -1.2581   0.2300  13.9893  21.2439
 -1.2908   0.2611  13.9664  21.2952
 -1.3233   0.2954  13.9420  21.3446
 -1.3557   0.3334  13.9160  21.3921
 -1.3879   0.3753  13.8883  21.4374
 -1.4195   0.4217  13.8587  21.4802
 -1.4501   0.4729  13.8269  21.5199
 -1.4789   0.5294  13.7923  21.5557
 -1.5019   0.5911  13.7541  21.5862
 -0.3269   0.3329  12.5843  18.3183
 -0.2934   0.2738  12.6001  18.2566
 -0.2588   0.2233  12.3883  18.1801
 -0.2233   0.1799  12.2922  18.1111
 -0.1872   0.1427  12.1974  18.0423
 -0.1508   0.1110  12.0989  17.9731
 -0.1143   0.0839  12.0031  17.9042
 -0.0779   0.0609  11.9116  17.8358
 -0.0417   0.0413  11.8156  17.7669
 -0.0059   0.0247  11.7213  17.6983
  0.0295   0.0106  11.6218  17.6292
  0.0642  -0.0013  11.5298  17.5610
  0.0981  -0.0114  11.4355  17.4926
  0.1314  -0.0199  11.3365  17.4237
  0.1637  -0.0271  11.2479  17.3561
  0.1952  -0.0332  11.1515  17.2878
  0.2257  -0.0383  11.0567  17.2197
  0.2551  -0.0427  10.9647  17.1521
  0.2836  -0.0464  10.8694  17.0842
  0.3109  -0.0495  10.7696  17.0158
  0.3372  -0.0523  10.6835  16.9493
  0.3627  -0.0549  11.0986  16.9536
  0.3865  -0.0566  10.4873  16.8136
  0.4093  -0.0583  10.3937  16.7466
  0.4309  -0.0600  10.3002  16.6797
  0.4513  -0.0615  10.2161  16.6145
  0.4704  -0.0628  10.1141  16.5466
  0.4883  -0.0642  10.0310  16.4819
  0.5050  -0.0655   9.9385  16.4159
  0.5204  -0.0668   9.8352  16.3482
  0.5345  -0.0681   9.7426  16.2825
  0.5473  -0.0694   9.6502  16.2170
  0.5589  -0.0707   9.5577  16.1517
  0.5691  -0.0720   9.4655  16.0866
  0.5780  -0.0734   9.3731  16.0216
  0.5856  -0.0748   9.2905  15.9587
  0.5918  -0.0762   9.1890  15.8924
  0.5967  -0.0777   9.1043  15.8295
  0.6002  -0.0792   9.0047  15.7639
  0.6024  -0.0807   8.9057  15.6985
  0.6031  -0.0822   8.8129  15.6346
  0.6025  -0.0838   8.7199  15.5708
  0.6004  -0.0854   8.6269  15.5071
  0.5969  -0.0870   8.5414  15.4453
  0.5920  -0.0885   8.4497  15.3824
  0.5856  -0.0901   8.3559  15.3191
  0.5778  -0.0916   8.2533  15.2540
  0.5685  -0.0932   8.1681  15.1931
  0.5577  -0.0947   8.0757  15.1306
  0.5455  -0.0962   8.0790  15.0912
  0.5317  -0.0974   7.8757  15.0025
  0.5166  -0.0991   8.2807  15.0625
  0.4996  -0.1000   7.6853  14.8771
  0.4815  -0.1014   8.1303  14.9508
  0.4614  -0.1021   7.4944  14.7522
  0.4400  -0.1033   7.9690  14.8372
  0.4166  -0.1037   7.2957  14.6257
  0.3916  -0.1044   7.2044  14.5647
  0.3652  -0.1055   7.6015  14.6347
  0.3369  -0.1058   7.0233  14.4435
  0.3071  -0.1064   7.4043  14.5123
  0.2756  -0.1066   7.0899  14.3913
  0.2420  -0.1064   6.6839  14.2432
  0.2065  -0.1066   6.5843  14.1801
  0.1692  -0.1068   6.4705  14.1130
  0.1300  -0.1071   6.3536  14.0449
  0.0890  -0.1074   6.2335  13.9757
  0.0460  -0.1078   6.1102  13.9053
  0.0012  -0.1085   5.9838  13.8339
 -0.0455  -0.1093   5.8543  13.7612
 -0.0943  -0.1105   5.7215  13.6872
 -0.1450  -0.1121   5.5849  13.6117
 -0.1977  -0.1142   5.4440  13.5346
 -0.2524  -0.1169   5.2982  13.4554
 -0.3091  -0.1205   5.1468  13.3740
 -0.3679  -0.1250   4.9889  13.2900
 -0.4287  -0.1307   4.8239  13.2032
 -0.4915  -0.1379   4.6510  13.1131
 -0.5564  -0.1469   4.4693  13.0194
  0.0000   0.0000   0.0000   0.0000
 -1.8542  -0.4508   2.6786  -3.2106
 -1.7864  -0.3472   2.4017  -2.3439
 -1.7174  -0.2669   2.1676  -1.7022
 -1.6479  -0.2043   1.9666  -1.2283
 -1.5784  -0.1553   1.7910  -0.8792
 -1.5093  -0.1167   1.6352  -0.6227
 -1.4409  -0.0862   1.4948  -0.4349
 -1.3733  -0.0617   1.3665  -0.2981
 -1.3068  -0.0420   1.2480  -0.1992
 -1.2414  -0.0260   1.1375  -0.1285
 -1.1772  -0.0128   1.0336  -0.0787
 -1.1142  -0.0018   0.9352  -0.0445
 -1.0525   0.0074   0.8416  -0.0217
 -0.9920   0.0152   0.7522  -0.0075
 -0.9328   0.0220   0.6666   0.0006
 -0.8749   0.0279   0.5843   0.0041
 -0.8182   0.0331   0.5051   0.0044
 -0.7628   0.0377   0.4288   0.0023
 -0.7086   0.0419   0.3553  -0.0013
 -0.6557   0.0456   0.2844  -0.0061
 -0.6039   0.0490   0.2160  -0.0116
 -0.5533   0.0521   0.1500  -0.0174
 -0.5039   0.0550   0.0863  -0.0235
 -0.4556   0.0576   0.0249  -0.0296
 -0.4084   0.0600  -0.0343  -0.0356
 -0.3623   0.0623  -0.0913  -0.0414
 -0.3174   0.0644  -0.1461  -0.0470
 -0.2735   0.0664  -0.1989  -0.0523
 -0.2306   0.0682  -0.2497  -0.0573
 -0.1888   0.0699  -0.2984  -0.0620
 -0.1481   0.0715  -0.3451  -0.0663
 -0.1083   0.0730  -0.3899  -0.0703
 -0.0696   0.0744  -0.4327  -0.0739
 -0.0318   0.0757  -0.4737  -0.0772
  0.0050   0.0769  -0.5127  -0.0801
  0.0408   0.0780  -0.5500  -0.0826
  0.0756   0.0790  -0.5854  -0.0848
  0.1095   0.0799  -0.6190  -0.0867
  0.1425   0.0808  -0.6508  -0.0883
  0.1745   0.0816  -0.6808  -0.0895
  0.2055   0.0823  -0.7091  -0.0905
  0.2357   0.0830  -0.7357  -0.0911
  0.2649   0.0836  -0.7606  -0.0914
  0.2932   0.0841  -0.7838  -0.0915
  0.3206   0.0845  -0.8053  -0.0913
  0.3471   0.0849  -0.8252  -0.0908
  0.3727   0.0853  -0.8434  -0.0901
  0.3974   0.0855  -0.8600  -0.0891
  0.4211   0.0857  -0.8750  -0.0879
  0.4440   0.0859  -0.8884  -0.0865
  0.4660   0.0860  -0.9003  -0.0848
  0.4870   0.0860  -0.9105  -0.0830
  0.5072   0.0860  -0.9192  -0.0810
  0.5264   0.0860  -0.9263  -0.0787
  0.5448   0.0858  -0.9319  -0.0763
  0.5622   0.0857  -0.9359  -0.0738
  0.5787   0.0854  -0.9384  -0.0711
  0.5943   0.0852  -0.9393  -0.0682
  0.6090   0.0848  -0.9388  -0.0652
  0.6228   0.0844  -0.9367  -0.0621
  0.6356   0.0840  -0.9330  -0.0589
  0.6475   0.0835  -0.9279  -0.0555
  0.6585   0.0829  -0.9212  -0.0520
  0.6685   0.0823  -0.9130  -0.0485
  0.6776   0.0817  -0.9033  -0.0448
  0.6857   0.0809  -0.8920  -0.0411
  0.6928   0.0802  -0.8792  -0.0373
  0.6990   0.0794  -0.8649  -0.0335
  0.7043   0.0785  -0.8490  -0.0295
  0.7085   0.0775  -0.8315  -0.0256
  0.7117   0.0766  -0.8124  -0.0216
  0.7140   0.0755  -0.7918  -0.0175
  0.7152   0.0744  -0.7696  -0.0135
  0.7155   0.0733  -0.7458  -0.0094
  0.7147   0.0720  -0.7203  -0.0053
  0.7128   0.0708  -0.6931  -0.0012
  0.7100   0.0694  -0.6643   0.0029
  0.7061   0.0681  -0.6339   0.0070
  0.7011   0.0666  -0.6016   0.0111
  0.6950   0.0651  -0.5677   0.0152
  0.6879   0.0636  -0.5320   0.0193
  0.6797   0.0620  -0.4944   0.0233
  0.6704   0.0603  -0.4551   0.0273
  0.6600   0.0585  -0.4138   0.0313
  0.6485   0.0567  -0.3707   0.0352
  0.6358   0.0549  -0.3256   0.0391
  0.6220   0.0529  -0.2785   0.0429
  0.6071   0.0510  -0.2294   0.0467
  0.5910   0.0489  -0.1783   0.0504
  0.5737   0.0467  -0.1250   0.0540
  0.5553   0.0445  -0.0695   0.0576
  0.5356   0.0422  -0.0118   0.0612
  0.5148   0.0398   0.0482   0.0647
  0.4928   0.0372   0.1105   0.0682
  0.4695   0.0346   0.1752   0.0716
  0.4450   0.0318   0.2425   0.0751
  0.4193   0.0288   0.3122   0.0786
  0.3924   0.0256   0.3846   0.0821
  0.3641   0.0221   0.4597   0.0858
  0.3347   0.0183   0.5376   0.0897
  0.3039   0.0141   0.6183   0.0940
  0.2719   0.0093   0.7020   0.0987
  0.2386   0.0038   0.7888   0.1041
  0.2040  -0.0025   0.8787   0.1104
  0.1681  -0.0100   0.9718   0.1180
  0.1309  -0.0190   1.0684   0.1274
  0.0924  -0.0299   1.1684   0.1392
  0.0526  -0.0434   1.2720   0.1542
  0.0115  -0.0602   1.3794   0.1736
 -0.0309  -0.0814   1.4906   0.1988
 -0.0745  -0.1084   1.6059   0.2317
 -0.1194  -0.1430   1.7254   0.2751
 -0.1655  -0.1876   1.8492   0.3322
 -0.2127  -0.2453   1.9777   0.4075
 -0.2611  -0.3205   2.1110   0.5072
 -0.3105  -0.4185   2.2493   0.6389
 -0.3609  -0.5467   2.3930   0.8130
  0.0000   0.0000   0.0000   0.0000
-22.8295  27.0543   1.5516  -0.2037
-23.1201  26.9568   1.5260  -0.1652
-23.4076  26.8558   1.5010  -0.1372
-23.6918  26.7515   1.4765  -0.1166
-23.9726  26.6438   1.4525  -0.1013
-24.2498  26.5327   1.4290  -0.0900
-24.5232  26.4183   1.4058  -0.0816
-24.7926  26.3006   1.3829  -0.0753
-25.0577  26.1797   1.3603  -0.0707
-25.3183  26.0556   1.3380  -0.0673
-25.5741  25.9284   1.3159  -0.0650
-25.8248  25.7981   1.2940  -0.0634
-26.0703  25.6649   1.2722  -0.0623
-26.3101  25.5289   1.2506  -0.0618
-26.5440  25.3901   1.2291  -0.0617
-26.7719  25.2487   1.2077  -0.0618
-26.9934  25.1047   1.1863  -0.0621
-27.2085  24.9584   1.1649  -0.0627
-27.4170  24.8097   1.1434  -0.0633
-27.6189  24.6587   1.1219  -0.0641
-27.8143  24.5055   1.1002  -0.0650
-28.0035  24.3500   1.0783  -0.0658
-28.1869  24.1923   1.0562  -0.0668
-28.3650  24.0321   1.0338  -0.0677
-28.5389  23.8693   1.0109  -0.0686
-28.7098  23.7035   0.9877  -0.0695
-28.8796  23.5341   0.9639  -0.0704
-29.0512  23.3602   0.9394  -0.0712
-29.2293  23.1802   0.9142  -0.0720
-29.4294  22.9884   0.8879  -0.0728
-29.9004  22.6930   0.8564  -0.0729
-29.7028  22.6435   0.8351  -0.0745
-29.8679  22.4555   0.8072  -0.0757
-30.0966  22.2408   0.7773  -0.0769
-31.5958  21.5644   0.7278  -0.0761
-30.5796  21.7933   0.7134  -0.0782
-30.5385  21.6689   0.6842  -0.0794
-30.1094  21.6975   0.6601  -0.0818
-31.6961  20.9576   0.6056  -0.0810
-31.8436  20.7553   0.5695  -0.0814
-31.1312  20.8664   0.5429  -0.0825
-30.5679  20.9299   0.5134  -0.0841
-31.5561  20.4032   0.4623  -0.0840
-32.3644  19.9500   0.4124  -0.0839
-31.9657  19.9380   0.3743  -0.0842
-32.0499  19.7458   0.3290  -0.0840
-31.8910  19.6339   0.2838  -0.0836
-31.9582  19.4439   0.2348  -0.0832
-32.0176  19.2551   0.1837  -0.0828
-32.0708  19.0668   0.1307  -0.0823
-32.1181  18.8789   0.0755  -0.0819
-32.1667  18.6892   0.0181  -0.0814
-32.2133  18.4986  -0.0415  -0.0809
-32.2533  18.3089  -0.1034  -0.0803
-32.2881  18.1196  -0.1676  -0.0797
-32.3179  17.9307  -0.2343  -0.0790
-32.3439  17.7416  -0.3034  -0.0783
-32.6830  17.4393  -0.3770  -0.0774
-32.3938  17.3600  -0.4495  -0.0763
-32.4153  17.1683  -0.5265  -0.0750
-32.4350  16.9759  -0.6061  -0.0736
-32.4528  16.7827  -0.6885  -0.0721
-32.4694  16.5884  -0.7736  -0.0704
-32.4848  16.3932  -0.8616  -0.0685
-32.4992  16.1968  -0.9523  -0.0663
-32.5133  15.9990  -1.0460  -0.0639
-32.5285  15.7992  -1.1425  -0.0612
-32.5356  15.6007  -1.2419  -0.0581
-32.5432  15.4003  -1.3443  -0.0546
-32.5473  15.1993  -1.4497  -0.0508
-32.5510  14.9964  -1.5581  -0.0465
-32.5632  14.8017  -1.6695  -0.0419
-32.5730  14.5837  -1.7840  -0.0365
-32.5815  14.3757  -1.9016  -0.0307
-32.5860  14.1743  -2.0223  -0.0248
-32.5933  13.9483  -2.1461  -0.0186
-32.6241  13.7348  -2.2731  -0.0133
-32.6071  13.5189  -2.4032  -0.0092
-32.6137  13.3091  -2.5365  -0.0082
  0.0000   0.0000   0.0000   0.0000
  4.3823  -4.8969  -9.7513  -0.5045
  4.1747  -3.3664  -9.0774  -0.3331
  3.9556  -2.2770  -8.4462  -0.2051
  3.7327  -1.5057  -7.8532  -0.1179
  3.5101  -0.9629  -7.2947  -0.0618
  3.2904  -0.5834  -6.7680  -0.0277
  3.0751  -0.3203  -6.2708  -0.0086
  2.8652  -0.1398  -5.8010   0.0006
  2.6611  -0.0180  -5.3569   0.0034
  2.4634   0.0622  -4.9368   0.0021
  2.2721   0.1129  -4.5391  -0.0017
  2.0873   0.1429  -4.1627  -0.0071
  1.9091   0.1583  -3.8060  -0.0133
  1.7373   0.1636  -3.4680  -0.0200
  1.5719   0.1619  -3.1475  -0.0268
  1.4128   0.1555  -2.8436  -0.0337
  1.2598   0.1459  -2.5552  -0.0403
  1.1127   0.1344  -2.2815  -0.0467
  0.9716   0.1218  -2.0216  -0.0528
  0.8361   0.1085  -1.7749  -0.0585
  0.7062   0.0951  -1.5404  -0.0638
  0.5817   0.0818  -1.3177  -0.0687
  0.4625   0.0688  -1.1061  -0.0730
  0.3484   0.0562  -0.9049  -0.0769
  0.2392   0.0442  -0.7137  -0.0803
  0.1348   0.0327  -0.5318  -0.0832
  0.0351   0.0219  -0.3589  -0.0856
 -0.0601   0.0117  -0.1944  -0.0874
 -0.1509   0.0021  -0.0380  -0.0887
 -0.2374  -0.0068   0.1109  -0.0895
 -0.3198  -0.0150   0.2525  -0.0899
 -0.3982  -0.0227   0.3873  -0.0897
 -0.4728  -0.0298   0.5156  -0.0890
 -0.5435  -0.0363   0.6377  -0.0879
 -0.6107  -0.0422   0.7539  -0.0863
 -0.6743  -0.0476   0.8646  -0.0842
 -0.7346  -0.0525   0.9699  -0.0817
 -0.7915  -0.0570   1.0702  -0.0788
 -0.8452  -0.0609   1.1656  -0.0754
 -0.8959  -0.0644   1.2565  -0.0717
 -0.9436  -0.0675   1.3431  -0.0676
 -0.9883  -0.0702   1.4254  -0.0631
 -1.0303  -0.0726   1.5038  -0.0583
 -1.0695  -0.0745   1.5783  -0.0531
 -1.1061  -0.0762   1.6492  -0.0477
 -1.1401  -0.0775   1.7165  -0.0420
 -1.1716  -0.0786   1.7805  -0.0360
 -1.2007  -0.0793   1.8412  -0.0297
 -1.2274  -0.0798   1.8987  -0.0232
 -1.2519  -0.0801   1.9532  -0.0166
 -1.2740  -0.0801   2.0047  -0.0097
 -1.2940  -0.0799   2.0533  -0.0027
 -1.3119  -0.0795   2.0991   0.0045
 -1.3276  -0.0790   2.1421   0.0118
 -1.3412  -0.0783   2.1823   0.0191
 -1.3529  -0.0774   2.2198   0.0266
 -1.3625  -0.0763   2.2547   0.0341
 -1.3701  -0.0752   2.2868   0.0416
 -1.3757  -0.0739   2.3163   0.0491
 -1.3794  -0.0725   2.3431   0.0566
 -1.3812  -0.0710   2.3672   0.0641
 -1.3810  -0.0694   2.3886   0.0715
 -1.3789  -0.0677   2.4073   0.0788
 -1.3749  -0.0660   2.4232   0.0860
 -1.3689  -0.0642   2.4363   0.0930
 -1.3610  -0.0623   2.4465   0.0999
 -1.3512  -0.0603   2.4538   0.1066
 -1.3393  -0.0584   2.4581   0.1130
 -1.3255  -0.0563   2.4593   0.1193
 -1.3096  -0.0543   2.4574   0.1253
 -1.2916  -0.0521   2.4523   0.1309
 -1.2716  -0.0500   2.4439   0.1363
 -1.2495  -0.0479   2.4320   0.1414
 -1.2252  -0.0457   2.4167   0.1461
 -1.1987  -0.0435   2.3978   0.1504
 -1.1699  -0.0412   2.3751   0.1543
 -1.1388  -0.0390   2.3487   0.1578
 -1.1054  -0.0367   2.3182   0.1608
 -1.0695  -0.0344   2.2838   0.1634
 -1.0312  -0.0322   2.2451   0.1654
 -0.9903  -0.0298   2.2022   0.1670
 -0.9468  -0.0275   2.1548   0.1680
 -0.9006  -0.0252   2.1028   0.1685
 -0.8517  -0.0228   2.0461   0.1684
 -0.7999  -0.0204   1.9846   0.1676
 -0.7452  -0.0180   1.9180   0.1663
 -0.6875  -0.0156   1.8463   0.1643
 -0.6267  -0.0131   1.7693   0.1617
 -0.5627  -0.0106   1.6868   0.1583
 -0.4955  -0.0080   1.5987   0.1543
 -0.4248  -0.0055   1.5048   0.1495
 -0.3507  -0.0028   1.4050   0.1439
 -0.2730  -0.0001   1.2990   0.1376
 -0.1916   0.0027   1.1868   0.1303
 -0.1064   0.0056   1.0681   0.1223
 -0.0172   0.0085   0.9428   0.1132
  0.0760   0.0117   0.8106   0.1032
  0.1733   0.0149   0.6714   0.0922
  0.2749   0.0184   0.5251   0.0799
  0.3810   0.0222   0.3713   0.0664
  0.4915   0.0263   0.2100   0.0514
  0.6067   0.0309   0.0409   0.0348
  0.7266   0.0360  -0.1361   0.0162
  0.8514   0.0419  -0.3213  -0.0049
  0.9811   0.0488  -0.5147  -0.0290
  1.1159   0.0569  -0.7166  -0.0570
  1.2557   0.0668  -0.9270  -0.0902
  1.4006   0.0790  -1.1460  -0.1304
  1.5505   0.0941  -1.3735  -0.1800
  1.7055   0.1131  -1.6094  -0.2431
  1.8653   0.1372  -1.8531  -0.3250
  2.0296   0.1679  -2.1040  -0.4338
  2.1982   0.2073  -2.3605  -0.5814
  2.3706   0.2579  -2.6200  -0.7852
  2.5463   0.3232  -2.8782  -1.0709
  2.7245   0.4083  -3.1278  -1.4766
  2.9045   0.5208  -3.3575  -2.0596
  3.0855   0.6736  -3.5499  -2.9102
  3.2668   0.8928  -3.6822  -4.1813
  0.5541   0.0047  -0.9408  -0.1133
  0.1381  -0.0032  -0.2838  -0.0456
  0.0724  -0.0045  -0.1557  -0.0319
  0.0619  -0.0047  -0.1308  -0.0292
  0.0601  -0.0048  -0.1260  -0.0287
  0.0599  -0.0048  -0.1250  -0.0286
  0.0598  -0.0048  -0.1248  -0.0285
  0.0598  -0.0047  -0.1247  -0.0285
  0.0598  -0.0047  -0.1247  -0.0285
  0.0598  -0.0047  -0.1247  -0.0285
  0.0599  -0.0047  -0.1246  -0.0285
  0.0599  -0.0047  -0.1246  -0.0285
  0.0599  -0.0047  -0.1246  -0.0285
  0.0599  -0.0047  -0.1245  -0.0285
  0.0599  -0.0047  -0.1245  -0.0285
  0.0599  -0.0047  -0.1245  -0.0285
  0.0599  -0.0047  -0.1244  -0.0285
  0.0549  -0.0270  12.6244  27.2813
  0.1071   0.1563  14.8043  32.9422
  0.1518   0.1960  14.3771  31.4875
  0.2048   0.1874  16.0939  31.7914
  0.2484   0.1654  15.5340  32.8466
  0.2891   0.1398  14.5193  32.5001
  0.3329   0.1134  14.6679  32.7037
  0.3756   0.0873  14.8690  31.6501
  0.4125   0.0630  13.9944  29.0228
  0.4586   0.0452  15.1653  32.9367
  0.5001   0.0265  15.5884  32.1012
  0.5385   0.0122  15.5340  32.9365
  0.5769  -0.0004  15.7209  32.6373
  0.6123  -0.0100  15.5236  32.7883
  0.6429  -0.0182  14.7074  32.3903
  0.6782  -0.0265  15.0449  32.7293
  0.7134  -0.0350  15.6384  32.8225
  0.7440  -0.0420  15.6043  32.9622
  0.7735  -0.0475  15.5962  32.9753
  0.8016  -0.0519  15.5401  32.9235
  0.8276  -0.0556  15.3519  32.4658
  0.8522  -0.0585  15.0894  31.7386
  0.8776  -0.0595  15.0925  32.9193
  0.8997  -0.0610  14.8127  32.7317
  0.9194  -0.0630  14.4169  32.3451
  0.9407  -0.0658  14.5318  32.6669
  0.9659  -0.0699  15.5688  32.4165
  0.9845  -0.0724  15.5970  32.6338
  1.0028  -0.0739  15.6662  32.9138
  1.0198  -0.0750  15.6458  32.9608
  1.0360  -0.0756  15.6164  32.9738
  1.0508  -0.0762  15.4977  32.5299
  1.0658  -0.0764  15.4767  32.5697
  1.0802  -0.0763  15.4517  32.6055
  1.0941  -0.0761  15.4224  32.6329
  1.1075  -0.0758  15.3888  32.6503
  1.1203  -0.0753  15.3510  32.6572
  1.1326  -0.0747  15.3090  32.6538
  1.1444  -0.0740  15.2632  32.6418
  1.1558  -0.0731  15.2149  32.6290
  1.1672  -0.0719  15.2243  32.9605
  1.1777  -0.0706  15.1941  32.8920
  1.1842  -0.0683  14.5340  32.9568
  1.1934  -0.0672  14.6244  32.8628
  1.2020  -0.0669  14.7481  32.6210
  1.2114  -0.0666  14.9540  32.8556
  1.2171  -0.0658  14.7492  32.8422
  1.2250  -0.0654  14.8910  32.9274
  1.2305  -0.0644  14.7786  32.9667
  1.2358  -0.0634  14.7223  32.9711
  1.2407  -0.0624  14.6645  32.9727
  1.2448  -0.0614  14.5887  32.9584
  1.2480  -0.0604  14.4465  32.7200
  1.2512  -0.0595  14.4060  32.8166
  1.2541  -0.0587  14.3874  32.9008
  1.2561  -0.0579  14.3264  32.9478
  1.2571  -0.0569  14.2247  32.9527
  1.2570  -0.0558  14.0688  32.9007
  1.2543  -0.0548  13.6660  32.5724
  1.2556  -0.0554  13.9857  32.9706
  1.2534  -0.0558  13.9088  32.9644
  1.2501  -0.0562  13.8327  32.9634
  1.2458  -0.0568  13.7575  32.9668
  1.2402  -0.0578  13.6635  32.9485
  1.2335  -0.0592  13.5854  32.9512
  1.2254  -0.0611  13.5060  32.9524
  1.2158  -0.0635  13.4204  32.9390
  1.2044  -0.0665  13.3126  32.8962
  1.1909  -0.0701  13.1609  32.8611
  1.1753  -0.0746  12.9820  32.7364
  1.1577  -0.0803  12.8421  32.6299
  1.1382  -0.0876  12.7818  32.6282
  1.1170  -0.0962  12.8390  32.7797
  1.0936  -0.1055  12.9856  32.9484
  1.0662  -0.1131  12.9681  32.9473
  1.0354  -0.1143  12.9372  32.9471
  1.0007  -0.0963  12.8915  32.9097
  0.9607  -0.0248  12.8340  32.8863
  0.9118   0.1899  12.7705  32.8778
  0.0000   0.0000   0.0000   0.0000
  3.5722   0.1756  -4.0487  -2.8362
  3.3768   0.2244  -3.9685  -2.0454
  3.1849   0.2022  -3.8321  -1.4970
  2.9973   0.1641  -3.6597  -1.1052
  2.8149   0.1289  -3.4649  -0.8207
  2.6380   0.1006  -3.2571  -0.6120
  2.4671   0.0792  -3.0427  -0.4580
  2.3022   0.0631  -2.8262  -0.3438
  2.1433   0.0509  -2.6107  -0.2586
  1.9904   0.0417  -2.3983  -0.1947
  1.8432   0.0344  -2.1904  -0.1464
  1.7017   0.0286  -1.9879  -0.1096
  1.5656   0.0238  -1.7915  -0.0812
  1.4348   0.0196  -1.6015  -0.0591
  1.3090   0.0160  -1.4179  -0.0415
  1.1882   0.0128  -1.2410  -0.0273
  1.0720   0.0099  -1.0706  -0.0157
  0.9604   0.0072  -0.9067  -0.0060
  0.8531   0.0046  -0.7491   0.0023
  0.7501   0.0023  -0.5977   0.0095
  0.6512   0.0001  -0.4524   0.0158
  0.5561  -0.0020  -0.3129   0.0214
  0.4649  -0.0040  -0.1792   0.0265
  0.3773  -0.0058  -0.0510   0.0312
  0.2933  -0.0075   0.0719   0.0355
  0.2127  -0.0091   0.1895   0.0395
  0.1355  -0.0106   0.3020   0.0433
  0.0614  -0.0120   0.4097   0.0468
 -0.0096  -0.0133   0.5126   0.0501
 -0.0775  -0.0146   0.6109   0.0533
 -0.1425  -0.0157   0.7047   0.0563
 -0.2047  -0.0167   0.7941   0.0591
 -0.2641  -0.0176   0.8793   0.0618
 -0.3209  -0.0185   0.9604   0.0643
 -0.3751  -0.0193   1.0374   0.0667
 -0.4268  -0.0200   1.1106   0.0690
 -0.4760  -0.0207   1.1800   0.0711
 -0.5228  -0.0213   1.2457   0.0731
 -0.5673  -0.0218   1.3077   0.0750
 -0.6096  -0.0223   1.3662   0.0767
 -0.6497  -0.0227   1.4213   0.0782
 -0.6876  -0.0231   1.4730   0.0797
 -0.7234  -0.0234   1.5214   0.0810
 -0.7572  -0.0237   1.5666   0.0821
 -0.7891  -0.0240   1.6086   0.0831
 -0.8189  -0.0243   1.6475   0.0840
 -0.8469  -0.0245   1.6833   0.0847
 -0.8730  -0.0247   1.7162   0.0853
 -0.8973  -0.0249   1.7461   0.0857
 -0.9199  -0.0250   1.7731   0.0860
 -0.9406  -0.0252   1.7972   0.0861
 -0.9597  -0.0253   1.8185   0.0861
 -0.9770  -0.0254   1.8370   0.0859
 -0.9927  -0.0255   1.8528   0.0856
 -1.0068  -0.0256   1.8658   0.0851
 -1.0193  -0.0257   1.8761   0.0845
 -1.0301  -0.0258   1.8838   0.0838
 -1.0394  -0.0259   1.8887   0.0829
 -1.0472  -0.0260   1.8911   0.0819
 -1.0534  -0.0260   1.8908   0.0808
 -1.0581  -0.0260   1.8879   0.0795
 -1.0612  -0.0261   1.8823   0.0781
 -1.0629  -0.0261   1.8742   0.0766
 -1.0630  -0.0261   1.8635   0.0749
 -1.0617  -0.0260   1.8501   0.0732
 -1.0588  -0.0260   1.8342   0.0713
 -1.0545  -0.0259   1.8156   0.0693
 -1.0487  -0.0258   1.7944   0.0673
 -1.0414  -0.0256   1.7705   0.0652
 -1.0326  -0.0254   1.7439   0.0629
 -1.0223  -0.0252   1.7147   0.0606
 -1.0104  -0.0249   1.6828   0.0583
 -0.9971  -0.0246   1.6481   0.0559
 -0.9822  -0.0241   1.6106   0.0534
 -0.9658  -0.0237   1.5703   0.0509
 -0.9477  -0.0231   1.5271   0.0483
 -0.9282  -0.0225   1.4811   0.0457
 -0.9070  -0.0217   1.4320   0.0431
 -0.8841  -0.0209   1.3800   0.0405
 -0.8597  -0.0200   1.3249   0.0379
 -0.8335  -0.0189   1.2666   0.0353
 -0.8056  -0.0178   1.2052   0.0326
 -0.7760  -0.0164   1.1404   0.0300
 -0.7447  -0.0150   1.0723   0.0275
 -0.7115  -0.0134   1.0007   0.0249
 -0.6765  -0.0116   0.9256   0.0224
 -0.6397  -0.0097   0.8469   0.0200
 -0.6009  -0.0076   0.7644   0.0176
 -0.5602  -0.0053   0.6780   0.0152
 -0.5174  -0.0028   0.5877   0.0129
 -0.4727  -0.0001   0.4932   0.0107
 -0.4258   0.0028   0.3945   0.0086
 -0.3769   0.0059   0.2914   0.0065
 -0.3257   0.0092   0.1838   0.0045
 -0.2723   0.0128   0.0714   0.0025
 -0.2167   0.0165  -0.0458   0.0006
 -0.1587   0.0204  -0.1681  -0.0012
 -0.0983   0.0245  -0.2956  -0.0030
 -0.0355   0.0287  -0.4286  -0.0047
  0.0297   0.0329  -0.5672  -0.0064
  0.0976   0.0371  -0.7118  -0.0081
  0.1679   0.0411  -0.8625  -0.0098
  0.2410   0.0447  -1.0196  -0.0116
  0.3166   0.0476  -1.1834  -0.0135
  0.3950   0.0495  -1.3542  -0.0156
  0.4760   0.0499  -1.5322  -0.0180
  0.5597   0.0481  -1.7179  -0.0207
  0.6460   0.0430  -1.9115  -0.0240
  0.7348   0.0335  -2.1135  -0.0280
  0.8260   0.0175  -2.3242  -0.0331
  0.9194  -0.0071  -2.5440  -0.0396
  1.0147  -0.0439  -2.7734  -0.0480
  1.1115  -0.0973  -3.0129  -0.0590
  1.2093  -0.1733  -3.2630  -0.0735
  1.3073  -0.2796  -3.5242  -0.0924
  1.4047  -0.4250  -3.7971  -0.1162
  1.4996  -0.6169  -4.0822  -0.1436
  0.0000   0.0000   0.0000   0.0000
-32.4888  22.1262  -2.5040  -1.3732
-32.4912  22.0937  -2.2456  -1.1218
-32.4942  22.0571  -1.9920  -0.9160
-32.4978  22.0166  -1.7440  -0.7478
-32.5020  21.9722  -1.5027  -0.6105
-32.5068  21.9242  -1.2687  -0.4985
-32.5122  21.8727  -1.0426  -0.4073
-32.5167  21.8183  -0.8248  -0.3331
-32.4632  21.7867  -0.6152  -0.2729
-32.5013  21.7102  -0.4153  -0.2237
-32.5027  21.6482  -0.2243  -0.1836
-32.5042  21.5836  -0.0426  -0.1510
-32.5056  21.5165   0.1297  -0.1244
-32.5070  21.4470   0.2925  -0.1028
-32.5084  21.3751   0.4459  -0.0853
-32.5099  21.3011   0.5898  -0.0711
-32.5114  21.2249   0.7242  -0.0596
-32.5130  21.1468   0.8492  -0.0504
-32.5149  21.0667   0.9649  -0.0429
-32.5170  20.9848   1.0713  -0.0370
-32.5197  20.9011   1.1684  -0.0323
-32.5231  20.8156   1.2565  -0.0285
-32.5280  20.7280   1.3354  -0.0256
-32.5362  20.6379   1.4055  -0.0233
-32.5550  20.5425   1.4665  -0.0214
-32.5045  20.4734   1.5195  -0.0202
-32.5264  20.3743   1.5632  -0.0191
-32.5180  20.2866   1.5987  -0.0184
-32.5036  20.2006   1.6258  -0.0178
-32.5529  20.0880   1.6442  -0.0173
-32.5294  20.0040   1.6550  -0.0169
-32.5229  19.9126   1.6577  -0.0166
-32.5205  19.8191   1.6524  -0.0163
-32.5198  19.7244   1.6394  -0.0160
-32.5197  19.6290   1.6187  -0.0157
-32.5200  19.5332   1.5905  -0.0153
-32.5208  19.4369   1.5549  -0.0149
-32.5219  19.3402   1.5121  -0.0144
-32.5235  19.2431   1.4621  -0.0139
-32.5257  19.1457   1.4052  -0.0134
-32.5287  19.0478   1.3414  -0.0127
-32.5327  18.9494   1.2709  -0.0121
-32.5384  18.8503   1.1938  -0.0113
-32.5465  18.7502   1.1102  -0.0105
-32.5582  18.6486   1.0203  -0.0097
-32.5757  18.5447   0.9242  -0.0088
-32.5026  18.4776   0.8226  -0.0080
-32.5050  18.3797   0.7147  -0.0072
-32.4993  18.2852   0.6011  -0.0064
-32.5737  18.1577   0.4816  -0.0055
-32.4955  18.0928   0.3573  -0.0049
-32.5277  17.9821   0.2272  -0.0042
-32.5256  17.8857   0.0920  -0.0037
-32.5232  17.7893  -0.0481  -0.0033
-32.5205  17.6928  -0.1931  -0.0032
-32.5180  17.5960  -0.3428  -0.0032
-32.5156  17.4988  -0.4970  -0.0036
-32.5134  17.4012  -0.6557  -0.0043
-32.5113  17.3031  -0.8186  -0.0055
-32.5093  17.2045  -0.9856  -0.0072
-32.5059  17.1058  -1.1566  -0.0095
-32.5055  17.0051  -1.3313  -0.0126
-32.5038  16.9042  -1.5097  -0.0165
-32.5018  16.8025  -1.6916  -0.0216
-32.5005  16.6996  -1.8768  -0.0280
-32.4988  16.5956  -2.0652  -0.0360
-32.4971  16.4903  -2.2566  -0.0459
-32.4954  16.3837  -2.4510  -0.0582
-32.4936  16.2756  -2.6481  -0.0734
-32.5026  16.1612  -2.8478  -0.0922
-32.5058  16.0474  -3.0501  -0.1154
-32.5123  15.9302  -3.2547  -0.1441
-32.5247  15.8084  -3.4617  -0.1795
-32.5591  15.6750  -3.6710  -0.2231
-32.4665  15.5927  -3.8825  -0.2771
-32.4805  15.4623  -4.0962  -0.3431
-32.4781  15.3361  -4.3122  -0.4239
-32.4757  15.2067  -4.5307  -0.5222
-32.4731  15.0740  -4.7518  -0.6410
  0.0000   0.0000   0.0000   0.0000
  4.2471  -3.0665   0.6793   2.3758
  3.6543  -2.3891   0.6228   1.6627
  3.1394  -1.7839   0.5635   1.2029
  2.6944  -1.2995   0.4957   0.8773
  2.3085  -0.9417   0.4227   0.6429
  1.9700  -0.6821   0.3472   0.4711
  1.6694  -0.4958   0.2707   0.3432
  1.3995  -0.3631   0.1946   0.2467
  1.1546  -0.2699   0.1197   0.1732
  0.9301  -0.2059   0.0466   0.1168
  0.7224  -0.1634  -0.0244   0.0732
  0.5283  -0.1370  -0.0930   0.0394
  0.3454  -0.1226  -0.1589   0.0130
  0.1712  -0.1171  -0.2220  -0.0078
  0.0037  -0.1182  -0.2824  -0.0243
 -0.1589  -0.1239  -0.3399  -0.0376
 -0.3185  -0.1329  -0.3945  -0.0485
 -0.4773  -0.1445  -0.4464  -0.0575
 -0.6418  -0.1862  -0.4955  -0.0653
 -0.8032  -0.2217  -0.5420  -0.0721
 -0.9597  -0.2529  -0.5861  -0.0781
 -1.1098  -0.2808  -0.6281  -0.0837
 -1.2528  -0.3092  -0.6680  -0.0888
 -1.3865  -0.3340  -0.7062  -0.0937
 -1.5092  -0.3547  -0.7426  -0.0984
 -1.6205  -0.3743  -0.7776  -0.1030
 -1.7180  -0.3891  -0.8112  -0.1074
 -1.8004  -0.3991  -0.8435  -0.1118
 -1.8670  -0.4044  -0.8747  -0.1162
 -1.9172  -0.4054  -0.9048  -0.1205
 -1.9510  -0.4025  -0.9340  -0.1248
 -1.9684  -0.3959  -0.9621  -0.1290
 -1.9698  -0.3862  -0.9893  -0.1333
 -1.9560  -0.3738  -1.0155  -0.1375
 -1.9278  -0.3593  -1.0408  -0.1418
 -1.8861  -0.3430  -1.0651  -0.1460
 -1.8320  -0.3254  -1.0883  -0.1503
 -1.7667  -0.3069  -1.1105  -0.1545
 -1.6914  -0.2879  -1.1316  -0.1588
 -1.6074  -0.2687  -1.1515  -0.1631
 -1.5159  -0.2497  -1.1702  -0.1673
 -1.4180  -0.2309  -1.1876  -0.1716
 -1.3149  -0.2128  -1.2038  -0.1759
 -1.2077  -0.1954  -1.2185  -0.1801
 -1.0973  -0.1788  -1.2319  -0.1844
 -0.9846  -0.1631  -1.2439  -0.1886
 -0.8706  -0.1484  -1.2544  -0.1928
 -0.7560  -0.1348  -1.2634  -0.1970
 -0.6415  -0.1222  -1.2708  -0.2011
 -0.5277  -0.1106  -1.2767  -0.2052
 -0.4151  -0.1002  -1.2810  -0.2093
 -0.3043  -0.0907  -1.2836  -0.2133
 -0.1956  -0.0823  -1.2847  -0.2172
 -0.0895  -0.0749  -1.2840  -0.2211
  0.0138  -0.0685  -1.2817  -0.2249
  0.1138  -0.0630  -1.2777  -0.2286
  0.2104  -0.0585  -1.2720  -0.2322
  0.3034  -0.0549  -1.2645  -0.2356
  0.3924  -0.0522  -1.2553  -0.2390
  0.4774  -0.0504  -1.2443  -0.2422
  0.5581  -0.0495  -1.2316  -0.2453
  0.6344  -0.0494  -1.2170  -0.2482
  0.7062  -0.0499  -1.2007  -0.2509
  0.7732  -0.0507  -1.1825  -0.2535
  0.8352  -0.0509  -1.1625  -0.2559
  0.8927  -0.0543  -1.1406  -0.2580
  0.9451  -0.0561  -1.1169  -0.2600
  0.9927  -0.0566  -1.0913  -0.2617
  1.0357  -0.0554  -1.0637  -0.2632
  1.0744  -0.0534  -1.0342  -0.2644
  1.1089  -0.0509  -1.0026  -0.2654
  1.1396  -0.0482  -0.9691  -0.2661
  1.1665  -0.0453  -0.9334  -0.2664
  1.1900  -0.0425  -0.8955  -0.2665
  1.2101  -0.0398  -0.8555  -0.2662
  1.2270  -0.0373  -0.8132  -0.2656
  1.2409  -0.0349  -0.7685  -0.2647
  1.2518  -0.0327  -0.7215  -0.2633
  1.2600  -0.0307  -0.6721  -0.2616
  1.2655  -0.0289  -0.6202  -0.2594
  1.2684  -0.0272  -0.5657  -0.2569
  1.2689  -0.0258  -0.5086  -0.2539
  1.2670  -0.0245  -0.4488  -0.2505
  1.2629  -0.0233  -0.3863  -0.2466
  1.2567  -0.0224  -0.3209  -0.2422
  1.2484  -0.0216  -0.2527  -0.2373
  1.2381  -0.0209  -0.1815  -0.2320
  1.2260  -0.0204  -0.1072  -0.2261
  1.2120  -0.0200  -0.0299  -0.2196
  1.1964  -0.0198   0.0506  -0.2127
  1.1792  -0.0197   0.1344  -0.2051
  1.1606  -0.0197   0.2215  -0.1970
  0.0000   0.0000   0.0000   0.0000
  1.2423   1.0416  15.7979  29.7839
  1.2161   0.8925  15.6434  29.7116
  1.1913   0.7649  15.4884  29.6389
  1.1678   0.6552  15.3328  29.5656
  1.1456   0.5608  15.1767  29.4919
  1.1247   0.4794  15.0201  29.4177
  1.1050   0.4094  14.8632  29.3430
  1.0864   0.3490  14.7058  29.2680
  1.0690   0.2971  14.5480  29.1925
  1.0525   0.2524  14.3899  29.1166
  1.0370   0.2139  14.2315  29.0402
  1.0224   0.1809  14.0728  28.9635
  1.0087   0.1525  13.9139  28.8863
  0.9957   0.1280  13.7547  28.8087
  0.9836   0.1071  13.5953  28.7307
  0.9722   0.0891  13.4358  28.6523
  0.9615   0.0737  13.2761  28.5735
  0.9514   0.0605  13.1162  28.4943
  0.9420   0.0492  12.9563  28.4146
  0.9332   0.0395  12.7963  28.3345
  0.9250   0.0313  12.6363  28.2540
  0.9174   0.0242  12.4763  28.1729
  0.9102   0.0182  12.3162  28.0915
  0.9036   0.0132  12.1562  28.0095
  0.8975   0.0088  11.9963  27.9271
  0.8918   0.0052  11.8364  27.8441
  0.8866   0.0021  11.6767  27.7607
  0.8818  -0.0004  11.5171  27.6767
  0.8774  -0.0026  11.3576  27.5922
  0.8734  -0.0044  11.1983  27.5071
  0.8698  -0.0059  11.0392  27.4214
  0.8665  -0.0071  10.8804  27.3351
  0.8636  -0.0081  10.7218  27.2482
  0.8610  -0.0089  10.5634  27.1606
  0.8588  -0.0095  10.4054  27.0724
  0.8568  -0.0100  10.2477  26.9835
  0.8551  -0.0104  10.0903  26.8939
  0.8536  -0.0107   9.9332  26.8036
  0.8524  -0.0109   9.7766  26.7125
  0.8515  -0.0110   9.6203  26.6207
  0.8507  -0.0111   9.4645  26.5281
  0.8502  -0.0111   9.3091  26.4346
  0.8498  -0.0111   9.1541  26.3404
  0.8496  -0.0110   8.9996  26.2452
  0.8496  -0.0109   8.8456  26.1493
  0.8497  -0.0108   8.6921  26.0524
  0.8499  -0.0107   8.5391  25.9545
  0.8502  -0.0105   8.3866  25.8558
  0.8506  -0.0104   8.2347  25.7560
  0.8511  -0.0102   8.0833  25.6553
  0.8517  -0.0101   7.9324  25.5535
  0.8523  -0.0099   7.7822  25.4507
  0.8529  -0.0098   7.6324  25.3468
  0.8536  -0.0096   7.4833  25.2419
  0.8542  -0.0094   7.3347  25.1358
  0.8548  -0.0093   7.1867  25.0286
  0.8554  -0.0091   7.0393  24.9203
  0.8559  -0.0089   6.8925  24.8108
  0.8564  -0.0087   6.7462  24.7000
  0.8567  -0.0086   6.6005  24.5880
  0.8570  -0.0084   6.4554  24.4748
  0.8571  -0.0082   6.3108  24.3603
  0.8571  -0.0080   6.1668  24.2445
  0.8569  -0.0079   6.0233  24.1274
  0.8565  -0.0077   5.8803  24.0089
  0.8560  -0.0075   5.7379  23.8891
  0.8552  -0.0073   5.5959  23.7679
  0.8542  -0.0071   5.4543  23.6452
  0.8530  -0.0069   5.3132  23.5211
  0.8515  -0.0067   5.1726  23.3955
  0.8497  -0.0065   5.0323  23.2684
  0.8475  -0.0064   4.8924  23.1397
  0.8451  -0.0063   4.7528  23.0095
  0.8423  -0.0064   4.6135  22.8777
  0.8391  -0.0067   4.4745  22.7443
  0.8355  -0.0073   4.3357  22.6093
  0.8316  -0.0086   4.1971  22.4725
  0.8272  -0.0111   4.0586  22.3340
  0.8224  -0.0161   3.9202  22.1938
  0.0000   0.0000   0.0000   0.0000
 -0.1814  -3.8357  -0.6463  -5.5218
 -0.3272  -2.4343  -1.1150  -4.2283
 -0.4174  -1.5111  -1.4576  -3.2683
 -0.4688  -0.8994  -1.7038  -2.5436
 -0.4933  -0.4930  -1.8759  -1.9877
 -0.4993  -0.2231  -1.9906  -1.5549
 -0.4929  -0.0447  -2.0605  -1.2137
 -0.4783   0.0724  -2.0952  -0.9418
 -0.4585   0.1484  -2.1022  -0.7230
 -0.4354   0.1968  -2.0870  -0.5453
 -0.4105   0.2268  -2.0542  -0.3998
 -0.3848   0.2446  -2.0070  -0.2796
 -0.3590   0.2543  -1.9483  -0.1795
 -0.3335   0.2588  -1.8801  -0.0953
 -0.3088   0.2600  -1.8042  -0.0241
 -0.2849   0.2590  -1.7221   0.0366
 -0.2621   0.2567  -1.6349   0.0887
 -0.2405   0.2537  -1.5437   0.1334
 -0.2200   0.2502  -1.4494   0.1718
 -0.2008   0.2466  -1.3528   0.2048
 -0.1827   0.2430  -1.2546   0.2329
 -0.1658   0.2394  -1.1555   0.2567
 -0.1502   0.2359  -1.0561   0.2766
 -0.1356   0.2325  -0.9568   0.2929
 -0.1222   0.2293  -0.8583   0.3060
 -0.1098   0.2263  -0.7607   0.3162
 -0.0985   0.2234  -0.6647   0.3238
 -0.0881   0.2206  -0.5703   0.3290
 -0.0787   0.2180  -0.4780   0.3322
 -0.0701   0.2155  -0.3878   0.3336
 -0.0624   0.2132  -0.3001   0.3334
 -0.0554   0.2110  -0.2149   0.3318
 -0.0492   0.2089  -0.1323   0.3291
 -0.0436   0.2069  -0.0525   0.3254
 -0.0386   0.2051   0.0245   0.3209
 -0.0342   0.2033   0.0986   0.3157
 -0.0302   0.2017   0.1699   0.3100
 -0.0268   0.2002   0.2382   0.3039
 -0.0237   0.1988   0.3037   0.2975
 -0.0210   0.1975   0.3663   0.2910
 -0.0185   0.1963   0.4261   0.2843
 -0.0164   0.1952   0.4830   0.2776
 -0.0144   0.1942   0.5372   0.2709
 -0.0126   0.1933   0.5886   0.2642
 -0.0108   0.1924   0.6372   0.2577
 -0.0092   0.1917   0.6833   0.2514
 -0.0076   0.1911   0.7267   0.2453
 -0.0059   0.1905   0.7675   0.2393
 -0.0042   0.1901   0.8058   0.2337
 -0.0024   0.1897   0.8416   0.2282
 -0.0005   0.1894   0.8751   0.2231
  0.0015   0.1892   0.9061   0.2182
  0.0038   0.1891   0.9349   0.2136
  0.0062   0.1891   0.9614   0.2092
  0.0089   0.1892   0.9856   0.2051
  0.0119   0.1894   1.0077   0.2013
  0.0151   0.1897   1.0277   0.1978
  0.0186   0.1900   1.0455   0.1945
  0.0225   0.1905   1.0614   0.1915
  0.0267   0.1910   1.0752   0.1887
  0.0312   0.1917   1.0870   0.1862
  0.0361   0.1924   1.0969   0.1839
  0.0413   0.1933   1.1050   0.1818
  0.0470   0.1942   1.1111   0.1800
  0.0530   0.1953   1.1155   0.1784
  0.0593   0.1965   1.1180   0.1769
  0.0661   0.1978   1.1188   0.1757
  0.0733   0.1992   1.1179   0.1746
  0.0808   0.2008   1.1153   0.1738
  0.0887   0.2025   1.1110   0.1731
  0.0970   0.2043   1.1051   0.1725
  0.1057   0.2063   1.0975   0.1722
  0.1147   0.2084   1.0884   0.1720
  0.1241   0.2107   1.0777   0.1719
  0.1339   0.2132   1.0655   0.1720
  0.1440   0.2158   1.0517   0.1722
  0.1545   0.2187   1.0365   0.1726
  0.1653   0.2218   1.0198   0.1731
  0.1764   0.2251   1.0016   0.1737
  0.1878   0.2286   0.9820   0.1744
  0.1996   0.2324   0.9610   0.1753
  0.2116   0.2364   0.9386   0.1762
  0.2239   0.2407   0.9149   0.1773
  0.2365   0.2454   0.8897   0.1784
  0.2493   0.2504   0.8633   0.1796
  0.2624   0.2557   0.8355   0.1810
  0.2757   0.2615   0.8064   0.1823
  0.2892   0.2676   0.7759   0.1838
  0.3029   0.2743   0.7443   0.1853
  0.3168   0.2814   0.7113   0.1869
  0.3308   0.2891   0.6771   0.1885
  0.3450   0.2974   0.6416   0.1902
  0.3593   0.3063   0.6050   0.1918
  0.3736   0.3160   0.5671   0.1935
  0.3881   0.3264   0.5279   0.1951
  0.4025   0.3377   0.4876   0.1966
  0.4170   0.3499   0.4461   0.1981
  0.4315   0.3631   0.4035   0.1993
  0.4459   0.3773   0.3596   0.2003
  0.4602   0.3925   0.3145   0.2009
  0.4744   0.4088   0.2682   0.2009
  0.4883   0.4260   0.2207   0.2001
  0.5021   0.4440   0.1718   0.1982
  0.5156   0.4622   0.1216   0.1947
  0.5287   0.4801   0.0699   0.1890
  0.5413   0.4965   0.0165   0.1802
  0.5533   0.5095  -0.0387   0.1671
  0.5643   0.5164  -0.0962   0.1481
  0.5740   0.5128  -0.1564   0.1209
  0.5816   0.4919  -0.2201   0.0824
  0.5861   0.4432  -0.2880   0.0281
  0.5856   0.3509  -0.3617  -0.0477
  0.5768   0.1912  -0.4429  -0.1532
  0.5540  -0.0747  -0.5342  -0.2997
  0.5095  -0.5113  -0.6392  -0.5023
  0.4335  -1.2275  -0.7631  -0.7822
  0.3082  -2.4072  -0.9126  -1.1682
  0.1359  -4.5118  -1.0999  -1.7003
 -0.2242  -8.4723  -1.3307  -2.4343
 -0.1154  -0.0006  -0.0708  -0.0132
  0.0572  -0.0049  -0.0636  -0.0119
  0.0574  -0.0047  -0.0636  -0.0119
  0.0574  -0.0047  -0.0636  -0.0119
  0.0000   0.0000   0.0000   0.0000
-10.0878  26.5902   1.2378  -0.6382
-10.5669  26.5028   1.1921  -0.5363
-11.0454  26.4099   1.1483  -0.4503
-11.5234  26.3114   1.1062  -0.3779
-12.0010  26.2073   1.0655  -0.3169
-12.4781  26.0975   1.0262  -0.2656
-12.9547  25.9821   0.9880  -0.2224
-13.4308  25.8611   0.9509  -0.1861
-13.9064  25.7346   0.9146  -0.1557
-14.3814  25.6024   0.8791  -0.1302
-14.8558  25.4647   0.8444  -0.1090
-15.3296  25.3215   0.8103  -0.0913
-15.8026  25.1728   0.7767  -0.0767
-16.2749  25.0186   0.7438  -0.0646
-16.7463  24.8591   0.7113  -0.0547
-17.2169  24.6943   0.6792  -0.0467
-17.6864  24.5242   0.6476  -0.0402
-18.1549  24.3490   0.6163  -0.0350
-18.6222  24.1686   0.5854  -0.0310
-19.0883  23.9833   0.5548  -0.0279
-19.5529  23.7931   0.5245  -0.0256
-20.0162  23.5981   0.4945  -0.0239
-20.4778  23.3985   0.4647  -0.0228
-20.9376  23.1943   0.4352  -0.0222
-21.3956  22.9857   0.4058  -0.0220
-21.8515  22.7729   0.3767  -0.0222
-22.3053  22.5560   0.3477  -0.0226
-22.7566  22.3351   0.3189  -0.0232
-23.2053  22.1105   0.2903  -0.0240
-23.6511  21.8823   0.2617  -0.0250
-24.0938  21.6508   0.2332  -0.0262
-24.5331  21.4161   0.2048  -0.0274
-24.9687  21.1786   0.1765  -0.0287
-25.4001  20.9384   0.1481  -0.0300
-25.8268  20.6959   0.1198  -0.0314
-26.2484  20.4514   0.0915  -0.0329
-26.6642  20.2053   0.0631  -0.0344
-27.0736  19.9580   0.0346  -0.0358
-27.4755  19.7099   0.0061  -0.0373
-27.8690  19.4615  -0.0226  -0.0388
-28.2530  19.2136  -0.0514  -0.0403
-28.6259  18.9667  -0.0803  -0.0417
-28.9863  18.7217  -0.1094  -0.0431
-29.3321  18.4794  -0.1388  -0.0445
-29.6615  18.2408  -0.1683  -0.0459
-29.9722  18.0069  -0.1982  -0.0473
-30.2622  17.7786  -0.2283  -0.0486
-30.5298  17.5568  -0.2587  -0.0499
-30.7748  17.3417  -0.2895  -0.0512
-31.0007  17.1318  -0.3208  -0.0524
-31.1922  16.9338  -0.3526  -0.0536
-31.3889  16.7311  -0.3850  -0.0548
-31.7176  16.4702  -0.4191  -0.0558
-31.9739  16.2373  -0.4537  -0.0567
-32.3971  15.9320  -0.4902  -0.0574
-31.9399  15.9953  -0.5224  -0.0589
-31.9517  15.8591  -0.5583  -0.0602
-32.7766  15.3772  -0.5993  -0.0608
-32.8129  15.2258  -0.6374  -0.0617
-32.6112  15.1729  -0.6755  -0.0629
-32.4214  15.1136  -0.7149  -0.0642
-32.4554  14.9576  -0.7564  -0.0653
-32.5275  14.7833  -0.7994  -0.0664
-32.4560  14.6682  -0.8431  -0.0677
-32.6882  14.4215  -0.8892  -0.0688
-32.7796  14.2327  -0.9362  -0.0698
-32.7479  14.0943  -0.9842  -0.0710
-32.7596  13.9352  -1.0338  -0.0721
-32.6302  13.8347  -1.0846  -0.0732
-32.7580  13.6216  -1.1373  -0.0740
-32.8425  13.4248  -1.1915  -0.0746
-32.5373  13.3937  -1.2468  -0.0756
-32.8765  13.0823  -1.3041  -0.0755
-32.5367  13.0619  -1.3626  -0.0759
-32.9085  12.7311  -1.4229  -0.0750
-32.5531  12.7130  -1.4847  -0.0745
-32.8477  12.4099  -1.5479  -0.0726
-32.8829  12.2170  -1.6128  -0.0700
-32.8835  12.0363  -1.6793  -0.0666
  0.0000   0.0000   0.0000   0.0000
  1.2079 -12.3228  -5.8757  -2.0265
  0.8102  -4.9103  -5.5423  -1.4697
  0.7481  -3.0407  -5.2333  -1.0451
  0.7119  -1.9450  -4.9461  -0.7234
  0.6842  -1.2055  -4.6765  -0.4798
  0.6611  -0.6898  -4.4216  -0.2956
  0.6409  -0.3286  -4.1794  -0.1566
  0.6222  -0.0775  -3.9481  -0.0519
  0.6039   0.0952  -3.7266   0.0265
  0.5854   0.2120  -3.5139   0.0848
  0.5662   0.2893  -3.3092   0.1280
  0.5463   0.3384  -3.1120   0.1594
  0.5254   0.3677  -2.9217   0.1819
  0.5036   0.3830  -2.7379   0.1976
  0.4810   0.3885  -2.5603   0.2081
  0.4576   0.3870  -2.3884   0.2145
  0.4335   0.3808  -2.2222   0.2179
  0.4089   0.3714  -2.0612   0.2190
  0.3838   0.3599  -1.9054   0.2183
  0.3583   0.3470  -1.7544   0.2162
  0.3326   0.3335  -1.6080   0.2132
  0.3067   0.3196  -1.4662   0.2094
  0.2807   0.3057  -1.3287   0.2050
  0.2547   0.2919  -1.1954   0.2003
  0.2287   0.2785  -1.0661   0.1954
  0.2028   0.2656  -0.9407   0.1903
  0.1771   0.2531  -0.8189   0.1851
  0.1516   0.2411  -0.7008   0.1799
  0.1265   0.2297  -0.5861   0.1748
  0.1016   0.2189  -0.4747   0.1698
  0.0772   0.2086  -0.3665   0.1650
  0.0531   0.1988  -0.2614   0.1602
  0.0295   0.1895  -0.1593   0.1557
  0.0064   0.1807  -0.0600   0.1514
 -0.0161   0.1724   0.0364   0.1473
 -0.0381   0.1646   0.1302   0.1434
 -0.0596   0.1572   0.2214   0.1398
 -0.0804   0.1502   0.3100   0.1364
 -0.1006   0.1436   0.3963   0.1334
 -0.1202   0.1374   0.4801   0.1305
 -0.1391   0.1316   0.5617   0.1280
 -0.1573   0.1260   0.6411   0.1257
 -0.1748   0.1208   0.7182   0.1237
 -0.1916   0.1159   0.7933   0.1220
 -0.2077   0.1113   0.8662   0.1206
 -0.2230   0.1070   0.9372   0.1195
 -0.2376   0.1029   1.0061   0.1186
 -0.2514   0.0991   1.0731   0.1181
 -0.2645   0.0955   1.1381   0.1178
 -0.2768   0.0921   1.2012   0.1178
 -0.2883   0.0889   1.2624   0.1180
 -0.2990   0.0859   1.3217   0.1186
 -0.3089   0.0831   1.3791   0.1194
 -0.3180   0.0805   1.4346   0.1204
 -0.3262   0.0780   1.4882   0.1217
 -0.3337   0.0757   1.5399   0.1232
 -0.3403   0.0736   1.5896   0.1249
 -0.3460   0.0716   1.6374   0.1269
 -0.3509   0.0697   1.6832   0.1290
 -0.3550   0.0680   1.7270   0.1314
 -0.3581   0.0663   1.7687   0.1339
 -0.3604   0.0648   1.8082   0.1366
 -0.3619   0.0634   1.8456   0.1394
 -0.3624   0.0621   1.8808   0.1424
 -0.3620   0.0610   1.9137   0.1455
 -0.3607   0.0599   1.9441   0.1487
 -0.3584   0.0588   1.9722   0.1520
 -0.3553   0.0579   1.9976   0.1554
 -0.3512   0.0571   2.0205   0.1588
 -0.3461   0.0563   2.0406   0.1623
 -0.3401   0.0556   2.0578   0.1659
 -0.3330   0.0550   2.0720   0.1695
 -0.3250   0.0545   2.0832   0.1732
 -0.3160   0.0540   2.0911   0.1769
 -0.3059   0.0536   2.0957   0.1806
 -0.2949   0.0533   2.0968   0.1843
 -0.2827   0.0530   2.0942   0.1880
 -0.2695   0.0528   2.0877   0.1917
 -0.2553   0.0527   2.0773   0.1954
 -0.2399   0.0526   2.0628   0.1991
 -0.2234   0.0526   2.0438   0.2027
 -0.2058   0.0527   2.0204   0.2063
 -0.1870   0.0528   1.9922   0.2098
 -0.1671   0.0530   1.9592   0.2133
 -0.1460   0.0532   1.9210   0.2167
 -0.1237   0.0535   1.8774   0.2199
 -0.1002   0.0539   1.8283   0.2230
 -0.0755   0.0544   1.7734   0.2260
 -0.0495   0.0549   1.7125   0.2287
 -0.0223   0.0554   1.6454   0.2311
  0.0062   0.0561   1.5717   0.2333
  0.0361   0.0568   1.4914   0.2350
  0.0672   0.0576   1.4040   0.2363
  0.0997   0.0584   1.3094   0.2371
  0.1336   0.0593   1.2073   0.2372
  0.1688   0.0602   1.0975   0.2364
  0.2054   0.0612   0.9796   0.2347
  0.2435   0.0623   0.8534   0.2317
  0.2829   0.0634   0.7187   0.2272
  0.3239   0.0644   0.5752   0.2209
  0.3663   0.0655   0.4227   0.2122
  0.4102   0.0666   0.2609   0.2006
  0.4557   0.0676   0.0896   0.1852
  0.5028   0.0685  -0.0913   0.1649
  0.5514   0.0692  -0.2820   0.1384
  0.6018   0.0697  -0.4825   0.1036
  0.6538   0.0698  -0.6928   0.0581
  0.7076   0.0695  -0.9126  -0.0017
  0.7632   0.0685  -1.1415  -0.0804
  0.8208   0.0668  -1.3790  -0.1845
  0.8805   0.0639  -1.6238  -0.3226
  0.9424   0.0597  -1.8745  -0.5065
  1.0068   0.0536  -2.1286  -0.7526
  1.0740   0.0452  -2.3828  -1.0831
  1.1443   0.0339  -2.6324  -1.5285
  1.2182   0.0189  -2.8707  -2.1309
  1.2966  -0.0009  -3.0883  -2.9482
  1.3803  -0.0264  -3.2726  -4.0596
  0.0000   0.0000   0.0000   0.0000
  0.6838   0.1356  19.6055  32.6060
  0.6951   0.1220  19.5925  32.7108
  0.7048   0.1051  19.4103  32.6107
  0.7144   0.0876  19.2997  32.5996
  0.7237   0.0706  19.2417  32.6555
  0.7325   0.0546  19.1724  32.7004
  0.7401   0.0398  18.9904  32.6032
  0.7477   0.0265  18.8652  32.5799
  0.7552   0.0148  18.8017  32.6379
  0.7618   0.0045  18.6495  32.5828
  0.7685  -0.0045  18.5758  32.6324
  0.7745  -0.0123  18.4305  32.5894
  0.7802  -0.0191  18.2982  32.5653
  0.7861  -0.0248  18.2280  32.6271
  0.7915  -0.0297  18.1089  32.6250
  0.7970  -0.0337  18.0600  32.7234
  0.8012  -0.0373  17.8170  32.5524
  0.8061  -0.0401  17.7346  32.6077
  0.8105  -0.0425  17.5856  32.5715
  0.8148  -0.0444  17.4430  32.5461
  0.8192  -0.0459  17.3440  32.5852
  0.8233  -0.0471  17.2145  32.5825
  0.8278  -0.0480  17.1644  32.6991
  0.8316  -0.0486  17.0261  32.6882
  0.8351  -0.0490  16.8315  32.5952
  0.8390  -0.0492  16.7226  32.6316
  0.8426  -0.0492  16.5629  32.5937
  0.8459  -0.0491  16.3662  32.5016
  0.8499  -0.0488  16.3169  32.6344
  0.8537  -0.0484  16.2173  32.6944
  0.8568  -0.0479  15.9929  32.5624
  0.8602  -0.0473  15.8429  32.5469
  0.8638  -0.0466  15.7205  32.5761
  0.8668  -0.0459  15.4864  32.4324
  0.8702  -0.0451  15.3374  32.4221
  0.8741  -0.0444  15.2759  32.5510
  0.8777  -0.0436  15.1650  32.6050
  0.8812  -0.0427  15.0152  32.5979
  0.8840  -0.0418  14.7428  32.3956
  0.8882  -0.0410  14.7400  32.6267
  0.8921  -0.0401  14.6812  32.7730
  0.8952  -0.0391  14.4611  32.6538
  0.8977  -0.0379  14.1039  32.3140
  0.9017  -0.0371  14.0662  32.4923
  0.9047  -0.0360  13.8077  32.3138
  0.9086  -0.0352  13.7298  32.4285
  0.9121  -0.0343  13.6006  32.4610
  0.9155  -0.0335  13.4271  32.4209
  0.9189  -0.0326  13.2512  32.3766
  0.9223  -0.0319  13.0747  32.3316
  0.9258  -0.0312  12.9368  32.3496
  0.9295  -0.0307  12.8379  32.4320
  0.9323  -0.0300  12.5308  32.1719
  0.9359  -0.0297  12.4039  32.2059
  0.9391  -0.0294  12.2267  32.1579
  0.9425  -0.0294  12.0674  32.1381
  0.9459  -0.0296  11.9436  32.1749
  0.9489  -0.0299  11.7140  32.0397
  0.9519  -0.0305  11.5103  31.9464
  0.9549  -0.0314  11.3064  31.8522
  0.9578  -0.0328  11.1150  31.7768
  0.9607  -0.0347  10.9326  31.7145
  0.9635  -0.0371  10.7542  31.6573
  0.9662  -0.0402  10.5783  31.6025
  0.9689  -0.0441  10.4041  31.5489
  0.9715  -0.0489  10.2313  31.4957
  0.9739  -0.0548  10.0595  31.4426
  0.9763  -0.0619   9.8888  31.3892
  0.9786  -0.0706   9.7191  31.3355
  0.9808  -0.0811   9.5505  31.2816
  0.9828  -0.0938   9.3830  31.2271
  0.9849  -0.1091   9.2164  31.1720
  0.9868  -0.1275   9.0508  31.1161
  0.9887  -0.1498   8.8860  31.0592
  0.9906  -0.1768   8.7221  31.0012
  0.9925  -0.2096   8.5591  30.9420
  0.9945  -0.2497   8.3968  30.8815
  0.9967  -0.2990   8.2355  30.8197
  0.9992  -0.3598   8.0749  30.7565
  0.0000   0.0000   0.0000   0.0000
  1.0455  -0.1278  -3.5546  -4.6893
  0.9825  -0.0674  -3.4774  -3.4073
  0.9256  -0.0238  -3.3573  -2.4654
  0.8732   0.0073  -3.2082  -1.7714
  0.8243   0.0293  -3.0403  -1.2589
  0.7781   0.0446  -2.8611  -0.8797
  0.7341   0.0550  -2.6760  -0.5990
  0.6918   0.0619  -2.4891  -0.3911
  0.6510   0.0662  -2.3032  -0.2373
  0.6115   0.0686  -2.1204  -0.1236
  0.5731   0.0697  -1.9420  -0.0399
  0.5357   0.0698  -1.7689   0.0216
  0.4992   0.0692  -1.6017   0.0665
  0.4636   0.0682  -1.4409   0.0990
  0.4288   0.0669  -1.2866   0.1224
  0.3948   0.0653  -1.1388   0.1388
  0.3616   0.0636  -0.9974   0.1502
  0.3291   0.0618  -0.8625   0.1578
  0.2974   0.0601  -0.7339   0.1626
  0.2665   0.0583  -0.6113   0.1653
  0.2363   0.0565  -0.4947   0.1665
  0.2068   0.0548  -0.3837   0.1666
  0.1781   0.0531  -0.2782   0.1658
  0.1501   0.0515  -0.1780   0.1645
  0.1228   0.0499  -0.0829   0.1627
  0.0963   0.0484   0.0074   0.1607
  0.0705   0.0470   0.0929   0.1585
  0.0454   0.0456   0.1740   0.1562
  0.0211   0.0443   0.2507   0.1538
 -0.0025   0.0430   0.3233   0.1513
 -0.0254   0.0418   0.3919   0.1489
 -0.0476   0.0407   0.4567   0.1465
 -0.0691   0.0396   0.5179   0.1441
 -0.0898   0.0386   0.5755   0.1418
 -0.1098   0.0376   0.6297   0.1395
 -0.1292   0.0367   0.6807   0.1373
 -0.1478   0.0358   0.7286   0.1352
 -0.1656   0.0350   0.7734   0.1331
 -0.1828   0.0342   0.8154   0.1310
 -0.1993   0.0335   0.8546   0.1291
 -0.2151   0.0328   0.8911   0.1271
 -0.2302   0.0321   0.9250   0.1253
 -0.2445   0.0315   0.9565   0.1235
 -0.2582   0.0309   0.9855   0.1217
 -0.2712   0.0304   1.0122   0.1200
 -0.2835   0.0298   1.0367   0.1184
 -0.2951   0.0294   1.0590   0.1167
 -0.3060   0.0289   1.0791   0.1152
 -0.3162   0.0285   1.0973   0.1136
 -0.3257   0.0281   1.1134   0.1121
 -0.3345   0.0277   1.1276   0.1107
 -0.3426   0.0274   1.1400   0.1092
 -0.3501   0.0271   1.1505   0.1078
 -0.3568   0.0268   1.1593   0.1065
 -0.3629   0.0266   1.1663   0.1051
 -0.3682   0.0264   1.1716   0.1038
 -0.3728   0.0262   1.1753   0.1025
 -0.3768   0.0260   1.1773   0.1012
 -0.3800   0.0259   1.1778   0.1000
 -0.3826   0.0258   1.1767   0.0988
 -0.3844   0.0257   1.1740   0.0976
 -0.3855   0.0256   1.1698   0.0964
 -0.3859   0.0256   1.1641   0.0952
 -0.3855   0.0256   1.1569   0.0941
 -0.3844   0.0257   1.1483   0.0930
 -0.3826   0.0258   1.1382   0.0919
 -0.3801   0.0259   1.1266   0.0908
 -0.3768   0.0261   1.1136   0.0897
 -0.3727   0.0263   1.0992   0.0887
 -0.3679   0.0265   1.0833   0.0877
 -0.3623   0.0268   1.0660   0.0867
 -0.3559   0.0271   1.0473   0.0858
 -0.3487   0.0275   1.0271   0.0848
 -0.3408   0.0279   1.0054   0.0839
 -0.3320   0.0283   0.9824   0.0831
 -0.3224   0.0289   0.9578   0.0822
 -0.3120   0.0294   0.9318   0.0814
 -0.3007   0.0301   0.9043   0.0806
 -0.2885   0.0308   0.8752   0.0799
 -0.2755   0.0315   0.8447   0.0792
 -0.2617   0.0323   0.8125   0.0785
 -0.2469   0.0332   0.7788   0.0779
 -0.2312   0.0342   0.7435   0.0773
 -0.2145   0.0352   0.7066   0.0767
 -0.1970   0.0363   0.6680   0.0762
 -0.1785   0.0375   0.6277   0.0757
 -0.1589   0.0388   0.5857   0.0752
 -0.1384   0.0401   0.5419   0.0748
 -0.1169   0.0415   0.4963   0.0744
 -0.0944   0.0430   0.4489   0.0741
 -0.0708   0.0446   0.3996   0.0738
 -0.0461   0.0463   0.3483   0.0735
 -0.0204   0.0480   0.2950   0.0732
  0.0065   0.0498   0.2397   0.0729
  0.0345   0.0517   0.1823   0.0726
  0.0636   0.0535   0.1228   0.0724
  0.0940   0.0554   0.0610   0.0720
  0.1255   0.0571  -0.0030   0.0717
  0.1583   0.0588  -0.0694   0.0712
  0.1923   0.0602  -0.1382   0.0706
  0.2276   0.0613  -0.2095   0.0698
  0.2642   0.0619  -0.2834   0.0686
  0.3021   0.0618  -0.3599   0.0671
  0.3414   0.0607  -0.4391   0.0651
  0.3821   0.0581  -0.5212   0.0623
  0.4241   0.0536  -0.6062   0.0584
  0.4677   0.0464  -0.6943   0.0532
  0.5127   0.0354  -0.7855   0.0460
  0.5592   0.0193  -0.8801   0.0363
  0.6072  -0.0036  -0.9781   0.0230
  0.6569  -0.0360  -1.0798   0.0050
  0.7082  -0.0811  -1.1853  -0.0196
  0.7612  -0.1434  -1.2951  -0.0529
  0.8160  -0.2290  -1.4093  -0.0982
  0.8726  -0.3461  -1.5285  -0.1597
  0.9314  -0.5059  -1.6530  -0.2432
  0.9923  -0.7232  -1.7837  -0.3567
  1.0558  -1.0182  -1.9215  -0.5108
  1.1219  -1.4181  -2.0674  -0.7203
  0.0500  -0.0026  -0.0759  -0.0142
  0.0000   0.0000   0.0000   0.0000
-19.0532  24.0140   1.3673  -0.4871
-19.3547  23.9195   1.3210  -0.4209
-19.6557  23.8200   1.2758  -0.3651
-19.9562  23.7156   1.2318  -0.3181
-20.2563  23.6063   1.1889  -0.2786
-20.5559  23.4924   1.1470  -0.2454
-20.8550  23.3738   1.1061  -0.2176
-21.1537  23.2508   1.0660  -0.1943
-21.4518  23.1233   1.0267  -0.1749
-21.7493  22.9915   0.9881  -0.1587
-22.0463  22.8555   0.9502  -0.1453
-22.3427  22.7154   0.9129  -0.1343
-22.6386  22.5714   0.8763  -0.1253
-22.9337  22.4234   0.8401  -0.1179
-23.2282  22.2715   0.8044  -0.1120
-23.5220  22.1160   0.7692  -0.1072
-23.8150  21.9569   0.7344  -0.1035
-24.1072  21.7943   0.6999  -0.1006
-24.3986  21.6283   0.6658  -0.0984
-24.6891  21.4590   0.6319  -0.0968
-24.9788  21.2865   0.5984  -0.0957
-25.2674  21.1109   0.5650  -0.0950
-25.5550  20.9323   0.5319  -0.0947
-25.8416  20.7509   0.4989  -0.0946
-26.1270  20.5666   0.4661  -0.0948
-26.4112  20.3797   0.4334  -0.0951
-26.6941  20.1902   0.4008  -0.0956
-26.9757  19.9982   0.3682  -0.0962
-27.2559  19.8038   0.3356  -0.0968
-27.5346  19.6072   0.3030  -0.0975
-27.8116  19.4085   0.2704  -0.0983
-28.0869  19.2077   0.2377  -0.0991
-28.3604  19.0051   0.2049  -0.0999
-28.6318  18.8007   0.1720  -0.1007
-28.9010  18.5946   0.1389  -0.1015
-29.1678  18.3871   0.1057  -0.1023
-29.4318  18.1782   0.0722  -0.1030
-29.6928  17.9683   0.0385  -0.1037
-29.9504  17.7575   0.0046  -0.1043
-30.2040  17.5461  -0.0297  -0.1049
-30.4529  17.3344  -0.0642  -0.1055
-30.6963  17.1228  -0.0991  -0.1059
-30.9331  16.9120  -0.1344  -0.1063
-31.1617  16.7024  -0.1701  -0.1066
-31.3806  16.4949  -0.2062  -0.1069
-31.5876  16.2904  -0.2427  -0.1070
-31.7803  16.0899  -0.2797  -0.1071
-31.9532  15.8960  -0.3172  -0.1071
-32.1064  15.7085  -0.3553  -0.1070
-32.2384  15.5281  -0.3938  -0.1068
-32.3495  15.3548  -0.4330  -0.1065
-32.6079  15.1156  -0.4732  -0.1059
-32.5321  15.0194  -0.5133  -0.1056
-32.6473  14.8385  -0.5546  -0.1050
-32.7583  14.6576  -0.5967  -0.1042
-32.8599  14.4790  -0.6397  -0.1034
-32.8248  14.3576  -0.6831  -0.1025
-32.8914  14.1904  -0.7277  -0.1014
-32.8626  14.0625  -0.7730  -0.1002
-32.8760  13.9144  -0.8194  -0.0988
-32.8880  13.7650  -0.8667  -0.0971
-32.9014  13.6130  -0.9151  -0.0952
-32.9195  13.4568  -0.9645  -0.0930
-32.8514  13.3360  -1.0149  -0.0904
-32.8634  13.1780  -1.0664  -0.0872
-32.8750  13.0184  -1.1191  -0.0833
-32.8883  12.8555  -1.1728  -0.0785
-32.8698  12.7041  -1.2278  -0.0725
-28.4925  14.3384  -1.2848  -0.0700
-32.8971  12.3666  -1.3392  -0.0612
-32.8643  12.2134  -1.3968  -0.0556
-32.9064  12.0251  -1.4556  -0.0478
-32.8971  11.8564  -1.5157  -0.0382
-32.9088  11.6753  -1.5768  -0.0264
-32.9092  11.4966  -1.6392  -0.0123
-32.9077  11.3151  -1.7027   0.0047
-32.9096  11.1288  -1.7674   0.0251
-32.9280  10.9328  -1.8333   0.0495
-32.9282  10.7408  -1.9004   0.0788
  0.0000   0.0000   0.0000   0.0000
  4.7880  -5.1494 -10.4834  -1.4241
  4.6704  -3.5153  -9.7499  -1.0508
  4.5046  -2.3415  -9.0778  -0.7711
  4.3092  -1.5073  -8.4563  -0.5611
  4.0962  -0.9199  -7.8772  -0.4029
  3.8735  -0.5102  -7.3343  -0.2833
  3.6463  -0.2278  -6.8230  -0.1925
  3.4184  -0.0364  -6.3396  -0.1234
  3.1921   0.0903  -5.8812  -0.0706
  2.9692   0.1709  -5.4456  -0.0302
  2.7507   0.2189  -5.0307   0.0007
  2.5374   0.2439  -4.6350   0.0242
  2.3299   0.2527  -4.2572   0.0421
  2.1283   0.2502  -3.8961   0.0556
  1.9329   0.2401  -3.5506   0.0656
  1.7436   0.2247  -3.2199   0.0729
  1.5606   0.2061  -2.9031   0.0780
  1.3836   0.1853  -2.5995   0.0814
  1.2127   0.1635  -2.3083   0.0834
  1.0477   0.1412  -2.0290   0.0844
  0.8885   0.1190  -1.7608   0.0846
  0.7349   0.0972  -1.5034   0.0841
  0.5868   0.0760  -1.2561   0.0831
  0.4442   0.0555  -1.0184   0.0817
  0.3067   0.0360  -0.7900   0.0800
  0.1743   0.0175  -0.5704   0.0782
  0.0469   0.0000  -0.3592   0.0763
 -0.0756  -0.0164  -0.1560   0.0744
 -0.1935  -0.0318   0.0396   0.0725
 -0.3068  -0.0461   0.2278   0.0706
 -0.4157  -0.0593   0.4090   0.0689
 -0.5201  -0.0715   0.5834   0.0673
 -0.6204  -0.0827   0.7514   0.0659
 -0.7164  -0.0928   0.9131   0.0647
 -0.8085  -0.1020   1.0689   0.0637
 -0.8965  -0.1103   1.2189   0.0629
 -0.9807  -0.1176   1.3634   0.0624
 -1.0611  -0.1240   1.5025   0.0622
 -1.1378  -0.1296   1.6364   0.0623
 -1.2108  -0.1343   1.7652   0.0626
 -1.2802  -0.1383   1.8892   0.0632
 -1.3461  -0.1414   2.0083   0.0641
 -1.4085  -0.1439   2.1228   0.0653
 -1.4675  -0.1456   2.2327   0.0668
 -1.5231  -0.1466   2.3382   0.0685
 -1.5754  -0.1471   2.4392   0.0705
 -1.6244  -0.1469   2.5359   0.0728
 -1.6702  -0.1461   2.6283   0.0753
 -1.7127  -0.1448   2.7164   0.0781
 -1.7520  -0.1429   2.8004   0.0811
 -1.7881  -0.1406   2.8801   0.0843
 -1.8210  -0.1378   2.9556   0.0877
 -1.8508  -0.1346   3.0270   0.0912
 -1.8775  -0.1310   3.0941   0.0948
 -1.9010  -0.1270   3.1570   0.0986
 -1.9214  -0.1227   3.2156   0.1025
 -1.9387  -0.1181   3.2699   0.1064
 -1.9528  -0.1132   3.3199   0.1103
 -1.9638  -0.1080   3.3654   0.1142
 -1.9717  -0.1026   3.4065   0.1181
 -1.9764  -0.0970   3.4431   0.1219
 -1.9779  -0.0912   3.4751   0.1256
 -1.9762  -0.0853   3.5023   0.1292
 -1.9713  -0.0792   3.5248   0.1326
 -1.9632  -0.0730   3.5424   0.1358
 -1.9518  -0.0668   3.5550   0.1387
 -1.9370  -0.0604   3.5625   0.1414
 -1.9190  -0.0541   3.5648   0.1438
 -1.8975  -0.0476   3.5618   0.1459
 -1.8726  -0.0412   3.5534   0.1476
 -1.8443  -0.0348   3.5393   0.1490
 -1.8124  -0.0284   3.5196   0.1499
 -1.7770  -0.0220   3.4941   0.1504
 -1.7380  -0.0157   3.4625   0.1505
 -1.6953  -0.0095   3.4249   0.1501
 -1.6488  -0.0033   3.3809   0.1493
 -1.5986   0.0028   3.3306   0.1479
 -1.5445   0.0088   3.2736   0.1461
 -1.4865   0.0148   3.2100   0.1437
 -1.4244   0.0206   3.1394   0.1407
 -1.3583   0.0263   3.0617   0.1373
 -1.2880   0.0319   2.9768   0.1333
 -1.2135   0.0373   2.8845   0.1287
 -1.1347   0.0427   2.7845   0.1236
 -1.0515   0.0479   2.6767   0.1179
 -0.9637   0.0530   2.5610   0.1116
 -0.8714   0.0580   2.4371   0.1048
 -0.7744   0.0628   2.3047   0.0973
 -0.6726   0.0675   2.1638   0.0893
 -0.5659   0.0721   2.0141   0.0806
 -0.4542   0.0765   1.8553   0.0713
 -0.3374   0.0808   1.6872   0.0614
 -0.2154   0.0850   1.5097   0.0508
 -0.0880   0.0891   1.3224   0.0395
  0.0448   0.0930   1.1252   0.0274
  0.1832   0.0967   0.9177   0.0145
  0.3274   0.1004   0.6998   0.0008
  0.4774   0.1039   0.4711  -0.0139
  0.6333   0.1072   0.2315  -0.0298
  0.7954   0.1104  -0.0195  -0.0468
  0.9638   0.1134  -0.2820  -0.0654
  1.1385   0.1163  -0.5562  -0.0857
  1.3199   0.1190  -0.8425  -0.1081
  1.5080   0.1216  -1.1410  -0.1331
  1.7030   0.1240  -1.4520  -0.1616
  1.9050   0.1263  -1.7755  -0.1944
  2.1144   0.1284  -2.1117  -0.2329
  2.3311   0.1306  -2.4604  -0.2792
  2.5555   0.1328  -2.8215  -0.3360
  2.7878   0.1352  -3.1944  -0.4071
  3.0281   0.1380  -3.5784  -0.4982
  3.2768   0.1416  -3.9720  -0.6173
  3.5341   0.1464  -4.3731  -0.7758
  3.8003   0.1533  -4.7784  -0.9902
  4.0759   0.1632  -5.1831  -1.2843
  4.3612   0.1777  -5.5801  -1.6925
  4.6569   0.1991  -5.9588  -2.2650
  4.9637   0.2306  -6.3042  -3.0742
  5.2826   0.2765  -6.5943  -4.2262
  0.0000   0.0000   0.0000   0.0000
  0.4952   0.0161  21.2492  31.8850
  0.5039   0.0119  21.1197  31.8769
  0.5125   0.0080  20.9886  31.8681
  0.5212   0.0043  20.8560  31.8587
  0.5298   0.0007  20.7218  31.8484
  0.5385  -0.0028  20.5860  31.8375
  0.5472  -0.0062  20.4485  31.8260
  0.5559  -0.0094  20.3094  31.8137
  0.5647  -0.0124  20.1687  31.8008
  0.5735  -0.0151  20.0264  31.7873
  0.5823  -0.0177  19.8824  31.7731
  0.5911  -0.0200  19.7368  31.7584
  0.5999  -0.0220  19.5895  31.7430
  0.6088  -0.0238  19.4407  31.7271
  0.6177  -0.0253  19.2903  31.7106
  0.6266  -0.0266  19.1383  31.6935
  0.6355  -0.0277  18.9848  31.6760
  0.6445  -0.0286  18.8300  31.6581
  0.6535  -0.0292  18.6733  31.6395
  0.6626  -0.0297  18.5155  31.6206
  0.6717  -0.0300  18.3562  31.6013
  0.6808  -0.0302  18.1956  31.5817
  0.6900  -0.0302  18.0337  31.5618
  0.6992  -0.0301  17.8706  31.5416
  0.7084  -0.0298  17.7063  31.5212
  0.7177  -0.0295  17.5409  31.5007
  0.7270  -0.0291  17.3744  31.4800
  0.7363  -0.0286  17.2069  31.4592
  0.7457  -0.0280  17.0384  31.4384
  0.7551  -0.0273  16.8690  31.4175
  0.7646  -0.0266  16.6986  31.3966
  0.7740  -0.0258  16.5274  31.3756
  0.7835  -0.0250  16.3553  31.3546
  0.7930  -0.0242  16.1824  31.3336
  0.8025  -0.0233  16.0087  31.3125
  0.8121  -0.0224  15.8342  31.2913
  0.8216  -0.0215  15.6589  31.2699
  0.8311  -0.0205  15.4829  31.2484
  0.8406  -0.0196  15.3061  31.2267
  0.8501  -0.0186  15.1286  31.2049
  0.8596  -0.0177  14.9504  31.1827
  0.8690  -0.0168  14.7715  31.1603
  0.8784  -0.0158  14.5920  31.1376
  0.8878  -0.0150  14.4119  31.1147
  0.8971  -0.0141  14.2313  31.0914
  0.9063  -0.0133  14.0501  31.0677
  0.9154  -0.0125  13.8684  31.0437
  0.9245  -0.0118  13.6862  31.0194
  0.9335  -0.0112  13.5036  30.9947
  0.9423  -0.0107  13.3206  30.9695
  0.9510  -0.0103  13.1373  30.9439
  0.9597  -0.0100  12.9536  30.9178
  0.9681  -0.0099  12.7696  30.8913
  0.9764  -0.0100  12.5853  30.8641
  0.9846  -0.0102  12.4008  30.8364
  0.9925  -0.0108  12.2161  30.8080
  1.0003  -0.0116  12.0311  30.7788
  1.0079  -0.0128  11.8459  30.7489
  1.0153  -0.0144  11.6605  30.7181
  1.0224  -0.0165  11.4749  30.6864
  1.0293  -0.0191  11.2891  30.6537
  1.0360  -0.0224  11.1032  30.6200
  1.0424  -0.0266  10.9171  30.5850
  1.0485  -0.0316  10.7308  30.5488
  1.0544  -0.0378  10.5443  30.5113
  1.0599  -0.0452  10.3577  30.4724
  1.0652  -0.0542  10.1708  30.4320
  1.0702  -0.0649   9.9838  30.3900
  1.0750  -0.0778   9.7966  30.3462
  1.0794  -0.0932   9.6092  30.3008
  1.0836  -0.1115   9.4216  30.2534
  1.0875  -0.1332   9.2338  30.2041
  1.0911  -0.1590   9.0457  30.1527
  1.0946  -0.1896   8.8574  30.0991
  1.0978  -0.2258   8.6688  30.0433
  1.1009  -0.2685   8.4799  29.9852
  1.1040  -0.3189   8.2907  29.9245
  1.1070  -0.3782   8.1011  29.8613
  1.1102  -0.4479   7.9111  29.7953
  0.0000   0.0000   0.0000   0.0000
  0.8217  -0.1127  -1.3349  -3.1847
  0.7701  -0.0641  -1.3799  -2.3636
  0.7232  -0.0286  -1.3908  -1.7573
  0.6798  -0.0027  -1.3771  -1.3080
  0.6394   0.0160  -1.3458  -0.9739
  0.6012   0.0294  -1.3021  -0.7246
  0.5650   0.0390  -1.2500  -0.5380
  0.5304   0.0456  -1.1921  -0.3979
  0.4971   0.0502  -1.1307  -0.2923
  0.4650   0.0532  -1.0672  -0.2124
  0.4340   0.0551  -1.0028  -0.1517
  0.4040   0.0561  -0.9384  -0.1054
  0.3748   0.0565  -0.8745  -0.0697
  0.3466   0.0565  -0.8115  -0.0422
  0.3191   0.0562  -0.7497  -0.0207
  0.2923   0.0557  -0.6894  -0.0038
  0.2663   0.0550  -0.6307   0.0096
  0.2410   0.0542  -0.5737   0.0204
  0.2164   0.0534  -0.5184   0.0292
  0.1924   0.0525  -0.4649   0.0363
  0.1691   0.0516  -0.4132   0.0423
  0.1465   0.0507  -0.3632   0.0474
  0.1245   0.0497  -0.3150   0.0516
  0.1031   0.0489  -0.2685   0.0553
  0.0823   0.0480  -0.2238   0.0585
  0.0621   0.0471  -0.1807   0.0613
  0.0425   0.0463  -0.1392   0.0638
  0.0235   0.0455  -0.0994   0.0660
  0.0051   0.0447  -0.0611   0.0679
 -0.0127   0.0440  -0.0244   0.0696
 -0.0300   0.0433   0.0108   0.0712
 -0.0467   0.0426   0.0446   0.0725
 -0.0628   0.0419   0.0769   0.0738
 -0.0784   0.0413   0.1078   0.0749
 -0.0934   0.0406   0.1374   0.0759
 -0.1079   0.0401   0.1656   0.0767
 -0.1219   0.0395   0.1925   0.0775
 -0.1353   0.0389   0.2181   0.0782
 -0.1481   0.0384   0.2425   0.0787
 -0.1605   0.0379   0.2657   0.0792
 -0.1723   0.0375   0.2877   0.0796
 -0.1836   0.0370   0.3085   0.0800
 -0.1943   0.0366   0.3282   0.0803
 -0.2045   0.0362   0.3468   0.0805
 -0.2142   0.0358   0.3643   0.0806
 -0.2234   0.0354   0.3807   0.0807
 -0.2321   0.0351   0.3961   0.0807
 -0.2402   0.0347   0.4104   0.0807
 -0.2478   0.0344   0.4237   0.0806
 -0.2549   0.0341   0.4361   0.0805
 -0.2614   0.0339   0.4475   0.0803
 -0.2675   0.0336   0.4579   0.0801
 -0.2730   0.0334   0.4674   0.0799
 -0.2780   0.0331   0.4760   0.0796
 -0.2824   0.0329   0.4837   0.0793
 -0.2864   0.0327   0.4905   0.0789
 -0.2897   0.0326   0.4964   0.0785
 -0.2926   0.0324   0.5015   0.0781
 -0.2949   0.0323   0.5056   0.0777
 -0.2966   0.0322   0.5090   0.0772
 -0.2979   0.0321   0.5115   0.0767
 -0.2985   0.0320   0.5132   0.0762
 -0.2986   0.0320   0.5141   0.0757
 -0.2981   0.0320   0.5141   0.0751
 -0.2971   0.0320   0.5134   0.0746
 -0.2954   0.0320   0.5118   0.0740
 -0.2932   0.0320   0.5094   0.0734
 -0.2904   0.0321   0.5063   0.0728
 -0.2870   0.0322   0.5024   0.0722
 -0.2829   0.0323   0.4976   0.0715
 -0.2783   0.0325   0.4921   0.0709
 -0.2730   0.0327   0.4858   0.0703
 -0.2671   0.0329   0.4787   0.0696
 -0.2605   0.0332   0.4709   0.0689
 -0.2533   0.0335   0.4622   0.0683
 -0.2454   0.0338   0.4527   0.0676
 -0.2369   0.0342   0.4425   0.0670
 -0.2276   0.0346   0.4314   0.0663
 -0.2177   0.0351   0.4195   0.0656
 -0.2070   0.0356   0.4068   0.0650
 -0.1956   0.0361   0.3933   0.0643
 -0.1834   0.0367   0.3790   0.0636
 -0.1705   0.0373   0.3638   0.0630
 -0.1568   0.0380   0.3477   0.0623
 -0.1424   0.0388   0.3308   0.0617
 -0.1271   0.0396   0.3131   0.0610
 -0.1110   0.0405   0.2944   0.0604
 -0.0941   0.0414   0.2748   0.0598
 -0.0763   0.0424   0.2544   0.0591
 -0.0577   0.0434   0.2329   0.0585
 -0.0381   0.0445   0.2106   0.0579
 -0.0177   0.0456   0.1873   0.0573
  0.0037   0.0468   0.1629   0.0567
  0.0260   0.0480   0.1376   0.0561
  0.0493   0.0491   0.1113   0.0555
  0.0736   0.0503   0.0838   0.0549
  0.0988   0.0515   0.0554   0.0543
  0.1251   0.0525   0.0258   0.0537
  0.1525   0.0534  -0.0049   0.0530
  0.1809   0.0540  -0.0368   0.0523
  0.2105   0.0543  -0.0699   0.0516
  0.2411   0.0541  -0.1041   0.0508
  0.2730   0.0531  -0.1397   0.0499
  0.3059   0.0511  -0.1765   0.0489
  0.3401   0.0478  -0.2147   0.0477
  0.3755   0.0426  -0.2542   0.0462
  0.4121   0.0347  -0.2951   0.0444
  0.4500   0.0234  -0.3376   0.0422
  0.4892   0.0072  -0.3816   0.0394
  0.5298  -0.0154  -0.4271   0.0358
  0.5717  -0.0467  -0.4744   0.0311
  0.6150  -0.0898  -0.5235   0.0250
  0.6597  -0.1487  -0.5745   0.0169
  0.7060  -0.2289  -0.6275   0.0062
  0.7538  -0.3379  -0.6827  -0.0080
  0.8033  -0.4855  -0.7404  -0.0269
  0.8546  -0.6852  -0.8008  -0.0521
  0.9078  -0.9547  -0.8642  -0.0858
  0.9630  -1.3181  -0.9313  -0.1308
  0.0000   0.0000   0.0000   0.0000
-20.3816  24.3080   1.3779  -0.4496
-20.6824  24.1946   1.3315  -0.3980
-20.9828  24.0761   1.2865  -0.3506
-21.2827  23.9527   1.2429  -0.3088
-21.5822  23.8244   1.2007  -0.2729
-21.8811  23.6914   1.1596  -0.2423
-22.1796  23.5538   1.1197  -0.2165
-22.4776  23.4117   1.0809  -0.1949
-22.7750  23.2652   1.0429  -0.1769
-23.0720  23.1145   1.0059  -0.1620
-23.3683  22.9595   0.9696  -0.1496
-23.6641  22.8006   0.9341  -0.1395
-23.9593  22.6377   0.8993  -0.1313
-24.2538  22.4710   0.8650  -0.1246
-24.5477  22.3005   0.8313  -0.1193
-24.8409  22.1265   0.7980  -0.1151
-25.1334  21.9490   0.7652  -0.1118
-25.4251  21.7680   0.7328  -0.1093
-25.7161  21.5838   0.7008  -0.1075
-26.0062  21.3964   0.6690  -0.1062
-26.2955  21.2060   0.6375  -0.1054
-26.5840  21.0126   0.6062  -0.1049
-26.8715  20.8164   0.5751  -0.1048
-27.1580  20.6174   0.5441  -0.1049
-27.4436  20.4157   0.5132  -0.1052
-27.7282  20.2115   0.4823  -0.1057
-28.0116  20.0049   0.4515  -0.1063
-28.2941  19.7959   0.4207  -0.1069
-28.5753  19.5847   0.3898  -0.1077
-28.8554  19.3713   0.3588  -0.1085
-29.1343  19.1558   0.3277  -0.1093
-29.4119  18.9384   0.2965  -0.1101
-29.6882  18.7192   0.2650  -0.1109
-29.9631  18.4981   0.2334  -0.1116
-30.2366  18.2754   0.2015  -0.1124
-30.5085  18.0511   0.1693  -0.1130
-30.7790  17.8253   0.1368  -0.1136
-31.0479  17.5980   0.1040  -0.1141
-31.3153  17.3694   0.0708  -0.1144
-31.5818  17.1392   0.0373  -0.1146
-31.8490  16.9067   0.0033  -0.1147
-32.1245  16.6689  -0.0312  -0.1145
-32.5142  16.3772  -0.0669  -0.1139
-32.7239  16.1730  -0.1019  -0.1132
-32.8551  16.0016  -0.1370  -0.1122
-29.3738  17.2688  -0.1552  -0.1128
-32.2692  16.0131  -0.2035  -0.1123
-31.8957  16.0516  -0.2378  -0.1133
-31.6995  16.0133  -0.2741  -0.1136
-31.9688  15.7730  -0.3136  -0.1133
-32.7757  15.2985  -0.3565  -0.1122
-32.0294  15.4974  -0.3939  -0.1122
-32.7261  15.0473  -0.4386  -0.1104
-32.9852  14.7935  -0.4827  -0.1088
-32.9752  14.6558  -0.5269  -0.1073
-30.1147  15.8037  -0.5626  -0.1088
-32.9747  14.3628  -0.6185  -0.1036
-32.9745  14.2171  -0.6665  -0.1018
-32.8062  14.1782  -0.7151  -0.1004
-32.8847  14.0663  -0.7654  -0.0989
-32.3290  14.1347  -0.8166  -0.0960
-32.1047  14.0880  -0.8698  -0.0928
-31.0407  14.3147  -0.9230  -0.0899
-31.1863  14.1885  -0.9798  -0.0865
-32.9215  13.1761  -1.0392  -0.0781
-32.6828  13.0820  -1.0981  -0.0713
-32.7777  12.7208  -1.1580  -0.0629
-30.0083  14.0746  -1.2173  -0.0633
-32.9541  12.4241  -1.2777  -0.0509
-29.8301  13.8480  -1.3412  -0.0506
-29.2988  13.9098  -1.4048  -0.0432
-32.7177  12.3042  -1.4676  -0.0294
-32.9378  12.0830  -1.5348  -0.0174
-26.9649  14.3719  -1.6102  -0.0069
-32.9671  11.3790  -1.6701   0.0215
-26.5610  14.1873  -1.7547   0.0281
-26.5230  14.0129  -1.8277   0.0476
-32.9465  10.8881  -1.8866   0.0799
-32.9590  10.5686  -1.9610   0.1036
  0.0000   0.0000   0.0000   0.0000
  3.9949  -4.9661  -8.3701  -1.5798
  3.8645  -3.5816  -7.8420  -1.1821
  3.7100  -2.5443  -7.3553  -0.8777
  3.5406  -1.7764  -6.9026  -0.6443
  3.3621  -1.2122  -6.4782  -0.4651
  3.1784  -0.7995  -6.0779  -0.3272
  2.9925  -0.4993  -5.6985  -0.2209
  2.8064  -0.2824  -5.3373  -0.1387
  2.6217  -0.1271  -4.9925  -0.0750
  2.4396  -0.0176  -4.6624  -0.0256
  2.2609   0.0580  -4.3459   0.0127
  2.0862   0.1084  -4.0419   0.0424
  1.9158   0.1402  -3.7496   0.0654
  1.7500   0.1582  -3.4683   0.0831
  1.5890   0.1663  -3.1973   0.0966
  1.4329   0.1670  -2.9361   0.1069
  1.2816   0.1625  -2.6843   0.1145
  1.1352   0.1543  -2.4413   0.1201
  0.9936   0.1436  -2.2068   0.1239
  0.8567   0.1313  -1.9804   0.1264
  0.7245   0.1180  -1.7618   0.1278
  0.5969   0.1042  -1.5506   0.1283
  0.4738   0.0902  -1.3466   0.1281
  0.3552   0.0764  -1.1496   0.1273
  0.2408   0.0630  -0.9591   0.1261
  0.1307   0.0500  -0.7750   0.1246
  0.0248   0.0376  -0.5971   0.1228
 -0.0771   0.0258  -0.4251   0.1208
 -0.1750   0.0147  -0.2588   0.1186
 -0.2690   0.0044  -0.0981   0.1164
 -0.3591  -0.0053   0.0573   0.1142
 -0.4456  -0.0141   0.2075   0.1120
 -0.5284  -0.0222   0.3528   0.1098
 -0.6076  -0.0296   0.4931   0.1077
 -0.6833  -0.0362   0.6288   0.1057
 -0.7555  -0.0422   0.7599   0.1039
 -0.8244  -0.0474   0.8865   0.1022
 -0.8899  -0.0519   1.0088   0.1007
 -0.9521  -0.0558   1.1269   0.0994
 -1.0112  -0.0591   1.2409   0.0982
 -1.0671  -0.0618   1.3508   0.0974
 -1.1199  -0.0639   1.4567   0.0967
 -1.1696  -0.0654   1.5587   0.0963
 -1.2163  -0.0664   1.6569   0.0961
 -1.2600  -0.0668   1.7514   0.0962
 -1.3007  -0.0668   1.8421   0.0965
 -1.3386  -0.0664   1.9291   0.0971
 -1.3736  -0.0655   2.0125   0.0979
 -1.4057  -0.0642   2.0923   0.0990
 -1.4350  -0.0625   2.1684   0.1003
 -1.4616  -0.0604   2.2410   0.1019
 -1.4853  -0.0580   2.3100   0.1037
 -1.5063  -0.0553   2.3753   0.1057
 -1.5246  -0.0523   2.4371   0.1079
 -1.5401  -0.0491   2.4953   0.1103
 -1.5529  -0.0456   2.5498   0.1129
 -1.5631  -0.0419   2.6006   0.1156
 -1.5705  -0.0379   2.6478   0.1185
 -1.5752  -0.0338   2.6912   0.1215
 -1.5773  -0.0296   2.7308   0.1246
 -1.5766  -0.0252   2.7665   0.1278
 -1.5733  -0.0207   2.7984   0.1311
 -1.5673  -0.0161   2.8263   0.1343
 -1.5585  -0.0114   2.8502   0.1376
 -1.5471  -0.0066   2.8700   0.1409
 -1.5329  -0.0018   2.8857   0.1442
 -1.5161   0.0031   2.8970   0.1474
 -1.4964   0.0080   2.9041   0.1505
 -1.4740   0.0129   2.9067   0.1534
 -1.4488   0.0178   2.9048   0.1563
 -1.4208   0.0227   2.8983   0.1590
 -1.3900   0.0275   2.8871   0.1615
 -1.3563   0.0323   2.8711   0.1638
 -1.3198   0.0371   2.8501   0.1658
 -1.2803   0.0418   2.8241   0.1677
 -1.2379   0.0465   2.7929   0.1692
 -1.1925   0.0510   2.7565   0.1704
 -1.1442   0.0555   2.7147   0.1713
 -1.0927   0.0600   2.6673   0.1719
 -1.0382   0.0643   2.6144   0.1721
 -0.9806   0.0685   2.5556   0.1719
 -0.9199   0.0727   2.4909   0.1714
 -0.8559   0.0767   2.4202   0.1704
 -0.7887   0.0807   2.3433   0.1689
 -0.7182   0.0845   2.2600   0.1670
 -0.6444   0.0883   2.1703   0.1646
 -0.5671   0.0919   2.0739   0.1617
 -0.4865   0.0955   1.9708   0.1583
 -0.4024   0.0989   1.8607   0.1543
 -0.3147   0.1022   1.7436   0.1497
 -0.2234   0.1054   1.6191   0.1445
 -0.1285   0.1085   1.4873   0.1387
 -0.0299   0.1114   1.3479   0.1321
  0.0725   0.1142   1.2008   0.1247
  0.1788   0.1170   1.0457   0.1165
  0.2889   0.1195   0.8826   0.1073
  0.4030   0.1220   0.7113   0.0971
  0.5211   0.1242   0.5315   0.0857
  0.6432   0.1263   0.3432   0.0730
  0.7696   0.1282   0.1462   0.0586
  0.9001   0.1299  -0.0596   0.0423
  1.0350   0.1313  -0.2744   0.0238
  1.1743   0.1324  -0.4982   0.0023
  1.3180   0.1331  -0.7311  -0.0227
  1.4663   0.1334  -0.9731  -0.0522
  1.6192   0.1331  -1.2242  -0.0876
  1.7769   0.1322  -1.4841  -0.1307
  1.9394   0.1305  -1.7526  -0.1840
  2.1070   0.1278  -2.0292  -0.2507
  2.2797   0.1239  -2.3132  -0.3357
  2.4577   0.1186  -2.6032  -0.4452
  2.6413   0.1115  -2.8979  -0.5882
  2.8308   0.1024  -3.1946  -0.7771
  3.0265   0.0909  -3.4900  -1.0288
  3.2290   0.0766  -3.7794  -1.3674
  3.4390   0.0593  -4.0559  -1.8259
  3.6573   0.0387  -4.3101  -2.4508
  3.8851   0.0147  -4.5289  -3.3065
  0.0000   0.0000   0.0000   0.0000
