  0.0000   0.2565  -0.1200
  0.0000   0.2565  -0.1200
  0.0000   0.2565  -0.1200
  0.0000   0.2565  -0.1201
  0.0000   0.2565  -0.1202
  0.0001   0.2565  -0.1204
  0.0001   0.2566  -0.1206
  0.0001   0.2566  -0.1209
  0.0002   0.2566  -0.1212
  0.0002   0.2566  -0.1216
  0.0003   0.2567  -0.1220
  0.0003   0.2567  -0.1224
  0.0004   0.2568  -0.1229
  0.0005   0.2568  -0.1234
  0.0006   0.2569  -0.1239
  0.0007   0.2569  -0.1245
  0.0008   0.2570  -0.1252
  0.0009   0.2570  -0.1258
  0.0010   0.2571  -0.1265
  0.0011   0.2572  -0.1272
  0.0012   0.2572  -0.1280
  0.0013   0.2573  -0.1288
  0.0014   0.2574  -0.1296
  0.0016   0.2575  -0.1304
  0.0017   0.2576  -0.1313
  0.0018   0.2577  -0.1321
  0.0020   0.2578  -0.1330
  0.0021   0.2578  -0.1340
  0.0023   0.2579  -0.1349
  0.0025   0.2580  -0.1359
  0.0026   0.2581  -0.1369
  0.0028   0.2583  -0.1379
  0.0030   0.2584  -0.1389
  0.0032   0.2585  -0.1399
  0.0034   0.2586  -0.1410
  0.0035   0.2587  -0.1420
  0.0037   0.2588  -0.1431
  0.0039   0.2590  -0.1442
  0.0041   0.2591  -0.1453
  0.0044   0.2592  -0.1464
  0.0046   0.2593  -0.1475
  0.0048   0.2595  -0.1486
  0.0050   0.2596  -0.1497
  0.0052   0.2597  -0.1508
  0.0055   0.2599  -0.1520
  0.0057   0.2600  -0.1531
  0.0059   0.2602  -0.1542
  0.0062   0.2603  -0.1554
  0.0064   0.2605  -0.1565
  0.0067   0.2606  -0.1576
  0.0069   0.2608  -0.1588
  0.0072   0.2609  -0.1599
  0.0074   0.2611  -0.1610
  0.0077   0.2612  -0.1622
  0.0079   0.2614  -0.1633
  0.0082   0.2615  -0.1644
  0.0085   0.2617  -0.1655
  0.0087   0.2619  -0.1666
  0.0090   0.2620  -0.1677
  0.0093   0.2622  -0.1687
  0.0096   0.2624  -0.1698
  0.0099   0.2625  -0.1708
  0.0102   0.2627  -0.1719
  0.0104   0.2629  -0.1729
  0.0107   0.2631  -0.1739
  0.0110   0.2632  -0.1749
  0.0113   0.2634  -0.1759
  0.0116   0.2636  -0.1768
  0.0119   0.2638  -0.1778
  0.0122   0.2640  -0.1787
  0.0125   0.2641  -0.1796
  0.0128   0.2643  -0.1805
  0.0132   0.2645  -0.1814
  0.0135   0.2647  -0.1823
  0.0138   0.2649  -0.1831
  0.0141   0.2651  -0.1839
  0.0144   0.2653  -0.1848
  0.0147   0.2655  -0.1855
  0.0151   0.2657  -0.1863
  0.0154   0.2659  -0.1871
  0.0157   0.2661  -0.1878
  0.0161   0.2663  -0.1885
  0.0164   0.2665  -0.1892
  0.0167   0.2667  -0.1899
  0.0171   0.2669  -0.1905
  0.0174   0.2671  -0.1911
  0.0177   0.2673  -0.1917
  0.0181   0.2675  -0.1923
  0.0184   0.2677  -0.1928
  0.0188   0.2679  -0.1934
  0.0191   0.2681  -0.1939
  0.0195   0.2683  -0.1944
  0.0198   0.2686  -0.1948
  0.0202   0.2688  -0.1952
  0.0205   0.2690  -0.1957
  0.0209   0.2692  -0.1960
  0.0212   0.2694  -0.1964
  0.0216   0.2697  -0.1967
  0.0219   0.2699  -0.1970
  0.0223   0.2701  -0.1973
  0.0226   0.2703  -0.1975
  0.0230   0.2706  -0.1977
  0.0234   0.2708  -0.1979
  0.0237   0.2710  -0.1981
  0.0241   0.2712  -0.1982
  0.0245   0.2715  -0.1983
  0.0248   0.2717  -0.1983
  0.0252   0.2719  -0.1983
  0.0256   0.2722  -0.1983
  0.0260   0.2724  -0.1983
  0.0263   0.2726  -0.1982
  0.0267   0.2728  -0.1981
  0.0271   0.2731  -0.1979
  0.0275   0.2733  -0.1978
  0.0278   0.2736  -0.1975
  0.0282   0.2738  -0.1973
  0.0286   0.2740  -0.1970
  0.0290   0.2743  -0.1967
  0.0294   0.2745  -0.1963
  0.0297   0.2747  -0.1959
  0.0297   0.2747  -0.1959
  0.0301   0.2750  -0.1954
  0.0305   0.2752  -0.1950
  0.0309   0.2754  -0.1945
  0.0313   0.2757  -0.1941
  0.0317   0.2759  -0.1936
  0.0321   0.2761  -0.1932
  0.0325   0.2763  -0.1927
  0.0330   0.2765  -0.1923
  0.0334   0.2768  -0.1918
  0.0338   0.2770  -0.1914
  0.0342   0.2772  -0.1910
  0.0347   0.2774  -0.1905
  0.0351   0.2776  -0.1901
  0.0356   0.2778  -0.1897
  0.0360   0.2780  -0.1893
  0.0365   0.2782  -0.1889
  0.0370   0.2784  -0.1884
  0.0374   0.2786  -0.1880
  0.0379   0.2788  -0.1876
  0.0384   0.2790  -0.1873
  0.0389   0.2792  -0.1869
  0.0394   0.2794  -0.1865
  0.0399   0.2795  -0.1861
  0.0404   0.2797  -0.1857
  0.0409   0.2799  -0.1854
  0.0414   0.2801  -0.1850
  0.0419   0.2803  -0.1846
  0.0424   0.2805  -0.1843
  0.0429   0.2807  -0.1839
  0.0435   0.2808  -0.1836
  0.0440   0.2810  -0.1833
  0.0446   0.2812  -0.1829
  0.0451   0.2814  -0.1826
  0.0457   0.2816  -0.1822
  0.0462   0.2817  -0.1819
  0.0468   0.2819  -0.1816
  0.0473   0.2821  -0.1813
  0.0479   0.2823  -0.1809
  0.0485   0.2824  -0.1806
  0.0491   0.2826  -0.1803
  0.0497   0.2828  -0.1800
  0.0503   0.2830  -0.1796
  0.0509   0.2831  -0.1793
  0.0515   0.2833  -0.1790
  0.0521   0.2835  -0.1787
  0.0527   0.2837  -0.1784
  0.0533   0.2839  -0.1781
  0.0539   0.2840  -0.1777
  0.0545   0.2842  -0.1774
  0.0552   0.2844  -0.1771
  0.0558   0.2846  -0.1768
  0.0565   0.2847  -0.1764
  0.0571   0.2849  -0.1761
  0.0578   0.2851  -0.1758
  0.0584   0.2853  -0.1755
  0.0591   0.2855  -0.1751
  0.0598   0.2856  -0.1748
  0.0604   0.2858  -0.1744
  0.0611   0.2860  -0.1741
  0.0618   0.2862  -0.1737
  0.0625   0.2864  -0.1734
  0.0632   0.2866  -0.1730
  0.0639   0.2867  -0.1727
  0.0646   0.2869  -0.1723
  0.0653   0.2871  -0.1719
  0.0660   0.2873  -0.1716
  0.0668   0.2875  -0.1712
  0.0675   0.2877  -0.1708
  0.0682   0.2879  -0.1704
  0.0690   0.2881  -0.1700
  0.0697   0.2883  -0.1696
  0.0704   0.2885  -0.1692
  0.0712   0.2887  -0.1688
  0.0720   0.2889  -0.1683
  0.0727   0.2891  -0.1679
  0.0735   0.2893  -0.1674
  0.0743   0.2895  -0.1670
  0.0750   0.2897  -0.1665
  0.0758   0.2899  -0.1661
  0.0766   0.2901  -0.1656
  0.0774   0.2903  -0.1651
  0.0782   0.2906  -0.1646
  0.0790   0.2908  -0.1641
  0.0798   0.2910  -0.1635
  0.0807   0.2912  -0.1630
  0.0815   0.2915  -0.1625
  0.0823   0.2917  -0.1619
  0.0831   0.2919  -0.1613
  0.0840   0.2922  -0.1607
  0.0848   0.2924  -0.1601
  0.0857   0.2927  -0.1595
  0.0865   0.2929  -0.1589
  0.0874   0.2932  -0.1583
  0.0883   0.2934  -0.1576
  0.0891   0.2937  -0.1570
  0.0900   0.2939  -0.1563
  0.0909   0.2942  -0.1556
  0.0918   0.2945  -0.1549
  0.0927   0.2947  -0.1542
  0.0000   0.2947  -0.1542
  0.0009   0.2950  -0.1535
  0.0018   0.2952  -0.1527
  0.0027   0.2955  -0.1520
  0.0036   0.2958  -0.1512
  0.0045   0.2961  -0.1504
  0.0055   0.2963  -0.1497
  0.0064   0.2966  -0.1489
  0.0073   0.2968  -0.1482
  0.0082   0.2971  -0.1474
  0.0092   0.2973  -0.1466
  0.0101   0.2976  -0.1458
  0.0111   0.2978  -0.1450
  0.0120   0.2981  -0.1443
  0.0130   0.2983  -0.1435
  0.0139   0.2985  -0.1426
  0.0149   0.2988  -0.1418
  0.0159   0.2990  -0.1410
  0.0168   0.2992  -0.1401
  0.0178   0.2995  -0.1393
  0.0188   0.2997  -0.1385
  0.0198   0.2999  -0.1376
  0.0208   0.3002  -0.1367
  0.0218   0.3004  -0.1359
  0.0228   0.3006  -0.1350
  0.0238   0.3008  -0.1341
  0.0248   0.3010  -0.1332
  0.0258   0.3012  -0.1323
  0.0268   0.3015  -0.1313
  0.0278   0.3017  -0.1304
  0.0289   0.3019  -0.1295
  0.0299   0.3021  -0.1285
  0.0309   0.3023  -0.1276
  0.0320   0.3025  -0.1266
  0.0330   0.3027  -0.1256
  0.0341   0.3029  -0.1246
  0.0352   0.3031  -0.1236
  0.0362   0.3033  -0.1225
  0.0373   0.3035  -0.1215
  0.0384   0.3037  -0.1204
  0.0395   0.3039  -0.1194
  0.0406   0.3041  -0.1183
  0.0417   0.3043  -0.1171
  0.0428   0.3045  -0.1160
  0.0439   0.3047  -0.1149
  0.0450   0.3049  -0.1137
  0.0461   0.3051  -0.1125
  0.0472   0.3053  -0.1113
  0.0484   0.3055  -0.1101
  0.0495   0.3057  -0.1088
  0.0506   0.3059  -0.1076
  0.0518   0.3061  -0.1063
  0.0529   0.3064  -0.1050
  0.0541   0.3066  -0.1036
  0.0553   0.3068  -0.1022
  0.0564   0.3070  -0.1009
  0.0576   0.3072  -0.0994
  0.0588   0.3074  -0.0980
  0.0600   0.3076  -0.0965
  0.0612   0.3078  -0.0950
  0.0624   0.3080  -0.0935
  0.0636   0.3082  -0.0919
  0.0649   0.3084  -0.0903
  0.0661   0.3086  -0.0887
  0.0673   0.3089  -0.0870
  0.0686   0.3091  -0.0853
  0.0698   0.3093  -0.0836
  0.0711   0.3095  -0.0819
  0.0723   0.3098  -0.0801
  0.0736   0.3100  -0.0782
  0.0749   0.3102  -0.0764
  0.0761   0.3104  -0.0744
  0.0774   0.3107  -0.0725
  0.0787   0.3109  -0.0704
  0.0800   0.3112  -0.0682
  0.0813   0.3114  -0.0660
  0.0826   0.3117  -0.0636
  0.0839   0.3119  -0.0612
  0.0853   0.3122  -0.0586
  0.0866   0.3125  -0.0560
  0.0866   0.3125  -0.0560
  0.0879   0.3127  -0.0532
  0.0892   0.3130  -0.0505
  0.0906   0.3133  -0.0478
  0.0919   0.3135  -0.0451
  0.0932   0.3137  -0.0424
  0.0945   0.3140  -0.0397
  0.0958   0.3142  -0.0370
  0.0971   0.3144  -0.0343
  0.0984   0.3146  -0.0317
  0.0998   0.3148  -0.0290
  0.1011   0.3149  -0.0263
  0.1024   0.3151  -0.0236
  0.1037   0.3153  -0.0209
  0.1050   0.3154  -0.0182
  0.1063   0.3156  -0.0155
  0.1076   0.3157  -0.0128
  0.1089   0.3158  -0.0100
  0.1102   0.3159  -0.0073
  0.1115   0.3160  -0.0046
  0.1128   0.3161  -0.0018
  0.1141   0.3162   0.0009
  0.1154   0.3163   0.0036
  0.1167   0.3164   0.0064
  0.1180   0.3164   0.0091
  0.1193   0.3165   0.0119
  0.1206   0.3165   0.0146
  0.1219   0.3166   0.0174
  0.1232   0.3166   0.0201
  0.1245   0.3166   0.0229
  0.1258   0.3166   0.0256
  0.1271   0.3166   0.0284
  0.1284   0.3166   0.0312
  0.1297   0.3166   0.0339
  0.1310   0.3165   0.0367
  0.1323   0.3165   0.0394
  0.1336   0.3165   0.0422
  0.1349   0.3164   0.0449
  0.1362   0.3163   0.0477
  0.1375   0.3162   0.0504
  0.1388   0.3162   0.0532
  0.1400   0.3161   0.0559
  0.1413   0.3159   0.0587
  0.1426   0.3158   0.0614
  0.1439   0.3157   0.0642
  0.1452   0.3156   0.0669
  0.1465   0.3154   0.0696
  0.1478   0.3153   0.0724
  0.1491   0.3151   0.0751
  0.1504   0.3149   0.0778
  0.1517   0.3147   0.0805
  0.1530   0.3145   0.0832
  0.1543   0.3143   0.0859
  0.1556   0.3141   0.0886
  0.1569   0.3139   0.0913
  0.1582   0.3136   0.0940
  0.1595   0.3134   0.0966
  0.1608   0.3131   0.0993
  0.1621   0.3128   0.1019
  0.1635   0.3125   0.1046
  0.1648   0.3122   0.1072
  0.1661   0.3119   0.1099
  0.1674   0.3116   0.1125
  0.1687   0.3113   0.1151
  0.1700   0.3110   0.1177
  0.1713   0.3106   0.1203
  0.1726   0.3103   0.1229
  0.1739   0.3099   0.1255
  0.1753   0.3095   0.1280
  0.1766   0.3091   0.1306
  0.1779   0.3087   0.1332
  0.1792   0.3083   0.1357
  0.1805   0.3079   0.1382
  0.1819   0.3074   0.1407
  0.1832   0.3070   0.1433
  0.1845   0.3065   0.1458
  0.1858   0.3061   0.1483
  0.1872   0.3056   0.1508
  0.1885   0.3051   0.1533
  0.1898   0.3046   0.1558
  0.1898   0.3046   0.1558
  0.1912   0.3041   0.1584
  0.1925   0.3036   0.1608
  0.1938   0.3031   0.1631
  0.1952   0.3026   0.1654
  0.1965   0.3021   0.1675
  0.1978   0.3016   0.1695
  0.1992   0.3011   0.1715
  0.2005   0.3007   0.1733
  0.2018   0.3002   0.1750
  0.2032   0.2997   0.1767
  0.2045   0.2993   0.1782
  0.2059   0.2989   0.1796
  0.2072   0.2984   0.1810
  0.2085   0.2980   0.1823
  0.2099   0.2976   0.1834
  0.2112   0.2972   0.1845
  0.2125   0.2968   0.1855
  0.2139   0.2964   0.1864
  0.2152   0.2960   0.1872
  0.2166   0.2957   0.1879
  0.2179   0.2953   0.1885
  0.2192   0.2949   0.1890
  0.2206   0.2946   0.1895
  0.2219   0.2943   0.1898
  0.2233   0.2940   0.1901
  0.2246   0.2936   0.1903
  0.2260   0.2933   0.1904
  0.2273   0.2930   0.1904
  0.2286   0.2928   0.1904
  0.2300   0.2925   0.1902
  0.2313   0.2922   0.1900
  0.2327   0.2920   0.1897
  0.2340   0.2917   0.1893
  0.2354   0.2915   0.1889
  0.2367   0.2913   0.1883
  0.2380   0.2911   0.1877
  0.2394   0.2909   0.1870
  0.2407   0.2907   0.1862
  0.2421   0.2905   0.1854
  0.2434   0.2904   0.1844
  0.2448   0.2902   0.1834
  0.2461   0.2901   0.1824
  0.2475   0.2899   0.1812
  0.2488   0.2898   0.1800
  0.2502   0.2897   0.1787
  0.2515   0.2896   0.1773
  0.2529   0.2896   0.1759
  0.2542   0.2895   0.1744
  0.2556   0.2894   0.1728
  0.2570   0.2894   0.1711
  0.2583   0.2894   0.1694
  0.2597   0.2894   0.1676
  0.2610   0.2894   0.1657
  0.2624   0.2894   0.1638
  0.2638   0.2894   0.1618
  0.2651   0.2894   0.1597
  0.2665   0.2895   0.1576
  0.2679   0.2895   0.1554
  0.2692   0.2896   0.1532
  0.2706   0.2897   0.1508
  0.2720   0.2898   0.1484
  0.2733   0.2899   0.1460
  0.2747   0.2901   0.1435
  0.2761   0.2902   0.1409
  0.2775   0.2904   0.1382
  0.2789   0.2906   0.1355
  0.2802   0.2907   0.1328
  0.2816   0.2910   0.1299
  0.2830   0.2912   0.1271
  0.2844   0.2914   0.1241
  0.2858   0.2917   0.1211
  0.2872   0.2919   0.1180
  0.2886   0.2922   0.1149
  0.2900   0.2925   0.1117
  0.2914   0.2928   0.1085
  0.2928   0.2931   0.1052
  0.2942   0.2935   0.1019
  0.2956   0.2938   0.0985
  0.2971   0.2942   0.0950
  0.2971   0.2942   0.0950
  0.2985   0.2946   0.0915
  0.2999   0.2950   0.0880
  0.3013   0.2953   0.0847
  0.3027   0.2957   0.0814
  0.3041   0.2960   0.0781
  0.3055   0.2964   0.0749
  0.3069   0.2967   0.0717
  0.3083   0.2970   0.0686
  0.3097   0.2973   0.0655
  0.3111   0.2976   0.0624
  0.3125   0.2979   0.0594
  0.3139   0.2982   0.0564
  0.3153   0.2985   0.0534
  0.3166   0.2987   0.0504
  0.3180   0.2990   0.0475
  0.3194   0.2992   0.0445
  0.3208   0.2995   0.0416
  0.3222   0.2997   0.0387
  0.3236   0.2999   0.0358
  0.3249   0.3001   0.0330
  0.3263   0.3003   0.0301
  0.3277   0.3005   0.0272
  0.3291   0.3007   0.0244
  0.3304   0.3009   0.0215
  0.3318   0.3010   0.0187
  0.3332   0.3012   0.0159
  0.3346   0.3013   0.0131
  0.3359   0.3015   0.0102
  0.3373   0.3016   0.0074
  0.3387   0.3017   0.0046
  0.3400   0.3018   0.0018
  0.3414   0.3019  -0.0010
  0.3428   0.3020  -0.0039
  0.3441   0.3021  -0.0067
  0.3455   0.3021  -0.0095
  0.3469   0.3022  -0.0123
  0.3482   0.3022  -0.0152
  0.3496   0.3023  -0.0180
  0.3510   0.3023  -0.0208
  0.3523   0.3023  -0.0237
  0.3537   0.3023  -0.0265
  0.3550   0.3023  -0.0294
  0.3564   0.3023  -0.0323
  0.3578   0.3023  -0.0351
  0.3591   0.3022  -0.0380
  0.3605   0.3022  -0.0409
  0.3619   0.3021  -0.0438
  0.3632   0.3021  -0.0467
  0.3646   0.3020  -0.0496
  0.3659   0.3019  -0.0525
  0.3673   0.3018  -0.0555
  0.3687   0.3017  -0.0584
  0.3700   0.3016  -0.0613
  0.3714   0.3015  -0.0643
  0.3728   0.3013  -0.0673
  0.3741   0.3012  -0.0703
  0.3755   0.3010  -0.0733
  0.3769   0.3009  -0.0763
  0.3782   0.3007  -0.0793
  0.3796   0.3005  -0.0823
  0.3810   0.3003  -0.0854
  0.3823   0.3001  -0.0884
  0.3837   0.2998  -0.0915
  0.3851   0.2996  -0.0946
  0.3864   0.2994  -0.0977
  0.3878   0.2991  -0.1008
  0.3892   0.2989  -0.1039
  0.3906   0.2986  -0.1071
  0.3919   0.2983  -0.1102
  0.3933   0.2980  -0.1134
  0.3947   0.2977  -0.1166
  0.3961   0.2974  -0.1198
  0.3974   0.2970  -0.1231
  0.3988   0.2967  -0.1263
  0.4002   0.2964  -0.1296
  0.4016   0.2960  -0.1329
  0.4030   0.2956  -0.1363
  0.4044   0.2952  -0.1397
  0.4058   0.2948  -0.1431
  0.4072   0.2944  -0.1466
  0.4086   0.2940  -0.1501
  0.4100   0.2936  -0.1536
  0.4113   0.2932  -0.1571
  0.4127   0.2927  -0.1606
  0.4141   0.2923  -0.1641
  0.4141   0.2923  -0.1641
  0.4155   0.2918  -0.1676
  0.4169   0.2913  -0.1711
  0.4183   0.2909  -0.1745
  0.4197   0.2904  -0.1778
  0.4211   0.2900  -0.1811
  0.4225   0.2896  -0.1843
  0.4239   0.2891  -0.1875
  0.4253   0.2887  -0.1906
  0.4267   0.2883  -0.1936
  0.4281   0.2880  -0.1965
  0.4295   0.2876  -0.1994
  0.4309   0.2872  -0.2022
  0.4323   0.2868  -0.2050
  0.4337   0.2865  -0.2077
  0.4351   0.2861  -0.2103
  0.4365   0.2858  -0.2129
  0.4379   0.2855  -0.2153
  0.4393   0.2852  -0.2177
  0.4407   0.2849  -0.2201
  0.4421   0.2846  -0.2223
  0.4435   0.2843  -0.2245
  0.4449   0.2840  -0.2266
  0.4464   0.2837  -0.2287
  0.4478   0.2835  -0.2307
  0.4492   0.2832  -0.2326
  0.4506   0.2830  -0.2344
  0.4520   0.2827  -0.2361
  0.4534   0.2825  -0.2378
  0.4548   0.2823  -0.2394
  0.4562   0.2821  -0.2409
  0.4577   0.2819  -0.2423
  0.4591   0.2817  -0.2437
  0.4605   0.2815  -0.2450
  0.4619   0.2813  -0.2462
  0.4633   0.2811  -0.2473
  0.4648   0.2810  -0.2483
  0.4662   0.2808  -0.2493
  0.4676   0.2807  -0.2501
  0.4691   0.2805  -0.2509
  0.4705   0.2804  -0.2516
  0.4719   0.2803  -0.2522
  0.4734   0.2802  -0.2528
  0.4748   0.2801  -0.2532
  0.4762   0.2800  -0.2536
  0.4777   0.2799  -0.2538
  0.4791   0.2798  -0.2540
  0.4805   0.2798  -0.2541
  0.4820   0.2797  -0.2541
  0.4834   0.2796  -0.2539
  0.4849   0.2796  -0.2538
  0.4863   0.2796  -0.2535
  0.4878   0.2795  -0.2531
  0.4892   0.2795  -0.2526
  0.4907   0.2795  -0.2520
  0.4922   0.2795  -0.2513
  0.4936   0.2795  -0.2506
  0.4951   0.2795  -0.2497
  0.4965   0.2796  -0.2487
  0.4980   0.2796  -0.2476
  0.4995   0.2797  -0.2464
  0.5010   0.2797  -0.2452
  0.5024   0.2798  -0.2438
  0.5039   0.2798  -0.2423
  0.5054   0.2799  -0.2407
  0.5069   0.2800  -0.2390
  0.5083   0.2801  -0.2372
  0.5098   0.2802  -0.2353
  0.5113   0.2803  -0.2332
  0.5128   0.2804  -0.2311
  0.5143   0.2805  -0.2288
  0.5158   0.2807  -0.2265
  0.5173   0.2808  -0.2240
  0.5188   0.2810  -0.2214
  0.5203   0.2811  -0.2187
  0.5218   0.2813  -0.2159
  0.5233   0.2815  -0.2129
  0.5248   0.2817  -0.2099
  0.5263   0.2819  -0.2067
  0.5279   0.2821  -0.2034
  0.5279   0.2821  -0.2034
  0.5294   0.2823  -0.2000
  0.5309   0.2825  -0.1966
  0.5324   0.2827  -0.1932
  0.5339   0.2828  -0.1897
  0.5354   0.2830  -0.1863
  0.5369   0.2832  -0.1828
  0.5384   0.2833  -0.1793
  0.5399   0.2835  -0.1758
  0.5414   0.2836  -0.1723
  0.5429   0.2838  -0.1687
  0.5444   0.2839  -0.1651
  0.5459   0.2840  -0.1615
  0.5474   0.2841  -0.1579
  0.5489   0.2842  -0.1543
  0.5504   0.2843  -0.1507
  0.5519   0.2844  -0.1470
  0.5534   0.2844  -0.1433
  0.5549   0.2845  -0.1396
  0.5564   0.2846  -0.1359
  0.5578   0.2846  -0.1322
  0.5593   0.2846  -0.1285
  0.5608   0.2847  -0.1247
  0.5623   0.2847  -0.1210
  0.5638   0.2847  -0.1172
  0.5653   0.2847  -0.1134
  0.5667   0.2847  -0.1096
  0.5682   0.2847  -0.1058
  0.5697   0.2846  -0.1020
  0.5712   0.2846  -0.0982
  0.5727   0.2846  -0.0944
  0.5741   0.2845  -0.0906
  0.5756   0.2844  -0.0868
  0.5771   0.2844  -0.0829
  0.5786   0.2843  -0.0791
  0.5801   0.2842  -0.0752
  0.5815   0.2841  -0.0714
  0.5830   0.2840  -0.0676
  0.5845   0.2839  -0.0637
  0.5860   0.2837  -0.0599
  0.5874   0.2836  -0.0560
  0.5889   0.2834  -0.0522
  0.5904   0.2833  -0.0483
  0.5919   0.2831  -0.0445
  0.5934   0.2829  -0.0406
  0.5948   0.2827  -0.0368
  0.5963   0.2825  -0.0330
  0.5978   0.2823  -0.0291
  0.5993   0.2821  -0.0253
  0.6007   0.2819  -0.0215
  0.6022   0.2816  -0.0177
  0.6037   0.2814  -0.0139
  0.6052   0.2811  -0.0101
  0.6067   0.2808  -0.0063
  0.6082   0.2805  -0.0025
  0.6096   0.2803   0.0013
  0.6111   0.2799   0.0050
  0.6126   0.2796   0.0088
  0.6141   0.2793   0.0125
  0.6156   0.2790   0.0163
  0.6171   0.2786   0.0200
  0.6186   0.2783   0.0237
  0.6200   0.2779   0.0274
  0.6215   0.2775   0.0311
  0.6230   0.2771   0.0348
  0.6245   0.2767   0.0384
  0.6260   0.2763   0.0421
  0.6275   0.2759   0.0457
  0.6290   0.2755   0.0493
  0.6305   0.2750   0.0529
  0.6320   0.2746   0.0565
  0.6335   0.2741   0.0600
  0.6350   0.2736   0.0635
  0.6365   0.2731   0.0671
  0.6380   0.2726   0.0706
  0.6395   0.2721   0.0740
  0.6410   0.2716   0.0775
  0.6426   0.2710   0.0809
  0.6426   0.2710   0.0809
  0.6441   0.2705   0.0844
  0.6456   0.2699   0.0878
  0.6471   0.2694   0.0910
  0.6486   0.2689   0.0940
  0.6501   0.2684   0.0970
  0.6516   0.2679   0.0998
  0.6531   0.2674   0.1025
  0.6546   0.2669   0.1050
  0.6561   0.2664   0.1075
  0.6576   0.2660   0.1098
  0.6591   0.2655   0.1120
  0.6606   0.2651   0.1140
  0.6621   0.2647   0.1160
  0.6636   0.2643   0.1178
  0.6651   0.2639   0.1195
  0.6666   0.2635   0.1211
  0.6681   0.2631   0.1226
  0.6696   0.2628   0.1240
  0.6711   0.2624   0.1253
  0.6726   0.2621   0.1265
  0.6741   0.2617   0.1275
  0.6755   0.2614   0.1285
  0.6770   0.2611   0.1293
  0.6785   0.2608   0.1301
  0.6800   0.2606   0.1307
  0.6815   0.2603   0.1313
  0.6830   0.2601   0.1317
  0.6844   0.2598   0.1321
  0.6859   0.2596   0.1324
  0.6874   0.2594   0.1325
  0.6889   0.2592   0.1326
  0.6904   0.2590   0.1326
  0.6918   0.2588   0.1325
  0.6933   0.2587   0.1323
  0.6948   0.2585   0.1320
  0.6963   0.2584   0.1316
  0.6977   0.2583   0.1311
  0.6992   0.2582   0.1306
  0.7007   0.2581   0.1299
  0.7021   0.2580   0.1292
  0.7036   0.2580   0.1284
  0.7051   0.2579   0.1276
  0.7065   0.2579   0.1266
  0.7080   0.2578   0.1256
  0.7095   0.2578   0.1244
  0.7109   0.2578   0.1233
  0.7124   0.2579   0.1220
  0.7138   0.2579   0.1207
  0.7153   0.2579   0.1192
  0.7168   0.2580   0.1178
  0.7182   0.2581   0.1162
  0.7197   0.2582   0.1146
  0.7211   0.2583   0.1129
  0.7226   0.2584   0.1111
  0.7241   0.2585   0.1093
  0.7255   0.2587   0.1074
  0.7270   0.2588   0.1055
  0.7284   0.2590   0.1035
  0.7299   0.2592   0.1014
  0.7313   0.2594   0.0993
  0.7328   0.2596   0.0971
  0.7343   0.2599   0.0948
  0.7357   0.2601   0.0925
  0.7372   0.2604   0.0901
  0.7386   0.2607   0.0877
  0.7401   0.2610   0.0852
  0.7415   0.2613   0.0827
  0.7430   0.2616   0.0801
  0.7444   0.2619   0.0774
  0.7459   0.2623   0.0747
  0.7474   0.2627   0.0720
  0.7488   0.2630   0.0692
  0.7503   0.2634   0.0664
  0.7517   0.2638   0.0635
  0.7532   0.2643   0.0605
  0.7546   0.2647   0.0575
  0.7561   0.2652   0.0545
  0.7576   0.2656   0.0514
  0.7590   0.2661   0.0483
  0.7590   0.2661   0.0483
  0.7605   0.2666   0.0452
  0.7619   0.2671   0.0421
  0.7634   0.2676   0.0391
  0.7649   0.2681   0.0361
  0.7663   0.2685   0.0332
  0.7677   0.2690   0.0303
  0.7692   0.2694   0.0275
  0.7706   0.2699   0.0247
  0.7721   0.2703   0.0219
  0.7735   0.2707   0.0192
  0.7749   0.2712   0.0165
  0.7764   0.2716   0.0138
  0.7778   0.2720   0.0111
  0.7792   0.2723   0.0085
  0.7806   0.2727   0.0059
  0.7821   0.2731   0.0033
  0.7835   0.2735   0.0007
  0.7849   0.2738  -0.0019
  0.7863   0.2741  -0.0044
  0.7877   0.2745  -0.0070
  0.7892   0.2748  -0.0095
  0.7906   0.2751  -0.0120
  0.7920   0.2754  -0.0145
  0.7934   0.2757  -0.0170
  0.7948   0.2760  -0.0195
  0.7962   0.2763  -0.0220
  0.7976   0.2766  -0.0245
  0.7990   0.2768  -0.0269
  0.8004   0.2771  -0.0294
  0.8019   0.2773  -0.0319
  0.8033   0.2776  -0.0343
  0.8047   0.2778  -0.0368
  0.8061   0.2780  -0.0393
  0.8075   0.2782  -0.0417
  0.8089   0.2784  -0.0442
  0.8103   0.2786  -0.0466
  0.8117   0.2788  -0.0491
  0.8131   0.2789  -0.0516
  0.8145   0.2791  -0.0540
  0.8159   0.2792  -0.0565
  0.8173   0.2794  -0.0590
  0.8187   0.2795  -0.0615
  0.8201   0.2796  -0.0639
  0.8215   0.2797  -0.0664
  0.8229   0.2798  -0.0689
  0.8243   0.2799  -0.0714
  0.8257   0.2799  -0.0740
  0.8271   0.2800  -0.0765
  0.8285   0.2800  -0.0790
  0.8299   0.2801  -0.0815
  0.8313   0.2801  -0.0841
  0.8327   0.2801  -0.0866
  0.8340   0.2801  -0.0892
  0.8354   0.2801  -0.0918
  0.8368   0.2801  -0.0944
  0.8382   0.2801  -0.0970
  0.8396   0.2801  -0.0996
  0.8410   0.2800  -0.1022
  0.8425   0.2800  -0.1048
  0.8439   0.2799  -0.1075
  0.8453   0.2798  -0.1102
  0.8467   0.2797  -0.1128
  0.8481   0.2796  -0.1155
  0.8495   0.2795  -0.1182
  0.8509   0.2794  -0.1209
  0.8523   0.2792  -0.1237
  0.8537   0.2791  -0.1264
  0.8551   0.2790  -0.1292
  0.8565   0.2788  -0.1320
  0.8579   0.2786  -0.1348
  0.8594   0.2784  -0.1376
  0.8608   0.2782  -0.1405
  0.8622   0.2780  -0.1433
  0.8636   0.2778  -0.1462
  0.8651   0.2776  -0.1491
  0.8665   0.2773  -0.1521
  0.8679   0.2771  -0.1551
  0.8693   0.2768  -0.1581
  0.8708   0.2765  -0.1612
  0.8708   0.2765  -0.1612
  0.8722   0.2762  -0.1644
  0.8737   0.2759  -0.1675
  0.8751   0.2756  -0.1706
  0.8765   0.2754  -0.1736
  0.8780   0.2751  -0.1766
  0.8794   0.2748  -0.1795
  0.8809   0.2746  -0.1824
  0.8823   0.2743  -0.1852
  0.8837   0.2741  -0.1879
  0.8852   0.2739  -0.1906
  0.8866   0.2737  -0.1932
  0.8881   0.2734  -0.1958
  0.8895   0.2732  -0.1983
  0.8910   0.2730  -0.2007
  0.8924   0.2729  -0.2031
  0.8939   0.2727  -0.2054
  0.8953   0.2725  -0.2077
  0.8967   0.2723  -0.2099
  0.8982   0.2722  -0.2120
  0.8996   0.2720  -0.2141
  0.9011   0.2719  -0.2161
  0.9025   0.2718  -0.2180
  0.9040   0.2716  -0.2199
  0.9054   0.2715  -0.2217
  0.9069   0.2714  -0.2234
  0.9084   0.2713  -0.2251
  0.9098   0.2712  -0.2267
  0.9113   0.2711  -0.2282
  0.9127   0.2710  -0.2296
  0.9142   0.2710  -0.2310
  0.9156   0.2709  -0.2323
  0.9171   0.2709  -0.2335
  0.9186   0.2708  -0.2347
  0.9200   0.2708  -0.2357
  0.9215   0.2707  -0.2368
  0.9230   0.2707  -0.2377
  0.9244   0.2707  -0.2385
  0.9259   0.2707  -0.2393
  0.9274   0.2707  -0.2400
  0.9288   0.2707  -0.2406
  0.9303   0.2707  -0.2411
  0.9318   0.2707  -0.2416
  0.9333   0.2707  -0.2419
  0.9347   0.2708  -0.2422
  0.9362   0.2708  -0.2424
  0.9377   0.2708  -0.2425
  0.9392   0.2709  -0.2426
  0.9407   0.2710  -0.2425
  0.9421   0.2710  -0.2423
  0.9436   0.2711  -0.2421
  0.9451   0.2712  -0.2418
  0.9466   0.2713  -0.2414
  0.9481   0.2714  -0.2408
  0.9496   0.2715  -0.2402
  0.9511   0.2716  -0.2396
  0.9526   0.2717  -0.2388
  0.9541   0.2719  -0.2379
  0.9556   0.2720  -0.2369
  0.9571   0.2721  -0.2358
  0.9586   0.2723  -0.2346
  0.9601   0.2725  -0.2334
  0.9616   0.2726  -0.2320
  0.9631   0.2728  -0.2305
  0.9646   0.2730  -0.2290
  0.9661   0.2732  -0.2273
  0.9676   0.2734  -0.2255
  0.9692   0.2736  -0.2236
  0.9707   0.2738  -0.2216
  0.9722   0.2740  -0.2195
  0.9737   0.2742  -0.2173
  0.9753   0.2745  -0.2150
  0.9768   0.2747  -0.2126
  0.9783   0.2750  -0.2101
  0.9798   0.2752  -0.2074
  0.9814   0.2755  -0.2047
  0.9829   0.2757  -0.2018
  0.9845   0.2760  -0.1989
  0.9860   0.2763  -0.1958
  0.9875   0.2766  -0.1926
  0.9875   0.2766  -0.1926
  0.9891   0.2769  -0.1892
  0.9906   0.2772  -0.1859
  0.9922   0.2775  -0.1826
  0.9937   0.2777  -0.1792
  0.9952   0.2780  -0.1759
  0.9968   0.2783  -0.1725
  0.9983   0.2785  -0.1691
  0.9998   0.2788  -0.1657
  1.0014   0.2790  -0.1622
  1.0029   0.2792  -0.1588
  1.0044   0.2794  -0.1553
  1.0059   0.2796  -0.1518
  1.0075   0.2798  -0.1483
  1.0090   0.2800  -0.1448
  1.0105   0.2802  -0.1413
  1.0120   0.2804  -0.1377
  1.0135   0.2805  -0.1341
  1.0151   0.2807  -0.1306
  1.0166   0.2808  -0.1270
  1.0181   0.2809  -0.1233
  1.0196   0.2811  -0.1197
  1.0211   0.2812  -0.1161
  1.0226   0.2813  -0.1124
  1.0241   0.2814  -0.1088
  1.0256   0.2815  -0.1051
  1.0271   0.2816  -0.1014
  1.0286   0.2817  -0.0977
  1.0302   0.2817  -0.0940
  1.0317   0.2818  -0.0903
  1.0332   0.2818  -0.0866
  1.0347   0.2819  -0.0828
  1.0362   0.2819  -0.0791
  1.0377   0.2819  -0.0754
  1.0392   0.2819  -0.0716
  1.0407   0.2819  -0.0679
  1.0422   0.2819  -0.0641
  1.0437   0.2819  -0.0604
  1.0452   0.2818  -0.0566
  1.0467   0.2818  -0.0529
  1.0482   0.2818  -0.0491
  1.0497   0.2817  -0.0454
  1.0512   0.2816  -0.0416
  1.0527   0.2815  -0.0378
  1.0542   0.2815  -0.0341
  1.0557   0.2814  -0.0303
  1.0572   0.2812  -0.0266
  1.0587   0.2811  -0.0228
  1.0602   0.2810  -0.0191
  1.0617   0.2809  -0.0153
  1.0632   0.2807  -0.0116
  1.0647   0.2805  -0.0079
  1.0663   0.2804  -0.0042
  1.0678   0.2802  -0.0004
  1.0693   0.2800   0.0033
  1.0708   0.2798   0.0070
  1.0723   0.2796   0.0107
  1.0738   0.2794   0.0143
  1.0753   0.2791   0.0180
  1.0768   0.2789   0.0217
  1.0783   0.2786   0.0253
  1.0798   0.2784   0.0290
  1.0814   0.2781   0.0326
  1.0829   0.2778   0.0362
  1.0844   0.2775   0.0398
  1.0859   0.2772   0.0434
  1.0874   0.2769   0.0469
  1.0889   0.2765   0.0505
  1.0905   0.2762   0.0540
  1.0920   0.2758   0.0575
  1.0935   0.2755   0.0610
  1.0950   0.2751   0.0645
  1.0966   0.2747   0.0680
  1.0981   0.2743   0.0714
  1.0996   0.2739   0.0748
  1.1012   0.2735   0.0782
  1.1027   0.2731   0.0816
  1.1042   0.2726   0.0850
  1.1058   0.2721   0.0883
  1.1058   0.2721   0.0883
  1.1073   0.2717   0.0917
  1.1089   0.2712   0.0949
  1.1104   0.2708   0.0980
  1.1119   0.2703   0.1010
  1.1135   0.2699   0.1038
  1.1150   0.2695   0.1065
  1.1165   0.2690   0.1091
  1.1181   0.2686   0.1115
  1.1196   0.2682   0.1139
  1.1211   0.2679   0.1161
  1.1227   0.2675   0.1181
  1.1242   0.2671   0.1201
  1.1257   0.2668   0.1219
  1.1273   0.2665   0.1236
  1.1288   0.2661   0.1252
  1.1303   0.2658   0.1267
  1.1318   0.2655   0.1281
  1.1334   0.2652   0.1293
  1.1349   0.2650   0.1305
  1.1364   0.2647   0.1315
  1.1379   0.2645   0.1325
  1.1394   0.2642   0.1333
  1.1410   0.2640   0.1340
  1.1425   0.2638   0.1347
  1.1440   0.2636   0.1352
  1.1455   0.2634   0.1356
  1.1470   0.2632   0.1359
  1.1485   0.2630   0.1361
  1.1501   0.2629   0.1363
  1.1516   0.2627   0.1363
  1.1531   0.2626   0.1362
  1.1546   0.2625   0.1361
  1.1561   0.2624   0.1359
  1.1576   0.2623   0.1355
  1.1591   0.2622   0.1351
  1.1606   0.2621   0.1346
  1.1621   0.2621   0.1340
  1.1636   0.2620   0.1333
  1.1651   0.2620   0.1326
  1.1666   0.2620   0.1317
  1.1681   0.2620   0.1308
  1.1696   0.2620   0.1298
  1.1711   0.2620   0.1287
  1.1726   0.2620   0.1275
  1.1741   0.2621   0.1263
  1.1756   0.2621   0.1250
  1.1771   0.2622   0.1236
  1.1786   0.2623   0.1222
  1.1801   0.2624   0.1206
  1.1816   0.2625   0.1190
  1.1831   0.2626   0.1174
  1.1846   0.2628   0.1156
  1.1861   0.2629   0.1138
  1.1876   0.2631   0.1120
  1.1891   0.2633   0.1100
  1.1905   0.2635   0.1080
  1.1920   0.2637   0.1060
  1.1935   0.2639   0.1038
  1.1950   0.2641   0.1017
  1.1965   0.2644   0.0994
  1.1980   0.2646   0.0971
  1.1995   0.2649   0.0948
  1.2010   0.2652   0.0924
  1.2024   0.2655   0.0899
  1.2039   0.2658   0.0874
  1.2054   0.2662   0.0848
  1.2069   0.2665   0.0822
  1.2084   0.2669   0.0795
  1.2099   0.2672   0.0768
  1.2113   0.2676   0.0741
  1.2128   0.2680   0.0712
  1.2143   0.2684   0.0684
  1.2158   0.2689   0.0655
  1.2173   0.2693   0.0625
  1.2188   0.2698   0.0595
  1.2203   0.2702   0.0565
  1.2217   0.2707   0.0534
  1.2232   0.2712   0.0503
  1.2247   0.2718   0.0472
  1.2247   0.2718   0.0472
  1.2262   0.2723   0.0440
  1.2277   0.2728   0.0409
  1.2292   0.2733   0.0378
  1.2306   0.2738   0.0348
  1.2321   0.2743   0.0319
  1.2336   0.2748   0.0290
  1.2350   0.2753   0.0262
  1.2365   0.2757   0.0233
  1.2380   0.2762   0.0206
  1.2394   0.2766   0.0178
  1.2409   0.2770   0.0151
  1.2423   0.2775   0.0124
  1.2438   0.2779   0.0098
  1.2452   0.2783   0.0071
  1.2467   0.2787   0.0045
  1.2481   0.2791   0.0019
  1.2496   0.2795  -0.0006
  1.2510   0.2799  -0.0032
  1.2525   0.2802  -0.0058
  1.2539   0.2806  -0.0083
  1.2553   0.2809  -0.0108
  1.2568   0.2813  -0.0133
  1.2582   0.2816  -0.0158
  1.2597   0.2819  -0.0183
  1.2611   0.2822  -0.0208
  1.2625   0.2825  -0.0233
  1.2640   0.2828  -0.0258
  1.2654   0.2831  -0.0282
  1.2668   0.2834  -0.0307
  1.2683   0.2836  -0.0332
  1.2697   0.2839  -0.0357
  1.2711   0.2841  -0.0381
  1.2726   0.2844  -0.0406
  1.2740   0.2846  -0.0431
  1.2754   0.2848  -0.0455
  1.2768   0.2850  -0.0480
  1.2783   0.2852  -0.0505
  1.2797   0.2854  -0.0530
  1.2811   0.2856  -0.0554
  1.2825   0.2858  -0.0579
  1.2840   0.2859  -0.0604
  1.2854   0.2861  -0.0629
  1.2868   0.2862  -0.0654
  1.2882   0.2863  -0.0679
  1.2896   0.2864  -0.0705
  1.2911   0.2865  -0.0730
  1.2925   0.2866  -0.0755
  1.2939   0.2867  -0.0781
  1.2953   0.2868  -0.0807
  1.2968   0.2869  -0.0832
  1.2982   0.2869  -0.0858
  1.2996   0.2870  -0.0884
  1.3010   0.2870  -0.0910
  1.3025   0.2870  -0.0936
  1.3039   0.2870  -0.0962
  1.3053   0.2870  -0.0988
  1.3067   0.2870  -0.1015
  1.3082   0.2870  -0.1042
  1.3096   0.2870  -0.1068
  1.3110   0.2869  -0.1095
  1.3124   0.2869  -0.1122
  1.3139   0.2868  -0.1149
  1.3153   0.2867  -0.1176
  1.3167   0.2867  -0.1204
  1.3182   0.2866  -0.1231
  1.3196   0.2865  -0.1259
  1.3210   0.2864  -0.1287
  1.3225   0.2862  -0.1315
  1.3239   0.2861  -0.1343
  1.3253   0.2859  -0.1372
  1.3268   0.2858  -0.1400
  1.3282   0.2856  -0.1429
  1.3297   0.2854  -0.1458
  1.3311   0.2853  -0.1487
  1.3326   0.2850  -0.1517
  1.3340   0.2848  -0.1546
  1.3355   0.2846  -0.1577
  1.3369   0.2844  -0.1607
  1.3369   0.2844  -0.1607
  1.3384   0.2841  -0.1639
  1.3399   0.2839  -0.1670
  1.3413   0.2836  -0.1701
  1.3428   0.2834  -0.1731
  1.3442   0.2832  -0.1760
  1.3457   0.2829  -0.1789
  1.3472   0.2827  -0.1818
  1.3486   0.2825  -0.1846
  1.3501   0.2823  -0.1873
  1.3516   0.2821  -0.1900
  1.3530   0.2820  -0.1927
  1.3545   0.2818  -0.1952
  1.3560   0.2816  -0.1978
  1.3574   0.2815  -0.2002
  1.3589   0.2813  -0.2026
  1.3604   0.2812  -0.2050
  1.3618   0.2810  -0.2073
  1.3633   0.2809  -0.2095
  1.3648   0.2808  -0.2116
  1.3663   0.2807  -0.2137
  1.3677   0.2806  -0.2158
  1.3692   0.2805  -0.2178
  1.3707   0.2804  -0.2197
  1.3721   0.2803  -0.2215
  1.3736   0.2802  -0.2233
  1.3751   0.2801  -0.2250
  1.3766   0.2801  -0.2266
  1.3781   0.2800  -0.2282
  1.3795   0.2800  -0.2297
  1.3810   0.2799  -0.2311
  1.3825   0.2799  -0.2325
  1.3840   0.2799  -0.2338
  1.3855   0.2799  -0.2350
  1.3870   0.2799  -0.2362
  1.3884   0.2799  -0.2372
  1.3899   0.2799  -0.2382
  1.3914   0.2799  -0.2391
  1.3929   0.2799  -0.2400
  1.3944   0.2799  -0.2407
  1.3959   0.2799  -0.2414
  1.3974   0.2800  -0.2420
  1.3989   0.2800  -0.2426
  1.4004   0.2801  -0.2430
  1.4019   0.2802  -0.2434
  1.4034   0.2802  -0.2436
  1.4049   0.2803  -0.2438
  1.4064   0.2804  -0.2439
  1.4079   0.2805  -0.2439
  1.4094   0.2806  -0.2439
  1.4109   0.2807  -0.2437
  1.4124   0.2808  -0.2435
  1.4139   0.2809  -0.2431
  1.4154   0.2810  -0.2427
  1.4169   0.2812  -0.2422
  1.4185   0.2813  -0.2416
  1.4200   0.2815  -0.2409
  1.4215   0.2816  -0.2400
  1.4230   0.2818  -0.2391
  1.4245   0.2820  -0.2381
  1.4261   0.2821  -0.2371
  1.4276   0.2823  -0.2359
  1.4291   0.2825  -0.2346
  1.4306   0.2827  -0.2332
  1.4322   0.2829  -0.2317
  1.4337   0.2832  -0.2301
  1.4352   0.2834  -0.2284
  1.4368   0.2836  -0.2266
  1.4383   0.2838  -0.2246
  1.4398   0.2841  -0.2226
  1.4414   0.2843  -0.2205
  1.4429   0.2846  -0.2182
  1.4445   0.2849  -0.2159
  1.4460   0.2851  -0.2134
  1.4476   0.2854  -0.2108
  1.4491   0.2857  -0.2082
  1.4507   0.2860  -0.2053
  1.4522   0.2863  -0.2024
  1.4538   0.2866  -0.1994
  1.4553   0.2869  -0.1962
  1.4553   0.2869  -0.1962
  1.4569   0.2873  -0.1930
  1.4585   0.2876  -0.1897
  1.4600   0.2879  -0.1864
  1.4616   0.2882  -0.1830
  1.4631   0.2885  -0.1797
  1.4647   0.2887  -0.1764
  1.4662   0.2890  -0.1730
  1.4677   0.2892  -0.1696
  1.4693   0.2895  -0.1662
  1.4708   0.2897  -0.1628
  1.4724   0.2900  -0.1593
  1.4739   0.2902  -0.1559
  1.4754   0.2904  -0.1524
  1.4770   0.2906  -0.1490
  1.4785   0.2908  -0.1455
  1.4800   0.2910  -0.1420
  1.4816   0.2911  -0.1384
  1.4831   0.2913  -0.1349
  1.4846   0.2915  -0.1314
  1.4862   0.2916  -0.1278
  1.4877   0.2918  -0.1242
  1.4892   0.2919  -0.1207
  1.4907   0.2920  -0.1171
  1.4923   0.2921  -0.1135
  1.4938   0.2922  -0.1099
  1.4953   0.2923  -0.1063
  1.4968   0.2924  -0.1027
  1.4984   0.2925  -0.0990
  1.4999   0.2926  -0.0954
  1.5014   0.2926  -0.0918
  1.5029   0.2927  -0.0882
  1.5044   0.2927  -0.0845
  1.5060   0.2927  -0.0809
  1.5075   0.2928  -0.0772
  1.5090   0.2928  -0.0736
  1.5105   0.2928  -0.0699
  1.5120   0.2928  -0.0663
  1.5136   0.2928  -0.0626
  1.5151   0.2927  -0.0590
  1.5166   0.2927  -0.0553
  1.5181   0.2927  -0.0517
  1.5196   0.2926  -0.0480
  1.5212   0.2925  -0.0444
  1.5227   0.2925  -0.0407
  1.5242   0.2924  -0.0371
  1.5257   0.2923  -0.0335
  1.5272   0.2922  -0.0298
  1.5288   0.2921  -0.0262
  1.5303   0.2920  -0.0226
  1.5318   0.2918  -0.0190
  1.5333   0.2917  -0.0153
  1.5348   0.2915  -0.0117
  1.5364   0.2914  -0.0081
  1.5379   0.2912  -0.0046
  1.5394   0.2910  -0.0010
  1.5409   0.2908   0.0026
  1.5425   0.2906   0.0062
  1.5440   0.2904   0.0097
  1.5455   0.2902   0.0133
  1.5470   0.2899   0.0168
  1.5486   0.2897   0.0203
  1.5501   0.2894   0.0238
  1.5516   0.2892   0.0273
  1.5532   0.2889   0.0308
  1.5547   0.2886   0.0342
  1.5562   0.2883   0.0376
  1.5578   0.2880   0.0411
  1.5593   0.2877   0.0445
  1.5609   0.2874   0.0478
  1.5624   0.2870   0.0512
  1.5639   0.2867   0.0545
  1.5655   0.2863   0.0577
  1.5670   0.2860   0.0610
  1.5686   0.2856   0.0641
  1.5702   0.2853   0.0672
  1.5717   0.2849   0.0701
  1.5733   0.2845   0.0730
  1.5749   0.2841   0.0759
  1.5764   0.2837   0.0789
  1.5780   0.2833   0.0821
  1.5796   0.2828   0.0854
  1.5811   0.2823   0.0886
  1.5827   0.2818   0.0918
  1.5842   0.2813   0.0951
  1.5858   0.2808   0.0983
  1.5873   0.2803   0.1016
  1.5889   0.2798   0.1048
  1.5905   0.2793   0.1081
  1.5920   0.2787   0.1113
  1.5936   0.2782   0.1146
  1.5936   0.2782   0.1146
  1.5951   0.2776   0.1178
  1.5967   0.2770   0.1210
  1.5982   0.2765   0.1240
  1.5998   0.2759   0.1269
  1.6013   0.2754   0.1297
  1.6029   0.2749   0.1323
  1.6044   0.2744   0.1348
  1.6060   0.2739   0.1372
  1.6075   0.2734   0.1394
  1.6091   0.2730   0.1416
  1.6106   0.2725   0.1436
  1.6122   0.2720   0.1455
  1.6137   0.2716   0.1472
  1.6152   0.2712   0.1489
  1.6168   0.2708   0.1504
  1.6183   0.2704   0.1518
  1.6199   0.2700   0.1532
  1.6214   0.2696   0.1543
  1.6229   0.2693   0.1554
  1.6245   0.2689   0.1564
  1.6260   0.2686   0.1573
  1.6276   0.2683   0.1581
  1.6291   0.2680   0.1587
  1.6306   0.2677   0.1593
  1.6322   0.2674   0.1597
  1.6337   0.2671   0.1601
  1.6352   0.2669   0.1603
  1.6367   0.2666   0.1605
  1.6383   0.2664   0.1606
  1.6398   0.2662   0.1605
  1.6413   0.2660   0.1604
  1.6428   0.2658   0.1602
  1.6444   0.2656   0.1599
  1.6459   0.2654   0.1595
  1.6474   0.2653   0.1590
  1.6489   0.2652   0.1584
  1.6505   0.2650   0.1578
  1.6520   0.2649   0.1571
  1.6535   0.2648   0.1562
  1.6550   0.2648   0.1553
  1.6565   0.2647   0.1544
  1.6581   0.2646   0.1533
  1.6596   0.2646   0.1522
  1.6611   0.2646   0.1509
  1.6626   0.2646   0.1497
  1.6641   0.2646   0.1483
  1.6656   0.2646   0.1469
  1.6671   0.2646   0.1454
  1.6686   0.2647   0.1438
  1.6702   0.2647   0.1422
  1.6717   0.2648   0.1405
  1.6732   0.2649   0.1387
  1.6747   0.2650   0.1368
  1.6762   0.2651   0.1349
  1.6777   0.2653   0.1330
  1.6792   0.2654   0.1310
  1.6807   0.2656   0.1289
  1.6822   0.2658   0.1267
  1.6837   0.2660   0.1245
  1.6853   0.2662   0.1223
  1.6868   0.2664   0.1200
  1.6883   0.2666   0.1176
  1.6898   0.2669   0.1152
  1.6913   0.2671   0.1127
  1.6928   0.2674   0.1102
  1.6943   0.2677   0.1076
  1.6958   0.2680   0.1049
  1.6973   0.2684   0.1023
  1.6988   0.2687   0.0995
  1.7003   0.2691   0.0967
  1.7019   0.2694   0.0939
  1.7034   0.2698   0.0910
  1.7049   0.2702   0.0881
  1.7064   0.2706   0.0852
  1.7079   0.2711   0.0821
  1.7094   0.2715   0.0791
  1.7109   0.2720   0.0760
  1.7125   0.2724   0.0729
  1.7140   0.2729   0.0697
  1.7140   0.2729   0.0697
  1.7155   0.2734   0.0664
  1.7170   0.2739   0.0635
  1.7185   0.2743   0.0608
  1.7199   0.2747   0.0582
  1.7214   0.2751   0.0557
  1.7228   0.2755   0.0531
  1.7243   0.2758   0.0506
  1.7258   0.2762   0.0480
  1.7272   0.2766   0.0454
  1.7287   0.2770   0.0429
  1.7302   0.2774   0.0402
  1.7317   0.2778   0.0376
  1.7331   0.2781   0.0350
  1.7346   0.2785   0.0324
  1.7361   0.2789   0.0298
  1.7376   0.2792   0.0272
  1.7390   0.2796   0.0246
  1.7405   0.2799   0.0220
  1.7420   0.2803   0.0194
  1.7435   0.2806   0.0169
  1.7449   0.2809   0.0143
  1.7464   0.2812   0.0117
  1.7479   0.2816   0.0091
  1.7494   0.2819   0.0066
  1.7508   0.2822   0.0040
  1.7523   0.2824   0.0014
  1.7538   0.2827  -0.0011
  1.7552   0.2830  -0.0037
  1.7567   0.2832  -0.0062
  1.7582   0.2835  -0.0088
  1.7596   0.2837  -0.0113
  1.7611   0.2840  -0.0139
  1.7625   0.2842  -0.0164
  1.7640   0.2844  -0.0190
  1.7655   0.2846  -0.0215
  1.7669   0.2848  -0.0241
  1.7684   0.2850  -0.0267
  1.7698   0.2851  -0.0292
  1.7713   0.2853  -0.0318
  1.7728   0.2855  -0.0344
  1.7742   0.2856  -0.0370
  1.7757   0.2857  -0.0396
  1.7771   0.2858  -0.0422
  1.7786   0.2860  -0.0448
  1.7800   0.2861  -0.0474
  1.7815   0.2861  -0.0500
  1.7829   0.2862  -0.0527
  1.7844   0.2863  -0.0553
  1.7858   0.2863  -0.0580
  1.7873   0.2864  -0.0607
  1.7888   0.2864  -0.0634
  1.7902   0.2865  -0.0661
  1.7917   0.2865  -0.0688
  1.7931   0.2865  -0.0715
  1.7946   0.2865  -0.0742
  1.7960   0.2864  -0.0770
  1.7975   0.2864  -0.0797
  1.7990   0.2864  -0.0825
  1.8004   0.2863  -0.0853
  1.8019   0.2863  -0.0881
  1.8033   0.2862  -0.0909
  1.8048   0.2861  -0.0937
  1.8063   0.2860  -0.0966
  1.8077   0.2859  -0.0994
  1.8092   0.2858  -0.1023
  1.8107   0.2857  -0.1052
  1.8121   0.2855  -0.1081
  1.8136   0.2854  -0.1110
  1.8151   0.2852  -0.1139
  1.8166   0.2851  -0.1168
  1.8180   0.2849  -0.1197
  1.8195   0.2847  -0.1227
  1.8210   0.2845  -0.1256
  1.8225   0.2843  -0.1285
  1.8240   0.2841  -0.1314
  1.8254   0.2839  -0.1342
  1.8269   0.2837  -0.1370
  1.8284   0.2835  -0.1399
  1.8299   0.2832  -0.1428
  1.8314   0.2829  -0.1460
  1.8329   0.2826  -0.1492
  1.8344   0.2823  -0.1524
  1.8359   0.2820  -0.1556
  1.8374   0.2817  -0.1588
  1.8389   0.2813  -0.1619
  1.8403   0.2810  -0.1651
  1.8418   0.2806  -0.1683
  1.8433   0.2802  -0.1715
  1.8448   0.2799  -0.1747
  1.8463   0.2795  -0.1779
  1.8478   0.2791  -0.1810
  1.8493   0.2786  -0.1842
  1.8508   0.2782  -0.1874
  1.8523   0.2778  -0.1906
  1.8538   0.2773  -0.1938
  1.8538   0.2773  -0.1938
  1.8553   0.2769  -0.1970
  1.8568   0.2764  -0.2002
  1.8583   0.2760  -0.2034
  1.8598   0.2755  -0.2065
  1.8613   0.2751  -0.2096
  1.8628   0.2747  -0.2126
  1.8643   0.2743  -0.2156
  1.8658   0.2739  -0.2186
  1.8673   0.2735  -0.2214
  1.8687   0.2731  -0.2243
  1.8702   0.2728  -0.2271
  1.8717   0.2724  -0.2298
  1.8732   0.2720  -0.2325
  1.8747   0.2717  -0.2351
  1.8762   0.2714  -0.2377
  1.8777   0.2710  -0.2402
  1.8792   0.2707  -0.2427
  1.8808   0.2704  -0.2451
  1.8823   0.2701  -0.2474
  1.8838   0.2698  -0.2497
  1.8853   0.2696  -0.2519
  1.8868   0.2693  -0.2540
  1.8883   0.2690  -0.2561
  1.8898   0.2688  -0.2582
  1.8913   0.2685  -0.2601
  1.8928   0.2683  -0.2620
  1.8943   0.2681  -0.2638
  1.8958   0.2678  -0.2656
  1.8973   0.2676  -0.2672
  1.8988   0.2674  -0.2688
  1.9003   0.2672  -0.2704
  1.9018   0.2671  -0.2718
  1.9033   0.2669  -0.2732
  1.9048   0.2667  -0.2745
  1.9063   0.2666  -0.2758
  1.9079   0.2664  -0.2769
  1.9094   0.2663  -0.2780
  1.9109   0.2662  -0.2790
  1.9124   0.2661  -0.2799
  1.9139   0.2659  -0.2807
  1.9154   0.2658  -0.2815
  1.9169   0.2658  -0.2821
  1.9184   0.2657  -0.2827
  1.9199   0.2656  -0.2832
  1.9215   0.2655  -0.2836
  1.9230   0.2655  -0.2839
  1.9245   0.2654  -0.2841
  1.9260   0.2654  -0.2842
  1.9275   0.2654  -0.2842
  1.9290   0.2654  -0.2842
  1.9305   0.2653  -0.2840
  1.9321   0.2653  -0.2837
  1.9336   0.2654  -0.2834
  1.9351   0.2654  -0.2829
  1.9366   0.2654  -0.2824
  1.9381   0.2654  -0.2817
  1.9397   0.2655  -0.2809
  1.9412   0.2655  -0.2801
  1.9427   0.2656  -0.2791
  1.9442   0.2657  -0.2780
  1.9457   0.2658  -0.2768
  1.9473   0.2659  -0.2755
  1.9488   0.2660  -0.2741
  1.9503   0.2661  -0.2726
  1.9518   0.2662  -0.2710
  1.9534   0.2663  -0.2693
  1.9549   0.2664  -0.2674
  1.9564   0.2666  -0.2655
  1.9580   0.2667  -0.2634
  1.9595   0.2669  -0.2612
  1.9610   0.2671  -0.2589
  1.9626   0.2673  -0.2565
  1.9641   0.2675  -0.2539
  1.9657   0.2677  -0.2513
  1.9672   0.2679  -0.2485
  1.9687   0.2681  -0.2456
  1.9703   0.2683  -0.2426
  1.9718   0.2685  -0.2394
  1.9734   0.2688  -0.2362
  1.9734   0.2688  -0.2362
  1.9749   0.2690  -0.2328
  1.9765   0.2693  -0.2296
  1.9780   0.2694  -0.2266
  1.9795   0.2696  -0.2236
  1.9810   0.2697  -0.2205
  1.9825   0.2699  -0.2173
  1.9840   0.2701  -0.2140
  1.9856   0.2703  -0.2106
  1.9871   0.2704  -0.2071
  1.9886   0.2706  -0.2036
  1.9901   0.2707  -0.2000
  1.9917   0.2709  -0.1964
  1.9932   0.2710  -0.1927
  1.9947   0.2712  -0.1890
  1.9962   0.2713  -0.1852
  1.9977   0.2715  -0.1814
  1.9992   0.2716  -0.1776
  2.0008   0.2717  -0.1738
  2.0023   0.2718  -0.1699
  2.0038   0.2719  -0.1661
  2.0053   0.2720  -0.1621
  2.0068   0.2721  -0.1582
  2.0083   0.2722  -0.1543
  2.0098   0.2722  -0.1503
  2.0113   0.2723  -0.1464
  2.0128   0.2723  -0.1424
  2.0143   0.2724  -0.1384
  2.0158   0.2724  -0.1344
  2.0173   0.2724  -0.1303
  2.0189   0.2724  -0.1263
  2.0204   0.2725  -0.1223
  2.0219   0.2724  -0.1183
  2.0234   0.2724  -0.1142
  2.0249   0.2724  -0.1102
  2.0264   0.2724  -0.1061
  2.0279   0.2723  -0.1021
  2.0294   0.2723  -0.0980
  2.0309   0.2722  -0.0939
  2.0324   0.2721  -0.0899
  2.0339   0.2721  -0.0858
  2.0354   0.2720  -0.0818
  2.0369   0.2719  -0.0777
  2.0384   0.2718  -0.0737
  2.0399   0.2716  -0.0696
  2.0414   0.2715  -0.0656
  2.0429   0.2714  -0.0615
  2.0444   0.2712  -0.0575
  2.0459   0.2711  -0.0535
  2.0474   0.2709  -0.0495
  2.0489   0.2707  -0.0454
  2.0504   0.2705  -0.0414
  2.0519   0.2703  -0.0374
  2.0534   0.2701  -0.0335
  2.0549   0.2699  -0.0295
  2.0564   0.2696  -0.0255
  2.0579   0.2694  -0.0216
  2.0594   0.2691  -0.0176
  2.0609   0.2689  -0.0137
  2.0624   0.2686  -0.0098
  2.0640   0.2683  -0.0059
  2.0655   0.2680  -0.0020
  2.0670   0.2677   0.0018
  2.0685   0.2674   0.0057
  2.0700   0.2670   0.0095
  2.0715   0.2667   0.0133
  2.0731   0.2664   0.0171
  2.0746   0.2660   0.0209
  2.0761   0.2656   0.0247
  2.0776   0.2652   0.0284
  2.0792   0.2648   0.0321
  2.0807   0.2644   0.0358
  2.0822   0.2640   0.0395
  2.0822   0.2640   0.0395
  2.0837   0.2636   0.0432
  2.0853   0.2631   0.0468
  2.0868   0.2627   0.0502
  2.0883   0.2623   0.0535
  2.0899   0.2619   0.0566
  2.0914   0.2615   0.0596
  2.0929   0.2611   0.0625
  2.0944   0.2607   0.0653
  2.0960   0.2603   0.0679
  2.0975   0.2600   0.0704
  2.0990   0.2596   0.0727
  2.1005   0.2593   0.0750
  2.1020   0.2589   0.0771
  2.1036   0.2586   0.0791
  2.1051   0.2583   0.0810
  2.1066   0.2580   0.0827
  2.1081   0.2577   0.0844
  2.1096   0.2574   0.0859
  2.1112   0.2571   0.0874
  2.1127   0.2568   0.0887
  2.1142   0.2566   0.0899
  2.1157   0.2563   0.0910
  2.1172   0.2561   0.0920
  2.1187   0.2559   0.0929
  2.1202   0.2557   0.0937
  2.1218   0.2555   0.0944
  2.1233   0.2553   0.0950
  2.1248   0.2551   0.0954
  2.1263   0.2549   0.0958
  2.1278   0.2548   0.0961
  2.1293   0.2546   0.0963
  2.1308   0.2545   0.0965
  2.1323   0.2544   0.0965
  2.1338   0.2543   0.0964
  2.1353   0.2542   0.0962
  2.1368   0.2541   0.0960
  2.1383   0.2540   0.0956
  2.1398   0.2539   0.0952
  2.1413   0.2539   0.0947
  2.1428   0.2538   0.0941
  2.1443   0.2538   0.0935
  2.1458   0.2538   0.0927
  2.1473   0.2538   0.0919
  2.1487   0.2538   0.0910
  2.1502   0.2538   0.0900
  2.1517   0.2539   0.0889
  2.1532   0.2539   0.0878
  2.1547   0.2540   0.0866
  2.1562   0.2540   0.0853
  2.1577   0.2541   0.0839
  2.1591   0.2542   0.0825
  2.1606   0.2543   0.0810
  2.1621   0.2545   0.0795
  2.1636   0.2546   0.0778
  2.1651   0.2548   0.0761
  2.1666   0.2549   0.0744
  2.1680   0.2551   0.0726
  2.1695   0.2553   0.0707
  2.1710   0.2555   0.0688
  2.1725   0.2557   0.0668
  2.1739   0.2560   0.0647
  2.1754   0.2562   0.0626
  2.1769   0.2565   0.0605
  2.1784   0.2568   0.0582
  2.1798   0.2571   0.0560
  2.1813   0.2574   0.0537
  2.1828   0.2577   0.0513
  2.1842   0.2580   0.0489
  2.1857   0.2584   0.0464
  2.1872   0.2587   0.0439
  2.1886   0.2591   0.0413
  2.1901   0.2595   0.0387
  2.1916   0.2599   0.0361
  2.1931   0.2603   0.0334
  2.1945   0.2607   0.0307
  2.1960   0.2612   0.0279
  2.1975   0.2616   0.0251
  2.1989   0.2621   0.0222
  2.2004   0.2626   0.0193
  2.2004   0.2626   0.0193
  2.2019   0.2631   0.0164
  2.2033   0.2636   0.0135
  2.2048   0.2641   0.0107
  2.2062   0.2646   0.0079
  2.2077   0.2650   0.0052
  2.2091   0.2655   0.0025
  2.2106   0.2659  -0.0001
  2.2120   0.2664  -0.0027
  2.2135   0.2668  -0.0053
  2.2149   0.2672  -0.0078
  2.2164   0.2676  -0.0103
  2.2178   0.2680  -0.0128
  2.2192   0.2684  -0.0153
  2.2207   0.2688  -0.0177
  2.2221   0.2692  -0.0202
  2.2235   0.2696  -0.0226
  2.2249   0.2699  -0.0250
  2.2264   0.2703  -0.0274
  2.2278   0.2706  -0.0298
  2.2292   0.2709  -0.0321
  2.2306   0.2713  -0.0345
  2.2321   0.2716  -0.0368
  2.2335   0.2719  -0.0392
  2.2349   0.2722  -0.0415
  2.2363   0.2725  -0.0438
  2.2377   0.2728  -0.0461
  2.2392   0.2730  -0.0484
  2.2406   0.2733  -0.0507
  2.2420   0.2736  -0.0530
  2.2434   0.2738  -0.0553
  2.2448   0.2740  -0.0576
  2.2462   0.2743  -0.0599
  2.2476   0.2745  -0.0622
  2.2490   0.2747  -0.0645
  2.2505   0.2749  -0.0668
  2.2519   0.2750  -0.0691
  2.2533   0.2752  -0.0713
  2.2547   0.2754  -0.0736
  2.2561   0.2755  -0.0759
  2.2575   0.2757  -0.0782
  2.2589   0.2758  -0.0805
  2.2603   0.2759  -0.0828
  2.2617   0.2761  -0.0851
  2.2631   0.2762  -0.0874
  2.2645   0.2763  -0.0898
  2.2659   0.2763  -0.0921
  2.2673   0.2764  -0.0944
  2.2687   0.2765  -0.0967
  2.2701   0.2765  -0.0991
  2.2716   0.2766  -0.1014
  2.2730   0.2766  -0.1038
  2.2744   0.2766  -0.1062
  2.2758   0.2766  -0.1085
  2.2772   0.2766  -0.1109
  2.2786   0.2766  -0.1133
  2.2800   0.2766  -0.1157
  2.2814   0.2766  -0.1181
  2.2828   0.2765  -0.1206
  2.2842   0.2765  -0.1230
  2.2856   0.2764  -0.1254
  2.2871   0.2763  -0.1279
  2.2885   0.2762  -0.1304
  2.2899   0.2761  -0.1328
  2.2913   0.2760  -0.1353
  2.2927   0.2759  -0.1379
  2.2941   0.2758  -0.1404
  2.2956   0.2756  -0.1429
  2.2970   0.2755  -0.1455
  2.2984   0.2753  -0.1480
  2.2998   0.2752  -0.1506
  2.3012   0.2750  -0.1532
  2.3027   0.2748  -0.1559
  2.3041   0.2746  -0.1585
  2.3055   0.2744  -0.1612
  2.3070   0.2741  -0.1639
  2.3084   0.2739  -0.1666
  2.3098   0.2736  -0.1694
  2.3113   0.2734  -0.1722
