  0.0000   0.2565  -0.1200
  0.0000   0.2565  -0.1200
  0.0000   0.2565  -0.1200
  0.0000   0.2565  -0.1201
  0.0000   0.2565  -0.1202
  0.0001   0.2565  -0.1204
  0.0001   0.2566  -0.1206
  0.0001   0.2566  -0.1209
  0.0002   0.2566  -0.1212
  0.0002   0.2566  -0.1216
  0.0003   0.2567  -0.1220
  0.0003   0.2567  -0.1224
  0.0004   0.2568  -0.1229
  0.0005   0.2568  -0.1234
  0.0006   0.2569  -0.1239
  0.0007   0.2569  -0.1245
  0.0008   0.2570  -0.1252
  0.0009   0.2570  -0.1258
  0.0010   0.2571  -0.1265
  0.0011   0.2572  -0.1272
  0.0012   0.2572  -0.1280
  0.0013   0.2573  -0.1288
  0.0014   0.2574  -0.1296
  0.0016   0.2575  -0.1304
  0.0017   0.2576  -0.1313
  0.0018   0.2577  -0.1321
  0.0020   0.2578  -0.1330
  0.0021   0.2578  -0.1340
  0.0023   0.2579  -0.1349
  0.0025   0.2580  -0.1359
  0.0026   0.2581  -0.1369
  0.0028   0.2583  -0.1379
  0.0030   0.2584  -0.1389
  0.0032   0.2585  -0.1399
  0.0034   0.2586  -0.1410
  0.0035   0.2587  -0.1420
  0.0037   0.2588  -0.1431
  0.0039   0.2590  -0.1442
  0.0041   0.2591  -0.1453
  0.0044   0.2592  -0.1464
  0.0046   0.2593  -0.1475
  0.0048   0.2595  -0.1486
  0.0050   0.2596  -0.1497
  0.0052   0.2597  -0.1508
  0.0055   0.2599  -0.1520
  0.0057   0.2600  -0.1531
  0.0059   0.2602  -0.1542
  0.0062   0.2603  -0.1554
  0.0064   0.2605  -0.1565
  0.0067   0.2606  -0.1576
  0.0069   0.2608  -0.1588
  0.0072   0.2609  -0.1599
  0.0074   0.2611  -0.1610
  0.0077   0.2612  -0.1622
  0.0079   0.2614  -0.1633
  0.0082   0.2615  -0.1644
  0.0085   0.2617  -0.1655
  0.0087   0.2619  -0.1666
  0.0090   0.2620  -0.1677
  0.0093   0.2622  -0.1687
  0.0096   0.2624  -0.1698
  0.0099   0.2625  -0.1708
  0.0102   0.2627  -0.1719
  0.0104   0.2629  -0.1729
  0.0107   0.2631  -0.1739
  0.0110   0.2632  -0.1749
  0.0113   0.2634  -0.1759
  0.0116   0.2636  -0.1768
  0.0119   0.2638  -0.1778
  0.0122   0.2640  -0.1787
  0.0125   0.2641  -0.1796
  0.0128   0.2643  -0.1805
  0.0132   0.2645  -0.1814
  0.0135   0.2647  -0.1823
  0.0138   0.2649  -0.1831
  0.0141   0.2651  -0.1839
  0.0144   0.2653  -0.1848
  0.0147   0.2655  -0.1855
  0.0151   0.2657  -0.1863
  0.0154   0.2659  -0.1871
  0.0157   0.2661  -0.1878
  0.0161   0.2663  -0.1885
  0.0164   0.2665  -0.1892
  0.0167   0.2667  -0.1899
  0.0171   0.2669  -0.1905
  0.0174   0.2671  -0.1911
  0.0177   0.2673  -0.1917
  0.0181   0.2675  -0.1923
  0.0184   0.2677  -0.1928
  0.0188   0.2679  -0.1934
  0.0191   0.2681  -0.1939
  0.0195   0.2683  -0.1944
  0.0198   0.2686  -0.1948
  0.0202   0.2688  -0.1952
  0.0205   0.2690  -0.1957
  0.0209   0.2692  -0.1960
  0.0212   0.2694  -0.1964
  0.0216   0.2697  -0.1967
  0.0219   0.2699  -0.1970
  0.0223   0.2701  -0.1973
  0.0226   0.2703  -0.1975
  0.0230   0.2706  -0.1977
  0.0234   0.2708  -0.1979
  0.0237   0.2710  -0.1981
  0.0241   0.2712  -0.1982
  0.0245   0.2715  -0.1983
  0.0248   0.2717  -0.1983
  0.0252   0.2719  -0.1983
  0.0256   0.2722  -0.1983
  0.0260   0.2724  -0.1983
  0.0263   0.2726  -0.1982
  0.0267   0.2728  -0.1981
  0.0271   0.2731  -0.1979
  0.0275   0.2733  -0.1978
  0.0278   0.2736  -0.1975
  0.0282   0.2738  -0.1973
  0.0286   0.2740  -0.1970
  0.0290   0.2743  -0.1967
  0.0294   0.2745  -0.1963
  0.0297   0.2747  -0.1959
  0.0297   0.2747  -0.1959
  0.0301   0.2750  -0.1954
  0.0305   0.2752  -0.1950
  0.0309   0.2754  -0.1945
  0.0313   0.2757  -0.1941
  0.0317   0.2759  -0.1936
  0.0321   0.2761  -0.1932
  0.0325   0.2763  -0.1927
  0.0330   0.2765  -0.1923
  0.0334   0.2768  -0.1918
  0.0338   0.2770  -0.1914
  0.0342   0.2772  -0.1910
  0.0347   0.2774  -0.1905
  0.0351   0.2776  -0.1901
  0.0356   0.2778  -0.1897
  0.0360   0.2780  -0.1893
  0.0365   0.2782  -0.1889
  0.0370   0.2784  -0.1884
  0.0374   0.2786  -0.1880
  0.0379   0.2788  -0.1876
  0.0384   0.2790  -0.1873
  0.0389   0.2792  -0.1869
  0.0394   0.2794  -0.1865
  0.0399   0.2795  -0.1861
  0.0404   0.2797  -0.1857
  0.0409   0.2799  -0.1854
  0.0414   0.2801  -0.1850
  0.0419   0.2803  -0.1846
  0.0424   0.2805  -0.1843
  0.0429   0.2807  -0.1839
  0.0435   0.2808  -0.1836
  0.0440   0.2810  -0.1833
  0.0446   0.2812  -0.1829
  0.0451   0.2814  -0.1826
  0.0457   0.2816  -0.1822
  0.0462   0.2817  -0.1819
  0.0468   0.2819  -0.1816
  0.0473   0.2821  -0.1813
  0.0479   0.2823  -0.1809
  0.0485   0.2824  -0.1806
  0.0491   0.2826  -0.1803
  0.0497   0.2828  -0.1800
  0.0503   0.2830  -0.1796
  0.0509   0.2831  -0.1793
  0.0515   0.2833  -0.1790
  0.0521   0.2835  -0.1787
  0.0527   0.2837  -0.1784
  0.0533   0.2839  -0.1781
  0.0539   0.2840  -0.1777
  0.0545   0.2842  -0.1774
  0.0552   0.2844  -0.1771
  0.0558   0.2846  -0.1768
  0.0565   0.2847  -0.1764
  0.0571   0.2849  -0.1761
  0.0578   0.2851  -0.1758
  0.0584   0.2853  -0.1755
  0.0591   0.2855  -0.1751
  0.0598   0.2856  -0.1748
  0.0604   0.2858  -0.1744
  0.0611   0.2860  -0.1741
  0.0618   0.2862  -0.1737
  0.0625   0.2864  -0.1734
  0.0632   0.2866  -0.1730
  0.0639   0.2867  -0.1727
  0.0646   0.2869  -0.1723
  0.0653   0.2871  -0.1719
  0.0660   0.2873  -0.1716
  0.0668   0.2875  -0.1712
  0.0675   0.2877  -0.1708
  0.0682   0.2879  -0.1704
  0.0690   0.2881  -0.1700
  0.0697   0.2883  -0.1696
  0.0704   0.2885  -0.1692
  0.0712   0.2887  -0.1688
  0.0720   0.2889  -0.1683
  0.0727   0.2891  -0.1679
  0.0735   0.2893  -0.1674
  0.0743   0.2895  -0.1670
  0.0750   0.2897  -0.1665
  0.0758   0.2899  -0.1661
  0.0766   0.2901  -0.1656
  0.0774   0.2903  -0.1651
  0.0782   0.2906  -0.1646
  0.0790   0.2908  -0.1641
  0.0798   0.2910  -0.1635
  0.0807   0.2912  -0.1630
  0.0815   0.2915  -0.1625
  0.0823   0.2917  -0.1619
  0.0831   0.2919  -0.1613
  0.0840   0.2922  -0.1607
  0.0848   0.2924  -0.1601
  0.0857   0.2927  -0.1595
  0.0865   0.2929  -0.1589
  0.0874   0.2932  -0.1583
  0.0883   0.2934  -0.1576
  0.0891   0.2937  -0.1570
  0.0900   0.2939  -0.1563
  0.0909   0.2942  -0.1556
  0.0918   0.2945  -0.1549
  0.0927   0.2947  -0.1542
  0.0000   0.2947  -0.1542
  0.0009   0.2950  -0.1535
  0.0018   0.2952  -0.1527
  0.0027   0.2955  -0.1520
  0.0036   0.2958  -0.1512
  0.0045   0.2960  -0.1505
  0.0054   0.2963  -0.1497
  0.0064   0.2965  -0.1490
  0.0073   0.2968  -0.1482
  0.0082   0.2970  -0.1474
  0.0091   0.2972  -0.1466
  0.0100   0.2974  -0.1458
  0.0110   0.2977  -0.1450
  0.0119   0.2979  -0.1442
  0.0128   0.2981  -0.1434
  0.0138   0.2983  -0.1425
  0.0147   0.2985  -0.1417
  0.0157   0.2987  -0.1408
  0.0166   0.2989  -0.1399
  0.0176   0.2991  -0.1391
  0.0185   0.2993  -0.1382
  0.0195   0.2994  -0.1373
  0.0204   0.2996  -0.1363
  0.0214   0.2998  -0.1354
  0.0224   0.3000  -0.1344
  0.0233   0.3002  -0.1335
  0.0243   0.3003  -0.1325
  0.0253   0.3005  -0.1315
  0.0263   0.3007  -0.1305
  0.0272   0.3008  -0.1294
  0.0282   0.3010  -0.1284
  0.0292   0.3011  -0.1273
  0.0302   0.3013  -0.1262
  0.0312   0.3014  -0.1251
  0.0322   0.3016  -0.1240
  0.0332   0.3017  -0.1228
  0.0343   0.3019  -0.1216
  0.0353   0.3020  -0.1204
  0.0363   0.3022  -0.1192
  0.0373   0.3023  -0.1179
  0.0383   0.3025  -0.1167
  0.0394   0.3026  -0.1154
  0.0404   0.3028  -0.1140
  0.0415   0.3029  -0.1127
  0.0425   0.3030  -0.1113
  0.0436   0.3032  -0.1099
  0.0446   0.3033  -0.1084
  0.0457   0.3035  -0.1069
  0.0468   0.3036  -0.1054
  0.0478   0.3037  -0.1039
  0.0489   0.3039  -0.1023
  0.0500   0.3040  -0.1007
  0.0511   0.3042  -0.0990
  0.0522   0.3043  -0.0973
  0.0533   0.3045  -0.0956
  0.0544   0.3046  -0.0938
  0.0555   0.3048  -0.0920
  0.0566   0.3049  -0.0902
  0.0577   0.3051  -0.0883
  0.0589   0.3052  -0.0863
  0.0600   0.3054  -0.0844
  0.0611   0.3055  -0.0823
  0.0623   0.3057  -0.0803
  0.0634   0.3059  -0.0782
  0.0646   0.3060  -0.0760
  0.0657   0.3062  -0.0738
  0.0669   0.3064  -0.0715
  0.0681   0.3065  -0.0692
  0.0693   0.3067  -0.0668
  0.0704   0.3069  -0.0643
  0.0716   0.3071  -0.0618
  0.0728   0.3073  -0.0593
  0.0740   0.3074  -0.0566
  0.0752   0.3076  -0.0540
  0.0765   0.3078  -0.0512
  0.0777   0.3080  -0.0484
  0.0789   0.3083  -0.0455
  0.0802   0.3085  -0.0426
  0.0814   0.3087  -0.0395
  0.0826   0.3089  -0.0365
  0.0826   0.3089  -0.0365
  0.0839   0.3091  -0.0333
  0.0852   0.3093  -0.0301
  0.0864   0.3095  -0.0270
  0.0877   0.3097  -0.0240
  0.0889   0.3099  -0.0209
  0.0902   0.3101  -0.0179
  0.0914   0.3102  -0.0148
  0.0927   0.3104  -0.0118
  0.0939   0.3105  -0.0088
  0.0951   0.3106  -0.0058
  0.0964   0.3108  -0.0028
  0.0976   0.3109   0.0002
  0.0989   0.3110   0.0032
  0.1001   0.3111   0.0062
  0.1014   0.3112   0.0092
  0.1026   0.3112   0.0122
  0.1038   0.3113   0.0152
  0.1051   0.3113   0.0182
  0.1063   0.3114   0.0212
  0.1076   0.3114   0.0242
  0.1088   0.3115   0.0273
  0.1100   0.3115   0.0303
  0.1113   0.3115   0.0333
  0.1125   0.3115   0.0363
  0.1138   0.3115   0.0393
  0.1150   0.3115   0.0423
  0.1162   0.3114   0.0453
  0.1175   0.3114   0.0483
  0.1187   0.3113   0.0513
  0.1199   0.3113   0.0544
  0.1212   0.3112   0.0574
  0.1224   0.3112   0.0604
  0.1237   0.3111   0.0634
  0.1249   0.3110   0.0665
  0.1261   0.3109   0.0695
  0.1274   0.3108   0.0725
  0.1286   0.3106   0.0755
  0.1298   0.3105   0.0786
  0.1311   0.3104   0.0816
  0.1323   0.3102   0.0847
  0.1335   0.3100   0.0877
  0.1348   0.3099   0.0907
  0.1360   0.3097   0.0938
  0.1372   0.3095   0.0968
  0.1385   0.3093   0.0998
  0.1397   0.3091   0.1029
  0.1410   0.3089   0.1059
  0.1422   0.3086   0.1089
  0.1434   0.3084   0.1120
  0.1447   0.3082   0.1150
  0.1459   0.3079   0.1180
  0.1471   0.3076   0.1211
  0.1484   0.3073   0.1241
  0.1496   0.3071   0.1271
  0.1509   0.3068   0.1302
  0.1521   0.3064   0.1332
  0.1534   0.3061   0.1362
  0.1546   0.3058   0.1392
  0.1558   0.3054   0.1422
  0.1571   0.3051   0.1452
  0.1583   0.3047   0.1482
  0.1596   0.3044   0.1512
  0.1608   0.3040   0.1542
  0.1621   0.3036   0.1572
  0.1633   0.3032   0.1602
  0.1646   0.3028   0.1631
  0.1658   0.3023   0.1661
  0.1671   0.3019   0.1690
  0.1683   0.3014   0.1720
  0.1696   0.3010   0.1749
  0.1708   0.3005   0.1778
  0.1721   0.3000   0.1808
  0.1733   0.2995   0.1837
  0.1746   0.2990   0.1866
  0.1758   0.2985   0.1895
  0.1771   0.2980   0.1924
  0.1784   0.2975   0.1953
  0.1796   0.2969   0.1982
  0.1809   0.2964   0.2011
  0.1821   0.2958   0.2040
  0.1834   0.2952   0.2069
  0.1847   0.2946   0.2098
  0.1859   0.2940   0.2127
  0.1872   0.2934   0.2156
  0.1885   0.2928   0.2185
  0.1885   0.2928   0.2185
  0.1897   0.2922   0.2214
  0.1910   0.2915   0.2242
  0.1923   0.2909   0.2269
  0.1935   0.2903   0.2294
  0.1948   0.2897   0.2318
  0.1961   0.2892   0.2341
  0.1973   0.2886   0.2362
  0.1986   0.2880   0.2383
  0.1999   0.2875   0.2402
  0.2012   0.2870   0.2419
  0.2024   0.2865   0.2436
  0.2037   0.2859   0.2451
  0.2050   0.2855   0.2465
  0.2063   0.2850   0.2478
  0.2076   0.2845   0.2490
  0.2089   0.2840   0.2501
  0.2102   0.2836   0.2511
  0.2115   0.2832   0.2519
  0.2128   0.2827   0.2527
  0.2141   0.2823   0.2533
  0.2154   0.2819   0.2538
  0.2167   0.2815   0.2542
  0.2180   0.2812   0.2546
  0.2193   0.2808   0.2548
  0.2206   0.2805   0.2549
  0.2219   0.2801   0.2549
  0.2232   0.2798   0.2548
  0.2245   0.2795   0.2546
  0.2258   0.2792   0.2544
  0.2271   0.2789   0.2540
  0.2285   0.2786   0.2535
  0.2298   0.2784   0.2530
  0.2311   0.2781   0.2523
  0.2324   0.2779   0.2516
  0.2337   0.2777   0.2508
  0.2351   0.2775   0.2498
  0.2364   0.2773   0.2488
  0.2377   0.2771   0.2477
  0.2391   0.2770   0.2466
  0.2404   0.2768   0.2453
  0.2417   0.2767   0.2440
  0.2431   0.2766   0.2425
  0.2444   0.2764   0.2410
  0.2458   0.2764   0.2394
  0.2471   0.2763   0.2378
  0.2485   0.2762   0.2360
  0.2498   0.2762   0.2342
  0.2512   0.2761   0.2323
  0.2525   0.2761   0.2304
  0.2539   0.2761   0.2283
  0.2552   0.2761   0.2262
  0.2566   0.2761   0.2240
  0.2580   0.2762   0.2218
  0.2593   0.2762   0.2194
  0.2607   0.2763   0.2170
  0.2621   0.2763   0.2146
  0.2634   0.2764   0.2121
  0.2648   0.2765   0.2095
  0.2662   0.2767   0.2068
  0.2676   0.2768   0.2041
  0.2690   0.2770   0.2013
  0.2703   0.2771   0.1985
  0.2717   0.2773   0.1955
  0.2731   0.2775   0.1926
  0.2745   0.2777   0.1895
  0.2759   0.2779   0.1865
  0.2773   0.2782   0.1833
  0.2787   0.2784   0.1801
  0.2801   0.2787   0.1769
  0.2815   0.2790   0.1736
  0.2830   0.2793   0.1702
  0.2844   0.2796   0.1668
  0.2858   0.2799   0.1633
  0.2872   0.2803   0.1598
  0.2887   0.2807   0.1562
  0.2901   0.2810   0.1526
  0.2915   0.2814   0.1489
  0.2930   0.2818   0.1452
  0.2944   0.2823   0.1414
  0.2944   0.2823   0.1414
  0.2958   0.2827   0.1376
  0.2973   0.2831   0.1339
  0.2987   0.2835   0.1302
  0.3001   0.2840   0.1266
  0.3016   0.2844   0.1230
  0.3030   0.2847   0.1196
  0.3044   0.2851   0.1161
  0.3058   0.2855   0.1127
  0.3072   0.2859   0.1093
  0.3087   0.2862   0.1060
  0.3101   0.2866   0.1027
  0.3115   0.2869   0.0994
  0.3129   0.2872   0.0961
  0.3143   0.2875   0.0929
  0.3157   0.2878   0.0897
  0.3171   0.2882   0.0865
  0.3185   0.2884   0.0833
  0.3199   0.2887   0.0801
  0.3213   0.2890   0.0770
  0.3227   0.2893   0.0739
  0.3241   0.2895   0.0707
  0.3255   0.2898   0.0676
  0.3269   0.2900   0.0645
  0.3283   0.2902   0.0614
  0.3297   0.2905   0.0583
  0.3311   0.2907   0.0552
  0.3325   0.2909   0.0521
  0.3339   0.2911   0.0491
  0.3353   0.2913   0.0460
  0.3366   0.2914   0.0429
  0.3380   0.2916   0.0398
  0.3394   0.2917   0.0367
  0.3408   0.2919   0.0337
  0.3422   0.2920   0.0306
  0.3436   0.2921   0.0275
  0.3450   0.2923   0.0244
  0.3463   0.2924   0.0213
  0.3477   0.2925   0.0182
  0.3491   0.2925   0.0151
  0.3505   0.2926   0.0120
  0.3519   0.2927   0.0089
  0.3532   0.2927   0.0057
  0.3546   0.2928   0.0026
  0.3560   0.2928  -0.0006
  0.3574   0.2928  -0.0037
  0.3588   0.2928  -0.0069
  0.3601   0.2928  -0.0100
  0.3615   0.2928  -0.0132
  0.3629   0.2928  -0.0164
  0.3643   0.2928  -0.0196
  0.3657   0.2927  -0.0228
  0.3671   0.2927  -0.0261
  0.3684   0.2926  -0.0293
  0.3698   0.2925  -0.0326
  0.3712   0.2925  -0.0358
  0.3726   0.2924  -0.0391
  0.3740   0.2923  -0.0424
  0.3754   0.2921  -0.0457
  0.3767   0.2920  -0.0490
  0.3781   0.2919  -0.0524
  0.3795   0.2917  -0.0557
  0.3809   0.2916  -0.0591
  0.3823   0.2914  -0.0624
  0.3837   0.2912  -0.0658
  0.3851   0.2910  -0.0692
  0.3865   0.2908  -0.0726
  0.3878   0.2906  -0.0761
  0.3892   0.2904  -0.0795
  0.3906   0.2902  -0.0830
  0.3920   0.2899  -0.0865
  0.3934   0.2897  -0.0900
  0.3948   0.2894  -0.0935
  0.3962   0.2891  -0.0970
  0.3976   0.2889  -0.1006
  0.3990   0.2886  -0.1042
  0.4004   0.2882  -0.1078
  0.4019   0.2879  -0.1115
  0.4033   0.2876  -0.1152
  0.4047   0.2872  -0.1189
  0.4061   0.2869  -0.1227
  0.4075   0.2865  -0.1265
  0.4089   0.2861  -0.1303
  0.4103   0.2857  -0.1341
  0.4118   0.2853  -0.1379
  0.4118   0.2853  -0.1379
  0.4132   0.2849  -0.1417
  0.4146   0.2845  -0.1455
  0.4160   0.2841  -0.1492
  0.4174   0.2837  -0.1529
  0.4188   0.2834  -0.1564
  0.4203   0.2830  -0.1599
  0.4217   0.2826  -0.1634
  0.4231   0.2823  -0.1667
  0.4245   0.2819  -0.1700
  0.4259   0.2816  -0.1733
  0.4273   0.2813  -0.1764
  0.4288   0.2809  -0.1795
  0.4302   0.2806  -0.1825
  0.4316   0.2803  -0.1855
  0.4330   0.2800  -0.1883
  0.4344   0.2798  -0.1911
  0.4358   0.2795  -0.1938
  0.4373   0.2792  -0.1965
  0.4387   0.2790  -0.1990
  0.4401   0.2787  -0.2015
  0.4415   0.2785  -0.2039
  0.4429   0.2782  -0.2063
  0.4444   0.2780  -0.2085
  0.4458   0.2778  -0.2107
  0.4472   0.2776  -0.2128
  0.4486   0.2774  -0.2148
  0.4500   0.2772  -0.2168
  0.4515   0.2770  -0.2186
  0.4529   0.2769  -0.2204
  0.4543   0.2767  -0.2221
  0.4557   0.2765  -0.2237
  0.4572   0.2764  -0.2252
  0.4586   0.2763  -0.2267
  0.4600   0.2761  -0.2280
  0.4615   0.2760  -0.2293
  0.4629   0.2759  -0.2305
  0.4643   0.2758  -0.2316
  0.4658   0.2757  -0.2326
  0.4672   0.2756  -0.2336
  0.4686   0.2755  -0.2344
  0.4701   0.2754  -0.2352
  0.4715   0.2754  -0.2358
  0.4729   0.2753  -0.2364
  0.4744   0.2753  -0.2369
  0.4758   0.2752  -0.2372
  0.4773   0.2752  -0.2375
  0.4787   0.2752  -0.2377
  0.4802   0.2751  -0.2378
  0.4816   0.2751  -0.2378
  0.4831   0.2751  -0.2378
  0.4845   0.2751  -0.2376
  0.4860   0.2751  -0.2373
  0.4874   0.2752  -0.2369
  0.4889   0.2752  -0.2364
  0.4903   0.2752  -0.2358
  0.4918   0.2753  -0.2352
  0.4933   0.2753  -0.2344
  0.4947   0.2754  -0.2335
  0.4962   0.2755  -0.2325
  0.4976   0.2755  -0.2314
  0.4991   0.2756  -0.2302
  0.5006   0.2757  -0.2289
  0.5021   0.2758  -0.2275
  0.5035   0.2759  -0.2260
  0.5050   0.2761  -0.2243
  0.5065   0.2762  -0.2226
  0.5080   0.2763  -0.2207
  0.5095   0.2765  -0.2188
  0.5109   0.2766  -0.2167
  0.5124   0.2768  -0.2145
  0.5139   0.2769  -0.2122
  0.5154   0.2771  -0.2098
  0.5169   0.2773  -0.2073
  0.5184   0.2775  -0.2047
  0.5199   0.2777  -0.2019
  0.5214   0.2779  -0.1990
  0.5229   0.2781  -0.1961
  0.5244   0.2783  -0.1929
  0.5259   0.2785  -0.1897
  0.5259   0.2785  -0.1897
  0.5274   0.2788  -0.1864
  0.5289   0.2790  -0.1830
  0.5304   0.2792  -0.1797
  0.5319   0.2794  -0.1763
  0.5334   0.2796  -0.1729
  0.5349   0.2798  -0.1695
  0.5364   0.2800  -0.1661
  0.5379   0.2802  -0.1626
  0.5394   0.2803  -0.1592
  0.5409   0.2805  -0.1557
  0.5424   0.2806  -0.1522
  0.5439   0.2808  -0.1487
  0.5454   0.2809  -0.1451
  0.5469   0.2810  -0.1416
  0.5484   0.2811  -0.1380
  0.5498   0.2812  -0.1344
  0.5513   0.2813  -0.1308
  0.5528   0.2814  -0.1272
  0.5543   0.2815  -0.1235
  0.5558   0.2816  -0.1199
  0.5572   0.2816  -0.1162
  0.5587   0.2817  -0.1126
  0.5602   0.2817  -0.1089
  0.5617   0.2818  -0.1052
  0.5631   0.2818  -0.1015
  0.5646   0.2818  -0.0978
  0.5661   0.2818  -0.0940
  0.5676   0.2818  -0.0903
  0.5690   0.2818  -0.0866
  0.5705   0.2818  -0.0828
  0.5720   0.2818  -0.0791
  0.5734   0.2817  -0.0753
  0.5749   0.2817  -0.0716
  0.5764   0.2816  -0.0678
  0.5779   0.2816  -0.0640
  0.5793   0.2815  -0.0603
  0.5808   0.2814  -0.0565
  0.5823   0.2813  -0.0527
  0.5837   0.2812  -0.0490
  0.5852   0.2811  -0.0452
  0.5867   0.2809  -0.0414
  0.5881   0.2808  -0.0377
  0.5896   0.2807  -0.0339
  0.5911   0.2805  -0.0301
  0.5926   0.2803  -0.0264
  0.5940   0.2802  -0.0226
  0.5955   0.2800  -0.0188
  0.5970   0.2798  -0.0151
  0.5984   0.2796  -0.0113
  0.5999   0.2794  -0.0076
  0.6014   0.2791  -0.0039
  0.6029   0.2789  -0.0001
  0.6043   0.2786   0.0036
  0.6058   0.2784   0.0073
  0.6073   0.2781   0.0110
  0.6088   0.2778   0.0147
  0.6102   0.2776   0.0184
  0.6117   0.2773   0.0220
  0.6132   0.2769   0.0257
  0.6147   0.2766   0.0294
  0.6162   0.2763   0.0330
  0.6176   0.2759   0.0366
  0.6191   0.2756   0.0402
  0.6206   0.2752   0.0438
  0.6221   0.2748   0.0474
  0.6236   0.2745   0.0510
  0.6251   0.2741   0.0545
  0.6266   0.2736   0.0581
  0.6280   0.2732   0.0616
  0.6295   0.2728   0.0651
  0.6310   0.2724   0.0686
  0.6325   0.2719   0.0720
  0.6340   0.2714   0.0755
  0.6355   0.2710   0.0789
  0.6370   0.2705   0.0823
  0.6385   0.2700   0.0857
  0.6385   0.2700   0.0857
  0.6400   0.2694   0.0892
  0.6415   0.2689   0.0924
  0.6430   0.2684   0.0956
  0.6445   0.2680   0.0986
  0.6460   0.2675   0.1015
  0.6475   0.2670   0.1043
  0.6490   0.2666   0.1069
  0.6505   0.2661   0.1094
  0.6520   0.2657   0.1118
  0.6535   0.2653   0.1140
  0.6550   0.2649   0.1161
  0.6565   0.2645   0.1182
  0.6580   0.2641   0.1200
  0.6595   0.2637   0.1218
  0.6610   0.2633   0.1235
  0.6625   0.2630   0.1250
  0.6639   0.2626   0.1264
  0.6654   0.2623   0.1277
  0.6669   0.2620   0.1290
  0.6684   0.2617   0.1300
  0.6699   0.2614   0.1310
  0.6714   0.2611   0.1319
  0.6729   0.2609   0.1327
  0.6743   0.2606   0.1334
  0.6758   0.2604   0.1339
  0.6773   0.2601   0.1344
  0.6788   0.2599   0.1348
  0.6803   0.2597   0.1350
  0.6817   0.2595   0.1352
  0.6832   0.2593   0.1353
  0.6847   0.2591   0.1353
  0.6862   0.2590   0.1352
  0.6876   0.2588   0.1350
  0.6891   0.2587   0.1347
  0.6906   0.2586   0.1343
  0.6921   0.2585   0.1338
  0.6935   0.2584   0.1333
  0.6950   0.2583   0.1326
  0.6965   0.2583   0.1319
  0.6979   0.2582   0.1311
  0.6994   0.2582   0.1302
  0.7009   0.2581   0.1293
  0.7023   0.2581   0.1282
  0.7038   0.2581   0.1271
  0.7053   0.2581   0.1259
  0.7067   0.2582   0.1246
  0.7082   0.2582   0.1233
  0.7096   0.2583   0.1218
  0.7111   0.2583   0.1203
  0.7125   0.2584   0.1188
  0.7140   0.2585   0.1172
  0.7155   0.2586   0.1155
  0.7169   0.2588   0.1137
  0.7184   0.2589   0.1118
  0.7198   0.2591   0.1100
  0.7213   0.2592   0.1080
  0.7227   0.2594   0.1060
  0.7242   0.2596   0.1039
  0.7256   0.2598   0.1017
  0.7271   0.2600   0.0995
  0.7285   0.2603   0.0973
  0.7300   0.2605   0.0950
  0.7314   0.2608   0.0926
  0.7329   0.2611   0.0902
  0.7343   0.2614   0.0877
  0.7358   0.2617   0.0851
  0.7372   0.2620   0.0826
  0.7387   0.2624   0.0799
  0.7401   0.2627   0.0773
  0.7416   0.2631   0.0745
  0.7430   0.2635   0.0718
  0.7445   0.2639   0.0689
  0.7459   0.2643   0.0661
  0.7474   0.2647   0.0632
  0.7488   0.2652   0.0602
  0.7503   0.2656   0.0572
  0.7517   0.2661   0.0542
  0.7532   0.2666   0.0511
  0.7546   0.2671   0.0480
  0.7546   0.2671   0.0480
  0.7561   0.2676   0.0449
  0.7575   0.2681   0.0418
  0.7590   0.2686   0.0388
  0.7604   0.2691   0.0359
  0.7618   0.2696   0.0330
  0.7633   0.2701   0.0302
  0.7647   0.2705   0.0274
  0.7661   0.2710   0.0247
  0.7675   0.2714   0.0220
  0.7689   0.2719   0.0193
  0.7704   0.2723   0.0167
  0.7718   0.2727   0.0141
  0.7732   0.2731   0.0115
  0.7746   0.2735   0.0089
  0.7760   0.2739   0.0064
  0.7774   0.2743   0.0039
  0.7788   0.2747   0.0014
  0.7802   0.2751  -0.0011
  0.7816   0.2754  -0.0036
  0.7830   0.2758  -0.0060
  0.7844   0.2761  -0.0085
  0.7858   0.2765  -0.0109
  0.7872   0.2768  -0.0133
  0.7886   0.2771  -0.0157
  0.7900   0.2774  -0.0181
  0.7914   0.2777  -0.0205
  0.7928   0.2780  -0.0229
  0.7942   0.2783  -0.0253
  0.7956   0.2786  -0.0277
  0.7970   0.2788  -0.0300
  0.7984   0.2791  -0.0324
  0.7998   0.2793  -0.0348
  0.8011   0.2795  -0.0372
  0.8025   0.2798  -0.0396
  0.8039   0.2800  -0.0420
  0.8053   0.2802  -0.0443
  0.8067   0.2804  -0.0467
  0.8081   0.2805  -0.0491
  0.8094   0.2807  -0.0515
  0.8108   0.2809  -0.0539
  0.8122   0.2810  -0.0563
  0.8136   0.2812  -0.0588
  0.8150   0.2813  -0.0612
  0.8164   0.2814  -0.0636
  0.8177   0.2815  -0.0661
  0.8191   0.2816  -0.0685
  0.8205   0.2817  -0.0710
  0.8219   0.2818  -0.0735
  0.8233   0.2819  -0.0759
  0.8246   0.2819  -0.0784
  0.8260   0.2820  -0.0809
  0.8274   0.2820  -0.0835
  0.8288   0.2820  -0.0860
  0.8302   0.2820  -0.0885
  0.8316   0.2820  -0.0911
  0.8329   0.2820  -0.0936
  0.8343   0.2820  -0.0962
  0.8357   0.2820  -0.0988
  0.8371   0.2819  -0.1014
  0.8385   0.2819  -0.1040
  0.8399   0.2818  -0.1067
  0.8413   0.2818  -0.1093
  0.8427   0.2817  -0.1120
  0.8440   0.2816  -0.1147
  0.8454   0.2815  -0.1174
  0.8468   0.2814  -0.1201
  0.8482   0.2812  -0.1228
  0.8496   0.2811  -0.1256
  0.8510   0.2809  -0.1283
  0.8524   0.2808  -0.1311
  0.8538   0.2806  -0.1339
  0.8552   0.2804  -0.1368
  0.8566   0.2803  -0.1396
  0.8581   0.2800  -0.1425
  0.8595   0.2798  -0.1454
  0.8609   0.2796  -0.1483
  0.8623   0.2794  -0.1513
  0.8637   0.2791  -0.1543
  0.8651   0.2789  -0.1574
  0.8666   0.2786  -0.1605
  0.8680   0.2783  -0.1637
  0.8694   0.2780  -0.1668
  0.8708   0.2777  -0.1699
  0.8723   0.2774  -0.1730
  0.8737   0.2771  -0.1762
  0.8737   0.2771  -0.1762
  0.8751   0.2767  -0.1793
  0.8766   0.2764  -0.1825
  0.8780   0.2761  -0.1855
  0.8794   0.2758  -0.1885
  0.8808   0.2755  -0.1914
  0.8822   0.2752  -0.1942
  0.8836   0.2749  -0.1969
  0.8851   0.2746  -0.1996
  0.8865   0.2743  -0.2022
  0.8879   0.2740  -0.2048
  0.8893   0.2738  -0.2072
  0.8907   0.2735  -0.2096
  0.8921   0.2733  -0.2119
  0.8935   0.2731  -0.2142
  0.8949   0.2728  -0.2164
  0.8963   0.2726  -0.2185
  0.8977   0.2724  -0.2205
  0.8991   0.2722  -0.2224
  0.9005   0.2720  -0.2243
  0.9019   0.2718  -0.2261
  0.9033   0.2717  -0.2278
  0.9047   0.2715  -0.2295
  0.9061   0.2713  -0.2311
  0.9075   0.2712  -0.2326
  0.9089   0.2710  -0.2340
  0.9103   0.2709  -0.2353
  0.9117   0.2708  -0.2366
  0.9130   0.2706  -0.2378
  0.9144   0.2705  -0.2389
  0.9158   0.2704  -0.2400
  0.9172   0.2703  -0.2410
  0.9186   0.2702  -0.2418
  0.9200   0.2701  -0.2427
  0.9214   0.2701  -0.2434
  0.9228   0.2700  -0.2440
  0.9241   0.2699  -0.2446
  0.9255   0.2699  -0.2451
  0.9269   0.2698  -0.2455
  0.9283   0.2698  -0.2459
  0.9297   0.2697  -0.2461
  0.9311   0.2697  -0.2463
  0.9325   0.2697  -0.2464
  0.9339   0.2697  -0.2464
  0.9352   0.2697  -0.2463
  0.9366   0.2697  -0.2462
  0.9380   0.2697  -0.2459
  0.9394   0.2697  -0.2456
  0.9408   0.2697  -0.2452
  0.9422   0.2698  -0.2447
  0.9436   0.2698  -0.2442
  0.9449   0.2698  -0.2435
  0.9463   0.2699  -0.2428
  0.9477   0.2700  -0.2419
  0.9491   0.2700  -0.2410
  0.9505   0.2701  -0.2400
  0.9519   0.2702  -0.2389
  0.9533   0.2703  -0.2377
  0.9547   0.2703  -0.2365
  0.9561   0.2704  -0.2351
  0.9575   0.2705  -0.2337
  0.9588   0.2707  -0.2321
  0.9602   0.2708  -0.2305
  0.9616   0.2709  -0.2288
  0.9630   0.2710  -0.2270
  0.9644   0.2712  -0.2251
  0.9658   0.2713  -0.2231
  0.9672   0.2715  -0.2210
  0.9686   0.2716  -0.2188
  0.9700   0.2718  -0.2166
  0.9714   0.2720  -0.2142
  0.9728   0.2721  -0.2118
  0.9742   0.2723  -0.2092
  0.9756   0.2725  -0.2066
  0.9770   0.2727  -0.2038
  0.9784   0.2729  -0.2010
  0.9799   0.2731  -0.1981
  0.9813   0.2733  -0.1950
  0.9827   0.2736  -0.1919
  0.9841   0.2738  -0.1887
  0.9841   0.2738  -0.1887
  0.9855   0.2740  -0.1853
  0.9869   0.2742  -0.1820
  0.9883   0.2745  -0.1787
  0.9897   0.2747  -0.1754
  0.9911   0.2749  -0.1720
  0.9925   0.2750  -0.1687
  0.9939   0.2752  -0.1653
  0.9954   0.2754  -0.1620
  0.9968   0.2755  -0.1586
  0.9982   0.2757  -0.1552
  0.9996   0.2758  -0.1518
  1.0010   0.2759  -0.1484
  1.0024   0.2761  -0.1450
  1.0038   0.2762  -0.1415
  1.0052   0.2763  -0.1381
  1.0066   0.2764  -0.1346
  1.0080   0.2764  -0.1311
  1.0093   0.2765  -0.1276
  1.0107   0.2766  -0.1241
  1.0121   0.2766  -0.1206
  1.0135   0.2767  -0.1171
  1.0149   0.2767  -0.1136
  1.0163   0.2767  -0.1100
  1.0177   0.2768  -0.1065
  1.0191   0.2768  -0.1029
  1.0205   0.2768  -0.0993
  1.0219   0.2768  -0.0957
  1.0233   0.2767  -0.0922
  1.0246   0.2767  -0.0886
  1.0260   0.2767  -0.0849
  1.0274   0.2766  -0.0813
  1.0288   0.2766  -0.0777
  1.0302   0.2765  -0.0741
  1.0316   0.2764  -0.0704
  1.0330   0.2763  -0.0668
  1.0343   0.2763  -0.0632
  1.0357   0.2762  -0.0595
  1.0371   0.2760  -0.0558
  1.0385   0.2759  -0.0522
  1.0399   0.2758  -0.0485
  1.0413   0.2757  -0.0449
  1.0426   0.2755  -0.0412
  1.0440   0.2754  -0.0375
  1.0454   0.2752  -0.0338
  1.0468   0.2750  -0.0302
  1.0482   0.2748  -0.0265
  1.0495   0.2746  -0.0228
  1.0509   0.2744  -0.0191
  1.0523   0.2742  -0.0155
  1.0537   0.2740  -0.0118
  1.0551   0.2738  -0.0081
  1.0564   0.2735  -0.0044
  1.0578   0.2733  -0.0008
  1.0592   0.2730   0.0029
  1.0606   0.2727   0.0066
  1.0620   0.2724   0.0102
  1.0633   0.2721   0.0139
  1.0647   0.2718   0.0175
  1.0661   0.2715   0.0212
  1.0675   0.2712   0.0248
  1.0689   0.2709   0.0284
  1.0702   0.2705   0.0321
  1.0716   0.2702   0.0357
  1.0730   0.2698   0.0393
  1.0744   0.2694   0.0429
  1.0758   0.2690   0.0465
  1.0772   0.2686   0.0500
  1.0785   0.2682   0.0536
  1.0799   0.2678   0.0572
  1.0813   0.2674   0.0607
  1.0827   0.2669   0.0642
  1.0841   0.2665   0.0677
  1.0855   0.2660   0.0712
  1.0869   0.2655   0.0747
  1.0883   0.2650   0.0782
  1.0897   0.2645   0.0816
  1.0911   0.2640   0.0850
  1.0925   0.2635   0.0884
  1.0939   0.2630   0.0918
  1.0953   0.2624   0.0952
  1.0967   0.2619   0.0986
  1.0981   0.2613   0.1019
  1.0995   0.2607   0.1053
  1.1009   0.2601   0.1086
  1.1023   0.2595   0.1120
  1.1023   0.2595   0.1120
  1.1037   0.2589   0.1154
  1.1051   0.2583   0.1187
  1.1065   0.2577   0.1218
  1.1079   0.2572   0.1248
  1.1093   0.2566   0.1276
  1.1107   0.2561   0.1304
  1.1121   0.2556   0.1330
  1.1135   0.2551   0.1354
  1.1149   0.2546   0.1378
  1.1163   0.2541   0.1400
  1.1177   0.2536   0.1421
  1.1191   0.2532   0.1441
  1.1205   0.2528   0.1459
  1.1219   0.2523   0.1476
  1.1234   0.2520   0.1493
  1.1248   0.2516   0.1508
  1.1262   0.2512   0.1521
  1.1276   0.2509   0.1534
  1.1290   0.2505   0.1546
  1.1304   0.2502   0.1556
  1.1318   0.2499   0.1566
  1.1332   0.2496   0.1574
  1.1346   0.2493   0.1582
  1.1360   0.2491   0.1588
  1.1374   0.2488   0.1594
  1.1388   0.2486   0.1598
  1.1402   0.2484   0.1601
  1.1416   0.2482   0.1604
  1.1430   0.2480   0.1605
  1.1444   0.2479   0.1606
  1.1458   0.2477   0.1605
  1.1472   0.2476   0.1604
  1.1486   0.2475   0.1602
  1.1501   0.2474   0.1598
  1.1515   0.2473   0.1594
  1.1529   0.2472   0.1590
  1.1543   0.2472   0.1584
  1.1557   0.2471   0.1577
  1.1571   0.2471   0.1570
  1.1585   0.2471   0.1562
  1.1600   0.2471   0.1553
  1.1614   0.2472   0.1543
  1.1628   0.2472   0.1532
  1.1642   0.2473   0.1521
  1.1656   0.2473   0.1509
  1.1671   0.2474   0.1496
  1.1685   0.2475   0.1483
  1.1699   0.2476   0.1469
  1.1714   0.2478   0.1454
  1.1728   0.2479   0.1438
  1.1742   0.2481   0.1422
  1.1756   0.2483   0.1405
  1.1771   0.2485   0.1388
  1.1785   0.2487   0.1369
  1.1800   0.2489   0.1351
  1.1814   0.2491   0.1331
  1.1828   0.2494   0.1311
  1.1843   0.2497   0.1290
  1.1857   0.2499   0.1269
  1.1872   0.2502   0.1247
  1.1886   0.2506   0.1225
  1.1901   0.2509   0.1202
  1.1915   0.2512   0.1179
  1.1930   0.2516   0.1155
  1.1945   0.2520   0.1131
  1.1959   0.2524   0.1106
  1.1974   0.2528   0.1080
  1.1988   0.2532   0.1054
  1.2003   0.2536   0.1028
  1.2018   0.2541   0.1001
  1.2033   0.2545   0.0974
  1.2047   0.2550   0.0946
  1.2062   0.2555   0.0918
  1.2077   0.2560   0.0889
  1.2092   0.2566   0.0860
  1.2107   0.2571   0.0830
  1.2122   0.2576   0.0800
  1.2137   0.2582   0.0770
  1.2152   0.2588   0.0740
  1.2152   0.2588   0.0740
  1.2167   0.2594   0.0709
  1.2182   0.2600   0.0677
  1.2197   0.2606   0.0646
  1.2212   0.2611   0.0615
  1.2227   0.2617   0.0584
  1.2242   0.2622   0.0554
  1.2257   0.2627   0.0524
  1.2272   0.2632   0.0494
  1.2287   0.2637   0.0465
  1.2302   0.2642   0.0436
  1.2317   0.2646   0.0408
  1.2332   0.2651   0.0380
  1.2347   0.2655   0.0351
  1.2361   0.2659   0.0324
  1.2376   0.2664   0.0296
  1.2391   0.2668   0.0269
  1.2406   0.2672   0.0242
  1.2421   0.2676   0.0215
  1.2435   0.2679   0.0189
  1.2450   0.2683   0.0163
  1.2465   0.2687   0.0137
  1.2479   0.2690   0.0111
  1.2494   0.2694   0.0085
  1.2509   0.2697   0.0060
  1.2523   0.2700   0.0035
  1.2538   0.2704   0.0010
  1.2552   0.2707  -0.0015
  1.2567   0.2710  -0.0040
  1.2581   0.2713  -0.0065
  1.2596   0.2716  -0.0090
  1.2610   0.2719  -0.0115
  1.2625   0.2722  -0.0139
  1.2639   0.2725  -0.0164
  1.2654   0.2727  -0.0189
  1.2668   0.2730  -0.0214
  1.2682   0.2733  -0.0239
  1.2697   0.2735  -0.0263
  1.2711   0.2738  -0.0288
  1.2726   0.2740  -0.0313
  1.2740   0.2743  -0.0338
  1.2754   0.2745  -0.0363
  1.2769   0.2747  -0.0388
  1.2783   0.2749  -0.0413
  1.2797   0.2751  -0.0438
  1.2812   0.2753  -0.0463
  1.2826   0.2755  -0.0489
  1.2840   0.2757  -0.0514
  1.2855   0.2759  -0.0539
  1.2869   0.2760  -0.0565
  1.2883   0.2762  -0.0590
  1.2898   0.2763  -0.0616
  1.2912   0.2765  -0.0642
  1.2926   0.2766  -0.0667
  1.2941   0.2767  -0.0693
  1.2955   0.2769  -0.0719
  1.2969   0.2770  -0.0745
  1.2984   0.2770  -0.0771
  1.2998   0.2771  -0.0797
  1.3012   0.2772  -0.0823
  1.3027   0.2773  -0.0850
  1.3041   0.2773  -0.0876
  1.3055   0.2773  -0.0903
  1.3070   0.2774  -0.0929
  1.3084   0.2774  -0.0956
  1.3098   0.2774  -0.0983
  1.3113   0.2774  -0.1010
  1.3127   0.2774  -0.1037
  1.3142   0.2774  -0.1064
  1.3156   0.2773  -0.1092
  1.3170   0.2773  -0.1119
  1.3185   0.2772  -0.1147
  1.3199   0.2771  -0.1175
  1.3214   0.2770  -0.1203
  1.3228   0.2769  -0.1231
  1.3243   0.2768  -0.1259
  1.3258   0.2767  -0.1288
  1.3272   0.2765  -0.1317
  1.3287   0.2763  -0.1347
  1.3302   0.2762  -0.1377
  1.3302   0.2762  -0.1377
  1.3317   0.2759  -0.1408
  1.3331   0.2757  -0.1438
  1.3346   0.2755  -0.1469
  1.3361   0.2753  -0.1498
  1.3376   0.2752  -0.1527
  1.3391   0.2750  -0.1556
  1.3405   0.2748  -0.1584
  1.3420   0.2746  -0.1611
  1.3435   0.2745  -0.1638
  1.3450   0.2743  -0.1664
  1.3465   0.2742  -0.1690
  1.3480   0.2740  -0.1715
  1.3495   0.2739  -0.1740
  1.3510   0.2738  -0.1764
  1.3525   0.2737  -0.1788
  1.3540   0.2735  -0.1810
  1.3555   0.2734  -0.1833
  1.3570   0.2733  -0.1855
  1.3585   0.2732  -0.1876
  1.3600   0.2732  -0.1896
  1.3616   0.2731  -0.1916
  1.3631   0.2730  -0.1936
  1.3646   0.2729  -0.1954
  1.3661   0.2729  -0.1972
  1.3676   0.2728  -0.1990
  1.3692   0.2728  -0.2007
  1.3707   0.2727  -0.2023
  1.3722   0.2727  -0.2038
  1.3738   0.2727  -0.2053
  1.3753   0.2727  -0.2067
  1.3768   0.2727  -0.2080
  1.3784   0.2726  -0.2093
  1.3799   0.2726  -0.2105
  1.3815   0.2727  -0.2116
  1.3830   0.2727  -0.2127
  1.3846   0.2727  -0.2137
  1.3861   0.2727  -0.2146
  1.3877   0.2727  -0.2154
  1.3892   0.2728  -0.2162
  1.3908   0.2728  -0.2169
  1.3924   0.2729  -0.2175
  1.3939   0.2729  -0.2180
  1.3955   0.2730  -0.2184
  1.3971   0.2731  -0.2188
  1.3986   0.2732  -0.2191
  1.4002   0.2732  -0.2193
  1.4018   0.2733  -0.2194
  1.4034   0.2734  -0.2194
  1.4050   0.2735  -0.2193
  1.4065   0.2736  -0.2192
  1.4081   0.2738  -0.2190
  1.4097   0.2739  -0.2186
  1.4113   0.2740  -0.2182
  1.4129   0.2741  -0.2177
  1.4145   0.2743  -0.2171
  1.4161   0.2744  -0.2164
  1.4177   0.2746  -0.2156
  1.4193   0.2747  -0.2148
  1.4210   0.2749  -0.2138
  1.4226   0.2751  -0.2127
  1.4242   0.2753  -0.2115
  1.4258   0.2754  -0.2103
  1.4274   0.2756  -0.2089
  1.4291   0.2758  -0.2074
  1.4307   0.2760  -0.2059
  1.4323   0.2762  -0.2042
  1.4340   0.2764  -0.2024
  1.4356   0.2767  -0.2005
  1.4373   0.2769  -0.1985
  1.4389   0.2771  -0.1964
  1.4405   0.2774  -0.1942
  1.4422   0.2776  -0.1919
  1.4439   0.2779  -0.1894
  1.4455   0.2781  -0.1869
  1.4472   0.2784  -0.1842
  1.4488   0.2786  -0.1814
  1.4505   0.2789  -0.1785
  1.4522   0.2792  -0.1755
  1.4539   0.2795  -0.1724
  1.4539   0.2795  -0.1724
  1.4555   0.2797  -0.1691
  1.4572   0.2800  -0.1658
  1.4589   0.2803  -0.1626
  1.4605   0.2805  -0.1594
  1.4622   0.2807  -0.1562
  1.4639   0.2809  -0.1530
  1.4655   0.2811  -0.1498
  1.4672   0.2813  -0.1466
  1.4688   0.2815  -0.1433
  1.4705   0.2817  -0.1401
  1.4721   0.2819  -0.1368
  1.4737   0.2821  -0.1334
  1.4754   0.2822  -0.1301
  1.4770   0.2824  -0.1267
  1.4787   0.2825  -0.1233
  1.4803   0.2827  -0.1198
  1.4819   0.2828  -0.1164
  1.4836   0.2829  -0.1129
  1.4852   0.2830  -0.1094
  1.4868   0.2831  -0.1058
  1.4885   0.2832  -0.1023
  1.4901   0.2833  -0.0987
  1.4917   0.2834  -0.0951
  1.4934   0.2835  -0.0914
  1.4950   0.2836  -0.0878
  1.4966   0.2836  -0.0842
  1.4983   0.2837  -0.0805
  1.4999   0.2837  -0.0768
  1.5015   0.2838  -0.0731
  1.5032   0.2838  -0.0694
  1.5048   0.2838  -0.0657
  1.5064   0.2839  -0.0619
  1.5080   0.2839  -0.0582
  1.5097   0.2839  -0.0544
  1.5113   0.2838  -0.0507
  1.5129   0.2838  -0.0469
  1.5146   0.2838  -0.0431
  1.5162   0.2838  -0.0394
  1.5178   0.2837  -0.0356
  1.5195   0.2837  -0.0318
  1.5211   0.2836  -0.0280
  1.5227   0.2835  -0.0243
  1.5244   0.2834  -0.0205
  1.5260   0.2833  -0.0167
  1.5276   0.2832  -0.0129
  1.5293   0.2831  -0.0091
  1.5309   0.2830  -0.0054
  1.5325   0.2829  -0.0016
  1.5342   0.2827   0.0022
  1.5358   0.2826   0.0059
  1.5374   0.2824   0.0097
  1.5391   0.2822   0.0134
  1.5407   0.2820   0.0171
  1.5423   0.2818   0.0208
  1.5440   0.2816   0.0245
  1.5456   0.2814   0.0282
  1.5473   0.2812   0.0319
  1.5489   0.2810   0.0356
  1.5506   0.2807   0.0392
  1.5522   0.2805   0.0429
  1.5539   0.2802   0.0465
  1.5555   0.2799   0.0501
  1.5572   0.2796   0.0537
  1.5588   0.2793   0.0573
  1.5605   0.2790   0.0608
  1.5621   0.2787   0.0643
  1.5638   0.2784   0.0678
  1.5654   0.2780   0.0713
  1.5671   0.2777   0.0748
  1.5688   0.2773   0.0783
  1.5704   0.2769   0.0817
  1.5721   0.2765   0.0851
  1.5738   0.2761   0.0885
  1.5754   0.2757   0.0918
  1.5771   0.2753   0.0951
  1.5788   0.2749   0.0984
  1.5805   0.2744   0.1017
  1.5821   0.2739   0.1050
  1.5821   0.2739   0.1050
  1.5838   0.2735   0.1083
  1.5855   0.2730   0.1114
  1.5871   0.2725   0.1144
  1.5888   0.2720   0.1173
  1.5905   0.2716   0.1200
  1.5921   0.2711   0.1226
  1.5938   0.2707   0.1250
  1.5955   0.2703   0.1273
  1.5971   0.2699   0.1295
  1.5988   0.2694   0.1316
  1.6005   0.2691   0.1335
  1.6021   0.2687   0.1353
  1.6038   0.2683   0.1370
  1.6054   0.2679   0.1386
  1.6071   0.2676   0.1400
  1.6087   0.2672   0.1414
  1.6104   0.2669   0.1426
  1.6120   0.2666   0.1437
  1.6137   0.2662   0.1447
  1.6153   0.2659   0.1456
  1.6170   0.2657   0.1464
  1.6186   0.2654   0.1471
  1.6202   0.2651   0.1477
  1.6219   0.2649   0.1482
  1.6235   0.2646   0.1485
  1.6252   0.2644   0.1488
  1.6268   0.2642   0.1490
  1.6284   0.2639   0.1491
  1.6300   0.2637   0.1491
  1.6317   0.2636   0.1490
  1.6333   0.2634   0.1488
  1.6349   0.2632   0.1485
  1.6365   0.2631   0.1481
  1.6382   0.2629   0.1477
  1.6398   0.2628   0.1471
  1.6414   0.2627   0.1465
  1.6430   0.2626   0.1458
  1.6446   0.2625   0.1450
  1.6462   0.2624   0.1441
  1.6478   0.2624   0.1431
  1.6494   0.2623   0.1421
  1.6510   0.2623   0.1410
  1.6526   0.2623   0.1398
  1.6542   0.2623   0.1385
  1.6558   0.2623   0.1371
  1.6574   0.2623   0.1357
  1.6590   0.2623   0.1342
  1.6606   0.2624   0.1327
  1.6622   0.2624   0.1310
  1.6638   0.2625   0.1294
  1.6654   0.2626   0.1276
  1.6670   0.2627   0.1258
  1.6686   0.2628   0.1239
  1.6702   0.2629   0.1219
  1.6718   0.2630   0.1199
  1.6733   0.2632   0.1178
  1.6749   0.2634   0.1157
  1.6765   0.2635   0.1135
  1.6781   0.2637   0.1112
  1.6796   0.2639   0.1089
  1.6812   0.2641   0.1066
  1.6828   0.2644   0.1041
  1.6844   0.2646   0.1017
  1.6859   0.2649   0.0991
  1.6875   0.2652   0.0966
  1.6891   0.2654   0.0939
  1.6907   0.2658   0.0912
  1.6922   0.2661   0.0885
  1.6938   0.2664   0.0857
  1.6954   0.2667   0.0829
  1.6969   0.2671   0.0801
  1.6985   0.2675   0.0771
  1.7000   0.2679   0.0742
  1.7016   0.2682   0.0712
  1.7032   0.2687   0.0681
  1.7047   0.2691   0.0651
  1.7063   0.2695   0.0619
  1.7078   0.2700   0.0588
  1.7094   0.2704   0.0556
  1.7094   0.2704   0.0556
  1.7110   0.2709   0.0523
  1.7125   0.2714   0.0491
  1.7141   0.2718   0.0460
  1.7156   0.2723   0.0430
  1.7171   0.2727   0.0400
  1.7187   0.2732   0.0370
  1.7202   0.2736   0.0341
  1.7217   0.2740   0.0313
  1.7232   0.2744   0.0284
  1.7248   0.2748   0.0256
  1.7263   0.2752   0.0229
  1.7278   0.2755   0.0202
  1.7293   0.2759   0.0175
  1.7308   0.2763   0.0148
  1.7323   0.2766   0.0121
  1.7339   0.2770   0.0095
  1.7354   0.2773   0.0069
  1.7369   0.2776   0.0043
  1.7384   0.2779   0.0017
  1.7399   0.2782  -0.0009
  1.7414   0.2786  -0.0034
  1.7429   0.2788  -0.0060
  1.7444   0.2791  -0.0085
  1.7459   0.2794  -0.0110
  1.7474   0.2797  -0.0135
  1.7489   0.2799  -0.0161
  1.7504   0.2802  -0.0186
  1.7519   0.2804  -0.0211
  1.7534   0.2806  -0.0236
  1.7549   0.2809  -0.0260
  1.7564   0.2811  -0.0285
  1.7579   0.2813  -0.0310
  1.7593   0.2815  -0.0335
  1.7608   0.2817  -0.0360
  1.7623   0.2818  -0.0385
  1.7638   0.2820  -0.0410
  1.7653   0.2821  -0.0435
  1.7668   0.2823  -0.0460
  1.7683   0.2824  -0.0485
  1.7698   0.2825  -0.0511
  1.7713   0.2827  -0.0536
  1.7727   0.2828  -0.0561
  1.7742   0.2829  -0.0587
  1.7757   0.2829  -0.0612
  1.7772   0.2830  -0.0638
  1.7787   0.2831  -0.0663
  1.7802   0.2831  -0.0689
  1.7817   0.2832  -0.0715
  1.7832   0.2832  -0.0741
  1.7846   0.2832  -0.0767
  1.7861   0.2832  -0.0794
  1.7876   0.2832  -0.0820
  1.7891   0.2832  -0.0846
  1.7906   0.2832  -0.0873
  1.7921   0.2832  -0.0900
  1.7936   0.2831  -0.0927
  1.7951   0.2831  -0.0953
  1.7966   0.2830  -0.0981
  1.7981   0.2829  -0.1008
  1.7996   0.2829  -0.1035
  1.8011   0.2828  -0.1063
  1.8026   0.2827  -0.1090
  1.8041   0.2826  -0.1118
  1.8056   0.2824  -0.1146
  1.8071   0.2823  -0.1174
  1.8086   0.2822  -0.1202
  1.8101   0.2820  -0.1231
  1.8116   0.2818  -0.1259
  1.8131   0.2817  -0.1288
  1.8146   0.2815  -0.1317
  1.8161   0.2813  -0.1346
  1.8176   0.2811  -0.1375
  1.8191   0.2808  -0.1404
  1.8207   0.2806  -0.1434
  1.8222   0.2804  -0.1464
  1.8237   0.2801  -0.1494
  1.8252   0.2798  -0.1525
  1.8268   0.2795  -0.1556
  1.8283   0.2793  -0.1588
  1.8298   0.2789  -0.1620
  1.8313   0.2786  -0.1652
  1.8329   0.2783  -0.1685
  1.8344   0.2779  -0.1717
  1.8344   0.2779  -0.1717
  1.8359   0.2776  -0.1750
  1.8375   0.2772  -0.1782
  1.8390   0.2769  -0.1814
  1.8405   0.2766  -0.1845
  1.8421   0.2762  -0.1875
  1.8436   0.2759  -0.1905
  1.8451   0.2756  -0.1935
  1.8466   0.2753  -0.1964
  1.8482   0.2750  -0.1992
  1.8497   0.2747  -0.2020
  1.8512   0.2744  -0.2047
  1.8527   0.2742  -0.2073
  1.8543   0.2739  -0.2099
  1.8558   0.2737  -0.2124
  1.8573   0.2734  -0.2149
  1.8588   0.2732  -0.2173
  1.8604   0.2730  -0.2196
  1.8619   0.2727  -0.2219
  1.8634   0.2725  -0.2241
  1.8649   0.2723  -0.2262
  1.8665   0.2721  -0.2283
  1.8680   0.2719  -0.2303
  1.8695   0.2718  -0.2323
  1.8710   0.2716  -0.2342
  1.8725   0.2714  -0.2360
  1.8741   0.2713  -0.2377
  1.8756   0.2711  -0.2394
  1.8771   0.2710  -0.2410
  1.8786   0.2708  -0.2425
  1.8801   0.2707  -0.2440
  1.8817   0.2706  -0.2453
  1.8832   0.2705  -0.2467
  1.8847   0.2704  -0.2479
  1.8862   0.2703  -0.2491
  1.8878   0.2702  -0.2501
  1.8893   0.2701  -0.2511
  1.8908   0.2701  -0.2521
  1.8923   0.2700  -0.2529
  1.8939   0.2699  -0.2537
  1.8954   0.2699  -0.2544
  1.8969   0.2699  -0.2550
  1.8984   0.2698  -0.2555
  1.9000   0.2698  -0.2560
  1.9015   0.2698  -0.2563
  1.9030   0.2698  -0.2566
  1.9046   0.2698  -0.2568
  1.9061   0.2698  -0.2569
  1.9076   0.2698  -0.2569
  1.9091   0.2698  -0.2569
  1.9107   0.2699  -0.2567
  1.9122   0.2699  -0.2564
  1.9137   0.2699  -0.2561
  1.9153   0.2700  -0.2557
  1.9168   0.2701  -0.2551
  1.9183   0.2701  -0.2545
  1.9199   0.2702  -0.2538
  1.9214   0.2703  -0.2530
  1.9230   0.2704  -0.2521
  1.9245   0.2705  -0.2511
  1.9260   0.2706  -0.2500
  1.9276   0.2707  -0.2487
  1.9291   0.2708  -0.2474
  1.9307   0.2710  -0.2460
  1.9322   0.2711  -0.2445
  1.9338   0.2713  -0.2429
  1.9353   0.2714  -0.2412
  1.9368   0.2716  -0.2393
  1.9384   0.2717  -0.2374
  1.9399   0.2719  -0.2353
  1.9415   0.2721  -0.2332
  1.9431   0.2723  -0.2309
  1.9446   0.2725  -0.2285
  1.9462   0.2727  -0.2260
  1.9477   0.2729  -0.2234
  1.9493   0.2732  -0.2207
  1.9508   0.2734  -0.2179
  1.9524   0.2736  -0.2149
  1.9540   0.2739  -0.2118
  1.9555   0.2741  -0.2087
  1.9555   0.2741  -0.2087
  1.9571   0.2744  -0.2053
  1.9586   0.2747  -0.2020
  1.9602   0.2749  -0.1987
  1.9618   0.2751  -0.1953
  1.9633   0.2754  -0.1920
  1.9649   0.2756  -0.1886
  1.9664   0.2758  -0.1851
  1.9680   0.2760  -0.1817
  1.9695   0.2762  -0.1783
  1.9711   0.2764  -0.1748
  1.9726   0.2766  -0.1713
  1.9741   0.2767  -0.1678
  1.9757   0.2769  -0.1642
  1.9772   0.2770  -0.1607
  1.9787   0.2772  -0.1571
  1.9803   0.2773  -0.1535
  1.9818   0.2774  -0.1499
  1.9834   0.2776  -0.1463
  1.9849   0.2777  -0.1426
  1.9864   0.2778  -0.1390
  1.9879   0.2779  -0.1353
  1.9895   0.2780  -0.1316
  1.9910   0.2780  -0.1279
  1.9925   0.2781  -0.1242
  1.9940   0.2781  -0.1205
  1.9956   0.2782  -0.1168
  1.9971   0.2782  -0.1130
  1.9986   0.2783  -0.1093
  2.0001   0.2783  -0.1055
  2.0017   0.2783  -0.1018
  2.0032   0.2783  -0.0980
  2.0047   0.2783  -0.0942
  2.0062   0.2783  -0.0904
  2.0078   0.2782  -0.0866
  2.0093   0.2782  -0.0829
  2.0108   0.2782  -0.0791
  2.0123   0.2781  -0.0753
  2.0138   0.2780  -0.0715
  2.0154   0.2780  -0.0677
  2.0169   0.2779  -0.0639
  2.0184   0.2778  -0.0601
  2.0199   0.2777  -0.0563
  2.0214   0.2776  -0.0525
  2.0230   0.2775  -0.0487
  2.0245   0.2773  -0.0449
  2.0260   0.2772  -0.0411
  2.0275   0.2770  -0.0373
  2.0290   0.2769  -0.0335
  2.0306   0.2767  -0.0298
  2.0321   0.2765  -0.0260
  2.0336   0.2763  -0.0222
  2.0351   0.2761  -0.0185
  2.0367   0.2759  -0.0147
  2.0382   0.2757  -0.0110
  2.0397   0.2754  -0.0072
  2.0412   0.2752  -0.0035
  2.0428   0.2749   0.0002
  2.0443   0.2747   0.0039
  2.0458   0.2744   0.0076
  2.0473   0.2741   0.0113
  2.0489   0.2738   0.0149
  2.0504   0.2735   0.0186
  2.0519   0.2732   0.0222
  2.0535   0.2728   0.0259
  2.0550   0.2725   0.0295
  2.0565   0.2721   0.0331
  2.0581   0.2718   0.0367
  2.0596   0.2714   0.0402
  2.0612   0.2710   0.0438
  2.0627   0.2706   0.0473
  2.0643   0.2702   0.0508
  2.0658   0.2698   0.0543
  2.0673   0.2693   0.0578
  2.0689   0.2689   0.0613
  2.0689   0.2689   0.0613
  2.0704   0.2684   0.0647
  2.0720   0.2680   0.0681
  2.0735   0.2675   0.0713
  2.0751   0.2671   0.0744
  2.0766   0.2667   0.0774
  2.0782   0.2662   0.0802
  2.0797   0.2658   0.0829
  2.0812   0.2654   0.0855
  2.0828   0.2651   0.0880
  2.0843   0.2647   0.0903
  2.0859   0.2643   0.0926
  2.0874   0.2640   0.0947
  2.0889   0.2636   0.0966
  2.0905   0.2633   0.0985
  2.0920   0.2629   0.1003
  2.0935   0.2626   0.1019
  2.0951   0.2623   0.1035
  2.0966   0.2620   0.1049
  2.0981   0.2617   0.1062
  2.0997   0.2615   0.1074
  2.1012   0.2612   0.1085
  2.1027   0.2609   0.1095
  2.1043   0.2607   0.1104
  2.1058   0.2605   0.1112
  2.1073   0.2603   0.1119
  2.1088   0.2600   0.1125
  2.1104   0.2598   0.1130
  2.1119   0.2597   0.1134
  2.1134   0.2595   0.1138
  2.1149   0.2593   0.1140
  2.1164   0.2592   0.1141
  2.1179   0.2590   0.1141
  2.1195   0.2589   0.1141
  2.1210   0.2588   0.1139
  2.1225   0.2587   0.1137
  2.1240   0.2586   0.1134
  2.1255   0.2585   0.1130
  2.1270   0.2585   0.1125
  2.1285   0.2584   0.1119
  2.1300   0.2584   0.1112
  2.1315   0.2583   0.1105
  2.1330   0.2583   0.1097
  2.1345   0.2583   0.1088
  2.1360   0.2583   0.1078
  2.1375   0.2583   0.1068
  2.1390   0.2584   0.1056
  2.1405   0.2584   0.1044
  2.1420   0.2585   0.1032
  2.1435   0.2585   0.1018
  2.1450   0.2586   0.1004
  2.1465   0.2587   0.0989
  2.1480   0.2588   0.0974
  2.1495   0.2590   0.0958
  2.1510   0.2591   0.0941
  2.1525   0.2592   0.0923
  2.1540   0.2594   0.0905
  2.1555   0.2596   0.0887
  2.1569   0.2598   0.0867
  2.1584   0.2600   0.0847
  2.1599   0.2602   0.0827
  2.1614   0.2604   0.0805
  2.1629   0.2607   0.0784
  2.1644   0.2609   0.0761
  2.1659   0.2612   0.0739
  2.1674   0.2615   0.0715
  2.1688   0.2618   0.0691
  2.1703   0.2621   0.0667
  2.1718   0.2624   0.0642
  2.1733   0.2628   0.0616
  2.1748   0.2631   0.0590
  2.1763   0.2635   0.0564
  2.1778   0.2639   0.0537
  2.1792   0.2643   0.0510
  2.1807   0.2647   0.0482
  2.1822   0.2651   0.0453
  2.1837   0.2656   0.0425
  2.1852   0.2660   0.0395
  2.1867   0.2665   0.0366
  2.1882   0.2670   0.0336
  2.1882   0.2670   0.0336
  2.1896   0.2675   0.0305
  2.1911   0.2680   0.0276
  2.1926   0.2684   0.0246
  2.1941   0.2689   0.0218
  2.1955   0.2694   0.0190
  2.1970   0.2698   0.0162
  2.1985   0.2703   0.0135
  2.1999   0.2707   0.0108
  2.2014   0.2711   0.0082
  2.2029   0.2715   0.0056
  2.2043   0.2719   0.0030
  2.2058   0.2723   0.0004
  2.2072   0.2727  -0.0021
  2.2087   0.2731  -0.0047
  2.2101   0.2735  -0.0072
  2.2116   0.2739  -0.0097
  2.2130   0.2742  -0.0121
  2.2145   0.2746  -0.0146
  2.2159   0.2749  -0.0170
  2.2173   0.2752  -0.0194
  2.2188   0.2755  -0.0218
  2.2202   0.2759  -0.0242
  2.2217   0.2762  -0.0266
  2.2231   0.2765  -0.0290
  2.2245   0.2767  -0.0314
  2.2260   0.2770  -0.0338
  2.2274   0.2773  -0.0361
  2.2288   0.2775  -0.0385
  2.2303   0.2778  -0.0408
  2.2317   0.2780  -0.0432
  2.2331   0.2783  -0.0455
  2.2345   0.2785  -0.0479
  2.2360   0.2787  -0.0502
  2.2374   0.2789  -0.0526
  2.2388   0.2791  -0.0549
  2.2402   0.2792  -0.0573
  2.2417   0.2794  -0.0596
  2.2431   0.2796  -0.0619
  2.2445   0.2797  -0.0643
  2.2459   0.2799  -0.0667
  2.2474   0.2800  -0.0690
  2.2488   0.2801  -0.0714
  2.2502   0.2802  -0.0738
  2.2516   0.2803  -0.0761
  2.2531   0.2804  -0.0785
  2.2545   0.2805  -0.0809
  2.2559   0.2805  -0.0833
  2.2573   0.2806  -0.0857
  2.2587   0.2806  -0.0881
  2.2602   0.2807  -0.0905
  2.2616   0.2807  -0.0930
  2.2630   0.2807  -0.0954
  2.2644   0.2807  -0.0979
  2.2659   0.2807  -0.1003
  2.2673   0.2807  -0.1028
  2.2687   0.2807  -0.1053
  2.2701   0.2806  -0.1078
  2.2716   0.2806  -0.1103
  2.2730   0.2805  -0.1128
  2.2744   0.2804  -0.1153
  2.2758   0.2804  -0.1179
  2.2773   0.2803  -0.1204
  2.2787   0.2802  -0.1230
  2.2801   0.2800  -0.1256
  2.2816   0.2799  -0.1282
  2.2830   0.2798  -0.1308
  2.2844   0.2796  -0.1334
  2.2859   0.2795  -0.1361
  2.2873   0.2793  -0.1388
  2.2887   0.2791  -0.1414
  2.2902   0.2789  -0.1441
  2.2916   0.2787  -0.1469
  2.2931   0.2785  -0.1496
  2.2945   0.2783  -0.1524
  2.2960   0.2781  -0.1552
  2.2974   0.2778  -0.1580
  2.2989   0.2776  -0.1609
  2.3003   0.2773  -0.1638
  2.3018   0.2770  -0.1668
