  0.0000   0.0000   0.0000   0.0000
  0.0369   0.0654   0.0819  -0.0486
  0.0681   0.1393   0.1571  -0.0812
  0.1004   0.2170   0.2357  -0.1156
  0.1347   0.3013   0.3206  -0.1552
  0.1746   0.3838   0.4134  -0.2038
  0.2130   0.4634   0.5026  -0.2496
  0.2504   0.5408   0.5897  -0.2939
  0.2868   0.6165   0.6745  -0.3366
  0.3224   0.6901   0.7573  -0.3780
  0.3580   0.7607   0.8390  -0.4192
  0.3914   0.8308   0.9175  -0.4575
  0.4239   0.8991   0.9941  -0.4944
  0.4555   0.9656   1.0687  -0.5299
  0.4862   1.0302   1.1414  -0.5642
  0.5170   1.0920   1.2132  -0.5984
  0.5457   1.1532   1.2820  -0.6299
  0.5745   1.2116   1.3499  -0.6613
  0.6014   1.2694   1.4149  -0.6901
  0.6273   1.3255   1.4781  -0.7176
  0.6530   1.3793   1.5401  -0.7446
  0.6743   1.4352   1.5969  -0.7660
  0.6957   1.4884   1.6528  -0.7873
  0.7174   1.5386   1.7081  -0.8089
  0.7387   1.5865   1.7620  -0.8298
  0.7597   1.6321   1.8148  -0.8502
  0.7798   1.6761   1.8659  -0.8694
  0.7984   1.7194   1.9145  -0.8865
  0.8162   1.7611   1.9615  -0.9025
  0.8336   1.8007   2.0072  -0.9178
  0.8502   1.8388   2.0512  -0.9319
  0.8659   1.8755   2.0936  -0.9448
  0.8803   1.9110   2.1338  -0.9559
  0.8940   1.9451   2.1723  -0.9659
  0.9068   1.9777   2.2091  -0.9746
  0.9192   2.0085   2.2446  -0.9826
  0.9308   2.0378   2.2784  -0.9893
  0.9416   2.0657   2.3106  -0.9950
  0.9517   2.0922   2.3412  -0.9994
  0.9607   2.1177   2.3698  -1.0024
  0.9693   2.1414   2.3972  -1.0045
  0.9763   2.1647   2.4221  -1.0045
  0.9810   2.1884   2.4438  -1.0013
  0.9875   2.2080   2.4663  -1.0000
  0.9932   2.2263   2.4871  -0.9975
  0.9983   2.2430   2.5065  -0.9941
  1.0028   2.2584   2.5243  -0.9896
  1.0067   2.2724   2.5405  -0.9839
  1.0100   2.2850   2.5552  -0.9772
  1.0127   2.2962   2.5683  -0.9695
  1.0148   2.3059   2.5799  -0.9607
  1.0164   2.3143   2.5899  -0.9509
  1.0175   2.3213   2.5985  -0.9401
  1.0180   2.3270   2.6055  -0.9282
  1.0180   2.3312   2.6109  -0.9153
  1.0174   2.3341   2.6148  -0.9014
  1.0164   2.3356   2.6172  -0.8864
  1.0148   2.3358   2.6180  -0.8703
  1.0126   2.3348   2.6172  -0.8531
  1.0099   2.3325   2.6148  -0.8349
  1.0067   2.3290   2.6108  -0.8155
  1.0029   2.3242   2.6052  -0.7950
  0.9987   2.3182   2.5980  -0.7734
  0.9939   2.3109   2.5892  -0.7507
  0.9886   2.3024   2.5788  -0.7270
  0.9829   2.2927   2.5669  -0.7022
  0.9770   2.2827   2.5544  -0.6770
  0.9712   2.2732   2.5421  -0.6519
  0.9651   2.2633   2.5291  -0.6264
  0.9589   2.2530   2.5155  -0.6003
  0.9519   2.2446   2.5013  -0.5734
  0.9447   2.2352   2.4863  -0.5460
  0.9375   2.2248   2.4703  -0.5181
  0.9301   2.2135   2.4535  -0.4896
  0.9225   2.2014   2.4358  -0.4607
  0.9146   2.1895   2.4173  -0.4311
  0.9067   2.1761   2.3979  -0.4011
  0.8986   2.1620   2.3776  -0.3706
  0.8904   2.1473   2.3565  -0.3396
  0.8820   2.1319   2.3345  -0.3080
  0.8735   2.1159   2.3117  -0.2760
  0.8649   2.0993   2.2881  -0.2434
  0.8561   2.0821   2.2637  -0.2103
  0.8471   2.0642   2.2384  -0.1768
  0.8381   2.0457   2.2123  -0.1427
  0.8290   2.0263   2.1853  -0.1082
  0.8197   2.0063   2.1575  -0.0732
  0.8104   1.9857   2.1289  -0.0378
  0.8009   1.9643   2.0995  -0.0019
  0.7915   1.9422   2.0692   0.0345
  0.7756   1.9425   2.0414   0.0748
  0.7661   1.9182   2.0094   0.1120
  0.7566   1.8931   1.9766   0.1496
  0.7471   1.8672   1.9429   0.1875
  0.7376   1.8404   1.9085   0.2259
  0.7283   1.8119   1.8730   0.2647
  0.7189   1.7827   1.8367   0.3039
  0.7094   1.7524   1.7993   0.3436
  0.6999   1.7198   1.7600   0.3844
  0.6901   1.6861   1.7194   0.4259
  0.6804   1.6529   1.6789   0.4674
  0.6705   1.6173   1.6362   0.5101
  0.6605   1.5808   1.5926   0.5533
  0.6505   1.5439   1.5483   0.5969
  0.6405   1.5065   1.5033   0.6409
  0.6304   1.4687   1.4577   0.6852
  0.6203   1.4304   1.4113   0.7300
  0.6101   1.3917   1.3643   0.7751
  0.5999   1.3525   1.3167   0.8207
  0.5897   1.3128   1.2684   0.8665
  0.5734   1.2837   1.2158   0.9191
  0.5626   1.2370   1.1613   0.9683
  0.5521   1.1940   1.1094   1.0163
  0.5412   1.1462   1.0535   1.0665
  0.5303   1.0981   0.9970   1.1170
  0.5194   1.0504   0.9404   1.1676
  0.5084   1.0015   0.8825   1.2190
  0.4973   0.9532   0.8246   1.2706
  0.4860   0.9021   0.7640   1.3237
  0.4743   0.8502   0.7020   1.3779
  0.4743   0.8502   0.7020   1.3779
  0.7527  -0.5499   0.7195   1.3535
  1.0424  -1.9514   0.7445   1.3294
  1.3135  -3.2150   0.7680   1.3083
  1.5668  -4.3379   0.7949   1.2855
  1.8011  -5.3365   0.8194   1.2656
  2.0193  -6.2210   0.8448   1.2457
  2.2222  -7.0036   0.8703   1.2265
  2.4114  -7.6944   0.8962   1.2077
  2.5880  -8.3030   0.9225   1.1892
  2.7537  -8.8369   0.9508   1.1696
  2.9095  -9.3040   0.9807   1.1492
  3.0559  -9.7120   1.0113   1.1288
  3.1925 -10.0692   1.0395   1.1109
  3.3203 -10.3806   1.0660   1.0950
  3.4423 -10.6473   1.0966   1.0761
  3.5575 -10.8765   1.1269   1.0579
  3.6647 -11.0750   1.1531   1.0436
  3.7661 -11.2436   1.1792   1.0299
  3.8620 -11.3853   1.2050   1.0168
  3.9528 -11.5030   1.2305   1.0044
  4.0404 -11.5964   1.2598   0.9891
  4.1234 -11.6707   1.2885   0.9748
  4.2020 -11.7279   1.3165   0.9615
  4.2764 -11.7697   1.3438   0.9491
  4.3469 -11.7976   1.3705   0.9377
  4.4135 -11.8130   1.3965   0.9271
  4.4765 -11.8171   1.4220   0.9174
  4.5359 -11.8110   1.4468   0.9086
  4.5919 -11.7956   1.4710   0.9007
  4.6445 -11.7719   1.4946   0.8937
  4.6939 -11.7405   1.5176   0.8875
  4.7401 -11.7023   1.5401   0.8822
  4.7830 -11.6578   1.5619   0.8777
  4.8229 -11.6076   1.5831   0.8740
  4.8597 -11.5522   1.6038   0.8712
  4.8934 -11.4921   1.6239   0.8693
  4.9241 -11.4277   1.6433   0.8682
  4.9517 -11.3593   1.6622   0.8679
  4.9762 -11.2874   1.6805   0.8685
  4.9978 -11.2123   1.6982   0.8699
  5.0163 -11.1342   1.7153   0.8722
  5.0317 -11.0534   1.7317   0.8754
  5.0441 -10.9702   1.7476   0.8794
  5.0534 -10.8847   1.7628   0.8842
  5.0596 -10.7973   1.7774   0.8900
  5.0626 -10.7080   1.7914   0.8966
  5.0626 -10.6170   1.8047   0.9041
  5.0593 -10.5245   1.8174   0.9125
  5.0529 -10.4307   1.8294   0.9218
  5.0432 -10.3356   1.8407   0.9320
  5.0303 -10.2394   1.8513   0.9431
  5.0141 -10.1422   1.8613   0.9551
  4.9947 -10.0441   1.8705   0.9680
  4.9718  -9.9451   1.8790   0.9819
  4.9456  -9.8453   1.8868   0.9968
  4.9160  -9.7448   1.8939   1.0126
  4.8830  -9.6435   1.9002   1.0293
  4.8465  -9.5416   1.9057   1.0471
  4.8065  -9.4389   1.9104   1.0658
  4.7630  -9.3356   1.9144   1.0855
  4.7159  -9.2315   1.9176   1.1062
  4.6652  -9.1267   1.9199   1.1279
  4.6109  -9.0210   1.9214   1.1507
  4.5529  -8.9143   1.9221   1.1745
  4.4913  -8.8066   1.9219   1.1993
  4.4259  -8.6977   1.9208   1.2252
  4.3568  -8.5874   1.9189   1.2521
  4.2839  -8.4756   1.9161   1.2801
  4.2072  -8.3619   1.9123   1.3092
  4.1266  -8.2462   1.9076   1.3394
  4.0422  -8.1281   1.9020   1.3707
  3.9539  -8.0073   1.8955   1.4031
  3.8616  -7.8834   1.8879   1.4367
  3.7655  -7.7559   1.8794   1.4713
  3.6653  -7.6242   1.8699   1.5072
  3.5611  -7.4880   1.8594   1.5441
  3.4529  -7.3464   1.8479   1.5823
  3.3407  -7.1987   1.8353   1.6216
  3.2244  -7.0443   1.8217   1.6621
  3.1040  -6.8821   1.8071   1.7038
  2.9795  -6.7112   1.7914   1.7467
  2.8510  -6.5304   1.7746   1.7908
  2.7183  -6.3385   1.7567   1.8362
  2.5814  -6.1342   1.7378   1.8827
  2.4405  -5.9159   1.7177   1.9306
  2.2954  -5.6819   1.6965   1.9797
  2.1462  -5.4303   1.6743   2.0300
  1.9929  -5.1591   1.6509   2.0816
  1.8355  -4.8659   1.6264   2.1345
  1.6740  -4.5482   1.6008   2.1887
  1.5085  -4.2031   1.5740   2.2441
  1.3389  -3.8275   1.5462   2.3009
  1.1654  -3.4179   1.5173   2.3590
  0.9879  -2.9704   1.4873   2.4184
  0.8065  -2.4808   1.4562   2.4790
  0.6213  -1.9442   1.4241   2.5410
  0.4324  -1.3554   1.3910   2.6043
  0.2400  -0.7090   1.3569   2.6688
  0.0446   0.0009   1.3219   2.7346
  0.0446   0.0009   1.3219   2.7346
  0.0372   0.5062   1.3204   2.7658
  0.0306   0.9548   1.3175   2.7980
  0.0249   1.3523   1.3132   2.8311
  0.0201   1.7037   1.3076   2.8651
  0.0162   2.0136   1.3006   2.9000
  0.0132   2.2861   1.2923   2.9358
  0.0111   2.5249   1.2827   2.9726
  0.0099   2.7333   1.2719   3.0103
  0.0096   2.9142   1.2598   3.0490
  0.0103   3.0703   1.2465   3.0886
  0.0121   3.2043   1.2323   3.1289
  0.0147   3.3177   1.2165   3.1705
  0.0182   3.4129   1.1995   3.2130
  0.0227   3.4915   1.1813   3.2565
  0.0281   3.5550   1.1618   3.3011
  0.0344   3.6049   1.1411   3.3466
  0.0417   3.6424   1.1192   3.3932
  0.0497   3.6687   1.0960   3.4409
  0.0586   3.6846   1.0716   3.4896
  0.0683   3.6913   1.0459   3.5394
  0.0787   3.6894   1.0189   3.5903
  0.0898   3.6797   0.9906   3.6423
  0.1016   3.6628   0.9611   3.6955
  0.1141   3.6393   0.9302   3.7499
  0.1271   3.6098   0.8980   3.8054
  0.1406   3.5747   0.8645   3.8621
  0.1547   3.5345   0.8297   3.9200
  0.1692   3.4896   0.7936   3.9791
  0.1842   3.4405   0.7564   4.0392
  0.1993   3.3870   0.7173   4.1010
  0.2148   3.3297   0.6768   4.1641
  0.2304   3.2688   0.6348   4.2286
  0.2462   3.2046   0.5912   4.2946
  0.2620   3.1373   0.5462   4.3619
  0.2779   3.0671   0.4996   4.4307
  0.2938   2.9942   0.4515   4.5010
  0.3097   2.9188   0.4018   4.5728
  0.3253   2.8411   0.3505   4.6461
  0.3408   2.7612   0.2977   4.7209
  0.3561   2.6792   0.2431   4.7975
  0.3710   2.5953   0.1868   4.8757
  0.3856   2.5100   0.1293   4.9553
  0.3998   2.4231   0.0701   5.0365
  0.4134   2.3346   0.0088   5.1198
  0.4264   2.2446  -0.0545   5.2050
  0.4388   2.1534  -0.1197   5.2922
  0.4504   2.0612  -0.1868   5.3813
  0.4613   1.9681  -0.2558   5.4724
  0.4713   1.8743  -0.3268   5.5656
  0.4805   1.7799  -0.3998   5.6608
  0.4886   1.6851  -0.4748   5.7582
  0.4957   1.5900  -0.5519   5.8579
  0.5017   1.4949  -0.6311   5.9598
  0.5065   1.3999  -0.7124   6.0640
  0.5101   1.3053  -0.7960   6.1707
  0.5123   1.2112  -0.8818   6.2798
  0.5132   1.1180  -0.9697   6.3914
  0.5126   1.0257  -1.0600   6.5057
  0.5104   0.9348  -1.1527   6.6227
  0.5066   0.8455  -1.2477   6.7423
  0.5011   0.7578  -1.3453   6.8651
  0.4937   0.6723  -1.4456   6.9909
  0.4845   0.5893  -1.5484   7.1198
  0.4732   0.5091  -1.6540   7.2519
  0.4600   0.4321  -1.7623   7.3873
  0.4445   0.3588  -1.8734   7.5263
  0.4268   0.2895  -1.9875   7.6688
  0.4068   0.2248  -2.1045   7.8151
  0.3843   0.1651  -2.2246   7.9652
  0.3592   0.1111  -2.3479   8.1195
  0.3315   0.0633  -2.4744   8.2779
  0.3011   0.0225  -2.6043   8.4407
  0.2677  -0.0107  -2.7376   8.6080
  0.2314  -0.0355  -2.8744   8.7801
  0.1919  -0.0509  -3.0149   8.9572
  0.1492  -0.0561  -3.1592   9.1395
  0.1031  -0.0501  -3.3074   9.3272
  0.0534  -0.0317  -3.4596   9.5206
  0.0001   0.0004  -3.6160   9.7200
  0.0001   0.0004  -3.6160   9.7200
 -0.1586  -0.2483  -2.9180   5.4856
 -0.3168  -0.4431  -2.3421   2.1458
 -0.4736  -0.5935  -1.8688  -0.4794
 -0.6281  -0.7072  -1.4801  -2.5370
 -0.7797  -0.7906  -1.1608  -4.1461
 -0.9279  -0.8488  -0.8978  -5.4021
 -1.0724  -0.8859  -0.6804  -6.3806
 -1.2129  -0.9055  -0.5000  -7.1418
 -1.3491  -0.9103  -0.3496  -7.7329
 -1.4809  -0.9027  -0.2238  -8.1910
 -1.6082  -0.8845  -0.1182  -8.5452
 -1.7310  -0.8573  -0.0293  -8.8184
 -1.8491  -0.8224   0.0457  -9.0284
 -1.9626  -0.7809   0.1088  -9.1890
 -2.0715  -0.7336   0.1617  -9.3113
 -2.1758  -0.6814   0.2059  -9.4037
 -2.2755  -0.6247   0.2423  -9.4727
 -2.3706  -0.5642   0.2718  -9.5237
 -2.4612  -0.5002   0.2951  -9.5605
 -2.5474  -0.4332   0.3127  -9.5864
 -2.6291  -0.3635   0.3251  -9.6038
 -2.7065  -0.2913   0.3326  -9.6147
 -2.7796  -0.2169   0.3356  -9.6204
 -2.8485  -0.1406   0.3343  -9.6222
 -2.9132  -0.0624   0.3289  -9.6209
 -2.9738   0.0174   0.3197  -9.6173
 -3.0303   0.0987   0.3067  -9.6118
 -3.0829   0.1814   0.2901  -9.6048
 -3.1316   0.2653   0.2701  -9.5967
 -3.1764   0.3502   0.2469  -9.5877
 -3.2175   0.4362   0.2204  -9.5779
 -3.2548   0.5231   0.1909  -9.5675
 -3.2885   0.6108   0.1585  -9.5565
 -3.3186   0.6992   0.1232  -9.5451
 -3.3453   0.7883   0.0851  -9.5332
 -3.3685   0.8779   0.0445  -9.5208
 -3.3883   0.9680   0.0013  -9.5080
 -3.4049   1.0585  -0.0443  -9.4947
 -3.4182   1.1494  -0.0922  -9.4810
 -3.4284   1.2405  -0.1423  -9.4667
 -3.4355   1.3319  -0.1946  -9.4519
 -3.4396   1.4234  -0.2488  -9.4365
 -3.4407   1.5150  -0.3050  -9.4206
 -3.4390   1.6066  -0.3629  -9.4040
 -3.4345   1.6982  -0.4225  -9.3867
 -3.4273   1.7897  -0.4838  -9.3687
 -3.4174   1.8812  -0.5464  -9.3499
 -3.4050   1.9724  -0.6105  -9.3304
 -3.3900   2.0634  -0.6758  -9.3100
 -3.3726   2.1542  -0.7422  -9.2887
 -3.3529   2.2446  -0.8097  -9.2666
 -3.3309   2.3347  -0.8780  -9.2435
 -3.3066   2.4244  -0.9472  -9.2194
 -3.2802   2.5136  -1.0170  -9.1943
 -3.2518   2.6024  -1.0874  -9.1682
 -3.2214   2.6906  -1.1582  -9.1410
 -3.1890   2.7783  -1.2293  -9.1127
 -3.1548   2.8654  -1.3006  -9.0833
 -3.1188   2.9519  -1.3719  -9.0527
 -3.0811   3.0378  -1.4432  -9.0210
 -3.0418   3.1229  -1.5143  -8.9881
 -3.0010   3.2074  -1.5850  -8.9540
 -2.9587   3.2911  -1.6553  -8.9187
 -2.9150   3.3740  -1.7250  -8.8822
 -2.8699   3.4562  -1.7939  -8.8444
 -2.8236   3.5375  -1.8620  -8.8054
 -2.7761   3.6180  -1.9291  -8.7652
 -2.7276   3.6976  -1.9950  -8.7237
 -2.6780   3.7764  -2.0596  -8.6809
 -2.6274   3.8542  -2.1228  -8.6369
 -2.5759   3.9311  -2.1844  -8.5916
 -2.5237   4.0071  -2.2443  -8.5451
 -2.4707   4.0821  -2.3023  -8.4974
 -2.4171   4.1561  -2.3583  -8.4484
 -2.3628   4.2291  -2.4120  -8.3982
 -2.3081   4.3011  -2.4634  -8.3469
 -2.2529   4.3720  -2.5124  -8.2943
 -2.1973   4.4419  -2.5586  -8.2406
 -2.1415   4.5107  -2.6021  -8.1858
 -2.0854   4.5785  -2.6425  -8.1299
 -2.0292   4.6451  -2.6798  -8.0728
 -1.9728   4.7106  -2.7138  -8.0147
 -1.9165   4.7749  -2.7443  -7.9556
 -1.8602   4.8381  -2.7712  -7.8954
 -1.8041   4.9000  -2.7942  -7.8342
 -1.7481   4.9607  -2.8132  -7.7720
 -1.6924   5.0200  -2.8280  -7.7089
 -1.6371   5.0780  -2.8385  -7.6448
 -1.5821   5.1346  -2.8445  -7.5796
 -1.5276   5.1896  -2.8457  -7.5135
 -1.4736   5.2430  -2.8420  -7.4463
 -1.4202   5.2947  -2.8332  -7.3781
 -1.3674   5.3444  -2.8191  -7.3086
 -1.3153   5.3920  -2.7995  -7.2378
 -1.2639   5.4372  -2.7743  -7.1656
 -1.2134   5.4797  -2.7432  -7.0917
 -1.1636   5.5192  -2.7060  -7.0158
 -1.1147   5.5551  -2.6626  -6.9375
 -1.0667   5.5868  -2.6127  -6.8564
 -1.0195   5.6135  -2.5562  -6.7719
 -0.9733   5.6345  -2.4928  -6.6830
 -0.9279   5.6483  -2.4223  -6.5890
 -0.8834   5.6537  -2.3446  -6.4884
 -0.8396   5.6488  -2.2594  -6.3798
 -0.7964   5.6313  -2.1666  -6.2611
 -0.7538   5.5985  -2.0659  -6.1298
 -0.7116   5.5467  -1.9573  -5.9829
 -0.6694   5.4717  -1.8404  -5.8165
 -0.6269   5.3679  -1.7152  -5.6259
 -0.5837   5.2287  -1.5816  -5.4049
 -0.5393   5.0455  -1.4393  -5.1464
 -0.4929   4.8079  -1.2883  -4.8410
 -0.4437   4.5027  -1.1287  -4.4774
 -0.3905   4.1136  -0.9604  -4.0414
 -0.3319   3.6204  -0.7835  -3.5157
 -0.2662   2.9978  -0.5984  -2.8786
 -0.1913   2.2144  -0.4054  -2.1036
  6.3497  -5.5355  -0.4687  -2.0890
  6.3234  -5.2312  -0.2282  -2.2351
  6.2954  -4.9307   0.0051  -2.3628
  6.2656  -4.6338   0.2314  -2.4739
  6.2339  -4.3404   0.4508  -2.5698
  6.2002  -4.0503   0.6634  -2.6519
  6.1645  -3.7635   0.8693  -2.7217
  6.1267  -3.4797   1.0688  -2.7801
  6.0866  -3.1989   1.2619  -2.8284
  6.0444  -2.9210   1.4487  -2.8674
  5.9999  -2.6459   1.6293  -2.8981
  5.9530  -2.3735   1.8038  -2.9213
  5.9039  -2.1037   1.9723  -2.9376
  5.8523  -1.8364   2.1348  -2.9477
  5.7984  -1.5716   2.2915  -2.9523
  5.7420  -1.3092   2.4423  -2.9518
  5.6832  -1.0490   2.5874  -2.9469
  5.6221  -0.7911   2.7268  -2.9378
  5.5584  -0.5354   2.8605  -2.9251
  5.4924  -0.2818   2.9886  -2.9090
  5.4240  -0.0303   3.1110  -2.8900
  5.3531   0.2193   3.2280  -2.8684
  5.2799   0.4669   3.3394  -2.8443
  5.2044   0.7126   3.4452  -2.8181
  5.1265   0.9564   3.5456  -2.7900
  5.0463   1.1985   3.6405  -2.7601
  4.9639   1.4388   3.7299  -2.7288
  4.8792   1.6774   3.8139  -2.6961
  4.7924   1.9144   3.8924  -2.6621
  4.7034   2.1498   3.9654  -2.6271
  4.6124   2.3837   4.0330  -2.5912
  4.5192   2.6161   4.0951  -2.5544
  4.4241   2.8471   4.1517  -2.5169
  4.3270   3.0767   4.2028  -2.4788
  4.2280   3.3050   4.2484  -2.4401
  4.1272   3.5320   4.2885  -2.4010
  4.0245   3.7578   4.3230  -2.3614
  3.9201   3.9825   4.3519  -2.3215
  3.8140   4.2061   4.3752  -2.2813
  3.7063   4.4286   4.3929  -2.2408
  3.5969   4.6502   4.4049  -2.2001
  3.4860   4.8709   4.4112  -2.1593
  3.3736   5.0908   4.4118  -2.1183
  3.2597   5.3099   4.4066  -2.0772
  3.1444   5.5283   4.3956  -2.0360
  3.0278   5.7462   4.3788  -1.9948
  2.9098   5.9634   4.3561  -1.9535
  2.7906   6.1803   4.3274  -1.9121
  2.6701   6.3968   4.2928  -1.8707
  2.5483   6.6130   4.2521  -1.8293
  2.4254   6.8290   4.2054  -1.7878
  2.3014   7.0449   4.1525  -1.7463
  2.1762   7.2609   4.0935  -1.7046
  2.0499   7.4769   4.0283  -1.6629
  1.9226   7.6932   3.9569  -1.6210
  1.7941   7.9098   3.8791  -1.5788
  1.6647   8.1268   3.7950  -1.5364
  1.5341   8.3444   3.7044  -1.4937
  1.4025   8.5627   3.6074  -1.4506
  1.2699   8.7818   3.5040  -1.4069
  1.1362   9.0019   3.3939  -1.3626
  1.0015   9.2230   3.2773  -1.3176
  0.8657   9.4454   3.1540  -1.2716
  0.7288   9.6692   3.0240  -1.2244
  0.5907   9.8946   2.8873  -1.1760
  0.4515  10.1217   2.7438  -1.1259
  0.3111  10.3506   2.5934  -1.0740
  0.1695  10.5817   2.4362  -1.0200
  0.0265  10.8151   2.2720  -0.9633
 -0.1178  11.0509   2.1008  -0.9037
 -0.2635  11.2895   1.9227  -0.8407
 -0.4108  11.5310   1.7374  -0.7736
 -0.5596  11.7756   1.5451  -0.7020
 -0.7101  12.0237   1.3457  -0.6250
 -0.8624  12.2755   1.1391  -0.5420
 -1.0166  12.5313   0.9252  -0.4519
 -1.1728  12.7913   0.7042  -0.3539
 -1.3312  13.0559   0.4759  -0.2468
 -1.4919  13.3255   0.2404  -0.1292
 -1.6551  13.6003  -0.0024   0.0003
 -1.6551  13.6003  -0.0024   0.0003
 -1.1254   9.2239  -0.4557   0.3084
 -0.6769   5.6714  -0.8843   0.5623
 -0.3013   2.7966  -1.2903   0.7741
  0.0111   0.4765  -1.6753   0.9537
  0.2694  -1.3917  -2.0406   1.1085
  0.4822  -2.8930  -2.3876   1.2447
  0.6568  -4.0972  -2.7171   1.3669
  0.7999  -5.0615  -3.0300   1.4789
  0.9168  -5.8323  -3.3272   1.5834
  1.0120  -6.4472  -3.6093   1.6828
  1.0893  -6.9369  -3.8769   1.7787
  1.1518  -7.3258  -4.1306   1.8726
  1.2020  -7.6339  -4.3709   1.9654
  1.2418  -7.8770  -4.5982   2.0579
  1.2730  -8.0680  -4.8129   2.1507
  1.2968  -8.2173  -5.0155   2.2442
  1.3143  -8.3330  -5.2063   2.3387
  1.3264  -8.4220  -5.3857   2.4345
  1.3338  -8.4895  -5.5539   2.5317
  1.3371  -8.5397  -5.7114   2.6303
  1.3367  -8.5762  -5.8584   2.7303
  1.3330  -8.6017  -5.9952   2.8319
  1.3262  -8.6184  -6.1221   2.9350
  1.3168  -8.6280  -6.2393   3.0394
  1.3048  -8.6320  -6.3472   3.1453
  1.2904  -8.6316  -6.4459   3.2524
  1.2738  -8.6275  -6.5358   3.3608
  1.2552  -8.6206  -6.6170   3.4703
  1.2345  -8.6114  -6.6899   3.5809
  1.2120  -8.6004  -6.7546   3.6924
  1.1877  -8.5879  -6.8114   3.8049
  1.1617  -8.5743  -6.8605   3.9181
  1.1340  -8.5597  -6.9021   4.0321
  1.1047  -8.5443  -6.9365   4.1467
  1.0739  -8.5283  -6.9638   4.2619
  1.0416  -8.5117  -6.9843   4.3776
  1.0079  -8.4947  -6.9982   4.4936
  0.9729  -8.4773  -7.0057   4.6100
  0.9365  -8.4595  -7.0070   4.7267
  0.8989  -8.4414  -7.0022   4.8436
  0.8601  -8.4230  -6.9916   4.9605
  0.8201  -8.4043  -6.9754   5.0776
  0.7791  -8.3853  -6.9538   5.1946
  0.7369  -8.3659  -6.9269   5.3116
  0.6938  -8.3463  -6.8950   5.4284
  0.6497  -8.3264  -6.8582   5.5450
  0.6048  -8.3061  -6.8166   5.6615
  0.5590  -8.2855  -6.7706   5.7776
  0.5124  -8.2645  -6.7202   5.8934
  0.4650  -8.2432  -6.6657   6.0088
  0.4170  -8.2214  -6.6071   6.1237
  0.3684  -8.1993  -6.5448   6.2382
  0.3192  -8.1768  -6.4788   6.3521
  0.2695  -8.1538  -6.4093   6.4655
  0.2194  -8.1303  -6.3364   6.5783
  0.1689  -8.1065  -6.2605   6.6904
  0.1181  -8.0821  -6.1815   6.8018
  0.0671  -8.0572  -6.0997   6.9125
  0.0158  -8.0318  -6.0152   7.0224
 -0.0356  -8.0060  -5.9282   7.1316
 -0.0870  -7.9795  -5.8388   7.2399
 -0.1384  -7.9526  -5.7472   7.3473
 -0.1897  -7.9251  -5.6536   7.4539
 -0.2409  -7.8970  -5.5581   7.5595
 -0.2918  -7.8684  -5.4608   7.6642
 -0.3424  -7.8392  -5.3619   7.7680
 -0.3926  -7.8095  -5.2615   7.8707
 -0.4424  -7.7791  -5.1598   7.9724
 -0.4917  -7.7482  -5.0570   8.0731
 -0.5403  -7.7167  -4.9531   8.1727
 -0.5882  -7.6846  -4.8484   8.2712
 -0.6354  -7.6519  -4.7429   8.3686
 -0.6816  -7.6187  -4.6368   8.4649
 -0.7269  -7.5848  -4.5302   8.5600
 -0.7712  -7.5504  -4.4233   8.6540
 -0.8144  -7.5154  -4.3162   8.7468
 -0.8563  -7.4799  -4.2091   8.8384
 -0.8970  -7.4438  -4.1020   8.9288
 -0.9362  -7.4071  -3.9951   9.0180
 -0.9739  -7.3699  -3.8886   9.1059
 -1.0100  -7.3321  -3.7825   9.1926
 -1.0445  -7.2939  -3.6770   9.2780
 -1.0771  -7.2550  -3.5723   9.3621
 -1.1079  -7.2157  -3.4684   9.4449
 -1.1366  -7.1758  -3.3654   9.5263
 -1.1633  -7.1353  -3.2635   9.6063
 -1.1877  -7.0943  -3.1628   9.6849
 -1.2098  -7.0528  -3.0635   9.7620
 -1.2295  -7.0106  -2.9656   9.8376
 -1.2467  -6.9678  -2.8692   9.9115
 -1.2612  -6.9243  -2.7745   9.9836
 -1.2730  -6.8800  -2.6815  10.0539
 -1.2818  -6.8349  -2.5904  10.1220
 -1.2877  -6.7888  -2.5013  10.1879
 -1.2905  -6.7415  -2.4142  10.2510
 -1.2900  -6.6928  -2.3292  10.3112
 -1.2861  -6.6424  -2.2463  10.3679
 -1.2788  -6.5899  -2.1657  10.4203
 -1.2678  -6.5349  -2.0873  10.4678
 -1.2530  -6.4768  -2.0112  10.5092
 -1.2344  -6.4147  -1.9373  10.5431
 -1.2117  -6.3478  -1.8655  10.5678
 -1.1849  -6.2747  -1.7957  10.5811
 -1.1536  -6.1939  -1.7276  10.5800
 -1.1179  -6.1035  -1.6611  10.5608
 -1.0775  -6.0009  -1.5957  10.5186
 -1.0322  -5.8830  -1.5307  10.4473
 -0.9818  -5.7458  -1.4654  10.3390
 -0.9261  -5.5845  -1.3987  10.1833
 -0.8648  -5.3926  -1.3293   9.9671
 -0.7977  -5.1622  -1.2553   9.6734
 -0.7244  -4.8836  -1.1743   9.2804
 -0.6446  -4.5440  -1.0833   8.7598
 -0.5577  -4.1279  -0.9780   8.0755
 -0.4634  -3.6154  -0.8535   7.1806
 -0.3611  -2.9817  -0.7029   6.0149
 -0.2500  -2.1957  -0.5179   4.5010
 -0.2143  -2.1742  11.1270 -11.0685
 -0.2493  -1.6197  11.0516 -10.8687
 -0.2816  -1.1205  10.9778 -10.6717
 -0.3116  -0.6713  10.9055 -10.4775
 -0.3395  -0.2674  10.8346 -10.2858
 -0.3656   0.0954  10.7649 -10.0964
 -0.3899   0.4212  10.6965  -9.9092
 -0.4126   0.7134  10.6291  -9.7239
 -0.4339   0.9751  10.5626  -9.5404
 -0.4538   1.2094  10.4970  -9.3586
 -0.4724   1.4187  10.4321  -9.1782
 -0.4898   1.6056  10.3679  -8.9992
 -0.5061   1.7720  10.3042  -8.8214
 -0.5213   1.9200  10.2409  -8.6446
 -0.5354   2.0514  10.1779  -8.4688
 -0.5485   2.1676  10.1151  -8.2938
 -0.5607   2.2701  10.0523  -8.1195
 -0.5719   2.3603   9.9896  -7.9458
 -0.5821   2.4393   9.9267  -7.7725
 -0.5915   2.5081   9.8635  -7.5996
 -0.6000   2.5678   9.7999  -7.4269
 -0.6077   2.6191   9.7358  -7.2543
 -0.6145   2.6629   9.6712  -7.0818
 -0.6206   2.6999   9.6058  -6.9093
 -0.6258   2.7307   9.5395  -6.7366
 -0.6302   2.7559   9.4723  -6.5637
 -0.6339   2.7759   9.4040  -6.3905
 -0.6369   2.7914   9.3345  -6.2169
 -0.6391   2.8025   9.2637  -6.0428
 -0.6406   2.8099   9.1914  -5.8682
 -0.6414   2.8137   9.1175  -5.6930
 -0.6415   2.8143   9.0419  -5.5170
 -0.6409   2.8119   8.9645  -5.3403
 -0.6396   2.8069   8.8851  -5.1628
 -0.6377   2.7993   8.8037  -4.9844
 -0.6351   2.7894   8.7201  -4.8050
 -0.6319   2.7774   8.6341  -4.6246
 -0.6281   2.7634   8.5457  -4.4431
 -0.6236   2.7474   8.4547  -4.2605
 -0.6186   2.7297   8.3610  -4.0767
 -0.6129   2.7104   8.2645  -3.8917
 -0.6067   2.6894   8.1650  -3.7054
 -0.5999   2.6668   8.0624  -3.5178
 -0.5926   2.6428   7.9567  -3.3287
 -0.5847   2.6173   7.8476  -3.1383
 -0.5762   2.5903   7.7351  -2.9464
 -0.5672   2.5619   7.6191  -2.7530
 -0.5577   2.5321   7.4994  -2.5580
 -0.5477   2.5008   7.3759  -2.3615
 -0.5371   2.4680   7.2485  -2.1633
 -0.5261   2.4338   7.1171  -1.9635
 -0.5146   2.3979   6.9816  -1.7619
 -0.5026   2.3605   6.8419  -1.5587
 -0.4901   2.3214   6.6980  -1.3537
 -0.4771   2.2804   6.5496  -1.1469
 -0.4637   2.2377   6.3968  -0.9383
 -0.4498   2.1929   6.2394  -0.7279
 -0.4355   2.1460   6.0774  -0.5156
 -0.4207   2.0969   5.9106  -0.3013
 -0.4055   2.0453   5.7391  -0.0852
 -0.3898   1.9912   5.5627   0.1329
 -0.3737   1.9342   5.3815   0.3530
 -0.3572   1.8743   5.1953   0.5752
 -0.3402   1.8110   5.0041   0.7993
 -0.3227   1.7442   4.8078   1.0256
 -0.3049   1.6736   4.6065   1.2539
 -0.2865   1.5987   4.4000   1.4844
 -0.2677   1.5193   4.1884   1.7170
 -0.2485   1.4349   3.9717   1.9519
 -0.2287   1.3450   3.7498   2.1890
 -0.2085   1.2491   3.5228   2.4283
 -0.1878   1.1467   3.2906   2.6700
 -0.1665   1.0371   3.0532   2.9140
 -0.1447   0.9197   2.8106   3.1605
 -0.1224   0.7936   2.5630   3.4094
 -0.0994   0.6580   2.3102   3.6607
 -0.0759   0.5120   2.0523   3.9147
 -0.0516   0.3545   1.7893   4.1712
 -0.0267   0.1844   1.5213   4.4304
 -0.0011   0.0003   1.2483   4.6923
 -0.0011   0.0003   1.2483   4.6923
 -0.0421   0.3056   1.1648   3.2417
 -0.0806   0.5503   1.0700   2.0667
 -0.1165   0.7466   0.9657   1.1138
 -0.1501   0.9041   0.8536   0.3398
 -0.1814   1.0308   0.7352  -0.2898
 -0.2105   1.1327   0.6121  -0.8029
 -0.2375   1.2148   0.4853  -1.2220
 -0.2623   1.2812   0.3558  -1.5651
 -0.2851   1.3350   0.2246  -1.8467
 -0.3060   1.3788   0.0923  -2.0785
 -0.3249   1.4145  -0.0405  -2.2700
 -0.3420   1.4437  -0.1733  -2.4287
 -0.3572   1.4679  -0.3058  -2.5608
 -0.3708   1.4880  -0.4377  -2.6712
 -0.3826   1.5048  -0.5687  -2.7639
 -0.3927   1.5189  -0.6986  -2.8421
 -0.4013   1.5310  -0.8273  -2.9085
 -0.4083   1.5415  -0.9545  -2.9650
 -0.4138   1.5506  -1.0803  -3.0134
 -0.4179   1.5586  -1.2046  -3.0551
 -0.4205   1.5658  -1.3272  -3.0912
 -0.4218   1.5722  -1.4481  -3.1225
 -0.4218   1.5781  -1.5673  -3.1497
 -0.4206   1.5836  -1.6847  -3.1736
 -0.4181   1.5886  -1.8004  -3.1945
 -0.4144   1.5934  -1.9142  -3.2128
 -0.4096   1.5979  -2.0262  -3.2289
 -0.4038   1.6021  -2.1364  -3.2429
 -0.3969   1.6062  -2.2447  -3.2552
 -0.3889   1.6101  -2.3511  -3.2658
 -0.3801   1.6138  -2.4556  -3.2750
 -0.3703   1.6174  -2.5583  -3.2828
 -0.3596   1.6209  -2.6590  -3.2893
 -0.3481   1.6242  -2.7578  -3.2946
 -0.3358   1.6274  -2.8547  -3.2988
 -0.3228   1.6305  -2.9496  -3.3019
 -0.3090   1.6334  -3.0426  -3.3039
 -0.2946   1.6362  -3.1336  -3.3050
 -0.2795   1.6390  -3.2226  -3.3052
 -0.2639   1.6415  -3.3096  -3.3044
 -0.2477   1.6440  -3.3946  -3.3027
 -0.2309   1.6463  -3.4776  -3.3002
 -0.2137   1.6485  -3.5585  -3.2968
 -0.1960   1.6506  -3.6373  -3.2925
 -0.1779   1.6526  -3.7140  -3.2875
 -0.1595   1.6544  -3.7886  -3.2816
 -0.1407   1.6560  -3.8611  -3.2750
 -0.1216   1.6575  -3.9314  -3.2676
 -0.1022   1.6589  -3.9995  -3.2595
 -0.0826   1.6602  -4.0654  -3.2506
 -0.0629   1.6613  -4.1291  -3.2410
 -0.0429   1.6622  -4.1905  -3.2307
 -0.0229   1.6630  -4.2496  -3.2197
 -0.0027   1.6636  -4.3063  -3.2080
  0.0175   1.6641  -4.3607  -3.1956
  0.0378   1.6645  -4.4126  -3.1826
  0.0580   1.6647  -4.4622  -3.1690
  0.0782   1.6647  -4.5092  -3.1547
  0.0983   1.6646  -4.5537  -3.1398
  0.1182   1.6643  -4.5957  -3.1243
  0.1381   1.6638  -4.6350  -3.1082
  0.1577   1.6632  -4.6717  -3.0915
  0.1772   1.6625  -4.7057  -3.0743
  0.1964   1.6616  -4.7370  -3.0566
  0.2153   1.6605  -4.7655  -3.0383
  0.2339   1.6593  -4.7911  -3.0195
  0.2521   1.6579  -4.8139  -3.0002
  0.2700   1.6564  -4.8337  -2.9804
  0.2875   1.6547  -4.8505  -2.9602
  0.3045   1.6528  -4.8642  -2.9396
  0.3211   1.6508  -4.8748  -2.9185
  0.3371   1.6486  -4.8823  -2.8969
  0.3526   1.6463  -4.8865  -2.8751
  0.3676   1.6439  -4.8873  -2.8528
  0.3819   1.6413  -4.8849  -2.8302
  0.3956   1.6385  -4.8789  -2.8072
  0.4086   1.6356  -4.8695  -2.7839
  0.4209   1.6325  -4.8565  -2.7604
  0.4325   1.6293  -4.8398  -2.7366
  0.4433   1.6259  -4.8193  -2.7125
  0.4534   1.6224  -4.7951  -2.6882
  0.4626   1.6187  -4.7669  -2.6637
  0.4709   1.6148  -4.7348  -2.6390
  0.4784   1.6108  -4.6985  -2.6141
  0.4849   1.6066  -4.6581  -2.5891
  0.4905   1.6023  -4.6135  -2.5640
  0.4950   1.5978  -4.5645  -2.5387
  0.4986   1.5931  -4.5111  -2.5134
  0.5011   1.5881  -4.4531  -2.4880
  0.5026   1.5830  -4.3905  -2.4625
  0.5029   1.5776  -4.3231  -2.4369
  0.5021   1.5720  -4.2508  -2.4113
  0.5001   1.5660  -4.1736  -2.3856
  0.4969   1.5597  -4.0913  -2.3598
  0.4925   1.5530  -4.0038  -2.3338
  0.4868   1.5458  -3.9109  -2.3077
  0.4798   1.5380  -3.8126  -2.2813
  0.4715   1.5296  -3.7088  -2.2546
  0.4619   1.5204  -3.5992  -2.2273
  0.4509   1.5102  -3.4838  -2.1994
  0.4385   1.4988  -3.3624  -2.1705
  0.4248   1.4860  -3.2349  -2.1404
  0.4096   1.4714  -3.1011  -2.1088
  0.3930   1.4547  -2.9609  -2.0750
  0.3749   1.4353  -2.8142  -2.0384
  0.3554   1.4127  -2.6608  -1.9983
  0.3345   1.3860  -2.5006  -1.9535
  0.3121   1.3543  -2.3334  -1.9029
  0.2884   1.3164  -2.1591  -1.8448
  0.2633   1.2708  -1.9774  -1.7771
  0.2369   1.2157  -1.7884  -1.6972
  0.2093   1.1488  -1.5919  -1.6019
  0.1806   1.0673  -1.3877  -1.4873
  0.1509   0.9677  -1.1758  -1.3481
  0.1204   0.8454  -0.9560  -1.1781
  6.9914  -5.5428  -1.0546  -1.1634
  6.9462  -5.2002  -0.7831  -1.4397
  6.8983  -4.8625  -0.5193  -1.6851
  6.8475  -4.5297  -0.2631  -1.9024
  6.7938  -4.2015  -0.0143  -2.0942
  6.7370  -3.8778   0.2272  -2.2628
  6.6772  -3.5585   0.4617  -2.4104
  6.6143  -3.2436   0.6892  -2.5389
  6.5483  -2.9329   0.9099  -2.6502
  6.4792  -2.6263   1.1240  -2.7457
  6.4070  -2.3237   1.3315  -2.8270
  6.3316  -2.0250   1.5325  -2.8954
  6.2531  -1.7302   1.7272  -2.9521
  6.1716  -1.4392   1.9155  -2.9981
  6.0870  -1.1519   2.0977  -3.0345
  5.9994  -0.8683   2.2737  -3.0621
  5.9089  -0.5882   2.4437  -3.0818
  5.8154  -0.3116   2.6075  -3.0943
  5.7191  -0.0385   2.7654  -3.1002
  5.6201   0.2313   2.9174  -3.1002
  5.5184   0.4977   3.0634  -3.0949
  5.4140   0.7609   3.2035  -3.0846
  5.3072   1.0208   3.3377  -3.0699
  5.1979   1.2776   3.4660  -3.0512
  5.0863   1.5313   3.5884  -3.0288
  4.9725   1.7819   3.7050  -3.0031
  4.8566   2.0296   3.8157  -2.9744
  4.7386   2.2744   3.9204  -2.9430
  4.6186   2.5164   4.0193  -2.9091
  4.4969   2.7555   4.1123  -2.8729
  4.3735   2.9920   4.1993  -2.8347
  4.2484   3.2257   4.2804  -2.7947
  4.1219   3.4569   4.3554  -2.7530
  3.9939   3.6856   4.4245  -2.7098
  3.8647   3.9118   4.4875  -2.6652
  3.7342   4.1357   4.5443  -2.6194
  3.6027   4.3572   4.5950  -2.5724
  3.4701   4.5765   4.6395  -2.5245
  3.3367   4.7936   4.6778  -2.4756
  3.2024   5.0086   4.7097  -2.4260
  3.0674   5.2216   4.7353  -2.3756
  2.9317   5.4327   4.7543  -2.3246
  2.7954   5.6419   4.7668  -2.2729
  2.6585   5.8492   4.7725  -2.2206
  2.5210   6.0545   4.7707  -2.1673
  2.3825   6.2578   4.7608  -2.1127
  2.2439   6.4596   4.7444  -2.0580
  2.1052   6.6602   4.7217  -2.0033
  1.9660   6.8591   4.6910  -1.9477
  1.8279   7.0579   4.6568  -1.8941
  1.6894   7.2553   4.6147  -1.8399
  1.5504   7.4512   4.5643  -1.7846
  1.4117   7.6465   4.5074  -1.7298
  1.2731   7.8410   4.4438  -1.6752
  1.1347   8.0349   4.3731  -1.6208
  0.9964   8.2283   4.2953  -1.5666
  0.8582   8.4213   4.2103  -1.5124
  0.7202   8.6138   4.1179  -1.4584
  0.5823   8.8062   4.0179  -1.4044
  0.4445   8.9983   3.9104  -1.3505
  0.3067   9.1904   3.7951  -1.2965
  0.1690   9.3826   3.6719  -1.2424
  0.0314   9.5749   3.5407  -1.1882
 -0.1063   9.7674   3.4015  -1.1336
 -0.2440   9.9604   3.2541  -1.0787
 -0.3818  10.1539   3.0984  -1.0232
 -0.5198  10.3480   2.9343  -0.9669
 -0.6579  10.5428   2.7617  -0.9097
 -0.7962  10.7386   2.5805  -0.8513
 -0.9348  10.9353   2.3907  -0.7914
 -1.0738  11.1333   2.1920  -0.7296
 -1.2132  11.3325   1.9846  -0.6656
 -1.3530  11.5333   1.7682  -0.5989
 -1.4935  11.7356   1.5428  -0.5290
 -1.6346  11.9398   1.3083  -0.4552
 -1.7764  12.1460   1.0647  -0.3768
 -1.9190  12.3543   0.8120  -0.2931
 -2.0626  12.5650   0.5500  -0.2031
 -2.2072  12.7782   0.2787  -0.1057
 -2.3529  12.9943  -0.0018   0.0002
 -2.3529  12.9943  -0.0018   0.0002
 -1.9610   8.9049  -0.4538   0.3693
 -1.6325   5.5723  -0.8818   0.6814
 -1.3622   2.8680  -1.2874   0.9428
 -1.1432   0.6815  -1.6723   1.1614
 -0.9685  -1.0814  -2.0376   1.3452
 -0.8313  -2.4991  -2.3846   1.5011
 -0.7254  -3.6369  -2.7142   1.6350
 -0.6455  -4.5482  -3.0275   1.7520
 -0.5870  -5.2766  -3.3251   1.8559
 -0.5461  -5.8576  -3.6078   1.9499
 -0.5196  -6.3200  -3.8763   2.0366
 -0.5048  -6.6869  -4.1312   2.1180
 -0.4996  -6.9771  -4.3729   2.1956
 -0.5024  -7.2056  -4.6020   2.2707
 -0.5116  -7.3845  -4.8190   2.3442
 -0.5262  -7.5236  -5.0243   2.4169
 -0.5452  -7.6307  -5.2182   2.4893
 -0.5679  -7.7121  -5.4012   2.5618
 -0.5937  -7.7729  -5.5737   2.6348
 -0.6220  -7.8170  -5.7359   2.7085
 -0.6525  -7.8477  -5.8882   2.7830
 -0.6849  -7.8676  -6.0308   2.8584
 -0.7189  -7.8788  -6.1642   2.9349
 -0.7543  -7.8829  -6.2885   3.0124
 -0.7909  -7.8814  -6.4041   3.0909
 -0.8285  -7.8752  -6.5112   3.1705
 -0.8671  -7.8652  -6.6100   3.2510
 -0.9064  -7.8521  -6.7008   3.3326
 -0.9465  -7.8365  -6.7838   3.4151
 -0.9872  -7.8188  -6.8593   3.4984
 -1.0285  -7.7993  -6.9275   3.5826
 -1.0704  -7.7784  -6.9886   3.6676
 -1.1126  -7.7561  -7.0428   3.7533
 -1.1552  -7.7328  -7.0902   3.8397
 -1.1982  -7.7086  -7.1312   3.9267
 -1.2414  -7.6835  -7.1658   4.0142
 -1.2849  -7.6577  -7.1943   4.1022
 -1.3286  -7.6312  -7.2169   4.1907
 -1.3725  -7.6041  -7.2337   4.2796
 -1.4164  -7.5765  -7.2449   4.3688
 -1.4604  -7.5482  -7.2507   4.4583
 -1.5044  -7.5195  -7.2512   4.5480
 -1.5484  -7.4903  -7.2466   4.6380
 -1.5923  -7.4605  -7.2371   4.7280
 -1.6361  -7.4303  -7.2228   4.8182
 -1.6797  -7.3997  -7.2038   4.9085
 -1.7231  -7.3685  -7.1803   4.9988
 -1.7663  -7.3370  -7.1525   5.0890
 -1.8092  -7.3050  -7.1205   5.1792
 -1.8517  -7.2725  -7.0844   5.2693
 -1.8939  -7.2396  -7.0444   5.3592
 -1.9356  -7.2062  -7.0006   5.4490
 -1.9768  -7.1725  -6.9531   5.5386
 -2.0175  -7.1382  -6.9020   5.6279
 -2.0576  -7.1036  -6.8476   5.7169
 -2.0970  -7.0685  -6.7898   5.8056
 -2.1358  -7.0330  -6.7289   5.8940
 -2.1738  -6.9971  -6.6650   5.9821
 -2.2110  -6.9608  -6.5981   6.0697
 -2.2474  -6.9240  -6.5284   6.1569
 -2.2828  -6.8869  -6.4560   6.2436
 -2.3173  -6.8494  -6.3810   6.3298
 -2.3508  -6.8114  -6.3036   6.4155
 -2.3831  -6.7731  -6.2237   6.5007
 -2.4143  -6.7345  -6.1416   6.5853
 -2.4443  -6.6954  -6.0574   6.6694
 -2.4730  -6.6560  -5.9711   6.7528
 -2.5004  -6.6163  -5.8829   6.8356
 -2.5264  -6.5763  -5.7929   6.9177
 -2.5509  -6.5359  -5.7011   6.9991
 -2.5739  -6.4952  -5.6076   7.0798
 -2.5952  -6.4543  -5.5127   7.1598
 -2.6149  -6.4131  -5.4162   7.2390
 -2.6328  -6.3716  -5.3185   7.3175
 -2.6489  -6.3299  -5.2195   7.3952
 -2.6631  -6.2879  -5.1193   7.4720
 -2.6753  -6.2458  -5.0181   7.5480
 -2.6854  -6.2034  -4.9159   7.6232
 -2.6934  -6.1609  -4.8128   7.6975
 -2.6991  -6.1182  -4.7089   7.7709
 -2.7026  -6.0754  -4.6044   7.8433
 -2.7037  -6.0325  -4.4992   7.9149
 -2.7022  -5.9895  -4.3935   7.9854
 -2.6982  -5.9464  -4.2873   8.0549
 -2.6915  -5.9032  -4.1809   8.1234
 -2.6821  -5.8599  -4.0741   8.1908
 -2.6698  -5.8165  -3.9672   8.2571
 -2.6546  -5.7731  -3.8601   8.3222
 -2.6363  -5.7295  -3.7530   8.3860
 -2.6148  -5.6859  -3.6460   8.4485
 -2.5901  -5.6421  -3.5392   8.5096
 -2.5620  -5.5981  -3.4325   8.5691
 -2.5305  -5.5539  -3.3261   8.6268
 -2.4953  -5.5092  -3.2200   8.6826
 -2.4565  -5.4641  -3.1144   8.7362
 -2.4138  -5.4183  -3.0092   8.7872
 -2.3672  -5.3716  -2.9045   8.8353
 -2.3165  -5.3236  -2.8003   8.8798
 -2.2616  -5.2741  -2.6967   8.9202
 -2.2023  -5.2224  -2.5937   8.9554
 -2.1386  -5.1681  -2.4912   8.9843
 -2.0703  -5.1102  -2.3892   9.0056
 -1.9972  -5.0478  -2.2875   9.0171
 -1.9192  -4.9795  -2.1861   9.0167
 -1.8361  -4.9038  -2.0848   9.0010
 -1.7477  -4.8186  -1.9831   8.9662
 -1.6539  -4.7213  -1.8808   8.9070
 -1.5544  -4.6087  -1.7771   8.8168
 -1.4490  -4.4766  -1.6715   8.6870
 -1.3375  -4.3199  -1.5627   8.5066
 -1.2196  -4.1322  -1.4495   8.2613
 -1.0950  -3.9053  -1.3301   7.9326
 -0.9634  -3.6292  -1.2021   7.4967
 -0.8243  -3.2914  -1.0625   6.9223
 -0.6773  -2.8763  -0.9073   6.1690
 -0.5219  -2.3648  -0.7312   5.1834
 -0.4688  -2.3393   9.8953  -9.8092
 -0.4572  -1.7550   9.8538  -9.6553
 -0.4449  -1.2279   9.8130  -9.5026
 -0.4320  -0.7527   9.7729  -9.3510
 -0.4191  -0.3255   9.7325  -9.1996
 -0.4058   0.0589   9.6935  -9.0500
 -0.3925   0.4047   9.6552  -8.9011
 -0.3793   0.7149   9.6173  -8.7530
 -0.3663   0.9927   9.5799  -8.6054
 -0.3536   1.2412   9.5428  -8.4583
 -0.3412   1.4631   9.5059  -8.3116
 -0.3292   1.6608   9.4692  -8.1653
 -0.3175   1.8367   9.4327  -8.0192
 -0.3061   1.9928   9.3963  -7.8732
 -0.2951   2.1309   9.3598  -7.7273
 -0.2845   2.2528   9.3232  -7.5814
 -0.2743   2.3600   9.2864  -7.4354
 -0.2643   2.4537   9.2494  -7.2893
 -0.2547   2.5353   9.2121  -7.1431
 -0.2455   2.6060   9.1742  -6.9963
 -0.2367   2.6668   9.1358  -6.8491
 -0.2282   2.7188   9.0967  -6.7013
 -0.2200   2.7626   9.0569  -6.5530
 -0.2121   2.7991   9.0163  -6.4041
 -0.2044   2.8289   8.9748  -6.2545
 -0.1970   2.8526   8.9323  -6.1043
 -0.1898   2.8709   8.8887  -5.9533
 -0.1829   2.8842   8.8439  -5.8014
 -0.1762   2.8931   8.7977  -5.6486
 -0.1702   2.8978   8.7493  -5.4938
 -0.1640   2.8988   8.7000  -5.3388
 -0.1579   2.8964   8.6492  -5.1827
 -0.1521   2.8908   8.5965  -5.0255
 -0.1463   2.8820   8.5421  -4.8675
 -0.1407   2.8708   8.4858  -4.7082
 -0.1354   2.8573   8.4271  -4.5473
 -0.1302   2.8416   8.3663  -4.3850
 -0.1252   2.8238   8.3031  -4.2214
 -0.1203   2.8041   8.2374  -4.0564
 -0.1155   2.7826   8.1692  -3.8899
 -0.1108   2.7595   8.0983  -3.7219
 -0.1063   2.7347   8.0245  -3.5523
 -0.1019   2.7084   7.9478  -3.3812
 -0.0976   2.6807   7.8680  -3.2085
 -0.0934   2.6517   7.7851  -3.0341
 -0.0892   2.6212   7.6990  -2.8584
 -0.0850   2.5894   7.6097  -2.6812
 -0.0812   2.5563   7.5164  -2.5016
 -0.0774   2.5219   7.4196  -2.3203
 -0.0737   2.4861   7.3189  -2.1371
 -0.0702   2.4489   7.2144  -1.9522
 -0.0667   2.4103   7.1059  -1.7654
 -0.0633   2.3702   6.9933  -1.5767
 -0.0600   2.3286   6.8766  -1.3862
 -0.0569   2.2854   6.7555  -1.1937
 -0.0538   2.2405   6.6300  -0.9992
 -0.0508   2.1938   6.5000  -0.8028
 -0.0479   2.1452   6.3655  -0.6044
 -0.0451   2.0946   6.2263  -0.4040
 -0.0424   2.0417   6.0823  -0.2015
 -0.0399   1.9864   5.9335   0.0030
 -0.0374   1.9285   5.7798   0.2096
 -0.0350   1.8678   5.6211   0.4182
 -0.0327   1.8040   5.4574   0.6290
 -0.0305   1.7368   5.2886   0.8419
 -0.0284   1.6660   5.1147   1.0570
 -0.0264   1.5911   4.9356   1.2743
 -0.0244   1.5119   4.7513   1.4937
 -0.0226   1.4278   4.5617   1.7154
 -0.0207   1.3385   4.3669   1.9393
 -0.0190   1.2433   4.1668   2.1655
 -0.0172   1.1416   3.9615   2.3937
 -0.0154   1.0330   3.7509   2.6242
 -0.0136   0.9165   3.5352   2.8569
 -0.0117   0.7915   3.3142   3.0919
 -0.0098   0.6571   3.0877   3.3295
 -0.0079   0.5123   2.8561   3.5695
 -0.0059   0.3558   2.6191   3.8121
 -0.0035   0.1859   2.3772   4.0567
 -0.0009   0.0002   2.1303   4.3036
 -0.0009   0.0002   2.1303   4.3036
 -0.0483   0.3750   2.0216   3.2209
 -0.0925   0.6735   1.9074   2.3439
 -0.1336   0.9113   1.7885   1.6315
 -0.1719   1.1003   1.6660   1.0508
 -0.2074   1.2503   1.5407   0.5758
 -0.2404   1.3692   1.4133   0.1855
 -0.2710   1.4630   1.2846  -0.1365
 -0.2991   1.5368   1.1550  -0.4038
 -0.3250   1.5945   1.0251  -0.6269
 -0.3487   1.6394   0.8951  -0.8143
 -0.3703   1.6741   0.7655  -0.9729
 -0.3898   1.7006   0.6363  -1.1082
 -0.4074   1.7204   0.5080  -1.2246
 -0.4231   1.7351   0.3805  -1.3256
 -0.4369   1.7455   0.2541  -1.4140
 -0.4489   1.7526   0.1288  -1.4922
 -0.4592   1.7570   0.0048  -1.5618
 -0.4678   1.7593  -0.1180  -1.6244
 -0.4748   1.7599  -0.2395  -1.6812
 -0.4803   1.7591  -0.3595  -1.7330
 -0.4842   1.7572  -0.4782  -1.7807
 -0.4867   1.7545  -0.5954  -1.8249
 -0.4878   1.7510  -0.7112  -1.8661
 -0.4875   1.7470  -0.8255  -1.9046
 -0.4860   1.7424  -0.9383  -1.9407
 -0.4831   1.7376  -1.0496  -1.9749
 -0.4791   1.7323  -1.1594  -2.0071
 -0.4739   1.7268  -1.2677  -2.0377
 -0.4675   1.7211  -1.3744  -2.0668
 -0.4602   1.7152  -1.4797  -2.0944
 -0.4517   1.7091  -1.5833  -2.1207
 -0.4423   1.7028  -1.6854  -2.1457
 -0.4320   1.6963  -1.7860  -2.1695
 -0.4207   1.6897  -1.8849  -2.1922
 -0.4086   1.6830  -1.9823  -2.2138
 -0.3957   1.6761  -2.0781  -2.2343
 -0.3821   1.6690  -2.1722  -2.2538
 -0.3676   1.6618  -2.2648  -2.2723
 -0.3526   1.6544  -2.3556  -2.2898
 -0.3368   1.6469  -2.4448  -2.3064
 -0.3205   1.6392  -2.5324  -2.3220
 -0.3035   1.6313  -2.6182  -2.3367
 -0.2861   1.6232  -2.7023  -2.3505
 -0.2682   1.6150  -2.7847  -2.3634
 -0.2498   1.6066  -2.8653  -2.3755
 -0.2310   1.5980  -2.9441  -2.3866
 -0.2118   1.5892  -3.0211  -2.3970
 -0.1923   1.5802  -3.0962  -2.4065
 -0.1724   1.5710  -3.1695  -2.4151
 -0.1523   1.5615  -3.2409  -2.4230
 -0.1320   1.5519  -3.3103  -2.4300
 -0.1115   1.5421  -3.3778  -2.4363
 -0.0909   1.5320  -3.4433  -2.4417
 -0.0701   1.5217  -3.5067  -2.4465
 -0.0492   1.5112  -3.5681  -2.4504
 -0.0283   1.5004  -3.6273  -2.4536
 -0.0073   1.4895  -3.6844  -2.4561
  0.0136   1.4782  -3.7393  -2.4579
  0.0345   1.4668  -3.7920  -2.4590
  0.0552   1.4551  -3.8424  -2.4594
  0.0759   1.4431  -3.8905  -2.4591
  0.0964   1.4310  -3.9362  -2.4581
  0.1167   1.4185  -3.9795  -2.4565
  0.1368   1.4059  -4.0202  -2.4543
  0.1566   1.3929  -4.0585  -2.4514
  0.1762   1.3798  -4.0942  -2.4480
  0.1954   1.3664  -4.1272  -2.4440
  0.2143   1.3527  -4.1575  -2.4394
  0.2327   1.3388  -4.1851  -2.4342
  0.2508   1.3246  -4.2099  -2.4285
  0.2684   1.3102  -4.2317  -2.4223
  0.2855   1.2955  -4.2506  -2.4156
  0.3021   1.2806  -4.2665  -2.4084
  0.3182   1.2655  -4.2792  -2.4008
  0.3337   1.2500  -4.2889  -2.3927
  0.3486   1.2344  -4.2952  -2.3843
  0.3628   1.2185  -4.2982  -2.3754
  0.3763   1.2023  -4.2979  -2.3661
  0.3892   1.1859  -4.2940  -2.3565
  0.4013   1.1693  -4.2866  -2.3466
  0.4126   1.1524  -4.2755  -2.3364
  0.4232   1.1353  -4.2607  -2.3259
  0.4329   1.1179  -4.2421  -2.3151
  0.4418   1.1003  -4.2195  -2.3041
  0.4497   1.0825  -4.1928  -2.2929
  0.4568   1.0644  -4.1621  -2.2815
  0.4629   1.0460  -4.1271  -2.2699
  0.4680   1.0275  -4.0878  -2.2582
  0.4721   1.0086  -4.0440  -2.2464
  0.4751   0.9895  -3.9957  -2.2344
  0.4771   0.9702  -3.9427  -2.2223
  0.4780   0.9506  -3.8849  -2.2101
  0.4778   0.9307  -3.8222  -2.1978
  0.4764   0.9106  -3.7544  -2.1853
  0.4738   0.8901  -3.6815  -2.1727
  0.4701   0.8694  -3.6033  -2.1598
  0.4650   0.8483  -3.5197  -2.1467
  0.4588   0.8268  -3.4304  -2.1331
  0.4512   0.8050  -3.3355  -2.1190
  0.4423   0.7827  -3.2347  -2.1041
  0.4320   0.7599  -3.1279  -2.0883
  0.4204   0.7365  -3.0149  -2.0711
  0.4074   0.7125  -2.8956  -2.0522
  0.3930   0.6878  -2.7698  -2.0310
  0.3772   0.6621  -2.6374  -2.0068
  0.3599   0.6355  -2.4982  -1.9788
  0.3411   0.6076  -2.3520  -1.9458
  0.3208   0.5782  -2.1986  -1.9064
  0.2990   0.5471  -2.0380  -1.8589
  0.2757   0.5138  -1.8699  -1.8010
  0.2509   0.4779  -1.6942  -1.7298
  0.2245   0.4389  -1.5107  -1.6418
  0.1966   0.3960  -1.3192  -1.5326
  0.1671   0.3485  -1.1197  -1.3965
  0.1360   0.2953  -0.9121  -1.2267
  6.5632  -4.7467  -1.0069  -1.2135
  6.5126  -4.4185  -0.7377  -1.4606
  6.4591  -4.0950  -0.4761  -1.6796
  6.4029  -3.7759  -0.2219  -1.8731
  6.3437  -3.4612   0.0251  -2.0436
  6.2817  -3.1509   0.2650  -2.1932
  6.2168  -2.8446   0.4980  -2.3241
  6.1489  -2.5425   0.7242  -2.4381
  6.0781  -2.2443   0.9438  -2.5366
  6.0044  -1.9500   1.1567  -2.6213
  5.9277  -1.6595   1.3632  -2.6934
  5.8482  -1.3727   1.5634  -2.7542
  5.7659  -1.0896   1.7572  -2.8047
  5.6807  -0.8101   1.9448  -2.8459
  5.5927  -0.5340   2.1263  -2.8786
  5.5021  -0.2614   2.3016  -2.9038
  5.4088   0.0078   2.4709  -2.9220
  5.3129   0.2737   2.6342  -2.9340
  5.2145   0.5363   2.7915  -2.9404
  5.1136   0.7958   2.9429  -2.9417
  5.0104   1.0522   3.0883  -2.9383
  4.9049   1.3054   3.2278  -2.9307
  4.7972   1.5557   3.3615  -2.9194
  4.6874   1.8030   3.4892  -2.9046
  4.5756   2.0475   3.6110  -2.8868
  4.4619   2.2891   3.7269  -2.8661
  4.3464   2.5279   3.8369  -2.8429
  4.2291   2.7640   3.9410  -2.8174
  4.1102   2.9975   4.0391  -2.7898
  3.9898   3.2284   4.1313  -2.7604
  3.8679   3.4568   4.2174  -2.7293
  3.7447   3.6827   4.2975  -2.6966
  3.6202   3.9063   4.3716  -2.6626
  3.4945   4.1275   4.4396  -2.6274
  3.3678   4.3465   4.5014  -2.5910
  3.2401   4.5633   4.5571  -2.5536
  3.1115   4.7780   4.6065  -2.5154
  2.9821   4.9907   4.6497  -2.4763
  2.8519   5.2014   4.6866  -2.4365
  2.7211   5.4102   4.7170  -2.3961
  2.5897   5.6172   4.7411  -2.3551
  2.4577   5.8225   4.7587  -2.3136
  2.3253   6.0261   4.7698  -2.2716
  2.1925   6.2282   4.7743  -2.2293
  2.0594   6.4288   4.7722  -2.1866
  1.9259   6.6280   4.7633  -2.1436
  1.7923   6.8259   4.7477  -2.1003
  1.6584   7.0225   4.7253  -2.0568
  1.5244   7.2181   4.6959  -2.0131
  1.3902   7.4126   4.6597  -1.9692
  1.2559   7.6061   4.6164  -1.9251
  1.1216   7.7988   4.5660  -1.8808
  0.9872   7.9908   4.5084  -1.8364
  0.8528   8.1821   4.4437  -1.7918
  0.7183   8.3728   4.3716  -1.7469
  0.5838   8.5630   4.2920  -1.7019
  0.4493   8.7529   4.2049  -1.6565
  0.3146   8.9424   4.1100  -1.6106
  0.1797   9.1316   4.0070  -1.5641
  0.0442   9.3201   3.8945  -1.5158
 -0.0911   9.5091   3.7752  -1.4676
 -0.2265   9.6982   3.6481  -1.4185
 -0.3619   9.8876   3.5130  -1.3685
 -0.4977  10.0774   3.3696  -1.3168
 -0.6333  10.2680   3.2191  -1.2642
 -0.7688  10.4596   3.0616  -1.2104
 -0.9046  10.6522   2.8961  -1.1545
 -1.0406  10.8458   2.7226  -1.0963
 -1.1769  11.0406   2.5411  -1.0352
 -1.3135  11.2367   2.3514  -0.9710
 -1.4507  11.4343   2.1536  -0.9029
 -1.5883  11.6336   1.9476  -0.8306
 -1.7266  11.8347   1.7333  -0.7532
 -1.8655  12.0378   1.5106  -0.6701
 -2.0052  12.2430   1.2796  -0.5805
 -2.1458  12.4506   1.0403  -0.4834
 -2.2874  12.6607   0.7924  -0.3779
 -2.4300  12.8736   0.5362  -0.2629
 -2.5739  13.0895   0.2715  -0.1373
 -2.7190  13.3086  -0.0017   0.0002
 -2.7190  13.3086  -0.0017   0.0002
 -2.0824   8.5378  -0.3407   0.2062
 -1.5385   4.7371  -0.6576   0.3710
 -1.0738   1.6813  -0.9554   0.5057
 -0.6775  -0.7843  -1.2359   0.6182
 -0.3403  -2.7760  -1.5007   0.7140
 -0.0539  -4.3852  -1.7509   0.7975
  0.1887  -5.6858  -1.9877   0.8718
  0.3939  -6.7377  -2.2117   0.9393
  0.5669  -7.5899  -2.4239   1.0021
  0.7122  -8.2824  -2.6247   1.0617
  0.8335  -8.8475  -2.8149   1.1192
  0.9339  -9.3113  -2.9948   1.1757
  1.0159  -9.6949  -3.1650   1.2317
  1.0814 -10.0149  -3.3257   1.2879
  1.1322 -10.2846  -3.4775   1.3447
  1.1696 -10.5144  -3.6205   1.4024
  1.1945 -10.7122  -3.7550   1.4613
  1.2079 -10.8838  -3.8815   1.5216
  1.2104 -11.0337  -4.0000   1.5834
  1.2025 -11.1650  -4.1109   1.6467
  1.1846 -11.2801  -4.2143   1.7117
  1.1572 -11.3816  -4.3105   1.7783
  1.1205 -11.4734  -4.3997   1.8466
  1.0752 -11.5663  -4.4822   1.9166
  1.0219 -11.6967  -4.5588   1.9883
  0.9521 -11.7435  -4.6283   2.0615
  0.8702 -11.7439  -4.6911   2.1366
  0.7787 -11.7166  -4.7475   2.2137
  0.6796 -11.6720  -4.7977   2.2927
  0.5745 -11.6164  -4.8420   2.3735
  0.4645 -11.5542  -4.8804   2.4559
  0.3509 -11.4885  -4.9132   2.5397
  0.2345 -11.4219  -4.9407   2.6247
  0.1161 -11.3571  -4.9629   2.7108
 -0.0034 -11.2970  -4.9802   2.7978
 -0.1235 -11.2458  -4.9927   2.8855
 -0.2451 -11.1887  -5.0006   2.9740
 -0.3683 -11.1228  -5.0039   3.0630
 -0.4929 -11.0466  -5.0028   3.1526
 -0.6185 -10.9579  -4.9974   3.2429
 -0.7452 -10.8533  -4.9879   3.3337
 -0.8727 -10.7265  -4.9742   3.4251
 -1.0012 -10.5653  -4.9564   3.5172
 -1.1289 -10.3984  -4.9348   3.6101
 -1.2555 -10.2294  -4.9096   3.7037
 -1.3808 -10.0581  -4.8809   3.7979
 -1.5047  -9.8849  -4.8489   3.8926
 -1.6269  -9.7104  -4.8136   3.9876
 -1.7472  -9.5354  -4.7753   4.0829
 -1.8656  -9.3607  -4.7340   4.1784
 -1.9818  -9.1872  -4.6900   4.2741
 -2.0959  -9.0155  -4.6433   4.3699
 -2.2075  -8.8460  -4.5940   4.4657
 -2.3168  -8.6791  -4.5422   4.5615
 -2.4235  -8.5149  -4.4882   4.6572
 -2.5277  -8.3535  -4.4320   4.7528
 -2.6292  -8.1948  -4.3737   4.8483
 -2.7280  -8.0386  -4.3135   4.9436
 -2.8241  -7.8848  -4.2514   5.0387
 -2.9173  -7.7332  -4.1876   5.1336
 -3.0077  -7.5835  -4.1221   5.2282
 -3.0951  -7.4354  -4.0552   5.3225
 -3.1795  -7.2888  -3.9868   5.4166
 -3.2608  -7.1435  -3.9172   5.5104
 -3.3389  -6.9992  -3.8463   5.6039
 -3.4138  -6.8557  -3.7744   5.6971
 -3.4855  -6.7129  -3.7015   5.7900
 -3.5537  -6.5707  -3.6278   5.8826
 -3.6184  -6.4290  -3.5533   5.9749
 -3.6796  -6.2876  -3.4781   6.0669
 -3.7372  -6.1464  -3.4023   6.1587
 -3.7910  -6.0055  -3.3262   6.2501
 -3.8410  -5.8648  -3.2496   6.3413
 -3.8871  -5.7243  -3.1728   6.4323
 -3.9291  -5.5839  -3.0959   6.5231
 -3.9670  -5.4436  -3.0189   6.6137
 -4.0008  -5.3035  -2.9419   6.7041
 -4.0302  -5.1637  -2.8651   6.7943
 -4.0551  -5.0240  -2.7886   6.8845
 -4.0756  -4.8846  -2.7124   6.9745
 -4.0914  -4.7456  -2.6366   7.0646
 -4.1025  -4.6069  -2.5614   7.1546
 -4.1087  -4.4686  -2.4868   7.2446
 -4.1099  -4.3309  -2.4130   7.3347
 -4.1061  -4.1938  -2.3400   7.4250
 -4.0970  -4.0573  -2.2679   7.5153
 -4.0826  -3.9216  -2.1969   7.6059
 -4.0628  -3.7868  -2.1270   7.6966
 -4.0375  -3.6529  -2.0583   7.7877
 -4.0064  -3.5200  -1.9909   7.8789
 -3.9696  -3.3883  -1.9250   7.9705
 -3.9268  -3.2578  -1.8605   8.0623
 -3.8780  -3.1287  -1.7976   8.1544
 -3.8229  -3.0010  -1.7365   8.2466
 -3.7616  -2.8749  -1.6770   8.3389
 -3.6938  -2.7504  -1.6195   8.4311
 -3.6194  -2.6277  -1.5638   8.5229
 -3.5384  -2.5069  -1.5102   8.6140
 -3.4505  -2.3880  -1.4585   8.7039
 -3.3556  -2.2711  -1.4090   8.7918
 -3.2535  -2.1562  -1.3615   8.8770
 -3.1443  -2.0434  -1.3161   8.9581
 -3.0277  -1.9327  -1.2727   9.0335
 -2.9035  -1.8240  -1.2312   9.1011
 -2.7717  -1.7173  -1.1915   9.1578
 -2.6320  -1.6123  -1.1532   9.1999
 -2.4844  -1.5088  -1.1159   9.2223
 -2.3287  -1.4065  -1.0791   9.2184
 -2.1647  -1.3049  -1.0421   9.1795
 -1.9922  -1.2033  -1.0036   9.0940
 -1.8110  -1.1008  -0.9624   8.9469
 -1.6209  -0.9964  -0.9164   8.7185
 -1.4215  -0.8886  -0.8631   8.3824
 -1.2126  -0.7754  -0.7990   7.9014
 -0.9937  -0.6544  -0.7191   7.2254
 -0.7643  -0.5222  -0.6167   6.2880
 -0.5237  -0.3742  -0.4839   5.0111
 -0.2705  -0.2043  -0.2999   3.1635
  0.0003  -0.0013   0.0018   0.0005
  0.0487   0.0172  10.2151  -8.4447
 -0.0283   0.1365  10.1778  -8.2906
 -0.1038   0.2480  10.1407  -8.1369
 -0.1777   0.3526  10.1039  -7.9837
 -0.2500   0.4508  10.0672  -7.8307
 -0.3208   0.5435  10.0306  -7.6780
 -0.3900   0.6311   9.9938  -7.5253
 -0.4575   0.7143   9.9569  -7.3727
 -0.5233   0.7935   9.9197  -7.2200
 -0.5874   0.8690   9.8822  -7.0672
 -0.6498   0.9415   9.8442  -6.9142
 -0.7105   1.0110   9.8056  -6.7609
 -0.7694   1.0781   9.7663  -6.6072
 -0.8264   1.1429   9.7263  -6.4531
 -0.8817   1.2056   9.6854  -6.2985
 -0.9351   1.2666   9.6435  -6.1433
 -0.9867   1.3260   9.6005  -5.9875
 -1.0363   1.3839   9.5562  -5.8311
 -1.0841   1.4405   9.5107  -5.6738
 -1.1299   1.4959   9.4638  -5.5158
 -1.1738   1.5503   9.4153  -5.3569
 -1.2157   1.6037   9.3651  -5.1971
 -1.2556   1.6562   9.3132  -5.0364
 -1.2935   1.7078   9.2594  -4.8746
 -1.3294   1.7586   9.2037  -4.7118
 -1.3633   1.8087   9.1458  -4.5479
 -1.3951   1.8580   9.0857  -4.3829
 -1.4249   1.9066   9.0233  -4.2167
 -1.4526   1.9544   8.9584  -4.0492
 -1.4782   2.0015   8.8910  -3.8806
 -1.5017   2.0479   8.8209  -3.7106
 -1.5231   2.0935   8.7480  -3.5393
 -1.5424   2.1383   8.6721  -3.3667
 -1.5595   2.1822   8.5933  -3.1927
 -1.5746   2.2253   8.5114  -3.0173
 -1.5875   2.2674   8.4262  -2.8405
 -1.5983   2.3085   8.3377  -2.6622
 -1.6069   2.3485   8.2457  -2.4825
 -1.6134   2.3874   8.1502  -2.3013
 -1.6177   2.4250   8.0511  -2.1187
 -1.6199   2.4613   7.9482  -1.9345
 -1.6200   2.4962   7.8415  -1.7488
 -1.6179   2.5296   7.7309  -1.5615
 -1.6136   2.5614   7.6163  -1.3728
 -1.6072   2.5913   7.4976  -1.1825
 -1.5986   2.6194   7.3747  -0.9907
 -1.5879   2.6455   7.2477  -0.7973
 -1.5750   2.6693   7.1163  -0.6024
 -1.5600   2.6908   6.9806  -0.4059
 -1.5428   2.7098   6.8405  -0.2080
 -1.5235   2.7260   6.6959  -0.0085
 -1.5021   2.7393   6.5469   0.1925
 -1.4785   2.7495   6.3933   0.3950
 -1.4527   2.7562   6.2352   0.5989
 -1.4248   2.7592   6.0725   0.8043
 -1.3947   2.7582   5.9052   1.0112
 -1.3625   2.7530   5.7334   1.2195
 -1.3282   2.7431   5.5569   1.4292
 -1.2917   2.7282   5.3759   1.6402
 -1.2530   2.7078   5.1903   1.8526
 -1.2121   2.6816   5.0002   2.0664
 -1.1691   2.6490   4.8056   2.2814
 -1.1239   2.6095   4.6065   2.4978
 -1.0765   2.5625   4.4029   2.7154
 -1.0268   2.5073   4.1949   2.9343
 -0.9750   2.4433   3.9826   3.1544
 -0.9209   2.3697   3.7659   3.3758
 -0.8646   2.2856   3.5450   3.5984
 -0.8060   2.1900   3.3198   3.8223
 -0.7451   2.0820   3.0905   4.0474
 -0.6819   1.9604   2.8571   4.2737
 -0.6163   1.8239   2.6196   4.5013
 -0.5484   1.6713   2.3782   4.7302
 -0.4780   1.5009   2.1328   4.9604
 -0.4051   1.3111   1.8836   5.1920
 -0.3296   1.1001   1.6306   5.4249
 -0.2516   0.8659   1.3738   5.6592
 -0.1709   0.6062   1.1133   5.8950
 -0.0875   0.3185   0.8492   6.1323
 -0.0013   0.0003   0.5815   6.3712
 -0.0013   0.0003   0.5815   6.3712
 -0.1507   0.0925   1.1603   0.5103
 -0.3010   0.1637   1.5459  -3.5927
 -0.4502   0.2200   1.7704  -6.3356
 -0.5966   0.2661   1.8684  -8.0524
 -0.7386   0.3054   1.8729  -9.0240
 -0.8751   0.3406   1.8122  -9.4833
 -1.0052   0.3734   1.7092  -9.6173
 -1.1284   0.4052   1.5806  -9.5656
 -1.2442   0.4368   1.4369  -9.4181
 -1.3525   0.4686   1.2840  -9.2217
 -1.4536   0.5010   1.1249  -9.0023
 -1.5473   0.5341   0.9614  -8.7743
 -1.6339   0.5680   0.7948  -8.5462
 -1.7135   0.6028   0.6260  -8.3227
 -1.7862   0.6385   0.4556  -8.1069
 -1.8523   0.6750   0.2840  -7.9003
 -1.9118   0.7122   0.1118  -7.7044
 -1.9648   0.7502  -0.0610  -7.5179
 -2.0117   0.7888  -0.2339  -7.3403
 -2.0525   0.8279  -0.4069  -7.1713
 -2.0875   0.8675  -0.5797  -7.0105
 -2.1167   0.9075  -0.7521  -6.8572
 -2.1403   0.9477  -0.9240  -6.7109
 -2.1585   0.9881  -1.0953  -6.5709
 -2.1715   1.0287  -1.2658  -6.4366
 -2.1794   1.0692  -1.4354  -6.3073
 -2.1824   1.1096  -1.6040  -6.1826
 -2.1806   1.1499  -1.7716  -6.0619
 -2.1742   1.1900  -1.9379  -5.9447
 -2.1633   1.2297  -2.1029  -5.8306
 -2.1481   1.2690  -2.2665  -5.7192
 -2.1288   1.3079  -2.4286  -5.6103
 -2.1054   1.3463  -2.5892  -5.5035
 -2.0783   1.3840  -2.7480  -5.3985
 -2.0474   1.4211  -2.9051  -5.2951
 -2.0130   1.4576  -3.0604  -5.1931
 -1.9751   1.4932  -3.2137  -5.0923
 -1.9341   1.5281  -3.3650  -4.9926
 -1.8899   1.5621  -3.5143  -4.8936
 -1.8427   1.5953  -3.6613  -4.7955
 -1.7928   1.6275  -3.8061  -4.6979
 -1.7401   1.6588  -3.9486  -4.6007
 -1.6849   1.6890  -4.0887  -4.5040
 -1.6274   1.7183  -4.2262  -4.4075
 -1.5675   1.7465  -4.3612  -4.3112
 -1.5056   1.7737  -4.4936  -4.2151
 -1.4417   1.7998  -4.6233  -4.1189
 -1.3760   1.8247  -4.7501  -4.0228
 -1.3085   1.8486  -4.8741  -3.9265
 -1.2396   1.8713  -4.9951  -3.8301
 -1.1691   1.8929  -5.1131  -3.7335
 -1.0974   1.9134  -5.2279  -3.6366
 -1.0246   1.9327  -5.3396  -3.5395
 -0.9507   1.9509  -5.4480  -3.4420
 -0.8759   1.9680  -5.5530  -3.3442
 -0.8004   1.9839  -5.6545  -3.2459
 -0.7242   1.9987  -5.7525  -3.1473
 -0.6476   2.0123  -5.8469  -3.0482
 -0.5706   2.0248  -5.9376  -2.9487
 -0.4933   2.0363  -6.0245  -2.8487
 -0.4159   2.0466  -6.1075  -2.7482
 -0.3386   2.0558  -6.1864  -2.6472
 -0.2614   2.0640  -6.2614  -2.5457
 -0.1845   2.0712  -6.3321  -2.4437
 -0.1080   2.0773  -6.3986  -2.3411
 -0.0321   2.0825  -6.4606  -2.2381
  0.0432   2.0866  -6.5183  -2.1345
  0.1177   2.0899  -6.5713  -2.0305
  0.1913   2.0921  -6.6197  -1.9259
  0.2639   2.0935  -6.6632  -1.8208
  0.3353   2.0941  -6.7019  -1.7153
  0.4053   2.0937  -6.7356  -1.6093
  0.4740   2.0926  -6.7642  -1.5029
  0.5411   2.0907  -6.7875  -1.3961
  0.6066   2.0881  -6.8055  -1.2888
  0.6703   2.0848  -6.8180  -1.1812
  0.7320   2.0807  -6.8249  -1.0733
  0.7917   2.0761  -6.8261  -0.9651
  0.8492   2.0708  -6.8215  -0.8566
  0.9045   2.0650  -6.8110  -0.7479
  0.9573   2.0587  -6.7943  -0.6390
  1.0075   2.0518  -6.7714  -0.5300
  1.0551   2.0445  -6.7421  -0.4210
  1.0998   2.0368  -6.7063  -0.3119
  1.1417   2.0286  -6.6639  -0.2029
  1.1804   2.0202  -6.6147  -0.0940
  1.2160   2.0113  -6.5586   0.0147
  1.2483   2.0022  -6.4954   0.1230
  1.2772   1.9928  -6.4249   0.2310
  1.3024   1.9832  -6.3470   0.3385
  1.3240   1.9733  -6.2616   0.4454
  1.3418   1.9632  -6.1685   0.5515
  1.3556   1.9528  -6.0674   0.6567
  1.3653   1.9422  -5.9583   0.7608
  1.3708   1.9313  -5.8410   0.8637
  1.3720   1.9200  -5.7153   0.9650
  1.3688   1.9084  -5.5809   1.0645
  1.3609   1.8962  -5.4378   1.1619
  1.3484   1.8834  -5.2857   1.2568
  1.3311   1.8698  -5.1245   1.3487
  1.3088   1.8552  -4.9538   1.4371
  1.2814   1.8392  -4.7736   1.5214
  1.2489   1.8214  -4.5836   1.6007
  1.2112   1.8014  -4.3836   1.6741
  1.1681   1.7785  -4.1733   1.7404
  1.1195   1.7520  -3.9526   1.7982
  1.0655   1.7208  -3.7211   1.8457
  1.0058   1.6837  -3.4787   1.8808
  0.9406   1.6391  -3.2250   1.9009
  0.8697   1.5851  -2.9598   1.9026
  0.7933   1.5193  -2.6828   1.8819
  0.7112   1.4386  -2.3937   1.8341
  0.6237   1.3392  -2.0922   1.7528
  0.5308   1.2167  -1.7778   1.6308
  0.4328   1.0652  -1.4503   1.4588
  7.3507  -6.0992  -1.5720   1.4796
  7.3470  -5.7443  -1.2610   0.7866
  7.3397  -5.3942  -0.9597   0.1704
  7.3284  -5.0489  -0.6681  -0.3764
  7.3133  -4.7081  -0.3858  -0.8602
  7.2940  -4.3718  -0.1128  -1.2870
  7.2707  -4.0397   0.1511  -1.6623
  7.2431  -3.7119   0.4062  -1.9910
  7.2113  -3.3882   0.6527  -2.2774
  7.1752  -3.0685   0.8908  -2.5258
  7.1347  -2.7527   1.1206  -2.7396
  7.0898  -2.4408   1.3424  -2.9223
  7.0406  -2.1326   1.5563  -3.0769
  6.9870  -1.8282   1.7625  -3.2061
  6.9291  -1.5274   1.9612  -3.3124
  6.8668  -1.2301   2.1524  -3.3981
  6.8002  -0.9365   2.3364  -3.4651
  6.7294  -0.6463   2.5132  -3.5154
  6.6545  -0.3595   2.6829  -3.5506
  6.5754  -0.0762   2.8457  -3.5721
  6.4923   0.2037   3.0017  -3.5815
  6.4052   0.4804   3.1508  -3.5800
  6.3143   0.7537   3.2932  -3.5686
  6.2197   1.0238   3.4290  -3.5483
  6.1214   1.2907   3.5581  -3.5202
  6.0196   1.5544   3.6807  -3.4850
  5.9144   1.8149   3.7967  -3.4435
  5.8060   2.0723   3.9063  -3.3963
  5.6944   2.3267   4.0093  -3.3441
  5.5798   2.5781   4.1059  -3.2874
  5.4624   2.8264   4.1961  -3.2268
  5.3422   3.0719   4.2798  -3.1626
  5.2195   3.3144   4.3570  -3.0954
  5.0943   3.5541   4.4278  -3.0254
  4.9668   3.7909   4.4922  -2.9530
  4.8372   4.0251   4.5500  -2.8785
  4.7056   4.2565   4.6014  -2.8021
  4.5720   4.4853   4.6462  -2.7242
  4.4368   4.7115   4.6845  -2.6450
  4.3000   4.9352   4.7163  -2.5646
  4.1617   5.1564   4.7414  -2.4833
  4.0220   5.3752   4.7598  -2.4013
  3.8811   5.5917   4.7716  -2.3186
  3.7392   5.8060   4.7767  -2.2355
  3.5962   6.0180   4.7750  -2.1521
  3.4524   6.2280   4.7666  -2.0685
  3.3079   6.4359   4.7512  -1.9848
  3.1627   6.6419   4.7290  -1.9013
  3.0169   6.8459   4.6998  -1.8179
  2.8707   7.0482   4.6636  -1.7349
  2.7240   7.2489   4.6204  -1.6523
  2.5771   7.4479   4.5701  -1.5702
  2.4299   7.6454   4.5126  -1.4887
  2.2826   7.8414   4.4479  -1.4080
  2.1352   8.0362   4.3760  -1.3282
  1.9877   8.2297   4.2967  -1.2494
  1.8403   8.4221   4.2100  -1.1716
  1.6929   8.6135   4.1158  -1.0951
  1.5456   8.8039   4.0142  -1.0199
  1.3983   8.9936   3.9049  -0.9461
  1.2513   9.1825   3.7880  -0.8740
  1.1043   9.3709   3.6633  -0.8035
  0.9576   9.5587   3.5308  -0.7348
  0.8110   9.7462   3.3905  -0.6681
  0.6645   9.9334   3.2421  -0.6036
  0.5182  10.1205   3.0857  -0.5412
  0.3721  10.3076   2.9211  -0.4813
  0.2261  10.4947   2.7483  -0.4240
  0.0801  10.6821   2.5671  -0.3693
 -0.0657  10.8698   2.3776  -0.3176
 -0.2116  11.0580   2.1795  -0.2689
 -0.3574  11.2468   1.9728  -0.2235
 -0.5033  11.4363   1.7574  -0.1814
 -0.6494  11.6267   1.5332  -0.1430
 -0.7956  11.8181   1.3001  -0.1084
 -0.9420  12.0108   1.0580  -0.0778
 -1.0888  12.2047   0.8069  -0.0514
 -1.2359  12.4002   0.5466  -0.0295
 -1.3834  12.5973   0.2770  -0.0122
 -1.5315  12.7962  -0.0019   0.0002
 -1.5315  12.7962  -0.0019   0.0002
 -1.2237   8.9351  -0.4110   0.2634
 -0.9683   5.7840  -0.7996   0.4881
 -0.7612   3.2192  -1.1691   0.6830
 -0.5968   1.1368  -1.5208   0.8548
 -0.4694  -0.5503  -1.8559   1.0089
 -0.3734  -1.9142  -2.1753   1.1496
 -0.3036  -3.0147  -2.4800   1.2800
 -0.2556  -3.9007  -2.7705   1.4029
 -0.2255  -4.6126  -3.0477   1.5201
 -0.2101  -5.1831  -3.3119   1.6334
 -0.2065  -5.6391  -3.5638   1.7439
 -0.2126  -6.0023  -3.8038   1.8525
 -0.2265  -6.2904  -4.0323   1.9600
 -0.2466  -6.5178  -4.2497   2.0670
 -0.2716  -6.6961  -4.4564   2.1738
 -0.3007  -6.8347  -4.6526   2.2808
 -0.3329  -6.9413  -4.8386   2.3881
 -0.3675  -7.0220  -5.0148   2.4960
 -0.4041  -7.0819  -5.1815   2.6045
 -0.4422  -7.1249  -5.3388   2.7136
 -0.4815  -7.1543  -5.4870   2.8235
 -0.5217  -7.1727  -5.6264   2.9341
 -0.5625  -7.1824  -5.7572   3.0453
 -0.6037  -7.1849  -5.8796   3.1572
 -0.6453  -7.1817  -5.9938   3.2696
 -0.6870  -7.1739  -6.1000   3.3826
 -0.7289  -7.1623  -6.1984   3.4959
 -0.7708  -7.1478  -6.2893   3.6097
 -0.8126  -7.1308  -6.3728   3.7237
 -0.8542  -7.1119  -6.4491   3.8379
 -0.8958  -7.0914  -6.5183   3.9522
 -0.9371  -7.0696  -6.5808   4.0665
 -0.9782  -7.0468  -6.6366   4.1807
 -1.0190  -7.0231  -6.6860   4.2948
 -1.0595  -6.9987  -6.7290   4.4086
 -1.0997  -6.9737  -6.7660   4.5220
 -1.1395  -6.9483  -6.7969   4.6350
 -1.1789  -6.9224  -6.8221   4.7475
 -1.2180  -6.8961  -6.8417   4.8594
 -1.2567  -6.8695  -6.8558   4.9706
 -1.2949  -6.8426  -6.8646   5.0811
 -1.3327  -6.8155  -6.8683   5.1908
 -1.3700  -6.7881  -6.8670   5.2995
 -1.4068  -6.7605  -6.8608   5.4074
 -1.4430  -6.7326  -6.8500   5.5142
 -1.4788  -6.7045  -6.8346   5.6200
 -1.5140  -6.6763  -6.8149   5.7247
 -1.5485  -6.6478  -6.7909   5.8283
 -1.5825  -6.6191  -6.7628   5.9307
 -1.6159  -6.5902  -6.7308   6.0319
 -1.6486  -6.5611  -6.6949   6.1318
 -1.6806  -6.5317  -6.6554   6.2306
 -1.7119  -6.5022  -6.6123   6.3281
 -1.7425  -6.4724  -6.5658   6.4243
 -1.7723  -6.4424  -6.5161   6.5192
 -1.8014  -6.4122  -6.4631   6.6129
 -1.8296  -6.3818  -6.4072   6.7053
 -1.8569  -6.3512  -6.3483   6.7964
 -1.8834  -6.3204  -6.2867   6.8863
 -1.9090  -6.2893  -6.2224   6.9749
 -1.9336  -6.2581  -6.1555   7.0623
 -1.9572  -6.2266  -6.0863   7.1484
 -1.9798  -6.1949  -6.0147   7.2333
 -2.0014  -6.1631  -5.9409   7.3171
 -2.0219  -6.1310  -5.8650   7.3996
 -2.0413  -6.0987  -5.7872   7.4810
 -2.0595  -6.0662  -5.7075   7.5613
 -2.0765  -6.0336  -5.6259   7.6404
 -2.0922  -6.0007  -5.5428   7.7185
 -2.1067  -5.9677  -5.4580   7.7955
 -2.1199  -5.9345  -5.3718   7.8714
 -2.1317  -5.9012  -5.2841   7.9462
 -2.1420  -5.8677  -5.1952   8.0201
 -2.1510  -5.8340  -5.1051   8.0929
 -2.1584  -5.8002  -5.0139   8.1648
 -2.1642  -5.7663  -4.9217   8.2356
 -2.1685  -5.7323  -4.8286   8.3056
 -2.1711  -5.6981  -4.7346   8.3745
 -2.1720  -5.6639  -4.6398   8.4426
 -2.1711  -5.6295  -4.5444   8.5096
 -2.1685  -5.5950  -4.4483   8.5758
 -2.1640  -5.5605  -4.3518   8.6411
 -2.1575  -5.5258  -4.2548   8.7054
 -2.1491  -5.4911  -4.1574   8.7688
 -2.1387  -5.4563  -4.0597   8.8312
 -2.1261  -5.4214  -3.9618   8.8927
 -2.1114  -5.3864  -3.8637   8.9532
 -2.0945  -5.3513  -3.7656   9.0126
 -2.0754  -5.3160  -3.6674   9.0709
 -2.0538  -5.2805  -3.5692   9.1280
 -2.0299  -5.2448  -3.4711   9.1839
 -2.0035  -5.2089  -3.3732   9.2383
 -1.9746  -5.1725  -3.2755   9.2912
 -1.9430  -5.1357  -3.1780   9.3422
 -1.9088  -5.0982  -3.0808   9.3912
 -1.8717  -5.0600  -2.9838   9.4376
 -1.8319  -5.0207  -2.8873   9.4811
 -1.7891  -4.9800  -2.7910   9.5210
 -1.7434  -4.9377  -2.6950   9.5566
 -1.6945  -4.8932  -2.5994   9.5868
 -1.6425  -4.8459  -2.5040   9.6104
 -1.5872  -4.7951  -2.4087   9.6258
 -1.5286  -4.7397  -2.3133   9.6307
 -1.4664  -4.6787  -2.2178   9.6226
 -1.4008  -4.6105  -2.1218   9.5979
 -1.3314  -4.5331  -2.0249   9.5523
 -1.2582  -4.4442  -1.9266   9.4800
 -1.1810  -4.3407  -1.8263   9.3740
 -1.0997  -4.2190  -1.7230   9.2247
 -1.0140  -4.0741  -1.6157   9.0204
 -0.9239  -3.9001  -1.5028   8.7458
 -0.8289  -3.6895  -1.3823   8.3812
 -0.7289  -3.4329  -1.2518   7.9016
 -0.6234  -3.1183  -1.1080   7.2747
 -0.5122  -2.7309  -0.9468   6.4592
 -0.3947  -2.2519  -0.7628   5.4021
 -0.2704  -1.6580  -0.5494   4.0355
 -0.2203  -1.6336  10.4979 -10.2172
 -0.2427  -1.1369  10.4527 -10.0536
 -0.2634  -0.6906  10.4084  -9.8914
 -0.2828  -0.2897  10.3649  -9.7305
 -0.3010   0.0700  10.3221  -9.5707
 -0.3182   0.3925  10.2799  -9.4120
 -0.3344   0.6813  10.2384  -9.2542
 -0.3498   0.9398  10.1973  -9.0973
 -0.3644   1.1707  10.1567  -8.9411
 -0.3783   1.3767  10.1164  -8.7854
 -0.3914   1.5603  10.0764  -8.6303
 -0.4039   1.7236  10.0366  -8.4756
 -0.4158   1.8685   9.9969  -8.3212
 -0.4271   1.9969   9.9573  -8.1669
 -0.4378   2.1102   9.9175  -8.0128
 -0.4479   2.2100   9.8777  -7.8588
 -0.4575   2.2976   9.8375  -7.7046
 -0.4665   2.3742   9.7970  -7.5503
 -0.4749   2.4408   9.7561  -7.3958
 -0.4828   2.4984   9.7147  -7.2410
 -0.4901   2.5478   9.6726  -7.0858
 -0.4969   2.5899   9.6298  -6.9301
 -0.5031   2.6253   9.5861  -6.7739
 -0.5088   2.6548   9.5415  -6.6171
 -0.5139   2.6788   9.4958  -6.4596
 -0.5185   2.6979   9.4489  -6.3014
 -0.5226   2.7126   9.4008  -6.1424
 -0.5261   2.7233   9.3513  -5.9824
 -0.5290   2.7303   9.3002  -5.8216
 -0.5314   2.7341   9.2475  -5.6597
 -0.5333   2.7348   9.1931  -5.4968
 -0.5347   2.7328   9.1368  -5.3328
 -0.5355   2.7283   9.0785  -5.1676
 -0.5357   2.7215   9.0181  -5.0012
 -0.5355   2.7127   8.9554  -4.8335
 -0.5346   2.7019   8.8904  -4.6645
 -0.5333   2.6894   8.8228  -4.4941
 -0.5314   2.6752   8.7527  -4.3223
 -0.5291   2.6594   8.6797  -4.1490
 -0.5261   2.6423   8.6039  -3.9743
 -0.5227   2.6237   8.5251  -3.7979
 -0.5187   2.6038   8.4431  -3.6201
 -0.5143   2.5827   8.3578  -3.4405
 -0.5093   2.5604   8.2692  -3.2594
 -0.5038   2.5368   8.1770  -3.0765
 -0.4979   2.5121   8.0811  -2.8919
 -0.4914   2.4861   7.9815  -2.7056
 -0.4844   2.4590   7.8779  -2.5174
 -0.4770   2.4306   7.7703  -2.3275
 -0.4690   2.4010   7.6586  -2.1357
 -0.4606   2.3700   7.5426  -1.9421
 -0.4517   2.3377   7.4222  -1.7465
 -0.4423   2.3039   7.2973  -1.5491
 -0.4325   2.2686   7.1678  -1.3497
 -0.4222   2.2317   7.0336  -1.1483
 -0.4114   2.1930   6.8947  -0.9450
 -0.4002   2.1524   6.7508  -0.7398
 -0.3885   2.1099   6.6020  -0.5325
 -0.3764   2.0651   6.4480  -0.3231
 -0.3638   2.0180   6.2890  -0.1118
 -0.3507   1.9682   6.1248   0.1016
 -0.3372   1.9157   5.9552   0.3171
 -0.3232   1.8601   5.7804   0.5346
 -0.3087   1.8012   5.6002   0.7543
 -0.2938   1.7386   5.4145   0.9760
 -0.2783   1.6719   5.2234   1.1999
 -0.2624   1.6009   5.0268   1.4259
 -0.2460   1.5251   4.8247   1.6540
 -0.2290   1.4439   4.6171   1.8844
 -0.2115   1.3569   4.4039   2.1169
 -0.1935   1.2635   4.1853   2.3516
 -0.1748   1.1630   3.9610   2.5885
 -0.1556   1.0547   3.7313   2.8276
 -0.1357   0.9378   3.4961   3.0690
 -0.1152   0.8115   3.2554   3.3127
 -0.0939   0.6748   3.0093   3.5588
 -0.0720   0.5265   2.7578   3.8071
 -0.0492   0.3656   2.5009   4.0578
 -0.0256   0.1907   2.2388   4.3109
 -0.0011   0.0002   1.9714   4.5665
 -0.0011   0.0002   1.9714   4.5665
 -0.0334   0.2716   1.8300   3.1825
 -0.0637   0.4894   1.6823   2.0665
 -0.0920   0.6645   1.5293   1.1655
 -0.1185   0.8054   1.3723   0.4372
 -0.1431   0.9190   1.2123  -0.1521
 -0.1659   1.0108   1.0505  -0.6296
 -0.1870   1.0853   0.8876  -1.0170
 -0.2064   1.1459   0.7244  -1.3318
 -0.2241   1.1953   0.5615  -1.5879
 -0.2403   1.2360   0.3994  -1.7967
 -0.2549   1.2696   0.2386  -1.9672
 -0.2680   1.2975   0.0793  -2.1067
 -0.2797   1.3209  -0.0781  -2.2210
 -0.2899   1.3407  -0.2334  -2.3149
 -0.2987   1.3576  -0.3866  -2.3921
 -0.3062   1.3722  -0.5374  -2.4557
 -0.3125   1.3849  -0.6858  -2.5082
 -0.3174   1.3962  -0.8316  -2.5515
 -0.3212   1.4063  -0.9749  -2.5873
 -0.3238   1.4154  -1.1156  -2.6168
 -0.3252   1.4237  -1.2537  -2.6412
 -0.3256   1.4314  -1.3891  -2.6611
 -0.3249   1.4386  -1.5219  -2.6775
 -0.3232   1.4454  -1.6520  -2.6907
 -0.3205   1.4518  -1.7794  -2.7012
 -0.3169   1.4579  -1.9043  -2.7095
 -0.3124   1.4638  -2.0264  -2.7157
 -0.3070   1.4695  -2.1460  -2.7202
 -0.3008   1.4750  -2.2629  -2.7232
 -0.2938   1.4803  -2.3772  -2.7248
 -0.2860   1.4855  -2.4890  -2.7251
 -0.2775   1.4906  -2.5981  -2.7243
 -0.2683   1.4955  -2.7047  -2.7224
 -0.2585   1.5003  -2.8087  -2.7196
 -0.2480   1.5050  -2.9101  -2.7158
 -0.2369   1.5096  -3.0090  -2.7112
 -0.2253   1.5141  -3.1054  -2.7058
 -0.2132   1.5185  -3.1992  -2.6996
 -0.2006   1.5227  -3.2905  -2.6927
 -0.1875   1.5269  -3.3793  -2.6851
 -0.1739   1.5310  -3.4656  -2.6768
 -0.1600   1.5350  -3.5493  -2.6679
 -0.1457   1.5388  -3.6305  -2.6583
 -0.1311   1.5426  -3.7093  -2.6482
 -0.1162   1.5463  -3.7854  -2.6374
 -0.1009   1.5498  -3.8591  -2.6260
 -0.0855   1.5532  -3.9302  -2.6141
 -0.0698   1.5566  -3.9988  -2.6017
 -0.0539   1.5598  -4.0649  -2.5887
 -0.0379   1.5629  -4.1284  -2.5751
 -0.0218   1.5659  -4.1893  -2.5611
 -0.0055   1.5688  -4.2476  -2.5466
  0.0108   1.5716  -4.3034  -2.5316
  0.0272   1.5742  -4.3566  -2.5161
  0.0436   1.5768  -4.4071  -2.5001
  0.0600   1.5792  -4.4549  -2.4837
  0.0763   1.5815  -4.5002  -2.4668
  0.0926   1.5837  -4.5427  -2.4496
  0.1088   1.5858  -4.5825  -2.4319
  0.1248   1.5878  -4.6196  -2.4138
  0.1408   1.5896  -4.6539  -2.3953
  0.1565   1.5914  -4.6854  -2.3764
  0.1720   1.5930  -4.7141  -2.3571
  0.1873   1.5945  -4.7400  -2.3375
  0.2024   1.5958  -4.7630  -2.3176
  0.2172   1.5971  -4.7830  -2.2973
  0.2316   1.5982  -4.8001  -2.2766
  0.2458   1.5993  -4.8142  -2.2557
  0.2595   1.6002  -4.8253  -2.2345
  0.2729   1.6010  -4.8333  -2.2129
  0.2859   1.6016  -4.8381  -2.1911
  0.2984   1.6022  -4.8398  -2.1691
  0.3105   1.6026  -4.8383  -2.1468
  0.3221   1.6029  -4.8335  -2.1242
  0.3331   1.6031  -4.8255  -2.1015
  0.3436   1.6032  -4.8140  -2.0785
  0.3536   1.6032  -4.7991  -2.0554
  0.3629   1.6030  -4.7807  -2.0321
  0.3717   1.6028  -4.7588  -2.0086
  0.3798   1.6024  -4.7333  -1.9850
  0.3872   1.6018  -4.7041  -1.9612
  0.3939   1.6012  -4.6712  -1.9374
  0.3999   1.6004  -4.6345  -1.9135
  0.4051   1.5995  -4.5938  -1.8894
  0.4096   1.5984  -4.5493  -1.8654
  0.4133   1.5972  -4.5007  -1.8412
  0.4161   1.5959  -4.4481  -1.8171
  0.4182   1.5943  -4.3912  -1.7929
  0.4193   1.5926  -4.3301  -1.7687
  0.4195   1.5907  -4.2646  -1.7446
  0.4189   1.5885  -4.1947  -1.7204
  0.4172   1.5861  -4.1202  -1.6963
  0.4146   1.5834  -4.0412  -1.6722
  0.4111   1.5803  -3.9574  -1.6480
  0.4065   1.5768  -3.8688  -1.6239
  0.4008   1.5729  -3.7752  -1.5997
  0.3942   1.5683  -3.6767  -1.5755
  0.3864   1.5631  -3.5730  -1.5511
  0.3775   1.5571  -3.4640  -1.5265
  0.3676   1.5500  -3.3497  -1.5016
  0.3565   1.5417  -3.2299  -1.4763
  0.3443   1.5319  -3.1045  -1.4502
  0.3310   1.5202  -2.9734  -1.4233
  0.3165   1.5062  -2.8364  -1.3952
  0.3008   1.4894  -2.6935  -1.3655
  0.2841   1.4691  -2.5444  -1.3337
  0.2662   1.4445  -2.3891  -1.2992
  0.2473   1.4146  -2.2275  -1.2611
  0.2272   1.3780  -2.0594  -1.2185
  0.2062   1.3332  -1.8847  -1.1699
  0.1843   1.2781  -1.7033  -1.1139
  0.1616   1.2104  -1.5150  -1.0483
  0.1382   1.1269  -1.3197  -0.9706
  0.1142   1.0238  -1.1174  -0.8776
  0.0900   0.8963  -0.9080  -0.7652
  6.7930  -5.1097  -1.0059  -0.7506
  6.7514  -4.7807  -0.7344  -1.0901
  6.7068  -4.4563  -0.4708  -1.3920
  6.6593  -4.1363  -0.2149  -1.6597
  6.6087  -3.8205   0.0335  -1.8965
  6.5551  -3.5089   0.2744  -2.1051
  6.4985  -3.2014   0.5082  -2.2881
  6.4387  -2.8978   0.7350  -2.4480
  6.3758  -2.5981   0.9548  -2.5869
  6.3097  -2.3022   1.1678  -2.7067
  6.2406  -2.0100   1.3742  -2.8092
  6.1683  -1.7215   1.5740  -2.8960
  6.0929  -1.4365   1.7674  -2.9685
  6.0145  -1.1550   1.9544  -3.0282
  5.9331  -0.8769   2.1351  -3.0761
  5.8486  -0.6022   2.3096  -3.1134
  5.7613  -0.3308   2.4780  -3.1410
  5.6711  -0.0627   2.6403  -3.1599
  5.5781   0.2022   2.7965  -3.1709
  5.4824   0.4640   2.9466  -3.1748
  5.3840   0.7227   3.0908  -3.1721
  5.2831   0.9783   3.2291  -3.1635
  5.1797   1.2309   3.3614  -3.1496
  5.0739   1.4806   3.4877  -3.1308
  4.9658   1.7275   3.6082  -3.1077
  4.8555   1.9715   3.7227  -3.0805
  4.7430   2.2127   3.8313  -3.0498
  4.6286   2.4512   3.9340  -3.0159
  4.5123   2.6870   4.0307  -2.9789
  4.3942   2.9203   4.1215  -2.9394
  4.2743   3.1510   4.2063  -2.8974
  4.1529   3.3792   4.2851  -2.8533
  4.0299   3.6050   4.3579  -2.8072
  3.9056   3.8284   4.4247  -2.7594
  3.7800   4.0496   4.4854  -2.7100
  3.6531   4.2685   4.5399  -2.6592
  3.5252   4.4852   4.5884  -2.6072
  3.3962   4.6999   4.6306  -2.5541
  3.2663   4.9125   4.6666  -2.5000
  3.1356   5.1232   4.6963  -2.4451
  3.0042   5.3320   4.7198  -2.3894
  2.8720   5.5391   4.7368  -2.3331
  2.7393   5.7444   4.7475  -2.2763
  2.6061   5.9481   4.7516  -2.2190
  2.4724   6.1503   4.7493  -2.1615
  2.3383   6.3510   4.7404  -2.1036
  2.2039   6.5503   4.7248  -2.0456
  2.0693   6.7483   4.7026  -1.9874
  1.9344   6.9451   4.6736  -1.9292
  1.7993   7.1408   4.6377  -1.8710
  1.6641   7.3354   4.5949  -1.8129
  1.5288   7.5291   4.5452  -1.7549
  1.3934   7.7220   4.4884  -1.6971
  1.2580   7.9142   4.4245  -1.6394
  1.1225   8.1056   4.3534  -1.5820
  0.9871   8.2966   4.2750  -1.5249
  0.8516   8.4870   4.1893  -1.4680
  0.7161   8.6771   4.0960  -1.4114
  0.5806   8.8670   3.9953  -1.3551
  0.4451   9.0567   3.8869  -1.2991
  0.3096   9.2464   3.7709  -1.2433
  0.1740   9.4362   3.6470  -1.1877
  0.0383   9.6261   3.5153  -1.1322
 -0.0974   9.8164   3.3756  -1.0768
 -0.2332  10.0071   3.2279  -1.0214
 -0.3692  10.1983   3.0721  -0.9657
 -0.5054  10.3902   2.9080  -0.9098
 -0.6418  10.5829   2.7357  -0.8533
 -0.7785  10.7765   2.5550  -0.7961
 -0.9155  10.9712   2.3659  -0.7378
 -1.0529  11.1672   2.1683  -0.6783
 -1.1908  11.3645   1.9622  -0.6171
 -1.3292  11.5633   1.7474  -0.5537
 -1.4682  11.7638   1.5239  -0.4878
 -1.6079  11.9662   1.2917  -0.4187
 -1.7484  12.1707   1.0507  -0.3458
 -1.8897  12.3773   0.8009  -0.2684
 -2.0320  12.5864   0.5422  -0.1856
 -2.1753  12.7981   0.2747  -0.0964
 -2.3198  13.0127  -0.0018   0.0002
 -2.3198  13.0127  -0.0018   0.0002
 -1.9493   8.9951  -0.3845   0.4665
 -1.6407   5.7155  -0.7479   0.8429
 -1.3883   3.0457  -1.0937   1.1484
 -1.1855   0.8776  -1.4229   1.3982
 -1.0252  -0.8795  -1.7368   1.6045
 -0.9010  -2.3010  -2.0362   1.7766
 -0.8069  -3.4490  -2.3219   1.9223
 -0.7379  -4.3748  -2.5947   2.0473
 -0.6895  -5.1201  -2.8551   2.1565
 -0.6581  -5.7192  -3.1037   2.2535
 -0.6404  -6.1998  -3.3410   2.3413
 -0.6341  -6.5845  -3.5674   2.4221
 -0.6369  -6.8916  -3.7833   2.4978
 -0.6471  -7.1359  -3.9892   2.5698
 -0.6634  -7.3294  -4.1852   2.6392
 -0.6847  -7.4817  -4.3719   2.7068
 -0.7099  -7.6008  -4.5493   2.7732
 -0.7383  -7.6930  -4.7178   2.8392
 -0.7694  -7.7632  -4.8778   2.9049
 -0.8026  -7.8158  -5.0293   2.9706
 -0.8375  -7.8540  -5.1726   3.0367
 -0.8739  -7.8804  -5.3080   3.1033
 -0.9114  -7.8974  -5.4357   3.1704
 -0.9499  -7.9066  -5.5559   3.2382
 -0.9891  -7.9094  -5.6687   3.3067
 -1.0289  -7.9070  -5.7744   3.3759
 -1.0691  -7.9003  -5.8731   3.4458
 -1.1098  -7.8901  -5.9651   3.5164
 -1.1507  -7.8770  -6.0504   3.5878
 -1.1919  -7.8613  -6.1293   3.6598
 -1.2332  -7.8437  -6.2020   3.7325
 -1.2746  -7.8243  -6.2685   3.8058
 -1.3160  -7.8034  -6.3291   3.8797
 -1.3574  -7.7812  -6.3838   3.9541
 -1.3987  -7.7579  -6.4329   4.0291
 -1.4400  -7.7336  -6.4765   4.1045
 -1.4811  -7.7085  -6.5147   4.1803
 -1.5220  -7.6825  -6.5477   4.2566
 -1.5627  -7.6559  -6.5756   4.3332
 -1.6032  -7.6286  -6.5985   4.4102
 -1.6435  -7.6006  -6.6166   4.4874
 -1.6834  -7.5721  -6.6299   4.5648
 -1.7229  -7.5431  -6.6387   4.6425
 -1.7621  -7.5136  -6.6430   4.7204
 -1.8009  -7.4835  -6.6430   4.7984
 -1.8392  -7.4530  -6.6388   4.8765
 -1.8771  -7.4220  -6.6304   4.9547
 -1.9144  -7.3905  -6.6181   5.0329
 -1.9512  -7.3586  -6.6018   5.1112
 -1.9874  -7.3262  -6.5818   5.1895
 -2.0229  -7.2935  -6.5582   5.2677
 -2.0578  -7.2603  -6.5309   5.3458
 -2.0921  -7.2266  -6.5002   5.4239
 -2.1255  -7.1926  -6.4661   5.5018
 -2.1582  -7.1582  -6.4288   5.5796
 -2.1901  -7.1234  -6.3884   5.6573
 -2.2211  -7.0882  -6.3448   5.7347
 -2.2512  -7.0526  -6.2983   5.8119
 -2.2804  -7.0167  -6.2489   5.8889
 -2.3086  -6.9803  -6.1968   5.9656
 -2.3357  -6.9437  -6.1419   6.0421
 -2.3618  -6.9066  -6.0844   6.1182
 -2.3867  -6.8693  -6.0245   6.1940
 -2.4105  -6.8316  -5.9621   6.2695
 -2.4331  -6.7936  -5.8973   6.3446
 -2.4544  -6.7553  -5.8303   6.4193
 -2.4744  -6.7167  -5.7612   6.4937
 -2.4930  -6.6778  -5.6899   6.5676
 -2.5101  -6.6386  -5.6166   6.6411
 -2.5259  -6.5992  -5.5414   6.7141
 -2.5400  -6.5595  -5.4644   6.7866
 -2.5527  -6.5196  -5.3855   6.8587
 -2.5636  -6.4794  -5.3050   6.9302
 -2.5729  -6.4391  -5.2228   7.0013
 -2.5804  -6.3986  -5.1391   7.0718
 -2.5861  -6.3578  -5.0539   7.1417
 -2.5900  -6.3170  -4.9673   7.2111
 -2.5919  -6.2760  -4.8794   7.2799
 -2.5918  -6.2348  -4.7902   7.3481
 -2.5896  -6.1935  -4.6998   7.4156
 -2.5854  -6.1522  -4.6083   7.4825
 -2.5789  -6.1107  -4.5157   7.5488
 -2.5702  -6.0691  -4.4221   7.6143
 -2.5591  -6.0275  -4.3276   7.6791
 -2.5457  -5.9858  -4.2322   7.7432
 -2.5298  -5.9440  -4.1361   7.8065
 -2.5113  -5.9022  -4.0392   7.8689
 -2.4902  -5.8603  -3.9416   7.9304
 -2.4665  -5.8182  -3.8434   7.9910
 -2.4399  -5.7761  -3.7446   8.0506
 -2.4106  -5.7337  -3.6453   8.1089
 -2.3782  -5.6911  -3.5455   8.1660
 -2.3429  -5.6482  -3.4454   8.2217
 -2.3045  -5.6049  -3.3448   8.2756
 -2.2629  -5.5610  -3.2439   8.3277
 -2.2181  -5.5163  -3.1427   8.3774
 -2.1699  -5.4707  -3.0413   8.4245
 -2.1182  -5.4237  -2.9395   8.4682
 -2.0630  -5.3750  -2.8375   8.5080
 -2.0042  -5.3241  -2.7351   8.5430
 -1.9416  -5.2704  -2.6324   8.5718
 -1.8751  -5.2129  -2.5293   8.5932
 -1.8047  -5.1508  -2.4256   8.6052
 -1.7303  -5.0827  -2.3211   8.6053
 -1.6516  -5.0069  -2.2157   8.5904
 -1.5686  -4.9214  -2.1090   8.5566
 -1.4811  -4.8237  -2.0006   8.4988
 -1.3890  -4.7104  -1.8899   8.4104
 -1.2921  -4.5774  -1.7760   8.2829
 -1.1902  -4.4196  -1.6581   8.1057
 -1.0831  -4.2304  -1.5347   7.8649
 -0.9705  -4.0017  -1.4042   7.5427
 -0.8521  -3.7232  -1.2643   7.1164
 -0.7277  -3.3820  -1.1122   6.5566
 -0.5968  -2.9619  -0.9442   5.8259
 -0.4590  -2.4425  -0.7555   4.8761
