  0.6500  -1.5690   0.6000  -1.8000
  0.6500  -1.5690   0.6000  -1.8000
  0.6500  -1.5689   0.6001  -1.8000
  0.6501  -1.5688   0.6002  -1.8001
  0.6502  -1.5686   0.6005  -1.8002
  0.6503  -1.5683   0.6008  -1.8004
  0.6505  -1.5679   0.6012  -1.8006
  0.6507  -1.5674   0.6017  -1.8009
  0.6510  -1.5669   0.6023  -1.8011
  0.6513  -1.5663   0.6030  -1.8015
  0.6516  -1.5656   0.6037  -1.8019
  0.6519  -1.5648   0.6046  -1.8023
  0.6523  -1.5640   0.6055  -1.8027
  0.6528  -1.5631   0.6065  -1.8032
  0.6532  -1.5621   0.6076  -1.8038
  0.6537  -1.5611   0.6087  -1.8043
  0.6542  -1.5600   0.6099  -1.8049
  0.6548  -1.5589   0.6112  -1.8056
  0.6553  -1.5576   0.6125  -1.8062
  0.6559  -1.5564   0.6140  -1.8069
  0.6566  -1.5550   0.6154  -1.8076
  0.6572  -1.5537   0.6170  -1.8084
  0.6579  -1.5522   0.6186  -1.8091
  0.6586  -1.5507   0.6202  -1.8099
  0.6593  -1.5492   0.6219  -1.8107
  0.6600  -1.5476   0.6237  -1.8116
  0.6608  -1.5460   0.6255  -1.8124
  0.6616  -1.5443   0.6274  -1.8133
  0.6624  -1.5426   0.6293  -1.8142
  0.6632  -1.5408   0.6312  -1.8151
  0.6640  -1.5390   0.6333  -1.8160
  0.6649  -1.5372   0.6353  -1.8169
  0.6658  -1.5353   0.6374  -1.8179
  0.6666  -1.5334   0.6395  -1.8188
  0.6675  -1.5315   0.6417  -1.8198
  0.6684  -1.5295   0.6439  -1.8208
  0.6694  -1.5275   0.6462  -1.8217
  0.6703  -1.5254   0.6484  -1.8227
  0.6712  -1.5234   0.6507  -1.8237
  0.6722  -1.5213   0.6531  -1.8247
  0.6731  -1.5192   0.6555  -1.8257
  0.6741  -1.5170   0.6579  -1.8267
  0.6751  -1.5149   0.6603  -1.8277
  0.6761  -1.5127   0.6627  -1.8287
  0.6771  -1.5105   0.6652  -1.8297
  0.6780  -1.5082   0.6677  -1.8307
  0.6790  -1.5060   0.6702  -1.8317
  0.6800  -1.5037   0.6727  -1.8327
  0.6811  -1.5015   0.6752  -1.8337
  0.6821  -1.4992   0.6778  -1.8347
  0.6831  -1.4969   0.6804  -1.8357
  0.6841  -1.4946   0.6830  -1.8366
  0.6851  -1.4923   0.6855  -1.8376
  0.6861  -1.4899   0.6881  -1.8385
  0.6871  -1.4876   0.6907  -1.8394
  0.6882  -1.4853   0.6934  -1.8403
  0.6892  -1.4829   0.6960  -1.8412
  0.6902  -1.4806   0.6986  -1.8421
  0.6912  -1.4783   0.7012  -1.8430
  0.6922  -1.4759   0.7038  -1.8439
  0.6932  -1.4736   0.7064  -1.8447
  0.6942  -1.4713   0.7090  -1.8455
  0.6952  -1.4689   0.7117  -1.8463
  0.6962  -1.4666   0.7143  -1.8471
  0.6972  -1.4643   0.7168  -1.8478
  0.6982  -1.4620   0.7194  -1.8486
  0.6992  -1.4597   0.7220  -1.8493
  0.7002  -1.4574   0.7245  -1.8499
  0.7012  -1.4552   0.7271  -1.8506
  0.7021  -1.4529   0.7296  -1.8512
  0.7031  -1.4507   0.7321  -1.8518
  0.7040  -1.4484   0.7346  -1.8524
  0.7050  -1.4462   0.7371  -1.8529
  0.7059  -1.4439   0.7396  -1.8535
  0.7068  -1.4417   0.7420  -1.8539
  0.7078  -1.4395   0.7445  -1.8544
  0.7087  -1.4373   0.7469  -1.8548
  0.7096  -1.4352   0.7493  -1.8552
  0.7105  -1.4330   0.7517  -1.8556
  0.7114  -1.4309   0.7540  -1.8559
  0.7123  -1.4287   0.7564  -1.8563
  0.7131  -1.4266   0.7587  -1.8565
  0.7140  -1.4245   0.7610  -1.8568
  0.7148  -1.4224   0.7632  -1.8570
  0.7157  -1.4204   0.7655  -1.8572
  0.7165  -1.4183   0.7677  -1.8573
  0.7174  -1.4163   0.7699  -1.8574
  0.7182  -1.4143   0.7720  -1.8575
  0.7190  -1.4123   0.7741  -1.8575
  0.7198  -1.4103   0.7762  -1.8575
  0.7206  -1.4084   0.7783  -1.8575
  0.7214  -1.4064   0.7804  -1.8574
  0.7221  -1.4045   0.7824  -1.8573
  0.7229  -1.4026   0.7843  -1.8572
  0.7236  -1.4008   0.7863  -1.8570
  0.7244  -1.3989   0.7882  -1.8567
  0.7251  -1.3971   0.7901  -1.8565
  0.7258  -1.3953   0.7919  -1.8562
  0.7265  -1.3936   0.7937  -1.8558
  0.7272  -1.3919   0.7955  -1.8554
  0.7279  -1.3902   0.7972  -1.8550
  0.7286  -1.3885   0.7989  -1.8545
  0.7293  -1.3869   0.8005  -1.8540
  0.7299  -1.3853   0.8021  -1.8535
  0.7306  -1.3838   0.8036  -1.8529
  0.7312  -1.3823   0.8051  -1.8522
  0.7318  -1.3808   0.8066  -1.8516
  0.7325  -1.3794   0.8080  -1.8508
  0.7331  -1.3780   0.8094  -1.8501
  0.7337  -1.3766   0.8107  -1.8492
  0.7343  -1.3753   0.8120  -1.8484
  0.7348  -1.3740   0.8132  -1.8474
  0.7354  -1.3728   0.8143  -1.8465
  0.7360  -1.3716   0.8154  -1.8455
  0.7365  -1.3705   0.8165  -1.8444
  0.7370  -1.3694   0.8175  -1.8433
  0.7375  -1.3683   0.8184  -1.8421
  0.7381  -1.3673   0.8193  -1.8409
  0.7386  -1.3664   0.8201  -1.8396
  0.7390  -1.3655   0.8209  -1.8383
  0.7390  -1.3655   0.8209  -1.8383
  0.7395  -1.3646   0.8216  -1.8369
  0.7403  -1.3652   0.8223  -1.8356
  0.7413  -1.3671   0.8231  -1.8342
  0.7426  -1.3703   0.8238  -1.8329
  0.7442  -1.3747   0.8246  -1.8316
  0.7460  -1.3800   0.8255  -1.8304
  0.7480  -1.3862   0.8263  -1.8291
  0.7502  -1.3932   0.8272  -1.8279
  0.7526  -1.4009   0.8281  -1.8267
  0.7552  -1.4092   0.8290  -1.8255
  0.7580  -1.4181   0.8299  -1.8243
  0.7609  -1.4274   0.8309  -1.8232
  0.7640  -1.4371   0.8319  -1.8221
  0.7671  -1.4471   0.8330  -1.8210
  0.7705  -1.4575   0.8340  -1.8199
  0.7739  -1.4682   0.8351  -1.8188
  0.7775  -1.4790   0.8363  -1.8177
  0.7811  -1.4901   0.8374  -1.8167
  0.7849  -1.5014   0.8386  -1.8156
  0.7888  -1.5127   0.8398  -1.8146
  0.7927  -1.5243   0.8410  -1.8136
  0.7967  -1.5358   0.8423  -1.8126
  0.8009  -1.5475   0.8436  -1.8117
  0.8051  -1.5592   0.8449  -1.8107
  0.8094  -1.5710   0.8462  -1.8098
  0.8137  -1.5828   0.8476  -1.8088
  0.8181  -1.5946   0.8490  -1.8079
  0.8226  -1.6064   0.8504  -1.8070
  0.8271  -1.6183   0.8519  -1.8061
  0.8317  -1.6300   0.8533  -1.8052
  0.8364  -1.6418   0.8548  -1.8043
  0.8411  -1.6536   0.8564  -1.8034
  0.8458  -1.6653   0.8579  -1.8025
  0.8506  -1.6769   0.8595  -1.8016
  0.8554  -1.6885   0.8610  -1.8007
  0.8603  -1.7001   0.8626  -1.7999
  0.8652  -1.7116   0.8643  -1.7990
  0.8701  -1.7230   0.8659  -1.7981
  0.8750  -1.7344   0.8676  -1.7973
  0.8800  -1.7456   0.8693  -1.7964
  0.8850  -1.7569   0.8710  -1.7955
  0.8900  -1.7680   0.8727  -1.7947
  0.8951  -1.7790   0.8744  -1.7938
  0.9001  -1.7900   0.8761  -1.7929
  0.9051  -1.8009   0.8779  -1.7920
  0.9102  -1.8117   0.8797  -1.7911
  0.9153  -1.8224   0.8815  -1.7902
  0.9203  -1.8330   0.8833  -1.7893
  0.9254  -1.8435   0.8851  -1.7884
  0.9304  -1.8540   0.8869  -1.7875
  0.9355  -1.8643   0.8888  -1.7866
  0.9405  -1.8746   0.8906  -1.7856
  0.9455  -1.8847   0.8925  -1.7847
  0.9505  -1.8947   0.8944  -1.7837
  0.9555  -1.9047   0.8962  -1.7827
  0.9604  -1.9145   0.8981  -1.7817
  0.9654  -1.9243   0.9000  -1.7807
  0.9702  -1.9339   0.9019  -1.7797
  0.9751  -1.9435   0.9038  -1.7786
  0.9799  -1.9529   0.9057  -1.7776
  0.9847  -1.9622   0.9076  -1.7765
  0.9894  -1.9715   0.9096  -1.7754
  0.9940  -1.9806   0.9115  -1.7742
  0.9987  -1.9896   0.9134  -1.7731
  1.0032  -1.9985   0.9153  -1.7719
  1.0077  -2.0073   0.9172  -1.7707
  1.0121  -2.0160   0.9192  -1.7695
  1.0165  -2.0246   0.9211  -1.7682
  1.0208  -2.0331   0.9230  -1.7670
  1.0250  -2.0415   0.9249  -1.7657
  1.0291  -2.0497   0.9268  -1.7643
  1.0331  -2.0578   0.9287  -1.7629
  1.0371  -2.0658   0.9306  -1.7615
  1.0410  -2.0737   0.9325  -1.7601
  1.0447  -2.0815   0.9344  -1.7586
  1.0484  -2.0891   0.9363  -1.7571
  1.0519  -2.0966   0.9381  -1.7556
  1.0554  -2.1039   0.9400  -1.7540
  1.0587  -2.1111   0.9418  -1.7524
  1.0620  -2.1182   0.9436  -1.7507
  1.0651  -2.1251   0.9454  -1.7490
  1.0680  -2.1318   0.9472  -1.7473
  1.0709  -2.1383   0.9490  -1.7455
  1.0736  -2.1446   0.9508  -1.7436
  1.0762  -2.1508   0.9525  -1.7418
  1.0786  -2.1567   0.9542  -1.7398
  1.0809  -2.1624   0.9559  -1.7378
  1.0831  -2.1678   0.9576  -1.7358
  1.0851  -2.1730   0.9592  -1.7337
  1.0869  -2.1778   0.9609  -1.7316
  1.0886  -2.1824   0.9625  -1.7294
  1.0901  -2.1866   0.9640  -1.7272
  1.0914  -2.1904   0.9656  -1.7249
  1.0926  -2.1938   0.9671  -1.7225
  1.0936  -2.1968   0.9686  -1.7201
  1.0944  -2.1993   0.9700  -1.7176
  1.0950  -2.2012   0.9715  -1.7151
  1.0954  -2.2026   0.9729  -1.7125
  1.0957  -2.2033   0.9742  -1.7098
  1.0957  -2.2033   0.9742  -1.7098
  1.0957  -2.2033   0.9755  -1.7071
  1.0957  -2.2029   0.9768  -1.7043
  1.0957  -2.2021   0.9781  -1.7015
  1.0956  -2.2009   0.9794  -1.6987
  1.0954  -2.1996   0.9807  -1.6958
  1.0952  -2.1979   0.9820  -1.6929
  1.0950  -2.1961   0.9832  -1.6899
  1.0947  -2.1941   0.9844  -1.6869
  1.0944  -2.1920   0.9856  -1.6839
  1.0941  -2.1898   0.9868  -1.6809
  1.0937  -2.1874   0.9880  -1.6777
  1.0934  -2.1850   0.9891  -1.6746
  1.0930  -2.1825   0.9903  -1.6714
  1.0926  -2.1799   0.9914  -1.6682
  1.0922  -2.1773   0.9925  -1.6649
  1.0918  -2.1746   0.9935  -1.6616
  1.0914  -2.1719   0.9945  -1.6583
  1.0910  -2.1692   0.9955  -1.6549
  1.0906  -2.1664   0.9965  -1.6514
  1.0902  -2.1636   0.9975  -1.6480
  1.0898  -2.1608   0.9984  -1.6444
  1.0895  -2.1580   0.9993  -1.6408
  1.0891  -2.1552   1.0001  -1.6372
  1.0888  -2.1523   1.0010  -1.6336
  1.0885  -2.1495   1.0018  -1.6298
  1.0882  -2.1466   1.0025  -1.6261
  1.0880  -2.1438   1.0032  -1.6223
  1.0877  -2.1410   1.0039  -1.6184
  1.0876  -2.1381   1.0046  -1.6145
  1.0874  -2.1353   1.0052  -1.6105
  1.0873  -2.1325   1.0058  -1.6065
  1.0872  -2.1297   1.0063  -1.6024
  1.0871  -2.1270   1.0068  -1.5983
  1.0871  -2.1242   1.0072  -1.5941
  1.0871  -2.1214   1.0077  -1.5898
  1.0871  -2.1187   1.0080  -1.5855
  1.0872  -2.1160   1.0083  -1.5812
  1.0874  -2.1134   1.0086  -1.5768
  1.0875  -2.1107   1.0088  -1.5723
  1.0877  -2.1081   1.0090  -1.5677
  1.0880  -2.1056   1.0091  -1.5631
  1.0883  -2.1030   1.0091  -1.5584
  1.0886  -2.1005   1.0091  -1.5537
  1.0890  -2.0981   1.0091  -1.5489
  1.0894  -2.0957   1.0089  -1.5440
  1.0898  -2.0933   1.0088  -1.5390
  1.0903  -2.0910   1.0085  -1.5340
  1.0908  -2.0887   1.0082  -1.5289
  1.0913  -2.0865   1.0079  -1.5237
  1.0919  -2.0843   1.0074  -1.5185
  1.0925  -2.0822   1.0069  -1.5132
  1.0932  -2.0802   1.0064  -1.5078
  1.0938  -2.0782   1.0057  -1.5023
  1.0945  -2.0762   1.0050  -1.4967
  1.0952  -2.0743   1.0043  -1.4911
  1.0960  -2.0725   1.0034  -1.4853
  1.0967  -2.0708   1.0025  -1.4795
  1.0975  -2.0691   1.0015  -1.4736
  1.0983  -2.0675   1.0004  -1.4677
  1.0991  -2.0659   0.9993  -1.4616
  1.0999  -2.0644   0.9980  -1.4554
  1.1007  -2.0630   0.9967  -1.4491
  1.1015  -2.0616   0.9953  -1.4428
  1.1023  -2.0603   0.9938  -1.4363
  1.1031  -2.0591   0.9922  -1.4297
  1.1038  -2.0579   0.9905  -1.4230
  1.1046  -2.0569   0.9887  -1.4162
  1.1053  -2.0558   0.9868  -1.4093
  1.1060  -2.0549   0.9848  -1.4023
  1.1067  -2.0540   0.9827  -1.3951
  1.1073  -2.0532   0.9804  -1.3879
  1.1079  -2.0525   0.9781  -1.3804
  1.1084  -2.0518   0.9756  -1.3729
  1.1089  -2.0513   0.9730  -1.3652
  1.1093  -2.0508   0.9703  -1.3574
  1.1097  -2.0504   0.9674  -1.3495
  1.1100  -2.0501   0.9645  -1.3414
  1.1101  -2.0498   0.9613  -1.3331
  1.1102  -2.0497   0.9581  -1.3247
  1.1102  -2.0497   0.9581  -1.3247
  1.1102  -2.0497   0.9547  -1.3161
  1.1101  -2.0501   0.9521  -1.3120
  1.1098  -2.0508   0.9501  -1.3111
  1.1093  -2.0517   0.9487  -1.3127
  1.1086  -2.0527   0.9477  -1.3162
  1.1078  -2.0539   0.9470  -1.3210
  1.1069  -2.0551   0.9466  -1.3268
  1.1058  -2.0564   0.9465  -1.3335
  1.1046  -2.0576   0.9465  -1.3406
  1.1032  -2.0589   0.9467  -1.3482
  1.1017  -2.0602   0.9471  -1.3561
  1.1001  -2.0614   0.9476  -1.3643
  1.0984  -2.0627   0.9482  -1.3726
  1.0966  -2.0639   0.9489  -1.3810
  1.0946  -2.0650   0.9497  -1.3895
  1.0926  -2.0661   0.9506  -1.3981
  1.0905  -2.0671   0.9515  -1.4067
  1.0882  -2.0681   0.9525  -1.4154
  1.0859  -2.0691   0.9535  -1.4241
  1.0835  -2.0699   0.9546  -1.4328
  1.0811  -2.0707   0.9557  -1.4415
  1.0786  -2.0715   0.9568  -1.4503
  1.0760  -2.0722   0.9579  -1.4590
  1.0733  -2.0728   0.9591  -1.4678
  1.0706  -2.0733   0.9602  -1.4766
  1.0679  -2.0738   0.9613  -1.4854
  1.0651  -2.0742   0.9625  -1.4941
  1.0623  -2.0746   0.9636  -1.5029
  1.0594  -2.0749   0.9647  -1.5117
  1.0565  -2.0751   0.9658  -1.5206
  1.0536  -2.0752   0.9668  -1.5294
  1.0507  -2.0752   0.9678  -1.5382
  1.0477  -2.0752   0.9688  -1.5470
  1.0447  -2.0751   0.9698  -1.5559
  1.0417  -2.0750   0.9707  -1.5647
  1.0388  -2.0748   0.9715  -1.5736
  1.0358  -2.0745   0.9723  -1.5824
  1.0328  -2.0741   0.9730  -1.5913
  1.0298  -2.0736   0.9737  -1.6002
  1.0268  -2.0731   0.9743  -1.6091
  1.0238  -2.0725   0.9748  -1.6179
  1.0209  -2.0718   0.9753  -1.6268
  1.0179  -2.0711   0.9756  -1.6357
  1.0150  -2.0703   0.9759  -1.6446
  1.0121  -2.0694   0.9762  -1.6535
  1.0093  -2.0684   0.9763  -1.6624
  1.0064  -2.0674   0.9763  -1.6713
  1.0036  -2.0663   0.9763  -1.6802
  1.0008  -2.0652   0.9762  -1.6891
  0.9981  -2.0639   0.9759  -1.6980
  0.9954  -2.0626   0.9756  -1.7069
  0.9927  -2.0612   0.9752  -1.7158
  0.9901  -2.0598   0.9747  -1.7247
  0.9875  -2.0583   0.9741  -1.7336
  0.9850  -2.0567   0.9734  -1.7425
  0.9825  -2.0551   0.9725  -1.7513
  0.9800  -2.0534   0.9716  -1.7602
  0.9777  -2.0516   0.9706  -1.7690
  0.9753  -2.0498   0.9695  -1.7779
  0.9730  -2.0479   0.9682  -1.7867
  0.9708  -2.0459   0.9669  -1.7955
  0.9686  -2.0439   0.9654  -1.8042
  0.9665  -2.0418   0.9639  -1.8130
  0.9645  -2.0397   0.9622  -1.8217
  0.9625  -2.0375   0.9605  -1.8304
  0.9605  -2.0353   0.9586  -1.8391
  0.9587  -2.0330   0.9567  -1.8478
  0.9569  -2.0306   0.9546  -1.8564
  0.9551  -2.0282   0.9524  -1.8650
  0.9534  -2.0257   0.9502  -1.8736
  0.9518  -2.0232   0.9478  -1.8821
  0.9502  -2.0206   0.9453  -1.8906
  0.9487  -2.0180   0.9428  -1.8990
  0.9473  -2.0153   0.9401  -1.9075
  0.9459  -2.0126   0.9374  -1.9158
  0.9446  -2.0098   0.9346  -1.9242
  0.9434  -2.0070   0.9316  -1.9324
  0.9422  -2.0041   0.9287  -1.9407
  0.9411  -2.0012   0.9256  -1.9489
  0.9400  -1.9983   0.9224  -1.9570
  0.9390  -1.9953   0.9192  -1.9651
  0.9381  -1.9923   0.9160  -1.9731
  0.9372  -1.9892   0.9126  -1.9811
  0.9364  -1.9861   0.9092  -1.9890
  0.9356  -1.9829   0.9058  -1.9969
  0.9349  -1.9798   0.9023  -2.0047
  0.9343  -1.9765   0.8987  -2.0125
  0.9337  -1.9733   0.8951  -2.0201
  0.9331  -1.9700   0.8915  -2.0278
  0.9326  -1.9667   0.8879  -2.0353
  0.9322  -1.9633   0.8842  -2.0428
  0.9318  -1.9599   0.8805  -2.0502
  0.9314  -1.9565   0.8768  -2.0576
  0.9311  -1.9530   0.8732  -2.0648
  0.9309  -1.9496   0.8695  -2.0720
  0.9306  -1.9461   0.8658  -2.0792
  0.9304  -1.9425   0.8622  -2.0862
  0.9303  -1.9390   0.8586  -2.0932
  0.9302  -1.9354   0.8550  -2.1001
  0.9301  -1.9318   0.8515  -2.1069
  0.9300  -1.9282   0.8481  -2.1137
  0.9300  -1.9245   0.8447  -2.1203
  0.9299  -1.9209   0.8414  -2.1269
  0.9299  -1.9172   0.8382  -2.1334
  0.9300  -1.9136   0.8351  -2.1398
  0.9300  -1.9099   0.8321  -2.1461
  0.9300  -1.9062   0.8293  -2.1522
  0.9301  -1.9026   0.8265  -2.1583
  0.9301  -1.8990   0.8240  -2.1642
  0.9302  -1.8954   0.8215  -2.1700
  0.9302  -1.8919   0.8193  -2.1756
  0.9303  -1.8885   0.8173  -2.1810
  0.9303  -1.8852   0.8154  -2.1861
  0.9304  -1.8820   0.8138  -2.1909
  0.9304  -1.8791   0.8124  -2.1953
  0.9304  -1.8765   0.8113  -2.1992
  0.9304  -1.8743   0.8104  -2.2025
  0.9304  -1.8743   0.8104  -2.2025
  0.9370  -1.8804   0.8097  -2.2049
  0.9436  -1.8862   0.8092  -2.2075
  0.9502  -1.8916   0.8090  -2.2102
  0.9568  -1.8968   0.8089  -2.2130
  0.9633  -1.9016   0.8091  -2.2159
  0.9697  -1.9061   0.8094  -2.2188
  0.9762  -1.9104   0.8100  -2.2218
  0.9825  -1.9143   0.8107  -2.2248
  0.9889  -1.9179   0.8116  -2.2278
  0.9952  -1.9212   0.8127  -2.2308
  1.0014  -1.9242   0.8140  -2.2338
  1.0076  -1.9270   0.8154  -2.2368
  1.0137  -1.9294   0.8170  -2.2398
  1.0197  -1.9316   0.8188  -2.2428
  1.0257  -1.9334   0.8207  -2.2457
  1.0316  -1.9350   0.8228  -2.2487
  1.0375  -1.9364   0.8250  -2.2516
  1.0432  -1.9374   0.8274  -2.2545
  1.0489  -1.9382   0.8299  -2.2573
  1.0546  -1.9387   0.8325  -2.2602
  1.0601  -1.9389   0.8353  -2.2630
  1.0655  -1.9389   0.8382  -2.2658
  1.0709  -1.9386   0.8412  -2.2685
  1.0762  -1.9380   0.8443  -2.2712
  1.0813  -1.9372   0.8476  -2.2739
  1.0864  -1.9361   0.8510  -2.2766
  1.0914  -1.9348   0.8545  -2.2792
  1.0963  -1.9332   0.8581  -2.2818
  1.1011  -1.9314   0.8618  -2.2843
  1.1057  -1.9293   0.8656  -2.2868
  1.1103  -1.9269   0.8695  -2.2893
  1.1148  -1.9244   0.8734  -2.2917
  1.1191  -1.9215   0.8775  -2.2941
  1.1234  -1.9185   0.8817  -2.2965
  1.1275  -1.9152   0.8859  -2.2988
  1.1315  -1.9116   0.8902  -2.3011
  1.1354  -1.9078   0.8945  -2.3034
  1.1391  -1.9038   0.8989  -2.3056
  1.1428  -1.8995   0.9034  -2.3077
  1.1463  -1.8951   0.9080  -2.3099
  1.1497  -1.8903   0.9125  -2.3120
  1.1529  -1.8854   0.9172  -2.3140
  1.1561  -1.8802   0.9218  -2.3160
  1.1591  -1.8748   0.9265  -2.3180
  1.1620  -1.8691   0.9312  -2.3200
  1.1647  -1.8633   0.9360  -2.3219
  1.1673  -1.8572   0.9407  -2.3238
  1.1698  -1.8509   0.9455  -2.3256
  1.1722  -1.8443   0.9502  -2.3274
  1.1744  -1.8376   0.9550  -2.3292
  1.1765  -1.8306   0.9597  -2.3309
  1.1785  -1.8234   0.9644  -2.3326
  1.1803  -1.8159   0.9691  -2.3342
  1.1820  -1.8083   0.9738  -2.3358
  1.1835  -1.8004   0.9784  -2.3374
  1.1849  -1.7923   0.9830  -2.3389
  1.1862  -1.7840   0.9875  -2.3404
  1.1874  -1.7755   0.9920  -2.3418
  1.1884  -1.7667   0.9963  -2.3432
  1.1892  -1.7577   1.0006  -2.3446
  1.1900  -1.7485   1.0048  -2.3459
  1.1906  -1.7391   1.0089  -2.3472
  1.1910  -1.7294   1.0129  -2.3484
  1.1913  -1.7195   1.0167  -2.3496
  1.1915  -1.7094   1.0204  -2.3507
  1.1915  -1.6991   1.0239  -2.3518
  1.1914  -1.6885   1.0273  -2.3529
  1.1912  -1.6778   1.0305  -2.3539
  1.1908  -1.6667   1.0336  -2.3548
  1.1902  -1.6555   1.0364  -2.3557
  1.1895  -1.6440   1.0390  -2.3565
  1.1887  -1.6323   1.0414  -2.3573
  1.1877  -1.6203   1.0435  -2.3579
  1.1866  -1.6082   1.0454  -2.3585
  1.1853  -1.5957   1.0470  -2.3591
  1.1839  -1.5831   1.0483  -2.3595
  1.1823  -1.5701   1.0493  -2.3598
  1.1806  -1.5570   1.0500  -2.3601
  1.1787  -1.5436   1.0503  -2.3602
  1.1787  -1.5436   1.0503  -2.3602
  1.1767  -1.5299   1.0503  -2.3602
  1.1755  -1.5224   1.0490  -2.3608
  1.1751  -1.5193   1.0465  -2.3618
  1.1753  -1.5194   1.0429  -2.3630
  1.1760  -1.5218   1.0382  -2.3644
  1.1771  -1.5257   1.0326  -2.3658
  1.1785  -1.5307   1.0262  -2.3673
  1.1803  -1.5365   1.0189  -2.3687
  1.1824  -1.5428   1.0109  -2.3700
  1.1846  -1.5495   1.0022  -2.3713
  1.1871  -1.5565   0.9928  -2.3724
  1.1898  -1.5636   0.9829  -2.3735
  1.1927  -1.5708   0.9725  -2.3744
  1.1956  -1.5780   0.9616  -2.3752
  1.1988  -1.5853   0.9503  -2.3758
  1.2020  -1.5925   0.9386  -2.3763
  1.2054  -1.5998   0.9265  -2.3766
  1.2088  -1.6071   0.9141  -2.3767
  1.2124  -1.6143   0.9015  -2.3767
  1.2160  -1.6215   0.8886  -2.3765
  1.2197  -1.6287   0.8755  -2.3761
  1.2234  -1.6359   0.8622  -2.3755
  1.2271  -1.6430   0.8488  -2.3747
  1.2309  -1.6501   0.8353  -2.3737
  1.2347  -1.6573   0.8217  -2.3725
  1.2386  -1.6643   0.8080  -2.3711
  1.2424  -1.6714   0.7943  -2.3695
  1.2462  -1.6785   0.7806  -2.3677
  1.2500  -1.6855   0.7668  -2.3656
  1.2538  -1.6926   0.7531  -2.3634
  1.2576  -1.6996   0.7395  -2.3610
  1.2614  -1.7066   0.7259  -2.3583
  1.2651  -1.7136   0.7124  -2.3555
  1.2687  -1.7206   0.6989  -2.3524
  1.2723  -1.7276   0.6856  -2.3491
  1.2758  -1.7346   0.6724  -2.3456
  1.2793  -1.7416   0.6594  -2.3420
  1.2827  -1.7486   0.6465  -2.3380
  1.2860  -1.7556   0.6338  -2.3339
  1.2893  -1.7626   0.6213  -2.3296
  1.2924  -1.7695   0.6089  -2.3251
  1.2955  -1.7765   0.5968  -2.3204
  1.2985  -1.7835   0.5849  -2.3154
  1.3013  -1.7905   0.5731  -2.3103
  1.3041  -1.7975   0.5617  -2.3050
  1.3067  -1.8045   0.5504  -2.2994
  1.3093  -1.8114   0.5394  -2.2937
  1.3117  -1.8184   0.5287  -2.2877
  1.3140  -1.8254   0.5182  -2.2816
  1.3162  -1.8324   0.5079  -2.2753
  1.3182  -1.8393   0.4980  -2.2687
  1.3202  -1.8463   0.4883  -2.2620
  1.3219  -1.8532   0.4789  -2.2551
  1.3236  -1.8602   0.4697  -2.2480
  1.3251  -1.8671   0.4609  -2.2407
  1.3265  -1.8740   0.4524  -2.2333
  1.3278  -1.8809   0.4441  -2.2256
  1.3289  -1.8878   0.4362  -2.2178
  1.3298  -1.8947   0.4285  -2.2098
  1.3306  -1.9016   0.4211  -2.2016
  1.3313  -1.9084   0.4141  -2.1932
  1.3318  -1.9152   0.4073  -2.1846
  1.3322  -1.9220   0.4009  -2.1759
  1.3324  -1.9288   0.3947  -2.1670
  1.3325  -1.9356   0.3889  -2.1580
  1.3324  -1.9423   0.3834  -2.1488
  1.3322  -1.9490   0.3782  -2.1394
  1.3318  -1.9557   0.3732  -2.1298
  1.3313  -1.9623   0.3686  -2.1201
  1.3306  -1.9690   0.3643  -2.1103
  1.3298  -1.9755   0.3602  -2.1003
  1.3288  -1.9821   0.3565  -2.0901
  1.3277  -1.9886   0.3531  -2.0798
  1.3264  -1.9950   0.3499  -2.0694
  1.3250  -2.0014   0.3470  -2.0588
  1.3235  -2.0078   0.3444  -2.0481
  1.3218  -2.0141   0.3421  -2.0372
  1.3200  -2.0204   0.3401  -2.0262
  1.3181  -2.0266   0.3383  -2.0151
  1.3160  -2.0327   0.3368  -2.0039
  1.3138  -2.0389   0.3355  -1.9925
  1.3115  -2.0449   0.3345  -1.9810
  1.3091  -2.0509   0.3337  -1.9694
  1.3065  -2.0568   0.3331  -1.9577
  1.3039  -2.0627   0.3328  -1.9459
  1.3011  -2.0685   0.3327  -1.9339
  1.2983  -2.0742   0.3328  -1.9219
  1.2953  -2.0799   0.3331  -1.9098
  1.2923  -2.0855   0.3335  -1.8976
  1.2892  -2.0911   0.3342  -1.8852
  1.2860  -2.0965   0.3350  -1.8728
  1.2828  -2.1019   0.3359  -1.8603
  1.2795  -2.1072   0.3370  -1.8478
  1.2762  -2.1125   0.3383  -1.8351
  1.2728  -2.1176   0.3396  -1.8224
  1.2694  -2.1227   0.3411  -1.8096
  1.2659  -2.1278   0.3426  -1.7967
  1.2625  -2.1327   0.3443  -1.7838
  1.2591  -2.1376   0.3459  -1.7708
  1.2556  -2.1423   0.3477  -1.7577
  1.2522  -2.1470   0.3494  -1.7446
  1.2489  -2.1517   0.3512  -1.7315
  1.2455  -2.1562   0.3529  -1.7182
  1.2423  -2.1606   0.3547  -1.7050
  1.2391  -2.1650   0.3564  -1.6917
  1.2360  -2.1693   0.3580  -1.6784
  1.2330  -2.1735   0.3596  -1.6651
  1.2301  -2.1775   0.3610  -1.6518
  1.2273  -2.1815   0.3624  -1.6385
  1.2247  -2.1854   0.3636  -1.6253
  1.2223  -2.1891   0.3647  -1.6122
  1.2201  -2.1926   0.3656  -1.5992
  1.2180  -2.1960   0.3663  -1.5865
  1.2162  -2.1992   0.3668  -1.5743
  1.2146  -2.2021   0.3672  -1.5626
  1.2133  -2.2046   0.3673  -1.5518
  1.2123  -2.2068   0.3673  -1.5424
  1.2116  -2.2084   0.3672  -1.5350
  1.2113  -2.2093   0.3671  -1.5306
  1.2113  -2.2093   0.3671  -1.5306
  1.2113  -2.2093   0.3670  -1.5306
  1.2114  -2.2093   0.3669  -1.5306
  1.2115  -2.2093   0.3668  -1.5306
  1.2116  -2.2093   0.3666  -1.5306
  1.2116  -2.2093   0.3665  -1.5306
  1.2117  -2.2093   0.3664  -1.5306
  1.2118  -2.2093   0.3663  -1.5306
  1.2119  -2.2093   0.3662  -1.5307
  1.2120  -2.2093   0.3661  -1.5307
  1.2120  -2.2093   0.3660  -1.5307
  1.2121  -2.2093   0.3659  -1.5307
  1.2122  -2.2093   0.3658  -1.5307
  1.2123  -2.2093   0.3657  -1.5307
  1.2124  -2.2093   0.3656  -1.5307
  1.2125  -2.2093   0.3655  -1.5307
  1.2126  -2.2093   0.3654  -1.5307
  1.2126  -2.2093   0.3654  -1.5307
  1.2127  -2.2092   0.3760  -1.5435
  1.2126  -2.2092   0.3865  -1.5560
  1.2125  -2.2090   0.3967  -1.5682
  1.2123  -2.2086   0.4068  -1.5802
  1.2119  -2.2079   0.4167  -1.5918
  1.2115  -2.2070   0.4264  -1.6032
  1.2110  -2.2059   0.4359  -1.6143
  1.2104  -2.2047   0.4453  -1.6251
  1.2097  -2.2034   0.4545  -1.6357
  1.2089  -2.2019   0.4635  -1.6461
  1.2081  -2.2004   0.4724  -1.6562
  1.2072  -2.1988   0.4811  -1.6660
  1.2063  -2.1971   0.4896  -1.6756
  1.2053  -2.1954   0.4980  -1.6850
  1.2043  -2.1936   0.5063  -1.6942
  1.2032  -2.1918   0.5143  -1.7031
  1.2021  -2.1901   0.5223  -1.7118
  1.2009  -2.1882   0.5300  -1.7202
  1.1997  -2.1864   0.5377  -1.7285
  1.1985  -2.1846   0.5451  -1.7365
  1.1973  -2.1828   0.5525  -1.7443
  1.1960  -2.1810   0.5597  -1.7519
  1.1947  -2.1792   0.5667  -1.7593
  1.1935  -2.1775   0.5736  -1.7665
  1.1922  -2.1757   0.5804  -1.7735
  1.1909  -2.1740   0.5870  -1.7803
  1.1896  -2.1723   0.5935  -1.7868
  1.1883  -2.1707   0.5998  -1.7932
  1.1870  -2.1690   0.6060  -1.7994
  1.1857  -2.1674   0.6121  -1.8054
  1.1844  -2.1658   0.6181  -1.8112
  1.1831  -2.1643   0.6239  -1.8168
  1.1819  -2.1628   0.6296  -1.8222
  1.1806  -2.1613   0.6352  -1.8275
  1.1794  -2.1598   0.6406  -1.8326
  1.1782  -2.1584   0.6459  -1.8374
  1.1770  -2.1570   0.6511  -1.8421
  1.1759  -2.1556   0.6562  -1.8467
  1.1747  -2.1543   0.6611  -1.8510
  1.1736  -2.1530   0.6660  -1.8552
  1.1726  -2.1518   0.6707  -1.8592
  1.1715  -2.1505   0.6752  -1.8630
  1.1705  -2.1493   0.6797  -1.8666
  1.1695  -2.1482   0.6840  -1.8701
  1.1685  -2.1470   0.6882  -1.8733
  1.1676  -2.1459   0.6922  -1.8764
  1.1667  -2.1449   0.6961  -1.8793
  1.1658  -2.1438   0.6999  -1.8820
  1.1650  -2.1428   0.7036  -1.8846
  1.1642  -2.1419   0.7071  -1.8870
  1.1634  -2.1409   0.7105  -1.8892
  1.1627  -2.1400   0.7138  -1.8912
  1.1620  -2.1391   0.7169  -1.8930
  1.1614  -2.1382   0.7199  -1.8947
  1.1608  -2.1374   0.7228  -1.8962
  1.1602  -2.1366   0.7255  -1.8975
  1.1597  -2.1358   0.7281  -1.8986
  1.1592  -2.1351   0.7305  -1.8996
  1.1587  -2.1344   0.7328  -1.9004
  1.1583  -2.1337   0.7350  -1.9010
  1.1579  -2.1330   0.7370  -1.9014
  1.1575  -2.1324   0.7389  -1.9016
  1.1572  -2.1317   0.7407  -1.9016
  1.1569  -2.1312   0.7422  -1.9015
  1.1567  -2.1306   0.7437  -1.9012
  1.1565  -2.1301   0.7450  -1.9006
  1.1563  -2.1296   0.7461  -1.8999
  1.1561  -2.1292   0.7471  -1.8991
  1.1560  -2.1288   0.7479  -1.8980
  1.1559  -2.1284   0.7486  -1.8967
  1.1558  -2.1281   0.7491  -1.8952
  1.1558  -2.1279   0.7494  -1.8936
  1.1557  -2.1277   0.7496  -1.8917
  1.1557  -2.1276   0.7496  -1.8897
  1.1557  -2.1276   0.7494  -1.8875
  1.1557  -2.1277   0.7491  -1.8850
  1.1557  -2.1278   0.7486  -1.8824
  1.1557  -2.1281   0.7479  -1.8796
  1.1557  -2.1283   0.7471  -1.8765
  1.1557  -2.1283   0.7471  -1.8765
  1.1557  -2.1283   0.7461  -1.8733
  1.1561  -2.1282   0.7448  -1.8729
  1.1569  -2.1279   0.7432  -1.8744
  1.1579  -2.1275   0.7413  -1.8773
  1.1593  -2.1269   0.7391  -1.8811
  1.1609  -2.1263   0.7365  -1.8856
  1.1629  -2.1256   0.7337  -1.8906
  1.1650  -2.1249   0.7305  -1.8959
  1.1674  -2.1241   0.7270  -1.9014
  1.1701  -2.1233   0.7233  -1.9070
  1.1729  -2.1224   0.7193  -1.9127
  1.1759  -2.1216   0.7151  -1.9184
  1.1790  -2.1206   0.7106  -1.9242
  1.1824  -2.1197   0.7060  -1.9299
  1.1858  -2.1187   0.7012  -1.9355
  1.1894  -2.1177   0.6963  -1.9412
  1.1931  -2.1166   0.6912  -1.9468
  1.1969  -2.1155   0.6859  -1.9523
  1.2008  -2.1143   0.6806  -1.9578
  1.2048  -2.1131   0.6752  -1.9633
  1.2088  -2.1118   0.6698  -1.9687
  1.2129  -2.1105   0.6643  -1.9741
  1.2171  -2.1091   0.6587  -1.9794
  1.2213  -2.1077   0.6531  -1.9847
  1.2255  -2.1062   0.6476  -1.9899
  1.2297  -2.1047   0.6420  -1.9951
  1.2340  -2.1031   0.6365  -2.0003
  1.2382  -2.1014   0.6309  -2.0054
  1.2425  -2.0996   0.6255  -2.0105
  1.2467  -2.0978   0.6201  -2.0155
  1.2510  -2.0960   0.6148  -2.0205
  1.2552  -2.0940   0.6095  -2.0254
  1.2593  -2.0920   0.6043  -2.0303
  1.2635  -2.0899   0.5993  -2.0352
  1.2676  -2.0878   0.5943  -2.0401
  1.2716  -2.0856   0.5895  -2.0449
  1.2756  -2.0833   0.5848  -2.0497
  1.2795  -2.0810   0.5802  -2.0544
  1.2834  -2.0786   0.5758  -2.0591
  1.2872  -2.0761   0.5715  -2.0638
  1.2910  -2.0735   0.5674  -2.0684
  1.2946  -2.0709   0.5635  -2.0730
  1.2982  -2.0683   0.5597  -2.0775
  1.3017  -2.0655   0.5561  -2.0820
  1.3051  -2.0627   0.5527  -2.0865
  1.3084  -2.0598   0.5495  -2.0909
  1.3116  -2.0569   0.5465  -2.0953
  1.3147  -2.0539   0.5436  -2.0997
  1.3177  -2.0508   0.5410  -2.1040
  1.3206  -2.0477   0.5386  -2.1083
  1.3234  -2.0445   0.5364  -2.1125
  1.3261  -2.0413   0.5343  -2.1167
  1.3287  -2.0379   0.5326  -2.1208
  1.3312  -2.0346   0.5310  -2.1249
  1.3336  -2.0312   0.5296  -2.1289
  1.3358  -2.0277   0.5285  -2.1329
  1.3380  -2.0241   0.5276  -2.1368
  1.3400  -2.0205   0.5270  -2.1407
  1.3419  -2.0169   0.5265  -2.1445
  1.3437  -2.0132   0.5263  -2.1482
  1.3454  -2.0094   0.5263  -2.1519
  1.3470  -2.0056   0.5265  -2.1556
  1.3484  -2.0018   0.5270  -2.1591
  1.3497  -1.9979   0.5277  -2.1627
  1.3509  -1.9940   0.5286  -2.1661
  1.3520  -1.9900   0.5298  -2.1695
  1.3530  -1.9859   0.5312  -2.1728
  1.3539  -1.9818   0.5328  -2.1761
  1.3546  -1.9777   0.5346  -2.1792
  1.3552  -1.9735   0.5366  -2.1823
  1.3558  -1.9693   0.5389  -2.1854
  1.3562  -1.9651   0.5413  -2.1883
  1.3565  -1.9608   0.5440  -2.1912
  1.3566  -1.9565   0.5469  -2.1940
  1.3567  -1.9521   0.5500  -2.1967
  1.3567  -1.9477   0.5533  -2.1994
  1.3566  -1.9433   0.5567  -2.2019
  1.3563  -1.9388   0.5604  -2.2044
  1.3560  -1.9343   0.5642  -2.2068
  1.3556  -1.9298   0.5683  -2.2091
  1.3551  -1.9252   0.5724  -2.2113
  1.3545  -1.9206   0.5768  -2.2135
  1.3538  -1.9160   0.5813  -2.2155
  1.3530  -1.9113   0.5860  -2.2175
  1.3521  -1.9066   0.5908  -2.2193
  1.3512  -1.9019   0.5957  -2.2211
  1.3502  -1.8972   0.6008  -2.2228
  1.3491  -1.8924   0.6059  -2.2243
  1.3479  -1.8876   0.6112  -2.2258
  1.3467  -1.8828   0.6166  -2.2272
  1.3454  -1.8779   0.6220  -2.2285
  1.3441  -1.8730   0.6275  -2.2297
  1.3427  -1.8681   0.6331  -2.2308
  1.3413  -1.8632   0.6388  -2.2319
  1.3398  -1.8582   0.6444  -2.2328
  1.3383  -1.8533   0.6501  -2.2336
  1.3368  -1.8483   0.6558  -2.2343
  1.3352  -1.8432   0.6615  -2.2350
  1.3337  -1.8382   0.6671  -2.2355
  1.3321  -1.8331   0.6727  -2.2360
  1.3305  -1.8280   0.6783  -2.2364
  1.3289  -1.8228   0.6838  -2.2367
  1.3273  -1.8177   0.6892  -2.2369
  1.3257  -1.8125   0.6945  -2.2370
  1.3241  -1.8073   0.6996  -2.2371
  1.3226  -1.8021   0.7046  -2.2370
  1.3211  -1.7969   0.7094  -2.2370
  1.3196  -1.7917   0.7140  -2.2368
  1.3182  -1.7866   0.7184  -2.2366
  1.3169  -1.7814   0.7226  -2.2363
  1.3156  -1.7763   0.7264  -2.2360
  1.3143  -1.7713   0.7300  -2.2356
  1.3132  -1.7665   0.7333  -2.2352
  1.3122  -1.7619   0.7361  -2.2348
  1.3113  -1.7575   0.7386  -2.2344
  1.3105  -1.7537   0.7407  -2.2341
  1.3099  -1.7504   0.7423  -2.2338
  1.3099  -1.7504   0.7423  -2.2338
  1.3148  -1.7563   0.7434  -2.2336
  1.3196  -1.7619   0.7442  -2.2346
  1.3243  -1.7673   0.7448  -2.2366
  1.3289  -1.7724   0.7452  -2.2395
  1.3334  -1.7772   0.7455  -2.2429
  1.3378  -1.7818   0.7456  -2.2468
  1.3422  -1.7860   0.7456  -2.2511
  1.3464  -1.7900   0.7456  -2.2557
  1.3505  -1.7938   0.7454  -2.2605
  1.3546  -1.7972   0.7453  -2.2655
  1.3585  -1.8004   0.7452  -2.2705
  1.3624  -1.8033   0.7450  -2.2756
  1.3661  -1.8060   0.7449  -2.2807
  1.3698  -1.8084   0.7449  -2.2858
  1.3734  -1.8105   0.7449  -2.2909
  1.3768  -1.8124   0.7450  -2.2959
  1.3802  -1.8140   0.7452  -2.3009
  1.3835  -1.8154   0.7456  -2.3058
  1.3867  -1.8165   0.7461  -2.3106
  1.3898  -1.8173   0.7468  -2.3154
  1.3928  -1.8179   0.7476  -2.3200
  1.3957  -1.8183   0.7486  -2.3246
  1.3985  -1.8184   0.7498  -2.3290
  1.4012  -1.8182   0.7512  -2.3333
  1.4038  -1.8178   0.7528  -2.3375
  1.4063  -1.8172   0.7547  -2.3416
  1.4087  -1.8163   0.7567  -2.3456
  1.4110  -1.8152   0.7590  -2.3494
  1.4132  -1.8138   0.7616  -2.3531
  1.4153  -1.8121   0.7643  -2.3567
  1.4174  -1.8103   0.7674  -2.3602
  1.4193  -1.8082   0.7706  -2.3635
  1.4211  -1.8058   0.7741  -2.3667
  1.4228  -1.8032   0.7779  -2.3697
  1.4244  -1.8004   0.7819  -2.3726
  1.4259  -1.7973   0.7861  -2.3753
  1.4273  -1.7940   0.7906  -2.3779
  1.4286  -1.7905   0.7953  -2.3804
  1.4298  -1.7867   0.8002  -2.3827
  1.4309  -1.7827   0.8053  -2.3848
  1.4319  -1.7785   0.8107  -2.3868
  1.4328  -1.7740   0.8162  -2.3887
  1.4336  -1.7693   0.8220  -2.3904
  1.4343  -1.7644   0.8279  -2.3919
  1.4348  -1.7592   0.8340  -2.3933
  1.4353  -1.7538   0.8403  -2.3945
  1.4356  -1.7482   0.8467  -2.3955
  1.4359  -1.7424   0.8533  -2.3964
  1.4360  -1.7363   0.8600  -2.3971
  1.4361  -1.7300   0.8667  -2.3977
  1.4360  -1.7234   0.8736  -2.3981
  1.4358  -1.7167   0.8806  -2.3983
  1.4355  -1.7097   0.8876  -2.3984
  1.4351  -1.7025   0.8946  -2.3983
  1.4346  -1.6950   0.9017  -2.3981
  1.4339  -1.6873   0.9088  -2.3977
  1.4332  -1.6794   0.9158  -2.3971
  1.4323  -1.6713   0.9228  -2.3964
  1.4313  -1.6629   0.9298  -2.3956
  1.4302  -1.6543   0.9366  -2.3946
  1.4290  -1.6455   0.9434  -2.3935
  1.4276  -1.6364   0.9500  -2.3922
  1.4262  -1.6271   0.9565  -2.3908
  1.4246  -1.6176   0.9628  -2.3893
  1.4229  -1.6078   0.9689  -2.3877
  1.4210  -1.5978   0.9748  -2.3859
  1.4191  -1.5875   0.9804  -2.3841
  1.4170  -1.5770   0.9858  -2.3822
  1.4147  -1.5663   0.9908  -2.3803
  1.4124  -1.5553   0.9955  -2.3783
  1.4099  -1.5441   0.9999  -2.3763
  1.4073  -1.5326   1.0039  -2.3743
  1.4045  -1.5209   1.0075  -2.3724
  1.4016  -1.5089   1.0107  -2.3705
  1.3986  -1.4966   1.0134  -2.3687
  1.3954  -1.4841   1.0156  -2.3671
  1.3920  -1.4713   1.0173  -2.3658
  1.3886  -1.4582   1.0185  -2.3648
  1.3849  -1.4449   1.0191  -2.3643
  1.3849  -1.4449   1.0191  -2.3643
  1.3811  -1.4312   1.0191  -2.3643
  1.3781  -1.4217   1.0192  -2.3618
  1.3758  -1.4154   1.0194  -2.3575
  1.3740  -1.4116   1.0196  -2.3520
  1.3726  -1.4097   1.0200  -2.3456
  1.3715  -1.4092   1.0203  -2.3385
  1.3708  -1.4097   1.0208  -2.3309
  1.3702  -1.4110   1.0213  -2.3229
  1.3699  -1.4129   1.0218  -2.3147
  1.3697  -1.4153   1.0223  -2.3063
  1.3696  -1.4180   1.0229  -2.2977
  1.3696  -1.4211   1.0234  -2.2891
  1.3696  -1.4243   1.0239  -2.2804
  1.3697  -1.4277   1.0245  -2.2717
  1.3699  -1.4313   1.0249  -2.2630
  1.3700  -1.4350   1.0254  -2.2543
  1.3701  -1.4388   1.0258  -2.2457
  1.3702  -1.4428   1.0261  -2.2370
  1.3703  -1.4468   1.0264  -2.2284
  1.3703  -1.4510   1.0267  -2.2199
  1.3702  -1.4554   1.0268  -2.2114
  1.3701  -1.4599   1.0269  -2.2030
  1.3698  -1.4646   1.0269  -2.1946
  1.3695  -1.4695   1.0268  -2.1863
  1.3690  -1.4747   1.0266  -2.1780
  1.3685  -1.4801   1.0264  -2.1698
  1.3677  -1.4857   1.0260  -2.1617
  1.3669  -1.4915   1.0255  -2.1536
  1.3659  -1.4976   1.0249  -2.1457
  1.3647  -1.5040   1.0242  -2.1378
  1.3634  -1.5106   1.0234  -2.1299
  1.3619  -1.5174   1.0224  -2.1221
  1.3602  -1.5244   1.0214  -2.1145
  1.3583  -1.5316   1.0202  -2.1069
  1.3562  -1.5390   1.0189  -2.0993
  1.3540  -1.5466   1.0174  -2.0919
  1.3516  -1.5543   1.0158  -2.0845
  1.3490  -1.5621   1.0141  -2.0772
  1.3462  -1.5701   1.0123  -2.0700
  1.3432  -1.5782   1.0103  -2.0629
  1.3401  -1.5863   1.0082  -2.0559
  1.3368  -1.5946   1.0059  -2.0489
  1.3334  -1.6029   1.0036  -2.0421
  1.3298  -1.6112   1.0010  -2.0353
  1.3260  -1.6196   0.9984  -2.0287
  1.3222  -1.6279   0.9955  -2.0221
  1.3182  -1.6363   0.9926  -2.0156
  1.3141  -1.6448   0.9895  -2.0093
  1.3099  -1.6532   0.9863  -2.0030
  1.3056  -1.6616   0.9829  -1.9968
  1.3012  -1.6700   0.9794  -1.9907
  1.2967  -1.6784   0.9758  -1.9848
  1.2922  -1.6867   0.9720  -1.9789
  1.2876  -1.6951   0.9681  -1.9731
  1.2830  -1.7034   0.9640  -1.9675
  1.2783  -1.7117   0.9598  -1.9619
  1.2736  -1.7201   0.9555  -1.9565
  1.2689  -1.7284   0.9511  -1.9511
  1.2642  -1.7367   0.9465  -1.9459
  1.2595  -1.7450   0.9418  -1.9408
  1.2548  -1.7532   0.9370  -1.9358
  1.2501  -1.7615   0.9320  -1.9309
  1.2455  -1.7698   0.9269  -1.9261
  1.2408  -1.7782   0.9218  -1.9215
  1.2363  -1.7865   0.9165  -1.9169
  1.2317  -1.7949   0.9110  -1.9125
  1.2273  -1.8033   0.9055  -1.9082
  1.2228  -1.8118   0.8999  -1.9040
  1.2185  -1.8203   0.8942  -1.8999
  1.2142  -1.8288   0.8884  -1.8960
  1.2100  -1.8374   0.8825  -1.8922
  1.2059  -1.8460   0.8765  -1.8885
  1.2019  -1.8547   0.8704  -1.8849
  1.1979  -1.8635   0.8642  -1.8814
  1.1940  -1.8722   0.8580  -1.8780
  1.1903  -1.8811   0.8517  -1.8748
  1.1866  -1.8899   0.8453  -1.8717
  1.1830  -1.8988   0.8389  -1.8687
  1.1795  -1.9078   0.8324  -1.8659
  1.1761  -1.9167   0.8259  -1.8631
  1.1728  -1.9258   0.8193  -1.8605
  1.1696  -1.9348   0.8127  -1.8580
  1.1665  -1.9439   0.8061  -1.8556
  1.1635  -1.9530   0.7994  -1.8533
  1.1606  -1.9621   0.7927  -1.8512
  1.1578  -1.9713   0.7860  -1.8491
  1.1551  -1.9805   0.7793  -1.8472
  1.1525  -1.9897   0.7726  -1.8454
  1.1500  -1.9989   0.7660  -1.8437
  1.1476  -2.0082   0.7593  -1.8421
  1.1453  -2.0174   0.7527  -1.8406
  1.1431  -2.0267   0.7461  -1.8393
  1.1431  -2.0267   0.7461  -1.8393
  1.1410  -2.0360   0.7549  -1.8449
  1.1390  -2.0442   0.7636  -1.8504
  1.1369  -2.0513   0.7723  -1.8558
  1.1349  -2.0575   0.7808  -1.8610
  1.1329  -2.0630   0.7894  -1.8660
  1.1309  -2.0678   0.7978  -1.8710
  1.1289  -2.0720   0.8062  -1.8757
  1.1270  -2.0757   0.8145  -1.8804
  1.1251  -2.0790   0.8228  -1.8849
  1.1232  -2.0819   0.8310  -1.8892
  1.1213  -2.0845   0.8391  -1.8934
  1.1195  -2.0867   0.8471  -1.8975
  1.1177  -2.0888   0.8551  -1.9014
  1.1159  -2.0905   0.8630  -1.9052
  1.1141  -2.0921   0.8708  -1.9088
  1.1124  -2.0936   0.8785  -1.9123
  1.1107  -2.0948   0.8861  -1.9157
  1.1090  -2.0960   0.8937  -1.9189
  1.1074  -2.0970   0.9011  -1.9219
  1.1058  -2.0978   0.9085  -1.9248
  1.1042  -2.0986   0.9158  -1.9276
  1.1027  -2.0993   0.9230  -1.9302
  1.1012  -2.1000   0.9301  -1.9327
  1.0997  -2.1005   0.9371  -1.9350
  1.0982  -2.1010   0.9440  -1.9372
  1.0968  -2.1014   0.9509  -1.9392
  1.0954  -2.1018   0.9576  -1.9410
  1.0940  -2.1021   0.9642  -1.9428
  1.0927  -2.1024   0.9707  -1.9443
  1.0914  -2.1027   0.9771  -1.9458
  1.0901  -2.1029   0.9834  -1.9470
  1.0888  -2.1030   0.9895  -1.9482
  1.0876  -2.1032   0.9956  -1.9491
  1.0864  -2.1033   1.0016  -1.9500
  1.0852  -2.1033   1.0074  -1.9506
  1.0841  -2.1034   1.0131  -1.9511
  1.0829  -2.1034   1.0187  -1.9515
  1.0818  -2.1034   1.0242  -1.9517
  1.0808  -2.1034   1.0295  -1.9518
  1.0798  -2.1033   1.0347  -1.9517
  1.0787  -2.1032   1.0398  -1.9514
  1.0778  -2.1032   1.0447  -1.9510
  1.0768  -2.1031   1.0495  -1.9504
  1.0759  -2.1030   1.0542  -1.9497
  1.0750  -2.1028   1.0587  -1.9488
  1.0741  -2.1027   1.0631  -1.9478
  1.0733  -2.1026   1.0673  -1.9466
  1.0725  -2.1024   1.0714  -1.9452
  1.0717  -2.1022   1.0753  -1.9437
  1.0710  -2.1021   1.0791  -1.9420
  1.0702  -2.1019   1.0827  -1.9402
  1.0696  -2.1017   1.0862  -1.9382
  1.0689  -2.1015   1.0895  -1.9360
  1.0683  -2.1013   1.0926  -1.9337
  1.0676  -2.1011   1.0956  -1.9312
  1.0671  -2.1009   1.0984  -1.9285
  1.0665  -2.1007   1.1010  -1.9257
  1.0660  -2.1005   1.1035  -1.9227
  1.0655  -2.1003   1.1057  -1.9196
  1.0650  -2.1001   1.1078  -1.9163
  1.0646  -2.0999   1.1098  -1.9128
  1.0642  -2.0997   1.1115  -1.9091
  1.0638  -2.0996   1.1131  -1.9053
  1.0634  -2.0994   1.1144  -1.9012
  1.0631  -2.0992   1.1156  -1.8971
  1.0628  -2.0990   1.1166  -1.8927
  1.0625  -2.0989   1.1174  -1.8882
  1.0623  -2.0987   1.1179  -1.8835
  1.0620  -2.0986   1.1183  -1.8786
  1.0618  -2.0984   1.1185  -1.8735
  1.0617  -2.0983   1.1185  -1.8683
  1.0615  -2.0982   1.1183  -1.8629
  1.0614  -2.0981   1.1179  -1.8573
  1.0612  -2.0980   1.1172  -1.8515
  1.0612  -2.0979   1.1164  -1.8455
  1.0611  -2.0978   1.1153  -1.8393
  1.0610  -2.0978   1.1140  -1.8330
  1.0610  -2.0977   1.1125  -1.8264
  1.0610  -2.0977   1.1108  -1.8197
  1.0610  -2.0977   1.1108  -1.8197
  1.0610  -2.0977   1.1088  -1.8128
  1.0610  -2.1017   1.1072  -1.8118
  1.0611  -2.1083   1.1057  -1.8153
  1.0612  -2.1164   1.1043  -1.8221
  1.0612  -2.1255   1.1028  -1.8317
  1.0611  -2.1351   1.1013  -1.8432
  1.0610  -2.1450   1.0996  -1.8562
  1.0608  -2.1549   1.0977  -1.8703
  1.0606  -2.1647   1.0957  -1.8853
  1.0603  -2.1744   1.0934  -1.9010
  1.0599  -2.1839   1.0908  -1.9170
  1.0594  -2.1932   1.0880  -1.9333
  1.0589  -2.2022   1.0850  -1.9498
  1.0583  -2.2110   1.0817  -1.9663
  1.0576  -2.2195   1.0781  -1.9828
  1.0569  -2.2277   1.0743  -1.9992
  1.0562  -2.2357   1.0703  -2.0154
  1.0554  -2.2435   1.0659  -2.0315
  1.0545  -2.2510   1.0614  -2.0473
  1.0537  -2.2582   1.0567  -2.0629
  1.0527  -2.2652   1.0517  -2.0781
  1.0518  -2.2720   1.0465  -2.0931
  1.0508  -2.2785   1.0412  -2.1077
  1.0498  -2.2848   1.0357  -2.1220
  1.0487  -2.2908   1.0300  -2.1359
  1.0477  -2.2966   1.0242  -2.1495
  1.0466  -2.3022   1.0182  -2.1627
  1.0454  -2.3076   1.0122  -2.1755
  1.0443  -2.3127   1.0060  -2.1879
  1.0432  -2.3177   0.9997  -2.2000
  1.0420  -2.3224   0.9934  -2.2117
  1.0408  -2.3268   0.9870  -2.2230
  1.0396  -2.3311   0.9805  -2.2339
  1.0384  -2.3351   0.9740  -2.2445
  1.0372  -2.3390   0.9675  -2.2547
  1.0360  -2.3426   0.9610  -2.2646
  1.0347  -2.3460   0.9545  -2.2741
  1.0335  -2.3492   0.9480  -2.2833
  1.0322  -2.3522   0.9414  -2.2922
  1.0310  -2.3549   0.9350  -2.3007
  1.0297  -2.3575   0.9285  -2.3089
  1.0285  -2.3598   0.9222  -2.3168
  1.0272  -2.3620   0.9158  -2.3244
  1.0259  -2.3639   0.9096  -2.3317
  1.0247  -2.3656   0.9034  -2.3387
  1.0234  -2.3672   0.8973  -2.3454
  1.0221  -2.3685   0.8912  -2.3518
  1.0209  -2.3696   0.8853  -2.3580
  1.0196  -2.3705   0.8795  -2.3639
  1.0183  -2.3712   0.8738  -2.3696
  1.0171  -2.3717   0.8682  -2.3750
  1.0158  -2.3719   0.8627  -2.3801
  1.0145  -2.3720   0.8573  -2.3850
  1.0133  -2.3719   0.8521  -2.3897
  1.0120  -2.3716   0.8470  -2.3941
  1.0107  -2.3710   0.8420  -2.3983
  1.0095  -2.3703   0.8372  -2.4023
  1.0082  -2.3693   0.8325  -2.4060
  1.0070  -2.3681   0.8280  -2.4096
  1.0057  -2.3668   0.8236  -2.4129
  1.0045  -2.3652   0.8193  -2.4160
  1.0033  -2.3634   0.8153  -2.4188
  1.0020  -2.3614   0.8113  -2.4215
  1.0008  -2.3591   0.8076  -2.4240
  0.9996  -2.3567   0.8039  -2.4262
  0.9984  -2.3540   0.8005  -2.4283
  0.9972  -2.3512   0.7972  -2.4301
  0.9960  -2.3481   0.7940  -2.4317
  0.9948  -2.3448   0.7910  -2.4332
  0.9936  -2.3412   0.7882  -2.4344
  0.9925  -2.3375   0.7856  -2.4354
  0.9913  -2.3335   0.7831  -2.4362
  0.9902  -2.3293   0.7807  -2.4368
  0.9890  -2.3249   0.7785  -2.4373
  0.9879  -2.3202   0.7765  -2.4375
  0.9868  -2.3153   0.7746  -2.4375
  0.9857  -2.3101   0.7728  -2.4373
  0.9846  -2.3048   0.7713  -2.4369
  0.9835  -2.2991   0.7698  -2.4363
  0.9825  -2.2933   0.7685  -2.4355
  0.9814  -2.2871   0.7674  -2.4345
  0.9804  -2.2807   0.7664  -2.4333
  0.9794  -2.2741   0.7655  -2.4319
  0.9784  -2.2672   0.7648  -2.4303
  0.9774  -2.2600   0.7641  -2.4285
  0.9765  -2.2526   0.7637  -2.4264
  0.9755  -2.2449   0.7633  -2.4242
  0.9746  -2.2369   0.7630  -2.4217
  0.9737  -2.2286   0.7629  -2.4191
  0.9728  -2.2200   0.7629  -2.4162
  0.9719  -2.2111   0.7630  -2.4131
  0.9711  -2.2019   0.7632  -2.4098
  0.9702  -2.1924   0.7634  -2.4063
  0.9694  -2.1825   0.7638  -2.4025
  0.9686  -2.1724   0.7643  -2.3985
  0.9678  -2.1618   0.7648  -2.3944
  0.9670  -2.1509   0.7654  -2.3899
  0.9663  -2.1397   0.7661  -2.3853
  0.9655  -2.1280   0.7668  -2.3805
  0.9648  -2.1159   0.7676  -2.3754
  0.9641  -2.1035   0.7684  -2.3701
  0.9634  -2.0906   0.7693  -2.3645
  0.9627  -2.0772   0.7702  -2.3588
  0.9620  -2.0634   0.7712  -2.3528
  0.9613  -2.0491   0.7722  -2.3466
  0.9606  -2.0343   0.7731  -2.3402
  0.9599  -2.0189   0.7741  -2.3336
  0.9592  -2.0031   0.7751  -2.3268
  0.9585  -1.9866   0.7761  -2.3198
  0.9578  -1.9697   0.7771  -2.3127
  0.9571  -1.9522   0.7780  -2.3055
  0.9563  -1.9342   0.7789  -2.2983
  0.9555  -1.9159   0.7798  -2.2911
  0.9547  -1.8974   0.7806  -2.2840
  0.9539  -1.8789   0.7813  -2.2773
  0.9531  -1.8610   0.7820  -2.2710
  0.9524  -1.8444   0.7825  -2.2656
  0.9517  -1.8304   0.7830  -2.2613
  0.9513  -1.8212   0.7832  -2.2588
  0.9513  -1.8212   0.7832  -2.2588
  0.9513  -1.8212   0.7832  -2.2588
  0.9512  -1.8212   0.7832  -2.2588
  0.9512  -1.8212   0.7832  -2.2588
  0.9512  -1.8212   0.7832  -2.2588
  0.9567  -1.8273   0.7831  -2.2588
  0.9621  -1.8331   0.7833  -2.2595
  0.9676  -1.8385   0.7838  -2.2607
  0.9731  -1.8437   0.7846  -2.2624
  0.9786  -1.8485   0.7856  -2.2645
  0.9841  -1.8530   0.7868  -2.2669
  0.9895  -1.8572   0.7883  -2.2695
  0.9950  -1.8611   0.7900  -2.2724
  1.0005  -1.8647   0.7920  -2.2754
  1.0059  -1.8680   0.7941  -2.2785
  1.0114  -1.8710   0.7964  -2.2818
  1.0168  -1.8737   0.7990  -2.2851
  1.0222  -1.8761   0.8017  -2.2885
  1.0276  -1.8783   0.8046  -2.2919
  1.0329  -1.8801   0.8077  -2.2954
  1.0382  -1.8817   0.8109  -2.2988
  1.0435  -1.8830   0.8143  -2.3022
  1.0487  -1.8840   0.8178  -2.3057
  1.0539  -1.8848   0.8215  -2.3090
  1.0590  -1.8852   0.8253  -2.3124
  1.0641  -1.8855   0.8292  -2.3157
  1.0691  -1.8854   0.8333  -2.3189
  1.0741  -1.8851   0.8374  -2.3221
  1.0790  -1.8845   0.8417  -2.3253
  1.0838  -1.8837   0.8461  -2.3284
  1.0886  -1.8826   0.8505  -2.3314
  1.0933  -1.8813   0.8550  -2.3344
  1.0979  -1.8797   0.8597  -2.3373
  1.1024  -1.8779   0.8643  -2.3401
  1.1069  -1.8759   0.8691  -2.3428
  1.1112  -1.8736   0.8739  -2.3455
  1.1155  -1.8710   0.8787  -2.3482
  1.1197  -1.8682   0.8836  -2.3507
  1.1238  -1.8652   0.8885  -2.3532
  1.1278  -1.8620   0.8935  -2.3556
  1.1316  -1.8585   0.8984  -2.3579
  1.1354  -1.8548   0.9034  -2.3602
  1.1391  -1.8509   0.9084  -2.3623
  1.1427  -1.8467   0.9134  -2.3645
  1.1461  -1.8423   0.9184  -2.3665
  1.1495  -1.8378   0.9234  -2.3685
  1.1527  -1.8329   0.9283  -2.3704
  1.1558  -1.8279   0.9333  -2.3722
  1.1588  -1.8227   0.9382  -2.3740
  1.1617  -1.8172   0.9431  -2.3757
  1.1644  -1.8115   0.9479  -2.3773
  1.1671  -1.8056   0.9527  -2.3788
  1.1696  -1.7995   0.9574  -2.3803
  1.1719  -1.7932   0.9621  -2.3818
  1.1742  -1.7867   0.9667  -2.3831
  1.1763  -1.7800   0.9713  -2.3844
  1.1783  -1.7731   0.9757  -2.3857
  1.1802  -1.7659   0.9801  -2.3868
  1.1819  -1.7586   0.9844  -2.3880
  1.1835  -1.7510   0.9886  -2.3890
  1.1850  -1.7433   0.9927  -2.3900
  1.1863  -1.7353   0.9967  -2.3910
  1.1875  -1.7271   1.0006  -2.3919
  1.1886  -1.7188   1.0044  -2.3927
  1.1895  -1.7102   1.0080  -2.3935
  1.1903  -1.7014   1.0115  -2.3943
  1.1910  -1.6924   1.0149  -2.3949
  1.1915  -1.6832   1.0182  -2.3956
  1.1919  -1.6737   1.0213  -2.3962
  1.1921  -1.6641   1.0243  -2.3968
  1.1923  -1.6542   1.0271  -2.3973
  1.1922  -1.6442   1.0298  -2.3978
  1.1921  -1.6339   1.0323  -2.3982
  1.1918  -1.6234   1.0346  -2.3986
  1.1914  -1.6127   1.0368  -2.3990
  1.1908  -1.6017   1.0387  -2.3994
  1.1901  -1.5905   1.0405  -2.3997
  1.1892  -1.5791   1.0421  -2.3999
  1.1882  -1.5675   1.0435  -2.4002
  1.1871  -1.5556   1.0447  -2.4004
  1.1858  -1.5435   1.0456  -2.4005
  1.1843  -1.5311   1.0463  -2.4007
  1.1827  -1.5185   1.0468  -2.4008
  1.1810  -1.5057   1.0471  -2.4008
  1.1810  -1.5057   1.0471  -2.4008
  1.1791  -1.4926   1.0471  -2.4008
  1.1787  -1.4941   1.0461  -2.4030
  1.1789  -1.5015   1.0444  -2.4068
  1.1794  -1.5125   1.0419  -2.4117
  1.1802  -1.5260   1.0388  -2.4174
  1.1812  -1.5409   1.0350  -2.4236
  1.1822  -1.5568   1.0306  -2.4302
  1.1832  -1.5731   1.0256  -2.4369
  1.1842  -1.5895   1.0201  -2.4438
  1.1853  -1.6058   1.0141  -2.4505
  1.1863  -1.6220   1.0076  -2.4572
  1.1872  -1.6379   1.0006  -2.4638
  1.1881  -1.6534   0.9933  -2.4701
  1.1890  -1.6686   0.9855  -2.4762
  1.1898  -1.6834   0.9774  -2.4821
  1.1906  -1.6978   0.9690  -2.4877
  1.1913  -1.7118   0.9602  -2.4930
  1.1921  -1.7254   0.9512  -2.4980
  1.1927  -1.7386   0.9419  -2.5027
  1.1934  -1.7514   0.9323  -2.5071
  1.1940  -1.7639   0.9225  -2.5112
  1.1945  -1.7760   0.9125  -2.5150
  1.1951  -1.7878   0.9023  -2.5184
  1.1956  -1.7993   0.8920  -2.5215
  1.1961  -1.8105   0.8815  -2.5243
  1.1965  -1.8213   0.8709  -2.5268
  1.1970  -1.8319   0.8602  -2.5289
  1.1974  -1.8423   0.8494  -2.5307
  1.1977  -1.8524   0.8385  -2.5322
  1.1981  -1.8622   0.8276  -2.5333
  1.1984  -1.8718   0.8166  -2.5341
  1.1987  -1.8811   0.8056  -2.5346
  1.1990  -1.8903   0.7946  -2.5347
  1.1992  -1.8992   0.7836  -2.5345
  1.1994  -1.9080   0.7726  -2.5340
  1.1996  -1.9165   0.7617  -2.5332
  1.1997  -1.9249   0.7508  -2.5321
  1.1999  -1.9330   0.7399  -2.5306
  1.1999  -1.9410   0.7291  -2.5288
  1.2000  -1.9489   0.7185  -2.5267
  1.2000  -1.9565   0.7079  -2.5242
  1.2000  -1.9640   0.6974  -2.5215
  1.2000  -1.9714   0.6870  -2.5184
  1.1999  -1.9786   0.6768  -2.5151
  1.1998  -1.9856   0.6667  -2.5114
  1.1996  -1.9925   0.6567  -2.5074
  1.1994  -1.9993   0.6469  -2.5031
  1.1992  -2.0059   0.6373  -2.4985
  1.1989  -2.0124   0.6278  -2.4936
  1.1986  -2.0187   0.6185  -2.4884
  1.1982  -2.0250   0.6095  -2.4829
  1.1978  -2.0311   0.6006  -2.4771
  1.1974  -2.0371   0.5919  -2.4711
  1.1969  -2.0429   0.5834  -2.4647
  1.1964  -2.0487   0.5751  -2.4580
  1.1958  -2.0543   0.5671  -2.4511
  1.1952  -2.0598   0.5593  -2.4438
  1.1946  -2.0652   0.5517  -2.4363
  1.1939  -2.0705   0.5444  -2.4285
  1.1931  -2.0757   0.5373  -2.4204
  1.1923  -2.0807   0.5305  -2.4121
  1.1915  -2.0857   0.5239  -2.4034
  1.1906  -2.0905   0.5176  -2.3945
  1.1897  -2.0953   0.5115  -2.3854
  1.1887  -2.0999   0.5057  -2.3759
  1.1877  -2.1044   0.5001  -2.3662
  1.1866  -2.1088   0.4948  -2.3563
  1.1855  -2.1132   0.4898  -2.3461
  1.1844  -2.1174   0.4851  -2.3356
  1.1832  -2.1215   0.4806  -2.3249
  1.1819  -2.1255   0.4764  -2.3139
  1.1806  -2.1294   0.4725  -2.3027
  1.1793  -2.1332   0.4688  -2.2913
  1.1779  -2.1369   0.4654  -2.2796
  1.1765  -2.1405   0.4622  -2.2677
  1.1751  -2.1440   0.4594  -2.2556
  1.1736  -2.1474   0.4568  -2.2432
  1.1721  -2.1507   0.4544  -2.2306
  1.1706  -2.1539   0.4523  -2.2178
  1.1690  -2.1571   0.4505  -2.2048
  1.1674  -2.1601   0.4489  -2.1915
  1.1657  -2.1630   0.4475  -2.1781
  1.1641  -2.1658   0.4464  -2.1644
  1.1624  -2.1685   0.4455  -2.1505
  1.1606  -2.1711   0.4448  -2.1364
  1.1589  -2.1736   0.4444  -2.1221
  1.1571  -2.1760   0.4441  -2.1076
  1.1554  -2.1783   0.4441  -2.0929
  1.1536  -2.1805   0.4443  -2.0780
  1.1518  -2.1826   0.4446  -2.0629
  1.1500  -2.1846   0.4451  -2.0475
  1.1482  -2.1865   0.4457  -2.0320
  1.1464  -2.1883   0.4466  -2.0163
  1.1446  -2.1901   0.4475  -2.0003
  1.1428  -2.1917   0.4486  -1.9842
  1.1410  -2.1932   0.4497  -1.9678
  1.1392  -2.1946   0.4510  -1.9513
  1.1374  -2.1959   0.4524  -1.9345
  1.1357  -2.1972   0.4538  -1.9175
  1.1340  -2.1983   0.4552  -1.9002
  1.1323  -2.1993   0.4567  -1.8828
  1.1306  -2.2002   0.4582  -1.8651
  1.1290  -2.2011   0.4596  -1.8472
  1.1274  -2.2018   0.4611  -1.8291
  1.1259  -2.2025   0.4625  -1.8108
  1.1244  -2.2030   0.4638  -1.7923
  1.1230  -2.2035   0.4650  -1.7736
  1.1216  -2.2039   0.4662  -1.7548
  1.1204  -2.2042   0.4671  -1.7359
  1.1191  -2.2044   0.4680  -1.7169
  1.1180  -2.2046   0.4687  -1.6980
  1.1170  -2.2046   0.4692  -1.6793
  1.1160  -2.2047   0.4695  -1.6609
  1.1151  -2.2046   0.4696  -1.6432
  1.1144  -2.2046   0.4695  -1.6264
  1.1138  -2.2045   0.4693  -1.6110
  1.1133  -2.2043   0.4690  -1.5977
  1.1129  -2.2042   0.4687  -1.5874
  1.1129  -2.2042   0.4687  -1.5874
  1.1128  -2.2041   0.4790  -1.5981
  1.1126  -2.2038   0.4892  -1.6086
  1.1124  -2.2033   0.4992  -1.6189
  1.1122  -2.2026   0.5092  -1.6290
  1.1119  -2.2017   0.5191  -1.6389
  1.1116  -2.2007   0.5288  -1.6485
  1.1113  -2.1995   0.5384  -1.6580
  1.1110  -2.1982   0.5480  -1.6672
  1.1107  -2.1967   0.5574  -1.6763
  1.1103  -2.1952   0.5667  -1.6851
  1.1100  -2.1936   0.5760  -1.6938
  1.1096  -2.1919   0.5851  -1.7023
  1.1092  -2.1902   0.5941  -1.7105
  1.1088  -2.1884   0.6030  -1.7186
  1.1084  -2.1865   0.6118  -1.7265
  1.1080  -2.1846   0.6205  -1.7342
  1.1076  -2.1827   0.6291  -1.7418
  1.1072  -2.1807   0.6376  -1.7491
  1.1068  -2.1787   0.6460  -1.7563
  1.1063  -2.1767   0.6543  -1.7632
  1.1059  -2.1746   0.6625  -1.7700
  1.1055  -2.1725   0.6706  -1.7766
  1.1050  -2.1704   0.6786  -1.7831
  1.1046  -2.1682   0.6865  -1.7893
  1.1042  -2.1661   0.6943  -1.7954
  1.1037  -2.1639   0.7020  -1.8012
  1.1033  -2.1617   0.7096  -1.8069
  1.1029  -2.1595   0.7171  -1.8125
  1.1025  -2.1573   0.7244  -1.8178
  1.1021  -2.1551   0.7317  -1.8230
  1.1016  -2.1528   0.7388  -1.8279
  1.1012  -2.1506   0.7459  -1.8327
  1.1008  -2.1483   0.7528  -1.8374
  1.1004  -2.1461   0.7596  -1.8418
  1.1001  -2.1438   0.7663  -1.8461
  1.0997  -2.1415   0.7729  -1.8501
  1.0993  -2.1392   0.7794  -1.8540
  1.0989  -2.1369   0.7857  -1.8577
  1.0986  -2.1346   0.7919  -1.8613
  1.0982  -2.1323   0.7980  -1.8646
  1.0979  -2.1299   0.8040  -1.8678
  1.0975  -2.1276   0.8099  -1.8708
  1.0972  -2.1253   0.8156  -1.8735
  1.0969  -2.1229   0.8212  -1.8761
  1.0966  -2.1206   0.8266  -1.8786
  1.0963  -2.1182   0.8320  -1.8808
  1.0960  -2.1159   0.8371  -1.8828
  1.0957  -2.1135   0.8422  -1.8847
  1.0954  -2.1111   0.8471  -1.8863
  1.0952  -2.1088   0.8518  -1.8878
  1.0949  -2.1064   0.8564  -1.8891
  1.0947  -2.1040   0.8609  -1.8902
  1.0945  -2.1017   0.8652  -1.8910
  1.0943  -2.0993   0.8693  -1.8917
  1.0940  -2.0969   0.8733  -1.8922
  1.0938  -2.0946   0.8771  -1.8925
  1.0937  -2.0922   0.8807  -1.8926
  1.0935  -2.0899   0.8842  -1.8925
  1.0933  -2.0875   0.8875  -1.8922
  1.0931  -2.0852   0.8906  -1.8916
  1.0930  -2.0829   0.8936  -1.8909
  1.0929  -2.0806   0.8964  -1.8900
  1.0927  -2.0783   0.8990  -1.8888
  1.0926  -2.0761   0.9014  -1.8875
  1.0925  -2.0738   0.9036  -1.8859
  1.0924  -2.0717   0.9056  -1.8842
  1.0923  -2.0695   0.9074  -1.8822
  1.0922  -2.0674   0.9090  -1.8800
  1.0921  -2.0654   0.9104  -1.8776
  1.0920  -2.0634   0.9116  -1.8749
  1.0920  -2.0615   0.9126  -1.8720
  1.0919  -2.0597   0.9134  -1.8690
  1.0919  -2.0580   0.9139  -1.8656
  1.0918  -2.0565   0.9143  -1.8621
  1.0918  -2.0551   0.9144  -1.8583
  1.0917  -2.0539   0.9142  -1.8543
  1.0917  -2.0529   0.9139  -1.8501
  1.0917  -2.0522   0.9133  -1.8456
  1.0917  -2.0518   0.9124  -1.8409
  1.0917  -2.0518   0.9124  -1.8409
  1.0917  -2.0518   0.9113  -1.8359
  1.0918  -2.0520   0.9102  -1.8357
  1.0920  -2.0523   0.9089  -1.8390
  1.0923  -2.0527   0.9073  -1.8447
  1.0927  -2.0531   0.9056  -1.8521
  1.0932  -2.0535   0.9036  -1.8606
  1.0937  -2.0538   0.9013  -1.8698
  1.0943  -2.0542   0.8987  -1.8796
  1.0949  -2.0545   0.8959  -1.8895
  1.0956  -2.0548   0.8928  -1.8996
  1.0963  -2.0550   0.8895  -1.9096
  1.0971  -2.0552   0.8859  -1.9196
  1.0980  -2.0553   0.8822  -1.9294
  1.0988  -2.0553   0.8782  -1.9390
  1.0997  -2.0553   0.8740  -1.9485
  1.1006  -2.0553   0.8697  -1.9577
  1.1016  -2.0551   0.8652  -1.9667
  1.1026  -2.0549   0.8607  -1.9755
  1.1036  -2.0546   0.8559  -1.9840
  1.1046  -2.0543   0.8511  -1.9924
  1.1056  -2.0539   0.8462  -2.0005
  1.1067  -2.0534   0.8413  -2.0084
  1.1077  -2.0528   0.8363  -2.0161
  1.1088  -2.0522   0.8312  -2.0237
  1.1099  -2.0515   0.8261  -2.0310
  1.1109  -2.0507   0.8210  -2.0381
  1.1120  -2.0499   0.8159  -2.0451
  1.1131  -2.0490   0.8107  -2.0518
  1.1142  -2.0480   0.8056  -2.0585
  1.1152  -2.0470   0.8006  -2.0649
  1.1163  -2.0459   0.7955  -2.0712
  1.1173  -2.0447   0.7905  -2.0773
  1.1183  -2.0435   0.7855  -2.0833
  1.1193  -2.0421   0.7806  -2.0892
  1.1203  -2.0408   0.7758  -2.0949
  1.1213  -2.0393   0.7711  -2.1005
  1.1223  -2.0378   0.7664  -2.1059
  1.1232  -2.0362   0.7618  -2.1113
  1.1241  -2.0345   0.7573  -2.1165
  1.1250  -2.0328   0.7529  -2.1215
  1.1258  -2.0310   0.7486  -2.1265
  1.1266  -2.0291   0.7444  -2.1314
  1.1274  -2.0272   0.7403  -2.1361
  1.1282  -2.0252   0.7363  -2.1407
  1.1289  -2.0232   0.7325  -2.1453
  1.1296  -2.0210   0.7287  -2.1497
  1.1302  -2.0188   0.7251  -2.1540
  1.1308  -2.0166   0.7217  -2.1582
  1.1314  -2.0142   0.7183  -2.1623
  1.1320  -2.0118   0.7151  -2.1663
  1.1324  -2.0094   0.7121  -2.1703
  1.1329  -2.0069   0.7091  -2.1741
  1.1333  -2.0043   0.7064  -2.1778
  1.1337  -2.0016   0.7037  -2.1815
  1.1340  -1.9989   0.7012  -2.1850
  1.1343  -1.9961   0.6989  -2.1884
  1.1345  -1.9933   0.6967  -2.1918
  1.1347  -1.9904   0.6946  -2.1951
  1.1348  -1.9874   0.6927  -2.1982
  1.1349  -1.9844   0.6910  -2.2013
  1.1350  -1.9813   0.6894  -2.2043
  1.1350  -1.9781   0.6879  -2.2072
  1.1349  -1.9749   0.6866  -2.2100
  1.1348  -1.9716   0.6855  -2.2127
  1.1347  -1.9683   0.6845  -2.2154
  1.1345  -1.9649   0.6836  -2.2179
  1.1342  -1.9614   0.6829  -2.2203
  1.1340  -1.9579   0.6823  -2.2227
  1.1336  -1.9543   0.6819  -2.2250
  1.1332  -1.9507   0.6816  -2.2271
  1.1328  -1.9470   0.6815  -2.2292
  1.1324  -1.9432   0.6815  -2.2312
  1.1318  -1.9394   0.6816  -2.2331
  1.1313  -1.9355   0.6818  -2.2349
  1.1307  -1.9316   0.6822  -2.2366
  1.1300  -1.9276   0.6828  -2.2382
  1.1294  -1.9235   0.6834  -2.2397
  1.1286  -1.9194   0.6842  -2.2412
  1.1279  -1.9152   0.6851  -2.2425
  1.1271  -1.9110   0.6861  -2.2437
  1.1262  -1.9067   0.6872  -2.2448
  1.1254  -1.9024   0.6885  -2.2459
  1.1244  -1.8980   0.6898  -2.2468
  1.1235  -1.8935   0.6912  -2.2476
  1.1225  -1.8890   0.6928  -2.2484
  1.1215  -1.8844   0.6944  -2.2490
  1.1205  -1.8798   0.6961  -2.2495
  1.1194  -1.8751   0.6979  -2.2499
  1.1183  -1.8703   0.6998  -2.2503
  1.1172  -1.8655   0.7017  -2.2505
  1.1161  -1.8607   0.7037  -2.2506
  1.1149  -1.8557   0.7058  -2.2506
  1.1138  -1.8508   0.7079  -2.2505
  1.1126  -1.8457   0.7100  -2.2503
  1.1114  -1.8406   0.7122  -2.2499
  1.1102  -1.8355   0.7145  -2.2495
  1.1090  -1.8303   0.7167  -2.2490
  1.1078  -1.8250   0.7190  -2.2483
  1.1065  -1.8197   0.7213  -2.2476
  1.1053  -1.8143   0.7235  -2.2467
  1.1041  -1.8089   0.7258  -2.2457
  1.1029  -1.8034   0.7281  -2.2446
  1.1017  -1.7979   0.7303  -2.2434
  1.1005  -1.7923   0.7325  -2.2421
  1.0993  -1.7867   0.7346  -2.2407
  1.0982  -1.7810   0.7367  -2.2392
  1.0970  -1.7753   0.7387  -2.2376
  1.0959  -1.7696   0.7407  -2.2359
  1.0949  -1.7639   0.7425  -2.2342
  1.0938  -1.7582   0.7443  -2.2323
  1.0928  -1.7526   0.7459  -2.2304
  1.0919  -1.7471   0.7475  -2.2284
  1.0910  -1.7417   0.7488  -2.2264
  1.0902  -1.7365   0.7501  -2.2245
  1.0895  -1.7317   0.7511  -2.2226
  1.0889  -1.7272   0.7520  -2.2208
  1.0884  -1.7235   0.7527  -2.2193
  1.0880  -1.7206   0.7532  -2.2181
  1.0878  -1.7189   0.7534  -2.2174
  1.0878  -1.7189   0.7534  -2.2174
  1.0878  -1.7189   0.7534  -2.2174
  1.0926  -1.7249   0.7534  -2.2174
  1.0974  -1.7305   0.7536  -2.2178
  1.1021  -1.7359   0.7541  -2.2187
  1.1068  -1.7409   0.7549  -2.2198
  1.1115  -1.7455   0.7559  -2.2213
  1.1161  -1.7499   0.7571  -2.2230
  1.1207  -1.7539   0.7585  -2.2249
  1.1252  -1.7577   0.7602  -2.2269
  1.1297  -1.7612   0.7621  -2.2291
  1.1341  -1.7643   0.7642  -2.2314
  1.1385  -1.7672   0.7664  -2.2337
  1.1428  -1.7697   0.7689  -2.2362
  1.1471  -1.7720   0.7716  -2.2387
  1.1513  -1.7740   0.7744  -2.2412
  1.1554  -1.7758   0.7774  -2.2438
  1.1595  -1.7772   0.7805  -2.2464
  1.1635  -1.7784   0.7838  -2.2490
  1.1675  -1.7793   0.7873  -2.2516
  1.1713  -1.7799   0.7908  -2.2543
  1.1752  -1.7803   0.7946  -2.2569
  1.1789  -1.7804   0.7984  -2.2595
  1.1825  -1.7803   0.8024  -2.2621
  1.1861  -1.7799   0.8064  -2.2647
  1.1896  -1.7792   0.8106  -2.2673
  1.1930  -1.7783   0.8149  -2.2699
  1.1964  -1.7772   0.8193  -2.2724
  1.1996  -1.7758   0.8237  -2.2749
  1.2028  -1.7741   0.8283  -2.2774
  1.2059  -1.7722   0.8329  -2.2799
  1.2088  -1.7701   0.8376  -2.2824
  1.2117  -1.7677   0.8423  -2.2848
  1.2145  -1.7651   0.8471  -2.2872
  1.2172  -1.7623   0.8520  -2.2896
  1.2198  -1.7592   0.8568  -2.2919
  1.2224  -1.7559   0.8618  -2.2942
  1.2248  -1.7524   0.8667  -2.2965
  1.2271  -1.7486   0.8717  -2.2988
  1.2293  -1.7446   0.8767  -2.3010
  1.2314  -1.7404   0.8817  -2.3032
  1.2334  -1.7360   0.8868  -2.3054
  1.2352  -1.7314   0.8918  -2.3075
  1.2370  -1.7265   0.8968  -2.3096
  1.2387  -1.7214   0.9018  -2.3117
  1.2402  -1.7161   0.9067  -2.3138
  1.2417  -1.7106   0.9117  -2.3158
  1.2430  -1.7048   0.9166  -2.3178
  1.2442  -1.6989   0.9215  -2.3198
  1.2453  -1.6927   0.9263  -2.3217
  1.2463  -1.6863   0.9311  -2.3236
  1.2472  -1.6797   0.9358  -2.3255
  1.2479  -1.6729   0.9404  -2.3274
  1.2485  -1.6659   0.9450  -2.3292
  1.2491  -1.6586   0.9495  -2.3310
  1.2494  -1.6512   0.9539  -2.3328
  1.2497  -1.6435   0.9583  -2.3345
  1.2499  -1.6356   0.9625  -2.3362
  1.2499  -1.6275   0.9666  -2.3379
  1.2498  -1.6192   0.9707  -2.3395
  1.2496  -1.6107   0.9746  -2.3412
  1.2492  -1.6019   0.9784  -2.3428
  1.2487  -1.5930   0.9820  -2.3443
  1.2481  -1.5838   0.9856  -2.3458
  1.2474  -1.5743   0.9890  -2.3473
  1.2465  -1.5647   0.9922  -2.3488
  1.2456  -1.5548   0.9953  -2.3502
  1.2445  -1.5447   0.9983  -2.3516
  1.2432  -1.5344   1.0010  -2.3530
  1.2418  -1.5238   1.0037  -2.3543
  1.2403  -1.5130   1.0061  -2.3555
  1.2387  -1.5020   1.0084  -2.3567
  1.2369  -1.4907   1.0104  -2.3579
  1.2350  -1.4791   1.0123  -2.3589
  1.2330  -1.4673   1.0140  -2.3599
  1.2308  -1.4553   1.0155  -2.3608
  1.2284  -1.4430   1.0167  -2.3617
  1.2260  -1.4304   1.0177  -2.3623
  1.2233  -1.4176   1.0185  -2.3629
  1.2206  -1.4045   1.0190  -2.3633
  1.2176  -1.3911   1.0192  -2.3635
  1.2176  -1.3911   1.0192  -2.3635
  1.2145  -1.3774   1.0192  -2.3635
  1.2126  -1.3707   1.0178  -2.3651
  1.2115  -1.3690   1.0151  -2.3678
  1.2112  -1.3708   1.0112  -2.3715
  1.2114  -1.3752   1.0061  -2.3757
  1.2122  -1.3813   1.0001  -2.3804
  1.2134  -1.3886   0.9930  -2.3854
  1.2150  -1.3967   0.9851  -2.3906
  1.2168  -1.4054   0.9763  -2.3958
  1.2190  -1.4145   0.9668  -2.4012
  1.2214  -1.4237   0.9566  -2.4064
  1.2240  -1.4331   0.9457  -2.4116
  1.2268  -1.4426   0.9342  -2.4167
  1.2298  -1.4521   0.9222  -2.4216
  1.2329  -1.4616   0.9096  -2.4263
  1.2362  -1.4711   0.8966  -2.4308
  1.2396  -1.4805   0.8832  -2.4350
  1.2431  -1.4899   0.8693  -2.4390
  1.2467  -1.4993   0.8552  -2.4427
  1.2505  -1.5086   0.8408  -2.4460
  1.2542  -1.5179   0.8261  -2.4491
  1.2581  -1.5271   0.8112  -2.4518
  1.2620  -1.5364   0.7961  -2.4542
  1.2659  -1.5456   0.7809  -2.4563
  1.2699  -1.5548   0.7656  -2.4580
  1.2739  -1.5640   0.7501  -2.4593
  1.2779  -1.5732   0.7347  -2.4602
  1.2819  -1.5824   0.7192  -2.4608
  1.2859  -1.5916   0.7037  -2.4610
  1.2898  -1.6008   0.6882  -2.4608
  1.2938  -1.6100   0.6728  -2.4603
  1.2977  -1.6192   0.6574  -2.4593
  1.3015  -1.6285   0.6422  -2.4580
  1.3053  -1.6377   0.6271  -2.4563
  1.3090  -1.6470   0.6122  -2.4542
  1.3127  -1.6563   0.5974  -2.4517
  1.3163  -1.6657   0.5828  -2.4488
  1.3197  -1.6751   0.5684  -2.4455
  1.3231  -1.6845   0.5543  -2.4419
  1.3264  -1.6939   0.5404  -2.4379
  1.3296  -1.7033   0.5267  -2.4335
  1.3326  -1.7128   0.5133  -2.4288
  1.3355  -1.7223   0.5003  -2.4237
  1.3383  -1.7318   0.4875  -2.4182
  1.3409  -1.7414   0.4750  -2.4124
  1.3434  -1.7509   0.4629  -2.4062
  1.3458  -1.7605   0.4511  -2.3997
  1.3479  -1.7701   0.4396  -2.3928
  1.3500  -1.7797   0.4285  -2.3857
  1.3518  -1.7893   0.4178  -2.3781
  1.3535  -1.7990   0.4075  -2.3703
  1.3550  -1.8086   0.3975  -2.3622
  1.3563  -1.8182   0.3879  -2.3538
  1.3574  -1.8278   0.3788  -2.3450
  1.3583  -1.8374   0.3700  -2.3360
  1.3590  -1.8470   0.3617  -2.3267
  1.3595  -1.8566   0.3537  -2.3171
  1.3598  -1.8661   0.3462  -2.3073
  1.3599  -1.8756   0.3391  -2.2972
  1.3598  -1.8851   0.3325  -2.2869
  1.3595  -1.8945   0.3262  -2.2763
  1.3590  -1.9039   0.3204  -2.2655
  1.3582  -1.9132   0.3150  -2.2545
  1.3573  -1.9225   0.3101  -2.2432
  1.3561  -1.9317   0.3056  -2.2318
  1.3547  -1.9408   0.3015  -2.2202
  1.3531  -1.9499   0.2978  -2.2083
  1.3512  -1.9589   0.2945  -2.1964
  1.3491  -1.9677   0.2917  -2.1842
  1.3469  -1.9765   0.2893  -2.1719
  1.3444  -1.9852   0.2873  -2.1595
  1.3417  -1.9938   0.2857  -2.1469
  1.3387  -2.0023   0.2845  -2.1342
  1.3356  -2.0106   0.2837  -2.1213
  1.3323  -2.0188   0.2833  -2.1084
  1.3287  -2.0269   0.2832  -2.0954
  1.3250  -2.0349   0.2836  -2.0822
  1.3211  -2.0427   0.2843  -2.0690
  1.3170  -2.0504   0.2853  -2.0558
  1.3127  -2.0579   0.2867  -2.0424
  1.3082  -2.0652   0.2884  -2.0290
  1.3035  -2.0724   0.2905  -2.0156
  1.2987  -2.0794   0.2928  -2.0021
  1.2938  -2.0862   0.2955  -1.9886
  1.2887  -2.0929   0.2984  -1.9750
  1.2835  -2.0994   0.3016  -1.9615
  1.2781  -2.1057   0.3051  -1.9479
  1.2726  -2.1117   0.3088  -1.9343
  1.2670  -2.1176   0.3127  -1.9207
  1.2614  -2.1233   0.3168  -1.9071
  1.2556  -2.1288   0.3211  -1.8935
  1.2498  -2.1341   0.3256  -1.8800
  1.2439  -2.1392   0.3303  -1.8664
  1.2380  -2.1441   0.3351  -1.8529
  1.2320  -2.1487   0.3400  -1.8394
  1.2261  -2.1532   0.3450  -1.8259
  1.2201  -2.1574   0.3500  -1.8124
  1.2141  -2.1614   0.3551  -1.7990
  1.2082  -2.1653   0.3603  -1.7856
  1.2024  -2.1689   0.3654  -1.7722
  1.1966  -2.1722   0.3705  -1.7588
  1.1909  -2.1754   0.3756  -1.7455
  1.1853  -2.1784   0.3805  -1.7321
  1.1798  -2.1812   0.3854  -1.7189
  1.1745  -2.1838   0.3901  -1.7056
  1.1693  -2.1862   0.3947  -1.6924
  1.1644  -2.1884   0.3991  -1.6792
  1.1596  -2.1904   0.4032  -1.6661
  1.1551  -2.1922   0.4071  -1.6531
  1.1509  -2.1939   0.4107  -1.6401
  1.1470  -2.1954   0.4139  -1.6273
  1.1433  -2.1968   0.4169  -1.6147
  1.1400  -2.1980   0.4194  -1.6024
  1.1371  -2.1990   0.4216  -1.5905
  1.1346  -2.1999   0.4233  -1.5793
  1.1325  -2.2007   0.4246  -1.5689
  1.1309  -2.2013   0.4255  -1.5599
  1.1297  -2.2017   0.4260  -1.5529
  1.1292  -2.2020   0.4262  -1.5488
  1.1292  -2.2020   0.4262  -1.5488
  1.1292  -2.2019   0.4359  -1.5589
  1.1292  -2.2018   0.4454  -1.5689
  1.1291  -2.2016   0.4549  -1.5787
  1.1290  -2.2013   0.4643  -1.5883
  1.1288  -2.2008   0.4735  -1.5977
  1.1286  -2.2003   0.4827  -1.6069
  1.1284  -2.1997   0.4918  -1.6159
  1.1282  -2.1990   0.5008  -1.6248
  1.1279  -2.1982   0.5097  -1.6334
  1.1275  -2.1973   0.5186  -1.6419
  1.1272  -2.1964   0.5273  -1.6502
  1.1268  -2.1954   0.5360  -1.6584
  1.1264  -2.1943   0.5445  -1.6663
  1.1260  -2.1932   0.5530  -1.6741
  1.1255  -2.1920   0.5614  -1.6817
  1.1251  -2.1907   0.5697  -1.6892
  1.1246  -2.1894   0.5779  -1.6964
  1.1241  -2.1880   0.5860  -1.7035
  1.1235  -2.1866   0.5941  -1.7104
  1.1230  -2.1851   0.6020  -1.7172
  1.1224  -2.1836   0.6099  -1.7238
  1.1219  -2.1820   0.6177  -1.7302
  1.1213  -2.1803   0.6254  -1.7365
  1.1207  -2.1786   0.6330  -1.7426
  1.1201  -2.1769   0.6405  -1.7485
  1.1195  -2.1751   0.6479  -1.7542
  1.1188  -2.1733   0.6552  -1.7598
  1.1182  -2.1714   0.6625  -1.7652
  1.1176  -2.1695   0.6696  -1.7705
  1.1169  -2.1676   0.6766  -1.7756
  1.1163  -2.1656   0.6836  -1.7805
  1.1156  -2.1636   0.6904  -1.7852
  1.1150  -2.1615   0.6972  -1.7898
  1.1143  -2.1594   0.7038  -1.7942
  1.1137  -2.1572   0.7104  -1.7984
  1.1130  -2.1550   0.7168  -1.8025
  1.1124  -2.1528   0.7232  -1.8064
  1.1118  -2.1505   0.7294  -1.8101
  1.1111  -2.1482   0.7355  -1.8137
  1.1105  -2.1458   0.7415  -1.8171
  1.1099  -2.1435   0.7474  -1.8203
  1.1093  -2.1411   0.7532  -1.8233
  1.1087  -2.1386   0.7588  -1.8262
  1.1081  -2.1361   0.7644  -1.8289
  1.1075  -2.1336   0.7698  -1.8314
  1.1069  -2.1311   0.7751  -1.8337
  1.1064  -2.1285   0.7803  -1.8359
  1.1058  -2.1259   0.7853  -1.8378
  1.1053  -2.1232   0.7902  -1.8396
  1.1048  -2.1206   0.7950  -1.8412
  1.1043  -2.1179   0.7996  -1.8426
  1.1038  -2.1152   0.8041  -1.8439
  1.1033  -2.1124   0.8085  -1.8449
  1.1028  -2.1097   0.8127  -1.8458
  1.1024  -2.1069   0.8167  -1.8465
  1.1020  -2.1041   0.8206  -1.8470
  1.1015  -2.1013   0.8244  -1.8473
  1.1011  -2.0985   0.8280  -1.8474
  1.1008  -2.0956   0.8314  -1.8473
  1.1004  -2.0928   0.8347  -1.8470
  1.1001  -2.0900   0.8378  -1.8465
  1.0997  -2.0871   0.8407  -1.8458
  1.0994  -2.0843   0.8434  -1.8449
  1.0991  -2.0815   0.8460  -1.8438
  1.0988  -2.0787   0.8484  -1.8425
  1.0986  -2.0759   0.8506  -1.8410
  1.0983  -2.0732   0.8526  -1.8392
  1.0981  -2.0705   0.8544  -1.8373
  1.0979  -2.0679   0.8561  -1.8351
  1.0977  -2.0654   0.8575  -1.8328
  1.0975  -2.0630   0.8587  -1.8302
  1.0974  -2.0607   0.8597  -1.8274
  1.0972  -2.0585   0.8605  -1.8244
  1.0971  -2.0565   0.8611  -1.8211
  1.0970  -2.0548   0.8615  -1.8176
  1.0969  -2.0532   0.8616  -1.8139
  1.0969  -2.0520   0.8615  -1.8099
  1.0968  -2.0511   0.8612  -1.8057
  1.0968  -2.0506   0.8607  -1.8013
  1.0968  -2.0506   0.8607  -1.8013
  1.0968  -2.0506   0.8599  -1.7966
  1.0969  -2.0507   0.8592  -1.7953
  1.0971  -2.0510   0.8585  -1.7965
  1.0973  -2.0512   0.8578  -1.7994
  1.0976  -2.0515   0.8571  -1.8036
  1.0980  -2.0518   0.8563  -1.8088
  1.0985  -2.0521   0.8554  -1.8147
  1.0990  -2.0524   0.8544  -1.8211
  1.0995  -2.0526   0.8533  -1.8278
  1.1001  -2.0528   0.8521  -1.8347
  1.1007  -2.0529   0.8508  -1.8417
  1.1014  -2.0530   0.8495  -1.8489
  1.1020  -2.0530   0.8480  -1.8561
  1.1028  -2.0530   0.8464  -1.8633
  1.1035  -2.0529   0.8447  -1.8704
  1.1043  -2.0527   0.8430  -1.8775
  1.1050  -2.0525   0.8412  -1.8846
  1.1059  -2.0523   0.8393  -1.8917
  1.1067  -2.0520   0.8373  -1.8986
  1.1075  -2.0516   0.8353  -1.9055
  1.1083  -2.0511   0.8332  -1.9123
  1.1092  -2.0506   0.8311  -1.9190
  1.1101  -2.0501   0.8289  -1.9257
  1.1109  -2.0494   0.8267  -1.9323
  1.1118  -2.0487   0.8245  -1.9388
  1.1126  -2.0480   0.8223  -1.9452
  1.1135  -2.0472   0.8200  -1.9515
  1.1144  -2.0463   0.8177  -1.9578
  1.1152  -2.0453   0.8154  -1.9639
  1.1161  -2.0443   0.8131  -1.9700
  1.1169  -2.0433   0.8108  -1.9760
  1.1177  -2.0421   0.8085  -1.9820
  1.1185  -2.0410   0.8061  -1.9878
  1.1193  -2.0397   0.8039  -1.9936
  1.1201  -2.0384   0.8016  -1.9992
  1.1208  -2.0370   0.7993  -2.0049
  1.1216  -2.0356   0.7970  -2.0104
  1.1223  -2.0341   0.7948  -2.0158
  1.1230  -2.0325   0.7926  -2.0212
  1.1236  -2.0309   0.7905  -2.0265
  1.1243  -2.0292   0.7883  -2.0317
  1.1249  -2.0274   0.7862  -2.0368
  1.1255  -2.0256   0.7842  -2.0419
  1.1261  -2.0238   0.7821  -2.0469
  1.1266  -2.0218   0.7802  -2.0518
  1.1271  -2.0199   0.7782  -2.0566
  1.1276  -2.0178   0.7763  -2.0614
  1.1280  -2.0157   0.7745  -2.0660
  1.1284  -2.0135   0.7727  -2.0706
  1.1288  -2.0113   0.7710  -2.0751
  1.1291  -2.0090   0.7693  -2.0796
  1.1294  -2.0067   0.7677  -2.0840
  1.1297  -2.0042   0.7661  -2.0883
  1.1299  -2.0018   0.7646  -2.0925
  1.1301  -1.9993   0.7632  -2.0966
  1.1302  -1.9967   0.7618  -2.1007
  1.1303  -1.9940   0.7605  -2.1047
  1.1304  -1.9913   0.7592  -2.1086
  1.1304  -1.9886   0.7580  -2.1124
  1.1304  -1.9858   0.7569  -2.1162
  1.1304  -1.9829   0.7559  -2.1199
  1.1303  -1.9800   0.7549  -2.1235
  1.1302  -1.9770   0.7539  -2.1271
  1.1300  -1.9739   0.7531  -2.1305
  1.1298  -1.9708   0.7523  -2.1339
  1.1296  -1.9677   0.7516  -2.1372
  1.1293  -1.9645   0.7509  -2.1405
  1.1290  -1.9612   0.7503  -2.1437
  1.1286  -1.9579   0.7498  -2.1468
  1.1282  -1.9545   0.7493  -2.1498
  1.1278  -1.9511   0.7490  -2.1527
  1.1273  -1.9476   0.7486  -2.1556
  1.1268  -1.9440   0.7484  -2.1584
  1.1263  -1.9404   0.7482  -2.1611
  1.1257  -1.9368   0.7481  -2.1637
  1.1250  -1.9331   0.7480  -2.1663
  1.1244  -1.9293   0.7480  -2.1688
  1.1237  -1.9255   0.7480  -2.1712
  1.1230  -1.9216   0.7482  -2.1736
  1.1222  -1.9177   0.7483  -2.1758
  1.1214  -1.9137   0.7486  -2.1780
  1.1206  -1.9097   0.7489  -2.1801
  1.1198  -1.9056   0.7492  -2.1822
  1.1189  -1.9015   0.7496  -2.1841
  1.1180  -1.8973   0.7500  -2.1860
  1.1171  -1.8930   0.7505  -2.1878
  1.1161  -1.8887   0.7511  -2.1896
  1.1152  -1.8844   0.7517  -2.1912
  1.1142  -1.8800   0.7523  -2.1928
  1.1132  -1.8755   0.7529  -2.1943
  1.1121  -1.8710   0.7536  -2.1957
  1.1111  -1.8664   0.7544  -2.1971
  1.1100  -1.8618   0.7552  -2.1984
  1.1089  -1.8571   0.7559  -2.1996
  1.1079  -1.8524   0.7568  -2.2007
  1.1068  -1.8476   0.7576  -2.2017
  1.1057  -1.8428   0.7585  -2.2027
  1.1046  -1.8379   0.7594  -2.2036
  1.1035  -1.8329   0.7603  -2.2044
  1.1024  -1.8279   0.7612  -2.2052
  1.1013  -1.8229   0.7621  -2.2059
  1.1002  -1.8178   0.7630  -2.2065
  1.0991  -1.8127   0.7639  -2.2070
  1.0980  -1.8075   0.7648  -2.2074
  1.0970  -1.8023   0.7657  -2.2078
  1.0960  -1.7970   0.7665  -2.2081
  1.0949  -1.7918   0.7674  -2.2084
  1.0940  -1.7865   0.7682  -2.2085
  1.0930  -1.7812   0.7690  -2.2086
  1.0921  -1.7759   0.7697  -2.2087
  1.0912  -1.7707   0.7704  -2.2087
  1.0904  -1.7656   0.7711  -2.2086
  1.0896  -1.7606   0.7717  -2.2085
  1.0889  -1.7558   0.7722  -2.2083
  1.0882  -1.7514   0.7727  -2.2081
  1.0877  -1.7473   0.7731  -2.2079
  1.0872  -1.7439   0.7734  -2.2077
  1.0869  -1.7412   0.7737  -2.2075
  1.0867  -1.7397   0.7738  -2.2074
  1.0867  -1.7397   0.7738  -2.2074
  1.0917  -1.7456   0.7737  -2.2074
  1.0966  -1.7511   0.7739  -2.2078
  1.1016  -1.7563   0.7744  -2.2086
  1.1064  -1.7611   0.7751  -2.2097
  1.1113  -1.7657   0.7761  -2.2110
  1.1160  -1.7699   0.7773  -2.2126
  1.1208  -1.7739   0.7786  -2.2144
  1.1254  -1.7775   0.7803  -2.2163
  1.1301  -1.7808   0.7821  -2.2183
  1.1346  -1.7839   0.7841  -2.2205
  1.1391  -1.7866   0.7862  -2.2227
  1.1436  -1.7891   0.7886  -2.2251
  1.1480  -1.7913   0.7912  -2.2274
  1.1523  -1.7932   0.7939  -2.2299
  1.1566  -1.7948   0.7967  -2.2323
  1.1608  -1.7961   0.7997  -2.2348
  1.1649  -1.7972   0.8029  -2.2373
  1.1690  -1.7980   0.8062  -2.2398
  1.1729  -1.7986   0.8096  -2.2424
  1.1768  -1.7988   0.8132  -2.2449
  1.1807  -1.7989   0.8169  -2.2474
  1.1844  -1.7986   0.8207  -2.2500
  1.1881  -1.7981   0.8246  -2.2525
  1.1917  -1.7974   0.8286  -2.2550
  1.1952  -1.7964   0.8326  -2.2575
  1.1986  -1.7952   0.8368  -2.2600
  1.2019  -1.7937   0.8411  -2.2625
  1.2051  -1.7920   0.8454  -2.2650
  1.2083  -1.7901   0.8498  -2.2674
  1.2113  -1.7879   0.8543  -2.2699
  1.2143  -1.7854   0.8588  -2.2723
  1.2171  -1.7828   0.8634  -2.2747
  1.2199  -1.7799   0.8680  -2.2771
  1.2225  -1.7768   0.8726  -2.2795
  1.2250  -1.7735   0.8773  -2.2818
  1.2275  -1.7699   0.8820  -2.2841
  1.2298  -1.7661   0.8868  -2.2864
  1.2320  -1.7621   0.8915  -2.2887
  1.2342  -1.7579   0.8963  -2.2910
  1.2362  -1.7535   0.9010  -2.2932
  1.2381  -1.7488   0.9058  -2.2954
  1.2398  -1.7440   0.9105  -2.2976
  1.2415  -1.7389   0.9152  -2.2998
  1.2431  -1.7336   0.9199  -2.3019
  1.2445  -1.7281   0.9245  -2.3040
  1.2458  -1.7224   0.9292  -2.3061
  1.2470  -1.7165   0.9337  -2.3082
  1.2481  -1.7104   0.9383  -2.3102
  1.2491  -1.7040   0.9428  -2.3122
  1.2500  -1.6975   0.9473  -2.3143
  1.2507  -1.6907   0.9517  -2.3162
  1.2514  -1.6837   0.9560  -2.3182
  1.2519  -1.6765   0.9603  -2.3202
  1.2523  -1.6691   0.9645  -2.3221
  1.2526  -1.6615   0.9686  -2.3240
  1.2527  -1.6537   0.9726  -2.3258
  1.2527  -1.6457   0.9766  -2.3277
  1.2527  -1.6374   0.9804  -2.3295
  1.2524  -1.6289   0.9842  -2.3313
  1.2521  -1.6202   0.9878  -2.3331
  1.2516  -1.6113   0.9913  -2.3349
  1.2511  -1.6022   0.9947  -2.3366
  1.2504  -1.5929   0.9979  -2.3382
  1.2495  -1.5833   1.0011  -2.3399
  1.2486  -1.5735   1.0041  -2.3415
  1.2475  -1.5635   1.0069  -2.3431
  1.2463  -1.5532   1.0096  -2.3446
  1.2449  -1.5427   1.0121  -2.3460
  1.2435  -1.5320   1.0144  -2.3474
  1.2419  -1.5211   1.0166  -2.3488
  1.2401  -1.5099   1.0185  -2.3500
  1.2383  -1.4984   1.0203  -2.3512
  1.2363  -1.4867   1.0219  -2.3523
  1.2341  -1.4748   1.0233  -2.3533
  1.2319  -1.4625   1.0245  -2.3542
  1.2295  -1.4501   1.0254  -2.3550
  1.2269  -1.4373   1.0262  -2.3556
  1.2242  -1.4243   1.0267  -2.3560
  1.2214  -1.4110   1.0270  -2.3563
  1.2214  -1.4110   1.0270  -2.3563
  1.2184  -1.3974   1.0270  -2.3563
  1.2164  -1.3904   1.0258  -2.3580
  1.2153  -1.3882   1.0237  -2.3610
  1.2148  -1.3897   1.0205  -2.3649
  1.2149  -1.3939   1.0164  -2.3696
  1.2154  -1.4001   1.0114  -2.3747
  1.2164  -1.4077   1.0057  -2.3802
  1.2176  -1.4164   0.9992  -2.3860
  1.2192  -1.4258   0.9920  -2.3918
  1.2210  -1.4357   0.9841  -2.3977
  1.2230  -1.4460   0.9756  -2.4036
  1.2252  -1.4565   0.9666  -2.4094
  1.2275  -1.4672   0.9570  -2.4150
  1.2300  -1.4780   0.9469  -2.4206
  1.2327  -1.4888   0.9364  -2.4259
  1.2354  -1.4996   0.9254  -2.4311
  1.2383  -1.5104   0.9141  -2.4360
  1.2412  -1.5212   0.9024  -2.4406
  1.2442  -1.5320   0.8904  -2.4450
  1.2472  -1.5427   0.8781  -2.4491
  1.2503  -1.5533   0.8655  -2.4529
  1.2535  -1.5639   0.8528  -2.4563
  1.2567  -1.5745   0.8398  -2.4595
  1.2599  -1.5850   0.8267  -2.4623
  1.2631  -1.5954   0.8134  -2.4648
  1.2663  -1.6058   0.8000  -2.4670
  1.2695  -1.6162   0.7866  -2.4688
  1.2727  -1.6265   0.7730  -2.4702
  1.2758  -1.6368   0.7595  -2.4713
  1.2790  -1.6471   0.7459  -2.4720
  1.2821  -1.6573   0.7323  -2.4724
  1.2851  -1.6674   0.7188  -2.4724
  1.2881  -1.6776   0.7053  -2.4720
  1.2910  -1.6877   0.6919  -2.4713
  1.2939  -1.6978   0.6786  -2.4702
  1.2967  -1.7079   0.6653  -2.4687
  1.2994  -1.7179   0.6523  -2.4669
  1.3020  -1.7279   0.6393  -2.4647
  1.3045  -1.7379   0.6265  -2.4621
  1.3069  -1.7479   0.6139  -2.4592
  1.3093  -1.7578   0.6015  -2.4560
  1.3115  -1.7677   0.5892  -2.4524
  1.3135  -1.7776   0.5772  -2.4484
  1.3155  -1.7874   0.5655  -2.4441
  1.3173  -1.7973   0.5539  -2.4394
  1.3190  -1.8070   0.5427  -2.4344
  1.3206  -1.8168   0.5316  -2.4291
  1.3220  -1.8265   0.5209  -2.4234
  1.3233  -1.8362   0.5105  -2.4174
  1.3244  -1.8458   0.5003  -2.4111
  1.3254  -1.8554   0.4905  -2.4045
  1.3262  -1.8649   0.4809  -2.3975
  1.3268  -1.8744   0.4717  -2.3903
  1.3273  -1.8839   0.4628  -2.3827
  1.3276  -1.8933   0.4542  -2.3749
  1.3278  -1.9026   0.4460  -2.3668
  1.3278  -1.9118   0.4381  -2.3584
  1.3276  -1.9210   0.4305  -2.3497
  1.3272  -1.9301   0.4233  -2.3407
  1.3267  -1.9392   0.4165  -2.3315
  1.3259  -1.9481   0.4100  -2.3220
  1.3250  -1.9570   0.4039  -2.3123
  1.3239  -1.9657   0.3981  -2.3023
  1.3227  -1.9744   0.3927  -2.2921
  1.3212  -1.9830   0.3876  -2.2817
  1.3196  -1.9915   0.3829  -2.2710
  1.3178  -1.9999   0.3786  -2.2601
  1.3158  -2.0081   0.3746  -2.2490
  1.3137  -2.0163   0.3710  -2.2377
  1.3114  -2.0243   0.3677  -2.2262
  1.3089  -2.0322   0.3648  -2.2145
  1.3062  -2.0399   0.3622  -2.2026
  1.3034  -2.0475   0.3600  -2.1906
  1.3004  -2.0550   0.3581  -2.1783
  1.2972  -2.0623   0.3565  -2.1659
  1.2939  -2.0695   0.3552  -2.1534
  1.2904  -2.0765   0.3543  -2.1407
  1.2868  -2.0834   0.3537  -2.1278
  1.2831  -2.0901   0.3534  -2.1148
  1.2792  -2.0966   0.3534  -2.1016
  1.2752  -2.1030   0.3536  -2.0884
  1.2710  -2.1092   0.3542  -2.0750
  1.2668  -2.1152   0.3550  -2.0615
  1.2624  -2.1210   0.3561  -2.0478
  1.2579  -2.1266   0.3574  -2.0341
  1.2533  -2.1321   0.3589  -2.0202
  1.2487  -2.1373   0.3607  -2.0063
  1.2440  -2.1424   0.3627  -1.9922
  1.2392  -2.1472   0.3649  -1.9781
  1.2343  -2.1519   0.3672  -1.9638
  1.2294  -2.1563   0.3698  -1.9495
  1.2244  -2.1605   0.3724  -1.9351
  1.2194  -2.1646   0.3753  -1.9206
  1.2145  -2.1684   0.3782  -1.9060
  1.2094  -2.1720   0.3812  -1.8914
  1.2044  -2.1754   0.3843  -1.8766
  1.1995  -2.1786   0.3875  -1.8618
  1.1945  -2.1816   0.3907  -1.8470
  1.1896  -2.1844   0.3940  -1.8320
  1.1848  -2.1870   0.3973  -1.8170
  1.1800  -2.1893   0.4005  -1.8019
  1.1753  -2.1915   0.4037  -1.7868
  1.1707  -2.1934   0.4069  -1.7716
  1.1663  -2.1952   0.4100  -1.7563
  1.1619  -2.1968   0.4129  -1.7410
  1.1577  -2.1981   0.4158  -1.7257
  1.1537  -2.1993   0.4185  -1.7103
  1.1499  -2.2004   0.4210  -1.6949
  1.1463  -2.2012   0.4233  -1.6796
  1.1428  -2.2019   0.4254  -1.6644
  1.1397  -2.2024   0.4273  -1.6493
  1.1368  -2.2028   0.4289  -1.6344
  1.1341  -2.2031   0.4303  -1.6199
  1.1318  -2.2033   0.4313  -1.6060
  1.1298  -2.2033   0.4321  -1.5929
  1.1281  -2.2034   0.4326  -1.5809
  1.1268  -2.2033   0.4329  -1.5706
  1.1259  -2.2033   0.4330  -1.5626
