  3.2844   3.8569  16.8852  17.4344
  3.7247   4.1055  18.5030  20.4508
  3.5291   4.1497  19.0548  20.6768
  2.7286   4.2978  19.6284  20.3541
  3.3700   4.0213  19.9197  20.0958
  3.4024   3.9193  19.6700  20.1155
  3.3587   3.8379  19.5131  20.0815
  3.2771   3.7670  19.3631  20.0439
  3.2419   3.6793  19.2145  20.0060
  3.4460   3.5297  19.0665  19.9683
  3.0836   3.5418  18.9200  19.9300
  3.0401   3.4641  18.7739  19.8922
  2.9968   3.3871  18.6284  19.8544
  2.9525   3.3110  18.4838  19.8166
  3.1736   3.1613  18.3394  19.7792
  2.8445   3.1662  18.1966  19.7412
  3.0441   3.0240  18.0537  19.7038
  2.7408   3.0226  17.9122  19.6659
  2.6872   2.9521  17.7711  19.6284
  2.8141   2.8319  17.6304  19.5911
  1.8726   3.0077  17.4920  19.5525
  2.0743   2.8662  17.3526  19.5154
  2.3470   2.7085  17.2137  19.4783
  2.4064   2.5960  17.0760  19.4411
  2.5218   2.4850  16.9389  19.4039
  2.4724   2.4209  16.8027  19.3666
  2.2453   2.4042  16.6674  19.3291
  2.2134   2.3348  16.5325  19.2919
  2.2928   2.2362  16.3982  19.2548
  2.2345   2.1746  16.2647  19.2176
  2.1790   2.1127  16.1318  19.1804
  2.0200   2.0782  15.9998  19.1431
  1.9673   2.0161  15.8683  19.1060
  1.9149   1.9544  15.7375  19.0688
  1.9450   1.8727  15.6073  19.0318
  1.8942   1.8133  15.4778  18.9948
  1.8397   1.7565  15.3491  18.9577
  1.7906   1.7000  15.2209  18.9206
  1.6584   1.6652  15.0936  18.8834
  1.6838   1.5906  14.9667  18.8465
  1.4063   1.5935  14.8408  18.8092
  0.9355   1.6432  14.7158  18.7716
  1.5066   1.4318  14.5903  18.7353
  1.4442   1.3823  14.4662  18.6982
  1.4285   1.3198  14.3427  18.6612
  1.3712   1.2683  14.2200  18.6241
  1.3179   1.2163  14.0980  18.5870
  1.2651   1.1646  13.9766  18.5499
  1.2305   1.1090  13.8559  18.5128
  1.1785   1.0580  13.7359  18.4756
  1.1296   1.0067  13.6165  18.4385
  1.0859   0.9547  13.4979  18.4013
  1.0367   0.9043  13.3799  18.3641
  0.9872   0.8545  13.2626  18.3268
  0.9363   0.8053  13.1460  18.2895
  0.8812   0.7575  13.0301  18.2522
  0.8173   0.7121  12.9148  18.2148
  0.7452   0.6689  12.8003  18.1774
  0.6698   0.6268  12.6864  18.1399
  0.5937   0.5852  12.5732  18.1024
  0.5178   0.5439  12.4608  18.0649
  0.4426   0.5028  12.3490  18.0273
  0.3683   0.4620  12.2379  17.9896
  0.2951   0.4214  12.1276  17.9519
  0.2242   0.3818  12.0179  17.9141
  0.2527   0.4069  11.9089  17.8765
  0.3586   0.4826  11.8005  17.8390
  0.3759   0.4996  11.6929  17.8012
  0.3902   0.5143  11.5860  17.7634
  0.2633   0.6553  11.4799  17.7254
  0.2851   0.6357  11.3744  17.6874
  0.3080   0.6153  11.2695  17.6493
  0.3248   0.6017  11.1654  17.6111
  0.3362   0.5937  11.0620  17.5729
  0.2974   0.6371  10.9593  17.5345
  0.3467   0.5907  10.8573  17.4961
  0.3530   0.5882  10.7560  17.4576
  0.3563   0.5887  10.6554  17.4191
  0.3596   0.5892  10.5555  17.3804
  0.3628   0.5897  10.4563  17.3417
  0.3660   0.5903  10.3578  17.3028
  0.3692   0.5909  10.2600  17.2639
  0.3724   0.5913  10.1629  17.2249
  0.3757   0.5917  10.0664  17.1858
  0.3961   0.5760   9.9706  17.1467
  0.3955   0.5801   9.8755  17.1074
  0.3997   0.5796   9.7810  17.0681
  0.4098   0.5738   9.6872  17.0287
  0.4211   0.5669   9.5940  16.9892
 -0.8536   1.7771   9.4971  16.9484
  0.4708   0.5161   9.4118  16.9101
  0.4954   0.5109   9.3207  16.8704
  0.5116   0.5005   9.2301  16.8306
  0.5305   0.4873   9.1401  16.7907
  0.5860   0.4336   9.0505  16.7508
  0.5921   0.4272   8.9617  16.7109
  0.5856   0.4020   8.8734  16.6708
  0.5189   0.3034   8.7852  16.6305
  0.4756   0.2739   8.6982  16.5905
  0.5427   0.3439   8.6126  16.5509
  0.4432   0.2349   8.5261  16.5106
  0.4367   0.2256   8.4411  16.4708
  0.4449   0.2334   8.3567  16.4312
  0.4620   0.2432   8.2729  16.3916
  0.4639   0.2559   8.1895  16.3521
  0.4777   0.2670   8.1065  16.3126
  0.4896   0.2785   8.0238  16.2733
  0.5017   0.2898   7.9414  16.2342
  0.5295   0.2989   7.8592  16.1952
 -1.0058   0.7637   7.7714  16.1537
  0.1926  -0.0564   7.6989  16.1201
  0.4353   0.2125   7.6224  16.0863
  0.2052  -0.0441   7.5443  16.0491
  0.2331  -0.0250   7.4653  16.0151
  0.2877   0.0447   7.3859  15.9815
  0.2710   0.0065   7.3061  15.9501
  0.3249   0.0832   7.2251  15.9220
  0.2167  -0.0411   7.1427  15.9015
  0.2103  -0.0457   7.0522  15.8934
  0.0000   0.0000   0.0000   0.0000
  1.4182  -1.0459  10.4903  12.6272
  1.5033  -1.0499  12.4020  14.4623
  1.4727  -0.9431  12.5524  14.8826
  1.4330  -0.8375  12.7654  14.9410
  1.3935  -0.7429  12.6488  15.0862
  1.3554  -0.6586  12.7038  15.1495
  1.3185  -0.5838  12.7239  15.2259
  1.2828  -0.5175  12.7612  15.2955
  1.2480  -0.4588  12.8071  15.3613
  1.2142  -0.4068  12.9408  15.3912
  1.1812  -0.3608  13.0536  15.4302
  1.1488  -0.3202  13.1211  15.4883
  1.1168  -0.2846  13.0282  15.6115
  1.0854  -0.2531  12.9735  15.7187
  1.0549  -0.2252  13.2321  15.7008
  1.0244  -0.2007  13.2580  15.7764
  0.9940  -0.1794  13.0829  15.9313
  0.9642  -0.1606  13.1148  16.0042
  0.9346  -0.1440  13.1486  16.0763
  0.9052  -0.1296  13.1755  16.1513
  0.8762  -0.1168  13.4272  16.1399
  0.8470  -0.1058  13.4383  16.2217
  0.8180  -0.0962  13.4509  16.3028
  0.7890  -0.0878  13.4650  16.3835
  0.7601  -0.0806  13.4803  16.4636
  0.7312  -0.0743  13.4968  16.5433
  0.7024  -0.0689  13.5143  16.6227
  0.6735  -0.0642  13.5327  16.7017
  0.6447  -0.0603  13.5518  16.7804
  0.6158  -0.0569  13.5717  16.8588
  0.5868  -0.0541  13.5921  16.9371
  0.5579  -0.0517  13.6130  17.0151
  0.5289  -0.0497  13.6343  17.0930
  0.4998  -0.0481  13.6559  17.1708
  0.4707  -0.0467  13.6777  17.2484
  0.4415  -0.0457  13.6997  17.3259
  0.4122  -0.0449  13.7217  17.4034
  0.3829  -0.0443  13.7438  17.4808
  0.3535  -0.0438  13.7658  17.5581
  0.3240  -0.0435  13.7876  17.6354
  0.2945  -0.0434  13.8093  17.7126
  0.2649  -0.0433  13.8307  17.7898
  0.2352  -0.0433  13.8519  17.8670
  0.2055  -0.0434  13.8727  17.9442
  0.1757  -0.0436  13.8932  18.0213
  0.1458  -0.0438  13.9132  18.0983
  0.1158  -0.0440  13.9328  18.1753
  0.0858  -0.0442  13.9518  18.2523
  0.0558  -0.0444  13.9704  18.3292
  0.0256  -0.0446  13.9883  18.4061
 -0.0045  -0.0447  14.0057  18.4828
 -0.0348  -0.0449  14.0224  18.5595
 -0.0651  -0.0449  14.0385  18.6361
 -0.0954  -0.0450  14.0539  18.7126
 -0.1258  -0.0449  14.0686  18.7889
 -0.1563  -0.0448  14.0826  18.8651
 -0.1868  -0.0445  14.0959  18.9412
 -0.2173  -0.0442  14.1083  19.0170
 -0.2479  -0.0437  14.1200  19.0927
 -0.2785  -0.0431  14.1308  19.1681
 -0.3092  -0.0424  14.1409  19.2433
 -0.3399  -0.0414  14.1501  19.3183
 -0.3706  -0.0403  14.1584  19.3929
 -0.4014  -0.0390  14.1659  19.4673
 -0.4322  -0.0375  14.1725  19.5413
 -0.4631  -0.0357  14.1782  19.6149
 -0.4940  -0.0337  14.1829  19.6882
 -0.5250  -0.0314  14.1868  19.7610
 -0.5560  -0.0287  14.1897  19.8335
 -0.5871  -0.0257  14.1917  19.9054
 -0.6182  -0.0223  14.1926  19.9769
 -0.6494  -0.0184  14.1927  20.0478
 -0.6807  -0.0141  14.1917  20.1182
 -0.7120  -0.0093  14.1897  20.1879
 -0.7434  -0.0039  14.1868  20.2571
 -0.7749   0.0021  14.1828  20.3256
 -0.8064   0.0088  14.1777  20.3933
 -0.8381   0.0162  14.1717  20.4604
 -0.8699   0.0245  14.1645  20.5267
 -0.9017   0.0337  14.1563  20.5921
 -0.9337   0.0439  14.1470  20.6567
 -0.9657   0.0552  14.1365  20.7204
 -0.9979   0.0677  14.1250  20.7832
 -1.0301   0.0816  14.1123  20.8449
 -1.0625   0.0970  14.0984  20.9056
 -1.0949   0.1140  14.0834  20.9652
 -1.1275   0.1328  14.0671  21.0236
 -1.1601   0.1536  14.0496  21.0808
 -1.1927   0.1765  14.0308  21.1366
 -1.2254   0.2020  14.0107  21.1910
 -1.2581   0.2300  13.9893  21.2439
 -1.2908   0.2611  13.9664  21.2952
 -1.3233   0.2954  13.9420  21.3446
 -1.3557   0.3334  13.9160  21.3921
 -1.3879   0.3753  13.8883  21.4374
 -1.4195   0.4217  13.8587  21.4802
 -1.4501   0.4729  13.8269  21.5199
 -1.4789   0.5294  13.7923  21.5557
 -1.5019   0.5911  13.7541  21.5862
  0.4583   0.2391   4.5358   7.1706
  0.4507   0.2126   4.6475   7.3752
  0.4430   0.1886   4.7656   7.5804
  0.4352   0.1669   4.8724   7.7844
  0.4276   0.1457   3.8680   7.8457
  0.4201   0.1293   5.0702   8.1909
  0.4123   0.1130   5.1840   8.3956
  0.4045   0.0981   5.2848   8.5987
  0.3967   0.0846   5.3841   8.8016
  0.3890   0.0723   5.4820   9.0042
  0.3814   0.0612   5.5785   9.2065
  0.3738   0.0510   5.6736   9.4085
  0.3664   0.0418   5.7671   9.6103
  0.3591   0.0334   5.8593   9.8117
  0.3520   0.0256   5.9499  10.0127
  0.3449   0.0186   6.0392  10.2134
  0.3381   0.0121   6.1269  10.4137
  0.3313   0.0062   6.2133  10.6137
  0.3248   0.0008   6.2983  10.8132
  0.3183  -0.0043   6.3818  11.0122
  0.3121  -0.0089   6.4641  11.2109
  0.3060  -0.0131   6.5451  11.4090
  0.3001  -0.0171   6.6249  11.6067
  0.2943  -0.0207   6.7038  11.8040
  0.2888  -0.0240   6.7820  12.0009
  0.2834  -0.0271   6.8598  12.1973
  0.2782  -0.0299   6.9378  12.3936
  0.2732  -0.0326   6.9455  12.5761
  0.2684  -0.0350   7.0020  12.7673
  0.2638  -0.0373   7.0748  12.9613
  0.2595  -0.0393   7.2105  13.1673
  0.2553  -0.0413   7.2531  13.3545
  0.2513  -0.0431   7.3053  13.5431
  0.2475  -0.0449   7.3598  13.7316
  0.2439  -0.0465   7.4144  13.9196
  0.2406  -0.0480   7.4682  14.1068
  0.2375  -0.0495   7.5206  14.2931
  0.2345  -0.0509   7.5714  14.4785
  0.2318  -0.0522   7.6202  14.6628
  0.2293  -0.0535   7.6669  14.8459
  0.2270  -0.0547   7.7114  15.0279
  0.2249  -0.0559   7.7536  15.2085
  0.2231  -0.0570   7.8561  15.4026
  0.2214  -0.0582   7.8943  15.5809
  0.2200  -0.0593   7.9309  15.7581
  0.2188  -0.0605   7.9658  15.9340
  0.2177  -0.0616   7.9991  16.1086
  0.2170  -0.0628   8.0306  16.2818
  0.2164  -0.0639   8.0603  16.4536
  0.2160  -0.0652   8.0882  16.6240
  0.2158  -0.0664   8.1143  16.7929
  0.2159  -0.0677   8.1385  16.9602
  0.2162  -0.0691   8.1607  17.1259
  0.2167  -0.0706   8.1811  17.2900
  0.2174  -0.0722   8.1994  17.4525
  0.2183  -0.0739   8.2157  17.6132
  0.2194  -0.0758   8.2300  17.7721
  0.2208  -0.0779   8.2424  17.9289
  0.2223  -0.0803   8.2526  18.0839
  0.2241  -0.0829   8.2608  18.2368
  0.2260  -0.0858   8.2668  18.3876
  0.2281  -0.0892   8.0781  18.4812
  0.2305  -0.0929   8.0087  18.6053
  0.2331  -0.0969   8.2177  18.8116
  0.2358  -0.1017   8.0904  18.9161
  0.2388  -0.1070   7.9784  19.0227
  0.2419  -0.1130   7.9055  19.1392
  0.2453  -0.1198   7.9012  19.2752
  0.2489  -0.1274   7.8811  19.4050
  0.2528  -0.1361   7.9090  19.5483
  0.2568  -0.1459   7.8757  19.6730
  0.2611  -0.1571   7.8243  19.7877
  0.2657  -0.1696   8.1615  20.0244
  0.2704  -0.1840   8.1371  20.1459
  0.2754  -0.2005   8.1104  20.2651
  0.2804  -0.2193   8.0815  20.3828
  0.2856  -0.2407   8.0505  20.5002
  0.2904  -0.2652   8.0181  20.6189
  0.2934  -0.2953   5.7729  19.9745
  0.0000   0.0000   0.0000   0.0000
 -2.6402   0.1419   0.9959  -3.9256
 -2.5405   0.1068   0.8362  -3.0389
 -2.4416   0.0812   0.7011  -2.3521
 -2.3437   0.0629   0.5862  -1.8213
 -2.2469   0.0503   0.4878  -1.4117
 -2.1514   0.0419   0.4026  -1.0958
 -2.0573   0.0369   0.3281  -0.8524
 -1.9644   0.0344   0.2624  -0.6649
 -1.8730   0.0337   0.2038  -0.5205
 -1.7830   0.0344   0.1510  -0.4094
 -1.6943   0.0362   0.1032  -0.3238
 -1.6071   0.0387   0.0595  -0.2580
 -1.5212   0.0417   0.0194  -0.2073
 -1.4367   0.0451  -0.0176  -0.1683
 -1.3536   0.0486  -0.0519  -0.1383
 -1.2718   0.0523  -0.0835  -0.1152
 -1.1914   0.0561  -0.1129  -0.0973
 -1.1122   0.0598  -0.1401  -0.0835
 -1.0344   0.0635  -0.1652  -0.0727
 -0.9578   0.0671  -0.1883  -0.0643
 -0.8824   0.0707  -0.2096  -0.0576
 -0.8084   0.0741  -0.2290  -0.0523
 -0.7355   0.0773  -0.2465  -0.0479
 -0.6638   0.0805  -0.2623  -0.0442
 -0.5933   0.0835  -0.2763  -0.0410
 -0.5240   0.0864  -0.2885  -0.0381
 -0.4559   0.0892  -0.2989  -0.0355
 -0.3889   0.0919  -0.3077  -0.0330
 -0.3230   0.0944  -0.3146  -0.0306
 -0.2583   0.0968  -0.3198  -0.0281
 -0.1946   0.0991  -0.3232  -0.0257
 -0.1321   0.1013  -0.3249  -0.0232
 -0.0706   0.1034  -0.3248  -0.0206
 -0.0102   0.1053  -0.3229  -0.0180
  0.0491   0.1072  -0.3192  -0.0152
  0.1074   0.1090  -0.3137  -0.0124
  0.1646   0.1107  -0.3064  -0.0094
  0.2208   0.1123  -0.2972  -0.0064
  0.2760   0.1138  -0.2863  -0.0033
  0.3302   0.1152  -0.2735  -0.0001
  0.3833   0.1166  -0.2588   0.0032
  0.4355   0.1178  -0.2422   0.0066
  0.4866   0.1189  -0.2238   0.0100
  0.5368   0.1200  -0.2034   0.0135
  0.5860   0.1210  -0.1811   0.0170
  0.6342   0.1218  -0.1569   0.0206
  0.6814   0.1226  -0.1307   0.0243
  0.7277   0.1232  -0.1025   0.0280
  0.7731   0.1237  -0.0723   0.0318
  0.8174   0.1241  -0.0401   0.0357
  0.8609   0.1243  -0.0059   0.0396
  0.9034   0.1243   0.0304   0.0437
  0.9450   0.1241   0.0688   0.0479
  0.9857   0.1236   0.1094   0.0523
  1.0254   0.1228   0.1520   0.0569
  1.0643   0.1217   0.1969   0.0619
  1.1023   0.1201   0.2439   0.0673
  1.1393   0.1180   0.2932   0.0733
  1.1755   0.1152   0.3448   0.0800
  1.2109   0.1117   0.3986   0.0877
  1.2453   0.1071   0.4548   0.0966
  1.2789   0.1014   0.5133   0.1071
  1.3117   0.0941   0.5743   0.1197
  1.3437   0.0850   0.6377   0.1348
  1.3749   0.0736   0.7037   0.1533
  1.4053   0.0593   0.7722   0.1760
  1.4349   0.0413   0.8433   0.2041
  1.4639   0.0189   0.9172   0.2389
  1.4921  -0.0093   0.9938   0.2823
  1.5198  -0.0445   1.0733   0.3366
  1.5468  -0.0886   1.1558   0.4045
  1.5734  -0.1439   1.2413   0.4896
  1.5995  -0.2132   1.3301   0.5963
  1.6254  -0.3001   1.4224   0.7302
  1.6510  -0.4091   1.5182   0.8980
  1.6767  -0.5458   1.6178   1.1085
  1.7026  -0.7173   1.7214   1.3723
  1.7288  -0.9326   1.8294   1.7025
  1.7558  -1.2027   1.9418   2.1155
  0.0570  -0.0037  -0.0725  -0.0133
  0.0595  -0.0046  -0.0596  -0.0127
  0.0595  -0.0046  -0.0596  -0.0127
  0.0595  -0.0046  -0.0596  -0.0127
  0.0595  -0.0046  -0.0596  -0.0127
  0.0595  -0.0046  -0.0596  -0.0127
  0.0000   0.0000   0.0000   0.0000
 -6.5627  23.3325   0.9899  -0.4066
 -6.8366  23.2596   0.9360  -0.3616
 -7.1106  23.1842   0.8835  -0.3213
 -7.3847  23.1064   0.8321  -0.2852
 -7.6588  23.0262   0.7819  -0.2529
 -7.9328  22.9434   0.7329  -0.2240
 -8.2069  22.8583   0.6850  -0.1982
 -8.4808  22.7707   0.6382  -0.1752
 -8.7547  22.6806   0.5923  -0.1546
 -9.0285  22.5881   0.5475  -0.1363
 -9.3021  22.4931   0.5036  -0.1200
 -9.5755  22.3957   0.4606  -0.1055
 -9.8486  22.2959   0.4185  -0.0926
-10.1214  22.1936   0.3772  -0.0812
-10.3939  22.0889   0.3368  -0.0711
-10.6660  21.9818   0.2971  -0.0621
-10.9376  21.8723   0.2582  -0.0541
-11.2087  21.7605   0.2200  -0.0471
-11.4793  21.6462   0.1825  -0.0409
-11.7492  21.5297   0.1456  -0.0354
-12.0184  21.4108   0.1094  -0.0306
-12.2869  21.2895   0.0738  -0.0264
-12.5546  21.1660   0.0387  -0.0227
-12.8213  21.0403   0.0042  -0.0194
-13.0872  20.9123  -0.0298  -0.0166
-13.3520  20.7821  -0.0633  -0.0140
-13.6158  20.6497  -0.0964  -0.0118
-13.8784  20.5151  -0.1289  -0.0099
-14.1398  20.3785  -0.1611  -0.0082
-14.3999  20.2398  -0.1929  -0.0068
-14.6587  20.0990  -0.2243  -0.0055
-14.9161  19.9562  -0.2554  -0.0044
-15.1720  19.8115  -0.2862  -0.0034
-15.4263  19.6648  -0.3167  -0.0025
-15.6791  19.5162  -0.3469  -0.0018
-15.9301  19.3658  -0.3768  -0.0011
-16.1794  19.2136  -0.4066  -0.0005
-16.4269  19.0596  -0.4361  -0.0000
-16.6725  18.9039  -0.4654   0.0004
-16.9162  18.7465  -0.4946   0.0008
-17.1579  18.5875  -0.5237   0.0012
-17.3975  18.4269  -0.5526   0.0015
-17.6349  18.2647  -0.5814   0.0017
-17.8702  18.1010  -0.6102   0.0019
-18.1032  17.9358  -0.6389   0.0021
-18.3338  17.7692  -0.6676   0.0023
-18.5621  17.6012  -0.6963   0.0024
-18.7880  17.4318  -0.7249   0.0025
-19.0113  17.2611  -0.7536   0.0025
-19.2321  17.0891  -0.7823   0.0026
-19.4503  16.9159  -0.8111   0.0025
-19.6658  16.7414  -0.8399   0.0025
-19.8786  16.5657  -0.8689   0.0024
-20.0886  16.3888  -0.8979   0.0022
-20.2958  16.2108  -0.9271   0.0020
-20.5002  16.0316  -0.9564   0.0017
-20.7016  15.8513  -0.9859   0.0014
-20.9001  15.6699  -1.0155   0.0010
-21.0956  15.4874  -1.0453   0.0006
-21.2880  15.3037  -1.0753   0.0000
-21.4774  15.1190  -1.1055  -0.0006
-21.6636  14.9332  -1.1360  -0.0013
-21.8468  14.7462  -1.1667  -0.0021
-22.0267  14.5582  -1.1976  -0.0029
-22.2035  14.3689  -1.2288  -0.0039
-22.3770  14.1785  -1.2602  -0.0050
-22.5473  13.9870  -1.2920  -0.0063
-22.7143  13.7942  -1.3240  -0.0076
-22.8781  13.6001  -1.3563  -0.0091
-23.0386  13.4047  -1.3889  -0.0107
-23.1959  13.2079  -1.4219  -0.0125
-23.3498  13.0097  -1.4552  -0.0145
-23.5005  12.8101  -1.4888  -0.0166
-23.6480  12.6088  -1.5227  -0.0188
-23.7922  12.4060  -1.5570  -0.0213
-23.9332  12.2014  -1.5917  -0.0239
-24.0711  11.9949  -1.6267  -0.0268
-24.2057  11.7866  -1.6621  -0.0298
-24.3373  11.5762  -1.6978  -0.0330
  0.0000   0.0000   0.0000   0.0000
  0.4207  -4.9159  -4.8034   0.5270
  0.3081  -3.8654  -4.5871   0.4589
  0.2076  -3.0257  -4.3768   0.3948
  0.1197  -2.3622  -4.1721   0.3383
  0.0431  -1.8419  -3.9728   0.2902
 -0.0234  -1.4360  -3.7787   0.2503
 -0.0815  -1.1204  -3.5895   0.2175
 -0.1323  -0.8756  -3.4052   0.1907
 -0.1772  -0.6860  -3.2256   0.1688
 -0.2171  -0.5392  -3.0505   0.1509
 -0.2527  -0.4257  -2.8798   0.1361
 -0.2846  -0.3380  -2.7135   0.1239
 -0.3135  -0.2701  -2.5514   0.1137
 -0.3396  -0.2177  -2.3933   0.1051
 -0.3632  -0.1771  -2.2393   0.0978
 -0.3846  -0.1458  -2.0893   0.0915
 -0.4039  -0.1215  -1.9430   0.0860
 -0.4212  -0.1026  -1.8005   0.0812
 -0.4368  -0.0880  -1.6616   0.0769
 -0.4505  -0.0766  -1.5264   0.0732
 -0.4626  -0.0676  -1.3946   0.0698
 -0.4730  -0.0605  -1.2663   0.0669
 -0.4818  -0.0548  -1.1414   0.0643
 -0.4890  -0.0502  -1.0197   0.0621
 -0.4947  -0.0464  -0.9013   0.0601
 -0.4987  -0.0432  -0.7861   0.0585
 -0.5012  -0.0404  -0.6739   0.0572
 -0.5021  -0.0379  -0.5648   0.0562
 -0.5015  -0.0356  -0.4587   0.0554
 -0.4993  -0.0334  -0.3556   0.0550
 -0.4955  -0.0314  -0.2553   0.0548
 -0.4902  -0.0293  -0.1579   0.0550
 -0.4833  -0.0273  -0.0633   0.0554
 -0.4748  -0.0252   0.0286   0.0561
 -0.4647  -0.0232   0.1177   0.0571
 -0.4531  -0.0210   0.2041   0.0584
 -0.4398  -0.0189   0.2880   0.0599
 -0.4248  -0.0166   0.3692   0.0617
 -0.4083  -0.0143   0.4478   0.0638
 -0.3900  -0.0120   0.5239   0.0661
 -0.3701  -0.0096   0.5974   0.0686
 -0.3485  -0.0071   0.6685   0.0713
 -0.3253  -0.0046   0.7371   0.0742
 -0.3002  -0.0021   0.8032   0.0772
 -0.2735   0.0005   0.8669   0.0804
 -0.2450   0.0032   0.9281   0.0838
 -0.2147   0.0059   0.9870   0.0872
 -0.1826   0.0087   1.0435   0.0907
 -0.1487   0.0116   1.0976   0.0942
 -0.1130   0.0145   1.1493   0.0977
 -0.0754   0.0176   1.1987   0.1011
 -0.0359   0.0207   1.2457   0.1044
  0.0054   0.0241   1.2904   0.1075
  0.0488   0.0276   1.3327   0.1103
  0.0940   0.0314   1.3728   0.1126
  0.1413   0.0355   1.4105   0.1144
  0.1905   0.0401   1.4460   0.1155
  0.2418   0.0452   1.4791   0.1157
  0.2952   0.0511   1.5100   0.1148
  0.3506   0.0579   1.5387   0.1123
  0.4081   0.0658   1.5652   0.1079
  0.4678   0.0753   1.5896   0.1011
  0.5296   0.0867   1.6119   0.0913
  0.5936   0.1006   1.6322   0.0775
  0.6599   0.1177   1.6505   0.0588
  0.7283   0.1387   1.6672   0.0338
  0.7990   0.1647   1.6822   0.0007
  0.8720   0.1972   1.6960  -0.0427
  0.9473   0.2377   1.7087  -0.0991
  1.0249   0.2883   1.7208  -0.1723
  1.1049   0.3516   1.7328  -0.2671
  1.1873   0.4309   1.7455  -0.3894
  1.2721   0.5299   1.7597  -0.5471
  1.3593   0.6535   1.7766  -0.7506
  1.4491   0.8071   1.7977  -1.0129
  1.5413   0.9969   1.8250  -1.3516
  1.6360   1.2296   1.8610  -1.7894
  1.7333   1.5113   1.9087  -2.3563
  1.8330   1.8461   1.9722  -3.0919
  0.0606  -0.0079  -0.1537  -0.0292
  0.0705  -0.0078  -0.1278  -0.0324
  0.0705  -0.0078  -0.1278  -0.0323
  0.0705  -0.0078  -0.1278  -0.0324
  0.0705  -0.0078  -0.1278  -0.0324
  0.0000   0.0000   0.0000   0.0000
  0.4614   0.2348  14.3953  28.5503
  0.4702   0.2095  14.2668  28.5572
  0.4789   0.1851  14.1362  28.5620
  0.4873   0.1621  14.0036  28.5647
  0.4956   0.1406  13.8690  28.5655
  0.5037   0.1207  13.7324  28.5643
  0.5117   0.1026  13.5939  28.5612
  0.5195   0.0861  13.4535  28.5562
  0.5271   0.0711  13.3113  28.5495
  0.5347   0.0577  13.1672  28.5409
  0.5421   0.0456  13.0214  28.5306
  0.5493   0.0347  12.8738  28.5186
  0.5565   0.0251  12.7245  28.5050
  0.5636   0.0164  12.5735  28.4896
  0.5706   0.0087  12.4208  28.4727
  0.5775   0.0019  12.2666  28.4541
  0.5844  -0.0041  12.1108  28.4340
  0.5912  -0.0095  11.9535  28.4123
  0.5979  -0.0142  11.7947  28.3891
  0.6046  -0.0183  11.6344  28.3644
  0.6112  -0.0220  11.4728  28.3382
  0.6179  -0.0251  11.3099  28.3104
  0.6244  -0.0279  11.1456  28.2812
  0.6310  -0.0302  10.9802  28.2506
  0.6375  -0.0322  10.8135  28.2185
  0.6441  -0.0340  10.6457  28.1849
  0.6506  -0.0354  10.4768  28.1499
  0.6571  -0.0366  10.3069  28.1135
  0.6637  -0.0375  10.1360  28.0756
  0.6702  -0.0383   9.9642  28.0362
  0.6768  -0.0388   9.7915  27.9955
  0.6834  -0.0392   9.6181  27.9533
  0.6900  -0.0394   9.4439  27.9096
  0.6967  -0.0395   9.2690  27.8645
  0.7034  -0.0395   9.0936  27.8180
  0.7101  -0.0394   8.9176  27.7700
  0.7170  -0.0392   8.7411  27.7205
  0.7238  -0.0389   8.5642  27.6695
  0.7307  -0.0385   8.3870  27.6170
  0.7377  -0.0381   8.2095  27.5630
  0.7448  -0.0376   8.0317  27.5074
  0.7520  -0.0370   7.8538  27.4504
  0.7592  -0.0365   7.6758  27.3917
  0.7665  -0.0359   7.4978  27.3315
  0.7739  -0.0353   7.3198  27.2697
  0.7815  -0.0346   7.1418  27.2062
  0.7891  -0.0340   6.9641  27.1411
  0.7968  -0.0334   6.7865  27.0744
  0.8047  -0.0327   6.6092  27.0060
  0.8127  -0.0321   6.4322  26.9360
  0.8208  -0.0316   6.2557  26.8642
  0.8290  -0.0310   6.0796  26.7907
  0.8374  -0.0305   5.9040  26.7155
  0.8459  -0.0301   5.7290  26.6385
  0.8545  -0.0297   5.5546  26.5598
  0.8633  -0.0294   5.3810  26.4793
  0.8722  -0.0292   5.2081  26.3971
  0.8812  -0.0291   5.0360  26.3131
  0.8905  -0.0292   4.8648  26.2273
  0.8998  -0.0293   4.6946  26.1397
  0.9093  -0.0296   4.5253  26.0504
  0.9190  -0.0301   4.3571  25.9592
  0.9288  -0.0309   4.1900  25.8662
  0.9388  -0.0318   4.0241  25.7715
  0.9489  -0.0331   3.8594  25.6749
  0.9592  -0.0346   3.6959  25.5766
  0.9696  -0.0365   3.5337  25.4764
  0.9802  -0.0389   3.3729  25.3744
  0.9909  -0.0418   3.2133  25.2706
  1.0018  -0.0452   3.0552  25.1650
  1.0129  -0.0493   2.8985  25.0576
  1.0241  -0.0542   2.7431  24.9483
  1.0355  -0.0601   2.5892  24.8372
  1.0469  -0.0670   2.4368  24.7243
  1.0585  -0.0751   2.2857  24.6095
  1.0700  -0.0848   2.1361  24.4928
  1.0814  -0.0964   1.9879  24.3742
  1.0921  -0.1103   1.8410  24.2538
  1.1004  -0.1277   1.6954  24.1315
  0.0000   0.0000   0.0000   0.0000
 -1.7106   0.6746  -2.9845  -2.6209
 -1.6388   0.5275  -2.9361  -2.1376
 -1.5680   0.4144  -2.8786  -1.7176
 -1.4983   0.3254  -2.8135  -1.3750
 -1.4296   0.2562  -2.7423  -1.1000
 -1.3618   0.2027  -2.6664  -0.8817
 -1.2949   0.1615  -2.5872  -0.7099
 -1.2289   0.1299  -2.5055  -0.5753
 -1.1638   0.1057  -2.4223  -0.4701
 -1.0997   0.0872  -2.3381  -0.3880
 -1.0367   0.0731  -2.2535  -0.3238
 -0.9749   0.0622  -2.1687  -0.2736
 -0.9143   0.0539  -2.0841  -0.2341
 -0.8551   0.0474  -1.9998  -0.2029
 -0.7972   0.0424  -1.9160  -0.1780
 -0.7408   0.0385  -1.8328  -0.1579
 -0.6859   0.0354  -1.7502  -0.1415
 -0.6326   0.0330  -1.6683  -0.1279
 -0.5809   0.0310  -1.5871  -0.1164
 -0.5307   0.0294  -1.5067  -0.1064
 -0.4821   0.0281  -1.4270  -0.0977
 -0.4350   0.0270  -1.3481  -0.0899
 -0.3895   0.0261  -1.2700  -0.0828
 -0.3455   0.0253  -1.1927  -0.0763
 -0.3029   0.0247  -1.1162  -0.0701
 -0.2616   0.0242  -1.0405  -0.0643
 -0.2217   0.0237  -0.9656  -0.0588
 -0.1829   0.0234  -0.8915  -0.0535
 -0.1453   0.0231  -0.8181  -0.0485
 -0.1088   0.0229  -0.7456  -0.0436
 -0.0732   0.0228  -0.6738  -0.0389
 -0.0385   0.0227  -0.6028  -0.0344
 -0.0046   0.0226  -0.5325  -0.0301
  0.0287   0.0227  -0.4629  -0.0259
  0.0613   0.0227  -0.3939  -0.0220
  0.0933   0.0228  -0.3256  -0.0182
  0.1249   0.0230  -0.2579  -0.0146
  0.1562   0.0232  -0.1907  -0.0111
  0.1871   0.0234  -0.1240  -0.0078
  0.2179   0.0236  -0.0577  -0.0047
  0.2484   0.0239   0.0083  -0.0018
  0.2789   0.0243   0.0739   0.0011
  0.3093   0.0246   0.1394   0.0038
  0.3398   0.0250   0.2047   0.0063
  0.3703   0.0254   0.2699   0.0088
  0.4009   0.0259   0.3352   0.0111
  0.4317   0.0263   0.4006   0.0134
  0.4626   0.0268   0.4662   0.0156
  0.4938   0.0273   0.5322   0.0177
  0.5252   0.0279   0.5985   0.0198
  0.5568   0.0284   0.6652   0.0219
  0.5887   0.0289   0.7326   0.0239
  0.6208   0.0294   0.8007   0.0259
  0.6532   0.0299   0.8696   0.0280
  0.6858   0.0303   0.9394   0.0300
  0.7186   0.0306   1.0102   0.0322
  0.7516   0.0308   1.0821   0.0345
  0.7848   0.0309   1.1552   0.0369
  0.8181   0.0307   1.2297   0.0396
  0.8515   0.0302   1.3057   0.0425
  0.8848   0.0294   1.3832   0.0459
  0.9179   0.0280   1.4624   0.0499
  0.9509   0.0259   1.5434   0.0546
  0.9835   0.0230   1.6263   0.0603
  1.0156   0.0188   1.7112   0.0673
  1.0470   0.0131   1.7983   0.0761
  1.0776   0.0053   1.8876   0.0872
  1.1070  -0.0051   1.9792   0.1014
  1.1351  -0.0191   2.0731   0.1197
  1.1617  -0.0376   2.1696   0.1433
  1.1865  -0.0620   2.2685   0.1738
  1.2095  -0.0941   2.3700   0.2135
  1.2306  -0.1361   2.4740   0.2650
  1.2498  -0.1909   2.5806   0.3317
  1.2676  -0.2618   2.6897   0.4181
  1.2841  -0.3530   2.8013   0.5293
  0.0000   0.0000   0.0000   0.0000
 -5.7882  23.5030   1.4449  -0.0351
 -6.0802  23.4381   1.3866  -0.0285
 -6.3724  23.3697   1.3294  -0.0227
 -6.6649  23.2980   1.2732  -0.0179
 -6.9575  23.2230   1.2179  -0.0138
 -7.2503  23.1446   1.1636  -0.0105
 -7.5432  23.0630   1.1101  -0.0077
 -7.8361  22.9780   1.0575  -0.0055
 -8.1291  22.8898   1.0057  -0.0037
 -8.4220  22.7984   0.9547  -0.0024
 -8.7148  22.7037   0.9045  -0.0014
 -9.0074  22.6059   0.8550  -0.0008
 -9.2998  22.5049   0.8062  -0.0004
 -9.5919  22.4008   0.7580  -0.0003
 -9.8837  22.2935   0.7106  -0.0004
-10.1750  22.1832   0.6637  -0.0007
-10.4659  22.0699   0.6174  -0.0012
-10.7563  21.9535   0.5717  -0.0018
-11.0460  21.8342   0.5266  -0.0026
-11.3350  21.7120   0.4820  -0.0035
-11.6233  21.5869   0.4379  -0.0044
-11.9107  21.4590   0.3943  -0.0055
-12.1972  21.3282   0.3511  -0.0066
-12.4828  21.1948   0.3084  -0.0077
-12.7673  21.0586   0.2661  -0.0089
-13.0507  20.9198   0.2242  -0.0101
-13.3329  20.7784   0.1827  -0.0114
-13.6138  20.6345   0.1416  -0.0126
-13.8934  20.4881   0.1008  -0.0139
-14.1716  20.3394   0.0604  -0.0152
-14.4484  20.1882   0.0202  -0.0164
-14.7236  20.0348  -0.0197  -0.0177
-14.9972  19.8791  -0.0593  -0.0189
-15.2691  19.7213  -0.0986  -0.0201
-15.5393  19.5614  -0.1377  -0.0213
-15.8077  19.3995  -0.1766  -0.0225
-16.0742  19.2356  -0.2153  -0.0236
-16.3388  19.0697  -0.2538  -0.0247
-16.6015  18.9021  -0.2922  -0.0258
-16.8621  18.7327  -0.3304  -0.0268
-17.1207  18.5615  -0.3685  -0.0278
-17.3771  18.3888  -0.4064  -0.0288
-17.6313  18.2144  -0.4443  -0.0297
-17.8833  18.0385  -0.4821  -0.0306
-18.1330  17.8612  -0.5198  -0.0314
-18.3804  17.6825  -0.5574  -0.0322
-18.6254  17.5025  -0.5950  -0.0330
-18.8680  17.3211  -0.6326  -0.0337
-19.1081  17.1386  -0.6702  -0.0343
-19.3458  16.9549  -0.7078  -0.0349
-19.5809  16.7701  -0.7454  -0.0354
-19.8134  16.5842  -0.7831  -0.0358
-20.0434  16.3973  -0.8208  -0.0362
-20.2707  16.2094  -0.8585  -0.0364
-20.4953  16.0207  -0.8963  -0.0366
-20.7172  15.8310  -0.9342  -0.0367
-20.9364  15.6405  -0.9722  -0.0366
-21.1529  15.4491  -1.0103  -0.0364
-21.3665  15.2570  -1.0485  -0.0361
-21.5773  15.0641  -1.0868  -0.0356
-21.7853  14.8705  -1.1253  -0.0349
-21.9904  14.6762  -1.1639  -0.0340
-22.1926  14.4812  -1.2027  -0.0329
-22.3919  14.2856  -1.2416  -0.0315
-22.5883  14.0892  -1.2807  -0.0298
-22.7817  13.8922  -1.3200  -0.0277
-22.9722  13.6946  -1.3594  -0.0253
-23.1597  13.4963  -1.3991  -0.0224
-23.3441  13.2974  -1.4389  -0.0191
-23.5255  13.0978  -1.4789  -0.0151
-23.7039  12.8975  -1.5191  -0.0106
-23.8793  12.6965  -1.5596  -0.0054
-24.0516  12.4948  -1.6002   0.0006
-24.2208  12.2924  -1.6411   0.0074
-24.3870  12.0892  -1.6821   0.0152
-24.5501  11.8852  -1.7234   0.0239
-24.7100  11.6803  -1.7649   0.0337
-24.8669  11.4746  -1.8065   0.0444
-25.0208  11.2680  -1.8484   0.0555
  0.0000   0.0000   0.0000   0.0000
 -0.4131  -4.3946  -4.8891   0.7292
 -0.4713  -3.4876  -4.6729   0.5931
 -0.5220  -2.7629  -4.4625   0.4862
 -0.5648  -2.1874  -4.2578   0.4010
 -0.6003  -1.7325  -4.0588   0.3327
 -0.6291  -1.3738  -3.8654   0.2775
 -0.6523  -1.0914  -3.6773   0.2327
 -0.6705  -0.8694  -3.4944   0.1961
 -0.6847  -0.6950  -3.3166   0.1662
 -0.6954  -0.5579  -3.1437   0.1416
 -0.7031  -0.4501  -2.9756   0.1213
 -0.7083  -0.3654  -2.8121   0.1044
 -0.7113  -0.2986  -2.6531   0.0902
 -0.7124  -0.2459  -2.4985   0.0782
 -0.7118  -0.2043  -2.3480   0.0680
 -0.7096  -0.1713  -2.2015   0.0594
 -0.7061  -0.1450  -2.0590   0.0519
 -0.7013  -0.1241  -1.9202   0.0455
 -0.6953  -0.1072  -1.7851   0.0399
 -0.6882  -0.0937  -1.6536   0.0351
 -0.6799  -0.0826  -1.5254   0.0309
 -0.6706  -0.0736  -1.4006   0.0272
 -0.6603  -0.0660  -1.2789   0.0241
 -0.6489  -0.0597  -1.1604   0.0215
 -0.6366  -0.0544  -1.0448   0.0192
 -0.6233  -0.0497  -0.9321   0.0174
 -0.6090  -0.0457  -0.8221   0.0160
 -0.5937  -0.0420  -0.7149   0.0149
 -0.5775  -0.0388  -0.6103   0.0142
 -0.5602  -0.0358  -0.5082   0.0138
 -0.5420  -0.0330  -0.4085   0.0138
 -0.5228  -0.0303  -0.3112   0.0142
 -0.5027  -0.0279  -0.2161   0.0148
 -0.4815  -0.0255  -0.1233   0.0158
 -0.4593  -0.0231  -0.0326   0.0172
 -0.4361  -0.0209   0.0560   0.0189
 -0.4118  -0.0187   0.1426   0.0208
 -0.3865  -0.0165   0.2273   0.0231
 -0.3601  -0.0143   0.3101   0.0257
 -0.3327  -0.0122   0.3911   0.0286
 -0.3042  -0.0101   0.4703   0.0318
 -0.2745  -0.0081   0.5477   0.0353
 -0.2437  -0.0060   0.6236   0.0390
 -0.2118  -0.0039   0.6978   0.0430
 -0.1787  -0.0019   0.7704   0.0472
 -0.1444   0.0002   0.8415   0.0516
 -0.1089   0.0022   0.9112   0.0562
 -0.0722   0.0043   0.9794   0.0609
 -0.0342   0.0065   1.0462   0.0658
  0.0050   0.0086   1.1117   0.0708
  0.0456   0.0109   1.1759   0.0758
  0.0875   0.0133   1.2387   0.0808
  0.1308   0.0158   1.3004   0.0858
  0.1754   0.0185   1.3608   0.0905
  0.2215   0.0215   1.4201   0.0950
  0.2690   0.0248   1.4782   0.0991
  0.3180   0.0286   1.5353   0.1027
  0.3685   0.0329   1.5913   0.1055
  0.4205   0.0379   1.6463   0.1074
  0.4740   0.0438   1.7003   0.1080
  0.5292   0.0509   1.7535   0.1068
  0.5860   0.0595   1.8058   0.1036
  0.6444   0.0698   1.8573   0.0975
  0.7044   0.0825   1.9082   0.0879
  0.7662   0.0981   1.9585   0.0737
  0.8296   0.1174   2.0085   0.0537
  0.8947   0.1413   2.0581   0.0263
  0.9616   0.1709   2.1078  -0.0106
  1.0302   0.2077   2.1577  -0.0596
  1.1005   0.2536   2.2082  -0.1240
  1.1725   0.3107   2.2599  -0.2081
  1.2461   0.3819   2.3134  -0.3175
  1.3214   0.4707   2.3695  -0.4590
  1.3983   0.5814   2.4294  -0.6418
  1.4767   0.7192   2.4946  -0.8775
  1.5564   0.8907   2.5671  -1.1816
  1.6374   1.1034   2.6494  -1.5746
  1.7194   1.3659   2.7451  -2.0852
  1.8022   1.6869   2.8590  -2.7563
  0.0378  -0.0052  -0.1070  -0.0176
  0.0462  -0.0050  -0.0879  -0.0209
  0.0462  -0.0050  -0.0879  -0.0208
  0.0462  -0.0050  -0.0879  -0.0208
  0.0462  -0.0050  -0.0879  -0.0208
  0.0462  -0.0050  -0.0879  -0.0208
  0.0000   0.0000   0.0000   0.0000
  1.1603   0.1853  13.5495  28.5199
  1.1442   0.1705  13.4546  28.4878
  1.1281   0.1560  13.3579  28.4544
  1.1122   0.1419  13.2595  28.4198
  1.0964   0.1283  13.1595  28.3840
  1.0808   0.1154  13.0578  28.3470
  1.0653   0.1031  12.9544  28.3090
  1.0500   0.0916  12.8494  28.2698
  1.0348   0.0809  12.7428  28.2295
  1.0199   0.0709  12.6347  28.1881
  1.0051   0.0616  12.5251  28.1457
  0.9905   0.0530  12.4139  28.1022
  0.9761   0.0452  12.3013  28.0578
  0.9619   0.0380  12.1872  28.0123
  0.9479   0.0314  12.0718  27.9658
  0.9341   0.0254  11.9550  27.9183
  0.9206   0.0199  11.8369  27.8699
  0.9072   0.0150  11.7175  27.8205
  0.8941   0.0105  11.5968  27.7702
  0.8812   0.0065  11.4750  27.7189
  0.8686   0.0029  11.3520  27.6667
  0.8562  -0.0004  11.2279  27.6135
  0.8440  -0.0033  11.1027  27.5595
  0.8321  -0.0058  10.9765  27.5045
  0.8204  -0.0081  10.8493  27.4486
  0.8090  -0.0102  10.7212  27.3919
  0.7978  -0.0120  10.5922  27.3342
  0.7868  -0.0135  10.4624  27.2756
  0.7761  -0.0149  10.3318  27.2162
  0.7657  -0.0161  10.2004  27.1558
  0.7555  -0.0171  10.0684  27.0946
  0.7456  -0.0180   9.9358  27.0325
  0.7360  -0.0188   9.8025  26.9695
  0.7266  -0.0194   9.6688  26.9056
  0.7175  -0.0200   9.5345  26.8409
  0.7086  -0.0205   9.3999  26.7752
  0.7000  -0.0209   9.2649  26.7087
  0.6917  -0.0212   9.1296  26.6412
  0.6837  -0.0215   8.9940  26.5729
  0.6760  -0.0218   8.8582  26.5037
  0.6685  -0.0220   8.7222  26.4335
  0.6613  -0.0222   8.5862  26.3625
  0.6544  -0.0224   8.4501  26.2905
  0.6477  -0.0226   8.3141  26.2176
  0.6414  -0.0228   8.1781  26.1438
  0.6353  -0.0230   8.0422  26.0691
  0.6295  -0.0233   7.9066  25.9935
  0.6241  -0.0236   7.7711  25.9168
  0.6189  -0.0240   7.6359  25.8393
  0.6140  -0.0245   7.5011  25.7608
  0.6094  -0.0250   7.3666  25.6813
  0.6051  -0.0256   7.2326  25.6008
  0.6011  -0.0264   7.0991  25.5194
  0.5974  -0.0273   6.9661  25.4370
  0.5940  -0.0284   6.8336  25.3536
  0.5909  -0.0296   6.7018  25.2692
  0.5881  -0.0311   6.5707  25.1838
  0.5857  -0.0328   6.4403  25.0974
  0.5835  -0.0347   6.3106  25.0099
  0.5817  -0.0370   6.1818  24.9214
  0.5802  -0.0396   6.0537  24.8319
  0.5790  -0.0426   5.9266  24.7414
  0.5782  -0.0460   5.8003  24.6498
  0.5777  -0.0499   5.6750  24.5571
  0.5776  -0.0544   5.5506  24.4634
  0.5778  -0.0595   5.4272  24.3686
  0.5783  -0.0653   5.3049  24.2728
  0.5793  -0.0720   5.1835  24.1758
  0.5806  -0.0795   5.0633  24.0778
  0.5823  -0.0881   4.9441  23.9786
  0.5844  -0.0979   4.8260  23.8784
  0.5869  -0.1090   4.7090  23.7771
  0.5898  -0.1215   4.5932  23.6746
  0.5931  -0.1358   4.4785  23.5710
  0.5969  -0.1520   4.3649  23.4663
  0.6012  -0.1702   4.2524  23.3605
  0.6060  -0.1907   4.1411  23.2535
  0.6112  -0.2138   4.0309  23.1453
  0.6170  -0.2398   3.9218  23.0360
  0.0000   0.0000   0.0000   0.0000
  0.3602   0.8722  -2.2307  -2.2678
  0.3073   0.7004  -2.1941  -1.8386
  0.2556   0.5628  -2.1546  -1.4933
  0.2051   0.4524  -2.1126  -1.2155
  0.1560   0.3637  -2.0684  -0.9918
  0.1081   0.2922  -2.0225  -0.8116
  0.0617   0.2345  -1.9751  -0.6662
  0.0166   0.1877  -1.9265  -0.5488
 -0.0271   0.1497  -1.8770  -0.4537
 -0.0694   0.1186  -1.8268  -0.3767
 -0.1104   0.0931  -1.7761  -0.3141
 -0.1499   0.0721  -1.7250  -0.2630
 -0.1881   0.0546  -1.6736  -0.2212
 -0.2248   0.0399  -1.6221  -0.1868
 -0.2602   0.0274  -1.5704  -0.1584
 -0.2941   0.0168  -1.5187  -0.1348
 -0.3266   0.0076  -1.4669  -0.1150
 -0.3578  -0.0004  -1.4152  -0.0984
 -0.3875  -0.0076  -1.3634  -0.0842
 -0.4157  -0.0140  -1.3117  -0.0720
 -0.4425  -0.0198  -1.2600  -0.0614
 -0.4678  -0.0251  -1.2084  -0.0522
 -0.4917  -0.0301  -1.1568  -0.0440
 -0.5140  -0.0347  -1.1052  -0.0367
 -0.5348  -0.0391  -1.0535  -0.0301
 -0.5541  -0.0433  -1.0019  -0.0241
 -0.5717  -0.0473  -0.9502  -0.0186
 -0.5878  -0.0511  -0.8985  -0.0135
 -0.6022  -0.0548  -0.8467  -0.0088
 -0.6150  -0.0584  -0.7948  -0.0043
 -0.6261  -0.0618  -0.7428  -0.0001
 -0.6354  -0.0652  -0.6906   0.0039
 -0.6429  -0.0684  -0.6382   0.0076
 -0.6486  -0.0716  -0.5856   0.0113
 -0.6524  -0.0747  -0.5328   0.0147
 -0.6542  -0.0776  -0.4798   0.0180
 -0.6541  -0.0805  -0.4264   0.0212
 -0.6518  -0.0833  -0.3728   0.0243
 -0.6475  -0.0860  -0.3187   0.0273
 -0.6409  -0.0885  -0.2643   0.0302
 -0.6321  -0.0910  -0.2095   0.0330
 -0.6209  -0.0933  -0.1542   0.0357
 -0.6073  -0.0956  -0.0985   0.0383
 -0.5911  -0.0976  -0.0422   0.0408
 -0.5723  -0.0996   0.0147   0.0433
 -0.5507  -0.1014   0.0721   0.0457
 -0.5263  -0.1031   0.1301   0.0481
 -0.4988  -0.1046   0.1888   0.0504
 -0.4683  -0.1059   0.2483   0.0527
 -0.4345  -0.1071   0.3084   0.0549
 -0.3973  -0.1081   0.3694   0.0571
 -0.3566  -0.1088   0.4312   0.0593
 -0.3121  -0.1094   0.4938   0.0615
 -0.2637  -0.1098   0.5574   0.0638
 -0.2112  -0.1100   0.6219   0.0660
 -0.1544  -0.1100   0.6874   0.0684
 -0.0930  -0.1097   0.7540   0.0708
 -0.0268  -0.1092   0.8217   0.0734
  0.0444  -0.1084   0.8905   0.0762
  0.1210  -0.1073   0.9605   0.0793
  0.2033  -0.1060   1.0317   0.0827
  0.2916  -0.1043   1.1043   0.0866
  0.3864  -0.1023   1.1782   0.0911
  0.4879  -0.0998   1.2535   0.0963
  0.5968  -0.0968   1.3302   0.1025
  0.7134  -0.0932   1.4085   0.1098
  0.8384  -0.0887   1.4883   0.1186
  0.9724  -0.0832   1.5697   0.1291
  1.1161  -0.0762   1.6529   0.1419
  1.2703  -0.0673   1.7378   0.1573
  1.4359  -0.0558   1.8244   0.1760
  1.6139  -0.0406   1.9130   0.1986
  1.8055  -0.0206   2.0035   0.2258
  2.0121   0.0063   2.0961   0.2587
  2.2354   0.0423   2.1908   0.2983
  2.4784   0.0908   2.2876   0.3457
  2.7456   0.1561   2.3867   0.4025
  3.0446   0.2443   2.4880   0.4701
  3.3887   0.3646   2.5915   0.5506
  0.0674  -0.0050  -0.0809  -0.0168
  0.0665  -0.0051  -0.0803  -0.0167
  0.0665  -0.0051  -0.0803  -0.0167
  0.0665  -0.0051  -0.0803  -0.0167
  0.0665  -0.0051  -0.0803  -0.0167
  0.0665  -0.0051  -0.0803  -0.0167
  0.0000   0.0000   0.0000   0.0000
-12.6702  26.0180   1.1266  -0.4234
-12.8932  25.8942   1.0783  -0.3821
-13.1165  25.7662   1.0305  -0.3449
-13.3401  25.6343   0.9831  -0.3115
-13.5637  25.4984   0.9363  -0.2815
-13.7873  25.3586   0.8899  -0.2545
-14.0109  25.2150   0.8441  -0.2303
-14.2343  25.0675   0.7987  -0.2085
-14.4574  24.9164   0.7539  -0.1890
-14.6802  24.7617   0.7095  -0.1714
-14.9025  24.6034   0.6656  -0.1557
-15.1242  24.4417   0.6221  -0.1416
-15.3452  24.2766   0.5792  -0.1290
-15.5654  24.1082   0.5367  -0.1177
-15.7847  23.9367   0.4946  -0.1075
-16.0029  23.7621   0.4531  -0.0984
-16.2200  23.5846   0.4119  -0.0903
-16.4359  23.4043   0.3712  -0.0830
-16.6504  23.2213   0.3310  -0.0764
-16.8634  23.0357   0.2912  -0.0705
-17.0748  22.8476   0.2518  -0.0653
-17.2846  22.6571   0.2128  -0.0605
-17.4926  22.4645   0.1742  -0.0562
-17.6987  22.2697   0.1361  -0.0524
-17.9029  22.0730   0.0983  -0.0489
-18.1050  21.8743   0.0609  -0.0458
-18.3050  21.6740   0.0240  -0.0430
-18.5027  21.4720  -0.0127  -0.0404
-18.6981  21.2685  -0.0489  -0.0380
-18.8912  21.0636  -0.0848  -0.0359
-19.0818  20.8575  -0.1204  -0.0339
-19.2698  20.6502  -0.1556  -0.0321
-19.4553  20.4418  -0.1904  -0.0304
-19.6382  20.2325  -0.2250  -0.0289
-19.8184  20.0223  -0.2593  -0.0274
-19.9958  19.8114  -0.2932  -0.0261
-20.1704  19.5998  -0.3269  -0.0248
-20.3422  19.3877  -0.3603  -0.0236
-20.5111  19.1750  -0.3935  -0.0225
-20.6771  18.9620  -0.4264  -0.0215
-20.8402  18.7487  -0.4590  -0.0205
-21.0003  18.5351  -0.4914  -0.0195
-21.1574  18.3213  -0.5236  -0.0186
-21.3115  18.1074  -0.5556  -0.0178
-21.4627  17.8934  -0.5874  -0.0170
-21.6108  17.6794  -0.6191  -0.0162
-21.7558  17.4655  -0.6505  -0.0155
-21.8978  17.2517  -0.6818  -0.0148
-22.0368  17.0380  -0.7129  -0.0142
-22.1728  16.8244  -0.7439  -0.0137
-22.3057  16.6110  -0.7748  -0.0132
-22.4356  16.3978  -0.8056  -0.0127
-22.5625  16.1849  -0.8362  -0.0123
-22.6864  15.9722  -0.8668  -0.0120
-22.8073  15.7597  -0.8973  -0.0117
-22.9253  15.5475  -0.9277  -0.0116
-23.0403  15.3356  -0.9580  -0.0115
-23.1524  15.1239  -0.9883  -0.0115
-23.2617  14.9124  -1.0186  -0.0115
-23.3681  14.7011  -1.0488  -0.0117
-23.4717  14.4901  -1.0789  -0.0120
-23.5725  14.2792  -1.1091  -0.0125
-23.6706  14.0684  -1.1392  -0.0130
-23.7659  13.8577  -1.1694  -0.0137
-23.8586  13.6471  -1.1995  -0.0146
-23.9487  13.4365  -1.2297  -0.0156
-24.0362  13.2259  -1.2598  -0.0168
-24.1212  13.0152  -1.2900  -0.0182
-24.2037  12.8043  -1.3202  -0.0198
-24.2837  12.5933  -1.3505  -0.0216
-24.3614  12.3820  -1.3808  -0.0236
-24.4367  12.1703  -1.4111  -0.0259
-24.5097  11.9582  -1.4415  -0.0285
-24.5805  11.7456  -1.4719  -0.0313
-24.6491  11.5324  -1.5024  -0.0345
-24.7156  11.3186  -1.5329  -0.0380
-24.7801  11.1040  -1.5635  -0.0418
-24.8425  10.8885  -1.5941  -0.0461
-24.9031  10.6721  -1.6248  -0.0507
  0.0000   0.0000   0.0000   0.0000
 13.4102  10.0990  -3.2446   0.1976
 10.9173   1.6618  -3.1159   0.1832
  9.3232  -1.6222  -2.9784   0.1720
  8.2094  -2.1500  -2.8391   0.1635
  7.2223  -2.2626  -2.7035   0.1564
  6.2846  -2.2265  -2.5716   0.1504
  5.3833  -2.1376  -2.4435   0.1454
  4.5134  -2.0367  -2.3191   0.1410
  3.6721  -1.9446  -2.1982   0.1371
  2.8580  -1.8713  -2.0809   0.1336
  2.0700  -1.8208  -1.9668   0.1303
  1.3073  -1.7935  -1.8559   0.1273
  0.5694  -1.7873  -1.7482   0.1245
 -0.1438  -1.7993  -1.6434   0.1217
 -0.8326  -1.8254  -1.5416   0.1191
 -1.4966  -1.8610  -1.4427   0.1166
 -2.1352  -1.9009  -1.3467   0.1142
 -2.7473  -1.9388  -1.2534   0.1120
 -3.3315  -1.9674  -1.1629   0.1098
 -3.8850  -1.9775  -1.0751   0.1079
 -4.4040  -1.9577  -0.9901   0.1061
 -4.8823  -1.8937  -0.9076   0.1046
 -5.3097  -1.7698  -0.8278   0.1034
 -5.6706  -1.5711  -0.7506   0.1026
 -5.9431  -1.2957  -0.6758   0.1023
 -6.1088  -0.9731  -0.6035   0.1026
 -6.1722  -0.6596  -0.5338   0.1033
 -6.1569  -0.3935  -0.4666   0.1045
 -6.0867  -0.1836  -0.4017   0.1060
 -5.9783  -0.0237  -0.3390   0.1079
 -5.8426   0.0965  -0.2783   0.1100
 -5.6865   0.1866  -0.2194   0.1124
 -5.5147   0.2544  -0.1624   0.1150
 -5.3303   0.3057  -0.1070   0.1179
 -5.1355   0.3451  -0.0531   0.1210
 -4.9319   0.3757  -0.0008   0.1244
 -4.7208   0.4000   0.0502   0.1281
 -4.5030   0.4195   0.0998   0.1319
 -4.2793   0.4355   0.1482   0.1361
 -4.0502   0.4490   0.1953   0.1405
 -3.8163   0.4604   0.2414   0.1451
 -3.5779   0.4702   0.2864   0.1500
 -3.3353   0.4787   0.3303   0.1552
 -3.0888   0.4861   0.3734   0.1607
 -2.8386   0.4925   0.4155   0.1664
 -2.5849   0.4980   0.4568   0.1723
 -2.3279   0.5027   0.4973   0.1785
 -2.0678   0.5065   0.5371   0.1850
 -1.8046   0.5095   0.5763   0.1917
 -1.5385   0.5117   0.6148   0.1986
 -1.2695   0.5131   0.6528   0.2057
 -0.9978   0.5138   0.6902   0.2129
 -0.7233   0.5136   0.7272   0.2201
 -0.4462   0.5127   0.7639   0.2274
 -0.1665   0.5110   0.8001   0.2346
  0.1157   0.5085   0.8361   0.2415
  0.4005   0.5051   0.8720   0.2480
  0.6878   0.5008   0.9076   0.2539
  0.9776   0.4955   0.9433   0.2588
  1.2699   0.4890   0.9789   0.2625
  1.5648   0.4814   1.0148   0.2643
  1.8622   0.4723   1.0509   0.2637
  2.1621   0.4615   1.0875   0.2597
  2.4646   0.4487   1.1247   0.2515
  2.7697   0.4336   1.1628   0.2375
  3.0775   0.4157   1.2022   0.2161
  3.3879   0.3944   1.2433   0.1848
  3.7012   0.3691   1.2865   0.1408
  4.0173   0.3387   1.3325   0.0802
  4.3364   0.3024   1.3823  -0.0021
  4.6586   0.2587   1.4370  -0.1125
  4.9841   0.2061   1.4982  -0.2598
  5.3130   0.1427   1.5677  -0.4552
  5.6457   0.0662   1.6484  -0.7137
  5.9824  -0.0262   1.7438  -1.0557
  6.3236  -0.1379   1.8590  -1.5092
  6.6697  -0.2730   2.0011  -2.1137
  7.0215  -0.4362   2.1813  -2.9302
  7.3799  -0.6333   2.4204  -4.0679
  0.0000   0.0000   0.0000   0.0000
 -0.2171  -0.7287  14.9367  26.6683
 -0.1951  -0.6305  14.7513  26.6381
 -0.1734  -0.5421  14.5645  26.6069
 -0.1518  -0.4625  14.3763  26.5748
 -0.1304  -0.3908  14.1867  26.5417
 -0.1090  -0.3264  13.9959  26.5077
 -0.0876  -0.2684  13.8037  26.4727
 -0.0663  -0.2162  13.6103  26.4367
 -0.0449  -0.1693  13.4157  26.3998
 -0.0236  -0.1272  13.2198  26.3619
 -0.0022  -0.0893  13.0228  26.3230
  0.0192  -0.0553  12.8246  26.2832
  0.0407  -0.0248  12.6254  26.2423
  0.0621   0.0026  12.4251  26.2005
  0.0836   0.0272  12.2237  26.1576
  0.1052   0.0493  12.0214  26.1136
  0.1268   0.0691  11.8180  26.0687
  0.1484   0.0868  11.6138  26.0226
  0.1700   0.1027  11.4087  25.9755
  0.1917   0.1169  11.2028  25.9272
  0.2135   0.1297  10.9960  25.8778
  0.2352   0.1411  10.7885  25.8273
  0.2570   0.1513  10.5803  25.7756
  0.2788   0.1604  10.3714  25.7227
  0.3006   0.1686  10.1619  25.6685
  0.3224   0.1758   9.9518  25.6132
  0.3442   0.1823   9.7412  25.5565
  0.3661   0.1881   9.5302  25.4986
  0.3879   0.1932   9.3187  25.4393
  0.4098   0.1977   9.1068  25.3786
  0.4316   0.2018   8.8946  25.3166
  0.4535   0.2053   8.6822  25.2532
  0.4753   0.2083   8.4695  25.1883
  0.4972   0.2110   8.2567  25.1220
  0.5190   0.2133   8.0438  25.0542
  0.5408   0.2152   7.8309  24.9848
  0.5625   0.2167   7.6180  24.9139
  0.5843   0.2179   7.4052  24.8414
  0.6060   0.2188   7.1924  24.7674
  0.6276   0.2193   6.9799  24.6916
  0.6492   0.2195   6.7677  24.6143
  0.6708   0.2194   6.5557  24.5352
  0.6923   0.2188   6.3442  24.4544
  0.7138   0.2179   6.1330  24.3719
  0.7352   0.2166   5.9224  24.2876
  0.7565   0.2149   5.7123  24.2015
  0.7777   0.2126   5.5027  24.1136
  0.7989   0.2099   5.2939  24.0239
  0.8199   0.2066   5.0858  23.9323
  0.8409   0.2026   4.8784  23.8389
  0.8617   0.1979   4.6719  23.7436
  0.8825   0.1925   4.4663  23.6464
  0.9031   0.1862   4.2615  23.5472
  0.9237   0.1789   4.0578  23.4461
  0.9440   0.1705   3.8551  23.3431
  0.9643   0.1609   3.6534  23.2381
  0.9844   0.1500   3.4529  23.1312
  1.0044   0.1376   3.2535  23.0222
  1.0243   0.1235   3.0553  22.9113
  1.0439   0.1076   2.8583  22.7984
  1.0635   0.0896   2.6625  22.6834
  1.0829   0.0693   2.4681  22.5665
  1.1021   0.0465   2.2749  22.4476
  1.1213   0.0208   2.0831  22.3266
  1.1402  -0.0081   1.8926  22.2036
  1.1591  -0.0405   1.7035  22.0786
  1.1778  -0.0767   1.5158  21.9516
  1.1965  -0.1174   1.3295  21.8226
  1.2150  -0.1628   1.1446  21.6915
  1.2335  -0.2136   0.9611  21.5584
  1.2520  -0.2702   0.7789  21.4233
  1.2704  -0.3335   0.5982  21.2861
  1.2889  -0.4040   0.4189  21.1469
  1.3074  -0.4825   0.2409  21.0057
  1.3260  -0.5699   0.0643  20.8625
  1.3448  -0.6671  -0.1109  20.7172
  1.3637  -0.7751  -0.2849  20.5699
  1.3828  -0.8952  -0.4575  20.4205
  1.4022  -1.0285  -0.6290  20.2690
  0.0000   0.0000   0.0000   0.0000
 -2.7754  -1.2366  -0.2016  -7.4876
 -2.6472  -0.9205  -0.8514  -6.0025
 -2.5193  -0.6674  -1.3997  -4.7444
 -2.3922  -0.4646  -1.8463  -3.6713
 -2.2661  -0.3021  -2.1922  -2.7568
 -2.1414  -0.1719  -2.4424  -1.9875
 -2.0184  -0.0677  -2.6083  -1.3554
 -1.8973   0.0155  -2.7056  -0.8492
 -1.7783   0.0818  -2.7508  -0.4525
 -1.6616   0.1345  -2.7577  -0.1474
 -1.5472   0.1763  -2.7371   0.0838
 -1.4353   0.2093  -2.6967   0.2561
 -1.3260   0.2352  -2.6420   0.3819
 -1.2192   0.2554  -2.5770   0.4722
 -1.1151   0.2710  -2.5047   0.5347
 -1.0136   0.2829  -2.4271   0.5761
 -0.9148   0.2918  -2.3458   0.6017
 -0.8187   0.2984  -2.2619   0.6155
 -0.7252   0.3030  -2.1762   0.6208
 -0.6343   0.3061  -2.0892   0.6199
 -0.5460   0.3080  -2.0013   0.6147
 -0.4602   0.3089  -1.9129   0.6065
 -0.3770   0.3090  -1.8242   0.5963
 -0.2962   0.3085  -1.7352   0.5849
 -0.2179   0.3075  -1.6462   0.5727
 -0.1420   0.3062  -1.5572   0.5602
 -0.0685   0.3047  -1.4682   0.5477
  0.0026   0.3029  -1.3792   0.5353
  0.0714   0.3011  -1.2903   0.5231
  0.1379   0.2992  -1.2014   0.5113
  0.2022   0.2972  -1.1126   0.4999
  0.2641   0.2953  -1.0238   0.4890
  0.3238   0.2935  -0.9349   0.4786
  0.3813   0.2917  -0.8460   0.4687
  0.4366   0.2901  -0.7571   0.4593
  0.4898   0.2885  -0.6680   0.4504
  0.5407   0.2871  -0.5787   0.4420
  0.5895   0.2858  -0.4893   0.4340
  0.6362   0.2847  -0.3996   0.4265
  0.6807   0.2837  -0.3096   0.4194
  0.7231   0.2829  -0.2193   0.4128
  0.7633   0.2823  -0.1286   0.4066
  0.8015   0.2818  -0.0374   0.4008
  0.8376   0.2815   0.0542   0.3954
  0.8716   0.2813   0.1463   0.3903
  0.9035   0.2813   0.2390   0.3856
  0.9332   0.2813   0.3322   0.3813
  0.9609   0.2815   0.4262   0.3772
  0.9865   0.2817   0.5209   0.3734
  1.0100   0.2820   0.6163   0.3698
  1.0314   0.2822   0.7126   0.3664
  1.0507   0.2824   0.8097   0.3632
  1.0679   0.2824   0.9077   0.3601
  1.0830   0.2821   1.0067   0.3570
  1.0959   0.2815   1.1067   0.3538
  1.1067   0.2803   1.2077   0.3504
  1.1153   0.2784   1.3099   0.3467
  1.1218   0.2755   1.4132   0.3424
  1.1260   0.2713   1.5177   0.3375
  1.1281   0.2655   1.6235   0.3315
  1.1280   0.2575   1.7305   0.3242
  1.1257   0.2468   1.8388   0.3150
  1.1212   0.2325   1.9485   0.3036
  1.1144   0.2139   2.0595   0.2893
  1.1055   0.1896   2.1720   0.2712
  1.0943   0.1582   2.2858   0.2483
  1.0810   0.1178   2.4010   0.2194
  1.0656   0.0663   2.5177   0.1829
  1.0481   0.0006   2.6357   0.1371
  1.0287  -0.0827   2.7551   0.0794
  1.0075  -0.1882   2.8757   0.0070
  0.9846  -0.3214   2.9977  -0.0836
  0.9604  -0.4892   3.1207  -0.1969
  0.9351  -0.7004   3.2449  -0.3383
  0.9093  -0.9657   3.3699  -0.5144
  0.8834  -1.2984   3.4956  -0.7337
  0.8581  -1.7150   3.6216  -1.0061
  0.8340  -2.2361   3.7476  -1.3442
  0.0000   0.0000   0.0000   0.0000
 -3.1505  23.7868   1.1054  -1.3749
 -3.4739  23.7204   1.0500  -1.2012
 -3.7976  23.6510   0.9960  -1.0453
 -4.1218  23.5787   0.9433  -0.9054
 -4.4464  23.5034   0.8919  -0.7799
 -4.7713  23.4250   0.8418  -0.6675
 -5.0965  23.3435   0.7930  -0.5667
 -5.4220  23.2590   0.7454  -0.4765
 -5.7477  23.1713   0.6989  -0.3958
 -6.0736  23.0805   0.6536  -0.3236
 -6.3995  22.9866   0.6093  -0.2591
 -6.7255  22.8894   0.5660  -0.2016
 -7.0514  22.7890   0.5237  -0.1502
 -7.3772  22.6854   0.4823  -0.1045
 -7.7028  22.5786   0.4418  -0.0637
 -8.0281  22.4685   0.4020  -0.0275
 -8.3531  22.3552   0.3631   0.0047
 -8.6776  22.2386   0.3248   0.0333
 -9.0016  22.1188   0.2873   0.0586
 -9.3249  21.9958   0.2504   0.0810
 -9.6475  21.8694   0.2142   0.1008
 -9.9693  21.7399   0.1786   0.1183
-10.2902  21.6072   0.1435   0.1336
-10.6101  21.4712   0.1089   0.1472
-10.9288  21.3321   0.0749   0.1590
-11.2464  21.1899   0.0413   0.1694
-11.5626  21.0446   0.0082   0.1784
-11.8774  20.8962  -0.0245   0.1863
-12.1907  20.7448  -0.0568   0.1931
-12.5024  20.5904  -0.0887   0.1990
-12.8123  20.4331  -0.1202   0.2040
-13.1205  20.2729  -0.1515   0.2082
-13.4267  20.1100  -0.1824   0.2118
-13.7309  19.9443  -0.2130   0.2148
-14.0330  19.7759  -0.2433   0.2172
-14.3328  19.6049  -0.2734   0.2191
-14.6304  19.4313  -0.3033   0.2205
-14.9256  19.2553  -0.3330   0.2215
-15.2183  19.0769  -0.3624   0.2221
-15.5084  18.8961  -0.3918   0.2223
-15.7959  18.7131  -0.4209   0.2222
-16.0806  18.5280  -0.4500   0.2217
-16.3624  18.3408  -0.4789   0.2208
-16.6414  18.1516  -0.5078   0.2196
-16.9174  17.9605  -0.5366   0.2180
-17.1903  17.7676  -0.5654   0.2161
-17.4600  17.5730  -0.5941   0.2137
-17.7266  17.3767  -0.6229   0.2109
-17.9898  17.1788  -0.6516   0.2077
-18.2497  16.9795  -0.6804   0.2039
-18.5061  16.7787  -0.7093   0.1997
-18.7591  16.5767  -0.7382   0.1948
-19.0084  16.3733  -0.7672   0.1893
-19.2542  16.1689  -0.7963   0.1830
-19.4963  15.9633  -0.8256   0.1760
-19.7347  15.7568  -0.8550   0.1681
-19.9693  15.5493  -0.8846   0.1592
-20.2000  15.3409  -0.9144   0.1492
-20.4269  15.1317  -0.9445   0.1380
-20.6498  14.9218  -0.9747   0.1255
-20.8688  14.7112  -1.0053   0.1115
-21.0837  14.5000  -1.0361   0.0959
-21.2946  14.2881  -1.0672   0.0783
-21.5015  14.0758  -1.0986   0.0588
-21.7042  13.8630  -1.1304   0.0370
-21.9028  13.6497  -1.1625   0.0127
-22.0972  13.4361  -1.1951  -0.0145
-22.2874  13.2220  -1.2280  -0.0447
-22.4735  13.0076  -1.2614  -0.0784
-22.6553  12.7929  -1.2953  -0.1159
-22.8329  12.5779  -1.3297  -0.1577
-23.0064  12.3626  -1.3646  -0.2042
-23.1756  12.1469  -1.4001  -0.2559
-23.3405  11.9310  -1.4363  -0.3135
-23.5013  11.7148  -1.4731  -0.3775
-23.6580  11.4982  -1.5106  -0.4487
-23.8104  11.2814  -1.5489  -0.5279
-23.9588  11.0641  -1.5880  -0.6159
-24.1030  10.8465  -1.6280  -0.7137
  0.0000   0.0000   0.0000   0.0000
 -0.9712  -5.3137  -4.8312  -1.0700
 -1.0133  -4.1941  -4.6174  -0.7762
 -1.0445  -3.2970  -4.4125  -0.5405
 -1.0653  -2.5815  -4.2149  -0.3515
 -1.0767  -2.0129  -4.0236  -0.2001
 -1.0803  -1.5623  -3.8380  -0.0790
 -1.0772  -1.2061  -3.6573   0.0177
 -1.0690  -0.9250  -3.4812   0.0946
 -1.0565  -0.7035  -3.3092   0.1556
 -1.0408  -0.5294  -3.1411   0.2037
 -1.0226  -0.3926  -2.9766   0.2415
 -1.0025  -0.2855  -2.8157   0.2709
 -0.9810  -0.2016  -2.6580   0.2935
 -0.9584  -0.1362  -2.5036   0.3107
 -0.9350  -0.0852  -2.3523   0.3235
 -0.9110  -0.0456  -2.2040   0.3328
 -0.8865  -0.0150  -2.0586   0.3393
 -0.8618   0.0086  -1.9160   0.3435
 -0.8368   0.0266  -1.7762   0.3460
 -0.8116   0.0404  -1.6391   0.3470
 -0.7862   0.0508  -1.5047   0.3470
 -0.7607   0.0586  -1.3729   0.3462
 -0.7350   0.0643  -1.2436   0.3447
 -0.7092   0.0686  -1.1168   0.3428
 -0.6832   0.0716  -0.9925   0.3406
 -0.6571   0.0737  -0.8707   0.3382
 -0.6307   0.0751  -0.7512   0.3357
 -0.6041   0.0760  -0.6341   0.3332
 -0.5773   0.0766  -0.5193   0.3307
 -0.5502   0.0768  -0.4069   0.3283
 -0.5229   0.0769  -0.2968   0.3260
 -0.4952   0.0769  -0.1890   0.3239
 -0.4671   0.0768  -0.0835   0.3220
 -0.4387   0.0767   0.0197   0.3204
 -0.4099   0.0766   0.1206   0.3189
 -0.3807   0.0764   0.2191   0.3176
 -0.3511   0.0763   0.3154   0.3166
 -0.3210   0.0763   0.4092   0.3159
 -0.2904   0.0763   0.5007   0.3153
 -0.2592   0.0763   0.5898   0.3150
 -0.2276   0.0764   0.6765   0.3149
 -0.1954   0.0765   0.7606   0.3151
 -0.1626   0.0767   0.8422   0.3154
 -0.1292   0.0770   0.9212   0.3159
 -0.0952   0.0773   0.9976   0.3166
 -0.0605   0.0777   1.0713   0.3175
 -0.0252   0.0781   1.1421   0.3184
  0.0108   0.0786   1.2102   0.3195
  0.0475   0.0792   1.2754   0.3205
  0.0850   0.0799   1.3375   0.3215
  0.1232   0.0807   1.3966   0.3224
  0.1622   0.0816   1.4526   0.3231
  0.2020   0.0827   1.5054   0.3235
  0.2427   0.0839   1.5549   0.3234
  0.2842   0.0853   1.6011   0.3226
  0.3265   0.0870   1.6438   0.3209
  0.3698   0.0891   1.6831   0.3180
  0.4140   0.0915   1.7188   0.3134
  0.4591   0.0944   1.7509   0.3068
  0.5052   0.0979   1.7795   0.2976
  0.5523   0.1022   1.8043   0.2849
  0.6004   0.1074   1.8255   0.2680
  0.6496   0.1138   1.8431   0.2457
  0.6998   0.1217   1.8570   0.2165
  0.7512   0.1313   1.8674   0.1787
  0.8037   0.1432   1.8744   0.1301
  0.8573   0.1579   1.8781   0.0680
  0.9122   0.1761   1.8788  -0.0112
  0.9684   0.1987   1.8768  -0.1118
  1.0258   0.2266   1.8725  -0.2391
  1.0847   0.2612   1.8666  -0.4002
  1.1449   0.3042   1.8599  -0.6035
  1.2067   0.3575   1.8535  -0.8600
  1.2701   0.4238   1.8488  -1.1832
  1.3352   0.5061   1.8477  -1.5902
  1.4022   0.6083   1.8523  -2.1024
  1.4712   0.7353   1.8657  -2.7467
  1.5424   0.8930   1.8911  -3.5564
  1.6160   1.0889   1.9327  -4.5725
  0.0496  -0.0053  -0.1537  -0.0170
  0.0510  -0.0057  -0.0937  -0.0223
  0.0510  -0.0057  -0.0938  -0.0223
  0.0510  -0.0057  -0.0938  -0.0223
  0.0000   0.0000   0.0000   0.0000
  0.4374   0.0577  16.0685  28.3759
  0.4467   0.0499  15.9263  28.3754
  0.4559   0.0429  15.7824  28.3737
  0.4648   0.0366  15.6366  28.3707
  0.4736   0.0310  15.4890  28.3667
  0.4821   0.0259  15.3397  28.3616
  0.4905   0.0215  15.1885  28.3553
  0.4988   0.0175  15.0356  28.3480
  0.5069   0.0140  14.8810  28.3397
  0.5149   0.0110  14.7246  28.3303
  0.5227   0.0083  14.5665  28.3199
  0.5304   0.0059  14.4066  28.3086
  0.5381   0.0039  14.2452  28.2962
  0.5456   0.0022  14.0820  28.2829
  0.5530   0.0008  13.9172  28.2686
  0.5603  -0.0004  13.7508  28.2534
  0.5676  -0.0013  13.5828  28.2372
  0.5748  -0.0021  13.4132  28.2201
  0.5819  -0.0026  13.2421  28.2020
  0.5890  -0.0030  13.0695  28.1829
  0.5960  -0.0032  12.8954  28.1629
  0.6030  -0.0033  12.7198  28.1419
  0.6099  -0.0032  12.5429  28.1200
  0.6168  -0.0030  12.3645  28.0971
  0.6236  -0.0027  12.1849  28.0732
  0.6305  -0.0023  12.0039  28.0483
  0.6373  -0.0018  11.8216  28.0224
  0.6441  -0.0012  11.6382  27.9955
  0.6509  -0.0005  11.4535  27.9675
  0.6577   0.0002  11.2678  27.9385
  0.6645   0.0010  11.0809  27.9083
  0.6713   0.0018  10.8930  27.8771
  0.6781   0.0027  10.7041  27.8448
  0.6849   0.0036  10.5143  27.8113
  0.6917   0.0045  10.3236  27.7767
  0.6986   0.0054  10.1321  27.7409
  0.7054   0.0064   9.9398  27.7038
  0.7123   0.0073   9.7468  27.6655
  0.7193   0.0082   9.5531  27.6259
  0.7263   0.0091   9.3589  27.5850
  0.7333   0.0100   9.1641  27.5428
  0.7403   0.0108   8.9689  27.4992
  0.7474   0.0115   8.7733  27.4542
  0.7546   0.0122   8.5773  27.4078
  0.7618   0.0128   8.3811  27.3599
  0.7691   0.0133   8.1846  27.3104
  0.7764   0.0136   7.9881  27.2595
  0.7838   0.0139   7.7915  27.2070
  0.7913   0.0140   7.5949  27.1528
  0.7988   0.0138   7.3984  27.0971
  0.8065   0.0135   7.2021  27.0396
  0.8142   0.0130   7.0060  26.9804
  0.8220   0.0122   6.8103  26.9195
  0.8299   0.0112   6.6149  26.8568
  0.8379   0.0098   6.4200  26.7923
  0.8460   0.0081   6.2256  26.7259
  0.8542   0.0059   6.0318  26.6576
  0.8625   0.0034   5.8387  26.5874
  0.8709   0.0003   5.6463  26.5152
  0.8794  -0.0033   5.4548  26.4411
  0.8881  -0.0074   5.2641  26.3649
  0.8969  -0.0123   5.0744  26.2867
  0.9058  -0.0179   4.8857  26.2065
  0.9149  -0.0243   4.6980  26.1241
  0.9241  -0.0316   4.5115  26.0396
  0.9335  -0.0399   4.3262  25.9530
  0.9431  -0.0493   4.1421  25.8642
  0.9528  -0.0599   3.9593  25.7731
  0.9627  -0.0718   3.7778  25.6799
  0.9728  -0.0853   3.5977  25.5845
  0.9831  -0.1004   3.4191  25.4867
  0.9936  -0.1174   3.2418  25.3867
  1.0044  -0.1364   3.0661  25.2845
  1.0153  -0.1576   2.8919  25.1799
  1.0265  -0.1813   2.7193  25.0730
  1.0380  -0.2077   2.5482  24.9638
  1.0498  -0.2371   2.3786  24.8522
  1.0618  -0.2699   2.2107  24.7383
  1.0742  -0.3063   2.0444  24.6220
  0.0000   0.0000   0.0000   0.0000
 -1.5554   0.6905  -3.5095  -2.5454
 -1.4985   0.5761  -3.4106  -1.9719
 -1.4427   0.4723  -3.3064  -1.5525
 -1.3881   0.3829  -3.1992  -1.2384
 -1.3346   0.3084  -3.0906  -0.9986
 -1.2823   0.2475  -2.9817  -0.8127
 -1.2310   0.1984  -2.8733  -0.6666
 -1.1808   0.1592  -2.7658  -0.5508
 -1.1316   0.1280  -2.6596  -0.4582
 -1.0832   0.1033  -2.5551  -0.3838
 -1.0356   0.0838  -2.4523  -0.3235
 -0.9889   0.0685  -2.3513  -0.2744
 -0.9428   0.0565  -2.2522  -0.2343
 -0.8974   0.0471  -2.1551  -0.2013
 -0.8527   0.0397  -2.0598  -0.1740
 -0.8086   0.0339  -1.9664  -0.1513
 -0.7650   0.0294  -1.8748  -0.1323
 -0.7220   0.0260  -1.7850  -0.1162
 -0.6796   0.0233  -1.6969  -0.1026
 -0.6376   0.0213  -1.6104  -0.0909
 -0.5960   0.0197  -1.5254  -0.0808
 -0.5549   0.0186  -1.4419  -0.0720
 -0.5142   0.0177  -1.3598  -0.0642
 -0.4739   0.0172  -1.2790  -0.0574
 -0.4340   0.0168  -1.1994  -0.0512
 -0.3944   0.0166  -1.1209  -0.0456
 -0.3551   0.0166  -1.0436  -0.0405
 -0.3161   0.0167  -0.9672  -0.0358
 -0.2774   0.0169  -0.8917  -0.0315
 -0.2390   0.0171  -0.8171  -0.0274
 -0.2008   0.0175  -0.7433  -0.0235
 -0.1628   0.0179  -0.6702  -0.0199
 -0.1251   0.0184  -0.5977  -0.0164
 -0.0875   0.0189  -0.5257  -0.0131
 -0.0500   0.0195  -0.4543  -0.0099
 -0.0128   0.0201  -0.3833  -0.0067
  0.0244   0.0208  -0.3127  -0.0037
  0.0615   0.0216  -0.2425  -0.0008
  0.0984   0.0223  -0.1725   0.0021
  0.1353   0.0231  -0.1027   0.0050
  0.1722   0.0240  -0.0330   0.0078
  0.2090   0.0249   0.0365   0.0105
  0.2458   0.0258   0.1060   0.0132
  0.2826   0.0267   0.1755   0.0159
  0.3194   0.0277   0.2450   0.0186
  0.3562   0.0287   0.3147   0.0212
  0.3931   0.0297   0.3845   0.0238
  0.4301   0.0307   0.4545   0.0264
  0.4672   0.0318   0.5248   0.0289
  0.5043   0.0328   0.5953   0.0315
  0.5416   0.0338   0.6662   0.0341
  0.5790   0.0347   0.7375   0.0366
  0.6166   0.0356   0.8093   0.0392
  0.6543   0.0364   0.8815   0.0418
  0.6923   0.0372   0.9543   0.0445
  0.7304   0.0378   1.0276   0.0473
  0.7687   0.0381   1.1015   0.0501
  0.8073   0.0383   1.1761   0.0531
  0.8461   0.0381   1.2514   0.0564
  0.8852   0.0375   1.3274   0.0599
  0.9245   0.0364   1.4042   0.0638
  0.9642   0.0347   1.4819   0.0682
  1.0042   0.0320   1.5604   0.0733
  1.0445   0.0283   1.6397   0.0793
  1.0852   0.0232   1.7200   0.0864
  1.1263   0.0164   1.8013   0.0950
  1.1678   0.0073   1.8836   0.1054
  1.2098  -0.0046   1.9669   0.1183
  1.2522  -0.0201   2.0514   0.1341
  1.2952  -0.0401   2.1369   0.1538
  1.3388  -0.0659   2.2235   0.1782
  1.3831  -0.0991   2.3114   0.2084
  1.4281  -0.1417   2.4005   0.2457
  1.4740  -0.1966   2.4908   0.2913
  0.0000   0.0000   0.0000   0.0000
 -5.2285  22.1426   1.7299  -0.2826
 -5.5025  22.0961   1.6643  -0.2443
 -5.7768  22.0467   1.5999  -0.2100
 -6.0514  21.9945   1.5365  -0.1791
 -6.3262  21.9394   1.4741  -0.1515
 -6.6013  21.8814   1.4127  -0.1268
 -6.8765  21.8206   1.3523  -0.1047
 -7.1519  21.7570   1.2928  -0.0849
 -7.4274  21.6905   1.2341  -0.0673
 -7.7029  21.6212   1.1763  -0.0517
 -7.9784  21.5490   1.1192  -0.0377
 -8.2538  21.4740   1.0629  -0.0254
 -8.5290  21.3961   1.0074  -0.0145
 -8.8041  21.3155   0.9525  -0.0048
 -9.0789  21.2320   0.8984   0.0036
 -9.3533  21.1457   0.8448   0.0111
 -9.6274  21.0567   0.7919   0.0176
 -9.9010  20.9648   0.7396   0.0233
-10.1740  20.8703   0.6879   0.0282
-10.4464  20.7730   0.6367   0.0325
-10.7182  20.6729   0.5860   0.0361
-10.9891  20.5703   0.5359   0.0393
-11.2592  20.4649   0.4862   0.0419
-11.5283  20.3569   0.4370   0.0441
-11.7964  20.2464   0.3882   0.0459
-12.0635  20.1333   0.3399   0.0474
-12.3293  20.0176   0.2919   0.0486
-12.5939  19.8995   0.2444   0.0495
-12.8572  19.7790   0.1972   0.0501
-13.1190  19.6561   0.1503   0.0505
-13.3793  19.5308   0.1038   0.0508
-13.6380  19.4032   0.0576   0.0509
-13.8951  19.2734   0.0117   0.0508
-14.1504  19.1414  -0.0339   0.0505
-14.4040  19.0073  -0.0793   0.0502
-14.6556  18.8711  -0.1244   0.0497
-14.9052  18.7328  -0.1693   0.0491
-15.1528  18.5926  -0.2141   0.0485
-15.3983  18.4505  -0.2586   0.0477
-15.6416  18.3065  -0.3029   0.0469
-15.8827  18.1607  -0.3471   0.0459
-16.1214  18.0132  -0.3911   0.0449
-16.3577  17.8641  -0.4351   0.0438
-16.5916  17.7133  -0.4789   0.0426
-16.8229  17.5609  -0.5226   0.0413
-17.0517  17.4071  -0.5662   0.0400
-17.2778  17.2519  -0.6098   0.0385
-17.5013  17.0952  -0.6533   0.0370
-17.7220  16.9373  -0.6967   0.0353
-17.9399  16.7781  -0.7402   0.0336
-18.1549  16.6177  -0.7836   0.0317
-18.3671  16.4561  -0.8271   0.0297
-18.5763  16.2934  -0.8705   0.0275
-18.7825  16.1297  -0.9140   0.0253
-18.9856  15.9650  -0.9575   0.0228
-19.1857  15.7992  -1.0011   0.0202
-19.3827  15.6326  -1.0447   0.0174
-19.5766  15.4651  -1.0884   0.0144
-19.7672  15.2967  -1.1322   0.0112
-19.9547  15.1276  -1.1761   0.0077
-20.1389  14.9576  -1.2201   0.0040
-20.3198  14.7869  -1.2642   0.0000
-20.4975  14.6154  -1.3084  -0.0043
-20.6719  14.4432  -1.3528  -0.0089
-20.8429  14.2703  -1.3973  -0.0139
-21.0106  14.0968  -1.4419  -0.0192
-21.1750  13.9225  -1.4867  -0.0250
-21.3360  13.7475  -1.5317  -0.0313
-21.4936  13.5719  -1.5768  -0.0380
-21.6479  13.3956  -1.6221  -0.0453
-21.7988  13.2185  -1.6676  -0.0531
-21.9463  13.0408  -1.7132  -0.0616
-22.0905  12.8623  -1.7591  -0.0707
-22.2313  12.6830  -1.8052  -0.0806
-22.3688  12.5030  -1.8514  -0.0914
-22.5029  12.3221  -1.8979  -0.1030
-22.6338  12.1403  -1.9446  -0.1156
-22.7613  11.9576  -1.9916  -0.1292
-22.8856  11.7740  -2.0387  -0.1440
  0.0000   0.0000   0.0000   0.0000
 -1.0597  -4.4105  -3.8645   1.0113
 -1.1021  -3.5126  -3.7122   0.8397
 -1.1332  -2.7935  -3.5636   0.6905
 -1.1539  -2.2217  -3.4187   0.5645
 -1.1653  -1.7691  -3.2772   0.4598
 -1.1689  -1.4117  -3.1390   0.3737
 -1.1659  -1.1301  -3.0041   0.3034
 -1.1577  -0.9083  -2.8723   0.2461
 -1.1452  -0.7335  -2.7435   0.1995
 -1.1292  -0.5957  -2.6177   0.1614
 -1.1104  -0.4870  -2.4948   0.1303
 -1.0895  -0.4009  -2.3747   0.1047
 -1.0667  -0.3327  -2.2572   0.0836
 -1.0425  -0.2784  -2.1423   0.0660
 -1.0172  -0.2351  -2.0300   0.0514
 -0.9908  -0.2004  -1.9201   0.0391
 -0.9636  -0.1724  -1.8126   0.0287
 -0.9358  -0.1497  -1.7073   0.0198
 -0.9073  -0.1312  -1.6043   0.0122
 -0.8783  -0.1159  -1.5033   0.0056
 -0.8488  -0.1032  -1.4044  -0.0000
 -0.8189  -0.0926  -1.3075  -0.0049
 -0.7886  -0.0835  -1.2125  -0.0091
 -0.7579  -0.0758  -1.1194  -0.0128
 -0.7268  -0.0691  -1.0280  -0.0159
 -0.6953  -0.0632  -0.9383  -0.0185
 -0.6635  -0.0579  -0.8502  -0.0207
 -0.6313  -0.0532  -0.7638  -0.0225
 -0.5988  -0.0489  -0.6788  -0.0238
 -0.5659  -0.0449  -0.5954  -0.0248
 -0.5326  -0.0413  -0.5133  -0.0255
 -0.4989  -0.0378  -0.4326  -0.0258
 -0.4649  -0.0346  -0.3532  -0.0257
 -0.4304  -0.0316  -0.2750  -0.0253
 -0.3955  -0.0286  -0.1980  -0.0245
 -0.3602  -0.0259  -0.1222  -0.0234
 -0.3244  -0.0232  -0.0475  -0.0220
 -0.2882  -0.0206   0.0262  -0.0203
 -0.2515  -0.0181   0.0988  -0.0183
 -0.2144  -0.0157   0.1705  -0.0159
 -0.1767  -0.0133   0.2412  -0.0132
 -0.1385  -0.0110   0.3110  -0.0103
 -0.0998  -0.0088   0.3800  -0.0070
 -0.0606  -0.0066   0.4482  -0.0035
 -0.0207  -0.0045   0.5155   0.0003
  0.0197  -0.0024   0.5821   0.0044
  0.0607  -0.0003   0.6480   0.0087
  0.1024   0.0018   0.7132   0.0132
  0.1447   0.0039   0.7777   0.0179
  0.1876   0.0060   0.8416   0.0227
  0.2313   0.0081   0.9049   0.0277
  0.2757   0.0104   0.9676   0.0328
  0.3208   0.0128   1.0297   0.0379
  0.3667   0.0153   1.0914   0.0429
  0.4134   0.0181   1.1525   0.0478
  0.4609   0.0213   1.2131   0.0525
  0.5092   0.0248   1.2733   0.0568
  0.5583   0.0289   1.3331   0.0605
  0.6084   0.0337   1.3925   0.0636
  0.6594   0.0394   1.4516   0.0656
  0.7113   0.0463   1.5104   0.0663
  0.7641   0.0547   1.5689   0.0652
  0.8180   0.0649   1.6273   0.0619
  0.8729   0.0776   1.6855   0.0556
  0.9288   0.0933   1.7437   0.0456
  0.9857   0.1128   1.8019   0.0306
  1.0438   0.1372   1.8604   0.0095
  1.1030   0.1677   1.9193  -0.0197
  1.1634   0.2057   1.9789  -0.0591
  1.2249   0.2534   2.0394  -0.1116
  1.2876   0.3130   2.1012  -0.1809
  1.3517   0.3875   2.1648  -0.2716
  1.4169   0.4806   2.2309  -0.3897
  1.4836   0.5964   2.3002  -0.5432
  1.5516   0.7402   2.3738  -0.7421
  1.6209   0.9176   2.4531  -0.9997
  1.6917   1.1350   2.5398  -1.3335
  1.7639   1.3982   2.6360  -1.7667
  1.8376   1.7117   2.7447  -2.3306
  0.0000   0.0000   0.0000   0.0000
