  0.0000   0.0000   0.0000
  0.0058   0.0025  -0.0430
  0.0118   0.0071  -0.0820
  0.0179   0.0118  -0.1232
  0.0240   0.0166  -0.1691
  0.0308   0.0207  -0.2180
  0.0375   0.0247  -0.2646
  0.0441   0.0287  -0.3097
  0.0506   0.0327  -0.3535
  0.0570   0.0366  -0.3960
  0.0635   0.0403  -0.4372
  0.0697   0.0441  -0.4770
  0.0758   0.0478  -0.5156
  0.0819   0.0515  -0.5529
  0.0879   0.0552  -0.5889
  0.0939   0.0586  -0.6238
  0.0997   0.0621  -0.6573
  0.1056   0.0655  -0.6897
  0.1113   0.0689  -0.7208
  0.1168   0.0723  -0.7507
  0.1224   0.0755  -0.7794
  0.1274   0.0792  -0.8067
  0.1325   0.0827  -0.8329
  0.1377   0.0859  -0.8580
  0.1429   0.0890  -0.8819
  0.1481   0.0920  -0.9047
  0.1532   0.0949  -0.9264
  0.1581   0.0979  -0.9469
  0.1630   0.1009  -0.9663
  0.1679   0.1037  -0.9847
  0.1727   0.1064  -1.0019
  0.1774   0.1091  -1.0181
  0.1820   0.1119  -1.0331
  0.1866   0.1145  -1.0470
  0.1910   0.1172  -1.0599
  0.1955   0.1197  -1.0718
  0.1998   0.1222  -1.0826
  0.2041   0.1247  -1.0924
  0.2084   0.1271  -1.1011
  0.2125   0.1295  -1.1089
  0.2166   0.1319  -1.1156
  0.2205   0.1343  -1.1214
  0.2241   0.1369  -1.1260
  0.2279   0.1391  -1.1298
  0.2318   0.1413  -1.1326
  0.2355   0.1434  -1.1345
  0.2392   0.1455  -1.1354
  0.2428   0.1475  -1.1353
  0.2464   0.1495  -1.1343
  0.2499   0.1515  -1.1324
  0.2533   0.1534  -1.1295
  0.2567   0.1553  -1.1257
  0.2600   0.1571  -1.1210
  0.2633   0.1589  -1.1153
  0.2665   0.1607  -1.1088
  0.2697   0.1624  -1.1014
  0.2727   0.1641  -1.0930
  0.2757   0.1657  -1.0838
  0.2787   0.1674  -1.0737
  0.2816   0.1690  -1.0627
  0.2843   0.1705  -1.0509
  0.2871   0.1721  -1.0381
  0.2897   0.1736  -1.0245
  0.2923   0.1751  -1.0101
  0.2948   0.1766  -0.9948
  0.2973   0.1781  -0.9787
  0.2997   0.1796  -0.9623
  0.3021   0.1810  -0.9462
  0.3045   0.1825  -0.9298
  0.3068   0.1840  -0.9131
  0.3090   0.1856  -0.8968
  0.3112   0.1872  -0.8799
  0.3134   0.1888  -0.8625
  0.3156   0.1903  -0.8446
  0.3177   0.1918  -0.8262
  0.3198   0.1934  -0.8077
  0.3218   0.1948  -0.7885
  0.3239   0.1963  -0.7689
  0.3258   0.1977  -0.7489
  0.3278   0.1991  -0.7285
  0.3297   0.2005  -0.7078
  0.3317   0.2019  -0.6866
  0.3335   0.2033  -0.6651
  0.3354   0.2047  -0.6431
  0.3372   0.2060  -0.6208
  0.3390   0.2074  -0.5981
  0.3407   0.2087  -0.5750
  0.3425   0.2100  -0.5515
  0.3442   0.2112  -0.5276
  0.3459   0.2125  -0.5033
  0.3467   0.2154  -0.4853
  0.3484   0.2165  -0.4600
  0.3500   0.2176  -0.4344
  0.3516   0.2187  -0.4083
  0.3532   0.2198  -0.3818
  0.3548   0.2208  -0.3546
  0.3564   0.2217  -0.3270
  0.3580   0.2226  -0.2989
  0.3595   0.2235  -0.2697
  0.3610   0.2243  -0.2398
  0.3625   0.2251  -0.2102
  0.3639   0.2259  -0.1793
  0.3653   0.2266  -0.1479
  0.3667   0.2274  -0.1163
  0.3680   0.2281  -0.0845
  0.3693   0.2288  -0.0524
  0.3706   0.2295  -0.0201
  0.3719   0.2302   0.0125
  0.3732   0.2309   0.0454
  0.3744   0.2316   0.0785
  0.3748   0.2334   0.1106
  0.3759   0.2339   0.1473
  0.3771   0.2345   0.1822
  0.3781   0.2349   0.2195
  0.3792   0.2354   0.2571
  0.3802   0.2359   0.2944
  0.3812   0.2364   0.3325
  0.3822   0.2369   0.3703
  0.3831   0.2373   0.4097
  0.3840   0.2378   0.4497
  0.3840   0.2378   0.4497
  0.3883   0.2333   0.4529
  0.3935   0.2297   0.4526
  0.3986   0.2266   0.4528
  0.4039   0.2236   0.4509
  0.4090   0.2208   0.4498
  0.4141   0.2182   0.4481
  0.4192   0.2157   0.4460
  0.4243   0.2133   0.4435
  0.4294   0.2111   0.4405
  0.4345   0.2089   0.4363
  0.4397   0.2068   0.4311
  0.4449   0.2047   0.4254
  0.4500   0.2028   0.4209
  0.4551   0.2011   0.4171
  0.4603   0.1993   0.4110
  0.4655   0.1975   0.4050
  0.4705   0.1960   0.4010
  0.4755   0.1945   0.3970
  0.4806   0.1932   0.3930
  0.4856   0.1918   0.3891
  0.4908   0.1904   0.3832
  0.4960   0.1891   0.3776
  0.5011   0.1879   0.3722
  0.5063   0.1867   0.3672
  0.5114   0.1856   0.3624
  0.5166   0.1846   0.3579
  0.5217   0.1836   0.3536
  0.5268   0.1827   0.3496
  0.5319   0.1819   0.3459
  0.5370   0.1811   0.3424
  0.5421   0.1804   0.3391
  0.5472   0.1797   0.3361
  0.5523   0.1791   0.3334
  0.5574   0.1785   0.3309
  0.5625   0.1780   0.3286
  0.5676   0.1776   0.3266
  0.5727   0.1772   0.3249
  0.5778   0.1769   0.3233
  0.5829   0.1766   0.3220
  0.5880   0.1764   0.3210
  0.5931   0.1762   0.3201
  0.5982   0.1761   0.3196
  0.6034   0.1761   0.3192
  0.6085   0.1761   0.3191
  0.6136   0.1761   0.3193
  0.6187   0.1763   0.3196
  0.6238   0.1764   0.3203
  0.6290   0.1767   0.3211
  0.6341   0.1770   0.3223
  0.6392   0.1773   0.3236
  0.6444   0.1777   0.3253
  0.6495   0.1782   0.3271
  0.6547   0.1787   0.3293
  0.6599   0.1793   0.3317
  0.6650   0.1799   0.3343
  0.6702   0.1806   0.3373
  0.6754   0.1814   0.3404
  0.6806   0.1822   0.3439
  0.6857   0.1831   0.3476
  0.6909   0.1841   0.3516
  0.6961   0.1851   0.3559
  0.7014   0.1861   0.3605
  0.7066   0.1873   0.3653
  0.7118   0.1885   0.3704
  0.7170   0.1897   0.3759
  0.7223   0.1911   0.3816
  0.7275   0.1925   0.3876
  0.7328   0.1939   0.3938
  0.7381   0.1954   0.4004
  0.7433   0.1970   0.4073
  0.7486   0.1987   0.4145
  0.7539   0.2004   0.4220
  0.7592   0.2022   0.4298
  0.7645   0.2040   0.4379
  0.7698   0.2060   0.4463
  0.7752   0.2080   0.4550
  0.7805   0.2100   0.4641
  0.7859   0.2122   0.4734
  0.7912   0.2144   0.4831
  0.7966   0.2167   0.4930
  0.8020   0.2190   0.5033
  0.8074   0.2215   0.5138
  0.8128   0.2240   0.5247
  0.8182   0.2265   0.5359
  0.8236   0.2292   0.5474
  0.8291   0.2319   0.5591
  0.8345   0.2348   0.5711
  0.8400   0.2377   0.5835
  0.8455   0.2407   0.5960
  0.8510   0.2437   0.6089
  0.8565   0.2469   0.6220
  0.8620   0.2501   0.6353
  0.8676   0.2535   0.6488
  0.8731   0.2569   0.6626
  0.8787   0.2605   0.6765
  0.8843   0.2641   0.6905
  0.8899   0.2678   0.7047
  0.8955   0.2717   0.7190
  0.9011   0.2756   0.7333
  0.9011   0.2756   0.7333
  0.9034   0.2699   0.7370
  0.9057   0.2644   0.7411
  0.9082   0.2589   0.7457
  0.9106   0.2535   0.7507
  0.9126   0.2486   0.7647
  0.9151   0.2435   0.7708
  0.9177   0.2384   0.7773
  0.9204   0.2335   0.7844
  0.9231   0.2287   0.7919
  0.9259   0.2241   0.7999
  0.9287   0.2195   0.8084
  0.9316   0.2151   0.8174
  0.9345   0.2108   0.8269
  0.9375   0.2066   0.8369
  0.9405   0.2025   0.8475
  0.9436   0.1986   0.8585
  0.9468   0.1948   0.8701
  0.9500   0.1911   0.8823
  0.9532   0.1875   0.8949
  0.9565   0.1841   0.9082
  0.9599   0.1808   0.9219
  0.9633   0.1776   0.9363
  0.9668   0.1746   0.9512
  0.9704   0.1716   0.9667
  0.9740   0.1689   0.9827
  0.9776   0.1662   0.9994
  0.9814   0.1637   1.0166
  0.9851   0.1613   1.0349
  0.9889   0.1591   1.0540
  0.9928   0.1570   1.0736
  0.9968   0.1550   1.0934
  1.0008   0.1531   1.1141
  1.0049   0.1514   1.1354
  1.0090   0.1499   1.1576
  1.0132   0.1484   1.1804
  1.0174   0.1471   1.2041
  1.0217   0.1460   1.2284
  1.0261   0.1449   1.2536
  1.0305   0.1440   1.2795
  1.0350   0.1433   1.3062
  1.0396   0.1427   1.3337
  1.0442   0.1422   1.3621
  1.0489   0.1419   1.3908
  1.0536   0.1416   1.4205
  1.0584   0.1416   1.4509
  1.0633   0.1416   1.4823
  1.0682   0.1419   1.5146
  1.0732   0.1422   1.5478
  1.0783   0.1427   1.5819
  1.0834   0.1433   1.6170
  1.0886   0.1441   1.6530
  1.0939   0.1450   1.6901
  1.0992   0.1461   1.7281
  1.1045   0.1473   1.7671
  1.1100   0.1486   1.8072
  1.1155   0.1501   1.8483
  1.1210   0.1518   1.8904
  1.1266   0.1536   1.9337
  1.1323   0.1555   1.9781
  1.1381   0.1575   2.0236
  1.1439   0.1598   2.0702
  1.1497   0.1622   2.1194
  1.1555   0.1647   2.1703
  1.1615   0.1674   2.2209
  1.1675   0.1702   2.2736
  1.1735   0.1733   2.3284
  1.1795   0.1764   2.3849
  1.1857   0.1798   2.4427
  1.1918   0.1832   2.5019
  1.1981   0.1869   2.5622
  1.2044   0.1906   2.6241
  1.2107   0.1945   2.6876
  1.2173   0.1985   2.7502
  1.2239   0.2027   2.8144
  1.2305   0.2069   2.8802
  1.2372   0.2114   2.9476
  1.2440   0.2159   3.0168
  1.2508   0.2207   3.0877
  1.2569   0.2261   3.1754
  1.2569   0.2261   3.1754
  1.2548   0.2128   3.1347
  1.2530   0.2006   3.1030
  1.2514   0.1891   3.0782
  1.2501   0.1783   3.0590
  1.2489   0.1679   3.0440
  1.2479   0.1578   3.0324
  1.2469   0.1480   3.0235
  1.2461   0.1384   3.0166
  1.2453   0.1290   3.0115
  1.2445   0.1197   3.0076
  1.2438   0.1104   3.0048
  1.2432   0.1012   3.0029
  1.2426   0.0920   3.0016
  1.2420   0.0828   3.0009
  1.2415   0.0737   3.0007
  1.2410   0.0646   3.0009
  1.2405   0.0554   3.0014
  1.2400   0.0463   3.0022
  1.2396   0.0371   3.0032
  1.2392   0.0279   3.0043
  1.2388   0.0187   3.0057
  1.2384   0.0095   3.0072
  1.2381   0.0002   3.0088
  1.2378  -0.0091   3.0104
  1.2375  -0.0184   3.0122
  1.2372  -0.0277   3.0140
  1.2370  -0.0371   3.0158
  1.2367  -0.0464   3.0177
  1.2365  -0.0558   3.0196
  1.2363  -0.0653   3.0214
  1.2362  -0.0747   3.0232
  1.2361  -0.0842   3.0250
  1.2359  -0.0938   3.0267
  1.2359  -0.1033   3.0284
  1.2358  -0.1129   3.0299
  1.2358  -0.1225   3.0314
  1.2358  -0.1321   3.0327
  1.2358  -0.1418   3.0339
  1.2358  -0.1515   3.0350
  1.2359  -0.1612   3.0359
  1.2360  -0.1710   3.0367
  1.2361  -0.1808   3.0372
  1.2363  -0.1906   3.0376
  1.2365  -0.2004   3.0377
  1.2367  -0.2103   3.0376
  1.2370  -0.2203   3.0372
  1.2372  -0.2302   3.0366
  1.2375  -0.2402   3.0357
  1.2379  -0.2502   3.0345
  1.2383  -0.2603   3.0330
  1.2387  -0.2704   3.0312
  1.2391  -0.2805   3.0291
  1.2396  -0.2907   3.0266
  1.2401  -0.3009   3.0238
  1.2406  -0.3111   3.0206
  1.2412  -0.3214   3.0170
  1.2418  -0.3318   3.0131
  1.2425  -0.3421   3.0087
  1.2432  -0.3525   3.0039
  1.2439  -0.3630   2.9988
  1.2446  -0.3735   2.9932
  1.2454  -0.3840   2.9873
  1.2462  -0.3946   2.9809
  1.2471  -0.4053   2.9742
  1.2480  -0.4159   2.9672
  1.2490  -0.4267   2.9598
  1.2499  -0.4374   2.9522
  1.2510  -0.4482   2.9444
  1.2520  -0.4591   2.9365
  1.2531  -0.4700   2.9286
  1.2542  -0.4809   2.9209
  1.2554  -0.4919   2.9135
  1.2566  -0.5029   2.9067
  1.2578  -0.5140   2.9008
  1.2591  -0.5251   2.8963
  1.2604  -0.5361   2.8935
  1.2617  -0.5472   2.8932
  1.2631  -0.5583   2.8962
  1.2645  -0.5694   2.9035
  1.2644  -0.5792   2.9036
  1.2643  -0.5891   2.9036
  1.2643  -0.5990   2.9036
  1.2642  -0.6088   2.9036
  1.2641  -0.6187   2.9036
  1.2640  -0.6286   2.9036
  1.2606  -0.6323   2.9360
  1.2628  -0.6214   2.7997
  1.2649  -0.6104   2.6653
  1.2670  -0.5994   2.5327
  1.2691  -0.5882   2.4020
  1.2711  -0.5770   2.2731
  1.2732  -0.5656   2.1459
  1.2752  -0.5542   2.0205
  1.2772  -0.5427   1.8966
  1.2791  -0.5311   1.7744
  1.2811  -0.5194   1.6538
  1.2830  -0.5076   1.5348
  1.2849  -0.4958   1.4172
  1.2868  -0.4839   1.3011
  1.2887  -0.4719   1.1865
  1.2906  -0.4598   1.0734
  1.2924  -0.4476   0.9616
  1.2943  -0.4354   0.8512
  1.2961  -0.4231   0.7422
  1.2979  -0.4107   0.6345
  1.2997  -0.3983   0.5282
  1.3015  -0.3858   0.4232
  1.3034  -0.3732   0.3194
  1.3052  -0.3605   0.2170
  1.3070  -0.3478   0.1157
  1.3088  -0.3349   0.0158
  1.3106  -0.3221  -0.0830
  1.3124  -0.3091  -0.1805
  1.3143  -0.2961  -0.2768
  1.3161  -0.2830  -0.3720
  1.3179  -0.2699  -0.4659
  1.3198  -0.2566  -0.5587
  1.3217  -0.2434  -0.6504
  1.3236  -0.2300  -0.7409
  1.3255  -0.2166  -0.8302
  1.3274  -0.2031  -0.9185
  1.3293  -0.1896  -1.0056
  1.3313  -0.1760  -1.0916
  1.3333  -0.1623  -1.1766
  1.3353  -0.1486  -1.2604
  1.3373  -0.1348  -1.3432
  1.3394  -0.1210  -1.4249
  1.3414  -0.1071  -1.5055
  1.3435  -0.0931  -1.5851
  1.3457  -0.0791  -1.6637
  1.3479  -0.0650  -1.7412
  1.3501  -0.0509  -1.8177
  1.3523  -0.0367  -1.8931
  1.3546  -0.0225  -1.9676
  1.3569  -0.0082  -2.0410
  1.3592   0.0061  -2.1135
  1.3616   0.0205  -2.1849
  1.3640   0.0349  -2.2554
  1.3664   0.0494  -2.3249
  1.3689   0.0639  -2.3934
  1.3714   0.0785  -2.4610
  1.3740   0.0931  -2.5276
  1.3766   0.1077  -2.5933
  1.3792   0.1224  -2.6580
  1.3819   0.1372  -2.7219
  1.3846   0.1520  -2.7848
  1.3873   0.1668  -2.8468
  1.3901   0.1816  -2.9078
  1.3930   0.1965  -2.9680
  1.3958   0.2115  -3.0274
  1.3988   0.2264  -3.0858
  1.4017   0.2414  -3.1434
  1.4047   0.2565  -3.2001
  1.4078   0.2716  -3.2560
  1.4108   0.2867  -3.3110
  1.4140   0.3018  -3.3653
  1.4171   0.3170  -3.4187
  1.4203   0.3322  -3.4713
  1.4236   0.3474  -3.5231
  1.4268   0.3627  -3.5741
  1.4301   0.3780  -3.6243
  1.4335   0.3933  -3.6738
  1.4369   0.4086  -3.7226
  1.4403   0.4240  -3.7706
  1.4437   0.4394  -3.8179
  1.4437   0.4394  -3.8179
  1.4384   0.4279  -3.7354
  1.4339   0.4173  -3.6635
  1.4300   0.4073  -3.6003
  1.4267   0.3978  -3.5444
  1.4239   0.3886  -3.4947
  1.4213   0.3797  -3.4503
  1.4190   0.3710  -3.4102
  1.4168   0.3624  -3.3740
  1.4148   0.3538  -3.3411
  1.4130   0.3453  -3.3111
  1.4112   0.3368  -3.2837
  1.4095   0.3282  -3.2587
  1.4079   0.3196  -3.2359
  1.4064   0.3110  -3.2150
  1.4049   0.3023  -3.1960
  1.4034   0.2935  -3.1787
  1.4020   0.2846  -3.1630
  1.4006   0.2757  -3.1489
  1.3992   0.2667  -3.1363
  1.3979   0.2576  -3.1251
  1.3967   0.2485  -3.1152
  1.3954   0.2392  -3.1066
  1.3942   0.2299  -3.0993
  1.3931   0.2206  -3.0931
  1.3920   0.2111  -3.0881
  1.3909   0.2016  -3.0841
  1.3899   0.1920  -3.0813
  1.3889   0.1824  -3.0794
  1.3880   0.1727  -3.0785
  1.3871   0.1629  -3.0785
  1.3863   0.1531  -3.0794
  1.3855   0.1432  -3.0811
  1.3847   0.1333  -3.0836
  1.3841   0.1233  -3.0870
  1.3835   0.1133  -3.0910
  1.3829   0.1032  -3.0957
  1.3824   0.0931  -3.1012
  1.3819   0.0830  -3.1072
  1.3815   0.0728  -3.1138
  1.3812   0.0626  -3.1210
  1.3809   0.0523  -3.1287
  1.3807   0.0420  -3.1370
  1.3806   0.0317  -3.1457
  1.3805   0.0214  -3.1548
  1.3804   0.0111  -3.1644
  1.3805   0.0007  -3.1744
  1.3805  -0.0097  -3.1847
  1.3807  -0.0201  -3.1954
  1.3809  -0.0306  -3.2064
  1.3811  -0.0410  -3.2177
  1.3814  -0.0515  -3.2293
  1.3818  -0.0620  -3.2411
  1.3822  -0.0725  -3.2532
  1.3827  -0.0830  -3.2656
  1.3832  -0.0935  -3.2782
  1.3838  -0.1041  -3.2909
  1.3844  -0.1147  -3.3039
  1.3851  -0.1252  -3.3171
  1.3859  -0.1358  -3.3305
  1.3867  -0.1464  -3.3441
  1.3875  -0.1571  -3.3580
  1.3885  -0.1677  -3.3720
  1.3894  -0.1784  -3.3864
  1.3904  -0.1891  -3.4011
  1.3915  -0.1998  -3.4161
  1.3927  -0.2106  -3.4316
  1.3939  -0.2214  -3.4476
  1.3951  -0.2322  -3.4642
  1.3965  -0.2431  -3.4817
  1.3979  -0.2541  -3.5003
  1.3994  -0.2651  -3.5201
  1.4010  -0.2762  -3.5416
  1.4027  -0.2875  -3.5653
  1.4045  -0.2989  -3.5916
  1.4065  -0.3105  -3.6213
  1.4087  -0.3223  -3.6554
  1.4110  -0.3345  -3.6951
  1.4137  -0.3471  -3.7419
  1.4166  -0.3603  -3.7977
  1.4165  -0.3702  -3.7974
  1.4164  -0.3801  -3.7974
  1.4163  -0.3901  -3.7974
  1.4162  -0.4000  -3.7974
  1.4162  -0.4100  -3.7974
  1.4182  -0.4163  -3.8451
  1.4177  -0.4070  -3.7783
  1.4173  -0.3978  -3.7110
  1.4170  -0.3887  -3.6432
  1.4167  -0.3796  -3.5749
  1.4165  -0.3706  -3.5061
  1.4163  -0.3616  -3.4367
  1.4161  -0.3526  -3.3669
  1.4160  -0.3438  -3.2966
  1.4160  -0.3349  -3.2257
  1.4160  -0.3261  -3.1544
  1.4161  -0.3173  -3.0825
  1.4162  -0.3086  -3.0101
  1.4164  -0.2999  -2.9373
  1.4166  -0.2913  -2.8639
  1.4168  -0.2826  -2.7899
  1.4171  -0.2740  -2.7155
  1.4175  -0.2655  -2.6405
  1.4179  -0.2569  -2.5650
  1.4183  -0.2484  -2.4889
  1.4188  -0.2400  -2.4123
  1.4193  -0.2315  -2.3351
  1.4199  -0.2231  -2.2573
  1.4205  -0.2147  -2.1790
  1.4212  -0.2063  -2.1001
  1.4219  -0.1979  -2.0205
  1.4226  -0.1896  -1.9404
  1.4234  -0.1812  -1.8597
  1.4242  -0.1729  -1.7783
  1.4251  -0.1646  -1.6963
  1.4260  -0.1564  -1.6137
  1.4269  -0.1481  -1.5304
  1.4279  -0.1399  -1.4464
  1.4289  -0.1316  -1.3618
  1.4300  -0.1234  -1.2765
  1.4311  -0.1152  -1.1905
  1.4322  -0.1070  -1.1039
  1.4333  -0.0989  -1.0165
  1.4345  -0.0907  -0.9284
  1.4358  -0.0826  -0.8396
  1.4370  -0.0744  -0.7501
  1.4383  -0.0663  -0.6599
  1.4396  -0.0582  -0.5689
  1.4410  -0.0501  -0.4772
  1.4424  -0.0420  -0.3847
  1.4438  -0.0339  -0.2914
  1.4453  -0.0258  -0.1975
  1.4468  -0.0177  -0.1027
  1.4483  -0.0097  -0.0072
  1.4499  -0.0016   0.0891
  1.4515   0.0064   0.1862
  1.4531   0.0145   0.2841
  1.4548   0.0225   0.3827
  1.4564   0.0305   0.4821
  1.4582   0.0385   0.5823
  1.4599   0.0465   0.6834
  1.4617   0.0545   0.7852
  1.4635   0.0625   0.8878
  1.4654   0.0705   0.9912
  1.4672   0.0785   1.0953
  1.4691   0.0864   1.2003
  1.4711   0.0944   1.3061
  1.4730   0.1023   1.4127
  1.4750   0.1103   1.5201
  1.4771   0.1182   1.6283
  1.4791   0.1261   1.7372
  1.4812   0.1340   1.8470
  1.4833   0.1419   1.9576
  1.4855   0.1497   2.0689
  1.4876   0.1576   2.1811
  1.4898   0.1654   2.2940
  1.4921   0.1733   2.4078
  1.4943   0.1811   2.5223
  1.4966   0.1889   2.6377
  1.4989   0.1966   2.7538
  1.5013   0.2044   2.8708
  1.5036   0.2121   2.9886
  1.5060   0.2198   3.1072
  1.5084   0.2274   3.2267
  1.5109   0.2350   3.3470
  1.5109   0.2350   3.3470
  1.5079   0.2255   3.3527
  1.5052   0.2163   3.3624
  1.5027   0.2073   3.3752
  1.5003   0.1986   3.3903
  1.4981   0.1900   3.4071
  1.4961   0.1815   3.4251
  1.4942   0.1731   3.4438
  1.4925   0.1647   3.4628
  1.4908   0.1564   3.4818
  1.4892   0.1480   3.5008
  1.4877   0.1396   3.5194
  1.4863   0.1312   3.5376
  1.4850   0.1228   3.5552
  1.4838   0.1143   3.5723
  1.4826   0.1057   3.5887
  1.4815   0.0971   3.6045
  1.4804   0.0885   3.6195
  1.4794   0.0798   3.6338
  1.4785   0.0710   3.6474
  1.4776   0.0622   3.6603
  1.4768   0.0533   3.6724
  1.4760   0.0443   3.6838
  1.4753   0.0353   3.6944
  1.4747   0.0262   3.7044
  1.4740   0.0171   3.7136
  1.4735   0.0079   3.7221
  1.4729  -0.0013   3.7299
  1.4725  -0.0106   3.7370
  1.4720  -0.0200   3.7434
  1.4717  -0.0294   3.7491
  1.4713  -0.0388   3.7542
  1.4710  -0.0483   3.7586
  1.4708  -0.0579   3.7623
  1.4706  -0.0675   3.7654
  1.4704  -0.0771   3.7679
  1.4703  -0.0868   3.7698
  1.4702  -0.0966   3.7710
  1.4702  -0.1063   3.7716
  1.4702  -0.1162   3.7716
  1.4702  -0.1261   3.7710
  1.4703  -0.1360   3.7699
  1.4705  -0.1460   3.7681
  1.4707  -0.1560   3.7658
  1.4709  -0.1660   3.7629
  1.4711  -0.1761   3.7594
  1.4715  -0.1863   3.7553
  1.4718  -0.1965   3.7507
  1.4722  -0.2067   3.7455
  1.4727  -0.2170   3.7397
  1.4732  -0.2273   3.7334
  1.4737  -0.2376   3.7265
  1.4743  -0.2481   3.7191
  1.4750  -0.2585   3.7110
  1.4756  -0.2690   3.7025
  1.4764  -0.2795   3.6933
  1.4772  -0.2901   3.6835
  1.4780  -0.3007   3.6732
  1.4789  -0.3114   3.6623
  1.4798  -0.3221   3.6508
  1.4808  -0.3329   3.6387
  1.4819  -0.3437   3.6260
  1.4830  -0.3546   3.6127
  1.4841  -0.3655   3.5988
  1.4854  -0.3765   3.5843
  1.4866  -0.3875   3.5693
  1.4879  -0.3986   3.5536
  1.4893  -0.4097   3.5374
  1.4907  -0.4209   3.5206
  1.4922  -0.4321   3.5033
  1.4937  -0.4434   3.4856
  1.4953  -0.4547   3.4676
  1.4969  -0.4661   3.4493
  1.4986  -0.4776   3.4309
  1.5003  -0.4891   3.4125
  1.5021  -0.5007   3.3946
  1.5038  -0.5123   3.3772
  1.4989  -0.5183   3.4249
  1.4986  -0.5077   3.2878
  1.4983  -0.4970   3.1524
  1.4979  -0.4863   3.0187
  1.4975  -0.4754   2.8867
  1.4971  -0.4646   2.7564
  1.4966  -0.4536   2.6277
  1.4960  -0.4425   2.5006
  1.4955  -0.4314   2.3751
  1.4949  -0.4203   2.2511
  1.4942  -0.4090   2.1288
  1.4935  -0.3977   2.0079
  1.4928  -0.3863   1.8886
  1.4920  -0.3749   1.7707
  1.4913  -0.3633   1.6544
  1.4904  -0.3517   1.5395
  1.4896  -0.3401   1.4261
  1.4887  -0.3283   1.3141
  1.4878  -0.3165   1.2035
  1.4869  -0.3046   1.0944
  1.4860  -0.2927   0.9867
  1.4850  -0.2806   0.8803
  1.4840  -0.2685   0.7754
  1.4831  -0.2564   0.6718
  1.4821  -0.2441   0.5696
  1.4810  -0.2318   0.4688
  1.4800  -0.2195   0.3693
  1.4790  -0.2070   0.2711
  1.4779  -0.1945   0.1743
  1.4769  -0.1819   0.0788
  1.4759  -0.1692  -0.0154
  1.4748  -0.1565  -0.1083
  1.4738  -0.1437  -0.1999
  1.4727  -0.1309  -0.2902
  1.4717  -0.1179  -0.3792
  1.4707  -0.1049  -0.4670
  1.4696  -0.0919  -0.5534
  1.4686  -0.0787  -0.6386
  1.4676  -0.0656  -0.7225
  1.4666  -0.0523  -0.8052
  1.4657  -0.0390  -0.8866
  1.4647  -0.0256  -0.9668
  1.4638  -0.0122  -1.0457
  1.4628   0.0013  -1.1234
  1.4619   0.0149  -1.1999
  1.4611   0.0285  -1.2752
  1.4602   0.0422  -1.3492
  1.4594   0.0559  -1.4220
  1.4585   0.0697  -1.4936
  1.4578   0.0836  -1.5640
  1.4570   0.0975  -1.6332
  1.4563   0.1114  -1.7012
  1.4556   0.1254  -1.7680
  1.4549   0.1395  -1.8337
  1.4542   0.1536  -1.8981
  1.4536   0.1677  -1.9614
  1.4530   0.1819  -2.0235
  1.4525   0.1962  -2.0845
  1.4520   0.2105  -2.1443
  1.4515   0.2248  -2.2029
  1.4510   0.2392  -2.2604
  1.4506   0.2537  -2.3168
  1.4502   0.2682  -2.3720
  1.4499   0.2827  -2.4261
  1.4496   0.2972  -2.4790
  1.4493   0.3119  -2.5308
  1.4491   0.3265  -2.5816
  1.4488   0.3412  -2.6312
  1.4487   0.3559  -2.6797
  1.4485   0.3707  -2.7271
  1.4484   0.3855  -2.7734
  1.4484   0.4004  -2.8187
  1.4483   0.4152  -2.8628
  1.4483   0.4302  -2.9059
  1.4484   0.4451  -2.9479
  1.4484   0.4601  -2.9888
  1.4485   0.4752  -3.0287
  1.4487   0.4902  -3.0675
  1.4488   0.5053  -3.1052
  1.4490   0.5205  -3.1420
  1.4490   0.5205  -3.1420
  1.4439   0.5100  -3.0625
  1.4395   0.5002  -2.9924
  1.4356   0.4908  -2.9303
  1.4322   0.4818  -2.8749
  1.4291   0.4730  -2.8251
  1.4263   0.4645  -2.7801
  1.4238   0.4561  -2.7393
  1.4214   0.4477  -2.7022
  1.4192   0.4394  -2.6682
  1.4171   0.4310  -2.6371
  1.4151   0.4227  -2.6085
  1.4132   0.4143  -2.5822
  1.4114   0.4058  -2.5581
  1.4096   0.3973  -2.5360
  1.4079   0.3887  -2.5157
  1.4062   0.3800  -2.4972
  1.4046   0.3713  -2.4803
  1.4031   0.3624  -2.4649
  1.4016   0.3535  -2.4510
  1.4001   0.3445  -2.4386
  1.3987   0.3354  -2.4275
  1.3973   0.3262  -2.4176
  1.3960   0.3170  -2.4090
  1.3948   0.3076  -2.4017
  1.3935   0.2982  -2.3954
  1.3924   0.2887  -2.3903
  1.3913   0.2792  -2.3862
  1.3902   0.2696  -2.3831
  1.3892   0.2599  -2.3810
  1.3882   0.2501  -2.3799
  1.3873   0.2403  -2.3797
  1.3865   0.2304  -2.3803
  1.3857   0.2205  -2.3817
  1.3850   0.2105  -2.3840
  1.3843   0.2004  -2.3870
  1.3837   0.1903  -2.3908
  1.3832   0.1802  -2.3952
  1.3827   0.1700  -2.4004
  1.3823   0.1598  -2.4061
  1.3819   0.1495  -2.4125
  1.3816   0.1392  -2.4195
  1.3814   0.1289  -2.4270
  1.3813   0.1186  -2.4351
  1.3812   0.1082  -2.4436
  1.3811   0.0978  -2.4527
  1.3812   0.0873  -2.4622
  1.3813   0.0768  -2.4722
  1.3815   0.0664  -2.4826
  1.3817   0.0558  -2.4933
  1.3820   0.0453  -2.5045
  1.3824   0.0348  -2.5161
  1.3828   0.0242  -2.5280
  1.3833   0.0136  -2.5402
  1.3839   0.0030  -2.5528
  1.3846  -0.0076  -2.5657
  1.3853  -0.0182  -2.5789
  1.3861  -0.0289  -2.5925
  1.3869  -0.0395  -2.6064
  1.3878  -0.0502  -2.6206
  1.3888  -0.0609  -2.6352
  1.3899  -0.0716  -2.6501
  1.3910  -0.0823  -2.6654
  1.3922  -0.0930  -2.6811
  1.3935  -0.1037  -2.6972
  1.3949  -0.1145  -2.7139
  1.3963  -0.1253  -2.7312
  1.3979  -0.1362  -2.7491
  1.3995  -0.1470  -2.7678
  1.4012  -0.1579  -2.7875
  1.4030  -0.1689  -2.8084
  1.4049  -0.1799  -2.8307
  1.4069  -0.1910  -2.8547
  1.4091  -0.2023  -2.8808
  1.4115  -0.2136  -2.9097
  1.4140  -0.2251  -2.9418
  1.4167  -0.2369  -2.9782
  1.4197  -0.2489  -3.0199
  1.4230  -0.2613  -3.0683
  1.4267  -0.2741  -3.1253
  1.4266  -0.2840  -3.1252
  1.4266  -0.2939  -3.1252
  1.4265  -0.3038  -3.1252
  1.4264  -0.3137  -3.1252
  1.4264  -0.3237  -3.1252
  1.4263  -0.3336  -3.1252
  1.4279  -0.3411  -3.1819
  1.4256  -0.3324  -3.1107
  1.4234  -0.3238  -3.0394
  1.4213  -0.3152  -2.9679
  1.4193  -0.3067  -2.8964
  1.4173  -0.2982  -2.8247
  1.4154  -0.2898  -2.7529
  1.4136  -0.2815  -2.6809
  1.4118  -0.2732  -2.6087
  1.4101  -0.2649  -2.5364
  1.4085  -0.2567  -2.4639
  1.4069  -0.2485  -2.3913
  1.4054  -0.2404  -2.3184
  1.4040  -0.2323  -2.2454
  1.4026  -0.2242  -2.1722
  1.4013  -0.2162  -2.0987
  1.4001  -0.2082  -2.0251
  1.3989  -0.2003  -1.9512
  1.3977  -0.1924  -1.8771
  1.3967  -0.1845  -1.8028
  1.3956  -0.1767  -1.7282
  1.3947  -0.1689  -1.6534
  1.3938  -0.1612  -1.5783
  1.3929  -0.1535  -1.5030
  1.3921  -0.1458  -1.4274
  1.3914  -0.1381  -1.3515
  1.3907  -0.1305  -1.2753
  1.3900  -0.1229  -1.1988
  1.3894  -0.1153  -1.1220
  1.3889  -0.1078  -1.0449
  1.3884  -0.1003  -0.9675
  1.3879  -0.0928  -0.8897
  1.3875  -0.0854  -0.8116
  1.3872  -0.0780  -0.7332
  1.3869  -0.0706  -0.6545
  1.3866  -0.0633  -0.5753
  1.3864  -0.0559  -0.4959
  1.3862  -0.0486  -0.4160
  1.3861  -0.0413  -0.3358
  1.3860  -0.0341  -0.2552
  1.3859  -0.0269  -0.1742
  1.3859  -0.0197  -0.0928
  1.3859  -0.0125  -0.0110
  1.3860  -0.0054   0.0712
  1.3861   0.0017   0.1538
  1.3863   0.0088   0.2368
  1.3865   0.0159   0.3202
  1.3867   0.0229   0.4041
  1.3870   0.0300   0.4883
  1.3873   0.0369   0.5730
  1.3876   0.0439   0.6582
  1.3880   0.0508   0.7437
  1.3884   0.0578   0.8297
  1.3889   0.0646   0.9162
  1.3894   0.0715   1.0031
  1.3899   0.0783   1.0905
  1.3905   0.0851   1.1782
  1.3911   0.0919   1.2665
  1.3917   0.0987   1.3552
  1.3924   0.1054   1.4444
  1.3931   0.1121   1.5340
  1.3938   0.1188   1.6241
  1.3946   0.1254   1.7146
  1.3954   0.1321   1.8056
  1.3963   0.1387   1.8971
  1.3972   0.1452   1.9890
  1.3981   0.1517   2.0815
  1.3990   0.1582   2.1743
  1.4000   0.1647   2.2677
  1.4010   0.1711   2.3616
  1.4021   0.1775   2.4559
  1.4031   0.1839   2.5507
  1.4043   0.1902   2.6461
  1.4054   0.1965   2.7419
  1.4066   0.2027   2.8382
  1.4077   0.2089   2.9351
  1.4090   0.2151   3.0325
  1.4102   0.2212   3.1305
  1.4115   0.2272   3.2290
  1.4128   0.2332   3.3281
  1.4128   0.2332   3.3281
  1.4115   0.2226   3.3247
  1.4103   0.2124   3.3254
  1.4091   0.2024   3.3292
  1.4079   0.1926   3.3355
  1.4068   0.1829   3.3438
  1.4058   0.1734   3.3534
  1.4047   0.1640   3.3642
  1.4037   0.1547   3.3758
  1.4028   0.1454   3.3879
  1.4018   0.1362   3.4004
  1.4009   0.1271   3.4131
  1.4000   0.1179   3.4259
  1.3991   0.1088   3.4387
  1.3982   0.0997   3.4515
  1.3973   0.0907   3.4640
  1.3965   0.0816   3.4764
  1.3956   0.0725   3.4885
  1.3948   0.0635   3.5004
  1.3940   0.0544   3.5120
  1.3932   0.0454   3.5232
  1.3924   0.0363   3.5341
  1.3917   0.0272   3.5447
  1.3909   0.0182   3.5549
  1.3902   0.0091   3.5647
  1.3895  -0.0000   3.5741
  1.3888  -0.0091   3.5832
  1.3881  -0.0182   3.5918
  1.3875  -0.0274   3.6001
  1.3868  -0.0365   3.6080
  1.3862  -0.0457   3.6154
  1.3856  -0.0549   3.6225
  1.3850  -0.0641   3.6291
  1.3845  -0.0733   3.6353
  1.3839  -0.0825   3.6411
  1.3834  -0.0918   3.6465
  1.3829  -0.1011   3.6515
  1.3825  -0.1104   3.6560
  1.3820  -0.1197   3.6601
  1.3816  -0.1291   3.6637
  1.3812  -0.1385   3.6670
  1.3809  -0.1479   3.6697
  1.3806  -0.1574   3.6721
  1.3803  -0.1669   3.6740
  1.3800  -0.1764   3.6754
  1.3798  -0.1859   3.6763
  1.3796  -0.1955   3.6768
  1.3794  -0.2052   3.6768
  1.3793  -0.2148   3.6764
  1.3792  -0.2246   3.6754
  1.3792  -0.2343   3.6740
  1.3792  -0.2441   3.6720
  1.3792  -0.2540   3.6696
  1.3793  -0.2639   3.6666
  1.3795  -0.2739   3.6631
  1.3797  -0.2839   3.6591
  1.3799  -0.2940   3.6545
  1.3802  -0.3041   3.6493
  1.3806  -0.3143   3.6436
  1.3810  -0.3246   3.6373
  1.3815  -0.3349   3.6304
  1.3820  -0.3453   3.6229
  1.3826  -0.3558   3.6148
  1.3833  -0.3664   3.6060
  1.3841  -0.3770   3.5966
  1.3849  -0.3877   3.5865
  1.3858  -0.3986   3.5757
  1.3868  -0.4095   3.5642
  1.3879  -0.4205   3.5520
  1.3890  -0.4316   3.5391
  1.3903  -0.4428   3.5254
  1.3917  -0.4541   3.5110
  1.3932  -0.4656   3.4957
  1.3947  -0.4771   3.4796
  1.3965  -0.4888   3.4626
  1.3983  -0.5005   3.4447
  1.4003  -0.5123   3.4258
  1.4025  -0.5243   3.4057
  1.4049  -0.5363   3.3844
  1.4075  -0.5483   3.3616
  1.4074  -0.5582   3.3616
  1.4073  -0.5681   3.3616
  1.4072  -0.5780   3.3616
  1.4071  -0.5879   3.3616
  1.4070  -0.5978   3.3616
  1.4069  -0.6077   3.3616
  1.4007  -0.6127   3.4037
  1.4007  -0.5974   3.2643
  1.4007  -0.5822   3.1269
  1.4007  -0.5668   2.9914
  1.4007  -0.5515   2.8577
  1.4007  -0.5361   2.7259
  1.4008  -0.5207   2.5959
  1.4008  -0.5053   2.4676
  1.4009  -0.4898   2.3411
  1.4010  -0.4743   2.2163
  1.4011  -0.4588   2.0931
  1.4013  -0.4433   1.9717
  1.4014  -0.4278   1.8518
  1.4016  -0.4122   1.7336
  1.4018  -0.3966   1.6170
  1.4020  -0.3810   1.5020
  1.4023  -0.3654   1.3886
  1.4025  -0.3498   1.2766
  1.4028  -0.3342   1.1663
  1.4032  -0.3185   1.0574
  1.4035  -0.3029   0.9501
  1.4039  -0.2872   0.8442
  1.4043  -0.2716   0.7398
  1.4047  -0.2559   0.6369
  1.4052  -0.2402   0.5355
  1.4057  -0.2246   0.4355
  1.4062  -0.2089   0.3369
  1.4068  -0.1932   0.2398
  1.4074  -0.1776   0.1441
  1.4081  -0.1619   0.0497
  1.4088  -0.1462  -0.0432
  1.4095  -0.1306  -0.1347
  1.4103  -0.1149  -0.2249
  1.4111  -0.0993  -0.3137
  1.4119  -0.0836  -0.4012
  1.4128  -0.0680  -0.4873
  1.4137  -0.0524  -0.5721
  1.4147  -0.0368  -0.6555
  1.4158  -0.0212  -0.7377
  1.4168  -0.0056  -0.8185
  1.4179   0.0099  -0.8980
  1.4191   0.0255  -0.9763
  1.4203   0.0410  -1.0533
  1.4216   0.0565  -1.1290
  1.4229   0.0720  -1.2034
  1.4242   0.0874  -1.2767
  1.4257   0.1029  -1.3486
  1.4271   0.1183  -1.4194
  1.4286   0.1337  -1.4889
  1.4302   0.1491  -1.5573
  1.4318   0.1645  -1.6244
  1.4334   0.1798  -1.6904
  1.4352   0.1951  -1.7551
  1.4369   0.2104  -1.8188
  1.4387   0.2256  -1.8812
  1.4406   0.2408  -1.9426
  1.4425   0.2560  -2.0028
  1.4445   0.2712  -2.0618
  1.4465   0.2863  -2.1198
  1.4485   0.3014  -2.1767
  1.4506   0.3165  -2.2325
  1.4528   0.3315  -2.2872
  1.4550   0.3465  -2.3408
  1.4572   0.3615  -2.3934
  1.4595   0.3764  -2.4450
  1.4619   0.3913  -2.4955
  1.4643   0.4062  -2.5451
  1.4667   0.4210  -2.5936
  1.4692   0.4358  -2.6411
  1.4717   0.4506  -2.6876
  1.4743   0.4653  -2.7332
  1.4769   0.4800  -2.7778
  1.4795   0.4946  -2.8215
  1.4822   0.5092  -2.8643
  1.4849   0.5238  -2.9061
  1.4877   0.5383  -2.9471
  1.4905   0.5528  -2.9871
  1.4933   0.5673  -3.0263
  1.4962   0.5817  -3.0647
  1.4991   0.5961  -3.1022
  1.4991   0.5961  -3.1022
  1.5080   0.5884  -3.1480
  1.5095   0.5748  -3.1353
  1.5082   0.5594  -3.1003
  1.5063   0.5440  -3.0625
  1.5043   0.5291  -3.0249
  1.5022   0.5147  -2.9883
  1.5001   0.5009  -2.9533
  1.4981   0.4876  -2.9200
  1.4959   0.4749  -2.8881
  1.4938   0.4627  -2.8576
  1.4916   0.4510  -2.8284
  1.4893   0.4397  -2.8002
  1.4870   0.4288  -2.7729
  1.4845   0.4183  -2.7464
  1.4820   0.4082  -2.7206
  1.4793   0.3984  -2.6955
  1.4766   0.3889  -2.6709
  1.4737   0.3797  -2.6470
  1.4708   0.3709  -2.6237
  1.4678   0.3623  -2.6012
  1.4648   0.3540  -2.5797
  1.4619   0.3461  -2.5595
  1.4590   0.3385  -2.5409
  1.4563   0.3313  -2.5243
  1.4538   0.3244  -2.5103
  1.4516   0.3179  -2.4991
  1.4497   0.3117  -2.4905
  1.4481   0.3056  -2.4842
  1.4467   0.2996  -2.4798
  1.4455   0.2936  -2.4771
  1.4444   0.2876  -2.4756
  1.4435   0.2816  -2.4752
  1.4426   0.2755  -2.4757
  1.4417   0.2692  -2.4769
  1.4410   0.2628  -2.4789
  1.4402   0.2563  -2.4815
  1.4395   0.2497  -2.4846
  1.4389   0.2429  -2.4882
  1.4382   0.2360  -2.4923
  1.4376   0.2288  -2.4968
  1.4370   0.2216  -2.5017
  1.4364   0.2141  -2.5069
  1.4358   0.2065  -2.5125
  1.4353   0.1987  -2.5184
  1.4348   0.1908  -2.5245
  1.4343   0.1827  -2.5309
  1.4338   0.1744  -2.5376
  1.4334   0.1659  -2.5445
  1.4330   0.1572  -2.5517
  1.4326   0.1484  -2.5590
  1.4323   0.1394  -2.5666
  1.4321   0.1302  -2.5743
  1.4319   0.1208  -2.5822
  1.4319   0.1113  -2.5904
  1.4318   0.1016  -2.5987
  1.4319   0.0917  -2.6072
  1.4321   0.0816  -2.6160
  1.4324   0.0714  -2.6250
  1.4328   0.0610  -2.6342
  1.4333   0.0504  -2.6438
  1.4339   0.0396  -2.6536
  1.4347   0.0287  -2.6638
  1.4357   0.0176  -2.6744
  1.4368   0.0063  -2.6854
  1.4381  -0.0051  -2.6970
  1.4395  -0.0168  -2.7092
  1.4411  -0.0286  -2.7221
  1.4430  -0.0407  -2.7358
  1.4450  -0.0530  -2.7504
  1.4472  -0.0656  -2.7663
  1.4496  -0.0785  -2.7836
  1.4523  -0.0917  -2.8027
  1.4551  -0.1053  -2.8239
  1.4583  -0.1195  -2.8478
  1.4616  -0.1343  -2.8752
  1.4652  -0.1499  -2.9070
  1.4691  -0.1664  -2.9445
  1.4734  -0.1843  -2.9896
  1.4779  -0.2038  -3.0453
  1.4766  -0.2139  -3.1183
  1.4781  -0.2074  -3.0648
  1.4796  -0.2007  -3.0113
  1.4812  -0.1941  -2.9578
  1.4829  -0.1874  -2.9043
  1.4846  -0.1807  -2.8506
  1.4863  -0.1739  -2.7967
  1.4881  -0.1671  -2.7425
  1.4899  -0.1604  -2.6880
  1.4918  -0.1536  -2.6331
  1.4938  -0.1468  -2.5779
  1.4957  -0.1400  -2.5222
  1.4977  -0.1332  -2.4660
  1.4997  -0.1264  -2.4093
  1.5018  -0.1196  -2.3520
  1.5039  -0.1128  -2.2942
  1.5060  -0.1060  -2.2357
  1.5081  -0.0993  -2.1766
  1.5103  -0.0925  -2.1169
  1.5125  -0.0858  -2.0564
  1.5147  -0.0791  -1.9953
  1.5169  -0.0724  -1.9334
  1.5192  -0.0657  -1.8708
  1.5215  -0.0591  -1.8074
  1.5238  -0.0524  -1.7433
  1.5261  -0.0458  -1.6783
  1.5284  -0.0392  -1.6126
  1.5308  -0.0326  -1.5460
  1.5331  -0.0260  -1.4786
  1.5355  -0.0194  -1.4103
  1.5380  -0.0128  -1.3412
  1.5404  -0.0063  -1.2712
  1.5428   0.0002  -1.2003
  1.5453   0.0067  -1.1285
  1.5478   0.0132  -1.0558
  1.5503   0.0197  -0.9823
  1.5528   0.0262  -0.9078
  1.5554   0.0326  -0.8323
  1.5580   0.0391  -0.7560
  1.5605   0.0455  -0.6787
  1.5631   0.0519  -0.6004
  1.5658   0.0583  -0.5212
  1.5684   0.0647  -0.4411
  1.5711   0.0711  -0.3600
  1.5737   0.0775  -0.2779
  1.5764   0.0838  -0.1948
  1.5792   0.0902  -0.1108
  1.5819   0.0966  -0.0258
  1.5847   0.1029   0.0602
  1.5874   0.1092   0.1472
  1.5902   0.1155   0.2351
  1.5930   0.1218   0.3241
  1.5959   0.1281   0.4141
  1.5987   0.1344   0.5050
  1.6016   0.1407   0.5970
  1.6045   0.1469   0.6900
  1.6074   0.1531   0.7841
  1.6104   0.1594   0.8791
  1.6133   0.1656   0.9752
  1.6163   0.1717   1.0724
  1.6193   0.1779   1.1706
  1.6223   0.1840   1.2699
  1.6253   0.1901   1.3702
  1.6283   0.1962   1.4717
  1.6314   0.2022   1.5743
  1.6345   0.2082   1.6780
  1.6375   0.2141   1.7829
  1.6406   0.2200   1.8889
  1.6437   0.2259   1.9962
  1.6468   0.2316   2.1047
  1.6499   0.2374   2.2145
  1.6530   0.2430   2.3257
  1.6562   0.2486   2.4382
  1.6593   0.2540   2.5521
  1.6624   0.2594   2.6674
  1.6655   0.2647   2.7844
  1.6686   0.2698   2.9029
  1.6717   0.2748   3.0231
  1.6747   0.2797   3.1450
  1.6778   0.2844   3.2689
  1.6778   0.2844   3.2689
  1.6722   0.2671   3.2319
  1.6672   0.2519   3.2086
  1.6628   0.2385   3.1969
  1.6589   0.2266   3.1953
  1.6555   0.2160   3.2018
  1.6526   0.2064   3.2150
  1.6500   0.1976   3.2332
  1.6477   0.1894   3.2550
  1.6458   0.1817   3.2794
  1.6440   0.1742   3.3054
  1.6425   0.1670   3.3324
  1.6411   0.1599   3.3597
  1.6399   0.1529   3.3870
  1.6388   0.1459   3.4141
  1.6378   0.1389   3.4406
  1.6369   0.1318   3.4664
  1.6361   0.1247   3.4913
  1.6353   0.1175   3.5154
  1.6346   0.1102   3.5385
  1.6340   0.1028   3.5605
  1.6334   0.0953   3.5816
  1.6329   0.0877   3.6015
  1.6324   0.0800   3.6204
  1.6320   0.0722   3.6383
  1.6316   0.0642   3.6550
  1.6313   0.0562   3.6707
  1.6310   0.0481   3.6853
  1.6307   0.0398   3.6988
  1.6305   0.0315   3.7113
  1.6304   0.0231   3.7228
  1.6302   0.0145   3.7332
  1.6302   0.0059   3.7426
  1.6301  -0.0029   3.7509
  1.6301  -0.0117   3.7583
  1.6302  -0.0206   3.7646
  1.6303  -0.0296   3.7699
  1.6305  -0.0387   3.7743
  1.6307  -0.0479   3.7776
  1.6309  -0.0571   3.7800
  1.6312  -0.0664   3.7814
  1.6315  -0.0758   3.7819
  1.6319  -0.0853   3.7814
  1.6324  -0.0949   3.7800
  1.6329  -0.1045   3.7777
  1.6334  -0.1142   3.7745
  1.6340  -0.1240   3.7703
  1.6347  -0.1338   3.7652
  1.6354  -0.1437   3.7593
  1.6362  -0.1536   3.7525
  1.6370  -0.1636   3.7448
  1.6379  -0.1737   3.7362
  1.6388  -0.1838   3.7268
  1.6398  -0.1940   3.7166
  1.6408  -0.2042   3.7055
  1.6419  -0.2145   3.6936
  1.6431  -0.2248   3.6809
  1.6443  -0.2352   3.6673
  1.6456  -0.2456   3.6530
  1.6470  -0.2561   3.6379
  1.6483  -0.2666   3.6219
  1.6498  -0.2772   3.6053
  1.6513  -0.2878   3.5878
  1.6529  -0.2985   3.5697
  1.6545  -0.3093   3.5507
  1.6561  -0.3202   3.5311
  1.6578  -0.3312   3.5108
  1.6595  -0.3423   3.4898
  1.6613  -0.3535   3.4682
  1.6631  -0.3648   3.4460
  1.6649  -0.3764   3.4232
  1.6667  -0.3882   3.4000
  1.6685  -0.4002   3.3764
  1.6702  -0.4126   3.3526
  1.6719  -0.4254   3.3286
  1.6735  -0.4387   3.3046
  1.6750  -0.4527   3.2810
  1.6763  -0.4674   3.2579
  1.6774  -0.4831   3.2357
  1.6721  -0.4902   3.2924
  1.6710  -0.4818   3.1445
  1.6697  -0.4732   2.9996
  1.6685  -0.4643   2.8576
  1.6673  -0.4553   2.7184
  1.6660  -0.4461   2.5818
  1.6646  -0.4367   2.4478
  1.6633  -0.4271   2.3161
  1.6619  -0.4174   2.1868
  1.6605  -0.4075   2.0598
  1.6590  -0.3974   1.9348
  1.6576  -0.3873   1.8120
  1.6561  -0.3770   1.6912
  1.6545  -0.3665   1.5723
  1.6530  -0.3560   1.4553
  1.6514  -0.3453   1.3401
  1.6497  -0.3345   1.2267
  1.6481  -0.3237   1.1150
  1.6464  -0.3127   1.0050
  1.6447  -0.3016   0.8967
  1.6430  -0.2904   0.7900
  1.6412  -0.2791   0.6848
  1.6395  -0.2677   0.5812
  1.6377  -0.2562   0.4792
  1.6359  -0.2446   0.3786
  1.6341  -0.2330   0.2795
  1.6323  -0.2212   0.1819
  1.6304  -0.2094   0.0857
  1.6286  -0.1975  -0.0091
  1.6267  -0.1854  -0.1025
  1.6249  -0.1734  -0.1946
  1.6230  -0.1612  -0.2852
  1.6211  -0.1490  -0.3745
  1.6193  -0.1366  -0.4625
  1.6174  -0.1242  -0.5491
  1.6156  -0.1118  -0.6344
  1.6137  -0.0992  -0.7184
  1.6119  -0.0866  -0.8012
  1.6101  -0.0739  -0.8826
  1.6082  -0.0612  -0.9627
  1.6064  -0.0484  -1.0416
  1.6047  -0.0355  -1.1192
  1.6029  -0.0225  -1.1956
  1.6011  -0.0095  -1.2707
  1.5994   0.0035  -1.3446
  1.5977   0.0166  -1.4173
  1.5960   0.0298  -1.4888
  1.5943   0.0431  -1.5590
  1.5927   0.0563  -1.6280
  1.5911   0.0697  -1.6959
  1.5895   0.0830  -1.7626
  1.5880   0.0965  -1.8281
  1.5864   0.1099  -1.8924
  1.5849   0.1235  -1.9556
  1.5835   0.1370  -2.0176
  1.5820   0.1506  -2.0785
  1.5806   0.1642  -2.1383
  1.5793   0.1779  -2.1970
  1.5779   0.1915  -2.2545
  1.5766   0.2053  -2.3110
  1.5754   0.2190  -2.3665
  1.5741   0.2327  -2.4209
  1.5730   0.2465  -2.4742
  1.5718   0.2603  -2.5266
  1.5707   0.2741  -2.5779
  1.5695   0.2879  -2.6283
  1.5685   0.3017  -2.6777
  1.5674   0.3155  -2.7263
  1.5664   0.3293  -2.7739
  1.5654   0.3432  -2.8207
  1.5645   0.3569  -2.8666
  1.5635   0.3707  -2.9118
  1.5626   0.3845  -2.9562
  1.5617   0.3982  -2.9999
  1.5609   0.4119  -3.0429
  1.5600   0.4255  -3.0853
  1.5592   0.4391  -3.1271
  1.5583   0.4526  -3.1685
  1.5575   0.4661  -3.2093
  1.5567   0.4795  -3.2499
  1.5567   0.4795  -3.2499
  1.5503   0.4668  -3.1751
  1.5449   0.4554  -3.1087
  1.5403   0.4449  -3.0492
  1.5363   0.4351  -2.9957
  1.5329   0.4259  -2.9473
  1.5298   0.4172  -2.9031
  1.5270   0.4087  -2.8628
  1.5245   0.4004  -2.8257
  1.5222   0.3923  -2.7916
  1.5201   0.3843  -2.7601
  1.5181   0.3763  -2.7310
  1.5162   0.3683  -2.7041
  1.5145   0.3603  -2.6792
  1.5127   0.3522  -2.6563
  1.5111   0.3441  -2.6352
  1.5095   0.3359  -2.6158
  1.5080   0.3276  -2.5981
  1.5065   0.3193  -2.5819
  1.5051   0.3108  -2.5672
  1.5037   0.3023  -2.5540
  1.5024   0.2936  -2.5422
  1.5011   0.2848  -2.5318
  1.4999   0.2760  -2.5227
  1.4987   0.2670  -2.5148
  1.4976   0.2580  -2.5081
  1.4965   0.2488  -2.5027
  1.4954   0.2396  -2.4984
  1.4945   0.2303  -2.4951
  1.4935   0.2209  -2.4930
  1.4927   0.2114  -2.4918
  1.4918   0.2019  -2.4917
  1.4911   0.1922  -2.4924
  1.4904   0.1825  -2.4941
  1.4898   0.1728  -2.4967
  1.4892   0.1630  -2.5000
  1.4888   0.1531  -2.5042
  1.4883   0.1431  -2.5090
  1.4880   0.1332  -2.5146
  1.4877   0.1231  -2.5209
  1.4875   0.1131  -2.5277
  1.4874   0.1030  -2.5352
  1.4873   0.0928  -2.5433
  1.4874   0.0827  -2.5518
  1.4874   0.0725  -2.5609
  1.4876   0.0622  -2.5704
  1.4878   0.0520  -2.5803
  1.4881   0.0417  -2.5906
  1.4885   0.0315  -2.6013
  1.4889   0.0212  -2.6123
  1.4894   0.0109  -2.6236
  1.4900   0.0006  -2.6352
  1.4906  -0.0098  -2.6470
  1.4913  -0.0201  -2.6591
  1.4921  -0.0305  -2.6714
  1.4929  -0.0408  -2.6840
  1.4938  -0.0512  -2.6967
  1.4947  -0.0615  -2.7095
  1.4957  -0.0719  -2.7226
  1.4967  -0.0823  -2.7358
  1.4978  -0.0927  -2.7492
  1.4989  -0.1031  -2.7628
  1.5001  -0.1135  -2.7766
  1.5013  -0.1240  -2.7907
  1.5026  -0.1344  -2.8051
  1.5039  -0.1450  -2.8199
  1.5053  -0.1555  -2.8351
  1.5067  -0.1662  -2.8509
  1.5082  -0.1769  -2.8675
  1.5097  -0.1877  -2.8850
  1.5113  -0.1987  -2.9038
  1.5130  -0.2098  -2.9240
  1.5147  -0.2211  -2.9463
  1.5166  -0.2327  -2.9710
  1.5186  -0.2445  -2.9989
  1.5207  -0.2568  -3.0309
  1.5231  -0.2696  -3.0679
  1.5257  -0.2830  -3.1114
  1.5286  -0.2972  -3.1631
  1.5319  -0.3124  -3.2250
  1.5318  -0.3223  -3.2245
  1.5317  -0.3322  -3.2245
  1.5317  -0.3422  -3.2245
  1.5316  -0.3521  -3.2245
  1.5334  -0.3596  -3.2814
  1.5323  -0.3512  -3.2263
  1.5313  -0.3427  -3.1707
  1.5303  -0.3344  -3.1146
  1.5294  -0.3260  -3.0580
  1.5286  -0.3177  -3.0009
  1.5278  -0.3094  -2.9434
  1.5270  -0.3012  -2.8853
  1.5263  -0.2929  -2.8266
  1.5257  -0.2848  -2.7675
  1.5251  -0.2766  -2.7078
  1.5245  -0.2684  -2.6475
  1.5240  -0.2603  -2.5867
  1.5236  -0.2522  -2.5253
  1.5232  -0.2441  -2.4633
  1.5228  -0.2361  -2.4007
  1.5225  -0.2280  -2.3376
  1.5222  -0.2200  -2.2738
  1.5220  -0.2120  -2.2094
  1.5218  -0.2040  -2.1443
  1.5217  -0.1961  -2.0786
  1.5216  -0.1881  -2.0123
  1.5215  -0.1802  -1.9453
  1.5215  -0.1722  -1.8776
  1.5215  -0.1643  -1.8092
  1.5215  -0.1564  -1.7400
  1.5216  -0.1486  -1.6702
  1.5217  -0.1407  -1.5997
  1.5219  -0.1328  -1.5284
  1.5221  -0.1250  -1.4563
  1.5223  -0.1171  -1.3835
  1.5225  -0.1093  -1.3099
  1.5228  -0.1015  -1.2355
  1.5231  -0.0936  -1.1603
  1.5235  -0.0858  -1.0843
  1.5239  -0.0780  -1.0075
  1.5242  -0.0702  -0.9298
  1.5247  -0.0624  -0.8513
  1.5251  -0.0546  -0.7719
  1.5256  -0.0468  -0.6917
  1.5261  -0.0390  -0.6106
  1.5267  -0.0312  -0.5286
  1.5272  -0.0235  -0.4457
  1.5278  -0.0157  -0.3619
  1.5284  -0.0079  -0.2771
  1.5290  -0.0001  -0.1915
  1.5297   0.0077  -0.1049
  1.5304   0.0155  -0.0174
  1.5311   0.0233   0.0711
  1.5318   0.0311   0.1605
  1.5326   0.0388   0.2509
  1.5334   0.0466   0.3423
  1.5342   0.0544   0.4346
  1.5350   0.0622   0.5279
  1.5359   0.0700   0.6222
  1.5367   0.0778   0.7175
  1.5376   0.0856   0.8138
  1.5386   0.0934   0.9111
  1.5395   0.1012   1.0094
  1.5405   0.1090   1.1087
  1.5415   0.1168   1.2090
  1.5425   0.1246   1.3104
  1.5435   0.1324   1.4127
  1.5446   0.1402   1.5161
  1.5457   0.1480   1.6205
  1.5468   0.1558   1.7259
  1.5479   0.1635   1.8324
  1.5491   0.1713   1.9399
  1.5503   0.1791   2.0484
  1.5515   0.1868   2.1579
  1.5527   0.1945   2.2686
  1.5540   0.2022   2.3802
  1.5552   0.2099   2.4929
  1.5565   0.2176   2.6067
  1.5579   0.2252   2.7216
  1.5592   0.2328   2.8376
  1.5605   0.2404   2.9546
  1.5619   0.2479   3.0728
  1.5633   0.2554   3.1921
  1.5647   0.2629   3.3125
  1.5647   0.2629   3.3125
  1.5616   0.2535   3.3230
  1.5588   0.2446   3.3374
  1.5562   0.2360   3.3545
  1.5538   0.2275   3.3734
  1.5516   0.2191   3.3934
  1.5494   0.2108   3.4142
  1.5474   0.2025   3.4353
  1.5455   0.1943   3.4564
  1.5437   0.1860   3.4774
  1.5420   0.1777   3.4980
  1.5404   0.1694   3.5182
  1.5389   0.1610   3.5379
  1.5375   0.1526   3.5570
  1.5361   0.1442   3.5754
  1.5348   0.1357   3.5931
  1.5335   0.1272   3.6101
  1.5324   0.1186   3.6264
  1.5312   0.1099   3.6419
  1.5302   0.1012   3.6567
  1.5292   0.0925   3.6707
  1.5283   0.0837   3.6839
  1.5274   0.0748   3.6964
  1.5265   0.0659   3.7081
  1.5258   0.0569   3.7190
  1.5250   0.0479   3.7293
  1.5244   0.0388   3.7387
  1.5237   0.0297   3.7475
  1.5231   0.0205   3.7555
  1.5226   0.0112   3.7629
  1.5221   0.0019   3.7695
  1.5217  -0.0074   3.7754
  1.5213  -0.0168   3.7807
  1.5210  -0.0263   3.7852
  1.5207  -0.0358   3.7891
  1.5204  -0.0454   3.7923
  1.5203  -0.0550   3.7948
  1.5201  -0.0646   3.7967
  1.5200  -0.0744   3.7980
  1.5200  -0.0841   3.7986
  1.5200  -0.0939   3.7985
  1.5200  -0.1038   3.7978
  1.5201  -0.1137   3.7965
  1.5203  -0.1236   3.7946
  1.5205  -0.1336   3.7920
  1.5207  -0.1437   3.7888
  1.5210  -0.1538   3.7850
  1.5213  -0.1639   3.7806
  1.5217  -0.1741   3.7756
  1.5222  -0.1843   3.7700
  1.5227  -0.1946   3.7638
  1.5233  -0.2049   3.7569
  1.5239  -0.2153   3.7495
  1.5245  -0.2257   3.7414
  1.5253  -0.2362   3.7328
  1.5260  -0.2467   3.7235
  1.5269  -0.2572   3.7137
  1.5278  -0.2678   3.7032
  1.5287  -0.2785   3.6922
  1.5297  -0.2892   3.6805
  1.5307  -0.2999   3.6683
  1.5319  -0.3107   3.6555
  1.5330  -0.3216   3.6421
  1.5342  -0.3324   3.6281
  1.5355  -0.3434   3.6135
  1.5369  -0.3544   3.5984
  1.5382  -0.3654   3.5827
  1.5397  -0.3766   3.5665
  1.5412  -0.3877   3.5498
  1.5427  -0.3990   3.5327
  1.5443  -0.4103   3.5152
  1.5460  -0.4216   3.4973
  1.5477  -0.4331   3.4793
  1.5495  -0.4446   3.4611
  1.5513  -0.4562   3.4429
  1.5464  -0.4626   3.4930
  1.5459  -0.4536   3.3581
  1.5453  -0.4445   3.2251
  1.5447  -0.4352   3.0939
  1.5440  -0.4259   2.9645
  1.5433  -0.4165   2.8369
  1.5425  -0.4069   2.7109
  1.5418  -0.3973   2.5866
  1.5409  -0.3875   2.4639
  1.5401  -0.3777   2.3428
  1.5392  -0.3678   2.2232
  1.5383  -0.3577   2.1052
  1.5373  -0.3476   1.9886
  1.5363  -0.3374   1.8735
  1.5353  -0.3271   1.7599
  1.5343  -0.3167   1.6477
  1.5332  -0.3063   1.5369
  1.5321  -0.2957   1.4274
  1.5310  -0.2851   1.3194
  1.5298  -0.2743   1.2127
  1.5287  -0.2635   1.1073
  1.5275  -0.2526   1.0032
  1.5263  -0.2416   0.9005
  1.5251  -0.2306   0.7990
  1.5239  -0.2194   0.6988
  1.5226  -0.2082   0.5999
  1.5214  -0.1968   0.5023
  1.5202  -0.1854   0.4059
  1.5189  -0.1740   0.3107
  1.5177  -0.1624   0.2168
  1.5164  -0.1507   0.1241
  1.5152  -0.1390   0.0327
  1.5139  -0.1272  -0.0576
  1.5127  -0.1153  -0.1466
  1.5115  -0.1033  -0.2345
  1.5103  -0.0913  -0.3212
  1.5091  -0.0792  -0.4066
  1.5079  -0.0670  -0.4909
  1.5067  -0.0547  -0.5741
  1.5055  -0.0424  -0.6560
  1.5044  -0.0300  -0.7368
  1.5033  -0.0175  -0.8164
  1.5022  -0.0049  -0.8949
  1.5011   0.0077  -0.9722
  1.5001   0.0204  -1.0484
  1.4990   0.0332  -1.1235
  1.4980   0.0460  -1.1974
  1.4971   0.0589  -1.2701
  1.4961   0.0718  -1.3418
  1.4952   0.0848  -1.4123
  1.4944   0.0979  -1.4818
  1.4935   0.1111  -1.5501
  1.4927   0.1243  -1.6173
  1.4920   0.1375  -1.6834
  1.4912   0.1508  -1.7484
  1.4905   0.1642  -1.8124
  1.4899   0.1776  -1.8752
  1.4893   0.1911  -1.9370
  1.4887   0.2046  -1.9978
  1.4882   0.2182  -2.0575
  1.4877   0.2318  -2.1161
  1.4872   0.2454  -2.1737
  1.4868   0.2591  -2.2302
  1.4864   0.2729  -2.2858
  1.4861   0.2867  -2.3403
  1.4858   0.3005  -2.3938
  1.4856   0.3144  -2.4464
  1.4854   0.3283  -2.4979
  1.4852   0.3422  -2.5485
  1.4851   0.3562  -2.5981
  1.4850   0.3702  -2.6468
  1.4850   0.3842  -2.6946
  1.4849   0.3983  -2.7414
  1.4850   0.4124  -2.7873
  1.4851   0.4265  -2.8324
  1.4852   0.4406  -2.8765
  1.4853   0.4547  -2.9198
  1.4855   0.4689  -2.9623
  1.4857   0.4831  -3.0039
  1.4859   0.4973  -3.0448
  1.4859   0.4973  -3.0448
  1.4812   0.4868  -2.9720
  1.4771   0.4770  -2.9084
  1.4735   0.4676  -2.8523
  1.4703   0.4586  -2.8026
  1.4674   0.4498  -2.7582
  1.4648   0.4413  -2.7183
  1.4624   0.4328  -2.6823
  1.4602   0.4244  -2.6495
  1.4581   0.4161  -2.6196
  1.4562   0.4077  -2.5922
  1.4543   0.3993  -2.5669
  1.4525   0.3909  -2.5437
  1.4508   0.3825  -2.5222
  1.4492   0.3740  -2.5024
  1.4476   0.3654  -2.4841
  1.4460   0.3568  -2.4672
  1.4445   0.3481  -2.4516
  1.4431   0.3393  -2.4373
  1.4417   0.3304  -2.4242
  1.4403   0.3214  -2.4123
  1.4390   0.3124  -2.4014
  1.4377   0.3033  -2.3916
  1.4365   0.2942  -2.3828
  1.4353   0.2849  -2.3750
  1.4341   0.2756  -2.3681
  1.4330   0.2662  -2.3622
  1.4319   0.2567  -2.3571
  1.4309   0.2472  -2.3529
  1.4299   0.2376  -2.3495
  1.4290   0.2279  -2.3469
  1.4281   0.2182  -2.3451
  1.4273   0.2084  -2.3441
  1.4265   0.1986  -2.3437
  1.4258   0.1887  -2.3441
  1.4251   0.1787  -2.3452
  1.4245   0.1687  -2.3469
  1.4240   0.1586  -2.3493
  1.4235   0.1485  -2.3523
  1.4230   0.1384  -2.3559
  1.4226   0.1282  -2.3601
  1.4223   0.1179  -2.3649
  1.4220   0.1076  -2.3702
  1.4218   0.0973  -2.3761
  1.4217   0.0870  -2.3824
  1.4216   0.0766  -2.3893
  1.4216   0.0661  -2.3966
  1.4216   0.0557  -2.4044
  1.4217   0.0452  -2.4127
  1.4219   0.0347  -2.4214
  1.4221   0.0241  -2.4305
  1.4224   0.0136  -2.4401
  1.4228   0.0030  -2.4501
  1.4232  -0.0077  -2.4605
  1.4237  -0.0183  -2.4713
  1.4243  -0.0290  -2.4825
  1.4249  -0.0396  -2.4940
  1.4256  -0.0503  -2.5060
  1.4264  -0.0610  -2.5184
  1.4273  -0.0718  -2.5311
  1.4282  -0.0825  -2.5443
  1.4292  -0.0933  -2.5579
  1.4302  -0.1041  -2.5720
  1.4314  -0.1149  -2.5865
  1.4326  -0.1257  -2.6016
  1.4339  -0.1366  -2.6172
  1.4353  -0.1474  -2.6335
  1.4367  -0.1583  -2.6506
  1.4383  -0.1692  -2.6684
  1.4399  -0.1802  -2.6873
  1.4417  -0.1912  -2.7073
  1.4435  -0.2022  -2.7288
  1.4455  -0.2133  -2.7519
  1.4476  -0.2245  -2.7771
  1.4498  -0.2357  -2.8049
  1.4522  -0.2471  -2.8359
  1.4548  -0.2586  -2.8707
  1.4576  -0.2704  -2.9105
  1.4607  -0.2824  -2.9564
  1.4641  -0.2948  -3.0100
