  0.0000   0.0000   0.0000
  0.0058   0.0025  -0.0430
  0.0118   0.0071  -0.0820
  0.0179   0.0118  -0.1232
  0.0240   0.0166  -0.1691
  0.0308   0.0207  -0.2180
  0.0375   0.0247  -0.2646
  0.0441   0.0287  -0.3097
  0.0506   0.0327  -0.3535
  0.0570   0.0366  -0.3960
  0.0635   0.0403  -0.4372
  0.0697   0.0441  -0.4770
  0.0758   0.0478  -0.5156
  0.0819   0.0515  -0.5529
  0.0879   0.0552  -0.5889
  0.0939   0.0586  -0.6238
  0.0997   0.0621  -0.6573
  0.1056   0.0655  -0.6897
  0.1113   0.0689  -0.7208
  0.1168   0.0723  -0.7507
  0.1224   0.0755  -0.7794
  0.1274   0.0792  -0.8067
  0.1325   0.0827  -0.8329
  0.1377   0.0859  -0.8580
  0.1429   0.0890  -0.8819
  0.1481   0.0920  -0.9047
  0.1532   0.0949  -0.9264
  0.1581   0.0979  -0.9469
  0.1630   0.1009  -0.9663
  0.1679   0.1037  -0.9847
  0.1727   0.1064  -1.0019
  0.1774   0.1091  -1.0181
  0.1820   0.1119  -1.0331
  0.1866   0.1145  -1.0470
  0.1910   0.1172  -1.0599
  0.1955   0.1197  -1.0718
  0.1998   0.1222  -1.0826
  0.2041   0.1247  -1.0924
  0.2084   0.1271  -1.1011
  0.2125   0.1295  -1.1089
  0.2166   0.1319  -1.1156
  0.2205   0.1343  -1.1214
  0.2241   0.1369  -1.1260
  0.2279   0.1391  -1.1298
  0.2318   0.1413  -1.1326
  0.2355   0.1434  -1.1345
  0.2392   0.1455  -1.1354
  0.2428   0.1475  -1.1353
  0.2464   0.1495  -1.1343
  0.2499   0.1515  -1.1324
  0.2533   0.1534  -1.1295
  0.2567   0.1553  -1.1257
  0.2600   0.1571  -1.1210
  0.2633   0.1589  -1.1153
  0.2665   0.1607  -1.1088
  0.2697   0.1624  -1.1014
  0.2727   0.1641  -1.0930
  0.2757   0.1657  -1.0838
  0.2787   0.1674  -1.0737
  0.2816   0.1690  -1.0627
  0.2843   0.1705  -1.0509
  0.2871   0.1721  -1.0381
  0.2897   0.1736  -1.0245
  0.2923   0.1751  -1.0101
  0.2948   0.1766  -0.9948
  0.2973   0.1781  -0.9787
  0.2997   0.1796  -0.9623
  0.3021   0.1810  -0.9462
  0.3045   0.1825  -0.9298
  0.3068   0.1840  -0.9131
  0.3090   0.1856  -0.8968
  0.3112   0.1872  -0.8799
  0.3134   0.1888  -0.8625
  0.3156   0.1903  -0.8446
  0.3177   0.1918  -0.8262
  0.3198   0.1934  -0.8077
  0.3218   0.1948  -0.7885
  0.3239   0.1963  -0.7689
  0.3258   0.1977  -0.7489
  0.3278   0.1991  -0.7285
  0.3297   0.2005  -0.7078
  0.3317   0.2019  -0.6866
  0.3335   0.2033  -0.6651
  0.3354   0.2047  -0.6431
  0.3372   0.2060  -0.6208
  0.3390   0.2074  -0.5981
  0.3407   0.2087  -0.5750
  0.3425   0.2100  -0.5515
  0.3442   0.2112  -0.5276
  0.3459   0.2125  -0.5033
  0.3467   0.2154  -0.4853
  0.3484   0.2165  -0.4600
  0.3500   0.2176  -0.4344
  0.3516   0.2187  -0.4083
  0.3532   0.2198  -0.3818
  0.3548   0.2208  -0.3546
  0.3564   0.2217  -0.3270
  0.3580   0.2226  -0.2989
  0.3595   0.2235  -0.2697
  0.3610   0.2243  -0.2398
  0.3625   0.2251  -0.2102
  0.3639   0.2259  -0.1793
  0.3653   0.2266  -0.1479
  0.3667   0.2274  -0.1163
  0.3680   0.2281  -0.0845
  0.3693   0.2288  -0.0524
  0.3706   0.2295  -0.0201
  0.3719   0.2302   0.0125
  0.3732   0.2309   0.0454
  0.3744   0.2316   0.0785
  0.3748   0.2334   0.1106
  0.3759   0.2339   0.1473
  0.3771   0.2345   0.1822
  0.3781   0.2349   0.2195
  0.3792   0.2354   0.2571
  0.3802   0.2359   0.2944
  0.3812   0.2364   0.3325
  0.3822   0.2369   0.3703
  0.3831   0.2373   0.4097
  0.3840   0.2378   0.4497
  0.3840   0.2378   0.4497
  0.3883   0.2333   0.4529
  0.3935   0.2297   0.4526
  0.3986   0.2266   0.4528
  0.4039   0.2236   0.4509
  0.4090   0.2208   0.4498
  0.4141   0.2182   0.4481
  0.4192   0.2157   0.4460
  0.4243   0.2133   0.4435
  0.4294   0.2111   0.4405
  0.4345   0.2089   0.4363
  0.4397   0.2068   0.4311
  0.4449   0.2047   0.4254
  0.4500   0.2028   0.4209
  0.4551   0.2011   0.4171
  0.4603   0.1993   0.4110
  0.4655   0.1975   0.4050
  0.4705   0.1960   0.4010
  0.4755   0.1945   0.3970
  0.4806   0.1932   0.3930
  0.4856   0.1918   0.3891
  0.4908   0.1904   0.3832
  0.4960   0.1891   0.3776
  0.5011   0.1879   0.3722
  0.5063   0.1867   0.3672
  0.5114   0.1856   0.3624
  0.5166   0.1846   0.3579
  0.5217   0.1836   0.3536
  0.5268   0.1827   0.3496
  0.5319   0.1819   0.3459
  0.5370   0.1811   0.3424
  0.5421   0.1804   0.3391
  0.5472   0.1797   0.3361
  0.5523   0.1791   0.3334
  0.5574   0.1785   0.3309
  0.5625   0.1780   0.3286
  0.5676   0.1776   0.3266
  0.5727   0.1772   0.3249
  0.5778   0.1769   0.3233
  0.5829   0.1766   0.3220
  0.5880   0.1764   0.3210
  0.5931   0.1762   0.3201
  0.5982   0.1761   0.3196
  0.6034   0.1761   0.3192
  0.6085   0.1761   0.3191
  0.6136   0.1761   0.3193
  0.6187   0.1763   0.3196
  0.6238   0.1764   0.3203
  0.6290   0.1767   0.3211
  0.6341   0.1770   0.3223
  0.6392   0.1773   0.3236
  0.6444   0.1777   0.3253
  0.6495   0.1782   0.3271
  0.6547   0.1787   0.3293
  0.6599   0.1793   0.3317
  0.6650   0.1799   0.3343
  0.6702   0.1806   0.3373
  0.6754   0.1814   0.3404
  0.6806   0.1822   0.3439
  0.6857   0.1831   0.3476
  0.6909   0.1841   0.3516
  0.6961   0.1851   0.3559
  0.7014   0.1861   0.3605
  0.7066   0.1873   0.3653
  0.7118   0.1885   0.3704
  0.7170   0.1897   0.3759
  0.7223   0.1911   0.3816
  0.7275   0.1925   0.3876
  0.7328   0.1939   0.3938
  0.7381   0.1954   0.4004
  0.7433   0.1970   0.4073
  0.7486   0.1987   0.4145
  0.7539   0.2004   0.4220
  0.7592   0.2022   0.4298
  0.7645   0.2040   0.4379
  0.7698   0.2060   0.4463
  0.7752   0.2080   0.4550
  0.7805   0.2100   0.4641
  0.7859   0.2122   0.4734
  0.7912   0.2144   0.4831
  0.7966   0.2167   0.4930
  0.8020   0.2190   0.5033
  0.8074   0.2215   0.5138
  0.8128   0.2240   0.5247
  0.8182   0.2265   0.5359
  0.8236   0.2292   0.5474
  0.8291   0.2319   0.5591
  0.8345   0.2348   0.5711
  0.8400   0.2377   0.5835
  0.8455   0.2407   0.5960
  0.8510   0.2437   0.6089
  0.8565   0.2469   0.6220
  0.8620   0.2501   0.6353
  0.8676   0.2535   0.6488
  0.8731   0.2569   0.6626
  0.8787   0.2605   0.6765
  0.8843   0.2641   0.6905
  0.8899   0.2678   0.7047
  0.8955   0.2717   0.7190
  0.9011   0.2756   0.7333
  0.9011   0.2756   0.7333
  0.9050   0.2739   0.7421
  0.9089   0.2723   0.7516
  0.9128   0.2706   0.7617
  0.9167   0.2689   0.7723
  0.9207   0.2672   0.7835
  0.9247   0.2654   0.7949
  0.9287   0.2637   0.8070
  0.9327   0.2620   0.8197
  0.9367   0.2604   0.8328
  0.9407   0.2587   0.8465
  0.9448   0.2570   0.8606
  0.9489   0.2554   0.8751
  0.9530   0.2538   0.8902
  0.9571   0.2522   0.9055
  0.9612   0.2506   0.9214
  0.9654   0.2491   0.9378
  0.9696   0.2476   0.9546
  0.9738   0.2461   0.9718
  0.9780   0.2447   0.9895
  0.9822   0.2432   1.0077
  0.9865   0.2419   1.0263
  0.9908   0.2405   1.0454
  0.9951   0.2392   1.0650
  0.9995   0.2379   1.0850
  1.0038   0.2367   1.1054
  1.0082   0.2355   1.1264
  1.0126   0.2344   1.1478
  1.0170   0.2333   1.1698
  1.0215   0.2322   1.1922
  1.0260   0.2312   1.2151
  1.0305   0.2302   1.2385
  1.0350   0.2293   1.2624
  1.0396   0.2285   1.2869
  1.0441   0.2276   1.3119
  1.0487   0.2269   1.3374
  1.0533   0.2262   1.3634
  1.0580   0.2255   1.3901
  1.0627   0.2249   1.4172
  1.0674   0.2243   1.4450
  1.0721   0.2239   1.4733
  1.0768   0.2234   1.5022
  1.0816   0.2231   1.5317
  1.0864   0.2227   1.5618
  1.0912   0.2225   1.5926
  1.0960   0.2223   1.6239
  1.1009   0.2222   1.6559
  1.1058   0.2221   1.6886
  1.1107   0.2221   1.7219
  1.1156   0.2222   1.7558
  1.1206   0.2224   1.7905
  1.1256   0.2226   1.8259
  1.1306   0.2229   1.8619
  1.1357   0.2232   1.8987
  1.1408   0.2237   1.9362
  1.1459   0.2242   1.9745
  1.1510   0.2248   2.0135
  1.1561   0.2254   2.0533
  1.1613   0.2262   2.0939
  1.1665   0.2270   2.1353
  1.1717   0.2279   2.1775
  1.1770   0.2289   2.2204
  1.1823   0.2300   2.2644
  1.1876   0.2312   2.3091
  1.1929   0.2324   2.3546
  1.1983   0.2338   2.4008
  1.2037   0.2352   2.4479
  1.2092   0.2367   2.4958
  1.2147   0.2383   2.5444
  1.2202   0.2400   2.5942
  1.2257   0.2418   2.6449
  1.2312   0.2438   2.6969
  1.2368   0.2458   2.7501
  1.2424   0.2479   2.8044
  1.2480   0.2502   2.8598
  1.2537   0.2526   2.9158
  1.2594   0.2550   2.9728
  1.2650   0.2576   3.0316
  1.2708   0.2604   3.0916
  1.2765   0.2632   3.1527
  1.2765   0.2632   3.1527
  1.2743   0.2499   3.1075
  1.2725   0.2377   3.0725
  1.2709   0.2263   3.0452
  1.2695   0.2155   3.0241
  1.2683   0.2052   3.0077
  1.2672   0.1953   2.9949
  1.2662   0.1857   2.9849
  1.2653   0.1762   2.9771
  1.2644   0.1669   2.9710
  1.2636   0.1577   2.9663
  1.2628   0.1485   2.9626
  1.2621   0.1394   2.9598
  1.2615   0.1303   2.9577
  1.2608   0.1213   2.9561
  1.2603   0.1122   2.9549
  1.2597   0.1031   2.9541
  1.2592   0.0941   2.9536
  1.2587   0.0850   2.9533
  1.2582   0.0758   2.9532
  1.2577   0.0667   2.9533
  1.2573   0.0575   2.9535
  1.2569   0.0483   2.9539
  1.2565   0.0391   2.9543
  1.2562   0.0298   2.9548
  1.2559   0.0206   2.9553
  1.2556   0.0112   2.9559
  1.2553   0.0019   2.9565
  1.2551  -0.0075   2.9571
  1.2548  -0.0169   2.9578
  1.2546  -0.0264   2.9584
  1.2545  -0.0359   2.9589
  1.2543  -0.0454   2.9595
  1.2542  -0.0549   2.9600
  1.2541  -0.0645   2.9604
  1.2541  -0.0741   2.9607
  1.2541  -0.0838   2.9610
  1.2541  -0.0935   2.9611
  1.2541  -0.1032   2.9612
  1.2541  -0.1129   2.9611
  1.2542  -0.1227   2.9609
  1.2544  -0.1325   2.9605
  1.2545  -0.1423   2.9600
  1.2547  -0.1522   2.9593
  1.2549  -0.1621   2.9584
  1.2552  -0.1721   2.9573
  1.2555  -0.1821   2.9560
  1.2558  -0.1921   2.9545
  1.2561  -0.2021   2.9527
  1.2565  -0.2122   2.9507
  1.2570  -0.2223   2.9485
  1.2574  -0.2325   2.9459
  1.2579  -0.2427   2.9431
  1.2584  -0.2529   2.9400
  1.2590  -0.2631   2.9366
  1.2596  -0.2734   2.9329
  1.2603  -0.2838   2.9289
  1.2609  -0.2941   2.9246
  1.2617  -0.3045   2.9200
  1.2624  -0.3150   2.9150
  1.2632  -0.3255   2.9097
  1.2641  -0.3360   2.9042
  1.2649  -0.3466   2.8983
  1.2659  -0.3572   2.8921
  1.2668  -0.3679   2.8857
  1.2678  -0.3786   2.8790
  1.2688  -0.3893   2.8722
  1.2699  -0.4001   2.8653
  1.2710  -0.4109   2.8583
  1.2722  -0.4218   2.8515
  1.2734  -0.4327   2.8448
  1.2746  -0.4437   2.8386
  1.2759  -0.4547   2.8329
  1.2772  -0.4657   2.8282
  1.2785  -0.4768   2.8248
  1.2799  -0.4879   2.8231
  1.2813  -0.4991   2.8238
  1.2828  -0.5103   2.8276
  1.2843  -0.5215   2.8355
  1.2858  -0.5327   2.8486
  1.2843  -0.5356   2.8719
  1.2859  -0.5277   2.7456
  1.2874  -0.5197   2.6209
  1.2889  -0.5116   2.4978
  1.2904  -0.5033   2.3763
  1.2919  -0.4949   2.2562
  1.2933  -0.4863   2.1375
  1.2948  -0.4777   2.0203
  1.2962  -0.4689   1.9044
  1.2975  -0.4600   1.7899
  1.2989  -0.4510   1.6767
  1.3002  -0.4419   1.5647
  1.3015  -0.4327   1.4540
  1.3028  -0.4234   1.3445
  1.3041  -0.4140   1.2362
  1.3054  -0.4044   1.1291
  1.3066  -0.3948   1.0232
  1.3078  -0.3850   0.9183
  1.3091  -0.3751   0.8146
  1.3103  -0.3652   0.7120
  1.3115  -0.3551   0.6105
  1.3127  -0.3449   0.5100
  1.3138  -0.3346   0.4106
  1.3150  -0.3243   0.3122
  1.3162  -0.3138   0.2149
  1.3174  -0.3032   0.1186
  1.3185  -0.2925   0.0232
  1.3197  -0.2817  -0.0712
  1.3209  -0.2708  -0.1645
  1.3221  -0.2598  -0.2570
  1.3232  -0.2487  -0.3484
  1.3244  -0.2375  -0.4390
  1.3256  -0.2261  -0.5285
  1.3269  -0.2147  -0.6172
  1.3281  -0.2032  -0.7050
  1.3293  -0.1916  -0.7918
  1.3306  -0.1799  -0.8778
  1.3319  -0.1681  -0.9628
  1.3332  -0.1562  -1.0470
  1.3345  -0.1442  -1.1304
  1.3358  -0.1321  -1.2128
  1.3372  -0.1199  -1.2944
  1.3386  -0.1076  -1.3752
  1.3400  -0.0952  -1.4551
  1.3414  -0.0827  -1.5342
  1.3429  -0.0701  -1.6125
  1.3444  -0.0575  -1.6900
  1.3459  -0.0447  -1.7666
  1.3475  -0.0318  -1.8425
  1.3491  -0.0189  -1.9175
  1.3508  -0.0058  -1.9918
  1.3524   0.0073  -2.0653
  1.3541   0.0205  -2.1381
  1.3559   0.0338  -2.2101
  1.3577   0.0472  -2.2813
  1.3595   0.0607  -2.3518
  1.3614   0.0743  -2.4216
  1.3633   0.0879  -2.4906
  1.3652   0.1017  -2.5590
  1.3672   0.1155  -2.6266
  1.3693   0.1294  -2.6935
  1.3713   0.1434  -2.7597
  1.3735   0.1575  -2.8253
  1.3756   0.1716  -2.8901
  1.3779   0.1858  -2.9543
  1.3801   0.2002  -3.0179
  1.3824   0.2145  -3.0808
  1.3848   0.2290  -3.1431
  1.3872   0.2435  -3.2048
  1.3896   0.2582  -3.2658
  1.3921   0.2728  -3.3262
  1.3947   0.2876  -3.3861
  1.3973   0.3024  -3.4453
  1.3999   0.3174  -3.5040
  1.4026   0.3323  -3.5622
  1.4053   0.3474  -3.6198
  1.4080   0.3625  -3.6768
  1.4109   0.3777  -3.7333
  1.4137   0.3930  -3.7894
  1.4166   0.4083  -3.8449
  1.4166   0.4083  -3.8449
  1.4119   0.3964  -3.7631
  1.4080   0.3854  -3.6923
  1.4047   0.3751  -3.6307
  1.4019   0.3653  -3.5767
  1.3994   0.3559  -3.5290
  1.3971   0.3467  -3.4865
  1.3951   0.3378  -3.4485
  1.3932   0.3289  -3.4142
  1.3915   0.3202  -3.3832
  1.3898   0.3114  -3.3550
  1.3882   0.3027  -3.3293
  1.3867   0.2940  -3.3058
  1.3853   0.2852  -3.2844
  1.3839   0.2763  -3.2649
  1.3825   0.2675  -3.2471
  1.3812   0.2585  -3.2309
  1.3799   0.2495  -3.2162
  1.3786   0.2404  -3.2030
  1.3774   0.2313  -3.1911
  1.3762   0.2221  -3.1805
  1.3750   0.2128  -3.1711
  1.3739   0.2035  -3.1630
  1.3728   0.1941  -3.1559
  1.3717   0.1846  -3.1500
  1.3707   0.1751  -3.1451
  1.3697   0.1655  -3.1412
  1.3688   0.1559  -3.1382
  1.3679   0.1462  -3.1362
  1.3670   0.1364  -3.1351
  1.3662   0.1266  -3.1348
  1.3654   0.1168  -3.1354
  1.3647   0.1069  -3.1367
  1.3640   0.0969  -3.1387
  1.3634   0.0870  -3.1415
  1.3628   0.0769  -3.1450
  1.3622   0.0669  -3.1491
  1.3618   0.0568  -3.1538
  1.3613   0.0467  -3.1592
  1.3609   0.0365  -3.1650
  1.3606   0.0264  -3.1715
  1.3603   0.0162  -3.1784
  1.3601   0.0060  -3.1858
  1.3599  -0.0043  -3.1936
  1.3598  -0.0146  -3.2019
  1.3597  -0.0248  -3.2106
  1.3597  -0.0351  -3.2197
  1.3597  -0.0454  -3.2291
  1.3598  -0.0558  -3.2389
  1.3599  -0.0661  -3.2489
  1.3601  -0.0765  -3.2593
  1.3604  -0.0868  -3.2700
  1.3607  -0.0972  -3.2809
  1.3610  -0.1076  -3.2921
  1.3614  -0.1180  -3.3036
  1.3618  -0.1284  -3.3152
  1.3623  -0.1388  -3.3271
  1.3628  -0.1492  -3.3392
  1.3634  -0.1597  -3.3516
  1.3640  -0.1701  -3.3641
  1.3647  -0.1806  -3.3769
  1.3654  -0.1910  -3.3899
  1.3661  -0.2015  -3.4032
  1.3670  -0.2120  -3.4167
  1.3678  -0.2225  -3.4306
  1.3687  -0.2330  -3.4449
  1.3697  -0.2436  -3.4596
  1.3707  -0.2541  -3.4749
  1.3718  -0.2647  -3.4909
  1.3729  -0.2754  -3.5078
  1.3741  -0.2860  -3.5257
  1.3754  -0.2968  -3.5450
  1.3768  -0.3076  -3.5661
  1.3783  -0.3185  -3.5893
  1.3799  -0.3295  -3.6152
  1.3816  -0.3407  -3.6447
  1.3835  -0.3521  -3.6787
  1.3856  -0.3638  -3.7185
  1.3880  -0.3758  -3.7655
  1.3906  -0.3883  -3.8219
  1.3905  -0.3982  -3.8216
  1.3904  -0.4082  -3.8216
  1.3903  -0.4182  -3.8216
  1.3902  -0.4281  -3.8216
  1.3901  -0.4381  -3.8216
  1.3900  -0.4480  -3.8216
  1.3899  -0.4580  -3.8216
  1.3926  -0.4630  -3.8609
  1.3921  -0.4537  -3.7907
  1.3916  -0.4445  -3.7202
  1.3913  -0.4353  -3.6493
  1.3909  -0.4261  -3.5782
  1.3907  -0.4170  -3.5067
  1.3905  -0.4080  -3.4348
  1.3904  -0.3990  -3.3627
  1.3903  -0.3900  -3.2901
  1.3903  -0.3810  -3.2172
  1.3903  -0.3721  -3.1439
  1.3904  -0.3633  -3.0702
  1.3905  -0.3544  -2.9961
  1.3907  -0.3456  -2.9216
  1.3910  -0.3368  -2.8466
  1.3913  -0.3281  -2.7712
  1.3917  -0.3193  -2.6953
  1.3921  -0.3106  -2.6190
  1.3925  -0.3019  -2.5422
  1.3930  -0.2933  -2.4649
  1.3936  -0.2846  -2.3870
  1.3942  -0.2760  -2.3087
  1.3949  -0.2674  -2.2298
  1.3956  -0.2588  -2.1503
  1.3963  -0.2503  -2.0703
  1.3971  -0.2417  -1.9897
  1.3979  -0.2332  -1.9086
  1.3988  -0.2247  -1.8268
  1.3997  -0.2161  -1.7444
  1.4007  -0.2076  -1.6614
  1.4017  -0.1991  -1.5778
  1.4027  -0.1906  -1.4935
  1.4038  -0.1822  -1.4085
  1.4049  -0.1737  -1.3229
  1.4061  -0.1652  -1.2366
  1.4073  -0.1568  -1.1496
  1.4085  -0.1483  -1.0619
  1.4098  -0.1399  -0.9734
  1.4111  -0.1314  -0.8843
  1.4124  -0.1229  -0.7944
  1.4138  -0.1145  -0.7037
  1.4152  -0.1060  -0.6123
  1.4167  -0.0976  -0.5202
  1.4182  -0.0892  -0.4272
  1.4197  -0.0807  -0.3335
  1.4212  -0.0723  -0.2390
  1.4228  -0.0638  -0.1437
  1.4245  -0.0553  -0.0476
  1.4261  -0.0469   0.0493
  1.4278  -0.0384   0.1470
  1.4296  -0.0300   0.2456
  1.4313  -0.0215   0.3450
  1.4331  -0.0130   0.4452
  1.4350  -0.0046   0.5462
  1.4368   0.0039   0.6481
  1.4387   0.0124   0.7509
  1.4407   0.0208   0.8545
  1.4426   0.0293   0.9589
  1.4446   0.0378   1.0642
  1.4467   0.0463   1.1703
  1.4487   0.0547   1.2774
  1.4508   0.0632   1.3852
  1.4529   0.0717   1.4940
  1.4551   0.0802   1.6036
  1.4573   0.0886   1.7141
  1.4595   0.0971   1.8254
  1.4618   0.1056   1.9377
  1.4641   0.1140   2.0508
  1.4664   0.1224   2.1648
  1.4688   0.1309   2.2798
  1.4711   0.1393   2.3956
  1.4735   0.1477   2.5123
  1.4760   0.1561   2.6299
  1.4785   0.1644   2.7485
  1.4809   0.1728   2.8680
  1.4835   0.1811   2.9885
  1.4860   0.1893   3.1099
  1.4886   0.1976   3.2323
  1.4912   0.2058   3.3558
  1.4938   0.2140   3.4802
  1.4938   0.2140   3.4802
  1.4909   0.2043   3.4849
  1.4881   0.1950   3.4937
  1.4857   0.1859   3.5058
  1.4834   0.1770   3.5205
  1.4812   0.1684   3.5369
  1.4792   0.1598   3.5546
  1.4774   0.1513   3.5730
  1.4756   0.1429   3.5918
  1.4740   0.1344   3.6106
  1.4725   0.1260   3.6293
  1.4710   0.1176   3.6478
  1.4697   0.1091   3.6658
  1.4684   0.1006   3.6832
  1.4672   0.0921   3.7000
  1.4660   0.0835   3.7162
  1.4650   0.0748   3.7317
  1.4639   0.0661   3.7465
  1.4630   0.0573   3.7605
  1.4621   0.0485   3.7738
  1.4612   0.0396   3.7864
  1.4604   0.0307   3.7982
  1.4597   0.0217   3.8092
  1.4590   0.0126   3.8195
  1.4583   0.0035   3.8291
  1.4577  -0.0057   3.8379
  1.4572  -0.0149   3.8460
  1.4567  -0.0242   3.8534
  1.4562  -0.0335   3.8601
  1.4558  -0.0429   3.8661
  1.4555  -0.0523   3.8714
  1.4551  -0.0618   3.8761
  1.4549  -0.0713   3.8801
  1.4546  -0.0809   3.8834
  1.4544  -0.0906   3.8861
  1.4543  -0.1002   3.8881
  1.4542  -0.1100   3.8895
  1.4541  -0.1197   3.8903
  1.4541  -0.1295   3.8905
  1.4541  -0.1394   3.8901
  1.4542  -0.1493   3.8891
  1.4543  -0.1592   3.8875
  1.4545  -0.1692   3.8854
  1.4547  -0.1793   3.8826
  1.4549  -0.1893   3.8793
  1.4552  -0.1994   3.8754
  1.4555  -0.2096   3.8710
  1.4559  -0.2198   3.8660
  1.4563  -0.2300   3.8604
  1.4568  -0.2403   3.8543
  1.4573  -0.2506   3.8476
  1.4578  -0.2610   3.8404
  1.4584  -0.2714   3.8326
  1.4591  -0.2819   3.8243
  1.4598  -0.2924   3.8154
  1.4605  -0.3029   3.8059
  1.4613  -0.3135   3.7959
  1.4621  -0.3241   3.7853
  1.4630  -0.3348   3.7741
  1.4640  -0.3455   3.7624
  1.4650  -0.3562   3.7501
  1.4660  -0.3670   3.7372
  1.4671  -0.3779   3.7237
  1.4683  -0.3888   3.7096
  1.4695  -0.3997   3.6950
  1.4708  -0.4108   3.6798
  1.4721  -0.4218   3.6640
  1.4734  -0.4329   3.6477
  1.4749  -0.4441   3.6308
  1.4763  -0.4553   3.6135
  1.4779  -0.4666   3.5958
  1.4794  -0.4779   3.5777
  1.4810  -0.4893   3.5594
  1.4827  -0.5007   3.5411
  1.4844  -0.5122   3.5229
  1.4861  -0.5237   3.5051
  1.4879  -0.5353   3.4881
  1.4897  -0.5470   3.4722
  1.4915  -0.5587   3.4580
  1.4933  -0.5704   3.4461
  1.4894  -0.5754   3.4858
  1.4885  -0.5635   3.3484
  1.4876  -0.5515   3.2130
  1.4867  -0.5394   3.0795
  1.4858  -0.5272   2.9478
  1.4849  -0.5149   2.8178
  1.4839  -0.5026   2.6896
  1.4829  -0.4902   2.5631
  1.4819  -0.4778   2.4382
  1.4808  -0.4653   2.3149
  1.4798  -0.4527   2.1932
  1.4787  -0.4401   2.0731
  1.4776  -0.4273   1.9546
  1.4765  -0.4146   1.8375
  1.4754  -0.4017   1.7220
  1.4743  -0.3888   1.6079
  1.4731  -0.3759   1.4953
  1.4720  -0.3628   1.3841
  1.4708  -0.3497   1.2743
  1.4697  -0.3366   1.1659
  1.4685  -0.3234   1.0589
  1.4674  -0.3101   0.9533
  1.4662  -0.2968   0.8490
  1.4651  -0.2834   0.7461
  1.4639  -0.2699   0.6445
  1.4628  -0.2564   0.5442
  1.4617  -0.2429   0.4452
  1.4605  -0.2292   0.3475
  1.4594  -0.2156   0.2511
  1.4583  -0.2018   0.1560
  1.4573  -0.1880   0.0621
  1.4562  -0.1742  -0.0306
  1.4552  -0.1603  -0.1220
  1.4541  -0.1463  -0.2121
  1.4531  -0.1323  -0.3011
  1.4522  -0.1182  -0.3888
  1.4512  -0.1041  -0.4753
  1.4503  -0.0900  -0.5606
  1.4494  -0.0758  -0.6448
  1.4485  -0.0615  -0.7277
  1.4477  -0.0472  -0.8095
  1.4469  -0.0328  -0.8900
  1.4461  -0.0184  -0.9695
  1.4454  -0.0040  -1.0477
  1.4446   0.0105  -1.1248
  1.4440   0.0250  -1.2008
  1.4433   0.0396  -1.2756
  1.4427   0.0542  -1.3493
  1.4422   0.0688  -1.4219
  1.4417   0.0835  -1.4933
  1.4412   0.0982  -1.5637
  1.4408   0.1130  -1.6329
  1.4404   0.1278  -1.7010
  1.4400   0.1426  -1.7680
  1.4397   0.1575  -1.8339
  1.4394   0.1724  -1.8988
  1.4392   0.1873  -1.9625
  1.4390   0.2023  -2.0252
  1.4389   0.2173  -2.0868
  1.4388   0.2323  -2.1474
  1.4388   0.2473  -2.2069
  1.4388   0.2624  -2.2653
  1.4389   0.2775  -2.3227
  1.4390   0.2926  -2.3791
  1.4391   0.3078  -2.4344
  1.4393   0.3229  -2.4887
  1.4395   0.3381  -2.5420
  1.4398   0.3534  -2.5943
  1.4402   0.3686  -2.6456
  1.4406   0.3839  -2.6958
  1.4410   0.3992  -2.7451
  1.4415   0.4145  -2.7933
  1.4420   0.4298  -2.8406
  1.4426   0.4452  -2.8869
  1.4432   0.4606  -2.9322
  1.4438   0.4760  -2.9765
  1.4445   0.4914  -3.0199
  1.4453   0.5069  -3.0623
  1.4461   0.5224  -3.1037
  1.4469   0.5379  -3.1443
  1.4469   0.5379  -3.1443
  1.4421   0.5275  -3.0656
  1.4379   0.5177  -2.9977
  1.4343   0.5083  -2.9383
  1.4311   0.4993  -2.8859
  1.4283   0.4905  -2.8394
  1.4257   0.4819  -2.7976
  1.4233   0.4734  -2.7600
  1.4211   0.4650  -2.7258
  1.4191   0.4566  -2.6947
  1.4171   0.4482  -2.6662
  1.4153   0.4397  -2.6400
  1.4135   0.4312  -2.6160
  1.4119   0.4227  -2.5939
  1.4102   0.4141  -2.5735
  1.4086   0.4055  -2.5548
  1.4071   0.3967  -2.5376
  1.4056   0.3879  -2.5219
  1.4042   0.3790  -2.5075
  1.4028   0.3701  -2.4944
  1.4014   0.3610  -2.4825
  1.4001   0.3519  -2.4718
  1.3988   0.3427  -2.4622
  1.3976   0.3334  -2.4538
  1.3964   0.3241  -2.4463
  1.3952   0.3147  -2.4399
  1.3941   0.3052  -2.4344
  1.3931   0.2956  -2.4299
  1.3921   0.2860  -2.4263
  1.3911   0.2763  -2.4235
  1.3902   0.2665  -2.4216
  1.3893   0.2567  -2.4205
  1.3885   0.2468  -2.4202
  1.3877   0.2369  -2.4207
  1.3870   0.2269  -2.4218
  1.3863   0.2168  -2.4237
  1.3857   0.2067  -2.4263
  1.3851   0.1966  -2.4296
  1.3846   0.1864  -2.4335
  1.3842   0.1762  -2.4380
  1.3838   0.1659  -2.4431
  1.3835   0.1556  -2.4488
  1.3832   0.1452  -2.4550
  1.3830   0.1348  -2.4617
  1.3829   0.1244  -2.4690
  1.3828   0.1140  -2.4768
  1.3828   0.1035  -2.4851
  1.3828   0.0930  -2.4938
  1.3829   0.0824  -2.5029
  1.3831   0.0719  -2.5125
  1.3833   0.0613  -2.5226
  1.3836   0.0507  -2.5330
  1.3840   0.0401  -2.5438
  1.3844   0.0294  -2.5550
  1.3849   0.0187  -2.5666
  1.3855   0.0081  -2.5786
  1.3862  -0.0026  -2.5909
  1.3869  -0.0134  -2.6036
  1.3876  -0.0241  -2.6167
  1.3885  -0.0348  -2.6301
  1.3894  -0.0456  -2.6439
  1.3904  -0.0564  -2.6582
  1.3914  -0.0672  -2.6728
  1.3926  -0.0780  -2.6879
  1.3938  -0.0888  -2.7034
  1.3951  -0.0997  -2.7195
  1.3964  -0.1105  -2.7362
  1.3979  -0.1214  -2.7536
  1.3994  -0.1323  -2.7718
  1.4010  -0.1433  -2.7909
  1.4027  -0.1542  -2.8111
  1.4046  -0.1652  -2.8327
  1.4065  -0.1763  -2.8559
  1.4086  -0.1874  -2.8811
  1.4108  -0.1986  -2.9089
  1.4131  -0.2099  -2.9398
  1.4157  -0.2214  -2.9748
  1.4185  -0.2331  -3.0149
  1.4216  -0.2450  -3.0616
  1.4250  -0.2574  -3.1172
  1.4249  -0.2673  -3.1170
  1.4248  -0.2772  -3.1170
  1.4248  -0.2871  -3.1170
  1.4247  -0.2970  -3.1170
  1.4247  -0.3069  -3.1170
  1.4246  -0.3168  -3.1170
  1.4246  -0.3267  -3.1170
  1.4255  -0.3349  -3.1777
  1.4250  -0.3259  -3.1168
  1.4244  -0.3170  -3.0555
  1.4240  -0.3081  -2.9937
  1.4236  -0.2993  -2.9315
  1.4232  -0.2906  -2.8688
  1.4229  -0.2818  -2.8057
  1.4226  -0.2732  -2.7421
  1.4224  -0.2645  -2.6781
  1.4223  -0.2560  -2.6136
  1.4221  -0.2474  -2.5486
  1.4221  -0.2389  -2.4832
  1.4221  -0.2305  -2.4174
  1.4221  -0.2221  -2.3511
  1.4222  -0.2137  -2.2843
  1.4223  -0.2053  -2.2170
  1.4224  -0.1970  -2.1493
  1.4226  -0.1887  -2.0811
  1.4229  -0.1805  -2.0124
  1.4232  -0.1722  -1.9432
  1.4235  -0.1640  -1.8735
  1.4239  -0.1559  -1.8033
  1.4243  -0.1477  -1.7326
  1.4247  -0.1396  -1.6614
  1.4252  -0.1315  -1.5897
  1.4257  -0.1235  -1.5174
  1.4263  -0.1154  -1.4446
  1.4269  -0.1074  -1.3713
  1.4275  -0.0994  -1.2974
  1.4282  -0.0915  -1.2230
  1.4289  -0.0835  -1.1480
  1.4296  -0.0756  -1.0724
  1.4304  -0.0677  -0.9962
  1.4312  -0.0598  -0.9194
  1.4321  -0.0520  -0.8421
  1.4329  -0.0441  -0.7641
  1.4338  -0.0363  -0.6855
  1.4348  -0.0285  -0.6063
  1.4357  -0.0207  -0.5265
  1.4367  -0.0129  -0.4461
  1.4377  -0.0052  -0.3650
  1.4388   0.0026  -0.2833
  1.4398   0.0103  -0.2009
  1.4410   0.0180  -0.1179
  1.4421   0.0257  -0.0342
  1.4433   0.0333   0.0501
  1.4444   0.0410   0.1351
  1.4457   0.0486   0.2208
  1.4469   0.0563   0.3071
  1.4482   0.0639   0.3942
  1.4495   0.0715   0.4818
  1.4508   0.0790   0.5702
  1.4522   0.0866   0.6593
  1.4535   0.0942   0.7490
  1.4549   0.1017   0.8394
  1.4564   0.1092   0.9305
  1.4578   0.1167   1.0223
  1.4593   0.1242   1.1148
  1.4608   0.1317   1.2079
  1.4624   0.1391   1.3017
  1.4639   0.1466   1.3963
  1.4655   0.1540   1.4914
  1.4671   0.1614   1.5873
  1.4688   0.1688   1.6839
  1.4705   0.1762   1.7811
  1.4722   0.1835   1.8790
  1.4739   0.1909   1.9776
  1.4756   0.1982   2.0768
  1.4774   0.2055   2.1767
  1.4792   0.2127   2.2773
  1.4810   0.2200   2.3786
  1.4828   0.2272   2.4805
  1.4847   0.2344   2.5831
  1.4866   0.2416   2.6864
  1.4885   0.2488   2.7904
  1.4905   0.2559   2.8950
  1.4924   0.2630   3.0003
  1.4944   0.2701   3.1063
  1.4964   0.2771   3.2130
  1.4984   0.2841   3.3203
  1.4984   0.2841   3.3203
  1.4958   0.2747   3.3245
  1.4934   0.2657   3.3325
  1.4911   0.2568   3.3434
  1.4889   0.2480   3.3566
  1.4869   0.2394   3.3713
  1.4850   0.2308   3.3870
  1.4832   0.2223   3.4035
  1.4814   0.2139   3.4203
  1.4798   0.2054   3.4373
  1.4782   0.1970   3.4542
  1.4767   0.1885   3.4710
  1.4753   0.1800   3.4875
  1.4740   0.1715   3.5036
  1.4727   0.1630   3.5193
  1.4715   0.1544   3.5344
  1.4703   0.1458   3.5491
  1.4692   0.1371   3.5632
  1.4681   0.1284   3.5767
  1.4671   0.1196   3.5896
  1.4662   0.1108   3.6019
  1.4653   0.1019   3.6136
  1.4644   0.0930   3.6248
  1.4636   0.0840   3.6353
  1.4629   0.0750   3.6452
  1.4622   0.0660   3.6544
  1.4615   0.0569   3.6631
  1.4609   0.0477   3.6712
  1.4603   0.0385   3.6787
  1.4598   0.0292   3.6856
  1.4593   0.0199   3.6919
  1.4589   0.0105   3.6976
  1.4585   0.0011   3.7027
  1.4581  -0.0084   3.7072
  1.4578  -0.0179   3.7111
  1.4576  -0.0274   3.7145
  1.4574  -0.0370   3.7173
  1.4572  -0.0467   3.7195
  1.4571  -0.0564   3.7211
  1.4570  -0.0661   3.7222
  1.4570  -0.0759   3.7227
  1.4570  -0.0858   3.7227
  1.4570  -0.0957   3.7220
  1.4571  -0.1056   3.7208
  1.4573  -0.1156   3.7191
  1.4575  -0.1256   3.7167
  1.4577  -0.1357   3.7138
  1.4580  -0.1458   3.7104
  1.4583  -0.1560   3.7063
  1.4587  -0.1662   3.7017
  1.4592  -0.1764   3.6965
  1.4596  -0.1867   3.6908
  1.4602  -0.1971   3.6845
  1.4608  -0.2075   3.6776
  1.4614  -0.2179   3.6701
  1.4621  -0.2284   3.6620
  1.4628  -0.2390   3.6533
  1.4636  -0.2496   3.6441
  1.4645  -0.2602   3.6342
  1.4654  -0.2709   3.6238
  1.4664  -0.2816   3.6127
  1.4674  -0.2924   3.6010
  1.4685  -0.3033   3.5888
  1.4696  -0.3142   3.5759
  1.4708  -0.3252   3.5624
  1.4721  -0.3362   3.5483
  1.4734  -0.3473   3.5336
  1.4748  -0.3584   3.5183
  1.4762  -0.3696   3.5025
  1.4777  -0.3809   3.4862
  1.4793  -0.3922   3.4694
  1.4809  -0.4036   3.4522
  1.4826  -0.4150   3.4348
  1.4844  -0.4265   3.4172
  1.4862  -0.4381   3.3995
  1.4880  -0.4498   3.3821
  1.4900  -0.4615   3.3652
  1.4919  -0.4733   3.3490
  1.4939  -0.4852   3.3340
  1.4960  -0.4972   3.3207
  1.4959  -0.5071   3.3207
  1.4958  -0.5170   3.3207
  1.4957  -0.5269   3.3207
  1.4915  -0.5319   3.3605
  1.4905  -0.5199   3.2262
  1.4895  -0.5078   3.0938
  1.4885  -0.4957   2.9634
  1.4875  -0.4834   2.8349
  1.4865  -0.4711   2.7081
  1.4855  -0.4588   2.5831
  1.4845  -0.4463   2.4598
  1.4835  -0.4338   2.3382
  1.4825  -0.4212   2.2182
  1.4815  -0.4086   2.0998
  1.4805  -0.3959   1.9829
  1.4795  -0.3832   1.8676
  1.4785  -0.3704   1.7538
  1.4775  -0.3575   1.6414
  1.4766  -0.3446   1.5304
  1.4756  -0.3316   1.4209
  1.4746  -0.3186   1.3128
  1.4737  -0.3055   1.2060
  1.4728  -0.2924   1.1006
  1.4718  -0.2792   0.9965
  1.4709  -0.2660   0.8937
  1.4701  -0.2527   0.7922
  1.4692  -0.2394   0.6920
  1.4684  -0.2261   0.5931
  1.4676  -0.2127   0.4954
  1.4668  -0.1992   0.3990
  1.4660  -0.1857   0.3037
  1.4653  -0.1722   0.2097
  1.4646  -0.1586   0.1169
  1.4639  -0.1450   0.0253
  1.4633  -0.1314  -0.0651
  1.4627  -0.1177  -0.1544
  1.4621  -0.1040  -0.2425
  1.4615  -0.0902  -0.3294
  1.4610  -0.0764  -0.4152
  1.4606  -0.0626  -0.4999
  1.4602  -0.0487  -0.5834
  1.4598  -0.0348  -0.6658
  1.4595  -0.0209  -0.7471
  1.4592  -0.0069  -0.8273
  1.4589   0.0071  -0.9064
  1.4587   0.0211  -0.9844
  1.4586   0.0351  -1.0613
  1.4585   0.0492  -1.1372
  1.4584   0.0633  -1.2119
  1.4584   0.0774  -1.2856
  1.4584   0.0916  -1.3583
  1.4585   0.1057  -1.4299
  1.4586   0.1199  -1.5004
  1.4588   0.1341  -1.5699
  1.4591   0.1483  -1.6384
  1.4594   0.1626  -1.7059
  1.4597   0.1768  -1.7723
  1.4601   0.1911  -1.8377
  1.4605   0.2054  -1.9022
  1.4610   0.2197  -1.9656
  1.4616   0.2340  -2.0280
  1.4622   0.2484  -2.0895
  1.4629   0.2627  -2.1500
  1.4636   0.2770  -2.2095
  1.4643   0.2914  -2.2680
  1.4652   0.3058  -2.3256
  1.4660   0.3201  -2.3823
  1.4669   0.3345  -2.4380
  1.4679   0.3489  -2.4928
  1.4689   0.3633  -2.5467
  1.4700   0.3777  -2.5996
  1.4711   0.3921  -2.6517
  1.4723   0.4065  -2.7029
  1.4735   0.4209  -2.7532
  1.4748   0.4353  -2.8026
  1.4761   0.4497  -2.8511
  1.4774   0.4642  -2.8988
  1.4788   0.4786  -2.9456
  1.4803   0.4930  -2.9916
  1.4817   0.5074  -3.0368
  1.4833   0.5218  -3.0812
  1.4848   0.5362  -3.1248
  1.4864   0.5506  -3.1676
  1.4864   0.5506  -3.1676
  1.4885   0.5369  -3.1433
  1.4892   0.5226  -3.1107
  1.4893   0.5083  -3.0756
  1.4889   0.4943  -3.0404
  1.4883   0.4809  -3.0059
  1.4873   0.4680  -2.9721
  1.4860   0.4556  -2.9389
  1.4845   0.4437  -2.9064
  1.4827   0.4323  -2.8748
  1.4808   0.4214  -2.8443
  1.4787   0.4110  -2.8152
  1.4765   0.4011  -2.7878
  1.4743   0.3917  -2.7623
  1.4721   0.3827  -2.7391
  1.4699   0.3742  -2.7180
  1.4678   0.3660  -2.6984
  1.4656   0.3581  -2.6802
  1.4633   0.3504  -2.6627
  1.4609   0.3428  -2.6456
  1.4584   0.3353  -2.6284
  1.4558   0.3278  -2.6112
  1.4531   0.3204  -2.5946
  1.4504   0.3132  -2.5795
  1.4479   0.3061  -2.5663
  1.4456   0.2992  -2.5555
  1.4435   0.2924  -2.5468
  1.4416   0.2857  -2.5401
  1.4399   0.2789  -2.5350
  1.4383   0.2721  -2.5312
  1.4368   0.2652  -2.5286
  1.4353   0.2582  -2.5269
  1.4340   0.2510  -2.5260
  1.4327   0.2436  -2.5258
  1.4314   0.2361  -2.5262
  1.4302   0.2285  -2.5272
  1.4291   0.2206  -2.5287
  1.4280   0.2126  -2.5307
  1.4270   0.2044  -2.5332
  1.4259   0.1961  -2.5361
  1.4250   0.1876  -2.5395
  1.4241   0.1790  -2.5433
  1.4232   0.1702  -2.5475
  1.4224   0.1613  -2.5521
  1.4217   0.1522  -2.5571
  1.4210   0.1430  -2.5625
  1.4204   0.1336  -2.5682
  1.4199   0.1241  -2.5743
  1.4194   0.1145  -2.5808
  1.4190   0.1047  -2.5876
  1.4187   0.0949  -2.5948
  1.4185   0.0849  -2.6023
  1.4183   0.0748  -2.6102
  1.4182   0.0645  -2.6183
  1.4183   0.0542  -2.6269
  1.4184   0.0437  -2.6358
  1.4186   0.0331  -2.6450
  1.4189   0.0224  -2.6546
  1.4193   0.0117  -2.6646
  1.4199   0.0008  -2.6750
  1.4206  -0.0103  -2.6858
  1.4213  -0.0214  -2.6970
  1.4223  -0.0326  -2.7088
  1.4233  -0.0439  -2.7210
  1.4245  -0.0553  -2.7339
  1.4258  -0.0668  -2.7473
  1.4273  -0.0785  -2.7615
  1.4290  -0.0902  -2.7765
  1.4308  -0.1021  -2.7925
  1.4328  -0.1141  -2.8095
  1.4349  -0.1262  -2.8278
  1.4373  -0.1385  -2.8475
  1.4399  -0.1509  -2.8691
  1.4426  -0.1635  -2.8927
  1.4456  -0.1764  -2.9190
  1.4489  -0.1895  -2.9485
  1.4524  -0.2029  -2.9821
  1.4563  -0.2167  -3.0209
  1.4605  -0.2308  -3.0664
  1.4651  -0.2452  -3.1213
  1.4650  -0.2551  -3.1211
  1.4650  -0.2650  -3.1211
  1.4649  -0.2749  -3.1211
  1.4649  -0.2848  -3.1211
  1.4648  -0.2947  -3.1211
  1.4647  -0.3046  -3.1211
  1.4647  -0.3145  -3.1211
  1.4646  -0.3244  -3.1211
  1.4642  -0.3344  -3.1936
  1.4643  -0.3264  -3.1341
  1.4645  -0.3183  -3.0748
  1.4647  -0.3103  -3.0154
  1.4650  -0.3021  -2.9560
  1.4654  -0.2940  -2.8964
  1.4659  -0.2859  -2.8367
  1.4664  -0.2777  -2.7768
  1.4670  -0.2696  -2.7166
  1.4676  -0.2614  -2.6561
  1.4683  -0.2533  -2.5953
  1.4690  -0.2452  -2.5341
  1.4698  -0.2371  -2.4725
  1.4707  -0.2290  -2.4104
  1.4716  -0.2209  -2.3479
  1.4725  -0.2128  -2.2849
  1.4735  -0.2047  -2.2213
  1.4746  -0.1967  -2.1572
  1.4757  -0.1887  -2.0925
  1.4768  -0.1806  -2.0273
  1.4780  -0.1727  -1.9614
  1.4792  -0.1647  -1.8948
  1.4804  -0.1567  -1.8277
  1.4817  -0.1488  -1.7598
  1.4831  -0.1409  -1.6913
  1.4844  -0.1330  -1.6220
  1.4859  -0.1252  -1.5520
  1.4873  -0.1173  -1.4813
  1.4888  -0.1095  -1.4099
  1.4903  -0.1017  -1.3377
  1.4919  -0.0939  -1.2647
  1.4935  -0.0861  -1.1909
  1.4951  -0.0783  -1.1163
  1.4968  -0.0706  -1.0409
  1.4985  -0.0629  -0.9647
  1.5002  -0.0551  -0.8877
  1.5020  -0.0474  -0.8099
  1.5038  -0.0398  -0.7311
  1.5056  -0.0321  -0.6516
  1.5075  -0.0244  -0.5712
  1.5094  -0.0168  -0.4899
  1.5113  -0.0091  -0.4077
  1.5133  -0.0015  -0.3246
  1.5153   0.0061  -0.2407
  1.5173   0.0137  -0.1559
  1.5194   0.0213  -0.0701
  1.5215   0.0289   0.0165
  1.5236   0.0364   0.1041
  1.5258   0.0440   0.1926
  1.5280   0.0515   0.2819
  1.5302   0.0591   0.3723
  1.5325   0.0666   0.4635
  1.5348   0.0741   0.5557
  1.5371   0.0816   0.6488
  1.5394   0.0891   0.7428
  1.5418   0.0966   0.8378
  1.5443   0.1041   0.9338
  1.5467   0.1115   1.0307
  1.5492   0.1189   1.1285
  1.5517   0.1263   1.2274
  1.5543   0.1337   1.3272
  1.5569   0.1411   1.4279
  1.5595   0.1484   1.5297
  1.5621   0.1557   1.6325
  1.5648   0.1630   1.7363
  1.5675   0.1703   1.8411
  1.5702   0.1775   1.9469
  1.5729   0.1846   2.0538
  1.5757   0.1917   2.1618
  1.5785   0.1988   2.2709
  1.5813   0.2058   2.3811
  1.5842   0.2128   2.4924
  1.5870   0.2196   2.6049
  1.5899   0.2264   2.7186
  1.5928   0.2332   2.8336
  1.5957   0.2398   2.9499
  1.5987   0.2463   3.0675
  1.6016   0.2528   3.1866
  1.6046   0.2591   3.3070
  1.6075   0.2652   3.4290
  1.6075   0.2652   3.4290
  1.6027   0.2480   3.3881
  1.5984   0.2330   3.3633
  1.5946   0.2197   3.3520
  1.5913   0.2080   3.3520
  1.5883   0.1974   3.3609
  1.5857   0.1879   3.3769
  1.5835   0.1791   3.3979
  1.5815   0.1709   3.4224
  1.5798   0.1631   3.4493
  1.5783   0.1555   3.4776
  1.5769   0.1481   3.5066
  1.5757   0.1409   3.5358
  1.5747   0.1336   3.5648
  1.5737   0.1264   3.5932
  1.5728   0.1192   3.6209
  1.5719   0.1119   3.6477
  1.5712   0.1045   3.6736
  1.5705   0.0971   3.6984
  1.5698   0.0895   3.7220
  1.5693   0.0819   3.7446
  1.5687   0.0742   3.7659
  1.5682   0.0664   3.7861
  1.5677   0.0584   3.8051
  1.5673   0.0504   3.8229
  1.5669   0.0423   3.8395
  1.5666   0.0340   3.8549
  1.5663   0.0257   3.8693
  1.5660   0.0173   3.8825
  1.5658   0.0088   3.8945
  1.5656   0.0001   3.9055
  1.5654  -0.0086   3.9154
  1.5653  -0.0174   3.9243
  1.5652  -0.0262   3.9321
  1.5652  -0.0352   3.9389
  1.5652  -0.0443   3.9447
  1.5652  -0.0534   3.9496
  1.5653  -0.0626   3.9534
  1.5654  -0.0719   3.9563
  1.5656  -0.0812   3.9583
  1.5658  -0.0906   3.9594
  1.5661  -0.1001   3.9596
  1.5664  -0.1096   3.9589
  1.5667  -0.1192   3.9573
  1.5671  -0.1289   3.9549
  1.5675  -0.1386   3.9517
  1.5680  -0.1484   3.9476
  1.5685  -0.1583   3.9428
  1.5691  -0.1681   3.9371
  1.5698  -0.1781   3.9307
  1.5704  -0.1881   3.9235
  1.5712  -0.1981   3.9156
  1.5719  -0.2082   3.9069
  1.5728  -0.2183   3.8975
  1.5737  -0.2285   3.8874
  1.5746  -0.2387   3.8765
  1.5756  -0.2490   3.8650
  1.5766  -0.2593   3.8528
  1.5777  -0.2697   3.8399
  1.5789  -0.2801   3.8263
  1.5801  -0.2905   3.8121
  1.5813  -0.3010   3.7972
  1.5826  -0.3116   3.7816
  1.5840  -0.3222   3.7654
  1.5854  -0.3328   3.7486
  1.5868  -0.3436   3.7311
  1.5883  -0.3544   3.7130
  1.5898  -0.3654   3.6943
  1.5914  -0.3764   3.6749
  1.5929  -0.3876   3.6549
  1.5945  -0.3989   3.6343
  1.5961  -0.4105   3.6130
  1.5977  -0.4223   3.5912
  1.5992  -0.4344   3.5687
  1.6007  -0.4469   3.5456
  1.6022  -0.4598   3.5219
  1.6035  -0.4733   3.4977
  1.6046  -0.4875   3.4730
  1.5994  -0.4942   3.5259
  1.5986  -0.4858   3.3762
  1.5979  -0.4771   3.2296
  1.5971  -0.4682   3.0860
  1.5963  -0.4591   2.9453
  1.5954  -0.4498   2.8073
  1.5946  -0.4403   2.6719
  1.5937  -0.4306   2.5390
  1.5928  -0.4208   2.4085
  1.5918  -0.4107   2.2802
  1.5909  -0.4005   2.1542
  1.5899  -0.3902   2.0302
  1.5889  -0.3797   1.9083
  1.5878  -0.3691   1.7883
  1.5868  -0.3584   1.6702
  1.5857  -0.3475   1.5540
  1.5846  -0.3366   1.4395
  1.5835  -0.3255   1.3268
  1.5824  -0.3143   1.2157
  1.5812  -0.3030   1.1062
  1.5800  -0.2916   0.9983
  1.5788  -0.2801   0.8920
  1.5776  -0.2685   0.7873
  1.5764  -0.2569   0.6840
  1.5752  -0.2451   0.5822
  1.5740  -0.2332   0.4818
  1.5727  -0.2213   0.3829
  1.5715  -0.2093   0.2853
  1.5702  -0.1972   0.1892
  1.5689  -0.1850   0.0944
  1.5677  -0.1727   0.0010
  1.5664  -0.1604  -0.0911
  1.5652  -0.1480  -0.1819
  1.5639  -0.1355  -0.2713
  1.5627  -0.1229  -0.3595
  1.5615  -0.1103  -0.4464
  1.5602  -0.0976  -0.5319
  1.5590  -0.0848  -0.6162
  1.5578  -0.0719  -0.6993
  1.5566  -0.0590  -0.7811
  1.5555  -0.0461  -0.8616
  1.5543  -0.0330  -0.9409
  1.5532  -0.0199  -1.0190
  1.5521  -0.0068  -1.0958
  1.5510   0.0064  -1.1714
  1.5500   0.0197  -1.2459
  1.5489   0.0330  -1.3191
  1.5479   0.0464  -1.3911
  1.5470   0.0599  -1.4619
  1.5460   0.0733  -1.5316
  1.5451   0.0869  -1.6001
  1.5442   0.1004  -1.6675
  1.5434   0.1141  -1.7337
  1.5426   0.1277  -1.7987
  1.5418   0.1414  -1.8626
  1.5410   0.1552  -1.9254
  1.5403   0.1689  -1.9872
  1.5396   0.1827  -2.0478
  1.5390   0.1966  -2.1073
  1.5384   0.2104  -2.1658
  1.5378   0.2243  -2.2232
  1.5373   0.2383  -2.2796
  1.5368   0.2522  -2.3350
  1.5363   0.2661  -2.3894
  1.5359   0.2801  -2.4428
  1.5355   0.2941  -2.4953
  1.5351   0.3081  -2.5468
  1.5348   0.3220  -2.5975
  1.5344   0.3360  -2.6472
  1.5342   0.3500  -2.6962
  1.5339   0.3640  -2.7443
  1.5337   0.3779  -2.7917
  1.5335   0.3918  -2.8384
  1.5333   0.4057  -2.8844
  1.5331   0.4196  -2.9297
  1.5330   0.4334  -2.9745
  1.5328   0.4472  -3.0188
  1.5327   0.4609  -3.0626
  1.5326   0.4746  -3.1060
  1.5324   0.4881  -3.1491
  1.5324   0.4881  -3.1491
  1.5264   0.4760  -3.0770
  1.5212   0.4649  -3.0126
  1.5167   0.4546  -2.9547
  1.5129   0.4450  -2.9023
  1.5094   0.4359  -2.8546
  1.5064   0.4272  -2.8110
  1.5037   0.4187  -2.7710
  1.5012   0.4104  -2.7342
  1.4989   0.4022  -2.7002
  1.4967   0.3941  -2.6689
  1.4947   0.3860  -2.6398
  1.4928   0.3779  -2.6130
  1.4910   0.3698  -2.5882
  1.4893   0.3617  -2.5654
  1.4876   0.3534  -2.5443
  1.4860   0.3451  -2.5250
  1.4845   0.3368  -2.5074
  1.4830   0.3283  -2.4913
  1.4816   0.3197  -2.4768
  1.4802   0.3111  -2.4637
  1.4789   0.3023  -2.4521
  1.4776   0.2935  -2.4418
  1.4764   0.2846  -2.4329
  1.4752   0.2755  -2.4252
  1.4741   0.2664  -2.4188
  1.4731   0.2572  -2.4136
  1.4721   0.2479  -2.4095
  1.4712   0.2386  -2.4065
  1.4703   0.2291  -2.4046
  1.4695   0.2196  -2.4038
  1.4687   0.2100  -2.4039
  1.4680   0.2003  -2.4049
  1.4674   0.1906  -2.4069
  1.4669   0.1808  -2.4097
  1.4664   0.1709  -2.4133
  1.4659   0.1610  -2.4177
  1.4656   0.1510  -2.4229
  1.4653   0.1410  -2.4287
  1.4651   0.1310  -2.4353
  1.4650   0.1209  -2.4424
  1.4649   0.1107  -2.4501
  1.4649   0.1006  -2.4584
  1.4650   0.0903  -2.4672
  1.4651   0.0801  -2.4764
  1.4653   0.0698  -2.4861
  1.4656   0.0595  -2.4962
  1.4659   0.0492  -2.5067
  1.4663   0.0389  -2.5175
  1.4668   0.0286  -2.5286
  1.4673   0.0182  -2.5401
  1.4679   0.0078  -2.5518
  1.4686  -0.0026  -2.5637
  1.4693  -0.0130  -2.5758
  1.4700  -0.0234  -2.5882
  1.4708  -0.0339  -2.6007
  1.4717  -0.0443  -2.6134
  1.4726  -0.0548  -2.6262
  1.4736  -0.0652  -2.6392
  1.4746  -0.0757  -2.6524
  1.4757  -0.0862  -2.6657
  1.4768  -0.0967  -2.6792
  1.4779  -0.1073  -2.6929
  1.4792  -0.1178  -2.7068
  1.4804  -0.1284  -2.7211
  1.4817  -0.1391  -2.7357
  1.4830  -0.1498  -2.7507
  1.4844  -0.1605  -2.7662
  1.4859  -0.1713  -2.7825
  1.4874  -0.1822  -2.7996
  1.4890  -0.1932  -2.8178
  1.4906  -0.2043  -2.8375
  1.4924  -0.2156  -2.8589
  1.4942  -0.2271  -2.8826
  1.4962  -0.2389  -2.9091
  1.4983  -0.2510  -2.9393
  1.5006  -0.2635  -2.9741
  1.5031  -0.2765  -3.0146
  1.5059  -0.2901  -3.0625
  1.5091  -0.3045  -3.1196
  1.5090  -0.3144  -3.1192
  1.5089  -0.3243  -3.1192
  1.5103  -0.3323  -3.1788
  1.5097  -0.3241  -3.1259
  1.5091  -0.3160  -3.0725
  1.5087  -0.3078  -3.0186
  1.5082  -0.2998  -2.9641
  1.5078  -0.2917  -2.9091
  1.5075  -0.2837  -2.8536
  1.5072  -0.2757  -2.7976
  1.5069  -0.2678  -2.7409
  1.5067  -0.2598  -2.6838
  1.5066  -0.2519  -2.6260
  1.5064  -0.2440  -2.5677
  1.5064  -0.2362  -2.5087
  1.5063  -0.2283  -2.4492
  1.5063  -0.2205  -2.3890
  1.5064  -0.2128  -2.3283
  1.5065  -0.2050  -2.2669
  1.5066  -0.1972  -2.2048
  1.5068  -0.1895  -2.1421
  1.5070  -0.1818  -2.0788
  1.5072  -0.1741  -2.0147
  1.5075  -0.1665  -1.9500
  1.5078  -0.1588  -1.8846
  1.5082  -0.1512  -1.8185
  1.5085  -0.1435  -1.7517
  1.5090  -0.1359  -1.6841
  1.5094  -0.1283  -1.6158
  1.5099  -0.1207  -1.5468
  1.5104  -0.1132  -1.4770
  1.5109  -0.1056  -1.4064
  1.5115  -0.0980  -1.3351
  1.5121  -0.0905  -1.2630
  1.5127  -0.0830  -1.1900
  1.5133  -0.0754  -1.1163
  1.5140  -0.0679  -1.0417
  1.5147  -0.0604  -0.9663
  1.5154  -0.0529  -0.8900
  1.5162  -0.0454  -0.8129
  1.5170  -0.0379  -0.7350
  1.5178  -0.0304  -0.6561
  1.5186  -0.0229  -0.5764
  1.5194  -0.0154  -0.4958
  1.5203  -0.0079  -0.4143
  1.5212  -0.0004  -0.3319
  1.5221   0.0070  -0.2485
  1.5230   0.0145  -0.1643
  1.5240   0.0220  -0.0791
  1.5250   0.0295   0.0070
  1.5260   0.0370   0.0941
  1.5270   0.0445   0.1821
  1.5281   0.0519   0.2711
  1.5291   0.0594   0.3610
  1.5302   0.0669   0.4520
  1.5313   0.0744   0.5438
  1.5325   0.0819   0.6367
  1.5336   0.0894   0.7306
  1.5348   0.0969   0.8254
  1.5360   0.1044   0.9212
  1.5373   0.1118   1.0180
  1.5385   0.1193   1.1158
  1.5398   0.1268   1.2146
  1.5411   0.1343   1.3144
  1.5424   0.1418   1.4152
  1.5437   0.1493   1.5171
  1.5451   0.1567   1.6199
  1.5464   0.1642   1.7237
  1.5478   0.1716   1.8286
  1.5492   0.1791   1.9344
  1.5507   0.1865   2.0413
  1.5521   0.1940   2.1493
  1.5536   0.2014   2.2582
  1.5551   0.2088   2.3682
  1.5566   0.2161   2.4792
  1.5582   0.2235   2.5913
  1.5597   0.2308   2.7045
  1.5613   0.2381   2.8187
  1.5629   0.2454   2.9341
  1.5645   0.2526   3.0505
  1.5661   0.2598   3.1681
  1.5678   0.2670   3.2868
  1.5678   0.2670   3.2868
  1.5648   0.2576   3.2958
  1.5620   0.2487   3.3085
  1.5595   0.2400   3.3239
  1.5571   0.2314   3.3411
  1.5549   0.2230   3.3596
  1.5528   0.2146   3.3790
  1.5508   0.2063   3.3988
  1.5489   0.1980   3.4188
  1.5471   0.1897   3.4388
  1.5454   0.1814   3.4586
  1.5439   0.1731   3.4781
  1.5423   0.1647   3.4971
  1.5409   0.1563   3.5156
  1.5395   0.1479   3.5335
  1.5382   0.1394   3.5509
  1.5370   0.1308   3.5676
  1.5358   0.1223   3.5836
  1.5347   0.1136   3.5989
  1.5336   0.1049   3.6136
  1.5326   0.0962   3.6275
  1.5317   0.0874   3.6408
  1.5308   0.0786   3.6533
  1.5300   0.0697   3.6651
  1.5292   0.0607   3.6762
  1.5284   0.0517   3.6865
  1.5278   0.0426   3.6962
  1.5271   0.0335   3.7052
  1.5265   0.0243   3.7135
  1.5260   0.0151   3.7211
  1.5255   0.0058   3.7280
  1.5251  -0.0035   3.7342
  1.5247  -0.0129   3.7398
  1.5243  -0.0224   3.7447
  1.5240  -0.0319   3.7489
  1.5238  -0.0414   3.7524
  1.5236  -0.0510   3.7553
  1.5234  -0.0606   3.7576
  1.5233  -0.0703   3.7592
  1.5232  -0.0801   3.7601
  1.5232  -0.0899   3.7604
  1.5233  -0.0997   3.7601
  1.5233  -0.1096   3.7592
  1.5235  -0.1196   3.7576
  1.5237  -0.1296   3.7553
  1.5239  -0.1396   3.7525
  1.5242  -0.1497   3.7490
  1.5245  -0.1598   3.7449
  1.5249  -0.1700   3.7402
  1.5254  -0.1802   3.7348
  1.5259  -0.1905   3.7288
  1.5264  -0.2008   3.7223
  1.5270  -0.2112   3.7150
  1.5277  -0.2216   3.7072
  1.5284  -0.2321   3.6987
  1.5292  -0.2426   3.6897
  1.5300  -0.2532   3.6800
  1.5309  -0.2638   3.6696
  1.5318  -0.2744   3.6587
  1.5328  -0.2851   3.6471
  1.5338  -0.2959   3.6349
  1.5350  -0.3067   3.6221
  1.5361  -0.3176   3.6087
  1.5373  -0.3285   3.5946
  1.5386  -0.3394   3.5800
  1.5400  -0.3505   3.5648
  1.5414  -0.3615   3.5489
  1.5428  -0.3727   3.5326
  1.5443  -0.3839   3.5157
  1.5459  -0.3951   3.4983
  1.5475  -0.4065   3.4806
  1.5492  -0.4179   3.4624
  1.5509  -0.4293   3.4440
  1.5527  -0.4409   3.4254
  1.5545  -0.4525   3.4068
  1.5496  -0.4590   3.4577
  1.5491  -0.4500   3.3228
  1.5485  -0.4409   3.1898
  1.5479  -0.4317   3.0586
  1.5473  -0.4224   2.9292
  1.5466  -0.4130   2.8015
  1.5459  -0.4035   2.6755
  1.5451  -0.3939   2.5511
  1.5443  -0.3842   2.4284
  1.5434  -0.3744   2.3072
  1.5426  -0.3645   2.1876
  1.5417  -0.3545   2.0695
  1.5407  -0.3444   1.9529
  1.5397  -0.3343   1.8377
  1.5387  -0.3240   1.7241
  1.5377  -0.3137   1.6118
  1.5366  -0.3033   1.5010
  1.5355  -0.2928   1.3915
  1.5344  -0.2822   1.2834
  1.5333  -0.2716   1.1767
  1.5321  -0.2608   1.0713
  1.5310  -0.2500   0.9672
  1.5298  -0.2390   0.8645
  1.5286  -0.2280   0.7630
  1.5274  -0.2169   0.6629
  1.5261  -0.2058   0.5640
  1.5249  -0.1945   0.4664
  1.5237  -0.1832   0.3701
  1.5224  -0.1717   0.2750
  1.5212  -0.1602   0.1811
  1.5199  -0.1487   0.0885
  1.5187  -0.1370  -0.0029
  1.5174  -0.1253  -0.0931
  1.5162  -0.1134  -0.1821
  1.5149  -0.1016  -0.2699
  1.5137  -0.0896  -0.3565
  1.5125  -0.0775  -0.4418
  1.5113  -0.0654  -0.5260
  1.5101  -0.0532  -0.6091
  1.5090  -0.0410  -0.6909
  1.5078  -0.0286  -0.7716
  1.5067  -0.0162  -0.8511
  1.5056  -0.0037  -0.9294
  1.5045   0.0088  -1.0066
  1.5034   0.0214  -1.0827
  1.5024   0.0341  -1.1576
  1.5014   0.0469  -1.2314
  1.5004   0.0597  -1.3040
  1.4994   0.0726  -1.3755
  1.4985   0.0855  -1.4459
  1.4976   0.0985  -1.5152
  1.4968   0.1116  -1.5833
  1.4959   0.1247  -1.6504
  1.4952   0.1379  -1.7163
  1.4944   0.1511  -1.7812
  1.4937   0.1644  -1.8449
  1.4930   0.1777  -1.9076
  1.4924   0.1911  -1.9693
  1.4918   0.2045  -2.0298
  1.4912   0.2180  -2.0893
  1.4907   0.2315  -2.1477
  1.4902   0.2451  -2.2051
  1.4898   0.2587  -2.2615
  1.4894   0.2724  -2.3168
  1.4890   0.2861  -2.3711
  1.4887   0.2999  -2.4244
  1.4884   0.3136  -2.4767
  1.4882   0.3275  -2.5281
  1.4880   0.3413  -2.5784
  1.4878   0.3552  -2.6278
  1.4877   0.3691  -2.6762
  1.4876   0.3831  -2.7237
  1.4876   0.3970  -2.7702
  1.4876   0.4111  -2.8158
  1.4876   0.4251  -2.8606
  1.4877   0.4391  -2.9044
  1.4878   0.4532  -2.9474
  1.4880   0.4673  -2.9895
  1.4881   0.4814  -3.0308
  1.4883   0.4956  -3.0712
  1.4883   0.4956  -3.0712
  1.4836   0.4851  -2.9981
  1.4795   0.4752  -2.9341
  1.4759   0.4658  -2.8777
  1.4727   0.4568  -2.8278
  1.4698   0.4481  -2.7831
  1.4672   0.4395  -2.7430
  1.4648   0.4310  -2.7068
  1.4626   0.4226  -2.6738
  1.4606   0.4143  -2.6437
  1.4586   0.4059  -2.6161
  1.4567   0.3976  -2.5907
  1.4549   0.3892  -2.5673
  1.4532   0.3807  -2.5457
  1.4516   0.3722  -2.5258
  1.4500   0.3636  -2.5074
  1.4484   0.3550  -2.4904
  1.4469   0.3463  -2.4748
  1.4455   0.3375  -2.4605
  1.4441   0.3286  -2.4473
  1.4427   0.3197  -2.4353
  1.4414   0.3107  -2.4245
  1.4401   0.3016  -2.4146
  1.4388   0.2924  -2.4058
  1.4376   0.2831  -2.3980
  1.4365   0.2738  -2.3912
  1.4354   0.2644  -2.3853
  1.4343   0.2550  -2.3802
  1.4333   0.2454  -2.3761
  1.4323   0.2358  -2.3727
  1.4314   0.2262  -2.3702
  1.4305   0.2164  -2.3685
  1.4297   0.2067  -2.3675
  1.4289   0.1968  -2.3672
  1.4282   0.1869  -2.3677
  1.4275   0.1770  -2.3689
  1.4269   0.1669  -2.3707
  1.4263   0.1569  -2.3732
  1.4258   0.1468  -2.3763
  1.4254   0.1366  -2.3800
  1.4250   0.1264  -2.3843
  1.4246   0.1162  -2.3891
  1.4244   0.1059  -2.3946
  1.4242   0.0956  -2.4005
  1.4240   0.0852  -2.4070
  1.4239   0.0748  -2.4139
  1.4239   0.0644  -2.4214
  1.4239   0.0539  -2.4293
  1.4240   0.0435  -2.4377
  1.4242   0.0330  -2.4465
  1.4244   0.0224  -2.4557
  1.4247   0.0118  -2.4654
  1.4251   0.0013  -2.4755
  1.4255  -0.0094  -2.4859
  1.4260  -0.0200  -2.4968
  1.4266  -0.0306  -2.5081
  1.4272  -0.0413  -2.5197
  1.4279  -0.0520  -2.5318
  1.4287  -0.0627  -2.5442
  1.4296  -0.0734  -2.5570
  1.4305  -0.0842  -2.5703
  1.4315  -0.0950  -2.5839
  1.4325  -0.1057  -2.5981
  1.4337  -0.1165  -2.6127
  1.4349  -0.1274  -2.6278
  1.4362  -0.1382  -2.6434
  1.4376  -0.1491  -2.6598
  1.4390  -0.1599  -2.6768
  1.4406  -0.1709  -2.6947
  1.4422  -0.1818  -2.7136
  1.4439  -0.1928  -2.7336
  1.4458  -0.2038  -2.7551
  1.4477  -0.2149  -2.7783
  1.4498  -0.2261  -2.8035
  1.4520  -0.2373  -2.8313
  1.4544  -0.2487  -2.8623
  1.4570  -0.2603  -2.8973
  1.4598  -0.2721  -2.9371
  1.4629  -0.2841  -2.9831
  1.4662  -0.2965  -3.0368
