  0.0000  -0.1269  -0.1208
  0.0010  -0.1270  -0.1208
  0.0020  -0.1271  -0.1208
  0.0030  -0.1272  -0.1209
  0.0040  -0.1273  -0.1209
  0.0051  -0.1274  -0.1210
  0.0061  -0.1274  -0.1210
  0.0071  -0.1275  -0.1211
  0.0082  -0.1276  -0.1212
  0.0092  -0.1277  -0.1213
  0.0103  -0.1277  -0.1214
  0.0113  -0.1278  -0.1216
  0.0124  -0.1279  -0.1217
  0.0135  -0.1279  -0.1218
  0.0145  -0.1280  -0.1220
  0.0156  -0.1280  -0.1221
  0.0167  -0.1281  -0.1223
  0.0178  -0.1281  -0.1225
  0.0189  -0.1282  -0.1226
  0.0200  -0.1282  -0.1228
  0.0211  -0.1282  -0.1230
  0.0223  -0.1282  -0.1231
  0.0234  -0.1283  -0.1233
  0.0245  -0.1283  -0.1234
  0.0257  -0.1283  -0.1236
  0.0268  -0.1283  -0.1238
  0.0279  -0.1283  -0.1239
  0.0291  -0.1283  -0.1240
  0.0303  -0.1283  -0.1242
  0.0314  -0.1283  -0.1243
  0.0326  -0.1283  -0.1244
  0.0338  -0.1283  -0.1245
  0.0350  -0.1283  -0.1246
  0.0361  -0.1283  -0.1247
  0.0373  -0.1283  -0.1247
  0.0385  -0.1283  -0.1248
  0.0397  -0.1282  -0.1248
  0.0409  -0.1282  -0.1248
  0.0422  -0.1282  -0.1248
  0.0434  -0.1281  -0.1248
  0.0446  -0.1281  -0.1247
  0.0458  -0.1281  -0.1247
  0.0471  -0.1280  -0.1246
  0.0483  -0.1280  -0.1244
  0.0496  -0.1279  -0.1243
  0.0508  -0.1279  -0.1241
  0.0521  -0.1278  -0.1239
  0.0534  -0.1277  -0.1237
  0.0546  -0.1277  -0.1234
  0.0559  -0.1276  -0.1231
  0.0572  -0.1275  -0.1228
  0.0585  -0.1275  -0.1224
  0.0598  -0.1274  -0.1221
  0.0611  -0.1273  -0.1216
  0.0624  -0.1272  -0.1211
  0.0637  -0.1271  -0.1206
  0.0650  -0.1270  -0.1201
  0.0663  -0.1269  -0.1195
  0.0676  -0.1268  -0.1188
  0.0690  -0.1267  -0.1182
  0.0703  -0.1266  -0.1174
  0.0716  -0.1265  -0.1166
  0.0730  -0.1264  -0.1158
  0.0743  -0.1263  -0.1149
  0.0757  -0.1262  -0.1140
  0.0771  -0.1261  -0.1130
  0.0784  -0.1259  -0.1120
  0.0798  -0.1258  -0.1109
  0.0812  -0.1257  -0.1097
  0.0826  -0.1255  -0.1085
  0.0840  -0.1254  -0.1073
  0.0854  -0.1252  -0.1059
  0.0868  -0.1251  -0.1045
  0.0882  -0.1249  -0.1031
  0.0896  -0.1248  -0.1015
  0.0910  -0.1246  -0.0999
  0.0924  -0.1245  -0.0983
  0.0939  -0.1243  -0.0965
  0.0953  -0.1241  -0.0947
  0.0967  -0.1240  -0.0928
  0.0967  -0.1240  -0.0928
  0.0982  -0.1238  -0.0909
  0.0996  -0.1236  -0.0889
  0.1011  -0.1235  -0.0869
  0.1025  -0.1233  -0.0849
  0.1039  -0.1232  -0.0829
  0.1054  -0.1230  -0.0809
  0.1068  -0.1229  -0.0789
  0.1082  -0.1228  -0.0768
  0.1097  -0.1227  -0.0748
  0.1111  -0.1226  -0.0727
  0.1125  -0.1225  -0.0706
  0.1139  -0.1224  -0.0684
  0.1154  -0.1224  -0.0663
  0.1168  -0.1223  -0.0641
  0.1182  -0.1222  -0.0620
  0.1196  -0.1222  -0.0598
  0.1210  -0.1221  -0.0576
  0.1225  -0.1221  -0.0553
  0.1239  -0.1221  -0.0531
  0.1253  -0.1221  -0.0509
  0.1267  -0.1221  -0.0486
  0.1281  -0.1221  -0.0463
  0.1295  -0.1221  -0.0440
  0.1309  -0.1221  -0.0417
  0.1323  -0.1221  -0.0394
  0.1337  -0.1222  -0.0371
  0.1352  -0.1222  -0.0347
  0.1366  -0.1223  -0.0324
  0.1380  -0.1224  -0.0301
  0.1394  -0.1224  -0.0277
  0.1408  -0.1225  -0.0253
  0.1422  -0.1226  -0.0230
  0.1436  -0.1227  -0.0206
  0.1450  -0.1228  -0.0182
  0.1464  -0.1230  -0.0159
  0.1478  -0.1231  -0.0135
  0.1492  -0.1232  -0.0111
  0.1506  -0.1234  -0.0087
  0.1520  -0.1236  -0.0064
  0.1534  -0.1237  -0.0040
  0.1548  -0.1239  -0.0016
  0.1562  -0.1241   0.0007
  0.1577  -0.1243   0.0031
  0.1591  -0.1245   0.0055
  0.1605  -0.1248   0.0078
  0.1619  -0.1250   0.0102
  0.1633  -0.1252   0.0125
  0.1647  -0.1255   0.0148
  0.1661  -0.1258   0.0172
  0.1675  -0.1260   0.0195
  0.1689  -0.1263   0.0218
  0.1703  -0.1266   0.0241
  0.1717  -0.1269   0.0264
  0.1732  -0.1273   0.0286
  0.1746  -0.1276   0.0309
  0.1760  -0.1279   0.0332
  0.1774  -0.1283   0.0354
  0.1788  -0.1286   0.0376
  0.1802  -0.1290   0.0398
  0.1817  -0.1294   0.0420
  0.1831  -0.1298   0.0442
  0.1845  -0.1302   0.0464
  0.1859  -0.1306   0.0485
  0.1874  -0.1311   0.0507
  0.1888  -0.1315   0.0528
  0.1902  -0.1319   0.0549
  0.1917  -0.1324   0.0570
  0.1931  -0.1329   0.0591
  0.1931  -0.1329   0.0591
  0.1945  -0.1334   0.0612
  0.1960  -0.1339   0.0632
  0.1974  -0.1343   0.0651
  0.1988  -0.1348   0.0669
  0.2003  -0.1353   0.0686
  0.2017  -0.1357   0.0702
  0.2031  -0.1361   0.0718
  0.2045  -0.1365   0.0732
  0.2060  -0.1370   0.0745
  0.2074  -0.1373   0.0758
  0.2088  -0.1377   0.0770
  0.2102  -0.1381   0.0781
  0.2116  -0.1385   0.0791
  0.2130  -0.1388   0.0800
  0.2144  -0.1392   0.0808
  0.2158  -0.1395   0.0815
  0.2173  -0.1398   0.0822
  0.2187  -0.1402   0.0828
  0.2201  -0.1405   0.0833
  0.2215  -0.1407   0.0837
  0.2229  -0.1410   0.0841
  0.2243  -0.1413   0.0843
  0.2257  -0.1416   0.0845
  0.2271  -0.1418   0.0847
  0.2285  -0.1420   0.0847
  0.2299  -0.1423   0.0847
  0.2312  -0.1425   0.0846
  0.2326  -0.1427   0.0844
  0.2340  -0.1429   0.0841
  0.2354  -0.1430   0.0838
  0.2368  -0.1432   0.0834
  0.2382  -0.1434   0.0830
  0.2396  -0.1435   0.0825
  0.2410  -0.1437   0.0819
  0.2424  -0.1438   0.0812
  0.2438  -0.1439   0.0805
  0.2452  -0.1440   0.0797
  0.2465  -0.1441   0.0788
  0.2479  -0.1442   0.0779
  0.2493  -0.1442   0.0769
  0.2507  -0.1443   0.0759
  0.2521  -0.1443   0.0748
  0.2535  -0.1444   0.0736
  0.2549  -0.1444   0.0724
  0.2563  -0.1444   0.0711
  0.2576  -0.1444   0.0698
  0.2590  -0.1444   0.0684
  0.2604  -0.1444   0.0669
  0.2618  -0.1443   0.0654
  0.2632  -0.1443   0.0638
  0.2646  -0.1442   0.0622
  0.2660  -0.1442   0.0605
  0.2674  -0.1441   0.0588
  0.2688  -0.1440   0.0570
  0.2702  -0.1439   0.0551
  0.2716  -0.1438   0.0532
  0.2729  -0.1437   0.0513
  0.2743  -0.1435   0.0493
  0.2757  -0.1434   0.0473
  0.2771  -0.1432   0.0452
  0.2785  -0.1430   0.0430
  0.2799  -0.1428   0.0408
  0.2814  -0.1426   0.0386
  0.2828  -0.1424   0.0363
  0.2842  -0.1422   0.0339
  0.2856  -0.1420   0.0316
  0.2870  -0.1417   0.0291
  0.2884  -0.1415   0.0266
  0.2898  -0.1412   0.0241
  0.2912  -0.1409   0.0215
  0.2927  -0.1406   0.0189
  0.2927  -0.1406   0.0189
  0.2941  -0.1403   0.0163
  0.2955  -0.1400   0.0137
  0.2969  -0.1397   0.0112
  0.2983  -0.1394   0.0087
  0.2997  -0.1392   0.0063
  0.3011  -0.1389   0.0040
  0.3025  -0.1387   0.0017
  0.3039  -0.1384  -0.0005
  0.3053  -0.1382  -0.0027
  0.3067  -0.1379  -0.0049
  0.3081  -0.1377  -0.0070
  0.3095  -0.1375  -0.0091
  0.3108  -0.1373  -0.0111
  0.3122  -0.1371  -0.0131
  0.3136  -0.1369  -0.0151
  0.3150  -0.1367  -0.0171
  0.3163  -0.1365  -0.0190
  0.3177  -0.1364  -0.0210
  0.3191  -0.1362  -0.0229
  0.3204  -0.1361  -0.0247
  0.3218  -0.1359  -0.0266
  0.3232  -0.1358  -0.0285
  0.3245  -0.1357  -0.0303
  0.3259  -0.1356  -0.0321
  0.3272  -0.1355  -0.0340
  0.3286  -0.1354  -0.0358
  0.3299  -0.1353  -0.0376
  0.3313  -0.1352  -0.0394
  0.3326  -0.1351  -0.0412
  0.3340  -0.1351  -0.0430
  0.3353  -0.1350  -0.0448
  0.3367  -0.1350  -0.0466
  0.3380  -0.1350  -0.0484
  0.3394  -0.1349  -0.0502
  0.3407  -0.1349  -0.0520
  0.3421  -0.1349  -0.0538
  0.3434  -0.1349  -0.0557
  0.3448  -0.1350  -0.0575
  0.3461  -0.1350  -0.0593
  0.3475  -0.1350  -0.0612
  0.3488  -0.1351  -0.0630
  0.3501  -0.1352  -0.0649
  0.3515  -0.1352  -0.0668
  0.3528  -0.1353  -0.0687
  0.3542  -0.1354  -0.0706
  0.3555  -0.1355  -0.0725
  0.3569  -0.1356  -0.0744
  0.3582  -0.1358  -0.0764
  0.3596  -0.1359  -0.0784
  0.3609  -0.1361  -0.0803
  0.3623  -0.1362  -0.0823
  0.3636  -0.1364  -0.0844
  0.3650  -0.1366  -0.0864
  0.3663  -0.1368  -0.0885
  0.3677  -0.1370  -0.0906
  0.3691  -0.1372  -0.0927
  0.3704  -0.1374  -0.0948
  0.3718  -0.1377  -0.0969
  0.3732  -0.1379  -0.0991
  0.3745  -0.1382  -0.1013
  0.3759  -0.1384  -0.1036
  0.3773  -0.1387  -0.1058
  0.3786  -0.1390  -0.1081
  0.3800  -0.1393  -0.1105
  0.3814  -0.1396  -0.1129
  0.3828  -0.1400  -0.1153
  0.3842  -0.1403  -0.1177
  0.3856  -0.1407  -0.1203
  0.3870  -0.1410  -0.1228
  0.3870  -0.1410  -0.1228
  0.3884  -0.1414  -0.1255
  0.3898  -0.1418  -0.1282
  0.3912  -0.1422  -0.1308
  0.3926  -0.1425  -0.1333
  0.3940  -0.1429  -0.1358
  0.3954  -0.1432  -0.1383
  0.3968  -0.1436  -0.1407
  0.3982  -0.1439  -0.1430
  0.3996  -0.1442  -0.1453
  0.4010  -0.1445  -0.1476
  0.4024  -0.1448  -0.1498
  0.4039  -0.1451  -0.1519
  0.4053  -0.1454  -0.1540
  0.4067  -0.1457  -0.1560
  0.4081  -0.1460  -0.1580
  0.4095  -0.1462  -0.1600
  0.4109  -0.1465  -0.1618
  0.4123  -0.1467  -0.1637
  0.4138  -0.1469  -0.1654
  0.4152  -0.1472  -0.1672
  0.4166  -0.1474  -0.1688
  0.4180  -0.1476  -0.1704
  0.4195  -0.1478  -0.1720
  0.4209  -0.1480  -0.1735
  0.4223  -0.1482  -0.1749
  0.4237  -0.1483  -0.1763
  0.4252  -0.1485  -0.1777
  0.4266  -0.1487  -0.1789
  0.4280  -0.1488  -0.1801
  0.4295  -0.1490  -0.1813
  0.4309  -0.1491  -0.1824
  0.4324  -0.1492  -0.1834
  0.4338  -0.1494  -0.1844
  0.4353  -0.1495  -0.1853
  0.4367  -0.1496  -0.1862
  0.4381  -0.1497  -0.1870
  0.4396  -0.1498  -0.1877
  0.4410  -0.1499  -0.1884
  0.4425  -0.1500  -0.1890
  0.4440  -0.1501  -0.1895
  0.4454  -0.1501  -0.1900
  0.4469  -0.1502  -0.1904
  0.4483  -0.1502  -0.1907
  0.4498  -0.1503  -0.1910
  0.4513  -0.1503  -0.1912
  0.4527  -0.1504  -0.1913
  0.4542  -0.1504  -0.1914
  0.4557  -0.1504  -0.1914
  0.4572  -0.1504  -0.1914
  0.4586  -0.1505  -0.1912
  0.4601  -0.1505  -0.1910
  0.4616  -0.1505  -0.1907
  0.4631  -0.1505  -0.1904
  0.4646  -0.1504  -0.1900
  0.4660  -0.1504  -0.1895
  0.4675  -0.1504  -0.1889
  0.4690  -0.1504  -0.1882
  0.4705  -0.1503  -0.1875
  0.4720  -0.1503  -0.1867
  0.4735  -0.1502  -0.1858
  0.4750  -0.1502  -0.1849
  0.4765  -0.1501  -0.1838
  0.4780  -0.1501  -0.1827
  0.4795  -0.1500  -0.1815
  0.4810  -0.1499  -0.1802
  0.4826  -0.1498  -0.1789
  0.4841  -0.1497  -0.1774
  0.4856  -0.1497  -0.1759
  0.4871  -0.1496  -0.1743
  0.4886  -0.1495  -0.1726
  0.4901  -0.1493  -0.1708
  0.4917  -0.1492  -0.1690
  0.4932  -0.1491  -0.1670
  0.4947  -0.1490  -0.1650
  0.4963  -0.1489  -0.1629
  0.4978  -0.1487  -0.1606
  0.4993  -0.1486  -0.1583
  0.5009  -0.1484  -0.1559
  0.5024  -0.1483  -0.1534
  0.5024  -0.1483  -0.1534
  0.5040  -0.1481  -0.1509
  0.5055  -0.1480  -0.1483
  0.5070  -0.1479  -0.1456
  0.5086  -0.1477  -0.1430
  0.5101  -0.1476  -0.1403
  0.5116  -0.1475  -0.1376
  0.5132  -0.1474  -0.1349
  0.5147  -0.1473  -0.1321
  0.5162  -0.1472  -0.1293
  0.5177  -0.1471  -0.1265
  0.5193  -0.1471  -0.1237
  0.5208  -0.1470  -0.1209
  0.5223  -0.1470  -0.1180
  0.5238  -0.1469  -0.1151
  0.5254  -0.1469  -0.1122
  0.5269  -0.1469  -0.1092
  0.5284  -0.1468  -0.1063
  0.5299  -0.1468  -0.1033
  0.5314  -0.1468  -0.1003
  0.5329  -0.1468  -0.0972
  0.5344  -0.1469  -0.0942
  0.5359  -0.1469  -0.0911
  0.5375  -0.1469  -0.0881
  0.5390  -0.1470  -0.0850
  0.5405  -0.1470  -0.0819
  0.5420  -0.1471  -0.0788
  0.5435  -0.1472  -0.0756
  0.5450  -0.1472  -0.0725
  0.5465  -0.1473  -0.0694
  0.5480  -0.1474  -0.0662
  0.5495  -0.1475  -0.0630
  0.5510  -0.1476  -0.0599
  0.5525  -0.1478  -0.0567
  0.5540  -0.1479  -0.0535
  0.5555  -0.1481  -0.0503
  0.5570  -0.1482  -0.0471
  0.5585  -0.1484  -0.0439
  0.5600  -0.1486  -0.0408
  0.5615  -0.1487  -0.0376
  0.5630  -0.1489  -0.0344
  0.5645  -0.1491  -0.0312
  0.5660  -0.1494  -0.0280
  0.5675  -0.1496  -0.0248
  0.5691  -0.1498  -0.0216
  0.5706  -0.1501  -0.0185
  0.5721  -0.1503  -0.0153
  0.5736  -0.1506  -0.0121
  0.5751  -0.1509  -0.0090
  0.5766  -0.1512  -0.0058
  0.5781  -0.1515  -0.0027
  0.5796  -0.1518   0.0004
  0.5811  -0.1521   0.0035
  0.5826  -0.1524   0.0066
  0.5841  -0.1528   0.0097
  0.5856  -0.1531   0.0128
  0.5871  -0.1535   0.0158
  0.5887  -0.1538   0.0189
  0.5902  -0.1542   0.0219
  0.5917  -0.1546   0.0249
  0.5932  -0.1550   0.0279
  0.5947  -0.1554   0.0308
  0.5962  -0.1559   0.0338
  0.5978  -0.1563   0.0367
  0.5993  -0.1568   0.0396
  0.6008  -0.1572   0.0425
  0.6023  -0.1577   0.0453
  0.6039  -0.1582   0.0482
  0.6054  -0.1587   0.0510
  0.6054  -0.1587   0.0510
  0.6069  -0.1592   0.0538
  0.6084  -0.1597   0.0565
  0.6100  -0.1602   0.0591
  0.6115  -0.1607   0.0616
  0.6130  -0.1611   0.0639
  0.6145  -0.1616   0.0661
  0.6160  -0.1620   0.0682
  0.6175  -0.1624   0.0702
  0.6190  -0.1628   0.0720
  0.6205  -0.1632   0.0738
  0.6220  -0.1636   0.0754
  0.6235  -0.1639   0.0769
  0.6250  -0.1643   0.0783
  0.6265  -0.1646   0.0796
  0.6280  -0.1649   0.0808
  0.6295  -0.1652   0.0819
  0.6310  -0.1655   0.0829
  0.6325  -0.1658   0.0838
  0.6339  -0.1661   0.0846
  0.6354  -0.1663   0.0853
  0.6369  -0.1666   0.0859
  0.6384  -0.1668   0.0864
  0.6398  -0.1670   0.0868
  0.6413  -0.1672   0.0871
  0.6428  -0.1674   0.0873
  0.6443  -0.1675   0.0874
  0.6457  -0.1677   0.0875
  0.6472  -0.1678   0.0875
  0.6486  -0.1680   0.0873
  0.6501  -0.1681   0.0871
  0.6516  -0.1682   0.0868
  0.6530  -0.1683   0.0865
  0.6545  -0.1683   0.0860
  0.6559  -0.1684   0.0855
  0.6574  -0.1684   0.0849
  0.6588  -0.1685   0.0842
  0.6603  -0.1685   0.0835
  0.6618  -0.1685   0.0827
  0.6632  -0.1685   0.0818
  0.6646  -0.1685   0.0808
  0.6661  -0.1685   0.0798
  0.6675  -0.1684   0.0787
  0.6690  -0.1684   0.0775
  0.6704  -0.1683   0.0763
  0.6719  -0.1682   0.0750
  0.6733  -0.1681   0.0737
  0.6748  -0.1680   0.0723
  0.6762  -0.1679   0.0708
  0.6777  -0.1678   0.0693
  0.6791  -0.1676   0.0677
  0.6805  -0.1675   0.0660
  0.6820  -0.1673   0.0643
  0.6834  -0.1671   0.0626
  0.6849  -0.1669   0.0608
  0.6863  -0.1667   0.0589
  0.6877  -0.1665   0.0570
  0.6892  -0.1663   0.0551
  0.6906  -0.1660   0.0531
  0.6921  -0.1658   0.0510
  0.6935  -0.1655   0.0489
  0.6949  -0.1652   0.0468
  0.6964  -0.1649   0.0446
  0.6978  -0.1646   0.0424
  0.6993  -0.1643   0.0401
  0.7007  -0.1640   0.0378
  0.7022  -0.1637   0.0355
  0.7036  -0.1633   0.0331
  0.7050  -0.1629   0.0306
  0.7065  -0.1626   0.0282
  0.7079  -0.1622   0.0257
  0.7094  -0.1618   0.0232
  0.7094  -0.1618   0.0232
  0.7108  -0.1614   0.0206
  0.7123  -0.1610   0.0181
  0.7137  -0.1606   0.0157
  0.7151  -0.1602   0.0133
  0.7166  -0.1598   0.0110
  0.7180  -0.1595   0.0087
  0.7194  -0.1591   0.0066
  0.7208  -0.1588   0.0044
  0.7222  -0.1584   0.0023
  0.7237  -0.1581   0.0003
  0.7251  -0.1578  -0.0018
  0.7265  -0.1574  -0.0037
  0.7279  -0.1571  -0.0057
  0.7293  -0.1568  -0.0076
  0.7307  -0.1565  -0.0095
  0.7321  -0.1562  -0.0113
  0.7334  -0.1559  -0.0132
  0.7348  -0.1557  -0.0150
  0.7362  -0.1554  -0.0168
  0.7376  -0.1551  -0.0186
  0.7390  -0.1549  -0.0203
  0.7404  -0.1546  -0.0220
  0.7418  -0.1544  -0.0238
  0.7431  -0.1542  -0.0255
  0.7445  -0.1540  -0.0272
  0.7459  -0.1538  -0.0289
  0.7473  -0.1536  -0.0306
  0.7486  -0.1534  -0.0323
  0.7500  -0.1532  -0.0340
  0.7514  -0.1530  -0.0357
  0.7527  -0.1529  -0.0374
  0.7541  -0.1527  -0.0390
  0.7555  -0.1526  -0.0407
  0.7568  -0.1524  -0.0424
  0.7582  -0.1523  -0.0441
  0.7596  -0.1522  -0.0458
  0.7609  -0.1521  -0.0475
  0.7623  -0.1520  -0.0492
  0.7637  -0.1519  -0.0510
  0.7650  -0.1519  -0.0527
  0.7664  -0.1518  -0.0545
  0.7677  -0.1518  -0.0562
  0.7691  -0.1517  -0.0580
  0.7705  -0.1517  -0.0598
  0.7718  -0.1517  -0.0616
  0.7732  -0.1517  -0.0634
  0.7746  -0.1517  -0.0652
  0.7759  -0.1517  -0.0671
  0.7773  -0.1517  -0.0689
  0.7787  -0.1518  -0.0708
  0.7800  -0.1518  -0.0727
  0.7814  -0.1519  -0.0747
  0.7828  -0.1520  -0.0766
  0.7842  -0.1520  -0.0786
  0.7855  -0.1521  -0.0806
  0.7869  -0.1522  -0.0826
  0.7883  -0.1524  -0.0846
  0.7897  -0.1525  -0.0867
  0.7911  -0.1526  -0.0888
  0.7925  -0.1528  -0.0909
  0.7939  -0.1530  -0.0930
  0.7953  -0.1531  -0.0952
  0.7966  -0.1533  -0.0974
  0.7981  -0.1535  -0.0997
  0.7995  -0.1537  -0.1020
  0.8009  -0.1540  -0.1043
  0.8023  -0.1542  -0.1067
  0.8037  -0.1545  -0.1091
  0.8037  -0.1545  -0.1091
  0.8051  -0.1547  -0.1117
  0.8065  -0.1550  -0.1142
  0.8080  -0.1553  -0.1167
  0.8094  -0.1555  -0.1192
  0.8108  -0.1558  -0.1216
  0.8122  -0.1560  -0.1239
  0.8137  -0.1563  -0.1263
  0.8151  -0.1565  -0.1285
  0.8165  -0.1567  -0.1307
  0.8179  -0.1569  -0.1329
  0.8194  -0.1571  -0.1350
  0.8208  -0.1573  -0.1371
  0.8222  -0.1575  -0.1392
  0.8237  -0.1576  -0.1412
  0.8251  -0.1578  -0.1431
  0.8265  -0.1580  -0.1450
  0.8280  -0.1581  -0.1468
  0.8294  -0.1582  -0.1486
  0.8308  -0.1584  -0.1504
  0.8323  -0.1585  -0.1521
  0.8337  -0.1586  -0.1537
  0.8352  -0.1587  -0.1553
  0.8366  -0.1588  -0.1568
  0.8381  -0.1589  -0.1583
  0.8395  -0.1590  -0.1598
  0.8410  -0.1591  -0.1612
  0.8424  -0.1592  -0.1625
  0.8439  -0.1593  -0.1638
  0.8453  -0.1593  -0.1650
  0.8468  -0.1594  -0.1662
  0.8482  -0.1594  -0.1673
  0.8497  -0.1595  -0.1683
  0.8511  -0.1595  -0.1693
  0.8526  -0.1595  -0.1702
  0.8541  -0.1596  -0.1711
  0.8555  -0.1596  -0.1720
  0.8570  -0.1596  -0.1727
  0.8585  -0.1596  -0.1734
  0.8599  -0.1596  -0.1741
  0.8614  -0.1596  -0.1746
  0.8629  -0.1596  -0.1752
  0.8644  -0.1595  -0.1756
  0.8658  -0.1595  -0.1760
  0.8673  -0.1595  -0.1763
  0.8688  -0.1594  -0.1766
  0.8703  -0.1594  -0.1768
  0.8718  -0.1593  -0.1769
  0.8733  -0.1593  -0.1770
  0.8748  -0.1592  -0.1770
  0.8762  -0.1592  -0.1770
  0.8777  -0.1591  -0.1768
  0.8792  -0.1590  -0.1766
  0.8807  -0.1589  -0.1763
  0.8822  -0.1588  -0.1760
  0.8837  -0.1587  -0.1756
  0.8852  -0.1586  -0.1751
  0.8867  -0.1585  -0.1745
  0.8882  -0.1584  -0.1739
  0.8898  -0.1583  -0.1732
  0.8913  -0.1582  -0.1724
  0.8928  -0.1580  -0.1715
  0.8943  -0.1579  -0.1706
  0.8958  -0.1578  -0.1696
  0.8973  -0.1576  -0.1685
  0.8989  -0.1575  -0.1673
  0.9004  -0.1573  -0.1661
  0.9019  -0.1572  -0.1647
  0.9034  -0.1570  -0.1633
  0.9049  -0.1568  -0.1618
  0.9065  -0.1567  -0.1602
  0.9080  -0.1565  -0.1586
  0.9095  -0.1563  -0.1568
  0.9111  -0.1561  -0.1550
  0.9126  -0.1559  -0.1531
  0.9142  -0.1557  -0.1511
  0.9157  -0.1555  -0.1490
  0.9172  -0.1553  -0.1468
  0.9188  -0.1551  -0.1445
  0.9203  -0.1549  -0.1422
  0.9203  -0.1549  -0.1422
  0.9219  -0.1547  -0.1397
  0.9234  -0.1545  -0.1372
  0.9250  -0.1543  -0.1348
  0.9265  -0.1541  -0.1322
  0.9280  -0.1539  -0.1297
  0.9296  -0.1538  -0.1271
  0.9311  -0.1536  -0.1245
  0.9327  -0.1534  -0.1219
  0.9342  -0.1533  -0.1192
  0.9357  -0.1531  -0.1166
  0.9372  -0.1530  -0.1138
  0.9388  -0.1529  -0.1111
  0.9403  -0.1528  -0.1084
  0.9418  -0.1527  -0.1056
  0.9433  -0.1526  -0.1028
  0.9449  -0.1525  -0.1000
  0.9464  -0.1524  -0.0971
  0.9479  -0.1523  -0.0943
  0.9494  -0.1523  -0.0914
  0.9509  -0.1522  -0.0885
  0.9525  -0.1522  -0.0856
  0.9540  -0.1521  -0.0826
  0.9555  -0.1521  -0.0797
  0.9570  -0.1521  -0.0767
  0.9585  -0.1521  -0.0737
  0.9600  -0.1521  -0.0708
  0.9615  -0.1521  -0.0678
  0.9630  -0.1521  -0.0647
  0.9646  -0.1521  -0.0617
  0.9661  -0.1522  -0.0587
  0.9676  -0.1522  -0.0556
  0.9691  -0.1523  -0.0526
  0.9706  -0.1523  -0.0495
  0.9721  -0.1524  -0.0465
  0.9736  -0.1525  -0.0434
  0.9751  -0.1526  -0.0403
  0.9766  -0.1527  -0.0373
  0.9781  -0.1528  -0.0342
  0.9796  -0.1529  -0.0311
  0.9811  -0.1530  -0.0280
  0.9827  -0.1532  -0.0250
  0.9842  -0.1533  -0.0219
  0.9857  -0.1535  -0.0188
  0.9872  -0.1537  -0.0158
  0.9887  -0.1538  -0.0127
  0.9902  -0.1540  -0.0097
  0.9917  -0.1542  -0.0066
  0.9932  -0.1544  -0.0036
  0.9947  -0.1547  -0.0006
  0.9962  -0.1549   0.0025
  0.9977  -0.1552   0.0055
  0.9993  -0.1554   0.0085
  1.0008  -0.1557   0.0114
  1.0023  -0.1559   0.0144
  1.0038  -0.1562   0.0174
  1.0053  -0.1565   0.0203
  1.0068  -0.1568   0.0232
  1.0084  -0.1572   0.0261
  1.0099  -0.1575   0.0290
  1.0114  -0.1578   0.0319
  1.0129  -0.1582   0.0348
  1.0144  -0.1586   0.0376
  1.0160  -0.1589   0.0404
  1.0175  -0.1593   0.0432
  1.0190  -0.1597   0.0460
  1.0205  -0.1601   0.0487
  1.0221  -0.1605   0.0514
  1.0236  -0.1610   0.0541
  1.0236  -0.1610   0.0541
  1.0251  -0.1614   0.0568
  1.0267  -0.1619   0.0595
  1.0282  -0.1623   0.0619
  1.0297  -0.1627   0.0643
  1.0312  -0.1631   0.0665
  1.0327  -0.1635   0.0686
  1.0343  -0.1639   0.0706
  1.0358  -0.1642   0.0725
  1.0373  -0.1646   0.0743
  1.0388  -0.1649   0.0759
  1.0403  -0.1652   0.0775
  1.0418  -0.1655   0.0789
  1.0433  -0.1658   0.0803
  1.0448  -0.1661   0.0815
  1.0463  -0.1664   0.0826
  1.0478  -0.1666   0.0836
  1.0493  -0.1669   0.0845
  1.0507  -0.1671   0.0853
  1.0522  -0.1673   0.0861
  1.0537  -0.1675   0.0867
  1.0552  -0.1677   0.0872
  1.0567  -0.1679   0.0876
  1.0581  -0.1681   0.0880
  1.0596  -0.1682   0.0882
  1.0611  -0.1683   0.0884
  1.0626  -0.1685   0.0885
  1.0640  -0.1686   0.0885
  1.0655  -0.1687   0.0884
  1.0670  -0.1688   0.0882
  1.0684  -0.1688   0.0880
  1.0699  -0.1689   0.0876
  1.0714  -0.1690   0.0872
  1.0728  -0.1690   0.0867
  1.0743  -0.1690   0.0862
  1.0757  -0.1690   0.0855
  1.0772  -0.1690   0.0848
  1.0787  -0.1690   0.0840
  1.0801  -0.1690   0.0832
  1.0816  -0.1690   0.0822
  1.0830  -0.1689   0.0813
  1.0845  -0.1689   0.0802
  1.0859  -0.1688   0.0791
  1.0874  -0.1687   0.0779
  1.0888  -0.1686   0.0766
  1.0903  -0.1685   0.0753
  1.0917  -0.1684   0.0739
  1.0931  -0.1683   0.0725
  1.0946  -0.1681   0.0710
  1.0960  -0.1680   0.0694
  1.0975  -0.1678   0.0678
  1.0989  -0.1676   0.0662
  1.1004  -0.1674   0.0644
  1.1018  -0.1672   0.0627
  1.1033  -0.1670   0.0609
  1.1047  -0.1668   0.0590
  1.1061  -0.1665   0.0571
  1.1076  -0.1663   0.0551
  1.1090  -0.1660   0.0531
  1.1105  -0.1658   0.0510
  1.1119  -0.1655   0.0489
  1.1133  -0.1652   0.0467
  1.1148  -0.1649   0.0446
  1.1162  -0.1646   0.0423
  1.1177  -0.1642   0.0400
  1.1191  -0.1639   0.0377
  1.1206  -0.1635   0.0354
  1.1220  -0.1632   0.0330
  1.1234  -0.1628   0.0306
  1.1249  -0.1624   0.0281
  1.1263  -0.1620   0.0256
  1.1278  -0.1616   0.0231
  1.1278  -0.1616   0.0231
  1.1292  -0.1612   0.0205
  1.1307  -0.1608   0.0180
  1.1321  -0.1604   0.0156
  1.1335  -0.1600   0.0132
  1.1350  -0.1596   0.0109
  1.1364  -0.1593   0.0086
  1.1378  -0.1589   0.0064
  1.1392  -0.1585   0.0043
  1.1406  -0.1582   0.0022
  1.1420  -0.1578   0.0001
  1.1435  -0.1575  -0.0019
  1.1449  -0.1572  -0.0039
  1.1463  -0.1568  -0.0058
  1.1477  -0.1565  -0.0077
  1.1490  -0.1562  -0.0096
  1.1504  -0.1559  -0.0115
  1.1518  -0.1556  -0.0133
  1.1532  -0.1553  -0.0151
  1.1546  -0.1550  -0.0169
  1.1560  -0.1548  -0.0187
  1.1574  -0.1545  -0.0205
  1.1588  -0.1543  -0.0222
  1.1601  -0.1540  -0.0240
  1.1615  -0.1538  -0.0257
  1.1629  -0.1536  -0.0274
  1.1643  -0.1534  -0.0291
  1.1656  -0.1531  -0.0308
  1.1670  -0.1529  -0.0325
  1.1684  -0.1528  -0.0342
  1.1697  -0.1526  -0.0359
  1.1711  -0.1524  -0.0376
  1.1725  -0.1523  -0.0393
  1.1738  -0.1521  -0.0410
  1.1752  -0.1520  -0.0427
  1.1766  -0.1518  -0.0444
  1.1779  -0.1517  -0.0461
  1.1793  -0.1516  -0.0478
  1.1807  -0.1515  -0.0495
  1.1820  -0.1514  -0.0512
  1.1834  -0.1513  -0.0530
  1.1848  -0.1513  -0.0547
  1.1861  -0.1512  -0.0565
  1.1875  -0.1512  -0.0583
  1.1888  -0.1511  -0.0601
  1.1902  -0.1511  -0.0619
  1.1916  -0.1511  -0.0637
  1.1929  -0.1511  -0.0655
  1.1943  -0.1511  -0.0674
  1.1957  -0.1511  -0.0693
  1.1970  -0.1512  -0.0711
  1.1984  -0.1512  -0.0731
  1.1998  -0.1512  -0.0750
  1.2012  -0.1513  -0.0769
  1.2025  -0.1514  -0.0789
  1.2039  -0.1515  -0.0809
  1.2053  -0.1516  -0.0829
  1.2067  -0.1517  -0.0850
  1.2081  -0.1518  -0.0870
  1.2094  -0.1519  -0.0891
  1.2108  -0.1521  -0.0912
  1.2122  -0.1522  -0.0934
  1.2136  -0.1524  -0.0956
  1.2150  -0.1526  -0.0978
  1.2164  -0.1528  -0.1000
  1.2178  -0.1530  -0.1023
  1.2192  -0.1532  -0.1047
  1.2206  -0.1534  -0.1071
  1.2221  -0.1537  -0.1095
  1.2221  -0.1537  -0.1095
  1.2235  -0.1540  -0.1121
  1.2249  -0.1542  -0.1146
  1.2263  -0.1545  -0.1171
  1.2277  -0.1547  -0.1195
  1.2292  -0.1550  -0.1219
  1.2306  -0.1552  -0.1243
  1.2320  -0.1554  -0.1266
  1.2334  -0.1556  -0.1289
  1.2349  -0.1558  -0.1311
  1.2363  -0.1560  -0.1333
  1.2377  -0.1562  -0.1354
  1.2391  -0.1564  -0.1375
  1.2406  -0.1566  -0.1395
  1.2420  -0.1567  -0.1415
  1.2434  -0.1569  -0.1434
  1.2449  -0.1570  -0.1453
  1.2463  -0.1572  -0.1472
  1.2477  -0.1573  -0.1489
  1.2492  -0.1575  -0.1507
  1.2506  -0.1576  -0.1524
  1.2521  -0.1577  -0.1540
  1.2535  -0.1578  -0.1556
  1.2549  -0.1579  -0.1571
  1.2564  -0.1580  -0.1586
  1.2578  -0.1581  -0.1601
  1.2593  -0.1581  -0.1614
  1.2607  -0.1582  -0.1628
  1.2622  -0.1583  -0.1640
  1.2636  -0.1583  -0.1653
  1.2651  -0.1584  -0.1664
  1.2665  -0.1584  -0.1675
  1.2680  -0.1585  -0.1686
  1.2695  -0.1585  -0.1696
  1.2709  -0.1585  -0.1705
  1.2724  -0.1585  -0.1714
  1.2739  -0.1586  -0.1722
  1.2753  -0.1586  -0.1730
  1.2768  -0.1586  -0.1737
  1.2783  -0.1586  -0.1743
  1.2797  -0.1585  -0.1749
  1.2812  -0.1585  -0.1754
  1.2827  -0.1585  -0.1758
  1.2842  -0.1585  -0.1762
  1.2856  -0.1584  -0.1765
  1.2871  -0.1584  -0.1768
  1.2886  -0.1583  -0.1770
  1.2901  -0.1583  -0.1771
  1.2916  -0.1582  -0.1772
  1.2931  -0.1582  -0.1772
  1.2946  -0.1581  -0.1771
  1.2960  -0.1580  -0.1770
  1.2975  -0.1579  -0.1768
  1.2990  -0.1578  -0.1765
  1.3005  -0.1578  -0.1762
  1.3020  -0.1577  -0.1757
  1.3035  -0.1576  -0.1752
  1.3050  -0.1574  -0.1747
  1.3065  -0.1573  -0.1740
  1.3081  -0.1572  -0.1733
  1.3096  -0.1571  -0.1725
  1.3111  -0.1570  -0.1717
  1.3126  -0.1568  -0.1707
  1.3141  -0.1567  -0.1697
  1.3156  -0.1566  -0.1686
  1.3171  -0.1564  -0.1674
  1.3187  -0.1562  -0.1662
  1.3202  -0.1561  -0.1649
  1.3217  -0.1559  -0.1634
  1.3232  -0.1558  -0.1619
  1.3248  -0.1556  -0.1604
  1.3263  -0.1554  -0.1587
  1.3278  -0.1552  -0.1570
  1.3294  -0.1550  -0.1551
  1.3309  -0.1549  -0.1532
  1.3324  -0.1547  -0.1512
  1.3340  -0.1545  -0.1491
  1.3355  -0.1543  -0.1469
  1.3371  -0.1541  -0.1447
  1.3386  -0.1538  -0.1423
  1.3386  -0.1538  -0.1423
  1.3402  -0.1536  -0.1398
  1.3417  -0.1534  -0.1374
  1.3432  -0.1532  -0.1349
  1.3448  -0.1530  -0.1324
  1.3463  -0.1529  -0.1298
  1.3479  -0.1527  -0.1272
  1.3494  -0.1525  -0.1246
  1.3509  -0.1524  -0.1220
  1.3525  -0.1522  -0.1194
  1.3540  -0.1521  -0.1167
  1.3555  -0.1519  -0.1140
  1.3570  -0.1518  -0.1113
  1.3586  -0.1517  -0.1085
  1.3601  -0.1516  -0.1058
  1.3616  -0.1515  -0.1030
  1.3631  -0.1514  -0.1001
  1.3647  -0.1513  -0.0973
  1.3662  -0.1513  -0.0944
  1.3677  -0.1512  -0.0916
  1.3692  -0.1511  -0.0887
  1.3707  -0.1511  -0.0858
  1.3722  -0.1511  -0.0828
  1.3737  -0.1510  -0.0799
  1.3753  -0.1510  -0.0769
  1.3768  -0.1510  -0.0739
  1.3783  -0.1510  -0.0710
  1.3798  -0.1510  -0.0680
  1.3813  -0.1510  -0.0649
  1.3828  -0.1511  -0.0619
  1.3843  -0.1511  -0.0589
  1.3858  -0.1511  -0.0559
  1.3873  -0.1512  -0.0528
  1.3888  -0.1513  -0.0498
  1.3904  -0.1513  -0.0467
  1.3919  -0.1514  -0.0436
  1.3934  -0.1515  -0.0406
  1.3949  -0.1516  -0.0375
  1.3964  -0.1517  -0.0344
  1.3979  -0.1518  -0.0314
  1.3994  -0.1520  -0.0283
  1.4009  -0.1521  -0.0252
  1.4024  -0.1523  -0.0222
  1.4039  -0.1524  -0.0191
  1.4054  -0.1526  -0.0160
  1.4069  -0.1528  -0.0130
  1.4084  -0.1530  -0.0099
  1.4099  -0.1532  -0.0069
  1.4115  -0.1534  -0.0039
  1.4130  -0.1536  -0.0009
  1.4145  -0.1539   0.0022
  1.4160  -0.1541   0.0052
  1.4175  -0.1544   0.0081
  1.4190  -0.1546   0.0111
  1.4205  -0.1549   0.0141
  1.4220  -0.1552   0.0170
  1.4236  -0.1555   0.0200
  1.4251  -0.1558   0.0229
  1.4266  -0.1561   0.0258
  1.4281  -0.1565   0.0287
  1.4296  -0.1568   0.0315
  1.4311  -0.1571   0.0344
  1.4327  -0.1575   0.0372
  1.4342  -0.1579   0.0400
  1.4357  -0.1583   0.0428
  1.4373  -0.1587   0.0456
  1.4388  -0.1591   0.0483
  1.4403  -0.1595   0.0510
  1.4418  -0.1599   0.0537
  1.4418  -0.1599   0.0537
  1.4434  -0.1604   0.0564
  1.4449  -0.1608   0.0590
  1.4464  -0.1613   0.0615
  1.4479  -0.1617   0.0638
  1.4495  -0.1621   0.0661
  1.4510  -0.1625   0.0682
  1.4525  -0.1628   0.0702
  1.4540  -0.1632   0.0721
  1.4555  -0.1635   0.0738
  1.4570  -0.1639   0.0755
  1.4585  -0.1642   0.0770
  1.4600  -0.1645   0.0784
  1.4615  -0.1648   0.0798
  1.4630  -0.1651   0.0810
  1.4645  -0.1654   0.0821
  1.4660  -0.1656   0.0831
  1.4675  -0.1659   0.0840
  1.4690  -0.1661   0.0849
  1.4705  -0.1663   0.0856
  1.4719  -0.1665   0.0862
  1.4734  -0.1667   0.0867
  1.4749  -0.1669   0.0872
  1.4764  -0.1671   0.0875
  1.4779  -0.1672   0.0878
  1.4793  -0.1674   0.0879
  1.4808  -0.1675   0.0880
  1.4823  -0.1676   0.0880
  1.4837  -0.1677   0.0879
  1.4852  -0.1678   0.0877
  1.4867  -0.1679   0.0875
  1.4881  -0.1679   0.0872
  1.4896  -0.1680   0.0868
  1.4911  -0.1680   0.0863
  1.4925  -0.1681   0.0857
  1.4940  -0.1681   0.0851
  1.4954  -0.1681   0.0844
  1.4969  -0.1681   0.0836
  1.4983  -0.1681   0.0827
  1.4998  -0.1680   0.0818
  1.5012  -0.1680   0.0808
  1.5027  -0.1679   0.0797
  1.5041  -0.1679   0.0786
  1.5056  -0.1678   0.0774
  1.5070  -0.1677   0.0762
  1.5085  -0.1676   0.0749
  1.5099  -0.1675   0.0735
  1.5114  -0.1673   0.0721
  1.5128  -0.1672   0.0706
  1.5143  -0.1670   0.0690
  1.5157  -0.1669   0.0674
  1.5171  -0.1667   0.0657
  1.5186  -0.1665   0.0640
  1.5200  -0.1663   0.0623
  1.5215  -0.1661   0.0604
  1.5229  -0.1659   0.0586
  1.5244  -0.1657   0.0567
  1.5258  -0.1654   0.0547
  1.5272  -0.1652   0.0527
  1.5287  -0.1649   0.0506
  1.5301  -0.1646   0.0485
  1.5316  -0.1643   0.0464
  1.5330  -0.1640   0.0442
  1.5344  -0.1637   0.0419
  1.5359  -0.1634   0.0396
  1.5373  -0.1630   0.0373
  1.5388  -0.1627   0.0350
  1.5402  -0.1623   0.0326
  1.5417  -0.1620   0.0302
  1.5431  -0.1616   0.0277
  1.5446  -0.1612   0.0252
  1.5460  -0.1608   0.0227
  1.5460  -0.1608   0.0227
  1.5474  -0.1604   0.0201
  1.5489  -0.1600   0.0176
  1.5503  -0.1596   0.0152
  1.5518  -0.1592   0.0128
  1.5532  -0.1588   0.0105
  1.5546  -0.1585   0.0082
  1.5560  -0.1581   0.0060
  1.5574  -0.1577   0.0039
  1.5589  -0.1574   0.0018
  1.5603  -0.1570  -0.0003
  1.5617  -0.1567  -0.0023
  1.5631  -0.1564  -0.0043
  1.5645  -0.1561  -0.0062
  1.5659  -0.1557  -0.0082
  1.5673  -0.1554  -0.0101
  1.5687  -0.1551  -0.0119
  1.5700  -0.1549  -0.0138
  1.5714  -0.1546  -0.0156
  1.5728  -0.1543  -0.0174
  1.5742  -0.1540  -0.0192
  1.5756  -0.1538  -0.0209
  1.5770  -0.1535  -0.0227
  1.5783  -0.1533  -0.0244
  1.5797  -0.1531  -0.0261
  1.5811  -0.1528  -0.0279
  1.5825  -0.1526  -0.0296
  1.5838  -0.1524  -0.0313
  1.5852  -0.1522  -0.0330
  1.5866  -0.1521  -0.0347
  1.5880  -0.1519  -0.0364
  1.5893  -0.1517  -0.0380
  1.5907  -0.1516  -0.0397
  1.5921  -0.1514  -0.0414
  1.5934  -0.1513  -0.0431
  1.5948  -0.1512  -0.0448
  1.5961  -0.1510  -0.0466
  1.5975  -0.1509  -0.0483
  1.5989  -0.1508  -0.0500
  1.6002  -0.1508  -0.0517
  1.6016  -0.1507  -0.0535
  1.6030  -0.1506  -0.0552
  1.6043  -0.1506  -0.0570
  1.6057  -0.1505  -0.0588
  1.6071  -0.1505  -0.0606
  1.6084  -0.1505  -0.0624
  1.6098  -0.1505  -0.0642
  1.6111  -0.1505  -0.0660
  1.6125  -0.1505  -0.0679
  1.6139  -0.1505  -0.0698
  1.6153  -0.1505  -0.0717
  1.6166  -0.1506  -0.0736
  1.6180  -0.1506  -0.0755
  1.6194  -0.1507  -0.0775
  1.6207  -0.1508  -0.0794
  1.6221  -0.1509  -0.0814
  1.6235  -0.1510  -0.0834
  1.6249  -0.1511  -0.0855
  1.6263  -0.1512  -0.0876
  1.6276  -0.1514  -0.0897
  1.6290  -0.1515  -0.0918
  1.6304  -0.1517  -0.0939
  1.6318  -0.1518  -0.0961
  1.6332  -0.1520  -0.0983
  1.6346  -0.1522  -0.1006
  1.6360  -0.1524  -0.1029
  1.6374  -0.1527  -0.1052
  1.6388  -0.1529  -0.1076
  1.6403  -0.1531  -0.1100
  1.6403  -0.1531  -0.1100
  1.6417  -0.1534  -0.1126
  1.6431  -0.1537  -0.1152
  1.6445  -0.1539  -0.1176
  1.6459  -0.1542  -0.1201
  1.6474  -0.1544  -0.1225
  1.6488  -0.1547  -0.1248
  1.6502  -0.1549  -0.1272
  1.6516  -0.1551  -0.1294
  1.6531  -0.1553  -0.1316
  1.6545  -0.1555  -0.1338
  1.6559  -0.1557  -0.1359
  1.6573  -0.1559  -0.1380
  1.6588  -0.1561  -0.1401
  1.6602  -0.1562  -0.1420
  1.6616  -0.1564  -0.1440
  1.6631  -0.1566  -0.1459
  1.6645  -0.1567  -0.1477
  1.6659  -0.1568  -0.1495
  1.6674  -0.1570  -0.1512
  1.6688  -0.1571  -0.1529
  1.6703  -0.1572  -0.1546
  1.6717  -0.1573  -0.1562
  1.6731  -0.1574  -0.1577
  1.6746  -0.1575  -0.1592
  1.6760  -0.1576  -0.1606
  1.6775  -0.1577  -0.1620
  1.6789  -0.1578  -0.1633
  1.6804  -0.1578  -0.1646
  1.6818  -0.1579  -0.1658
  1.6833  -0.1579  -0.1670
  1.6848  -0.1580  -0.1681
  1.6862  -0.1580  -0.1691
  1.6877  -0.1581  -0.1701
  1.6891  -0.1581  -0.1710
  1.6906  -0.1581  -0.1719
  1.6921  -0.1581  -0.1727
  1.6935  -0.1581  -0.1735
  1.6950  -0.1581  -0.1742
  1.6965  -0.1581  -0.1748
  1.6979  -0.1581  -0.1754
  1.6994  -0.1581  -0.1759
  1.7009  -0.1581  -0.1764
  1.7024  -0.1581  -0.1767
  1.7038  -0.1580  -0.1771
  1.7053  -0.1580  -0.1773
  1.7068  -0.1579  -0.1775
  1.7083  -0.1579  -0.1776
  1.7098  -0.1578  -0.1777
  1.7113  -0.1578  -0.1777
  1.7128  -0.1577  -0.1776
  1.7142  -0.1576  -0.1775
  1.7157  -0.1576  -0.1773
  1.7172  -0.1575  -0.1770
  1.7187  -0.1574  -0.1766
  1.7202  -0.1573  -0.1762
  1.7217  -0.1572  -0.1757
  1.7232  -0.1571  -0.1752
  1.7247  -0.1570  -0.1745
  1.7262  -0.1569  -0.1738
  1.7278  -0.1567  -0.1730
  1.7293  -0.1566  -0.1721
  1.7308  -0.1565  -0.1712
  1.7323  -0.1563  -0.1702
  1.7338  -0.1562  -0.1691
  1.7353  -0.1561  -0.1679
  1.7369  -0.1559  -0.1666
  1.7384  -0.1558  -0.1653
  1.7399  -0.1556  -0.1639
  1.7414  -0.1554  -0.1624
  1.7430  -0.1553  -0.1608
  1.7445  -0.1551  -0.1591
  1.7460  -0.1549  -0.1574
  1.7476  -0.1547  -0.1555
  1.7491  -0.1545  -0.1536
  1.7506  -0.1543  -0.1516
  1.7522  -0.1542  -0.1495
  1.7537  -0.1539  -0.1473
  1.7553  -0.1537  -0.1450
  1.7568  -0.1535  -0.1427
  1.7568  -0.1535  -0.1427
  1.7584  -0.1533  -0.1402
  1.7599  -0.1531  -0.1377
  1.7614  -0.1529  -0.1352
  1.7630  -0.1527  -0.1327
  1.7645  -0.1526  -0.1302
  1.7661  -0.1524  -0.1276
  1.7676  -0.1522  -0.1250
  1.7691  -0.1521  -0.1224
  1.7707  -0.1519  -0.1197
  1.7722  -0.1518  -0.1170
  1.7737  -0.1517  -0.1143
  1.7752  -0.1515  -0.1116
  1.7768  -0.1514  -0.1088
  1.7783  -0.1513  -0.1061
  1.7798  -0.1512  -0.1033
  1.7813  -0.1511  -0.1004
  1.7828  -0.1511  -0.0976
  1.7844  -0.1510  -0.0947
  1.7859  -0.1509  -0.0919
  1.7874  -0.1509  -0.0890
  1.7889  -0.1508  -0.0860
  1.7904  -0.1508  -0.0831
  1.7919  -0.1508  -0.0802
  1.7935  -0.1508  -0.0772
  1.7950  -0.1508  -0.0742
  1.7965  -0.1508  -0.0712
  1.7980  -0.1508  -0.0682
  1.7995  -0.1508  -0.0652
  1.8010  -0.1508  -0.0622
  1.8025  -0.1509  -0.0591
  1.8040  -0.1509  -0.0561
  1.8055  -0.1510  -0.0530
  1.8070  -0.1510  -0.0500
  1.8085  -0.1511  -0.0469
  1.8101  -0.1512  -0.0439
  1.8116  -0.1513  -0.0408
  1.8131  -0.1514  -0.0377
  1.8146  -0.1515  -0.0346
  1.8161  -0.1516  -0.0316
  1.8176  -0.1518  -0.0285
  1.8191  -0.1519  -0.0254
  1.8206  -0.1521  -0.0224
  1.8221  -0.1522  -0.0193
  1.8236  -0.1524  -0.0162
  1.8251  -0.1526  -0.0132
  1.8266  -0.1528  -0.0101
  1.8281  -0.1530  -0.0071
  1.8296  -0.1532  -0.0040
  1.8312  -0.1534  -0.0010
  1.8327  -0.1537   0.0020
  1.8342  -0.1539   0.0050
  1.8357  -0.1542   0.0080
  1.8372  -0.1545   0.0110
  1.8387  -0.1547   0.0139
  1.8402  -0.1550   0.0169
  1.8417  -0.1553   0.0198
  1.8433  -0.1556   0.0228
  1.8448  -0.1560   0.0257
  1.8463  -0.1563   0.0285
  1.8478  -0.1566   0.0314
  1.8493  -0.1570   0.0343
  1.8509  -0.1574   0.0371
  1.8524  -0.1577   0.0399
  1.8539  -0.1581   0.0427
  1.8554  -0.1585   0.0455
  1.8570  -0.1589   0.0482
  1.8585  -0.1594   0.0509
  1.8600  -0.1598   0.0536
  1.8600  -0.1598   0.0536
  1.8616  -0.1603   0.0563
  1.8631  -0.1607   0.0589
  1.8646  -0.1611   0.0614
  1.8661  -0.1615   0.0638
  1.8677  -0.1619   0.0660
  1.8692  -0.1623   0.0681
  1.8707  -0.1627   0.0701
  1.8722  -0.1631   0.0720
  1.8737  -0.1634   0.0738
  1.8752  -0.1638   0.0754
  1.8767  -0.1641   0.0770
  1.8782  -0.1644   0.0784
  1.8797  -0.1647   0.0797
  1.8812  -0.1650   0.0810
  1.8827  -0.1653   0.0821
  1.8842  -0.1655   0.0831
  1.8857  -0.1658   0.0840
  1.8872  -0.1660   0.0848
  1.8887  -0.1662   0.0856
  1.8901  -0.1664   0.0862
  1.8916  -0.1666   0.0867
  1.8931  -0.1668   0.0872
  1.8946  -0.1670   0.0875
  1.8961  -0.1671   0.0878
  1.8975  -0.1673   0.0879
  1.8990  -0.1674   0.0880
  1.9005  -0.1675   0.0880
  1.9019  -0.1676   0.0879
  1.9034  -0.1677   0.0878
  1.9049  -0.1678   0.0875
  1.9063  -0.1679   0.0872
  1.9078  -0.1679   0.0868
  1.9092  -0.1680   0.0863
  1.9107  -0.1680   0.0857
  1.9122  -0.1680   0.0851
  1.9136  -0.1680   0.0844
  1.9151  -0.1680   0.0836
  1.9165  -0.1680   0.0827
  1.9180  -0.1680   0.0818
  1.9194  -0.1679   0.0808
  1.9209  -0.1679   0.0798
  1.9223  -0.1678   0.0786
  1.9238  -0.1677   0.0775
  1.9252  -0.1676   0.0762
  1.9267  -0.1675   0.0749
  1.9281  -0.1674   0.0735
  1.9296  -0.1673   0.0721
  1.9310  -0.1671   0.0706
  1.9325  -0.1670   0.0690
  1.9339  -0.1668   0.0674
  1.9353  -0.1667   0.0658
  1.9368  -0.1665   0.0641
  1.9382  -0.1663   0.0623
  1.9397  -0.1661   0.0605
  1.9411  -0.1658   0.0586
  1.9426  -0.1656   0.0567
  1.9440  -0.1654   0.0547
  1.9454  -0.1651   0.0527
  1.9469  -0.1649   0.0506
  1.9483  -0.1646   0.0485
  1.9498  -0.1643   0.0464
  1.9512  -0.1640   0.0442
  1.9526  -0.1637   0.0420
  1.9541  -0.1633   0.0397
  1.9555  -0.1630   0.0374
  1.9570  -0.1627   0.0350
  1.9584  -0.1623   0.0326
  1.9599  -0.1619   0.0302
  1.9613  -0.1616   0.0277
  1.9627  -0.1612   0.0252
  1.9642  -0.1608   0.0227
  1.9642  -0.1608   0.0227
  1.9656  -0.1604   0.0201
  1.9671  -0.1600   0.0176
  1.9685  -0.1596   0.0152
  1.9699  -0.1592   0.0128
  1.9714  -0.1588   0.0105
  1.9728  -0.1584   0.0083
  1.9742  -0.1581   0.0061
  1.9756  -0.1577   0.0039
  1.9770  -0.1574   0.0018
  1.9785  -0.1570  -0.0003
  1.9799  -0.1567  -0.0023
  1.9813  -0.1564  -0.0043
  1.9827  -0.1560  -0.0062
  1.9841  -0.1557  -0.0081
  1.9855  -0.1554  -0.0100
  1.9869  -0.1551  -0.0119
  1.9882  -0.1548  -0.0137
  1.9896  -0.1545  -0.0156
  1.9910  -0.1543  -0.0173
  1.9924  -0.1540  -0.0191
  1.9938  -0.1538  -0.0209
  1.9952  -0.1535  -0.0226
  1.9965  -0.1533  -0.0244
  1.9979  -0.1530  -0.0261
  1.9993  -0.1528  -0.0278
  2.0007  -0.1526  -0.0295
  2.0020  -0.1524  -0.0312
  2.0034  -0.1522  -0.0329
  2.0048  -0.1520  -0.0346
  2.0062  -0.1519  -0.0363
  2.0075  -0.1517  -0.0380
  2.0089  -0.1515  -0.0397
  2.0103  -0.1514  -0.0414
  2.0116  -0.1513  -0.0431
  2.0130  -0.1511  -0.0448
  2.0143  -0.1510  -0.0465
  2.0157  -0.1509  -0.0483
  2.0171  -0.1508  -0.0500
  2.0184  -0.1507  -0.0517
  2.0198  -0.1507  -0.0535
  2.0212  -0.1506  -0.0552
  2.0225  -0.1506  -0.0570
  2.0239  -0.1505  -0.0588
  2.0252  -0.1505  -0.0606
  2.0266  -0.1505  -0.0624
  2.0280  -0.1505  -0.0642
  2.0293  -0.1505  -0.0660
  2.0307  -0.1505  -0.0679
  2.0321  -0.1505  -0.0698
  2.0334  -0.1505  -0.0716
  2.0348  -0.1506  -0.0736
  2.0362  -0.1506  -0.0755
  2.0376  -0.1507  -0.0774
  2.0389  -0.1508  -0.0794
  2.0403  -0.1509  -0.0814
  2.0417  -0.1510  -0.0834
  2.0431  -0.1511  -0.0855
  2.0445  -0.1512  -0.0875
  2.0458  -0.1514  -0.0896
  2.0472  -0.1515  -0.0918
  2.0486  -0.1517  -0.0939
  2.0500  -0.1518  -0.0961
  2.0514  -0.1520  -0.0983
  2.0528  -0.1522  -0.1006
  2.0542  -0.1524  -0.1029
  2.0556  -0.1527  -0.1052
  2.0570  -0.1529  -0.1076
  2.0585  -0.1531  -0.1100
  2.0585  -0.1531  -0.1100
  2.0599  -0.1534  -0.1126
  2.0613  -0.1537  -0.1151
  2.0627  -0.1539  -0.1176
  2.0641  -0.1542  -0.1201
  2.0656  -0.1544  -0.1225
  2.0670  -0.1547  -0.1248
  2.0684  -0.1549  -0.1271
  2.0698  -0.1551  -0.1294
  2.0713  -0.1553  -0.1316
  2.0727  -0.1555  -0.1338
  2.0741  -0.1557  -0.1359
  2.0755  -0.1559  -0.1380
  2.0770  -0.1561  -0.1400
  2.0784  -0.1562  -0.1420
  2.0798  -0.1564  -0.1440
  2.0813  -0.1566  -0.1459
  2.0827  -0.1567  -0.1477
  2.0841  -0.1568  -0.1495
  2.0856  -0.1570  -0.1512
  2.0870  -0.1571  -0.1529
  2.0885  -0.1572  -0.1546
  2.0899  -0.1573  -0.1562
  2.0913  -0.1574  -0.1577
  2.0928  -0.1575  -0.1592
  2.0942  -0.1576  -0.1606
  2.0957  -0.1577  -0.1620
  2.0971  -0.1578  -0.1633
  2.0986  -0.1578  -0.1646
  2.1000  -0.1579  -0.1658
  2.1015  -0.1580  -0.1670
  2.1029  -0.1580  -0.1681
  2.1044  -0.1580  -0.1691
  2.1059  -0.1581  -0.1701
  2.1073  -0.1581  -0.1710
  2.1088  -0.1581  -0.1719
  2.1103  -0.1581  -0.1727
  2.1117  -0.1582  -0.1735
  2.1132  -0.1582  -0.1742
  2.1147  -0.1582  -0.1748
  2.1161  -0.1581  -0.1754
  2.1176  -0.1581  -0.1759
  2.1191  -0.1581  -0.1764
  2.1206  -0.1581  -0.1767
  2.1220  -0.1580  -0.1771
  2.1235  -0.1580  -0.1773
  2.1250  -0.1580  -0.1775
  2.1265  -0.1579  -0.1776
  2.1280  -0.1579  -0.1777
  2.1295  -0.1578  -0.1777
  2.1310  -0.1577  -0.1776
  2.1324  -0.1577  -0.1775
  2.1339  -0.1576  -0.1773
  2.1354  -0.1575  -0.1770
  2.1369  -0.1574  -0.1766
  2.1384  -0.1573  -0.1762
  2.1399  -0.1572  -0.1757
  2.1414  -0.1571  -0.1752
  2.1429  -0.1570  -0.1745
  2.1444  -0.1569  -0.1738
  2.1460  -0.1568  -0.1730
  2.1475  -0.1566  -0.1721
  2.1490  -0.1565  -0.1712
  2.1505  -0.1564  -0.1702
  2.1520  -0.1562  -0.1691
  2.1535  -0.1561  -0.1679
  2.1551  -0.1559  -0.1666
  2.1566  -0.1558  -0.1653
  2.1581  -0.1556  -0.1639
  2.1596  -0.1555  -0.1624
  2.1612  -0.1553  -0.1608
  2.1627  -0.1551  -0.1591
  2.1642  -0.1549  -0.1574
  2.1658  -0.1547  -0.1555
  2.1673  -0.1546  -0.1536
  2.1688  -0.1544  -0.1516
  2.1704  -0.1542  -0.1495
  2.1719  -0.1540  -0.1473
  2.1735  -0.1538  -0.1450
  2.1750  -0.1536  -0.1427
  2.1750  -0.1536  -0.1427
  2.1766  -0.1533  -0.1402
  2.1781  -0.1531  -0.1377
  2.1796  -0.1529  -0.1353
  2.1812  -0.1528  -0.1327
  2.1827  -0.1526  -0.1302
  2.1843  -0.1524  -0.1276
  2.1858  -0.1522  -0.1250
  2.1873  -0.1521  -0.1224
  2.1889  -0.1519  -0.1197
  2.1904  -0.1518  -0.1170
  2.1919  -0.1517  -0.1143
  2.1934  -0.1516  -0.1116
  2.1950  -0.1515  -0.1088
  2.1965  -0.1513  -0.1061
  2.1980  -0.1513  -0.1033
  2.1995  -0.1512  -0.1004
  2.2010  -0.1511  -0.0976
  2.2026  -0.1510  -0.0947
  2.2041  -0.1510  -0.0919
  2.2056  -0.1509  -0.0890
  2.2071  -0.1509  -0.0860
  2.2086  -0.1508  -0.0831
  2.2101  -0.1508  -0.0801
  2.2117  -0.1508  -0.0772
  2.2132  -0.1508  -0.0742
  2.2147  -0.1508  -0.0712
  2.2162  -0.1508  -0.0682
  2.2177  -0.1508  -0.0652
  2.2192  -0.1508  -0.0622
  2.2207  -0.1509  -0.0591
  2.2222  -0.1509  -0.0561
  2.2237  -0.1510  -0.0530
  2.2252  -0.1511  -0.0500
  2.2267  -0.1511  -0.0469
  2.2283  -0.1512  -0.0438
  2.2298  -0.1513  -0.0408
  2.2313  -0.1514  -0.0377
  2.2328  -0.1515  -0.0346
  2.2343  -0.1517  -0.0316
  2.2358  -0.1518  -0.0285
  2.2373  -0.1519  -0.0254
  2.2388  -0.1521  -0.0223
  2.2403  -0.1523  -0.0193
  2.2418  -0.1524  -0.0162
  2.2433  -0.1526  -0.0132
  2.2448  -0.1528  -0.0101
  2.2463  -0.1530  -0.0071
  2.2479  -0.1532  -0.0040
  2.2494  -0.1535  -0.0010
  2.2509  -0.1537   0.0020
  2.2524  -0.1540   0.0050
  2.2539  -0.1542   0.0080
  2.2554  -0.1545   0.0110
  2.2569  -0.1548   0.0140
  2.2584  -0.1550   0.0169
  2.2600  -0.1554   0.0198
  2.2615  -0.1557   0.0228
  2.2630  -0.1560   0.0257
  2.2645  -0.1563   0.0286
  2.2660  -0.1567   0.0314
  2.2675  -0.1570   0.0343
  2.2691  -0.1574   0.0371
  2.2706  -0.1578   0.0399
  2.2721  -0.1582   0.0427
  2.2737  -0.1586   0.0455
  2.2752  -0.1590   0.0482
  2.2767  -0.1594   0.0509
  2.2782  -0.1598   0.0536
  2.2782  -0.1598   0.0536
  2.2798  -0.1603   0.0564
  2.2813  -0.1607   0.0590
  2.2828  -0.1612   0.0614
  2.2843  -0.1616   0.0638
  2.2859  -0.1620   0.0660
  2.2874  -0.1624   0.0682
  2.2889  -0.1627   0.0702
  2.2904  -0.1631   0.0720
  2.2919  -0.1635   0.0738
  2.2934  -0.1638   0.0755
  2.2949  -0.1641   0.0770
  2.2964  -0.1644   0.0784
  2.2979  -0.1647   0.0798
  2.2994  -0.1650   0.0810
  2.3009  -0.1653   0.0821
  2.3024  -0.1655   0.0831
  2.3039  -0.1658   0.0840
  2.3054  -0.1660   0.0849
  2.3069  -0.1662   0.0856
  2.3083  -0.1665   0.0862
  2.3098  -0.1666   0.0867
  2.3113  -0.1668   0.0872
  2.3128  -0.1670   0.0875
  2.3143  -0.1672   0.0878
  2.3157  -0.1673   0.0880
  2.3172  -0.1674   0.0880
  2.3187  -0.1675   0.0880
  2.3201  -0.1677   0.0879
  2.3216  -0.1677   0.0878
  2.3231  -0.1678   0.0875
  2.3245  -0.1679   0.0872
  2.3260  -0.1680   0.0868
  2.3275  -0.1680   0.0863
  2.3289  -0.1680   0.0857
  2.3304  -0.1680   0.0851
  2.3318  -0.1681   0.0844
  2.3333  -0.1680   0.0836
  2.3347  -0.1680   0.0828
  2.3362  -0.1680   0.0818
  2.3376  -0.1680   0.0808
  2.3391  -0.1679   0.0798
  2.3405  -0.1678   0.0787
  2.3420  -0.1678   0.0775
  2.3434  -0.1677   0.0762
  2.3449  -0.1676   0.0749
  2.3463  -0.1674   0.0735
  2.3478  -0.1673   0.0721
  2.3492  -0.1672   0.0706
  2.3507  -0.1670   0.0691
  2.3521  -0.1669   0.0675
  2.3535  -0.1667   0.0658
  2.3550  -0.1665   0.0641
  2.3564  -0.1663   0.0623
  2.3579  -0.1661   0.0605
  2.3593  -0.1659   0.0586
  2.3608  -0.1656   0.0567
  2.3622  -0.1654   0.0547
  2.3636  -0.1651   0.0527
  2.3651  -0.1649   0.0507
  2.3665  -0.1646   0.0486
  2.3680  -0.1643   0.0464
  2.3694  -0.1640   0.0442
  2.3708  -0.1637   0.0420
  2.3723  -0.1634   0.0397
  2.3737  -0.1630   0.0374
  2.3752  -0.1627   0.0350
  2.3766  -0.1623   0.0326
  2.3781  -0.1620   0.0302
  2.3795  -0.1616   0.0277
  2.3810  -0.1612   0.0252
  2.3824  -0.1608   0.0227
  2.3824  -0.1608   0.0227
  2.3838  -0.1604   0.0201
  2.3853  -0.1600   0.0176
  2.3867  -0.1596   0.0152
  2.3882  -0.1592   0.0128
  2.3896  -0.1588   0.0105
  2.3910  -0.1585   0.0083
  2.3924  -0.1581   0.0061
  2.3938  -0.1577   0.0039
  2.3953  -0.1574   0.0018
  2.3967  -0.1570  -0.0002
  2.3981  -0.1567  -0.0023
  2.3995  -0.1564  -0.0042
  2.4009  -0.1561  -0.0062
  2.4023  -0.1557  -0.0081
  2.4037  -0.1554  -0.0100
  2.4051  -0.1551  -0.0119
  2.4064  -0.1549  -0.0137
  2.4078  -0.1546  -0.0155
  2.4092  -0.1543  -0.0173
  2.4106  -0.1540  -0.0191
  2.4120  -0.1538  -0.0209
  2.4134  -0.1535  -0.0226
  2.4147  -0.1533  -0.0244
  2.4161  -0.1531  -0.0261
  2.4175  -0.1528  -0.0278
  2.4189  -0.1526  -0.0295
  2.4202  -0.1524  -0.0312
  2.4216  -0.1522  -0.0329
  2.4230  -0.1521  -0.0346
  2.4244  -0.1519  -0.0363
  2.4257  -0.1517  -0.0380
  2.4271  -0.1516  -0.0397
  2.4285  -0.1514  -0.0414
  2.4298  -0.1513  -0.0431
  2.4312  -0.1512  -0.0448
  2.4325  -0.1510  -0.0465
  2.4339  -0.1509  -0.0482
  2.4353  -0.1508  -0.0500
  2.4366  -0.1508  -0.0517
  2.4380  -0.1507  -0.0534
  2.4394  -0.1506  -0.0552
  2.4407  -0.1506  -0.0570
  2.4421  -0.1505  -0.0587
  2.4435  -0.1505  -0.0605
  2.4448  -0.1505  -0.0623
  2.4462  -0.1505  -0.0642
  2.4476  -0.1505  -0.0660
  2.4489  -0.1505  -0.0679
  2.4503  -0.1505  -0.0697
  2.4517  -0.1506  -0.0716
  2.4530  -0.1506  -0.0735
  2.4544  -0.1507  -0.0755
  2.4558  -0.1507  -0.0774
  2.4571  -0.1508  -0.0794
  2.4585  -0.1509  -0.0814
  2.4599  -0.1510  -0.0834
  2.4613  -0.1511  -0.0854
  2.4627  -0.1512  -0.0875
  2.4641  -0.1514  -0.0896
  2.4654  -0.1515  -0.0917
  2.4668  -0.1517  -0.0939
  2.4682  -0.1519  -0.0961
  2.4696  -0.1520  -0.0983
  2.4710  -0.1522  -0.1006
  2.4724  -0.1525  -0.1028
  2.4738  -0.1527  -0.1052
  2.4752  -0.1529  -0.1076
  2.4767  -0.1532  -0.1100
  2.4767  -0.1532  -0.1100
  2.4781  -0.1534  -0.1126
  2.4795  -0.1537  -0.1151
  2.4809  -0.1540  -0.1176
  2.4823  -0.1542  -0.1200
  2.4838  -0.1545  -0.1224
  2.4852  -0.1547  -0.1248
  2.4866  -0.1549  -0.1271
  2.4880  -0.1551  -0.1294
  2.4895  -0.1553  -0.1316
  2.4909  -0.1555  -0.1338
  2.4923  -0.1557  -0.1359
  2.4938  -0.1559  -0.1380
  2.4952  -0.1561  -0.1400
  2.4966  -0.1563  -0.1420
  2.4980  -0.1564  -0.1439
  2.4995  -0.1566  -0.1458
  2.5009  -0.1567  -0.1477
  2.5024  -0.1569  -0.1495
  2.5038  -0.1570  -0.1512
  2.5052  -0.1571  -0.1529
  2.5067  -0.1572  -0.1545
  2.5081  -0.1574  -0.1561
  2.5096  -0.1575  -0.1577
  2.5110  -0.1575  -0.1591
  2.5124  -0.1576  -0.1606
  2.5139  -0.1577  -0.1620
  2.5153  -0.1578  -0.1633
  2.5168  -0.1579  -0.1646
  2.5182  -0.1579  -0.1658
  2.5197  -0.1580  -0.1669
  2.5212  -0.1580  -0.1680
  2.5226  -0.1581  -0.1691
  2.5241  -0.1581  -0.1701
  2.5255  -0.1581  -0.1710
  2.5270  -0.1581  -0.1719
  2.5285  -0.1582  -0.1727
  2.5299  -0.1582  -0.1735
  2.5314  -0.1582  -0.1742
  2.5329  -0.1582  -0.1748
  2.5343  -0.1582  -0.1754
  2.5358  -0.1581  -0.1759
  2.5373  -0.1581  -0.1763
  2.5388  -0.1581  -0.1767
  2.5402  -0.1581  -0.1770
  2.5417  -0.1580  -0.1773
  2.5432  -0.1580  -0.1775
  2.5447  -0.1579  -0.1776
  2.5462  -0.1579  -0.1777
  2.5477  -0.1578  -0.1777
  2.5492  -0.1577  -0.1776
  2.5506  -0.1577  -0.1775
  2.5521  -0.1576  -0.1773
  2.5536  -0.1575  -0.1770
  2.5551  -0.1574  -0.1766
  2.5566  -0.1573  -0.1762
  2.5581  -0.1572  -0.1757
  2.5596  -0.1571  -0.1751
  2.5611  -0.1570  -0.1745
  2.5627  -0.1569  -0.1738
  2.5642  -0.1568  -0.1730
  2.5657  -0.1566  -0.1721
  2.5672  -0.1565  -0.1712
  2.5687  -0.1564  -0.1701
  2.5702  -0.1562  -0.1690
  2.5717  -0.1561  -0.1679
  2.5733  -0.1559  -0.1666
  2.5748  -0.1558  -0.1653
  2.5763  -0.1556  -0.1639
  2.5778  -0.1555  -0.1624
  2.5794  -0.1553  -0.1608
  2.5809  -0.1551  -0.1591
  2.5824  -0.1549  -0.1573
  2.5840  -0.1548  -0.1555
  2.5855  -0.1546  -0.1536
  2.5870  -0.1544  -0.1516
  2.5886  -0.1542  -0.1495
  2.5901  -0.1540  -0.1473
  2.5917  -0.1538  -0.1450
  2.5932  -0.1536  -0.1427
  2.5932  -0.1536  -0.1427
  2.5948  -0.1534  -0.1402
  2.5963  -0.1532  -0.1377
  2.5978  -0.1530  -0.1352
  2.5994  -0.1528  -0.1327
  2.6009  -0.1526  -0.1302
  2.6025  -0.1524  -0.1276
  2.6040  -0.1523  -0.1250
  2.6055  -0.1521  -0.1223
  2.6071  -0.1520  -0.1197
  2.6086  -0.1518  -0.1170
  2.6101  -0.1517  -0.1143
  2.6116  -0.1516  -0.1116
  2.6132  -0.1515  -0.1088
  2.6147  -0.1514  -0.1060
  2.6162  -0.1513  -0.1032
  2.6177  -0.1512  -0.1004
  2.6193  -0.1511  -0.0976
  2.6208  -0.1510  -0.0947
  2.6223  -0.1510  -0.0918
  2.6238  -0.1509  -0.0889
  2.6253  -0.1509  -0.0860
  2.6268  -0.1508  -0.0831
  2.6284  -0.1508  -0.0801
  2.6299  -0.1508  -0.0772
  2.6314  -0.1508  -0.0742
  2.6329  -0.1508  -0.0712
  2.6344  -0.1508  -0.0682
  2.6359  -0.1508  -0.0652
  2.6374  -0.1509  -0.0621
  2.6389  -0.1509  -0.0591
  2.6404  -0.1509  -0.0561
  2.6419  -0.1510  -0.0530
  2.6434  -0.1511  -0.0500
  2.6450  -0.1511  -0.0469
  2.6465  -0.1512  -0.0438
  2.6480  -0.1513  -0.0408
  2.6495  -0.1514  -0.0377
  2.6510  -0.1515  -0.0346
  2.6525  -0.1517  -0.0315
  2.6540  -0.1518  -0.0285
  2.6555  -0.1520  -0.0254
  2.6570  -0.1521  -0.0223
  2.6585  -0.1523  -0.0193
  2.6600  -0.1524  -0.0162
  2.6615  -0.1526  -0.0131
  2.6630  -0.1528  -0.0101
  2.6646  -0.1530  -0.0071
  2.6661  -0.1533  -0.0040
  2.6676  -0.1535  -0.0010
  2.6691  -0.1537   0.0020
  2.6706  -0.1540   0.0050
  2.6721  -0.1542   0.0080
  2.6736  -0.1545   0.0110
  2.6751  -0.1548   0.0140
  2.6766  -0.1551   0.0169
  2.6782  -0.1554   0.0199
  2.6797  -0.1557   0.0228
  2.6812  -0.1560   0.0257
  2.6827  -0.1563   0.0286
  2.6842  -0.1567   0.0314
  2.6858  -0.1570   0.0343
  2.6873  -0.1574   0.0371
  2.6888  -0.1578   0.0399
  2.6903  -0.1582   0.0427
  2.6919  -0.1586   0.0455
  2.6934  -0.1590   0.0482
  2.6949  -0.1594   0.0510
  2.6965  -0.1598   0.0537
  2.6965  -0.1598   0.0537
  2.6980  -0.1603   0.0564
  2.6995  -0.1607   0.0590
  2.7010  -0.1612   0.0615
  2.7025  -0.1616   0.0638
  2.7041  -0.1620   0.0660
  2.7056  -0.1624   0.0682
  2.7071  -0.1628   0.0702
  2.7086  -0.1631   0.0720
  2.7101  -0.1635   0.0738
  2.7116  -0.1638   0.0755
  2.7131  -0.1641   0.0770
  2.7146  -0.1644   0.0784
  2.7161  -0.1647   0.0798
  2.7176  -0.1650   0.0810
  2.7191  -0.1653   0.0821
  2.7206  -0.1656   0.0831
  2.7221  -0.1658   0.0840
  2.7236  -0.1660   0.0849
  2.7251  -0.1663   0.0856
  2.7265  -0.1665   0.0862
  2.7280  -0.1667   0.0867
  2.7295  -0.1668   0.0872
  2.7310  -0.1670   0.0875
  2.7325  -0.1672   0.0878
  2.7339  -0.1673   0.0880
  2.7354  -0.1674   0.0880
  2.7369  -0.1676   0.0880
  2.7383  -0.1677   0.0880
  2.7398  -0.1678   0.0878
  2.7413  -0.1678   0.0875
  2.7427  -0.1679   0.0872
  2.7442  -0.1680   0.0868
  2.7457  -0.1680   0.0863
  2.7471  -0.1680   0.0858
  2.7486  -0.1681   0.0851
  2.7500  -0.1681   0.0844
  2.7515  -0.1681   0.0836
  2.7529  -0.1680   0.0828
  2.7544  -0.1680   0.0818
  2.7558  -0.1680   0.0809
  2.7573  -0.1679   0.0798
  2.7587  -0.1678   0.0787
  2.7602  -0.1678   0.0775
  2.7616  -0.1677   0.0762
  2.7631  -0.1676   0.0749
  2.7645  -0.1675   0.0735
  2.7660  -0.1673   0.0721
  2.7674  -0.1672   0.0706
  2.7689  -0.1670   0.0691
  2.7703  -0.1669   0.0675
  2.7718  -0.1667   0.0658
  2.7732  -0.1665   0.0641
  2.7746  -0.1663   0.0623
  2.7761  -0.1661   0.0605
  2.7775  -0.1659   0.0586
  2.7790  -0.1657   0.0567
  2.7804  -0.1654   0.0547
  2.7818  -0.1652   0.0527
  2.7833  -0.1649   0.0507
  2.7847  -0.1646   0.0486
  2.7862  -0.1643   0.0464
  2.7876  -0.1640   0.0442
  2.7891  -0.1637   0.0420
  2.7905  -0.1634   0.0397
  2.7919  -0.1630   0.0374
  2.7934  -0.1627   0.0350
  2.7948  -0.1623   0.0326
  2.7963  -0.1620   0.0302
  2.7977  -0.1616   0.0278
  2.7992  -0.1612   0.0253
  2.8006  -0.1608   0.0227
  2.8006  -0.1608   0.0227
  2.8021  -0.1604   0.0202
  2.8035  -0.1600   0.0177
  2.8049  -0.1596   0.0152
  2.8064  -0.1592   0.0128
  2.8078  -0.1588   0.0105
  2.8092  -0.1585   0.0083
  2.8106  -0.1581   0.0061
  2.8120  -0.1577   0.0039
  2.8135  -0.1574   0.0018
  2.8149  -0.1570  -0.0002
  2.8163  -0.1567  -0.0023
  2.8177  -0.1564  -0.0042
  2.8191  -0.1561  -0.0062
  2.8205  -0.1558  -0.0081
  2.8219  -0.1554  -0.0100
  2.8233  -0.1552  -0.0119
  2.8247  -0.1549  -0.0137
  2.8260  -0.1546  -0.0155
  2.8274  -0.1543  -0.0173
  2.8288  -0.1540  -0.0191
  2.8302  -0.1538  -0.0209
  2.8316  -0.1535  -0.0226
  2.8330  -0.1533  -0.0244
  2.8343  -0.1531  -0.0261
  2.8357  -0.1529  -0.0278
  2.8371  -0.1526  -0.0295
  2.8385  -0.1524  -0.0312
  2.8398  -0.1522  -0.0329
  2.8412  -0.1521  -0.0346
  2.8426  -0.1519  -0.0363
  2.8439  -0.1517  -0.0380
  2.8453  -0.1516  -0.0397
  2.8467  -0.1514  -0.0414
  2.8480  -0.1513  -0.0431
  2.8494  -0.1512  -0.0448
  2.8508  -0.1510  -0.0465
  2.8521  -0.1509  -0.0482
  2.8535  -0.1509  -0.0500
  2.8548  -0.1508  -0.0517
  2.8562  -0.1507  -0.0534
  2.8576  -0.1506  -0.0552
  2.8589  -0.1506  -0.0570
  2.8603  -0.1505  -0.0587
  2.8617  -0.1505  -0.0605
  2.8630  -0.1505  -0.0623
  2.8644  -0.1505  -0.0642
  2.8658  -0.1505  -0.0660
  2.8671  -0.1505  -0.0679
  2.8685  -0.1505  -0.0697
  2.8699  -0.1506  -0.0716
  2.8712  -0.1506  -0.0735
  2.8726  -0.1507  -0.0755
  2.8740  -0.1507  -0.0774
  2.8754  -0.1508  -0.0794
  2.8767  -0.1509  -0.0814
  2.8781  -0.1510  -0.0834
  2.8795  -0.1511  -0.0854
  2.8809  -0.1512  -0.0875
  2.8823  -0.1514  -0.0896
  2.8836  -0.1515  -0.0917
  2.8850  -0.1517  -0.0939
  2.8864  -0.1519  -0.0961
  2.8878  -0.1520  -0.0983
  2.8892  -0.1522  -0.1006
  2.8906  -0.1525  -0.1028
  2.8920  -0.1527  -0.1052
  2.8935  -0.1529  -0.1076
  2.8949  -0.1532  -0.1100
  2.8949  -0.1532  -0.1100
  2.8963  -0.1534  -0.1126
  2.8977  -0.1537  -0.1151
  2.8991  -0.1540  -0.1176
  2.9006  -0.1542  -0.1200
  2.9020  -0.1545  -0.1224
  2.9034  -0.1547  -0.1248
  2.9048  -0.1549  -0.1271
  2.9063  -0.1551  -0.1294
  2.9077  -0.1553  -0.1316
  2.9091  -0.1555  -0.1338
  2.9105  -0.1557  -0.1359
  2.9120  -0.1559  -0.1380
  2.9134  -0.1561  -0.1400
  2.9148  -0.1563  -0.1420
  2.9163  -0.1564  -0.1439
  2.9177  -0.1566  -0.1458
  2.9191  -0.1567  -0.1477
  2.9206  -0.1569  -0.1495
  2.9220  -0.1570  -0.1512
  2.9234  -0.1571  -0.1529
  2.9249  -0.1572  -0.1545
  2.9263  -0.1574  -0.1561
  2.9278  -0.1575  -0.1577
  2.9292  -0.1575  -0.1592
  2.9307  -0.1576  -0.1606
  2.9321  -0.1577  -0.1620
  2.9335  -0.1578  -0.1633
  2.9350  -0.1579  -0.1646
  2.9365  -0.1579  -0.1658
  2.9379  -0.1580  -0.1669
  2.9394  -0.1580  -0.1680
  2.9408  -0.1581  -0.1691
  2.9423  -0.1581  -0.1701
  2.9437  -0.1581  -0.1710
  2.9452  -0.1581  -0.1719
  2.9467  -0.1582  -0.1727
  2.9481  -0.1582  -0.1735
  2.9496  -0.1582  -0.1742
  2.9511  -0.1582  -0.1748
  2.9525  -0.1582  -0.1754
  2.9540  -0.1581  -0.1759
  2.9555  -0.1581  -0.1763
  2.9570  -0.1581  -0.1767
  2.9585  -0.1581  -0.1770
  2.9599  -0.1580  -0.1773
  2.9614  -0.1580  -0.1775
  2.9629  -0.1579  -0.1776
  2.9644  -0.1579  -0.1777
  2.9659  -0.1578  -0.1777
  2.9674  -0.1577  -0.1776
  2.9689  -0.1577  -0.1775
  2.9704  -0.1576  -0.1773
  2.9718  -0.1575  -0.1770
  2.9733  -0.1574  -0.1766
  2.9748  -0.1573  -0.1762
  2.9763  -0.1572  -0.1757
  2.9779  -0.1571  -0.1751
  2.9794  -0.1570  -0.1745
  2.9809  -0.1569  -0.1738
  2.9824  -0.1568  -0.1730
  2.9839  -0.1566  -0.1721
  2.9854  -0.1565  -0.1712
  2.9869  -0.1564  -0.1702
  2.9884  -0.1562  -0.1691
  2.9899  -0.1561  -0.1679
  2.9915  -0.1559  -0.1666
  2.9930  -0.1558  -0.1653
  2.9945  -0.1556  -0.1639
  2.9960  -0.1555  -0.1624
  2.9976  -0.1553  -0.1608
  2.9991  -0.1551  -0.1591
  3.0006  -0.1549  -0.1573
  3.0022  -0.1548  -0.1555
  3.0037  -0.1546  -0.1536
  3.0052  -0.1544  -0.1516
  3.0068  -0.1542  -0.1495
  3.0083  -0.1540  -0.1473
  3.0099  -0.1538  -0.1450
  3.0114  -0.1536  -0.1427
  3.0114  -0.1536  -0.1427
  3.0130  -0.1534  -0.1402
  3.0145  -0.1532  -0.1377
  3.0161  -0.1530  -0.1352
  3.0176  -0.1528  -0.1327
  3.0191  -0.1526  -0.1302
  3.0207  -0.1524  -0.1276
  3.0222  -0.1523  -0.1250
  3.0237  -0.1521  -0.1224
  3.0253  -0.1520  -0.1197
  3.0268  -0.1518  -0.1170
  3.0283  -0.1517  -0.1143
  3.0299  -0.1516  -0.1116
  3.0314  -0.1515  -0.1088
  3.0329  -0.1514  -0.1061
  3.0344  -0.1513  -0.1033
  3.0359  -0.1512  -0.1004
  3.0375  -0.1511  -0.0976
  3.0390  -0.1510  -0.0947
  3.0405  -0.1510  -0.0918
  3.0420  -0.1509  -0.0889
  3.0435  -0.1509  -0.0860
  3.0450  -0.1508  -0.0831
  3.0466  -0.1508  -0.0801
  3.0481  -0.1508  -0.0772
  3.0496  -0.1508  -0.0742
  3.0511  -0.1508  -0.0712
  3.0526  -0.1508  -0.0682
  3.0541  -0.1508  -0.0652
  3.0556  -0.1509  -0.0621
  3.0571  -0.1509  -0.0591
  3.0586  -0.1509  -0.0561
  3.0601  -0.1510  -0.0530
  3.0617  -0.1511  -0.0500
  3.0632  -0.1511  -0.0469
  3.0647  -0.1512  -0.0438
  3.0662  -0.1513  -0.0408
  3.0677  -0.1514  -0.0377
  3.0692  -0.1515  -0.0346
  3.0707  -0.1517  -0.0315
  3.0722  -0.1518  -0.0285
  3.0737  -0.1520  -0.0254
  3.0752  -0.1521  -0.0223
  3.0767  -0.1523  -0.0193
  3.0782  -0.1524  -0.0162
  3.0797  -0.1526  -0.0132
  3.0812  -0.1528  -0.0101
  3.0828  -0.1530  -0.0071
  3.0843  -0.1532  -0.0040
  3.0858  -0.1535  -0.0010
  3.0873  -0.1537   0.0020
  3.0888  -0.1540   0.0050
  3.0903  -0.1542   0.0080
  3.0918  -0.1545   0.0110
  3.0933  -0.1548   0.0140
  3.0949  -0.1551   0.0169
  3.0964  -0.1554   0.0199
  3.0979  -0.1557   0.0228
  3.0994  -0.1560   0.0257
  3.1009  -0.1563   0.0286
  3.1024  -0.1567   0.0314
  3.1040  -0.1570   0.0343
  3.1055  -0.1574   0.0371
  3.1070  -0.1578   0.0399
  3.1085  -0.1582   0.0427
  3.1101  -0.1586   0.0455
  3.1116  -0.1590   0.0482
  3.1131  -0.1594   0.0510
  3.1147  -0.1598   0.0536
  3.1147  -0.1598   0.0536
  3.1162  -0.1603   0.0564
  3.1177  -0.1607   0.0590
  3.1192  -0.1612   0.0615
  3.1208  -0.1616   0.0638
  3.1223  -0.1620   0.0660
  3.1238  -0.1624   0.0682
  3.1253  -0.1628   0.0702
  3.1268  -0.1631   0.0720
  3.1283  -0.1635   0.0738
  3.1298  -0.1638   0.0755
  3.1313  -0.1641   0.0770
  3.1328  -0.1644   0.0784
  3.1343  -0.1647   0.0798
  3.1358  -0.1650   0.0810
  3.1373  -0.1653   0.0821
  3.1388  -0.1656   0.0831
  3.1403  -0.1658   0.0840
  3.1418  -0.1660   0.0849
  3.1433  -0.1663   0.0856
  3.1448  -0.1665   0.0862
  3.1462  -0.1667   0.0867
  3.1477  -0.1668   0.0872
  3.1492  -0.1670   0.0875
  3.1507  -0.1672   0.0878
  3.1521  -0.1673   0.0880
  3.1536  -0.1674   0.0880
  3.1551  -0.1676   0.0880
  3.1566  -0.1677   0.0880
  3.1580  -0.1678   0.0878
  3.1595  -0.1678   0.0875
  3.1609  -0.1679   0.0872
  3.1624  -0.1680   0.0868
  3.1639  -0.1680   0.0863
  3.1653  -0.1680   0.0857
  3.1668  -0.1681   0.0851
  3.1682  -0.1681   0.0844
  3.1697  -0.1681   0.0836
  3.1711  -0.1680   0.0828
  3.1726  -0.1680   0.0818
  3.1741  -0.1680   0.0809
  3.1755  -0.1679   0.0798
  3.1770  -0.1678   0.0787
  3.1784  -0.1678   0.0775
  3.1798  -0.1677   0.0762
  3.1813  -0.1676   0.0749
  3.1827  -0.1674   0.0735
  3.1842  -0.1673   0.0721
  3.1856  -0.1672   0.0706
  3.1871  -0.1670   0.0691
  3.1885  -0.1669   0.0675
  3.1900  -0.1667   0.0658
  3.1914  -0.1665   0.0641
  3.1928  -0.1663   0.0623
  3.1943  -0.1661   0.0605
  3.1957  -0.1659   0.0586
  3.1972  -0.1656   0.0567
  3.1986  -0.1654   0.0547
  3.2001  -0.1652   0.0527
  3.2015  -0.1649   0.0507
  3.2029  -0.1646   0.0486
  3.2044  -0.1643   0.0464
  3.2058  -0.1640   0.0442
  3.2073  -0.1637   0.0420
  3.2087  -0.1634   0.0397
  3.2101  -0.1630   0.0374
  3.2116  -0.1627   0.0350
  3.2130  -0.1623   0.0326
  3.2145  -0.1620   0.0302
  3.2159  -0.1616   0.0277
  3.2174  -0.1612   0.0253
  3.2188  -0.1608   0.0227
  3.2188  -0.1608   0.0227
  3.2203  -0.1604   0.0202
  3.2217  -0.1600   0.0176
  3.2231  -0.1596   0.0152
  3.2246  -0.1592   0.0128
  3.2260  -0.1588   0.0105
  3.2274  -0.1585   0.0083
  3.2288  -0.1581   0.0061
  3.2303  -0.1577   0.0039
  3.2317  -0.1574   0.0018
  3.2331  -0.1570  -0.0002
  3.2345  -0.1567  -0.0023
  3.2359  -0.1564  -0.0042
  3.2373  -0.1561  -0.0062
  3.2387  -0.1557  -0.0081
  3.2401  -0.1554  -0.0100
  3.2415  -0.1551  -0.0119
  3.2429  -0.1549  -0.0137
  3.2443  -0.1546  -0.0155
  3.2456  -0.1543  -0.0173
  3.2470  -0.1540  -0.0191
  3.2484  -0.1538  -0.0209
  3.2498  -0.1535  -0.0226
  3.2512  -0.1533  -0.0244
  3.2525  -0.1531  -0.0261
  3.2539  -0.1528  -0.0278
  3.2553  -0.1526  -0.0295
  3.2567  -0.1524  -0.0312
  3.2580  -0.1522  -0.0329
  3.2594  -0.1521  -0.0346
  3.2608  -0.1519  -0.0363
  3.2621  -0.1517  -0.0380
  3.2635  -0.1516  -0.0397
  3.2649  -0.1514  -0.0414
  3.2662  -0.1513  -0.0431
  3.2676  -0.1512  -0.0448
  3.2690  -0.1510  -0.0465
  3.2703  -0.1509  -0.0482
  3.2717  -0.1508  -0.0500
  3.2731  -0.1508  -0.0517
  3.2744  -0.1507  -0.0534
  3.2758  -0.1506  -0.0552
  3.2771  -0.1506  -0.0570
  3.2785  -0.1505  -0.0587
  3.2799  -0.1505  -0.0605
  3.2812  -0.1505  -0.0623
  3.2826  -0.1505  -0.0642
  3.2840  -0.1505  -0.0660
  3.2853  -0.1505  -0.0679
  3.2867  -0.1505  -0.0697
  3.2881  -0.1506  -0.0716
  3.2894  -0.1506  -0.0735
  3.2908  -0.1507  -0.0755
  3.2922  -0.1507  -0.0774
  3.2936  -0.1508  -0.0794
  3.2949  -0.1509  -0.0814
  3.2963  -0.1510  -0.0834
  3.2977  -0.1511  -0.0854
  3.2991  -0.1512  -0.0875
  3.3005  -0.1514  -0.0896
  3.3019  -0.1515  -0.0917
  3.3032  -0.1517  -0.0939
  3.3046  -0.1519  -0.0961
  3.3060  -0.1520  -0.0983
  3.3074  -0.1522  -0.1006
  3.3088  -0.1525  -0.1029
  3.3103  -0.1527  -0.1052
  3.3117  -0.1529  -0.1076
  3.3131  -0.1532  -0.1100
  3.3131  -0.1532  -0.1100
