  0.0000   0.0000   4.6311  -2.2649
 -0.2310  -0.3021   4.6628  -2.2451
 -0.4671  -0.5921   4.7036  -2.2267
 -0.6991  -0.8500   4.7443  -2.2074
 -0.9263  -1.0802   4.7837  -2.1865
 -1.1487  -1.2857   4.8216  -2.1641
 -1.3663  -1.4684   4.8579  -2.1400
 -1.5789  -1.6298   4.8926  -2.1143
 -1.7866  -1.7711   4.9257  -2.0869
 -1.9892  -1.8935   4.9571  -2.0579
 -2.1867  -1.9978   4.9869  -2.0273
 -2.3789  -2.0850   5.0149  -1.9949
 -2.5658  -2.1558   5.0411  -1.9610
 -2.7474  -2.2111   5.0656  -1.9253
 -2.9234  -2.2515   5.0883  -1.8880
 -3.0939  -2.2776   5.1091  -1.8490
 -3.2587  -2.2903   5.1281  -1.8083
 -3.4177  -2.2900   5.1451  -1.7660
 -3.5709  -2.2774   5.1602  -1.7219
 -3.7181  -2.2531   5.1734  -1.6761
 -3.8592  -2.2177   5.1845  -1.6286
 -3.9941  -2.1717   5.1937  -1.5794
 -4.1229  -2.1157   5.2007  -1.5285
 -4.2452  -2.0502   5.2057  -1.4758
 -4.3612  -1.9758   5.2086  -1.4214
 -4.4706  -1.8930   5.2092  -1.3653
 -4.5735  -1.8024   5.2077  -1.3074
 -4.6696  -1.7044   5.2040  -1.2477
 -4.7591  -1.5997   5.1980  -1.1863
 -4.8417  -1.4886   5.1897  -1.1231
 -4.9175  -1.3718   5.1791  -1.0581
 -4.9864  -1.2497   5.1661  -0.9913
 -5.0483  -1.1229   5.1507  -0.9227
 -5.1032  -0.9919   5.1329  -0.8523
 -5.1510  -0.8572   5.1126  -0.7800
 -5.1917  -0.7193   5.0898  -0.7060
 -5.2252  -0.5788   5.0645  -0.6300
 -5.2516  -0.4361   5.0365  -0.5523
 -5.2708  -0.2919   5.0060  -0.4727
 -5.2828  -0.1466   4.9728  -0.3912
 -5.2876  -0.0007   4.9369  -0.3078
 -5.2852   0.1451   4.8983  -0.2225
 -5.2755   0.2904   4.8569  -0.1353
 -5.2586   0.4346   4.8127  -0.0462
 -5.2345   0.5772   4.7656   0.0449
 -5.2032   0.7176   4.7157   0.1379
 -5.1646   0.8552   4.6628   0.2329
 -5.1189   0.9896   4.6070   0.3298
 -5.0660   1.1201   4.5482   0.4288
 -5.0059   1.2462   4.4863   0.5297
 -4.9387   1.3673   4.4214   0.6327
 -4.8644   1.4828   4.3533   0.7377
 -4.7831   1.5921   4.2821   0.8448
 -4.6947   1.6947   4.2077   0.9540
 -4.5992   1.7900   4.1300   1.0653
 -4.4968   1.8772   4.0490   1.1787
 -4.3874   1.9560   3.9647   1.2943
 -4.2712   2.0256   3.8771   1.4120
 -4.1480   2.0854   3.7860   1.5319
 -4.0179   2.1348   3.6914   1.6540
 -3.8811   2.1732   3.5934   1.7784
 -3.7374   2.1999   3.4918   1.9050
 -3.5869   2.2144   3.3866   2.0339
 -3.4297   2.2159   3.2778   2.1652
 -3.2657   2.2038   3.1653   2.2988
 -3.0950   2.1776   3.0491   2.4348
 -2.9176   2.1364   2.9291   2.5732
 -2.7336   2.0798   2.8053   2.7141
 -2.5428   2.0070   2.6776   2.8575
 -2.3453   1.9174   2.5461   3.0034
 -2.1412   1.8105   2.4105   3.1519
 -1.9303   1.6857   2.2710   3.3030
 -1.7128   1.5424   2.1274   3.4568
 -1.4885   1.3802   1.9797   3.6133
 -1.2575   1.1989   1.8279   3.7726
 -1.0197   0.9981   1.6718   3.9348
 -0.7752   0.7777   1.5116   4.0998
 -0.5239   0.5379   1.3470   4.2677
 -0.2658   0.2786   1.1781   4.4387
 -0.0010  -0.0007   1.0048   4.6127
 -0.0010  -0.0007   1.0048   4.6127
 -0.1525   0.7464   0.8450   2.8318
 -0.3281   1.5233   0.6414   0.9908
 -0.5027   2.2042   0.4186  -0.6273
 -0.6719   2.7852   0.1829  -2.0034
 -0.8354   3.2789  -0.0622  -3.1662
 -0.9929   3.6972  -0.3140  -4.1469
 -1.1446   4.0510  -0.5702  -4.9734
 -1.2907   4.3503  -0.8290  -5.6697
 -1.4311   4.6033  -1.0884  -6.2560
 -1.5659   4.8174  -1.3469  -6.7494
 -1.6953   4.9984  -1.6031  -7.1643
 -1.8191   5.1515  -1.8558  -7.5128
 -1.9376   5.2812  -2.1040  -7.8052
 -2.0507   5.3909  -2.3466  -8.0500
 -2.1585   5.4838  -2.5830  -8.2544
 -2.2610   5.5625  -2.8125  -8.4246
 -2.3583   5.6292  -3.0345  -8.5657
 -2.4503   5.6858  -3.2486  -8.6819
 -2.5371   5.7338  -3.4542  -8.7770
 -2.6188   5.7745  -3.6511  -8.8540
 -2.6953   5.8091  -3.8388  -8.9155
 -2.7668   5.8385  -4.0173  -8.9637
 -2.8331   5.8635  -4.1862  -9.0004
 -2.8944   5.8848  -4.3453  -9.0272
 -2.9507   5.9029  -4.4945  -9.0455
 -3.0019   5.9183  -4.6335  -9.0562
 -3.0481   5.9315  -4.7624  -9.0605
 -3.0893   5.9428  -4.8808  -9.0591
 -3.1255   5.9524  -4.9889  -9.0526
 -3.1567   5.9606  -5.0863  -9.0416
 -3.1829   5.9676  -5.1731  -9.0266
 -3.2042   5.9735  -5.2492  -9.0080
 -3.2205   5.9784  -5.3145  -8.9862
 -3.2318   5.9825  -5.3689  -8.9612
 -3.2382   5.9857  -5.4124  -8.9335
 -3.2396   5.9881  -5.4449  -8.9030
 -3.2360   5.9897  -5.4663  -8.8698
 -3.2274   5.9905  -5.4766  -8.8341
 -3.2138   5.9903  -5.4758  -8.7957
 -3.1952   5.9891  -5.4637  -8.7546
 -3.1716   5.9867  -5.4403  -8.7106
 -3.1429   5.9829  -5.4056  -8.6635
 -3.1092   5.9774  -5.3595  -8.6132
 -3.0703   5.9700  -5.3019  -8.5590
 -3.0263   5.9603  -5.2328  -8.5008
 -2.9771   5.9478  -5.1521  -8.4378
 -2.9226   5.9320  -5.0599  -8.3694
 -2.8629   5.9121  -4.9559  -8.2949
 -2.7978   5.8875  -4.8402  -8.2131
 -2.7272   5.8572  -4.7127  -8.1231
 -2.6511   5.8200  -4.5733  -8.0233
 -2.5693   5.7746  -4.4219  -7.9121
 -2.4818   5.7194  -4.2586  -7.7878
 -2.3882   5.6525  -4.0833  -7.6478
 -2.2885   5.5717  -3.8958  -7.4897
 -2.1824   5.4742  -3.6961  -7.3101
 -2.0697   5.3570  -3.4842  -7.1055
 -1.9500   5.2162  -3.2601  -6.8714
 -1.8230   5.0474  -3.0236  -6.6028
 -1.6882   4.8453  -2.7748  -6.2935
 -1.5451   4.6036  -2.5137  -5.9366
 -1.3931   4.3149  -2.2402  -5.5236
 -1.2315   3.9705  -1.9546  -5.0451
 -1.0594   3.5599  -1.6568  -4.4894
 -0.8758   3.0709  -1.3471  -3.8433
 -0.6796   2.4890  -1.0259  -3.0912
 -0.4695   1.7972  -0.6935  -2.2149
 -0.2440   0.9755  -0.3508  -1.1928
  5.4632  -3.5442  -0.3888  -1.1833
  5.4414  -3.3068  -0.1300  -1.4775
  5.4147  -3.0590   0.1315  -1.7630
  5.3862  -2.8133   0.3845  -2.0168
  5.3560  -2.5704   0.6289  -2.2428
  5.3243  -2.3302   0.8648  -2.4440
  5.2909  -2.0926   1.0924  -2.6225
  5.2560  -1.8575   1.3118  -2.7805
  5.2194  -1.6247   1.5230  -2.9193
  5.1811  -1.3943   1.7263  -3.0405
  5.1412  -1.1662   1.9217  -3.1454
  5.0996  -0.9402   2.1092  -3.2351
  5.0563  -0.7163   2.2889  -3.3106
  5.0114  -0.4944   2.4610  -3.3730
  4.9648  -0.2745   2.6254  -3.4233
  4.9165  -0.0565   2.7823  -3.4622
  4.8665   0.1597   2.9316  -3.4906
  4.8149   0.3740   3.0735  -3.5093
  4.7616   0.5867   3.2079  -3.5190
  4.7067   0.7977   3.3349  -3.5203
  4.6502   1.0071   3.4545  -3.5140
  4.5921   1.2149   3.5668  -3.5006
  4.5324   1.4212   3.6717  -3.4806
  4.4712   1.6261   3.7693  -3.4547
  4.4084   1.8296   3.8597  -3.4234
  4.3441   2.0317   3.9427  -3.3870
  4.2783   2.2325   4.0185  -3.3461
  4.2111   2.4321   4.0870  -3.3011
  4.1424   2.6305   4.1483  -3.2524
  4.0722   2.8277   4.2023  -3.2003
  4.0007   3.0239   4.2491  -3.1453
  3.9279   3.2190   4.2886  -3.0877
  3.8536   3.4131   4.3209  -3.0277
  3.7781   3.6063   4.3459  -2.9657
  3.7013   3.7986   4.3637  -2.9019
  3.6233   3.9900   4.3743  -2.8366
  3.5440   4.1808   4.3776  -2.7700
  3.4635   4.3707   4.3737  -2.7024
  3.3818   4.5601   4.3625  -2.6340
  3.2990   4.7488   4.3441  -2.5649
  3.2150   4.9370   4.3184  -2.4953
  3.1299   5.1248   4.2855  -2.4254
  3.0437   5.3121   4.2453  -2.3552
  2.9565   5.4991   4.1979  -2.2850
  2.8682   5.6859   4.1433  -2.2148
  2.7789   5.8724   4.0814  -2.1446
  2.6885   6.0588   4.0123  -2.0746
  2.5972   6.2452   3.9360  -2.0048
  2.5048   6.4316   3.8525  -1.9353
  2.4115   6.6180   3.7618  -1.8659
  2.3171   6.8047   3.6639  -1.7967
  2.2218   6.9917   3.5588  -1.7278
  2.1255   7.1790   3.4466  -1.6589
  2.0283   7.3668   3.3272  -1.5900
  1.9301   7.5552   3.2007  -1.5209
  1.8308   7.7442   3.0671  -1.4517
  1.7306   7.9339   2.9265  -1.3820
  1.6294   8.1246   2.7788  -1.3116
  1.5272   8.3162   2.6242  -1.2403
  1.4239   8.5089   2.4625  -1.1679
  1.3196   8.7028   2.2940  -1.0938
  1.2142   8.8981   2.1185  -1.0179
  1.1077   9.0949   1.9363  -0.9395
  1.0001   9.2933   1.7472  -0.8581
  0.8912   9.4935   1.5514  -0.7732
  0.7812   9.6956   1.3490  -0.6840
  0.6698   9.8998   1.1400  -0.5895
  0.5572  10.1063   0.9245  -0.4888
  0.4431  10.3152   0.7025  -0.3808
  0.3277  10.5267   0.4743  -0.2640
  0.2107  10.7411   0.2397  -0.1372
  0.0921  10.9585  -0.0011   0.0003
  0.0921  10.9585  -0.0011   0.0003
  0.3234   7.2371  -0.6029   0.3420
  0.5459   3.4448  -1.2969   0.7354
  0.7210   0.1348  -1.9793   1.1180
  0.8434  -2.6523  -2.6326   1.4774
  0.9176  -4.9794  -3.2542   1.8127
  0.9496  -6.9158  -3.8445   2.1274
  0.9450  -8.5219  -4.4043   2.4262
  0.9095  -9.8515  -4.9344   2.7131
  0.8480 -10.9494  -5.4355   2.9917
  0.7650 -11.8537  -5.9085   3.2655
  0.6645 -12.5966  -6.3539   3.5369
  0.5497 -13.2049  -6.7724   3.8080
  0.4237 -13.7009  -7.1646   4.0806
  0.2888 -14.1031  -7.5310   4.3557
  0.1471 -14.4271  -7.8721   4.6345
  0.0004 -14.6856  -8.1886   4.9176
 -0.1497 -14.8892  -8.4810   5.2055
 -0.3021 -15.0468  -8.7496   5.4985
 -0.4556 -15.1654  -8.9951   5.7967
 -0.6093 -15.2512  -9.2179   6.1002
 -0.7624 -15.3091  -9.4185   6.4089
 -0.9143 -15.3432  -9.5973   6.7227
 -1.0642 -15.3569  -9.7550   7.0412
 -1.2117 -15.3531  -9.8918   7.3642
 -1.3562 -15.3341 -10.0084   7.6913
 -1.4974 -15.3019 -10.1051   8.0222
 -1.6348 -15.2580 -10.1825   8.3563
 -1.7681 -15.2039 -10.2410   8.6932
 -1.8970 -15.1407 -10.2811   9.0325
 -2.0210 -15.0693 -10.3033   9.3734
 -2.1399 -14.9906 -10.3081   9.7156
 -2.2534 -14.9051 -10.2960  10.0584
 -2.3613 -14.8134 -10.2674  10.4012
 -2.4631 -14.7161 -10.2227  10.7433
 -2.5587 -14.6133 -10.1626  11.0840
 -2.6477 -14.5055 -10.0874  11.4227
 -2.7300 -14.3928  -9.9976  11.7585
 -2.8052 -14.2754  -9.8937  12.0905
 -2.8730 -14.1534  -9.7761  12.4180
 -2.9332 -14.0268  -9.6453  12.7398
 -2.9856 -13.8954  -9.5017  13.0550
 -3.0298 -13.7592  -9.3457  13.3624
 -3.0656 -13.6180  -9.1776  13.6606
 -3.0928 -13.4712  -8.9980  13.9483
 -3.1110 -13.3186  -8.8070  14.2236
 -3.1199 -13.1595  -8.6051  14.4849
 -3.1193 -12.9932  -8.3925  14.7299
 -3.1090 -12.8186  -8.1693  14.9562
 -3.0885 -12.6346  -7.9359  15.1610
 -3.0577 -12.4397  -7.6923  15.3410
 -3.0162 -12.2323  -7.4384  15.4923
 -2.9637 -12.0102  -7.1744  15.6105
 -2.8998 -11.7708  -6.8999  15.6903
 -2.8243 -11.5112  -6.6146  15.7255
 -2.7367 -11.2277  -6.3182  15.7087
 -2.6368 -10.9161  -6.0099  15.6312
 -2.5240 -10.5711  -5.6889  15.4827
 -2.3980 -10.1867  -5.3540  15.2507
 -2.2583  -9.7557  -5.0039  14.9206
 -2.1045  -9.2695  -4.6366  14.4749
 -1.9361  -8.7183  -4.2500  13.8925
 -1.7525  -8.0900  -3.8414  13.1485
 -1.5532  -7.3707  -3.4074  12.2127
 -1.3376  -6.5441  -2.9441  11.0494
 -1.1052  -5.5910  -2.4468   9.6157
 -0.8555  -4.4887  -1.9102   7.8606
 -0.5880  -3.2109  -1.3279   5.7234
 -0.3024  -1.7267  -0.6931   3.1318
  0.0012  -0.0001   0.0018   0.0005
  0.0481   0.0225  10.6406  -9.2984
  0.0041   0.2419  10.5748  -9.1292
 -0.0387   0.4634  10.5150  -8.9594
 -0.0799   0.6682  10.4570  -8.7913
 -0.1199   0.8573  10.3997  -8.6245
 -0.1586   1.0317  10.3430  -8.4589
 -0.1962   1.1922  10.2866  -8.2944
 -0.2325   1.3399  10.2306  -8.1308
 -0.2676   1.4756  10.1749  -7.9682
 -0.3016   1.6001  10.1193  -7.8064
 -0.3344   1.7143  10.0639  -7.6453
 -0.3660   1.8188  10.0084  -7.4849
 -0.3965   1.9143   9.9529  -7.3251
 -0.4258   2.0015   9.8973  -7.1657
 -0.4540   2.0809   9.8414  -7.0068
 -0.4810   2.1531   9.7852  -6.8483
 -0.5068   2.2185   9.7285  -6.6901
 -0.5315   2.2776   9.6714  -6.5321
 -0.5550   2.3309   9.6138  -6.3743
 -0.5774   2.3788   9.5554  -6.2166
 -0.5987   2.4215   9.4963  -6.0590
 -0.6188   2.4595   9.4364  -5.9014
 -0.6378   2.4930   9.3755  -5.7438
 -0.6556   2.5223   9.3137  -5.5861
 -0.6723   2.5477   9.2507  -5.4283
 -0.6878   2.5695   9.1866  -5.2703
 -0.7022   2.5878   9.1212  -5.1121
 -0.7154   2.6028   9.0544  -4.9537
 -0.7276   2.6148   8.9862  -4.7949
 -0.7386   2.6239   8.9164  -4.6359
 -0.7485   2.6302   8.8450  -4.4764
 -0.7572   2.6339   8.7719  -4.3166
 -0.7649   2.6350   8.6970  -4.1564
 -0.7714   2.6338   8.6202  -3.9956
 -0.7769   2.6303   8.5415  -3.8344
 -0.7812   2.6246   8.4607  -3.6727
 -0.7845   2.6167   8.3777  -3.5105
 -0.7866   2.6068   8.2925  -3.3477
 -0.7877   2.5948   8.2050  -3.1843
 -0.7877   2.5809   8.1152  -3.0203
 -0.7867   2.5651   8.0228  -2.8557
 -0.7846   2.5473   7.9280  -2.6904
 -0.7814   2.5276   7.8305  -2.5245
 -0.7773   2.5061   7.7303  -2.3579
 -0.7720   2.4827   7.6274  -2.1907
 -0.7658   2.4574   7.5216  -2.0227
 -0.7586   2.4302   7.4130  -1.8540
 -0.7503   2.4012   7.3014  -1.6847
 -0.7410   2.3702   7.1868  -1.5146
 -0.7308   2.3373   7.0691  -1.3437
 -0.7196   2.3023   6.9483  -1.1722
 -0.7074   2.2654   6.8243  -0.9998
 -0.6942   2.2264   6.6971  -0.8268
 -0.6801   2.1852   6.5667  -0.6530
 -0.6651   2.1419   6.4329  -0.4784
 -0.6491   2.0962   6.2958  -0.3030
 -0.6322   2.0483   6.1553  -0.1269
 -0.6143   1.9979   6.0115   0.0499
 -0.5956   1.9451   5.8642   0.2276
 -0.5759   1.8896   5.7135   0.4060
 -0.5554   1.8314   5.5593   0.5851
 -0.5340   1.7704   5.4017   0.7651
 -0.5116   1.7065   5.2405   0.9458
 -0.4885   1.6395   5.0760   1.1273
 -0.4644   1.5693   4.9079   1.3096
 -0.4395   1.4957   4.7364   1.4927
 -0.4137   1.4186   4.5614   1.6765
 -0.3870   1.3379   4.3829   1.8612
 -0.3596   1.2533   4.2010   2.0466
 -0.3312   1.1646   4.0158   2.2329
 -0.3020   1.0717   3.8271   2.4200
 -0.2720   0.9743   3.6351   2.6079
 -0.2411   0.8722   3.4397   2.7966
 -0.2094   0.7651   3.2411   2.9862
 -0.1769   0.6527   3.0392   3.1767
 -0.1435   0.5348   2.8340   3.3680
 -0.1092   0.4110   2.6257   3.5602
 -0.0741   0.2808   2.4143   3.7534
 -0.0382   0.1440   2.1998   3.9475
 -0.0014   0.0000   1.9822   4.1425
 -0.0014   0.0000   1.9822   4.1425
 -0.0599   0.3530   1.6390   2.9765
 -0.1186   0.6337   1.2332   1.7540
 -0.1776   0.9192   0.8205   0.6630
 -0.2373   1.2063   0.4120  -0.2755
 -0.2960   1.4718   0.0099  -1.0782
 -0.3532   1.7085  -0.3850  -1.7640
 -0.4086   1.9159  -0.7723  -2.3500
 -0.4622   2.0959  -1.1514  -2.8505
 -0.5138   2.2511  -1.5220  -3.2777
 -0.5634   2.3845  -1.8835  -3.6421
 -0.6109   2.4989  -2.2355  -3.9523
 -0.6564   2.5967  -2.5777  -4.2158
 -0.6998   2.6803  -2.9096  -4.4390
 -0.7410   2.7517  -3.2308  -4.6271
 -0.7802   2.8125  -3.5412  -4.7847
 -0.8172   2.8643  -3.8404  -4.9157
 -0.8520   2.9084  -4.1281  -5.0233
 -0.8847   2.9460  -4.4042  -5.1106
 -0.9153   2.9779  -4.6684  -5.1797
 -0.9437   3.0051  -4.9205  -5.2329
 -0.9699   3.0283  -5.1603  -5.2720
 -0.9941   3.0479  -5.3876  -5.2984
 -1.0160   3.0647  -5.6024  -5.3136
 -1.0359   3.0789  -5.8044  -5.3187
 -1.0537   3.0909  -5.9935  -5.3147
 -1.0693   3.1011  -6.1696  -5.3026
 -1.0829   3.1098  -6.3326  -5.2832
 -1.0944   3.1170  -6.4823  -5.2572
 -1.1038   3.1230  -6.6186  -5.2251
 -1.1112   3.1278  -6.7414  -5.1877
 -1.1166   3.1317  -6.8507  -5.1454
 -1.1200   3.1347  -6.9462  -5.0988
 -1.1214   3.1367  -7.0280  -5.0481
 -1.1209   3.1379  -7.0959  -4.9938
 -1.1184   3.1382  -7.1498  -4.9364
 -1.1140   3.1376  -7.1896  -4.8760
 -1.1078   3.1361  -7.2152  -4.8130
 -1.0997   3.1335  -7.2266  -4.7478
 -1.0897   3.1298  -7.2236  -4.6804
 -1.0779   3.1249  -7.2062  -4.6112
 -1.0644   3.1186  -7.1743  -4.5403
 -1.0491   3.1107  -7.1277  -4.4678
 -1.0320   3.1011  -7.0665  -4.3940
 -1.0132   3.0895  -6.9904  -4.3189
 -0.9928   3.0755  -6.8995  -4.2425
 -0.9707   3.0589  -6.7936  -4.1648
 -0.9469   3.0394  -6.6726  -4.0858
 -0.9214   3.0163  -6.5364  -4.0053
 -0.8944   2.9894  -6.3850  -3.9232
 -0.8657   2.9579  -6.2183  -3.8392
 -0.8355   2.9212  -6.0360  -3.7528
 -0.8036   2.8785  -5.8383  -3.6637
 -0.7702   2.8291  -5.6248  -3.5712
 -0.7351   2.7720  -5.3957  -3.4744
 -0.6985   2.7060  -5.1506  -3.3724
 -0.6602   2.6299  -4.8896  -3.2641
 -0.6202   2.5425  -4.6124  -3.1479
 -0.5786   2.4422  -4.3191  -3.0222
 -0.5353   2.3273  -4.0095  -2.8847
 -0.4902   2.1961  -3.6835  -2.7330
 -0.4433   2.0468  -3.3410  -2.5642
 -0.3946   1.8773  -2.9819  -2.3746
 -0.3440   1.6856  -2.6061  -2.1601
 -0.2915   1.4698  -2.2136  -1.9157
 -0.2371   1.2283  -1.8043  -1.6355
 -0.1808   0.9599  -1.3782  -1.3127
 -0.1227   0.6642  -0.9353  -0.9391
 -0.0630   0.3428  -0.4756  -0.5053
  6.1979  -4.5526  -0.5623  -0.4923
  6.1881  -4.2604  -0.2909  -0.8019
  6.1734  -3.9531  -0.0137  -1.1071
  6.1559  -3.6488   0.2545  -1.3799
  6.1358  -3.3490   0.5128  -1.6243
  6.1128  -3.0533   0.7615  -1.8437
  6.0870  -2.7619   1.0008  -2.0407
  6.0583  -2.4746   1.2307  -2.2174
  6.0268  -2.1911   1.4515  -2.3754
  5.9923  -1.9116   1.6634  -2.5164
  5.9550  -1.6357   1.8664  -2.6415
  5.9147  -1.3636   2.0608  -2.7520
  5.8716  -1.0950   2.2466  -2.8491
  5.8256  -0.8298   2.4239  -2.9337
  5.7767  -0.5681   2.5930  -3.0067
  5.7250  -0.3098   2.7539  -3.0689
  5.6705  -0.0547   2.9066  -3.1213
  5.6133   0.1972   3.0513  -3.1645
  5.5534   0.4459   3.1882  -3.1992
  5.4908   0.6916   3.3171  -3.2261
  5.4256   0.9343   3.4383  -3.2457
  5.3579   1.1740   3.5518  -3.2586
  5.2878   1.4108   3.6576  -3.2653
  5.2152   1.6447   3.7559  -3.2664
  5.1404   1.8758   3.8466  -3.2621
  5.0632   2.1042   3.9298  -3.2531
  4.9840   2.3299   4.0056  -3.2395
  4.9026   2.5530   4.0740  -3.2219
  4.8192   2.7735   4.1350  -3.2005
  4.7339   2.9915   4.1886  -3.1757
  4.6468   3.2069   4.2350  -3.1477
  4.5579   3.4200   4.2741  -3.1168
  4.4673   3.6306   4.3059  -3.0832
  4.3751   3.8390   4.3305  -3.0471
  4.2814   4.0450   4.3479  -3.0088
  4.1863   4.2489   4.3581  -2.9685
  4.0898   4.4505   4.3610  -2.9262
  3.9921   4.6501   4.3568  -2.8821
  3.8932   4.8476   4.3455  -2.8364
  3.7931   5.0431   4.3269  -2.7891
  3.6920   5.2367   4.3013  -2.7404
  3.5899   5.4284   4.2684  -2.6904
  3.4870   5.6183   4.2285  -2.6390
  3.3831   5.8064   4.1814  -2.5863
  3.2785   5.9929   4.1271  -2.5324
  3.1732   6.1777   4.0658  -2.4773
  3.0672   6.3609   3.9973  -2.4209
  2.9606   6.5426   3.9217  -2.3632
  2.8535   6.7229   3.8389  -2.3042
  2.7458   6.9018   3.7491  -2.2437
  2.6377   7.0794   3.6521  -2.1818
  2.5292   7.2558   3.5481  -2.1183
  2.4202   7.4310   3.4369  -2.0531
  2.3109   7.6052   3.3187  -1.9859
  2.2013   7.7783   3.1934  -1.9167
  2.0914   7.9505   3.0610  -1.8451
  1.9812   8.1219   2.9215  -1.7709
  1.8707   8.2924   2.7750  -1.6939
  1.7600   8.4623   2.6215  -1.6138
  1.6491   8.6316   2.4609  -1.5300
  1.5380   8.8003   2.2934  -1.4422
  1.4266   8.9687   2.1189  -1.3500
  1.3150   9.1366   1.9374  -1.2527
  1.2032   9.3044   1.7491  -1.1497
  1.0911   9.4719   1.5539  -1.0402
  0.9789   9.6394   1.3518  -0.9233
  0.8663   9.8069   1.1430  -0.7981
  0.7535   9.9746   0.9275  -0.6633
  0.6404  10.1425   0.7053  -0.5175
  0.5270  10.3108   0.4765  -0.3591
  0.4132  10.4795   0.2411  -0.1868
  0.2991  10.6488  -0.0009   0.0003
  0.2991  10.6488  -0.0009   0.0003
  0.3445   7.3818  -0.6385   0.1306
  0.3698   4.0295  -1.3756   0.2927
  0.3653   1.0821  -2.1021   0.4772
  0.3286  -1.4183  -2.7990   0.6734
  0.2624  -3.5224  -3.4633   0.8750
  0.1698  -5.2863  -4.0953   1.0807
  0.0541  -6.7607  -4.6956   1.2912
 -0.0810  -7.9895  -5.2651   1.5073
 -0.2325  -9.0106  -5.8044   1.7301
 -0.3972  -9.8561  -6.3142   1.9605
 -0.5724 -10.5533  -6.7951   2.1994
 -0.7558 -11.1252  -7.2477   2.4472
 -0.9450 -11.5912  -7.6727   2.7044
 -1.1384 -11.9676  -8.0704   2.9710
 -1.3343 -12.2682  -8.4414   3.2472
 -1.5312 -12.5044  -8.7863   3.5329
 -1.7280 -12.6858  -9.1054   3.8279
 -1.9235 -12.8204  -9.3993   4.1320
 -2.1168 -12.9151  -9.6684   4.4447
 -2.3072 -12.9754  -9.9131   4.7658
 -2.4939 -13.0060 -10.1340   5.0947
 -2.6762 -13.0110 -10.3315   5.4310
 -2.8536 -12.9937 -10.5061   5.7742
 -3.0255 -12.9568 -10.6581   6.1237
 -3.1915 -12.9029 -10.7881   6.4789
 -3.3512 -12.8338 -10.8966   6.8393
 -3.5041 -12.7513 -10.9839   7.2042
 -3.6499 -12.6569 -11.0507   7.5731
 -3.7882 -12.5517 -11.0972   7.9452
 -3.9186 -12.4370 -11.1241   8.3199
 -4.0409 -12.3136 -11.1318   8.6965
 -4.1547 -12.1823 -11.1208   9.0744
 -4.2598 -12.0439 -11.0916   9.4528
 -4.3558 -11.8990 -11.0447   9.8309
 -4.4425 -11.7480 -10.9805  10.2079
 -4.5195 -11.5917 -10.8996  10.5831
 -4.5867 -11.4302 -10.8024  10.9556
 -4.6438 -11.2641 -10.6894  11.3243
 -4.6905 -11.0936 -10.5612  11.6884
 -4.7265 -10.9190 -10.4180  12.0467
 -4.7516 -10.7406 -10.2605  12.3981
 -4.7656 -10.5584 -10.0891  12.7412
 -4.7682 -10.3727  -9.9042  13.0748
 -4.7592 -10.1834  -9.7061  13.3972
 -4.7383  -9.9905  -9.4954  13.7066
 -4.7053  -9.7939  -9.2723  14.0010
 -4.6600  -9.5934  -9.0371  14.2783
 -4.6021  -9.3885  -8.7902  14.5358
 -4.5313  -9.1789  -8.5317  14.7705
 -4.4476  -8.9638  -8.2618  14.9791
 -4.3505  -8.7425  -7.9806  15.1575
 -4.2399  -8.5138  -7.6881  15.3012
 -4.1155  -8.2764  -7.3842  15.4047
 -3.9771  -8.0287  -7.0686  15.4617
 -3.8243  -7.7686  -6.7410  15.4647
 -3.6569  -7.4937  -6.4008  15.4049
 -3.4747  -7.2011  -6.0472  15.2719
 -3.2772  -6.8871  -5.6792  15.0533
 -3.0643  -6.5476  -5.2955  14.7345
 -2.8355  -6.1774  -4.8945  14.2981
 -2.5904  -5.7705  -4.4741  13.7234
 -2.3288  -5.3197  -4.0319  12.9859
 -2.0503  -4.8167  -3.5648  12.0565
 -1.7543  -4.2514  -3.0694  10.9004
 -1.4405  -3.6121  -2.5413   9.4768
 -1.1084  -2.8849  -1.9759   7.7371
 -0.7577  -2.0537  -1.3676   5.6241
 -0.3879  -1.0995  -0.7105   3.0710
 -0.3247  -1.0722  10.3431  -8.5692
 -0.3513  -0.7649  10.2971  -8.4227
 -0.3765  -0.4583  10.2560  -8.2742
 -0.4005  -0.1740  10.2161  -8.1266
 -0.4234   0.0894  10.1765  -7.9797
 -0.4454   0.3332  10.1369  -7.8332
 -0.4665   0.5586  10.0975  -7.6873
 -0.4867   0.7668  10.0580  -7.5417
 -0.5061   0.9590  10.0185  -7.3964
 -0.5246   1.1364   9.9788  -7.2514
 -0.5422   1.2999   9.9389  -7.1066
 -0.5591   1.4506   9.8987  -6.9619
 -0.5752   1.5892   9.8582  -6.8173
 -0.5905   1.7167   9.8172  -6.6728
 -0.6050   1.8338   9.7757  -6.5282
 -0.6187   1.9412   9.7336  -6.3835
 -0.6317   2.0395   9.6909  -6.2388
 -0.6438   2.1294   9.6474  -6.0939
 -0.6552   2.2115   9.6031  -5.9487
 -0.6658   2.2863   9.5579  -5.8033
 -0.6756   2.3542   9.5117  -5.6576
 -0.6847   2.4157   9.4645  -5.5116
 -0.6930   2.4712   9.4161  -5.3652
 -0.7005   2.5212   9.3664  -5.2184
 -0.7072   2.5659   9.3155  -5.0711
 -0.7131   2.6058   9.2631  -4.9234
 -0.7183   2.6410   9.2093  -4.7751
 -0.7227   2.6719   9.1539  -4.6262
 -0.7263   2.6987   9.0968  -4.4768
 -0.7292   2.7216   9.0379  -4.3268
 -0.7313   2.7409   8.9773  -4.1762
 -0.7326   2.7568   8.9147  -4.0249
 -0.7332   2.7694   8.8500  -3.8729
 -0.7330   2.7788   8.7833  -3.7202
 -0.7320   2.7853   8.7144  -3.5668
 -0.7303   2.7889   8.6433  -3.4126
 -0.7278   2.7898   8.5697  -3.2577
 -0.7246   2.7880   8.4938  -3.1019
 -0.7207   2.7837   8.4153  -2.9454
 -0.7160   2.7768   8.3342  -2.7881
 -0.7106   2.7676   8.2504  -2.6300
 -0.7045   2.7559   8.1639  -2.4710
 -0.6977   2.7420   8.0745  -2.3112
 -0.6901   2.7257   7.9822  -2.1506
 -0.6819   2.7071   7.8869  -1.9891
 -0.6730   2.6862   7.7886  -1.8267
 -0.6634   2.6630   7.6871  -1.6635
 -0.6531   2.6375   7.5825  -1.4994
 -0.6422   2.6097   7.4746  -1.3344
 -0.6305   2.5796   7.3634  -1.1685
 -0.6183   2.5471   7.2488  -1.0018
 -0.6054   2.5121   7.1309  -0.8342
 -0.5918   2.4746   7.0094  -0.6658
 -0.5776   2.4346   6.8845  -0.4964
 -0.5628   2.3920   6.7560  -0.3262
 -0.5474   2.3466   6.6240  -0.1552
 -0.5313   2.2984   6.4883   0.0167
 -0.5147   2.2473   6.3490   0.1895
 -0.4975   2.1932   6.2061   0.3631
 -0.4796   2.1359   6.0595   0.5376
 -0.4612   2.0753   5.9092   0.7129
 -0.4422   2.0112   5.7552   0.8890
 -0.4226   1.9436   5.5974   1.0660
 -0.4024   1.8721   5.4360   1.2438
 -0.3817   1.7967   5.2709   1.4224
 -0.3604   1.7171   5.1021   1.6019
 -0.3385   1.6330   4.9297   1.7821
 -0.3160   1.5444   4.7536   1.9632
 -0.2930   1.4508   4.5738   2.1451
 -0.2694   1.3520   4.3904   2.3278
 -0.2453   1.2478   4.2035   2.5113
 -0.2205   1.1377   4.0130   2.6956
 -0.1952   1.0215   3.8190   2.8808
 -0.1693   0.8988   3.6216   3.0668
 -0.1428   0.7692   3.4207   3.2536
 -0.1158   0.6322   3.2164   3.4412
 -0.0881   0.4873   3.0088   3.6297
 -0.0598   0.3341   2.7980   3.8191
 -0.0309   0.1719   2.5839   4.0093
 -0.0014  -0.0000   2.3666   4.2005
 -0.0014  -0.0000   2.3666   4.2005
 -0.0613   0.3076   2.0087   3.1058
 -0.1216   0.5395   1.5870   1.9550
 -0.1824   0.7823   1.1597   0.9264
 -0.2438   1.0333   0.7380   0.0404
 -0.3042   1.2683   0.3241  -0.7184
 -0.3630   1.4792  -0.0814  -1.3678
 -0.4199   1.6648  -0.4781  -1.9235
 -0.4749   1.8264  -0.8658  -2.3989
 -0.5278   1.9661  -1.2440  -2.8055
 -0.5787   2.0864  -1.6125  -3.1529
 -0.6274   2.1897  -1.9708  -3.4492
 -0.6739   2.2783  -2.3187  -3.7013
 -0.7182   2.3541  -2.6559  -3.9152
 -0.7603   2.4190  -2.9820  -4.0958
 -0.8002   2.4745  -3.2969  -4.2473
 -0.8379   2.5219  -3.6003  -4.3735
 -0.8733   2.5625  -3.8920  -4.4774
 -0.9065   2.5972  -4.1718  -4.5616
 -0.9374   2.6269  -4.4395  -4.6284
 -0.9661   2.6523  -4.6950  -4.6798
 -0.9925   2.6742  -4.9381  -4.7174
 -1.0167   2.6929  -5.1686  -4.7428
 -1.0387   2.7091  -5.3864  -4.7572
 -1.0585   2.7230  -5.5914  -4.7618
 -1.0761   2.7350  -5.7835  -4.7574
 -1.0916   2.7454  -5.9625  -4.7451
 -1.1048   2.7544  -6.1283  -4.7255
 -1.1159   2.7621  -6.2809  -4.6993
 -1.1249   2.7688  -6.4201  -4.6672
 -1.1318   2.7744  -6.5459  -4.6298
 -1.1366   2.7792  -6.6581  -4.5875
 -1.1393   2.7831  -6.7566  -4.5407
 -1.1400   2.7862  -6.8414  -4.4901
 -1.1387   2.7884  -6.9123  -4.4358
 -1.1354   2.7899  -6.9693  -4.3783
 -1.1301   2.7905  -7.0123  -4.3179
 -1.1229   2.7902  -7.0412  -4.2550
 -1.1137   2.7889  -7.0560  -4.1898
 -1.1027   2.7866  -7.0564  -4.1225
 -1.0899   2.7830  -7.0426  -4.0534
 -1.0752   2.7782  -7.0143  -3.9827
 -1.0587   2.7718  -6.9715  -3.9107
 -1.0404   2.7637  -6.9141  -3.8373
 -1.0204   2.7537  -6.8421  -3.7629
 -0.9987   2.7414  -6.7553  -3.6874
 -0.9753   2.7267  -6.6536  -3.6109
 -0.9503   2.7091  -6.5370  -3.5335
 -0.9236   2.6882  -6.4054  -3.4550
 -0.8953   2.6636  -6.2587  -3.3753
 -0.8653   2.6347  -6.0968  -3.2944
 -0.8339   2.6009  -5.9196  -3.2118
 -0.8008   2.5616  -5.7269  -3.1273
 -0.7662   2.5160  -5.5188  -3.0404
 -0.7300   2.4631  -5.2951  -2.9504
 -0.6923   2.4022  -5.0558  -2.8567
 -0.6530   2.3319  -4.8006  -2.7582
 -0.6122   2.2513  -4.5294  -2.6538
 -0.5698   2.1590  -4.2423  -2.5420
 -0.5259   2.0536  -3.9391  -2.4212
 -0.4804   1.9335  -3.6196  -2.2894
 -0.4332   1.7973  -3.2838  -2.1440
 -0.3845   1.6434  -2.9315  -1.9821
 -0.3341   1.4702  -2.5628  -1.8003
 -0.2822   1.2764  -2.1774  -1.5945
 -0.2287   1.0610  -1.7753  -1.3596
 -0.1737   0.8236  -1.3565  -1.0902
 -0.1173   0.5652  -0.9209  -0.7793
 -0.0599   0.2886  -0.4685  -0.4190
  6.1088  -4.0954  -0.5582  -0.4058
  6.1017  -3.8158  -0.2885  -0.7130
  6.0900  -3.5210  -0.0125  -1.0157
  6.0755  -3.2289   0.2545  -1.2864
  6.0581  -2.9408   0.5119  -1.5291
  6.0377  -2.6566   0.7597  -1.7471
  6.0144  -2.3762   0.9980  -1.9430
  5.9882  -2.0997   1.2272  -2.1188
  5.9589  -1.8267   1.4473  -2.2765
  5.9267  -1.5574   1.6585  -2.4173
  5.8914  -1.2915   1.8609  -2.5428
  5.8532  -1.0290   2.0547  -2.6541
  5.8121  -0.7698   2.2400  -2.7523
  5.7680  -0.5139   2.4169  -2.8385
  5.7210  -0.2612   2.5856  -2.9135
  5.6711  -0.0117   2.7461  -2.9782
  5.6184   0.2348   2.8985  -3.0334
  5.5629   0.4783   3.0430  -3.0799
  5.5046   0.7189   3.1795  -3.1182
  5.4438   0.9565   3.3083  -3.1490
  5.3803   1.1913   3.4293  -3.1728
  5.3142   1.4233   3.5426  -3.1903
  5.2457   1.6526   3.6483  -3.2019
  5.1748   1.8791   3.7465  -3.2080
  5.1015   2.1030   3.8372  -3.2091
  5.0261   2.3243   3.9203  -3.2056
  4.9484   2.5430   3.9961  -3.1977
  4.8687   2.7593   4.0645  -3.1860
  4.7869   2.9730   4.1255  -3.1705
  4.7033   3.1844   4.1793  -3.1517
  4.6178   3.3933   4.2257  -3.1298
  4.5305   3.6000   4.2649  -3.1050
  4.4416   3.8044   4.2968  -3.0775
  4.3511   4.0065   4.3215  -3.0475
  4.2592   4.2065   4.3390  -3.0152
  4.1657   4.4043   4.3493  -2.9808
  4.0710   4.6001   4.3525  -2.9442
  3.9750   4.7938   4.3484  -2.9058
  3.8778   4.9856   4.3373  -2.8656
  3.7795   5.1754   4.3189  -2.8236
  3.6802   5.3634   4.2935  -2.7800
  3.5800   5.5496   4.2608  -2.7347
  3.4788   5.7340   4.2211  -2.6879
  3.3768   5.9167   4.1742  -2.6395
  3.2740   6.0977   4.1202  -2.5895
  3.1706   6.2772   4.0591  -2.5380
  3.0665   6.4552   3.9909  -2.4849
  2.9618   6.6317   3.9156  -2.4301
  2.8565   6.8068   3.8331  -2.3736
  2.7508   6.9806   3.7435  -2.3153
  2.6446   7.1531   3.6469  -2.2550
  2.5379   7.3244   3.5431  -2.1928
  2.4309   7.4946   3.4322  -2.1283
  2.3236   7.6637   3.3142  -2.0615
  2.2160   7.8319   3.1892  -1.9922
  2.1080   7.9991   3.0571  -1.9200
  1.9998   8.1655   2.9179  -1.8448
  1.8914   8.3311   2.7717  -1.7662
  1.7827   8.4960   2.6184  -1.6840
  1.6738   8.6603   2.4581  -1.5976
  1.5647   8.8241   2.2909  -1.5068
  1.4554   8.9874   2.1166  -1.4110
  1.3458   9.1504   1.9354  -1.3096
  1.2361   9.3131   1.7473  -1.2020
  1.1262   9.4756   1.5524  -1.0875
  1.0160   9.6380   1.3506  -0.9651
  0.9057   9.8004   1.1420  -0.8339
  0.7950   9.9629   0.9267  -0.6927
  0.6841  10.1256   0.7047  -0.5401
  0.5729  10.2886   0.4761  -0.3746
  0.4614  10.4520   0.2409  -0.1947
  0.3495  10.6159  -0.0009   0.0003
  0.3495  10.6159  -0.0009   0.0003
  0.3897   7.3889  -0.6327   0.1649
  0.4099   4.0762  -1.3632   0.3665
  0.4010   1.1639  -2.0829   0.5864
  0.3609  -1.3067  -2.7731   0.8123
  0.2922  -3.3858  -3.4310   1.0379
  0.1979  -5.1293  -4.0567   1.2626
  0.0813  -6.5869  -4.6512   1.4878
 -0.0542  -7.8025  -5.2150   1.7149
 -0.2053  -8.8131  -5.7490   1.9453
 -0.3693  -9.6505  -6.2537   2.1807
 -0.5434 -10.3417  -6.7298   2.4221
 -0.7252 -10.9092  -7.1779   2.6705
 -0.9127 -11.3723  -7.5985   2.9263
 -1.1041 -11.7470  -7.9922   3.1901
 -1.2978 -12.0468  -8.3595   3.4622
 -1.4924 -12.2832  -8.7009   3.7424
 -1.6867 -12.4654  -9.0168   4.0310
 -1.8797 -12.6016  -9.3078   4.3276
 -2.0705 -12.6983  -9.5743   4.6322
 -2.2582 -12.7611  -9.8167   4.9443
 -2.4422 -12.7947 -10.0356   5.2637
 -2.6219 -12.8030 -10.2313   5.5899
 -2.7967 -12.7893 -10.4044   5.9225
 -2.9660 -12.7564 -10.5553   6.2609
 -3.1295 -12.7066 -10.6844   6.6048
 -3.2867 -12.6420 -10.7922   6.9535
 -3.4372 -12.5642 -10.8792   7.3065
 -3.5806 -12.4746 -10.9459   7.6632
 -3.7166 -12.3746 -10.9926   8.0229
 -3.8449 -12.2652 -11.0199   8.3851
 -3.9652 -12.1473 -11.0283   8.7492
 -4.0771 -12.0217 -11.0182   9.1144
 -4.1804 -11.8891 -10.9901   9.4800
 -4.2748 -11.7501 -10.9445   9.8454
 -4.3600 -11.6053 -10.8818  10.2097
 -4.4357 -11.4551 -10.8026  10.5723
 -4.5017 -11.3000 -10.7073  10.9321
 -4.5578 -11.1404 -10.5963  11.2884
 -4.6037 -10.9764 -10.4702  11.6401
 -4.6391 -10.8085 -10.3294  11.9863
 -4.6638 -10.6367 -10.1743  12.3258
 -4.6776 -10.4613 -10.0054  12.6572
 -4.6802 -10.2823  -9.8230  12.9794
 -4.6714 -10.0998  -9.6277  13.2906
 -4.6509  -9.9136  -9.4196  13.5893
 -4.6186  -9.7237  -9.1993  13.8734
 -4.5742  -9.5299  -8.9669  14.1408
 -4.5175  -9.3316  -8.7228  14.3888
 -4.4481  -9.1285  -8.4671  14.6147
 -4.3660  -8.9198  -8.2001  14.8150
 -4.2708  -8.7047  -7.9217  14.9859
 -4.1623  -8.4821  -7.6320  15.1228
 -4.0403  -8.2506  -7.3308  15.2203
 -3.9046  -8.0085  -7.0180  15.2724
 -3.7547  -7.7538  -6.6931  15.2715
 -3.5905  -7.4839  -6.3556  15.2091
 -3.4117  -7.1959  -6.0047  15.0749
 -3.2180  -6.8862  -5.6394  14.8567
 -3.0090  -6.5504  -5.2585  14.5402
 -2.7845  -6.1834  -4.8603  14.1081
 -2.5440  -5.7791  -4.4428  13.5402
 -2.2872  -5.3303  -4.0036  12.8123
 -2.0138  -4.8285  -3.5397  11.8955
 -1.7232  -4.2637  -3.0477  10.7556
 -1.4150  -3.6239  -2.5233   9.3521
 -1.0889  -2.8954  -1.9618   7.6367
 -0.7444  -2.0618  -1.3579   5.5526
 -0.3811  -1.1041  -0.7055   3.0331
 -0.3185  -1.0771  10.3409  -8.4800
 -0.3452  -0.7699  10.2946  -8.3341
 -0.3705  -0.4634  10.2531  -8.1863
 -0.3946  -0.1792  10.2127  -8.0392
 -0.4177   0.0843  10.1725  -7.8928
 -0.4397   0.3281  10.1324  -7.7468
 -0.4609   0.5535  10.0923  -7.6013
 -0.4811   0.7618  10.0522  -7.4562
 -0.5005   0.9542  10.0120  -7.3114
 -0.5191   1.1317   9.9715  -7.1668
 -0.5368   1.2954   9.9309  -7.0224
 -0.5537   1.4463   9.8899  -6.8781
 -0.5698   1.5851   9.8485  -6.7339
 -0.5850   1.7128   9.8066  -6.5897
 -0.5995   1.8301   9.7642  -6.4455
 -0.6133   1.9377   9.7211  -6.3012
 -0.6262   2.0363   9.6774  -6.1568
 -0.6383   2.1265   9.6329  -6.0122
 -0.6497   2.2088   9.5875  -5.8674
 -0.6603   2.2839   9.5413  -5.7223
 -0.6701   2.3520   9.4939  -5.5769
 -0.6791   2.4138   9.4455  -5.4312
 -0.6874   2.4697   9.3960  -5.2851
 -0.6949   2.5199   9.3451  -5.1386
 -0.7016   2.5649   9.2929  -4.9917
 -0.7075   2.6050   9.2393  -4.8442
 -0.7127   2.6405   9.1842  -4.6963
 -0.7171   2.6717   9.1275  -4.5478
 -0.7207   2.6988   9.0691  -4.3987
 -0.7235   2.7220   9.0089  -4.2490
 -0.7256   2.7415   8.9468  -4.0987
 -0.7269   2.7577   8.8829  -3.9478
 -0.7275   2.7705   8.8169  -3.7961
 -0.7273   2.7802   8.7488  -3.6438
 -0.7263   2.7869   8.6785  -3.4908
 -0.7246   2.7908   8.6059  -3.3370
 -0.7222   2.7919   8.5309  -3.1824
 -0.7190   2.7903   8.4535  -3.0272
 -0.7151   2.7862   8.3736  -2.8711
 -0.7105   2.7796   8.2911  -2.7142
 -0.7051   2.7705   8.2059  -2.5565
 -0.6990   2.7591   8.1180  -2.3980
 -0.6923   2.7453   8.0272  -2.2387
 -0.6848   2.7292   7.9335  -2.0786
 -0.6766   2.7107   7.8369  -1.9176
 -0.6678   2.6900   7.7372  -1.7557
 -0.6583   2.6670   7.6344  -1.5931
 -0.6481   2.6417   7.5284  -1.4295
 -0.6372   2.6140   7.4193  -1.2651
 -0.6257   2.5840   7.3068  -1.0999
 -0.6135   2.5516   7.1910  -0.9338
 -0.6007   2.5168   7.0719  -0.7668
 -0.5873   2.4794   6.9493  -0.5990
 -0.5732   2.4395   6.8232  -0.4304
 -0.5585   2.3969   6.6937  -0.2609
 -0.5432   2.3516   6.5606  -0.0905
 -0.5273   2.3035   6.4240   0.0807
 -0.5108   2.2525   6.2838   0.2527
 -0.4937   2.1984   6.1399   0.4256
 -0.4760   2.1411   5.9925   0.5993
 -0.4577   2.0806   5.8414   0.7738
 -0.4389   2.0165   5.6867   0.9491
 -0.4194   1.9488   5.5283   1.1253
 -0.3994   1.8773   5.3663   1.3022
 -0.3789   1.8018   5.2007   1.4800
 -0.3577   1.7221   5.0314   1.6586
 -0.3360   1.6380   4.8585   1.8380
 -0.3137   1.5492   4.6821   2.0182
 -0.2909   1.4554   4.5021   2.1992
 -0.2675   1.3565   4.3185   2.3810
 -0.2435   1.2520   4.1314   2.5636
 -0.2190   1.1417   3.9409   2.7470
 -0.1939   1.0252   3.7469   2.9312
 -0.1682   0.9021   3.5495   3.1163
 -0.1419   0.7721   3.3487   3.3021
 -0.1150   0.6346   3.1446   3.4888
 -0.0875   0.4893   2.9373   3.6764
 -0.0594   0.3354   2.7267   3.8648
 -0.0307   0.1726   2.5130   4.0542
 -0.0014   0.0000   2.2962   4.2444
 -0.0014   0.0000   2.2962   4.2444
 -0.0652   0.3206   1.9411   3.1255
 -0.1303   0.5682   1.5223   1.9503
 -0.1958   0.8240   1.0977   0.9006
 -0.2617   1.0853   0.6784  -0.0031
 -0.3265   1.3285   0.2666  -0.7765
 -0.3895   1.5462  -0.1370  -1.4379
 -0.4505   1.7374  -0.5321  -2.0035
 -0.5093   1.9036  -0.9183  -2.4870
 -0.5660   2.0472  -1.2952  -2.9001
 -0.6204   2.1708  -1.6625  -3.2528
 -0.6725   2.2769  -2.0198  -3.5533
 -0.7224   2.3679  -2.3667  -3.8089
 -0.7698   2.4458  -2.7030  -4.0254
 -0.8150   2.5124  -3.0284  -4.2081
 -0.8577   2.5694  -3.3425  -4.3612
 -0.8981   2.6182  -3.6452  -4.4885
 -0.9361   2.6599  -3.9363  -4.5933
 -0.9718   2.6956  -4.2154  -4.6780
 -1.0051   2.7263  -4.4825  -4.7452
 -1.0360   2.7526  -4.7374  -4.7968
 -1.0645   2.7752  -4.9799  -4.8345
 -1.0907   2.7947  -5.2098  -4.8599
 -1.1145   2.8116  -5.4270  -4.8741
 -1.1360   2.8261  -5.6315  -4.8785
 -1.1552   2.8387  -5.8229  -4.8739
 -1.1720   2.8497  -6.0013  -4.8613
 -1.1866   2.8592  -6.1666  -4.8414
 -1.1989   2.8675  -6.3185  -4.8149
 -1.2089   2.8747  -6.4571  -4.7826
 -1.2167   2.8808  -6.5822  -4.7448
 -1.2223   2.8861  -6.6937  -4.7022
 -1.2257   2.8905  -6.7915  -4.6552
 -1.2269   2.8941  -6.8756  -4.6042
 -1.2260   2.8968  -6.9458  -4.5497
 -1.2230   2.8988  -7.0021  -4.4919
 -1.2179   2.8998  -7.0444  -4.4313
 -1.2107   2.9000  -7.0725  -4.3681
 -1.2014   2.8992  -7.0865  -4.3026
 -1.1901   2.8973  -7.0861  -4.2351
 -1.1769   2.8942  -7.0715  -4.1658
 -1.1617   2.8898  -7.0423  -4.0948
 -1.1445   2.8838  -6.9987  -4.0225
 -1.1255   2.8761  -6.9405  -3.9488
 -1.1045   2.8664  -6.8675  -3.8740
 -1.0817   2.8545  -6.7798  -3.7981
 -1.0570   2.8401  -6.6772  -3.7212
 -1.0306   2.8227  -6.5597  -3.6432
 -1.0023   2.8020  -6.4271  -3.5641
 -0.9723   2.7775  -6.2795  -3.4837
 -0.9405   2.7486  -6.1166  -3.4019
 -0.9070   2.7147  -5.9383  -3.3184
 -0.8718   2.6751  -5.7447  -3.2327
 -0.8348   2.6290  -5.5356  -3.1444
 -0.7961   2.5755  -5.3108  -3.0529
 -0.7557   2.5135  -5.0704  -2.9572
 -0.7135   2.4421  -4.8141  -2.8565
 -0.6696   2.3598  -4.5420  -2.7495
 -0.6239   2.2654  -4.2537  -2.6348
 -0.5764   2.1572  -3.9494  -2.5105
 -0.5271   2.0338  -3.6288  -2.3746
 -0.4760   1.8934  -3.2919  -2.2244
 -0.4230   1.7342  -2.9386  -2.0570
 -0.3682   1.5545  -2.5687  -1.8687
 -0.3114   1.3527  -2.1822  -1.6552
 -0.2528   1.1275  -1.7791  -1.4116
 -0.1923   0.8782  -1.3593  -1.1319
 -0.1302   0.6051  -0.9227  -0.8092
 -0.0666   0.3105  -0.4693  -0.4351
  6.0932  -4.1182  -0.5574  -0.4219
  6.0861  -3.8390  -0.2876  -0.7344
  6.0745  -3.5449  -0.0117  -1.0425
  6.0600  -3.2534   0.2554  -1.3183
  6.0427  -2.9659   0.5127  -1.5658
  6.0225  -2.6823   0.7605  -1.7884
  5.9994  -2.4026   0.9989  -1.9885
  5.9734  -2.1266   1.2280  -2.1682
  5.9444  -1.8542   1.4481  -2.3292
  5.9125  -1.5854   1.6593  -2.4730
  5.8777  -1.3200   1.8617  -2.6009
  5.8399  -1.0580   2.0555  -2.7141
  5.7992  -0.7994   2.2408  -2.8137
  5.7556  -0.5439   2.4178  -2.9008
  5.7091  -0.2917   2.5864  -2.9762
  5.6598  -0.0425   2.7469  -3.0408
  5.6077   0.2036   2.8994  -3.0954
  5.5528   0.4467   3.0438  -3.1407
  5.4953   0.6869   3.1804  -3.1775
  5.4350   0.9242   3.3091  -3.2063
  5.3722   1.1587   3.4301  -3.2278
  5.3069   1.3905   3.5435  -3.2426
  5.2391   1.6195   3.6492  -3.2510
  5.1689   1.8458   3.7473  -3.2538
  5.0965   2.0695   3.8379  -3.2511
  5.0217   2.2906   3.9211  -3.2436
  4.9449   2.5092   3.9969  -3.2316
  4.8659   2.7254   4.0652  -3.2155
  4.7850   2.9390   4.1262  -3.1955
  4.7021   3.1503   4.1799  -3.1720
  4.6174   3.3593   4.2263  -3.1453
  4.5309   3.5659   4.2655  -3.1157
  4.4428   3.7703   4.2973  -3.0833
  4.3531   3.9725   4.3220  -3.0485
  4.2619   4.1726   4.3395  -3.0113
  4.1692   4.3705   4.3497  -2.9721
  4.0752   4.5664   4.3528  -2.9308
  3.9799   4.7604   4.3488  -2.8878
  3.8835   4.9523   4.3375  -2.8431
  3.7859   5.1424   4.3191  -2.7968
  3.6873   5.3306   4.2936  -2.7491
  3.5877   5.5171   4.2610  -2.6999
  3.4872   5.7018   4.2212  -2.6494
  3.3858   5.8848   4.1742  -2.5976
  3.2837   6.0663   4.1202  -2.5445
  3.1808   6.2461   4.0590  -2.4901
  3.0773   6.4245   3.9907  -2.4344
  2.9731   6.6015   3.9153  -2.3774
  2.8684   6.7771   3.8328  -2.3190
  2.7632   6.9513   3.7432  -2.2591
  2.6574   7.1244   3.6465  -2.1977
  2.5513   7.2962   3.5427  -2.1347
  2.4447   7.4670   3.4317  -2.0698
  2.3378   7.6367   3.3137  -2.0029
  2.2305   7.8055   3.1887  -1.9339
  2.1229   7.9734   3.0565  -1.8625
  2.0150   8.1405   2.9173  -1.7884
  1.9069   8.3068   2.7711  -1.7113
  1.7985   8.4724   2.6178  -1.6310
  1.6898   8.6375   2.4575  -1.5469
  1.5810   8.8021   2.2903  -1.4587
  1.4719   8.9663   2.1160  -1.3659
  1.3625   9.1301   1.9349  -1.2679
  1.2529   9.2937   1.7468  -1.1639
  1.1431   9.4571   1.5519  -1.0534
  1.0331   9.6205   1.3501  -0.9353
  0.9228   9.7839   1.1416  -0.8087
  0.8122   9.9475   0.9263  -0.6722
  0.7013  10.1112   0.7044  -0.5245
  0.5900  10.2753   0.4759  -0.3641
  0.4785  10.4399   0.2408  -0.1894
  0.3665  10.6050  -0.0010   0.0003
  0.3665  10.6050  -0.0010   0.0003
  0.4114   7.3733  -0.6320   0.1703
  0.4367   4.0562  -1.3617   0.3776
  0.4325   1.1402  -2.0805   0.6023
  0.3968  -1.3332  -2.7698   0.8320
  0.3321  -3.4145  -3.4269   1.0607
  0.2414  -5.1596  -4.0518   1.2881
  0.1282  -6.6184  -4.6455   1.5154
 -0.0041  -7.8350  -5.2085   1.7442
 -0.1524  -8.8464  -5.7417   1.9762
 -0.3137  -9.6845  -6.2456   2.2128
 -0.4852 -10.3762  -6.7210   2.4553
 -0.6646 -10.9444  -7.1683   2.7045
 -0.8499 -11.4082  -7.5883   2.9611
 -1.0392 -11.7837  -7.9813   3.2256
 -1.2309 -12.0844  -8.3479   3.4981
 -1.4236 -12.3217  -8.6887   3.7788
 -1.6162 -12.5050  -9.0040   4.0678
 -1.8076 -12.6423  -9.2944   4.3647
 -1.9968 -12.7402  -9.5603   4.6695
 -2.1832 -12.8043  -9.8022   4.9819
 -2.3659 -12.8394 -10.0205   5.3015
 -2.5445 -12.8492 -10.2158   5.6278
 -2.7182 -12.8371 -10.3884   5.9606
 -2.8866 -12.8060 -10.5389   6.2991
 -3.0493 -12.7580 -10.6676   6.6431
 -3.2058 -12.6953 -10.7751   6.9919
 -3.3557 -12.6194 -10.8617   7.3449
 -3.4987 -12.5319 -10.9281   7.7016
 -3.6344 -12.4340 -10.9746   8.0613
 -3.7624 -12.3267 -11.0017   8.4236
 -3.8826 -12.2109 -11.0099   8.7876
 -3.9946 -12.0875 -10.9997   9.1527
 -4.0980 -11.9572 -10.9715   9.5183
 -4.1927 -11.8205 -10.9258   9.8836
 -4.2783 -11.6779 -10.8631  10.2479
 -4.3546 -11.5301 -10.7839  10.6103
 -4.4213 -11.3772 -10.6887  10.9701
 -4.4782 -11.2198 -10.5778  11.3262
 -4.5249 -11.0581 -10.4519  11.6779
 -4.5614 -10.8924 -10.3113  12.0239
 -4.5873 -10.7228 -10.1564  12.3632
 -4.6024 -10.5496  -9.9878  12.6945
 -4.6064 -10.3726  -9.8058  13.0164
 -4.5991 -10.1921  -9.6108  13.3275
 -4.5803 -10.0079  -9.4033  13.6259
 -4.5498  -9.8198  -9.1834  13.9098
 -4.5073  -9.6277  -8.9516  14.1769
 -4.4525  -9.4310  -8.7080  14.4248
 -4.3854  -9.2292  -8.4530  14.6504
 -4.3055  -9.0217  -8.1866  14.8504
 -4.2126  -8.8076  -7.9089  15.0210
 -4.1066  -8.5857  -7.6200  15.1575
 -3.9872  -8.3546  -7.3196  15.2547
 -3.8541  -8.1126  -7.0076  15.3064
 -3.7070  -7.8576  -6.6836  15.3051
 -3.5457  -7.5870  -6.3469  15.2422
 -3.3699  -7.2978  -5.9970  15.1074
 -3.1792  -6.9862  -5.6326  14.8885
 -2.9734  -6.6480  -5.2526  14.5712
 -2.7521  -6.2777  -4.8553  14.1382
 -2.5150  -5.8693  -4.4387  13.5691
 -2.2616  -5.4153  -4.0004  12.8397
 -1.9916  -4.9070  -3.5374  11.9211
 -1.7045  -4.3342  -3.0460  10.7790
 -1.4000  -3.6849  -2.5223   9.3727
 -1.0775  -2.9449  -1.9614   7.6538
 -0.7367  -2.0976  -1.3578   5.5653
 -0.3773  -1.1236  -0.7056   3.0402
 -0.3151  -1.0967  10.3478  -8.5029
 -0.3420  -0.7878  10.3009  -8.3564
 -0.3675  -0.4796  10.2588  -8.2079
 -0.3918  -0.1938  10.2179  -8.0604
 -0.4150   0.0711  10.1772  -7.9134
 -0.4373   0.3163  10.1367  -7.7669
 -0.4586   0.5430  10.0961  -7.6209
 -0.4790   0.7525  10.0555  -7.4753
 -0.4985   0.9459  10.0148  -7.3300
 -0.5172   1.1244   9.9739  -7.1850
 -0.5350   1.2890   9.9328  -7.0401
 -0.5521   1.4407   9.8914  -6.8954
 -0.5683   1.5804   9.8495  -6.7508
 -0.5837   1.7088   9.8072  -6.6062
 -0.5983   1.8268   9.7644  -6.4616
 -0.6121   1.9350   9.7209  -6.3170
 -0.6252   2.0342   9.6768  -6.1722
 -0.6374   2.1249   9.6319  -6.0273
 -0.6489   2.2077   9.5861  -5.8821
 -0.6596   2.2831   9.5394  -5.7367
 -0.6695   2.3517   9.4917  -5.5910
 -0.6786   2.4139   9.4430  -5.4450
 -0.6869   2.4701   9.3930  -5.2986
 -0.6945   2.5206   9.3418  -5.1518
 -0.7013   2.5659   9.2893  -5.0046
 -0.7073   2.6063   9.2353  -4.8569
 -0.7125   2.6420   9.1798  -4.7087
 -0.7170   2.6734   9.1227  -4.5599
 -0.7206   2.7006   9.0640  -4.4106
 -0.7235   2.7240   9.0035  -4.2607
 -0.7257   2.7437   8.9411  -4.1101
 -0.7271   2.7600   8.8768  -3.9589
 -0.7277   2.7729   8.8105  -3.8071
 -0.7275   2.7827   8.7421  -3.6546
 -0.7266   2.7895   8.6715  -3.5013
 -0.7250   2.7934   8.5986  -3.3473
 -0.7226   2.7946   8.5234  -3.1926
 -0.7194   2.7931   8.4457  -3.0371
 -0.7155   2.7890   8.3655  -2.8809
 -0.7109   2.7824   8.2828  -2.7238
 -0.7056   2.7734   8.1973  -2.5660
 -0.6996   2.7620   8.1091  -2.4073
 -0.6928   2.7482   8.0181  -2.2478
 -0.6854   2.7320   7.9242  -2.0875
 -0.6772   2.7136   7.8273  -1.9264
 -0.6684   2.6928   7.7274  -1.7644
 -0.6589   2.6698   7.6244  -1.6016
 -0.6487   2.6444   7.5183  -1.4379
 -0.6379   2.6167   7.4089  -1.2734
 -0.6263   2.5867   7.2963  -1.1080
 -0.6142   2.5542   7.1803  -0.9418
 -0.6014   2.5193   7.0610  -0.7747
 -0.5879   2.4819   6.9382  -0.6068
 -0.5739   2.4419   6.8120  -0.4380
 -0.5592   2.3993   6.6823  -0.2684
 -0.5439   2.3539   6.5491  -0.0979
 -0.5280   2.3057   6.4124   0.0734
 -0.5114   2.2546   6.2720   0.2456
 -0.4943   2.2004   6.1281   0.4186
 -0.4766   2.1431   5.9805   0.5924
 -0.4583   2.0824   5.8293   0.7670
 -0.4395   2.0183   5.6745   0.9424
 -0.4200   1.9505   5.5161   1.1187
 -0.4000   1.8789   5.3540   1.2958
 -0.3794   1.8033   5.1883   1.4737
 -0.3582   1.7235   5.0189   1.6524
 -0.3365   1.6393   4.8460   1.8319
 -0.3142   1.5503   4.6695   2.0122
 -0.2913   1.4565   4.4894   2.1933
 -0.2679   1.3574   4.3058   2.3752
 -0.2439   1.2529   4.1186   2.5580
 -0.2193   1.1424   3.9280   2.7415
 -0.1941   1.0258   3.7340   2.9259
 -0.1684   0.9027   3.5366   3.1111
 -0.1421   0.7725   3.3358   3.2971
 -0.1152   0.6350   3.1317   3.4839
 -0.0876   0.4895   2.9243   3.6716
 -0.0595   0.3356   2.7138   3.8602
 -0.0308   0.1727   2.5000   4.0497
 -0.0014   0.0000   2.2832   4.2400
 -0.0014   0.0000   2.2832   4.2400
 -0.0655   0.3228   1.9289   3.1190
 -0.1308   0.5728   1.5110   1.9415
 -0.1967   0.8306   1.0873   0.8898
 -0.2629   1.0936   0.6688  -0.0155
 -0.3279   1.3383   0.2578  -0.7904
 -0.3912   1.5572  -0.1452  -1.4529
 -0.4524   1.7493  -0.5396  -2.0195
 -0.5116   1.9164  -0.9253  -2.5038
 -0.5685   2.0606  -1.3017  -2.9177
 -0.6231   2.1848  -1.6684  -3.2709
 -0.6755   2.2914  -2.0253  -3.5719
 -0.7255   2.3828  -2.3718  -3.8279
 -0.7731   2.4610  -2.7077  -4.0447
 -0.8185   2.5279  -3.0326  -4.2277
 -0.8614   2.5851  -3.3464  -4.3811
 -0.9020   2.6341  -3.6488  -4.5087
 -0.9402   2.6760  -3.9395  -4.6136
 -0.9760   2.7119  -4.2184  -4.6986
 -1.0094   2.7427  -4.4852  -4.7659
 -1.0404   2.7691  -4.7398  -4.8177
 -1.0691   2.7918  -4.9820  -4.8556
 -1.0954   2.8113  -5.2117  -4.8810
 -1.1193   2.8282  -5.4287  -4.8955
 -1.1409   2.8428  -5.6329  -4.8999
 -1.1602   2.8555  -5.8242  -4.8955
 -1.1771   2.8664  -6.0024  -4.8830
 -1.1918   2.8760  -6.1675  -4.8633
 -1.2041   2.8843  -6.3193  -4.8370
 -1.2143   2.8914  -6.4577  -4.8047
 -1.2221   2.8976  -6.5827  -4.7671
 -1.2278   2.9028  -6.6941  -4.7246
 -1.2312   2.9072  -6.7918  -4.6778
 -1.2325   2.9108  -6.8758  -4.6269
 -1.2316   2.9136  -6.9459  -4.5726
 -1.2286   2.9155  -7.0021  -4.5150
 -1.2234   2.9166  -7.0443  -4.4545
 -1.2163   2.9167  -7.0723  -4.3914
 -1.2070   2.9159  -7.0862  -4.3261
 -1.1957   2.9140  -7.0858  -4.2587
 -1.1825   2.9109  -7.0711  -4.1895
 -1.1672   2.9064  -7.0419  -4.1187
 -1.1500   2.9004  -6.9983  -4.0464
 -1.1309   2.8927  -6.9400  -3.9729
 -1.1099   2.8830  -6.8670  -3.8982
 -1.0871   2.8710  -6.7793  -3.8224
 -1.0623   2.8565  -6.6767  -3.7455
 -1.0358   2.8391  -6.5591  -3.6676
 -1.0075   2.8183  -6.4266  -3.5885
 -0.9774   2.7937  -6.2789  -3.5082
 -0.9455   2.7647  -6.1160  -3.4263
 -0.9118   2.7307  -5.9378  -3.3427
 -0.8765   2.6910  -5.7441  -3.2570
 -0.8393   2.6447  -5.5350  -3.1685
 -0.8005   2.5910  -5.3103  -3.0767
 -0.7599   2.5289  -5.0699  -2.9808
 -0.7176   2.4571  -4.8136  -2.8797
 -0.6734   2.3746  -4.5414  -2.7723
 -0.6276   2.2797  -4.2533  -2.6570
 -0.5799   2.1711  -3.9489  -2.5320
 -0.5304   2.0472  -3.6284  -2.3952
 -0.4790   1.9061  -3.2915  -2.2440
 -0.4257   1.7461  -2.9382  -2.0753
 -0.3706   1.5655  -2.5684  -1.8855
 -0.3135   1.3626  -2.1819  -1.6703
 -0.2545   1.1361  -1.7788  -1.4246
 -0.1937   0.8851  -1.3590  -1.1424
 -0.1311   0.6102  -0.9225  -0.8167
 -0.0671   0.3133  -0.4692  -0.4392
  6.0968  -4.1383  -0.5572  -0.4260
  6.0896  -3.8587  -0.2874  -0.7362
  6.0779  -3.5641  -0.0115  -1.0417
  6.0633  -3.2722   0.2555  -1.3152
  6.0459  -2.9842   0.5129  -1.5604
  6.0257  -2.7002   0.7606  -1.7807
  6.0025  -2.4200   0.9990  -1.9787
  5.9765  -2.1436   1.2281  -2.1564
  5.9475  -1.8708   1.4482  -2.3156
  5.9155  -1.6016   1.6594  -2.4578
  5.8806  -1.3359   1.8618  -2.5843
  5.8428  -1.0735   2.0556  -2.6962
  5.8021  -0.8145   2.2409  -2.7949
  5.7585  -0.5587   2.4179  -2.8811
  5.7120  -0.3061   2.5865  -2.9559
  5.6626  -0.0565   2.7470  -3.0201
  5.6105   0.1899   2.8994  -3.0745
  5.5556   0.4334   3.0439  -3.1198
  5.4980   0.6739   3.1805  -3.1568
  5.4378   0.9116   3.3092  -3.1860
  5.3750   1.1464   3.4302  -3.2080
  5.3096   1.3784   3.5436  -3.2235
  5.2418   1.6077   3.6493  -3.2328
  5.1717   1.8344   3.7474  -3.2365
  5.0992   2.0584   3.8380  -3.2350
  5.0244   2.2798   3.9212  -3.2288
  4.9475   2.4987   3.9970  -3.2181
  4.8686   2.7151   4.0653  -3.2034
  4.7876   2.9291   4.1263  -3.1849
  4.7047   3.1406   4.1800  -3.1630
  4.6200   3.3498   4.2264  -3.1380
  4.5335   3.5568   4.2656  -3.1100
  4.4454   3.7614   4.2975  -3.0793
  4.3556   3.9639   4.3221  -3.0462
  4.2644   4.1642   4.3396  -3.0107
  4.1717   4.3625   4.3499  -2.9732
  4.0777   4.5586   4.3530  -2.9336
  3.9824   4.7528   4.3489  -2.8923
  3.8859   4.9450   4.3377  -2.8492
  3.7883   5.1353   4.3193  -2.8044
  3.6896   5.3238   4.2938  -2.7582
  3.5900   5.5105   4.2611  -2.7104
  3.4895   5.6954   4.2213  -2.6612
  3.3881   5.8787   4.1744  -2.6106
  3.2859   6.0604   4.1203  -2.5587
  3.1829   6.2405   4.0592  -2.5053
  3.0794   6.4191   3.9909  -2.4506
  2.9751   6.5963   3.9155  -2.3944
  2.8704   6.7721   3.8330  -2.3366
  2.7651   6.9467   3.7433  -2.2774
  2.6593   7.1199   3.6466  -2.2164
  2.5530   7.2920   3.5428  -2.1536
  2.4464   7.4630   3.4319  -2.0889
  2.3394   7.6330   3.3139  -2.0221
  2.2321   7.8020   3.1888  -1.9529
  2.1244   7.9701   3.0566  -1.8812
  2.0165   8.1374   2.9174  -1.8067
  1.9082   8.3039   2.7712  -1.7291
  1.7997   8.4698   2.6179  -1.6481
  1.6910   8.6351   2.4576  -1.5633
  1.5820   8.7999   2.2903  -1.4742
  1.4728   8.9643   2.1161  -1.3803
  1.3634   9.1284   1.9349  -1.2811
  1.2537   9.2922   1.7468  -1.1760
  1.1438   9.4559   1.5519  -1.0641
  1.0337   9.6195   1.3501  -0.9446
  0.9233   9.7831   1.1416  -0.8165
  0.8126   9.9469   0.9263  -0.6785
  0.7016  10.1109   0.7044  -0.5293
  0.5902  10.2752   0.4759  -0.3672
  0.4786  10.4400   0.2408  -0.1910
  0.3665  10.6053  -0.0010   0.0003
  0.3665  10.6053  -0.0010   0.0003
  0.4117   7.3727  -0.6322   0.1699
  0.4373   4.0545  -1.3621   0.3769
  0.4334   1.1377  -2.0811   0.6012
  0.3979  -1.3364  -2.7706   0.8307
  0.3333  -3.4182  -3.4279   1.0593
  0.2428  -5.1638  -4.0530   1.2865
  0.1297  -6.6230  -4.6468   1.5137
 -0.0025  -7.8399  -5.2100   1.7425
 -0.1507  -8.8516  -5.7433   1.9745
 -0.3118  -9.6899  -6.2474   2.2111
 -0.4833 -10.3819  -6.7229   2.4536
 -0.6627 -10.9502  -7.1703   2.7029
 -0.8479 -11.4141  -7.5904   2.9596
 -1.0372 -11.7897  -7.9835   3.2241
 -1.2288 -12.0904  -8.3502   3.4967
 -1.4216 -12.3278  -8.6910   3.7776
 -1.6141 -12.5111  -9.0064   4.0666
 -1.8055 -12.6484  -9.2969   4.3637
 -1.9948 -12.7464  -9.5628   4.6686
 -2.1811 -12.8106  -9.8048   4.9811
 -2.3639 -12.8456 -10.0232   5.3008
 -2.5424 -12.8555 -10.2185   5.6273
 -2.7162 -12.8434 -10.3911   5.9602
 -2.8846 -12.8122 -10.5416   6.2990
 -3.0473 -12.7643 -10.6703   6.6431
 -3.2038 -12.7015 -10.7778   6.9920
 -3.3538 -12.6257 -10.8645   7.3452
 -3.4968 -12.5382 -10.9308   7.7020
 -3.6326 -12.4402 -10.9773   8.0620
 -3.7607 -12.3329 -11.0044   8.4244
 -3.8809 -12.2171 -11.0126   8.7885
 -3.9929 -12.0937 -11.0023   9.1539
 -4.0964 -11.9633 -10.9741   9.5196
 -4.1911 -11.8266 -10.9284   9.8851
 -4.2768 -11.6840 -10.8657  10.2496
 -4.3531 -11.5361 -10.7864  10.6122
 -4.4199 -11.3833 -10.6911  10.9721
 -4.4768 -11.2258 -10.5802  11.3284
 -4.5237 -11.0641 -10.4542  11.6802
 -4.5602 -10.8983 -10.3136  12.0264
 -4.5862 -10.7287 -10.1587  12.3659
 -4.6013 -10.5554  -9.9900  12.6973
 -4.6054 -10.3785  -9.8079  13.0194
 -4.5982 -10.1979  -9.6129  13.3307
 -4.5795 -10.0136  -9.4052  13.6293
 -4.5490  -9.8255  -9.1853  13.9133
 -4.5065  -9.6332  -8.9534  14.1805
 -4.4518  -9.4365  -8.7098  14.4285
 -4.3847  -9.2347  -8.4547  14.6542
 -4.3049  -9.0271  -8.1883  14.8543
 -4.2121  -8.8129  -7.9105  15.0250
 -4.1062  -8.5909  -7.6215  15.1617
 -3.9868  -8.3597  -7.3211  15.2590
 -3.8537  -8.1176  -7.0090  15.3107
 -3.7067  -7.8625  -6.6849  15.3094
 -3.5455  -7.5918  -6.3482  15.2465
 -3.3697  -7.3024  -5.9982  15.1117
 -3.1791  -6.9907  -5.6337  14.8929
 -2.9733  -6.6522  -5.2537  14.5755
 -2.7520  -6.2817  -4.8563  14.1424
 -2.5149  -5.8730  -4.4397  13.5732
 -2.2615  -5.4187  -4.0013  12.8436
 -1.9915  -4.9102  -3.5381  11.9248
 -1.7045  -4.3370  -3.0467  10.7824
 -1.4000  -3.6873  -2.5229   9.3757
 -1.0775  -2.9468  -1.9619   7.6562
 -0.7367  -2.0989  -1.3581   5.5671
 -0.3773  -1.1243  -0.7057   3.0412
 -0.3151  -1.0974  10.3487  -8.5073
 -0.3420  -0.7884  10.3018  -8.3607
 -0.3676  -0.4802  10.2598  -8.2122
 -0.3918  -0.1943  10.2188  -8.0646
 -0.4151   0.0707  10.1781  -7.9176
 -0.4373   0.3159  10.1376  -7.7711
 -0.4586   0.5426  10.0970  -7.6250
 -0.4791   0.7521  10.0564  -7.4793
 -0.4986   0.9456  10.0157  -7.3340
 -0.5173   1.1242   9.9748  -7.1889
 -0.5351   1.2888   9.9337  -7.0440
 -0.5522   1.4405   9.8922  -6.8993
 -0.5684   1.5802   9.8504  -6.7546
 -0.5838   1.7086   9.8081  -6.6100
 -0.5984   1.8266   9.7653  -6.4654
 -0.6123   1.9349   9.7218  -6.3207
 -0.6253   2.0341   9.6777  -6.1759
 -0.6376   2.1248   9.6328  -6.0309
 -0.6490   2.2076   9.5870  -5.8857
 -0.6597   2.2831   9.5404  -5.7403
 -0.6697   2.3517   9.4927  -5.5945
 -0.6788   2.4139   9.4439  -5.4485
 -0.6871   2.4701   9.3940  -5.3021
 -0.6947   2.5206   9.3428  -5.1552
 -0.7015   2.5659   9.2902  -5.0080
 -0.7075   2.6063   9.2363  -4.8602
 -0.7127   2.6420   9.1808  -4.7120
 -0.7172   2.6734   9.1238  -4.5632
 -0.7209   2.7007   9.0651  -4.4138
 -0.7238   2.7240   9.0046  -4.2639
 -0.7259   2.7438   8.9422  -4.1133
 -0.7273   2.7600   8.8780  -3.9621
 -0.7279   2.7730   8.8117  -3.8102
 -0.7277   2.7828   8.7433  -3.6577
 -0.7268   2.7896   8.6727  -3.5044
 -0.7252   2.7935   8.5999  -3.3504
 -0.7228   2.7947   8.5247  -3.1956
 -0.7196   2.7932   8.4470  -3.0401
 -0.7158   2.7891   8.3669  -2.8838
 -0.7112   2.7825   8.2841  -2.7267
 -0.7058   2.7734   8.1987  -2.5689
 -0.6998   2.7620   8.1105  -2.4102
 -0.6931   2.7482   8.0195  -2.2507
 -0.6856   2.7321   7.9256  -2.0903
 -0.6775   2.7136   7.8288  -1.9291
 -0.6686   2.6929   7.7289  -1.7671
 -0.6591   2.6698   7.6259  -1.6043
 -0.6489   2.6445   7.5198  -1.4406
 -0.6381   2.6168   7.4105  -1.2760
 -0.6266   2.5867   7.2978  -1.1106
 -0.6144   2.5542   7.1819  -0.9443
 -0.6016   2.5193   7.0626  -0.7772
 -0.5881   2.4819   6.9399  -0.6093
 -0.5741   2.4419   6.8137  -0.4404
 -0.5594   2.3993   6.6840  -0.2708
 -0.5441   2.3539   6.5508  -0.1003
 -0.5281   2.3057   6.4141   0.0711
 -0.5116   2.2546   6.2738   0.2433
 -0.4945   2.2004   6.1298   0.4163
 -0.4768   2.1431   5.9823   0.5901
 -0.4585   2.0824   5.8311   0.7648
 -0.4396   2.0182   5.6763   0.9403
 -0.4202   1.9505   5.5179   1.1166
 -0.4001   1.8789   5.3558   1.2937
 -0.3795   1.8033   5.1901   1.4716
 -0.3583   1.7235   5.0207   1.6504
 -0.3366   1.6392   4.8478   1.8299
 -0.3143   1.5503   4.6713   2.0103
 -0.2914   1.4564   4.4912   2.1914
 -0.2680   1.3574   4.3076   2.3734
 -0.2440   1.2528   4.1204   2.5561
 -0.2194   1.1424   3.9298   2.7397
 -0.1942   1.0258   3.7358   2.9241
 -0.1685   0.9026   3.5383   3.1093
 -0.1421   0.7725   3.3375   3.2954
 -0.1152   0.6349   3.1334   3.4823
 -0.0877   0.4895   2.9260   3.6700
 -0.0595   0.3356   2.7154   3.8587
 -0.0308   0.1727   2.5016   4.0482
 -0.0014   0.0000   2.2848   4.2386
 -0.0014   0.0000   2.2848   4.2386
 -0.0654   0.3224   1.9304   3.1181
 -0.1306   0.5719   1.5125   1.9413
 -0.1963   0.8293   1.0887   0.8902
 -0.2624   1.0920   0.6702  -0.0147
 -0.3273   1.3364   0.2591  -0.7891
 -0.3904   1.5551  -0.1439  -1.4514
 -0.4516   1.7471  -0.5384  -2.0177
 -0.5106   1.9140  -0.9240  -2.5019
 -0.5673   2.0582  -1.3004  -2.9155
 -0.6219   2.1822  -1.6672  -3.2686
 -0.6741   2.2887  -2.0241  -3.5695
 -0.7240   2.3800  -2.3706  -3.8254
 -0.7716   2.4582  -2.7065  -4.0422
 -0.8169   2.5251  -3.0315  -4.2252
 -0.8597   2.5822  -3.3453  -4.3785
 -0.9002   2.6312  -3.6477  -4.5061
 -0.9383   2.6730  -3.9384  -4.6110
 -0.9740   2.7089  -4.2173  -4.6960
 -1.0074   2.7396  -4.4841  -4.7633
 -1.0383   2.7660  -4.7387  -4.8151
 -1.0669   2.7887  -4.9810  -4.8529
 -1.0932   2.8082  -5.2107  -4.8784
 -1.1171   2.8251  -5.4277  -4.8929
 -1.1386   2.8396  -5.6319  -4.8974
 -1.1578   2.8523  -5.8232  -4.8929
 -1.1747   2.8632  -6.0015  -4.8804
 -1.1893   2.8728  -6.1665  -4.8607
 -1.2017   2.8810  -6.3184  -4.8344
 -1.2117   2.8882  -6.4568  -4.8022
 -1.2196   2.8943  -6.5818  -4.7646
 -1.2252   2.8996  -6.6932  -4.7221
 -1.2286   2.9039  -6.7909  -4.6752
 -1.2299   2.9075  -6.8749  -4.6244
 -1.2290   2.9102  -6.9451  -4.5700
 -1.2259   2.9122  -7.0013  -4.5125
 -1.2208   2.9132  -7.0435  -4.4520
 -1.2136   2.9133  -7.0716  -4.3889
 -1.2044   2.9125  -7.0855  -4.3236
 -1.1931   2.9106  -7.0851  -4.2562
 -1.1798   2.9074  -7.0704  -4.1870
 -1.1646   2.9030  -7.0413  -4.1162
 -1.1474   2.8969  -6.9976  -4.0439
 -1.1283   2.8892  -6.9394  -3.9704
 -1.1074   2.8795  -6.8665  -3.8957
 -1.0845   2.8675  -6.7787  -3.8199
 -1.0599   2.8530  -6.6762  -3.7431
 -1.0334   2.8356  -6.5587  -3.6651
 -1.0051   2.8148  -6.4261  -3.5861
 -0.9750   2.7902  -6.2785  -3.5057
 -0.9432   2.7612  -6.1156  -3.4239
 -0.9096   2.7272  -5.9374  -3.3403
 -0.8743   2.6875  -5.7438  -3.2546
 -0.8372   2.6412  -5.5347  -3.1662
 -0.7985   2.5875  -5.3100  -3.0744
 -0.7579   2.5254  -5.0696  -2.9785
 -0.7157   2.4537  -4.8134  -2.8775
 -0.6717   2.3712  -4.5412  -2.7701
 -0.6259   2.2764  -4.2531  -2.6549
 -0.5783   2.1679  -3.9488  -2.5300
 -0.5289   2.0440  -3.6282  -2.3933
 -0.4777   1.9031  -3.2914  -2.2422
 -0.4245   1.7433  -2.9381  -2.0736
 -0.3695   1.5628  -2.5683  -1.8840
 -0.3126   1.3602  -2.1819  -1.6690
 -0.2538   1.1340  -1.7788  -1.4235
 -0.1931   0.8834  -1.3590  -1.1415
 -0.1307   0.6089  -0.9225  -0.8161
 -0.0669   0.3126  -0.4692  -0.4388
  6.0977  -4.1386  -0.5572  -0.4256
  6.0905  -3.8589  -0.2874  -0.7357
  6.0788  -3.5642  -0.0115  -1.0411
  6.0642  -3.2723   0.2555  -1.3144
  6.0468  -2.9842   0.5129  -1.5595
  6.0266  -2.7002   0.7607  -1.7797
  6.0034  -2.4199   0.9991  -1.9777
  5.9774  -2.1435   1.2283  -2.1553
  5.9484  -1.8706   1.4484  -2.3145
  5.9164  -1.6014   1.6596  -2.4566
  5.8815  -1.3355   1.8620  -2.5830
  5.8437  -1.0731   2.0558  -2.6950
  5.8029  -0.8141   2.2411  -2.7936
  5.7593  -0.5582   2.4181  -2.8798
  5.7128  -0.3055   2.5868  -2.9546
  5.6634  -0.0560   2.7473  -3.0189
  5.6113   0.1905   2.8997  -3.0733
  5.5564   0.4340   3.0442  -3.1187
  5.4987   0.6746   3.1808  -3.1557
  5.4385   0.9123   3.3095  -3.1849
  5.3756   1.1471   3.4306  -3.2070
  5.3103   1.3792   3.5439  -3.2225
  5.2425   1.6085   3.6496  -3.2320
  5.1722   1.8352   3.7478  -3.2357
  5.0997   2.0592   3.8384  -3.2343
  5.0250   2.2807   3.9216  -3.2282
  4.9480   2.4996   3.9973  -3.2176
  4.8690   2.7160   4.0657  -3.2029
  4.7880   2.9300   4.1267  -3.1846
  4.7051   3.1416   4.1804  -3.1628
  4.6204   3.3508   4.2268  -3.1378
  4.5339   3.5577   4.2660  -3.1099
  4.4457   3.7624   4.2979  -3.0793
  4.3559   3.9649   4.3226  -3.0463
  4.2646   4.1652   4.3400  -3.0109
  4.1719   4.3635   4.3503  -2.9735
  4.0779   4.5596   4.3534  -2.9340
  3.9826   4.7538   4.3493  -2.8927
  3.8860   4.9460   4.3381  -2.8497
  3.7884   5.1363   4.3197  -2.8051
  3.6897   5.3248   4.2942  -2.7589
  3.5900   5.5115   4.2615  -2.7112
  3.4895   5.6964   4.2217  -2.6621
  3.3880   5.8797   4.1748  -2.6116
  3.2858   6.0614   4.1207  -2.5597
  3.1829   6.2415   4.0596  -2.5064
  3.0792   6.4201   3.9913  -2.4517
  2.9750   6.5973   3.9159  -2.3955
  2.8702   6.7731   3.8333  -2.3379
  2.7649   6.9476   3.7437  -2.2786
  2.6591   7.1208   3.6470  -2.2177
  2.5528   7.2929   3.5432  -2.1549
  2.4462   7.4639   3.4322  -2.0902
  2.3391   7.6338   3.3142  -2.0234
  2.2318   7.8028   3.1891  -1.9543
  2.1241   7.9709   3.0570  -1.8826
  2.0161   8.1381   2.9177  -1.8081
  1.9079   8.3047   2.7715  -1.7305
  1.7994   8.4705   2.6182  -1.6494
  1.6906   8.6358   2.4579  -1.5645
  1.5817   8.8006   2.2906  -1.4754
  1.4724   8.9649   2.1163  -1.3815
  1.3630   9.1290   1.9352  -1.2822
  1.2533   9.2927   1.7471  -1.1770
  1.1434   9.4564   1.5521  -1.0651
  1.0333   9.6199   1.3503  -0.9455
  0.9228   9.7835   1.1417  -0.8172
  0.8121   9.9472   0.9265  -0.6791
  0.7011  10.1112   0.7045  -0.5297
  0.5898  10.2755   0.4759  -0.3676
  0.4781  10.4402   0.2408  -0.1912
  0.3660  10.6055  -0.0010   0.0003
  0.3660  10.6055  -0.0010   0.0003
  0.4110   7.3730  -0.6323   0.1695
  0.4365   4.0550  -1.3623   0.3760
  0.4324   1.1383  -2.0814   0.6001
  0.3968  -1.3358  -2.7711   0.8292
  0.3320  -3.4175  -3.4284   1.0576
  0.2414  -5.1630  -4.0537   1.2847
  0.1282  -6.6222  -4.6476   1.5117
 -0.0041  -7.8391  -5.2108   1.7404
 -0.1524  -8.8507  -5.7442   1.9723
 -0.3137  -9.6890  -6.2484   2.2089
 -0.4852 -10.3810  -6.7240   2.4513
 -0.6647 -10.9493  -7.1715   2.7006
 -0.8500 -11.4131  -7.5916   2.9572
 -1.0393 -11.7887  -7.9848   3.2218
 -1.2311 -12.0894  -8.3516   3.4944
 -1.4239 -12.3267  -8.6925   3.7753
 -1.6165 -12.5100  -9.0079   4.0643
 -1.8080 -12.6473  -9.2984   4.3614
 -1.9973 -12.7452  -9.5645   4.6664
 -2.1837 -12.8094  -9.8065   4.9790
 -2.3665 -12.8444 -10.0249   5.2987
 -2.5451 -12.8541 -10.2202   5.6253
 -2.7189 -12.8420 -10.3929   5.9582
 -2.8874 -12.8108 -10.5434   6.2970
 -3.0501 -12.7627 -10.6722   6.6412
 -3.2067 -12.6999 -10.7797   6.9902
 -3.3566 -12.6240 -10.8663   7.3435
 -3.4997 -12.5364 -10.9327   7.7004
 -3.6354 -12.4383 -10.9792   8.0604
 -3.7636 -12.3309 -11.0063   8.4229
 -3.8838 -12.2151 -11.0145   8.7872
 -3.9958 -12.0916 -11.0042   9.1526
 -4.0993 -11.9611 -10.9760   9.5184
 -4.1941 -11.8242 -10.9302   9.8840
 -4.2797 -11.6816 -10.8675  10.2485
 -4.3560 -11.5336 -10.7883  10.6112
 -4.4228 -11.3806 -10.6929  10.9712
 -4.4797 -11.2231 -10.5820  11.3276
 -4.5265 -11.0613 -10.4560  11.6795
 -4.5630 -10.8954 -10.3153  12.0258
 -4.5889 -10.7257 -10.1604  12.3653
 -4.6040 -10.5523  -9.9917  12.6969
 -4.6081 -10.3752  -9.8096  13.0191
 -4.6008 -10.1945  -9.6145  13.3304
 -4.5820 -10.0102  -9.4068  13.6290
 -4.5515  -9.8220  -9.1868  13.9131
 -4.5090  -9.6296  -8.9549  14.1805
 -4.4542  -9.4328  -8.7112  14.4285
 -4.3870  -9.2309  -8.4561  14.6543
 -4.3071  -9.0233  -8.1895  14.8545
 -4.2143  -8.8091  -7.9118  15.0252
 -4.1082  -8.5870  -7.6227  15.1619
 -3.9888  -8.3558  -7.3222  15.2593
 -3.8556  -8.1137  -7.0101  15.3110
 -3.7085  -7.8586  -6.6859  15.3098
 -3.5471  -7.5878  -6.3491  15.2470
 -3.3712  -7.2985  -5.9990  15.1122
 -3.1805  -6.9868  -5.6345  14.8933
 -2.9746  -6.6484  -5.2544  14.5760
 -2.7532  -6.2781  -4.8570  14.1429
 -2.5160  -5.8695  -4.4402  13.5737
 -2.2625  -5.4155  -4.0018  12.8441
 -1.9924  -4.9071  -3.5385  11.9253
 -1.7052  -4.3343  -3.0471  10.7828
 -1.4005  -3.6849  -2.5232   9.3760
 -1.0780  -2.9449  -1.9621   7.6566
 -0.7370  -2.0975  -1.3583   5.5673
 -0.3774  -1.1235  -0.7058   3.0413
 -0.3152  -1.0966  10.3485  -8.5069
 -0.3422  -0.7877  10.3016  -8.3604
 -0.3677  -0.4796  10.2595  -8.2119
 -0.3919  -0.1937  10.2186  -8.0642
 -0.4152   0.0712  10.1779  -7.9172
 -0.4374   0.3163  10.1374  -7.7707
 -0.4587   0.5430  10.0968  -7.6247
 -0.4792   0.7525  10.0563  -7.4791
 -0.4987   0.9459  10.0156  -7.3337
 -0.5174   1.1244   9.9747  -7.1887
 -0.5352   1.2891   9.9336  -7.0438
 -0.5522   1.4407   9.8922  -6.8991
 -0.5685   1.5804   9.8504  -6.7544
 -0.5839   1.7088   9.8081  -6.6098
 -0.5985   1.8268   9.7653  -6.4652
 -0.6123   1.9350   9.7219  -6.3205
 -0.6254   2.0341   9.6777  -6.1757
 -0.6376   2.1248   9.6329  -6.0307
 -0.6491   2.2077   9.5871  -5.8856
 -0.6598   2.2831   9.5405  -5.7401
 -0.6697   2.3517   9.4928  -5.5944
 -0.6788   2.4139   9.4441  -5.4484
 -0.6872   2.4700   9.3942  -5.3020
 -0.6947   2.5206   9.3430  -5.1552
 -0.7015   2.5659   9.2905  -5.0079
 -0.7075   2.6062   9.2365  -4.8602
 -0.7127   2.6420   9.1811  -4.7119
 -0.7172   2.6733   9.1241  -4.5632
 -0.7209   2.7006   9.0654  -4.4138
 -0.7238   2.7240   9.0049  -4.2639
 -0.7259   2.7437   8.9426  -4.1133
 -0.7273   2.7599   8.8783  -3.9621
 -0.7279   2.7729   8.8121  -3.8102
 -0.7278   2.7827   8.7437  -3.6577
 -0.7269   2.7895   8.6731  -3.5044
 -0.7252   2.7934   8.6003  -3.3504
 -0.7228   2.7945   8.5251  -3.1957
 -0.7197   2.7930   8.4475  -3.0401
 -0.7158   2.7890   8.3674  -2.8839
 -0.7112   2.7824   8.2846  -2.7268
 -0.7059   2.7733   8.1992  -2.5689
 -0.6998   2.7619   8.1111  -2.4102
 -0.6931   2.7481   8.0201  -2.2507
 -0.6856   2.7320   7.9262  -2.0904
 -0.6775   2.7135   7.8294  -1.9292
 -0.6686   2.6928   7.7295  -1.7672
 -0.6591   2.6697   7.6266  -1.6044
 -0.6489   2.6444   7.5204  -1.4407
 -0.6381   2.6167   7.4111  -1.2761
 -0.6266   2.5866   7.2985  -1.1107
 -0.6144   2.5541   7.1826  -0.9444
 -0.6016   2.5192   7.0633  -0.7773
 -0.5881   2.4818   6.9406  -0.6094
 -0.5741   2.4418   6.8144  -0.4405
 -0.5594   2.3992   6.6848  -0.2709
 -0.5441   2.3538   6.5516  -0.1004
 -0.5281   2.3057   6.4148   0.0710
 -0.5116   2.2545   6.2745   0.2431
 -0.4945   2.2003   6.1306   0.4162
 -0.4768   2.1430   5.9830   0.5900
 -0.4585   2.0823   5.8319   0.7647
 -0.4396   2.0182   5.6771   0.9402
 -0.4202   1.9504   5.5186   1.1165
 -0.4001   1.8788   5.3566   1.2936
 -0.3795   1.8032   5.1909   1.4715
 -0.3583   1.7234   5.0215   1.6503
 -0.3366   1.6392   4.8486   1.8298
 -0.3143   1.5503   4.6721   2.0102
 -0.2914   1.4564   4.4920   2.1913
 -0.2680   1.3573   4.3084   2.3733
 -0.2440   1.2528   4.1212   2.5560
 -0.2194   1.1424   3.9306   2.7396
 -0.1942   1.0258   3.7366   2.9240
 -0.1685   0.9026   3.5391   3.1093
 -0.1421   0.7725   3.3383   3.2953
 -0.1152   0.6349   3.1342   3.4822
 -0.0877   0.4895   2.9268   3.6700
 -0.0595   0.3356   2.7162   3.8586
 -0.0308   0.1727   2.5025   4.0481
 -0.0014   0.0000   2.2856   4.2385
 -0.0014   0.0000   2.2856   4.2385
 -0.0654   0.3223   1.9312   3.1182
 -0.1305   0.5716   1.5132   1.9416
 -0.1962   0.8289   1.0894   0.8906
 -0.2623   1.0914   0.6709  -0.0141
 -0.3271   1.3357   0.2598  -0.7884
 -0.3902   1.5543  -0.1432  -1.4506
 -0.4514   1.7463  -0.5377  -2.0169
 -0.5103   1.9131  -0.9234  -2.5009
 -0.5671   2.0572  -1.2998  -2.9145
 -0.6216   2.1812  -1.6666  -3.2676
 -0.6738   2.2877  -2.0235  -3.5685
 -0.7237   2.3790  -2.3700  -3.8243
 -0.7713   2.4571  -2.7059  -4.0411
 -0.8165   2.5239  -3.0309  -4.2241
 -0.8593   2.5811  -3.3448  -4.3774
 -0.8998   2.6300  -3.6471  -4.5050
 -0.9379   2.6719  -3.9379  -4.6099
 -0.9736   2.7077  -4.2168  -4.6948
 -1.0069   2.7384  -4.4836  -4.7622
 -1.0379   2.7648  -4.7382  -4.8139
 -1.0665   2.7875  -4.9805  -4.8518
 -1.0927   2.8070  -5.2102  -4.8773
 -1.1166   2.8238  -5.4272  -4.8917
 -1.1381   2.8384  -5.6315  -4.8962
 -1.1573   2.8511  -5.8228  -4.8918
 -1.1742   2.8620  -6.0010  -4.8793
 -1.1888   2.8715  -6.1661  -4.8596
 -1.2011   2.8798  -6.3179  -4.8332
 -1.2112   2.8869  -6.4564  -4.8010
 -1.2190   2.8931  -6.5814  -4.7634
 -1.2246   2.8983  -6.6928  -4.7209
 -1.2280   2.9027  -6.7905  -4.6741
 -1.2293   2.9063  -6.8745  -4.6233
 -1.2284   2.9090  -6.9447  -4.5689
 -1.2254   2.9109  -7.0009  -4.5113
 -1.2202   2.9120  -7.0431  -4.4508
 -1.2130   2.9121  -7.0712  -4.3878
 -1.2038   2.9113  -7.0852  -4.3224
 -1.1925   2.9093  -7.0848  -4.2550
 -1.1792   2.9062  -7.0701  -4.1858
 -1.1640   2.9017  -7.0410  -4.1150
 -1.1468   2.8957  -6.9974  -4.0428
 -1.1278   2.8880  -6.9391  -3.9692
 -1.1068   2.8783  -6.8662  -3.8945
 -1.0840   2.8663  -6.7785  -3.8187
 -1.0593   2.8518  -6.6759  -3.7419
 -1.0328   2.8344  -6.5584  -3.6640
 -1.0045   2.8136  -6.4259  -3.5849
 -0.9745   2.7890  -6.2782  -3.5045
 -0.9427   2.7600  -6.1154  -3.4227
 -0.9091   2.7260  -5.9372  -3.3392
 -0.8738   2.6862  -5.7436  -3.2534
 -0.8368   2.6400  -5.5345  -3.1650
 -0.7980   2.5863  -5.3098  -3.0733
 -0.7575   2.5242  -5.0694  -2.9774
 -0.7153   2.4525  -4.8132  -2.8764
 -0.6713   2.3700  -4.5411  -2.7690
 -0.6255   2.2753  -4.2529  -2.6538
 -0.5780   2.1668  -3.9487  -2.5290
 -0.5286   2.0430  -3.6281  -2.3923
 -0.4773   1.9021  -3.2913  -2.2412
 -0.4242   1.7423  -2.9380  -2.0727
 -0.3693   1.5620  -2.5682  -1.8832
 -0.3124   1.3594  -2.1818  -1.6682
 -0.2536   1.1333  -1.7787  -1.4229
 -0.1930   0.8829  -1.3590  -1.1410
 -0.1306   0.6085  -0.9225  -0.8157
 -0.0668   0.3124  -0.4692  -0.4386
  6.0977  -4.1378  -0.5573  -0.4254
  6.0905  -3.8581  -0.2874  -0.7356
  6.0788  -3.5635  -0.0115  -1.0411
  6.0642  -3.2715   0.2555  -1.3145
  6.0469  -2.9835   0.5128  -1.5596
  6.0266  -2.6994   0.7606  -1.7799
  6.0035  -2.4192   0.9990  -1.9779
  5.9774  -2.1428   1.2281  -2.1556
  5.9484  -1.8699   1.4482  -2.3148
  5.9164  -1.6007   1.6594  -2.4570
  5.8815  -1.3349   1.8618  -2.5835
  5.8437  -1.0725   2.0556  -2.6955
  5.8030  -0.8134   2.2410  -2.7941
  5.7593  -0.5576   2.4179  -2.8803
  5.7128  -0.3049   2.5866  -2.9551
  5.6634  -0.0554   2.7471  -3.0194
  5.6113   0.1911   2.8995  -3.0738
  5.5563   0.4346   3.0440  -3.1192
  5.4987   0.6751   3.1805  -3.1562
  5.4385   0.9128   3.3093  -3.1854
  5.3756   1.1477   3.4303  -3.2075
  5.3103   1.3797   3.5436  -3.2230
  5.2424   1.6090   3.6493  -3.2323
  5.1722   1.8357   3.7475  -3.2361
  5.0997   2.0597   3.8381  -3.2347
  5.0249   2.2812   3.9213  -3.2285
  4.9480   2.5001   3.9970  -3.2179
  4.8690   2.7165   4.0654  -3.2032
  4.7880   2.9305   4.1264  -3.1848
  4.7051   3.1420   4.1801  -3.1629
  4.6203   3.3513   4.2265  -3.1379
  4.5338   3.5582   4.2657  -3.1100
  4.4456   3.7629   4.2976  -3.0794
  4.3558   3.9654   4.3222  -3.0463
  4.2645   4.1657   4.3397  -3.0109
  4.1718   4.3639   4.3500  -2.9734
  4.0778   4.5601   4.3531  -2.9339
  3.9825   4.7542   4.3490  -2.8926
  3.8859   4.9464   4.3378  -2.8495
  3.7883   5.1367   4.3194  -2.8049
  3.6896   5.3252   4.2939  -2.7586
  3.5899   5.5119   4.2612  -2.7109
  3.4893   5.6968   4.2214  -2.6618
  3.3879   5.8801   4.1745  -2.6112
  3.2857   6.0618   4.1204  -2.5593
  3.1827   6.2419   4.0593  -2.5060
  3.0791   6.4205   3.9910  -2.4513
  2.9749   6.5976   3.9156  -2.3951
  2.8701   6.7734   3.8331  -2.3374
  2.7647   6.9479   3.7434  -2.2781
  2.6589   7.1212   3.6467  -2.2172
  2.5527   7.2932   3.5429  -2.1544
  2.4460   7.4642   3.4320  -2.0897
  2.3390   7.6341   3.3140  -2.0229
  2.2316   7.8031   3.1889  -1.9537
  2.1240   7.9712   3.0567  -1.8820
  2.0160   8.1385   2.9175  -1.8075
  1.9077   8.3050   2.7713  -1.7299
  1.7992   8.4708   2.6180  -1.6489
  1.6905   8.6361   2.4577  -1.5640
  1.5815   8.8009   2.2904  -1.4749
  1.4723   8.9652   2.1162  -1.3810
  1.3629   9.1292   1.9350  -1.2818
  1.2532   9.2930   1.7469  -1.1766
  1.1433   9.4566   1.5520  -1.0647
  1.0331   9.6202   1.3502  -0.9451
  0.9227   9.7838   1.1417  -0.8169
  0.8120   9.9475   0.9264  -0.6789
  0.7010  10.1115   0.7044  -0.5295
  0.5897  10.2758   0.4759  -0.3675
  0.4780  10.4405   0.2408  -0.1911
  0.3659  10.6057  -0.0010   0.0003
  0.3659  10.6057  -0.0010   0.0003
  0.4109   7.3733  -0.6323   0.1696
  0.4363   4.0553  -1.3622   0.3762
  0.4321   1.1387  -2.0813   0.6003
  0.3965  -1.3353  -2.7709   0.8296
  0.3317  -3.4170  -3.4282   1.0580
  0.2411  -5.1625  -4.0534   1.2851
  0.1279  -6.6217  -4.6472   1.5122
 -0.0045  -7.8385  -5.2105   1.7409
 -0.1528  -8.8502  -5.7439   1.9728
 -0.3141  -9.6885  -6.2480   2.2094
 -0.4856 -10.3804  -6.7235   2.4518
 -0.6651 -10.9487  -7.1711   2.7011
 -0.8505 -11.4125  -7.5912   2.9577
 -1.0398 -11.7881  -7.9843   3.2222
 -1.2316 -12.0888  -8.3511   3.4948
 -1.4244 -12.3261  -8.6919   3.7757
 -1.6170 -12.5094  -9.0074   4.0647
 -1.8084 -12.6467  -9.2978   4.3618
 -1.9978 -12.7446  -9.5638   4.6667
 -2.1842 -12.8087  -9.8058   4.9793
 -2.3670 -12.8437 -10.0243   5.2990
 -2.5456 -12.8535 -10.2196   5.6255
 -2.7194 -12.8414 -10.3922   5.9584
 -2.8879 -12.8101 -10.5427   6.2972
 -3.0506 -12.7621 -10.6715   6.6413
 -3.2072 -12.6993 -10.7790   6.9903
 -3.3571 -12.6233 -10.8657   7.3435
 -3.5002 -12.5357 -10.9320   7.7004
 -3.6359 -12.4377 -10.9785   8.0603
 -3.7641 -12.3303 -11.0056   8.4227
 -3.8843 -12.2144 -11.0138   8.7870
 -3.9963 -12.0909 -11.0035   9.1523
 -4.0998 -11.9604 -10.9753   9.5181
 -4.1945 -11.8236 -10.9296   9.8837
 -4.2802 -11.6809 -10.8669  10.2481
 -4.3565 -11.5329 -10.7876  10.6108
 -4.4232 -11.3800 -10.6923  10.9707
 -4.4801 -11.2224 -10.5814  11.3271
 -4.5269 -11.0606 -10.4554  11.6789
 -4.5634 -10.8947 -10.3147  12.0251
 -4.5893 -10.7250 -10.1598  12.3646
 -4.6044 -10.5516  -9.9911  12.6961
 -4.6084 -10.3746  -9.8090  13.0183
 -4.6012 -10.1939  -9.6140  13.3295
 -4.5824 -10.0095  -9.4063  13.6282
 -4.5518  -9.8213  -9.1863  13.9122
 -4.5093  -9.6290  -8.9544  14.1795
 -4.4545  -9.4322  -8.7108  14.4275
 -4.3873  -9.2303  -8.4556  14.6533
 -4.3074  -9.0227  -8.1891  14.8534
 -4.2145  -8.8084  -7.9114  15.0241
 -4.1085  -8.5864  -7.6223  15.1608
 -3.9890  -8.3552  -7.3218  15.2581
 -3.8558  -8.1131  -7.0097  15.3099
 -3.7087  -7.8580  -6.6855  15.3087
 -3.5473  -7.5873  -6.3488  15.2458
 -3.3714  -7.2980  -5.9987  15.1110
 -3.1807  -6.9863  -5.6342  14.8922
 -2.9748  -6.6479  -5.2541  14.5748
 -2.7534  -6.2776  -4.8567  14.1418
 -2.5161  -5.8691  -4.4400  13.5726
 -2.2626  -5.4150  -4.0015  12.8431
 -1.9925  -4.9067  -3.5383  11.9243
 -1.7053  -4.3340  -3.0469  10.7819
 -1.4006  -3.6846  -2.5230   9.3752
 -1.0780  -2.9446  -1.9620   7.6559
 -0.7371  -2.0974  -1.3582   5.5668
 -0.3775  -1.1234  -0.7058   3.0410
 -0.3152  -1.0965  10.3485  -8.5066
 -0.3422  -0.7876  10.3016  -8.3600
 -0.3677  -0.4795  10.2596  -8.2115
 -0.3920  -0.1936  10.2187  -8.0639
 -0.4152   0.0712  10.1780  -7.9169
 -0.4374   0.3164  10.1375  -7.7704
 -0.4587   0.5431  10.0969  -7.6244
 -0.4792   0.7525  10.0563  -7.4787
 -0.4987   0.9460  10.0157  -7.3334
 -0.5174   1.1245   9.9748  -7.1883
 -0.5352   1.2891   9.9337  -7.0435
 -0.5522   1.4408   9.8923  -6.8987
 -0.5685   1.5804   9.8504  -6.7541
 -0.5839   1.7088   9.8082  -6.6095
 -0.5985   1.8268   9.7653  -6.4649
 -0.6123   1.9350   9.7219  -6.3202
 -0.6254   2.0342   9.6778  -6.1754
 -0.6376   2.1249   9.6329  -6.0304
 -0.6491   2.2077   9.5872  -5.8853
 -0.6598   2.2831   9.5405  -5.7398
 -0.6697   2.3517   9.4929  -5.5941
 -0.6788   2.4139   9.4441  -5.4481
 -0.6872   2.4701   9.3942  -5.3017
 -0.6947   2.5206   9.3430  -5.1549
 -0.7015   2.5659   9.2905  -5.0076
 -0.7075   2.6062   9.2366  -4.8599
 -0.7127   2.6420   9.1811  -4.7116
 -0.7172   2.6733   9.1241  -4.5628
 -0.7209   2.7006   9.0654  -4.4135
 -0.7238   2.7239   9.0049  -4.2636
 -0.7259   2.7437   8.9426  -4.1130
 -0.7273   2.7599   8.8783  -3.9618
 -0.7279   2.7729   8.8120  -3.8099
 -0.7277   2.7827   8.7437  -3.6574
 -0.7268   2.7895   8.6731  -3.5041
 -0.7252   2.7934   8.6003  -3.3501
 -0.7228   2.7945   8.5251  -3.1953
 -0.7196   2.7930   8.4475  -3.0398
 -0.7158   2.7889   8.3673  -2.8836
 -0.7112   2.7824   8.2846  -2.7265
 -0.7058   2.7733   8.1992  -2.5686
 -0.6998   2.7619   8.1110  -2.4099
 -0.6930   2.7481   8.0200  -2.2504
 -0.6856   2.7319   7.9262  -2.0901
 -0.6774   2.7135   7.8293  -1.9289
 -0.6686   2.6928   7.7294  -1.7669
 -0.6591   2.6697   7.6265  -1.6041
 -0.6489   2.6443   7.5204  -1.4404
 -0.6380   2.6167   7.4110  -1.2758
 -0.6265   2.5866   7.2984  -1.1104
 -0.6144   2.5541   7.1825  -0.9441
 -0.6016   2.5192   7.0632  -0.7770
 -0.5881   2.4818   6.9405  -0.6091
 -0.5740   2.4418   6.8143  -0.4403
 -0.5594   2.3992   6.6846  -0.2706
 -0.5440   2.3538   6.5514  -0.1001
 -0.5281   2.3056   6.4147   0.0712
 -0.5116   2.2545   6.2744   0.2434
 -0.4945   2.2003   6.1304   0.4164
 -0.4768   2.1430   5.9829   0.5903
 -0.4585   2.0823   5.8317   0.7650
 -0.4396   2.0182   5.6769   0.9404
 -0.4201   1.9504   5.5185   1.1167
 -0.4001   1.8788   5.3564   1.2939
 -0.3795   1.8032   5.1907   1.4718
 -0.3583   1.7234   5.0214   1.6505
 -0.3366   1.6392   4.8484   1.8301
 -0.3143   1.5502   4.6719   2.0104
 -0.2914   1.4564   4.4918   2.1916
 -0.2680   1.3573   4.3082   2.3735
 -0.2439   1.2528   4.1211   2.5563
 -0.2194   1.1424   3.9305   2.7399
 -0.1942   1.0258   3.7364   2.9243
 -0.1685   0.9026   3.5390   3.1095
 -0.1421   0.7725   3.3382   3.2955
 -0.1152   0.6349   3.1340   3.4824
 -0.0877   0.4895   2.9267   3.6702
 -0.0595   0.3356   2.7161   3.8588
 -0.0308   0.1727   2.5023   4.0483
 -0.0014   0.0000   2.2854   4.2387
 -0.0014   0.0000   2.2854   4.2387
 -0.0654   0.3223   1.9310   3.1184
 -0.1306   0.5716   1.5131   1.9417
 -0.1962   0.8290   1.0892   0.8906
 -0.2623   1.0916   0.6707  -0.0141
 -0.3272   1.3359   0.2596  -0.7885
 -0.3903   1.5545  -0.1434  -1.4507
 -0.4514   1.7465  -0.5379  -2.0170
 -0.5104   1.9133  -0.9236  -2.5010
 -0.5672   2.0574  -1.3001  -2.9147
 -0.6217   2.1815  -1.6669  -3.2677
 -0.6739   2.2880  -2.0237  -3.5686
 -0.7238   2.3792  -2.3703  -3.8245
 -0.7714   2.4574  -2.7062  -4.0413
 -0.8166   2.5242  -3.0312  -4.2242
 -0.8595   2.5814  -3.3450  -4.3776
 -0.8999   2.6303  -3.6474  -4.5051
 -0.9380   2.6722  -3.9382  -4.6100
 -0.9737   2.7080  -4.2171  -4.6950
 -1.0071   2.7387  -4.4839  -4.7623
 -1.0380   2.7651  -4.7385  -4.8141
 -1.0666   2.7878  -4.9808  -4.8519
 -1.0929   2.8073  -5.2105  -4.8774
 -1.1167   2.8242  -5.4275  -4.8919
 -1.1383   2.8387  -5.6318  -4.8963
 -1.1575   2.8514  -5.8231  -4.8919
 -1.1744   2.8623  -6.0013  -4.8794
 -1.1890   2.8719  -6.1664  -4.8597
 -1.2013   2.8801  -6.3183  -4.8334
 -1.2114   2.8873  -6.4567  -4.8011
 -1.2192   2.8934  -6.5817  -4.7635
 -1.2248   2.8986  -6.6931  -4.7210
 -1.2282   2.9030  -6.7909  -4.6742
 -1.2295   2.9066  -6.8748  -4.6234
 -1.2286   2.9093  -6.9450  -4.5690
 -1.2256   2.9112  -7.0012  -4.5114
 -1.2204   2.9123  -7.0434  -4.4509
 -1.2132   2.9124  -7.0715  -4.3878
 -1.2040   2.9116  -7.0854  -4.3225
 -1.1927   2.9097  -7.0851  -4.2551
 -1.1794   2.9065  -7.0704  -4.1859
 -1.1642   2.9020  -7.0413  -4.1151
 -1.1471   2.8960  -6.9976  -4.0428
 -1.1280   2.8883  -6.9394  -3.9693
 -1.1070   2.8786  -6.8664  -3.8946
 -1.0842   2.8666  -6.7787  -3.8188
 -1.0595   2.8521  -6.6762  -3.7419
 -1.0330   2.8347  -6.5586  -3.6640
 -1.0047   2.8139  -6.4261  -3.5849
 -0.9747   2.7893  -6.2785  -3.5046
 -0.9428   2.7603  -6.1156  -3.4228
 -0.9093   2.7263  -5.9374  -3.3392
 -0.8740   2.6866  -5.7438  -3.2534
 -0.8369   2.6403  -5.5347  -3.1650
 -0.7982   2.5867  -5.3100  -3.0733
 -0.7577   2.5246  -5.0696  -2.9774
 -0.7154   2.4529  -4.8134  -2.8764
 -0.6714   2.3703  -4.5412  -2.7691
 -0.6256   2.2756  -4.2531  -2.6538
 -0.5781   2.1671  -3.9488  -2.5290
 -0.5287   2.0433  -3.6282  -2.3923
 -0.4775   1.9024  -3.2914  -2.2412
 -0.4243   1.7426  -2.9381  -2.0728
 -0.3693   1.5622  -2.5683  -1.8832
 -0.3124   1.3596  -2.1819  -1.6683
 -0.2536   1.1335  -1.7788  -1.4229
 -0.1930   0.8830  -1.3590  -1.1410
 -0.1307   0.6086  -0.9225  -0.8157
 -0.0668   0.3125  -0.4692  -0.4386
  6.0976  -4.1377  -0.5573  -0.4254
  6.0904  -3.8581  -0.2875  -0.7356
  6.0787  -3.5634  -0.0116  -1.0412
  6.0641  -3.2715   0.2555  -1.3146
  6.0467  -2.9835   0.5128  -1.5598
  6.0265  -2.6994   0.7606  -1.7801
  6.0033  -2.4192   0.9990  -1.9781
  5.9773  -2.1428   1.2281  -2.1558
  5.9483  -1.8699   1.4482  -2.3150
  5.9163  -1.6007   1.6594  -2.4572
  5.8814  -1.3349   1.8618  -2.5837
  5.8436  -1.0725   2.0556  -2.6957
  5.8028  -0.8134   2.2409  -2.7943
  5.7592  -0.5576   2.4178  -2.8806
  5.7127  -0.3050   2.5865  -2.9554
  5.6633  -0.0554   2.7470  -3.0196
  5.6112   0.1910   2.8994  -3.0740
  5.5562   0.4345   3.0439  -3.1194
  5.4986   0.6751   3.1805  -3.1564
  5.4384   0.9127   3.3092  -3.1856
  5.3755   1.1476   3.4302  -3.2077
  5.3102   1.3796   3.5435  -3.2231
  5.2423   1.6090   3.6493  -3.2325
  5.1721   1.8356   3.7474  -3.2363
  5.0996   2.0596   3.8380  -3.2348
  5.0248   2.2811   3.9212  -3.2286
  4.9479   2.5000   3.9970  -3.2180
  4.8689   2.7164   4.0653  -3.2033
  4.7879   2.9304   4.1263  -3.1849
  4.7050   3.1419   4.1800  -3.1630
  4.6202   3.3512   4.2264  -3.1380
  4.5337   3.5581   4.2656  -3.1100
  4.4455   3.7628   4.2975  -3.0794
  4.3558   3.9652   4.3222  -3.0463
  4.2645   4.1656   4.3396  -3.0109
  4.1718   4.3638   4.3499  -2.9734
  4.0777   4.5599   4.3530  -2.9339
  3.9824   4.7541   4.3489  -2.8925
  3.8859   4.9463   4.3377  -2.8495
  3.7883   5.1366   4.3193  -2.8048
  3.6896   5.3251   4.2938  -2.7585
  3.5899   5.5118   4.2611  -2.7108
  3.4893   5.6967   4.2213  -2.6616
  3.3879   5.8800   4.1744  -2.6111
  3.2857   6.0617   4.1204  -2.5591
  3.1827   6.2418   4.0592  -2.5058
  3.0791   6.4204   3.9909  -2.4511
  2.9749   6.5975   3.9155  -2.3949
  2.8701   6.7733   3.8330  -2.3372
  2.7647   6.9478   3.7434  -2.2779
  2.6589   7.1211   3.6466  -2.2169
  2.5527   7.2932   3.5428  -2.1542
  2.4460   7.4641   3.4319  -2.0895
  2.3390   7.6341   3.3139  -2.0226
  2.2316   7.8030   3.1888  -1.9535
  2.1240   7.9711   3.0567  -1.8818
  2.0160   8.1384   2.9175  -1.8073
  1.9078   8.3049   2.7712  -1.7297
  1.7993   8.4708   2.6179  -1.6487
  1.6905   8.6360   2.4576  -1.5638
  1.5815   8.8008   2.2904  -1.4747
  1.4723   8.9652   2.1161  -1.3808
  1.3629   9.1292   1.9350  -1.2816
  1.2532   9.2930   1.7469  -1.1764
  1.1433   9.4566   1.5519  -1.0645
  1.0331   9.6202   1.3502  -0.9450
  0.9227   9.7838   1.1416  -0.8168
  0.8120   9.9475   0.9264  -0.6788
  0.7010  10.1114   0.7044  -0.5295
  0.5897  10.2757   0.4759  -0.3674
  0.4780  10.4405   0.2408  -0.1911
  0.3659  10.6057  -0.0010   0.0003
  0.3659  10.6057  -0.0010   0.0003
  0.4109   7.3733  -0.6322   0.1696
  0.4363   4.0553  -1.3622   0.3763
  0.4322   1.1387  -2.0812   0.6005
  0.3966  -1.3353  -2.7708   0.8298
  0.3319  -3.4171  -3.4281   1.0582
  0.2412  -5.1626  -4.0533   1.2854
  0.1280  -6.6217  -4.6471   1.5125
 -0.0043  -7.8386  -5.2104   1.7412
 -0.1526  -8.8502  -5.7437   1.9731
 -0.3139  -9.6885  -6.2478   2.2097
 -0.4855 -10.3804  -6.7234   2.4522
 -0.6649 -10.9487  -7.1709   2.7014
 -0.8503 -11.4126  -7.5909   2.9580
 -1.0396 -11.7881  -7.9841   3.2226
 -1.2313 -12.0889  -8.3508   3.4952
 -1.4241 -12.3262  -8.6917   3.7760
 -1.6168 -12.5095  -9.0071   4.0650
 -1.8082 -12.6468  -9.2976   4.3621
 -1.9975 -12.7447  -9.5636   4.6671
 -2.1840 -12.8088  -9.8056   4.9796
 -2.3668 -12.8438 -10.0240   5.2993
 -2.5453 -12.8536 -10.2193   5.6258
 -2.7191 -12.8415 -10.3920   5.9587
 -2.8876 -12.8102 -10.5424   6.2974
 -3.0503 -12.7622 -10.6712   6.6415
 -3.2069 -12.6994 -10.7787   6.9905
 -3.3569 -12.6235 -10.8654   7.3437
 -3.4999 -12.5359 -10.9317   7.7005
 -3.6357 -12.4379 -10.9782   8.0605
 -3.7638 -12.3305 -11.0053   8.4229
 -3.8840 -12.2146 -11.0135   8.7871
 -3.9960 -12.0911 -11.0032   9.1525
 -4.0995 -11.9606 -10.9750   9.5182
 -4.1942 -11.8238 -10.9293   9.8837
 -4.2799 -11.6812 -10.8666  10.2482
 -4.3562 -11.5332 -10.7874  10.6108
 -4.4229 -11.3802 -10.6921  10.9708
 -4.4798 -11.2227 -10.5812  11.3271
 -4.5267 -11.0609 -10.4551  11.6789
 -4.5631 -10.8950 -10.3145  12.0251
 -4.5890 -10.7253 -10.1596  12.3646
 -4.6041 -10.5519  -9.9909  12.6961
 -4.6082 -10.3749  -9.8088  13.0182
 -4.6009 -10.1942  -9.6137  13.3295
 -4.5821 -10.0099  -9.4060  13.6281
 -4.5516  -9.8217  -9.1861  13.9122
 -4.5091  -9.6294  -8.9542  14.1794
 -4.4543  -9.4325  -8.7105  14.4274
 -4.3871  -9.2307  -8.4554  14.6531
 -4.3072  -9.0231  -8.1889  14.8533
 -4.2143  -8.8088  -7.9112  15.0240
 -4.1083  -8.5868  -7.6221  15.1607
 -3.9888  -8.3556  -7.3216  15.2580
 -3.8556  -8.1135  -7.0095  15.3097
 -3.7085  -7.8584  -6.6854  15.3085
 -3.5471  -7.5877  -6.3487  15.2456
 -3.3713  -7.2984  -5.9986  15.1108
 -3.1805  -6.9867  -5.6341  14.8920
 -2.9746  -6.6483  -5.2540  14.5746
 -2.7532  -6.2780  -4.8566  14.1416
 -2.5160  -5.8694  -4.4399  13.5724
 -2.2625  -5.4154  -4.0014  12.8429
 -1.9924  -4.9071  -3.5383  11.9241
 -1.7052  -4.3343  -3.0468  10.7818
 -1.4005  -3.6849  -2.5230   9.3751
 -1.0780  -2.9448  -1.9619   7.6558
 -0.7370  -2.0975  -1.3582   5.5668
 -0.3774  -1.1235  -0.7057   3.0410
 -0.3152  -1.0966  10.3486  -8.5066
