  1.4137  -2.0420   0.6912  -1.7279
  1.4137  -2.0420   0.6958  -1.7301
  1.4135  -2.0423   0.7004  -1.7324
  1.4130  -2.0429   0.7051  -1.7346
  1.4123  -2.0438   0.7099  -1.7368
  1.4114  -2.0449   0.7147  -1.7390
  1.4102  -2.0461   0.7195  -1.7412
  1.4089  -2.0476   0.7244  -1.7433
  1.4073  -2.0492   0.7292  -1.7454
  1.4055  -2.0510   0.7342  -1.7475
  1.4035  -2.0529   0.7391  -1.7496
  1.4013  -2.0549   0.7441  -1.7516
  1.3990  -2.0570   0.7491  -1.7536
  1.3964  -2.0591   0.7542  -1.7556
  1.3936  -2.0614   0.7592  -1.7575
  1.3907  -2.0636   0.7643  -1.7594
  1.3876  -2.0659   0.7694  -1.7612
  1.3844  -2.0682   0.7746  -1.7630
  1.3810  -2.0705   0.7797  -1.7648
  1.3774  -2.0727   0.7849  -1.7665
  1.3737  -2.0750   0.7900  -1.7682
  1.3698  -2.0772   0.7952  -1.7698
  1.3658  -2.0794   0.8004  -1.7714
  1.3617  -2.0815   0.8056  -1.7729
  1.3574  -2.0836   0.8108  -1.7744
  1.3531  -2.0855   0.8160  -1.7758
  1.3486  -2.0874   0.8212  -1.7772
  1.3440  -2.0892   0.8265  -1.7785
  1.3394  -2.0909   0.8317  -1.7797
  1.3346  -2.0925   0.8369  -1.7809
  1.3298  -2.0940   0.8420  -1.7821
  1.3248  -2.0954   0.8472  -1.7831
  1.3199  -2.0966   0.8524  -1.7841
  1.3148  -2.0978   0.8575  -1.7850
  1.3097  -2.0988   0.8627  -1.7859
  1.3046  -2.0996   0.8678  -1.7867
  1.2994  -2.1003   0.8729  -1.7874
  1.2941  -2.1009   0.8779  -1.7880
  1.2889  -2.1013   0.8830  -1.7885
  1.2836  -2.1016   0.8880  -1.7890
  1.2783  -2.1018   0.8930  -1.7894
  1.2730  -2.1018   0.8979  -1.7897
  1.2678  -2.1016   0.9028  -1.7899
  1.2625  -2.1013   0.9076  -1.7901
  1.2572  -2.1009   0.9125  -1.7901
  1.2520  -2.1003   0.9172  -1.7901
  1.2468  -2.0996   0.9219  -1.7899
  1.2416  -2.0988   0.9266  -1.7897
  1.2365  -2.0978   0.9312  -1.7894
  1.2314  -2.0967   0.9358  -1.7889
  1.2264  -2.0954   0.9402  -1.7884
  1.2215  -2.0940   0.9447  -1.7878
  1.2166  -2.0926   0.9490  -1.7870
  1.2118  -2.0910   0.9533  -1.7862
  1.2072  -2.0893   0.9575  -1.7852
  1.2026  -2.0875   0.9616  -1.7842
  1.1981  -2.0856   0.9657  -1.7830
  1.1937  -2.0836   0.9697  -1.7817
  1.1894  -2.0816   0.9735  -1.7803
  1.1853  -2.0795   0.9773  -1.7788
  1.1812  -2.0774   0.9810  -1.7771
  1.1774  -2.0752   0.9846  -1.7753
  1.1736  -2.0730   0.9881  -1.7734
  1.1700  -2.0708   0.9915  -1.7714
  1.1666  -2.0686   0.9948  -1.7692
  1.1633  -2.0664   0.9979  -1.7669
  1.1602  -2.0642   1.0010  -1.7645
  1.1573  -2.0621   1.0039  -1.7619
  1.1546  -2.0600   1.0067  -1.7592
  1.1520  -2.0580   1.0094  -1.7563
  1.1497  -2.0561   1.0119  -1.7533
  1.1476  -2.0543   1.0143  -1.7502
  1.1456  -2.0526   1.0166  -1.7469
  1.1439  -2.0510   1.0187  -1.7434
  1.1424  -2.0497   1.0207  -1.7398
  1.1412  -2.0485   1.0225  -1.7360
  1.1401  -2.0475   1.0242  -1.7321
  1.1394  -2.0467   1.0257  -1.7280
  1.1389  -2.0461   1.0271  -1.7237
  1.1386  -2.0459   1.0283  -1.7193
  1.1386  -2.0459   1.0283  -1.7193
  1.1386  -2.0459   1.0293  -1.7147
  1.1384  -2.0451   1.0301  -1.7119
  1.1381  -2.0436   1.0307  -1.7109
  1.1376  -2.0414   1.0312  -1.7115
  1.1369  -2.0386   1.0313  -1.7135
  1.1361  -2.0353   1.0313  -1.7167
  1.1351  -2.0316   1.0310  -1.7208
  1.1340  -2.0276   1.0304  -1.7258
  1.1327  -2.0232   1.0296  -1.7315
  1.1312  -2.0186   1.0285  -1.7377
  1.1297  -2.0138   1.0271  -1.7445
  1.1280  -2.0088   1.0255  -1.7516
  1.1262  -2.0037   1.0237  -1.7591
  1.1242  -1.9984   1.0216  -1.7669
  1.1222  -1.9930   1.0192  -1.7750
  1.1200  -1.9875   1.0166  -1.7833
  1.1177  -1.9819   1.0138  -1.7917
  1.1154  -1.9763   1.0108  -1.8002
  1.1129  -1.9706   1.0076  -1.8089
  1.1104  -1.9649   1.0041  -1.8177
  1.1078  -1.9591   1.0004  -1.8266
  1.1051  -1.9533   0.9966  -1.8355
  1.1023  -1.9475   0.9926  -1.8444
  1.0995  -1.9416   0.9884  -1.8534
  1.0966  -1.9357   0.9841  -1.8625
  1.0936  -1.9298   0.9796  -1.8715
  1.0906  -1.9239   0.9749  -1.8806
  1.0876  -1.9180   0.9702  -1.8896
  1.0845  -1.9120   0.9653  -1.8987
  1.0814  -1.9061   0.9603  -1.9077
  1.0782  -1.9001   0.9552  -1.9168
  1.0750  -1.8941   0.9500  -1.9258
  1.0718  -1.8882   0.9448  -1.9348
  1.0686  -1.8822   0.9395  -1.9438
  1.0654  -1.8762   0.9341  -1.9528
  1.0621  -1.8702   0.9287  -1.9617
  1.0589  -1.8642   0.9232  -1.9706
  1.0557  -1.8582   0.9178  -1.9795
  1.0524  -1.8523   0.9123  -1.9883
  1.0492  -1.8463   0.9068  -1.9971
  1.0460  -1.8403   0.9014  -2.0058
  1.0429  -1.8343   0.8959  -2.0146
  1.0397  -1.8283   0.8905  -2.0232
  1.0366  -1.8223   0.8852  -2.0318
  1.0335  -1.8164   0.8799  -2.0404
  1.0305  -1.8104   0.8746  -2.0489
  1.0275  -1.8045   0.8695  -2.0573
  1.0246  -1.7985   0.8644  -2.0657
  1.0217  -1.7926   0.8595  -2.0740
  1.0189  -1.7867   0.8546  -2.0822
  1.0162  -1.7809   0.8499  -2.0903
  1.0136  -1.7750   0.8453  -2.0984
  1.0110  -1.7693   0.8409  -2.1063
  1.0085  -1.7636   0.8367  -2.1141
  1.0061  -1.7579   0.8326  -2.1217
  1.0038  -1.7523   0.8287  -2.1292
  1.0017  -1.7469   0.8250  -2.1365
  0.9996  -1.7415   0.8215  -2.1436
  0.9976  -1.7363   0.8182  -2.1505
  0.9958  -1.7312   0.8152  -2.1571
  0.9941  -1.7264   0.8124  -2.1634
  0.9926  -1.7218   0.8099  -2.1693
  0.9912  -1.7175   0.8077  -2.1748
  0.9900  -1.7135   0.8057  -2.1799
  0.9889  -1.7099   0.8041  -2.1844
  0.9880  -1.7069   0.8027  -2.1882
  0.9873  -1.7044   0.8017  -2.1913
  0.9869  -1.7026   0.8010  -2.1935
  0.9869  -1.7026   0.8010  -2.1935
  0.9923  -1.7061   0.8006  -2.1947
  0.9978  -1.7094   0.8005  -2.1962
  1.0032  -1.7125   0.8006  -2.1979
  1.0086  -1.7153   0.8010  -2.2000
  1.0139  -1.7179   0.8016  -2.2022
  1.0193  -1.7202   0.8025  -2.2047
  1.0246  -1.7223   0.8036  -2.2073
  1.0298  -1.7242   0.8049  -2.2101
  1.0350  -1.7258   0.8064  -2.2130
  1.0402  -1.7272   0.8081  -2.2160
  1.0454  -1.7283   0.8101  -2.2192
  1.0504  -1.7293   0.8122  -2.2224
  1.0555  -1.7300   0.8145  -2.2257
  1.0605  -1.7305   0.8169  -2.2291
  1.0655  -1.7308   0.8196  -2.2325
  1.0704  -1.7308   0.8223  -2.2360
  1.0753  -1.7307   0.8253  -2.2395
  1.0801  -1.7303   0.8283  -2.2430
  1.0848  -1.7297   0.8315  -2.2465
  1.0895  -1.7289   0.8349  -2.2500
  1.0942  -1.7279   0.8383  -2.2535
  1.0988  -1.7267   0.8419  -2.2570
  1.1033  -1.7253   0.8456  -2.2605
  1.1078  -1.7236   0.8493  -2.2640
  1.1122  -1.7218   0.8532  -2.2674
  1.1165  -1.7198   0.8571  -2.2708
  1.1208  -1.7175   0.8612  -2.2741
  1.1250  -1.7151   0.8653  -2.2774
  1.1292  -1.7125   0.8694  -2.2807
  1.1333  -1.7097   0.8736  -2.2839
  1.1373  -1.7066   0.8779  -2.2870
  1.1412  -1.7034   0.8821  -2.2901
  1.1450  -1.7000   0.8865  -2.2931
  1.1488  -1.6964   0.8908  -2.2961
  1.1525  -1.6926   0.8952  -2.2990
  1.1561  -1.6886   0.8995  -2.3018
  1.1597  -1.6844   0.9039  -2.3046
  1.1631  -1.6800   0.9083  -2.3073
  1.1665  -1.6755   0.9127  -2.3099
  1.1698  -1.6707   0.9170  -2.3125
  1.1730  -1.6658   0.9213  -2.3150
  1.1762  -1.6607   0.9256  -2.3174
  1.1792  -1.6554   0.9299  -2.3198
  1.1822  -1.6499   0.9341  -2.3221
  1.1850  -1.6442   0.9382  -2.3243
  1.1878  -1.6383   0.9423  -2.3264
  1.1905  -1.6322   0.9463  -2.3285
  1.1931  -1.6260   0.9502  -2.3305
  1.1956  -1.6196   0.9541  -2.3324
  1.1980  -1.6130   0.9578  -2.3343
  1.2003  -1.6061   0.9615  -2.3361
  1.2026  -1.5992   0.9651  -2.3378
  1.2047  -1.5920   0.9685  -2.3395
  1.2067  -1.5846   0.9718  -2.3411
  1.2086  -1.5771   0.9750  -2.3426
  1.2105  -1.5693   0.9781  -2.3440
  1.2122  -1.5614   0.9810  -2.3454
  1.2138  -1.5533   0.9838  -2.3467
  1.2154  -1.5449   0.9864  -2.3480
  1.2168  -1.5364   0.9889  -2.3491
  1.2181  -1.5277   0.9912  -2.3502
  1.2193  -1.5188   0.9933  -2.3513
  1.2204  -1.5097   0.9952  -2.3522
  1.2214  -1.5004   0.9970  -2.3531
  1.2223  -1.4909   0.9985  -2.3538
  1.2231  -1.4813   0.9999  -2.3545
  1.2238  -1.4714   1.0010  -2.3551
  1.2243  -1.4612   1.0020  -2.3556
  1.2248  -1.4509   1.0027  -2.3560
  1.2251  -1.4404   1.0031  -2.3562
  1.2253  -1.4297   1.0034  -2.3564
  1.2253  -1.4297   1.0034  -2.3564
  1.2254  -1.4187   1.0034  -2.3564
  1.2257  -1.4115   1.0028  -2.3560
  1.2263  -1.4080   1.0015  -2.3553
  1.2270  -1.4079   0.9995  -2.3542
  1.2278  -1.4105   0.9969  -2.3527
  1.2287  -1.4155   0.9936  -2.3509
  1.2297  -1.4224   0.9898  -2.3488
  1.2306  -1.4310   0.9854  -2.3463
  1.2316  -1.4408   0.9804  -2.3436
  1.2324  -1.4518   0.9750  -2.3406
  1.2332  -1.4636   0.9691  -2.3374
  1.2338  -1.4762   0.9627  -2.3338
  1.2344  -1.4894   0.9560  -2.3300
  1.2348  -1.5031   0.9488  -2.3259
  1.2351  -1.5172   0.9413  -2.3216
  1.2352  -1.5316   0.9334  -2.3169
  1.2352  -1.5463   0.9252  -2.3120
  1.2351  -1.5612   0.9167  -2.3068
  1.2348  -1.5763   0.9080  -2.3013
  1.2343  -1.5914   0.8990  -2.2955
  1.2337  -1.6067   0.8898  -2.2894
  1.2330  -1.6220   0.8803  -2.2830
  1.2320  -1.6373   0.8707  -2.2763
  1.2310  -1.6527   0.8610  -2.2693
  1.2298  -1.6680   0.8511  -2.2619
  1.2284  -1.6834   0.8411  -2.2542
  1.2269  -1.6987   0.8310  -2.2462
  1.2253  -1.7139   0.8208  -2.2378
  1.2235  -1.7291   0.8106  -2.2291
  1.2216  -1.7443   0.8003  -2.2201
  1.2196  -1.7594   0.7900  -2.2107
  1.2175  -1.7743   0.7797  -2.2010
  1.2152  -1.7892   0.7694  -2.1910
  1.2128  -1.8041   0.7591  -2.1805
  1.2104  -1.8188   0.7489  -2.1698
  1.2078  -1.8334   0.7387  -2.1587
  1.2052  -1.8479   0.7286  -2.1473
  1.2024  -1.8623   0.7186  -2.1355
  1.1996  -1.8766   0.7087  -2.1234
  1.1968  -1.8907   0.6990  -2.1110
  1.1938  -1.9047   0.6893  -2.0983
  1.1908  -1.9186   0.6798  -2.0852
  1.1878  -1.9324   0.6705  -2.0719
  1.1847  -1.9460   0.6613  -2.0582
  1.1817  -1.9595   0.6523  -2.0443
  1.1785  -1.9728   0.6435  -2.0300
  1.1754  -1.9860   0.6349  -2.0156
  1.1723  -1.9990   0.6265  -2.0008
  1.1692  -2.0118   0.6183  -1.9859
  1.1661  -2.0244   0.6104  -1.9707
  1.1631  -2.0369   0.6027  -1.9554
  1.1600  -2.0491   0.5952  -1.9399
  1.1571  -2.0611   0.5881  -1.9243
  1.1542  -2.0729   0.5812  -1.9086
  1.1513  -2.0844   0.5746  -1.8929
  1.1486  -2.0956   0.5682  -1.8771
  1.1460  -2.1065   0.5622  -1.8615
  1.1435  -2.1171   0.5565  -1.8460
  1.1411  -2.1273   0.5512  -1.8308
  1.1388  -2.1370   0.5462  -1.8159
  1.1367  -2.1463   0.5415  -1.8014
  1.1348  -2.1550   0.5373  -1.7875
  1.1330  -2.1631   0.5335  -1.7743
  1.1314  -2.1705   0.5300  -1.7621
  1.1301  -2.1770   0.5271  -1.7511
  1.1290  -2.1826   0.5247  -1.7415
  1.1281  -2.1871   0.5227  -1.7336
  1.1276  -2.1903   0.5214  -1.7279
  1.1273  -2.1920   0.5207  -1.7247
  1.1273  -2.1920   0.5207  -1.7247
  1.1273  -2.1920   0.5314  -1.7340
  1.1273  -2.1918   0.5419  -1.7432
  1.1273  -2.1913   0.5525  -1.7521
  1.1272  -2.1906   0.5629  -1.7609
  1.1271  -2.1898   0.5733  -1.7695
  1.1269  -2.1888   0.5837  -1.7780
  1.1267  -2.1876   0.5939  -1.7863
  1.1265  -2.1862   0.6042  -1.7944
  1.1262  -2.1848   0.6143  -1.8024
  1.1259  -2.1832   0.6245  -1.8102
  1.1256  -2.1814   0.6345  -1.8179
  1.1252  -2.1796   0.6445  -1.8253
  1.1248  -2.1777   0.6545  -1.8327
  1.1244  -2.1757   0.6644  -1.8398
  1.1239  -2.1736   0.6742  -1.8468
  1.1235  -2.1715   0.6840  -1.8537
  1.1230  -2.1692   0.6937  -1.8604
  1.1224  -2.1670   0.7034  -1.8669
  1.1219  -2.1646   0.7130  -1.8733
  1.1213  -2.1623   0.7226  -1.8795
  1.1207  -2.1598   0.7321  -1.8856
  1.1201  -2.1574   0.7415  -1.8915
  1.1194  -2.1549   0.7509  -1.8972
  1.1188  -2.1524   0.7602  -1.9028
  1.1181  -2.1498   0.7695  -1.9082
  1.1174  -2.1472   0.7786  -1.9135
  1.1167  -2.1447   0.7878  -1.9186
  1.1160  -2.1421   0.7968  -1.9236
  1.1153  -2.1394   0.8058  -1.9283
  1.1145  -2.1368   0.8147  -1.9330
  1.1138  -2.1342   0.8236  -1.9375
  1.1130  -2.1316   0.8323  -1.9418
  1.1123  -2.1289   0.8410  -1.9459
  1.1115  -2.1263   0.8497  -1.9499
  1.1107  -2.1237   0.8582  -1.9538
  1.1099  -2.1210   0.8667  -1.9574
  1.1091  -2.1184   0.8750  -1.9609
  1.1084  -2.1158   0.8833  -1.9643
  1.1076  -2.1132   0.8915  -1.9675
  1.1068  -2.1106   0.8996  -1.9705
  1.1060  -2.1081   0.9077  -1.9734
  1.1052  -2.1055   0.9156  -1.9760
  1.1044  -2.1030   0.9234  -1.9786
  1.1037  -2.1005   0.9312  -1.9809
  1.1029  -2.0980   0.9388  -1.9831
  1.1021  -2.0955   0.9463  -1.9851
  1.1014  -2.0931   0.9537  -1.9870
  1.1006  -2.0907   0.9610  -1.9887
  1.0999  -2.0883   0.9682  -1.9902
  1.0991  -2.0860   0.9753  -1.9915
  1.0984  -2.0837   0.9822  -1.9927
  1.0977  -2.0814   0.9891  -1.9937
  1.0970  -2.0792   0.9958  -1.9945
  1.0963  -2.0770   1.0023  -1.9952
  1.0957  -2.0749   1.0087  -1.9957
  1.0950  -2.0728   1.0150  -1.9960
  1.0944  -2.0707   1.0212  -1.9961
  1.0938  -2.0687   1.0272  -1.9960
  1.0932  -2.0668   1.0331  -1.9958
  1.0926  -2.0649   1.0388  -1.9954
  1.0920  -2.0631   1.0443  -1.9948
  1.0915  -2.0613   1.0498  -1.9941
  1.0910  -2.0596   1.0550  -1.9931
  1.0905  -2.0580   1.0601  -1.9920
  1.0901  -2.0564   1.0650  -1.9907
  1.0896  -2.0549   1.0697  -1.9892
  1.0892  -2.0535   1.0743  -1.9875
  1.0888  -2.0521   1.0787  -1.9857
  1.0885  -2.0509   1.0829  -1.9836
  1.0881  -2.0497   1.0869  -1.9814
  1.0878  -2.0486   1.0907  -1.9790
  1.0875  -2.0477   1.0943  -1.9763
  1.0873  -2.0468   1.0978  -1.9735
  1.0871  -2.0460   1.1010  -1.9706
  1.0869  -2.0454   1.1041  -1.9674
  1.0868  -2.0449   1.1069  -1.9640
  1.0867  -2.0444   1.1095  -1.9605
  1.0866  -2.0442   1.1119  -1.9567
  1.0866  -2.0440   1.1141  -1.9528
  1.0866  -2.0440   1.1141  -1.9528
  1.0866  -2.0440   1.1161  -1.9486
  1.0865  -2.0437   1.1177  -1.9456
  1.0864  -2.0430   1.1190  -1.9439
  1.0862  -2.0421   1.1198  -1.9432
  1.0860  -2.0409   1.1202  -1.9435
  1.0857  -2.0394   1.1202  -1.9446
  1.0853  -2.0377   1.1198  -1.9463
  1.0849  -2.0358   1.1191  -1.9487
  1.0844  -2.0337   1.1179  -1.9515
  1.0839  -2.0315   1.1164  -1.9548
  1.0834  -2.0291   1.1145  -1.9585
  1.0827  -2.0266   1.1123  -1.9624
  1.0821  -2.0240   1.1097  -1.9666
  1.0814  -2.0213   1.1068  -1.9711
  1.0807  -2.0185   1.1036  -1.9757
  1.0799  -2.0157   1.1000  -1.9805
  1.0791  -2.0129   1.0962  -1.9854
  1.0782  -2.0100   1.0920  -1.9904
  1.0773  -2.0070   1.0876  -1.9955
  1.0764  -2.0040   1.0830  -2.0007
  1.0755  -2.0010   1.0781  -2.0059
  1.0745  -1.9980   1.0729  -2.0112
  1.0735  -1.9950   1.0675  -2.0165
  1.0725  -1.9919   1.0619  -2.0218
  1.0714  -1.9888   1.0561  -2.0271
  1.0704  -1.9857   1.0501  -2.0325
  1.0693  -1.9826   1.0439  -2.0378
  1.0682  -1.9795   1.0376  -2.0430
  1.0671  -1.9764   1.0311  -2.0483
  1.0660  -1.9733   1.0245  -2.0535
  1.0649  -1.9701   1.0178  -2.0587
  1.0638  -1.9670   1.0109  -2.0639
  1.0627  -1.9639   1.0040  -2.0690
  1.0616  -1.9607   0.9969  -2.0740
  1.0604  -1.9576   0.9898  -2.0790
  1.0593  -1.9545   0.9827  -2.0839
  1.0582  -1.9513   0.9755  -2.0888
  1.0571  -1.9482   0.9683  -2.0936
  1.0560  -1.9451   0.9611  -2.0984
  1.0549  -1.9419   0.9538  -2.1031
  1.0538  -1.9388   0.9466  -2.1077
  1.0528  -1.9357   0.9395  -2.1122
  1.0517  -1.9326   0.9323  -2.1167
  1.0507  -1.9295   0.9253  -2.1211
  1.0497  -1.9264   0.9183  -2.1254
  1.0487  -1.9233   0.9114  -2.1296
  1.0477  -1.9202   0.9046  -2.1338
  1.0468  -1.9172   0.8979  -2.1379
  1.0459  -1.9142   0.8914  -2.1419
  1.0450  -1.9112   0.8850  -2.1458
  1.0441  -1.9082   0.8788  -2.1496
  1.0433  -1.9053   0.8727  -2.1534
  1.0425  -1.9024   0.8669  -2.1571
  1.0417  -1.8996   0.8613  -2.1606
  1.0409  -1.8968   0.8559  -2.1641
  1.0402  -1.8941   0.8507  -2.1675
  1.0396  -1.8915   0.8458  -2.1707
  1.0390  -1.8890   0.8412  -2.1739
  1.0384  -1.8865   0.8369  -2.1769
  1.0379  -1.8842   0.8329  -2.1798
  1.0374  -1.8820   0.8292  -2.1825
  1.0369  -1.8800   0.8259  -2.1851
  1.0365  -1.8781   0.8229  -2.1875
  1.0362  -1.8764   0.8203  -2.1896
  1.0359  -1.8749   0.8181  -2.1915
  1.0357  -1.8737   0.8163  -2.1932
  1.0355  -1.8727   0.8149  -2.1945
  1.0354  -1.8721   0.8139  -2.1954
  1.0354  -1.8721   0.8139  -2.1954
  1.0415  -1.8766   0.8134  -2.1959
  1.0477  -1.8809   0.8131  -2.1967
  1.0539  -1.8848   0.8131  -2.1978
  1.0601  -1.8885   0.8133  -2.1992
  1.0662  -1.8918   0.8138  -2.2008
  1.0723  -1.8949   0.8146  -2.2027
  1.0784  -1.8976   0.8156  -2.2047
  1.0845  -1.9001   0.8168  -2.2069
  1.0905  -1.9023   0.8183  -2.2093
  1.0965  -1.9042   0.8200  -2.2118
  1.1024  -1.9059   0.8218  -2.2145
  1.1083  -1.9072   0.8239  -2.2172
  1.1142  -1.9083   0.8261  -2.2201
  1.1200  -1.9091   0.8286  -2.2230
  1.1258  -1.9097   0.8311  -2.2260
  1.1315  -1.9100   0.8339  -2.2291
  1.1372  -1.9101   0.8368  -2.2322
  1.1428  -1.9099   0.8399  -2.2354
  1.1484  -1.9094   0.8430  -2.2386
  1.1539  -1.9087   0.8464  -2.2418
  1.1593  -1.9078   0.8498  -2.2450
  1.1647  -1.9066   0.8534  -2.2483
  1.1699  -1.9052   0.8570  -2.2516
  1.1752  -1.9036   0.8608  -2.2548
  1.1803  -1.9017   0.8646  -2.2581
  1.1854  -1.8996   0.8685  -2.2613
  1.1903  -1.8973   0.8725  -2.2646
  1.1953  -1.8947   0.8766  -2.2678
  1.2001  -1.8919   0.8808  -2.2710
  1.2048  -1.8890   0.8849  -2.2742
  1.2095  -1.8857   0.8892  -2.2773
  1.2140  -1.8823   0.8935  -2.2804
  1.2185  -1.8787   0.8978  -2.2835
  1.2229  -1.8749   0.9021  -2.2866
  1.2271  -1.8708   0.9064  -2.2896
  1.2313  -1.8666   0.9108  -2.2926
  1.2354  -1.8621   0.9152  -2.2955
  1.2394  -1.8575   0.9195  -2.2984
  1.2433  -1.8526   0.9239  -2.3012
  1.2471  -1.8476   0.9282  -2.3040
  1.2508  -1.8423   0.9325  -2.3067
  1.2544  -1.8369   0.9368  -2.3094
  1.2579  -1.8313   0.9410  -2.3121
  1.2612  -1.8255   0.9452  -2.3146
  1.2645  -1.8195   0.9493  -2.3172
  1.2677  -1.8133   0.9534  -2.3197
  1.2708  -1.8070   0.9574  -2.3221
  1.2737  -1.8004   0.9613  -2.3244
  1.2766  -1.7937   0.9651  -2.3267
  1.2793  -1.7868   0.9689  -2.3290
  1.2820  -1.7797   0.9725  -2.3312
  1.2845  -1.7724   0.9761  -2.3333
  1.2869  -1.7650   0.9795  -2.3353
  1.2892  -1.7574   0.9828  -2.3373
  1.2914  -1.7496   0.9860  -2.3392
  1.2935  -1.7417   0.9891  -2.3411
  1.2955  -1.7336   0.9920  -2.3429
  1.2974  -1.7253   0.9948  -2.3446
  1.2991  -1.7168   0.9974  -2.3462
  1.3008  -1.7082   0.9999  -2.3477
  1.3023  -1.6994   1.0021  -2.3491
  1.3037  -1.6904   1.0043  -2.3505
  1.3051  -1.6813   1.0062  -2.3517
  1.3063  -1.6720   1.0080  -2.3529
  1.3073  -1.6625   1.0095  -2.3539
  1.3083  -1.6529   1.0109  -2.3549
  1.3092  -1.6430   1.0120  -2.3557
  1.3099  -1.6331   1.0129  -2.3563
  1.3106  -1.6229   1.0136  -2.3568
  1.3111  -1.6126   1.0141  -2.3572
  1.3115  -1.6021   1.0144  -2.3574
  1.3115  -1.6021   1.0144  -2.3574
  1.3118  -1.5915   1.0144  -2.3574
  1.3122  -1.5841   1.0137  -2.3572
  1.3125  -1.5801   1.0123  -2.3570
  1.3129  -1.5790   1.0102  -2.3565
  1.3132  -1.5804   1.0074  -2.3558
  1.3135  -1.5839   1.0040  -2.3549
  1.3137  -1.5892   0.9999  -2.3538
  1.3137  -1.5960   0.9952  -2.3526
  1.3136  -1.6040   0.9899  -2.3511
  1.3134  -1.6130   0.9841  -2.3493
  1.3130  -1.6228   0.9778  -2.3474
  1.3124  -1.6334   0.9710  -2.3452
  1.3117  -1.6445   0.9638  -2.3427
  1.3107  -1.6561   0.9561  -2.3400
  1.3096  -1.6681   0.9480  -2.3370
  1.3083  -1.6803   0.9396  -2.3338
  1.3067  -1.6929   0.9308  -2.3303
  1.3050  -1.7055   0.9217  -2.3264
  1.3031  -1.7184   0.9123  -2.3223
  1.3010  -1.7313   0.9026  -2.3179
  1.2987  -1.7442   0.8927  -2.3131
  1.2962  -1.7573   0.8826  -2.3080
  1.2935  -1.7703   0.8722  -2.3026
  1.2906  -1.7833   0.8617  -2.2968
  1.2876  -1.7962   0.8511  -2.2907
  1.2844  -1.8091   0.8403  -2.2842
  1.2811  -1.8220   0.8294  -2.2773
  1.2776  -1.8347   0.8184  -2.2701
  1.2739  -1.8474   0.8074  -2.2626
  1.2701  -1.8599   0.7963  -2.2546
  1.2662  -1.8724   0.7851  -2.2463
  1.2622  -1.8847   0.7740  -2.2376
  1.2580  -1.8968   0.7629  -2.2285
  1.2537  -1.9089   0.7518  -2.2191
  1.2494  -1.9208   0.7407  -2.2092
  1.2449  -1.9325   0.7298  -2.1990
  1.2404  -1.9441   0.7189  -2.1885
  1.2358  -1.9556   0.7081  -2.1775
  1.2312  -1.9668   0.6974  -2.1662
  1.2265  -1.9779   0.6868  -2.1545
  1.2218  -1.9888   0.6764  -2.1424
  1.2170  -1.9996   0.6661  -2.1300
  1.2123  -2.0101   0.6560  -2.1173
  1.2075  -2.0205   0.6461  -2.1042
  1.2027  -2.0307   0.6364  -2.0908
  1.1980  -2.0407   0.6269  -2.0771
  1.1933  -2.0505   0.6177  -2.0631
  1.1886  -2.0601   0.6086  -2.0488
  1.1840  -2.0695   0.5998  -2.0343
  1.1795  -2.0786   0.5913  -2.0195
  1.1751  -2.0876   0.5830  -2.0046
  1.1707  -2.0963   0.5751  -1.9894
  1.1665  -2.1049   0.5674  -1.9741
  1.1623  -2.1131   0.5600  -1.9587
  1.1584  -2.1212   0.5529  -1.9432
  1.1545  -2.1289   0.5462  -1.9278
  1.1509  -2.1364   0.5398  -1.9124
  1.1474  -2.1436   0.5337  -1.8971
  1.1441  -2.1505   0.5281  -1.8820
  1.1411  -2.1571   0.5228  -1.8673
  1.1382  -2.1632   0.5179  -1.8530
  1.1356  -2.1690   0.5134  -1.8393
  1.1333  -2.1743   0.5094  -1.8263
  1.1313  -2.1791   0.5058  -1.8142
  1.1295  -2.1834   0.5027  -1.8033
  1.1281  -2.1870   0.5002  -1.7939
  1.1270  -2.1899   0.4982  -1.7861
  1.1262  -2.1919   0.4968  -1.7805
  1.1262  -2.1919   0.4968  -1.7805
  1.1259  -2.1930   0.5072  -1.7891
  1.1255  -2.1938   0.5175  -1.7975
  1.1252  -2.1942   0.5277  -1.8058
  1.1248  -2.1944   0.5379  -1.8139
  1.1243  -2.1943   0.5481  -1.8219
  1.1239  -2.1940   0.5583  -1.8297
  1.1234  -2.1934   0.5684  -1.8374
  1.1229  -2.1927   0.5784  -1.8449
  1.1224  -2.1917   0.5884  -1.8523
  1.1219  -2.1906   0.5984  -1.8596
  1.1214  -2.1893   0.6084  -1.8667
  1.1208  -2.1878   0.6183  -1.8737
  1.1202  -2.1862   0.6281  -1.8805
  1.1196  -2.1845   0.6379  -1.8871
  1.1190  -2.1827   0.6477  -1.8937
  1.1184  -2.1807   0.6574  -1.9001
  1.1178  -2.1787   0.6671  -1.9063
  1.1171  -2.1766   0.6768  -1.9124
  1.1165  -2.1744   0.6864  -1.9183
  1.1158  -2.1721   0.6959  -1.9241
  1.1151  -2.1697   0.7054  -1.9298
  1.1145  -2.1673   0.7149  -1.9353
  1.1138  -2.1648   0.7243  -1.9407
  1.1131  -2.1623   0.7337  -1.9459
  1.1124  -2.1597   0.7430  -1.9510
  1.1116  -2.1571   0.7523  -1.9559
  1.1109  -2.1545   0.7615  -1.9607
  1.1102  -2.1518   0.7706  -1.9653
  1.1095  -2.1491   0.7797  -1.9698
  1.1087  -2.1464   0.7888  -1.9741
  1.1080  -2.1437   0.7977  -1.9783
  1.1073  -2.1409   0.8067  -1.9823
  1.1065  -2.1381   0.8155  -1.9862
  1.1058  -2.1354   0.8243  -1.9899
  1.1051  -2.1326   0.8330  -1.9935
  1.1043  -2.1298   0.8417  -1.9969
  1.1036  -2.1270   0.8502  -2.0001
  1.1029  -2.1242   0.8587  -2.0032
  1.1022  -2.1214   0.8671  -2.0062
  1.1015  -2.1186   0.8755  -2.0090
  1.1007  -2.1159   0.8837  -2.0116
  1.1000  -2.1131   0.8919  -2.0141
  1.0993  -2.1104   0.9000  -2.0164
  1.0987  -2.1077   0.9079  -2.0185
  1.0980  -2.1049   0.9158  -2.0205
  1.0973  -2.1023   0.9236  -2.0223
  1.0966  -2.0996   0.9313  -2.0240
  1.0960  -2.0970   0.9389  -2.0255
  1.0953  -2.0944   0.9464  -2.0268
  1.0947  -2.0918   0.9537  -2.0280
  1.0941  -2.0892   0.9610  -2.0290
  1.0935  -2.0867   0.9681  -2.0298
  1.0929  -2.0842   0.9751  -2.0305
  1.0923  -2.0818   0.9820  -2.0310
  1.0918  -2.0794   0.9888  -2.0313
  1.0912  -2.0771   0.9954  -2.0315
  1.0907  -2.0748   1.0019  -2.0315
  1.0902  -2.0725   1.0082  -2.0313
  1.0897  -2.0703   1.0144  -2.0309
  1.0892  -2.0682   1.0205  -2.0304
  1.0887  -2.0661   1.0264  -2.0297
  1.0883  -2.0641   1.0321  -2.0288
  1.0879  -2.0622   1.0377  -2.0277
  1.0875  -2.0603   1.0432  -2.0265
  1.0871  -2.0585   1.0484  -2.0250
  1.0867  -2.0568   1.0535  -2.0234
  1.0864  -2.0551   1.0585  -2.0217
  1.0861  -2.0536   1.0632  -2.0197
  1.0858  -2.0521   1.0678  -2.0175
  1.0855  -2.0508   1.0722  -2.0152
  1.0853  -2.0495   1.0764  -2.0127
  1.0850  -2.0484   1.0804  -2.0100
  1.0848  -2.0474   1.0842  -2.0071
  1.0847  -2.0465   1.0879  -2.0041
  1.0845  -2.0457   1.0913  -2.0008
  1.0844  -2.0451   1.0945  -1.9974
  1.0843  -2.0446   1.0975  -1.9937
  1.0843  -2.0443   1.1003  -1.9899
  1.0842  -2.0441   1.1029  -1.9859
  1.0842  -2.0441   1.1029  -1.9859
  1.0842  -2.0441   1.1052  -1.9817
  1.0842  -2.0438   1.1073  -1.9786
  1.0840  -2.0432   1.1088  -1.9767
  1.0839  -2.0425   1.1100  -1.9757
  1.0836  -2.0414   1.1107  -1.9757
  1.0833  -2.0402   1.1111  -1.9764
  1.0830  -2.0387   1.1110  -1.9778
  1.0825  -2.0370   1.1105  -1.9797
  1.0821  -2.0352   1.1096  -1.9821
  1.0815  -2.0332   1.1084  -1.9849
  1.0810  -2.0311   1.1068  -1.9881
  1.0803  -2.0290   1.1048  -1.9915
  1.0797  -2.0267   1.1025  -1.9952
  1.0789  -2.0243   1.0998  -1.9991
  1.0782  -2.0219   1.0969  -2.0032
  1.0774  -2.0194   1.0936  -2.0075
  1.0765  -2.0169   1.0900  -2.0118
  1.0757  -2.0143   1.0861  -2.0163
  1.0748  -2.0117   1.0819  -2.0209
  1.0738  -2.0091   1.0775  -2.0255
  1.0729  -2.0065   1.0728  -2.0302
  1.0719  -2.0038   1.0678  -2.0349
  1.0708  -2.0011   1.0627  -2.0396
  1.0698  -1.9984   1.0573  -2.0444
  1.0687  -1.9957   1.0517  -2.0492
  1.0677  -1.9929   1.0459  -2.0539
  1.0666  -1.9902   1.0399  -2.0587
  1.0655  -1.9874   1.0338  -2.0634
  1.0644  -1.9847   1.0275  -2.0681
  1.0632  -1.9819   1.0211  -2.0728
  1.0621  -1.9791   1.0146  -2.0774
  1.0610  -1.9763   1.0079  -2.0820
  1.0598  -1.9736   1.0011  -2.0865
  1.0587  -1.9708   0.9943  -2.0910
  1.0575  -1.9680   0.9874  -2.0954
  1.0564  -1.9652   0.9804  -2.0998
  1.0553  -1.9624   0.9734  -2.1041
  1.0542  -1.9596   0.9664  -2.1084
  1.0530  -1.9568   0.9593  -2.1126
  1.0519  -1.9540   0.9523  -2.1167
  1.0509  -1.9513   0.9452  -2.1208
  1.0498  -1.9485   0.9382  -2.1247
  1.0487  -1.9457   0.9312  -2.1287
  1.0477  -1.9429   0.9243  -2.1325
  1.0467  -1.9402   0.9175  -2.1363
  1.0457  -1.9375   0.9107  -2.1399
  1.0447  -1.9347   0.9041  -2.1435
  1.0437  -1.9320   0.8975  -2.1471
  1.0428  -1.9293   0.8911  -2.1505
  1.0419  -1.9267   0.8849  -2.1539
  1.0410  -1.9240   0.8788  -2.1572
  1.0402  -1.9214   0.8728  -2.1604
  1.0394  -1.9189   0.8671  -2.1635
  1.0386  -1.9164   0.8616  -2.1666
  1.0379  -1.9139   0.8563  -2.1695
  1.0372  -1.9115   0.8512  -2.1724
  1.0366  -1.9092   0.8464  -2.1752
  1.0360  -1.9069   0.8419  -2.1778
  1.0354  -1.9047   0.8377  -2.1803
  1.0349  -1.9027   0.8337  -2.1828
  1.0344  -1.9008   0.8301  -2.1851
  1.0340  -1.8990   0.8268  -2.1872
  1.0336  -1.8973   0.8239  -2.1892
  1.0332  -1.8958   0.8213  -2.1910
  1.0329  -1.8946   0.8192  -2.1926
  1.0327  -1.8935   0.8174  -2.1939
  1.0325  -1.8927   0.8160  -2.1950
  1.0324  -1.8921   0.8151  -2.1958
  1.0324  -1.8921   0.8151  -2.1958
  1.0385  -1.8962   0.8145  -2.1962
  1.0446  -1.9000   0.8143  -2.1969
  1.0507  -1.9036   0.8142  -2.1979
  1.0568  -1.9068   0.8145  -2.1992
  1.0629  -1.9097   0.8150  -2.2008
  1.0689  -1.9124   0.8158  -2.2025
  1.0749  -1.9148   0.8168  -2.2044
  1.0809  -1.9169   0.8180  -2.2066
  1.0869  -1.9187   0.8194  -2.2088
  1.0928  -1.9202   0.8211  -2.2113
  1.0987  -1.9215   0.8230  -2.2138
  1.1045  -1.9226   0.8250  -2.2165
  1.1103  -1.9233   0.8273  -2.2192
  1.1161  -1.9238   0.8297  -2.2220
  1.1218  -1.9241   0.8323  -2.2250
  1.1275  -1.9241   0.8350  -2.2279
  1.1331  -1.9239   0.8379  -2.2310
  1.1387  -1.9234   0.8409  -2.2341
  1.1442  -1.9227   0.8441  -2.2372
  1.1496  -1.9217   0.8474  -2.2403
  1.1550  -1.9205   0.8509  -2.2435
  1.1603  -1.9191   0.8544  -2.2467
  1.1656  -1.9175   0.8581  -2.2499
  1.1708  -1.9156   0.8618  -2.2531
  1.1759  -1.9135   0.8656  -2.2563
  1.1809  -1.9112   0.8696  -2.2595
  1.1858  -1.9086   0.8736  -2.2627
  1.1907  -1.9058   0.8776  -2.2659
  1.1955  -1.9029   0.8817  -2.2691
  1.2002  -1.8997   0.8859  -2.2722
  1.2048  -1.8963   0.8902  -2.2753
  1.2093  -1.8927   0.8944  -2.2784
  1.2138  -1.8889   0.8987  -2.2815
  1.2181  -1.8849   0.9030  -2.2846
  1.2224  -1.8807   0.9074  -2.2876
  1.2266  -1.8763   0.9117  -2.2906
  1.2306  -1.8717   0.9161  -2.2935
  1.2346  -1.8669   0.9204  -2.2964
  1.2385  -1.8619   0.9248  -2.2993
  1.2423  -1.8567   0.9291  -2.3021
  1.2459  -1.8514   0.9334  -2.3049
  1.2495  -1.8458   0.9376  -2.3076
  1.2530  -1.8401   0.9419  -2.3103
  1.2564  -1.8342   0.9460  -2.3130
  1.2596  -1.8281   0.9501  -2.3155
  1.2628  -1.8218   0.9542  -2.3181
  1.2659  -1.8153   0.9582  -2.3206
  1.2688  -1.8087   0.9621  -2.3230
  1.2717  -1.8019   0.9659  -2.3254
  1.2745  -1.7949   0.9697  -2.3277
  1.2771  -1.7878   0.9733  -2.3299
  1.2796  -1.7804   0.9769  -2.3321
  1.2821  -1.7729   0.9803  -2.3343
  1.2844  -1.7653   0.9836  -2.3363
  1.2866  -1.7574   0.9868  -2.3383
  1.2887  -1.7494   0.9899  -2.3402
  1.2907  -1.7413   0.9928  -2.3421
  1.2926  -1.7329   0.9956  -2.3438
  1.2944  -1.7244   0.9982  -2.3455
  1.2961  -1.7158   1.0006  -2.3471
  1.2976  -1.7070   1.0029  -2.3486
  1.2991  -1.6980   1.0050  -2.3500
  1.3004  -1.6888   1.0070  -2.3514
  1.3017  -1.6795   1.0087  -2.3526
  1.3028  -1.6700   1.0103  -2.3536
  1.3038  -1.6604   1.0116  -2.3546
  1.3047  -1.6506   1.0128  -2.3554
  1.3055  -1.6406   1.0137  -2.3561
  1.3062  -1.6305   1.0144  -2.3567
  1.3068  -1.6202   1.0149  -2.3570
  1.3072  -1.6098   1.0151  -2.3572
  1.3072  -1.6098   1.0151  -2.3572
  1.3076  -1.5992   1.0151  -2.3572
  1.3080  -1.5918   1.0145  -2.3571
  1.3084  -1.5877   1.0131  -2.3567
  1.3088  -1.5865   1.0110  -2.3561
  1.3091  -1.5878   1.0083  -2.3553
  1.3094  -1.5912   1.0048  -2.3543
  1.3096  -1.5963   1.0008  -2.3530
  1.3097  -1.6029   0.9961  -2.3515
  1.3097  -1.6107   0.9909  -2.3498
  1.3094  -1.6196   0.9852  -2.3479
  1.3091  -1.6292   0.9789  -2.3457
  1.3085  -1.6395   0.9722  -2.3433
  1.3078  -1.6505   0.9650  -2.3406
  1.3069  -1.6618   0.9574  -2.3377
  1.3058  -1.6736   0.9494  -2.3345
  1.3045  -1.6856   0.9411  -2.3310
  1.3030  -1.6979   0.9324  -2.3273
  1.3013  -1.7104   0.9233  -2.3232
  1.2994  -1.7230   0.9140  -2.3189
  1.2974  -1.7357   0.9045  -2.3143
  1.2951  -1.7484   0.8946  -2.3093
  1.2927  -1.7612   0.8846  -2.3041
  1.2900  -1.7740   0.8744  -2.2985
  1.2872  -1.7868   0.8640  -2.2926
  1.2843  -1.7996   0.8534  -2.2863
  1.2811  -1.8123   0.8427  -2.2797
  1.2779  -1.8249   0.8319  -2.2727
  1.2744  -1.8375   0.8211  -2.2654
  1.2708  -1.8500   0.8101  -2.2578
  1.2671  -1.8623   0.7991  -2.2497
  1.2633  -1.8746   0.7881  -2.2414
  1.2593  -1.8867   0.7771  -2.2326
  1.2552  -1.8988   0.7661  -2.2235
  1.2511  -1.9107   0.7551  -2.2140
  1.2468  -1.9224   0.7441  -2.2042
  1.2424  -1.9340   0.7332  -2.1940
  1.2380  -1.9455   0.7224  -2.1834
  1.2335  -1.9568   0.7117  -2.1725
  1.2289  -1.9679   0.7011  -2.1612
  1.2243  -1.9789   0.6907  -2.1495
  1.2197  -1.9897   0.6803  -2.1375
  1.2150  -2.0003   0.6702  -2.1252
  1.2103  -2.0108   0.6602  -2.1126
  1.2057  -2.0211   0.6503  -2.0996
  1.2010  -2.0312   0.6407  -2.0863
  1.1963  -2.0411   0.6313  -2.0727
  1.1917  -2.0508   0.6221  -2.0588
  1.1872  -2.0603   0.6131  -2.0447
  1.1826  -2.0697   0.6044  -2.0303
  1.1782  -2.0788   0.5959  -2.0157
  1.1738  -2.0877   0.5877  -2.0009
  1.1695  -2.0964   0.5798  -1.9859
  1.1654  -2.1049   0.5722  -1.9708
  1.1613  -2.1132   0.5648  -1.9555
  1.1574  -2.1212   0.5578  -1.9403
  1.1537  -2.1289   0.5511  -1.9250
  1.1501  -2.1364   0.5448  -1.9098
  1.1467  -2.1436   0.5388  -1.8947
  1.1435  -2.1505   0.5331  -1.8799
  1.1405  -2.1570   0.5279  -1.8653
  1.1377  -2.1632   0.5230  -1.8512
  1.1351  -2.1690   0.5186  -1.8377
  1.1328  -2.1743   0.5146  -1.8249
  1.1308  -2.1792   0.5110  -1.8130
  1.1291  -2.1834   0.5080  -1.8022
  1.1277  -2.1870   0.5055  -1.7929
  1.1266  -2.1899   0.5035  -1.7852
  1.1259  -2.1920   0.5021  -1.7797
  1.1259  -2.1920   0.5021  -1.7797
  1.1255  -2.1931   0.5125  -1.7881
  1.1252  -2.1938   0.5228  -1.7965
  1.1248  -2.1943   0.5330  -1.8047
  1.1244  -2.1945   0.5432  -1.8127
  1.1240  -2.1944   0.5534  -1.8206
  1.1236  -2.1941   0.5635  -1.8283
  1.1231  -2.1935   0.5736  -1.8359
  1.1226  -2.1928   0.5837  -1.8434
  1.1221  -2.1918   0.5937  -1.8507
  1.1216  -2.1907   0.6037  -1.8579
  1.1211  -2.1894   0.6136  -1.8649
  1.1205  -2.1879   0.6235  -1.8718
  1.1199  -2.1864   0.6333  -1.8785
  1.1194  -2.1846   0.6431  -1.8851
  1.1188  -2.1828   0.6529  -1.8915
  1.1182  -2.1809   0.6626  -1.8978
  1.1175  -2.1788   0.6723  -1.9040
  1.1169  -2.1767   0.6819  -1.9100
  1.1162  -2.1745   0.6915  -1.9159
  1.1156  -2.1722   0.7011  -1.9216
  1.1149  -2.1699   0.7106  -1.9272
  1.1142  -2.1674   0.7200  -1.9326
  1.1135  -2.1650   0.7294  -1.9379
  1.1128  -2.1625   0.7387  -1.9430
  1.1121  -2.1599   0.7480  -1.9480
  1.1114  -2.1573   0.7573  -1.9529
  1.1107  -2.1546   0.7665  -1.9576
  1.1100  -2.1520   0.7756  -1.9621
  1.1093  -2.1493   0.7847  -1.9665
  1.1086  -2.1466   0.7937  -1.9708
  1.1078  -2.1438   0.8026  -1.9749
  1.1071  -2.1411   0.8115  -1.9788
  1.1064  -2.1383   0.8203  -1.9826
  1.1057  -2.1355   0.8291  -1.9863
  1.1049  -2.1327   0.8377  -1.9897
  1.1042  -2.1299   0.8464  -1.9931
  1.1035  -2.1271   0.8549  -1.9963
  1.1028  -2.1243   0.8633  -1.9993
  1.1020  -2.1216   0.8717  -2.0022
  1.1013  -2.1188   0.8800  -2.0049
  1.1006  -2.1160   0.8882  -2.0074
  1.0999  -2.1133   0.8963  -2.0098
  1.0992  -2.1105   0.9044  -2.0121
  1.0986  -2.1078   0.9123  -2.0141
  1.0979  -2.1051   0.9201  -2.0161
  1.0972  -2.1024   0.9279  -2.0178
  1.0966  -2.0997   0.9355  -2.0194
  1.0959  -2.0971   0.9430  -2.0208
  1.0953  -2.0945   0.9504  -2.0221
  1.0946  -2.0919   0.9577  -2.0232
  1.0940  -2.0893   0.9649  -2.0241
  1.0934  -2.0868   0.9720  -2.0249
  1.0928  -2.0843   0.9790  -2.0255
  1.0923  -2.0819   0.9858  -2.0259
  1.0917  -2.0795   0.9925  -2.0262
  1.0912  -2.0771   0.9990  -2.0263
  1.0906  -2.0748   1.0055  -2.0262
  1.0901  -2.0726   1.0117  -2.0260
  1.0896  -2.0704   1.0179  -2.0255
  1.0892  -2.0682   1.0239  -2.0249
  1.0887  -2.0662   1.0297  -2.0242
  1.0883  -2.0641   1.0354  -2.0232
  1.0878  -2.0622   1.0409  -2.0221
  1.0874  -2.0603   1.0463  -2.0208
  1.0871  -2.0585   1.0515  -2.0193
  1.0867  -2.0568   1.0565  -2.0176
  1.0864  -2.0552   1.0614  -2.0158
  1.0861  -2.0536   1.0661  -2.0138
  1.0858  -2.0521   1.0706  -2.0116
  1.0855  -2.0508   1.0749  -2.0092
  1.0853  -2.0495   1.0790  -2.0066
  1.0850  -2.0484   1.0830  -2.0039
  1.0848  -2.0474   1.0867  -2.0010
  1.0847  -2.0465   1.0903  -1.9978
  1.0845  -2.0457   1.0936  -1.9945
  1.0844  -2.0451   1.0968  -1.9911
  1.0843  -2.0446   1.0997  -1.9874
  1.0843  -2.0442   1.1024  -1.9835
  1.0842  -2.0441   1.1049  -1.9795
  1.0842  -2.0441   1.1049  -1.9795
  1.0842  -2.0441   1.1072  -1.9752
  1.0842  -2.0437   1.1092  -1.9721
  1.0840  -2.0432   1.1107  -1.9701
  1.0838  -2.0424   1.1118  -1.9692
  1.0836  -2.0413   1.1125  -1.9692
  1.0833  -2.0399   1.1127  -1.9700
  1.0829  -2.0384   1.1126  -1.9715
  1.0824  -2.0367   1.1121  -1.9735
  1.0819  -2.0348   1.1111  -1.9759
  1.0813  -2.0327   1.1099  -1.9788
  1.0807  -2.0305   1.1082  -1.9821
  1.0800  -2.0283   1.1062  -1.9857
  1.0793  -2.0259   1.1038  -1.9895
  1.0786  -2.0234   1.1011  -1.9935
  1.0777  -2.0209   1.0981  -1.9977
  1.0769  -2.0184   1.0947  -2.0021
  1.0760  -2.0157   1.0911  -2.0065
  1.0750  -2.0131   1.0871  -2.0111
  1.0741  -2.0104   1.0829  -2.0158
  1.0731  -2.0077   1.0784  -2.0206
  1.0720  -2.0049   1.0737  -2.0254
  1.0710  -2.0021   1.0687  -2.0302
  1.0699  -1.9993   1.0635  -2.0351
  1.0688  -1.9965   1.0581  -2.0399
  1.0676  -1.9937   1.0525  -2.0448
  1.0665  -1.9909   1.0466  -2.0497
  1.0653  -1.9880   1.0406  -2.0545
  1.0641  -1.9852   1.0345  -2.0594
  1.0629  -1.9823   1.0282  -2.0642
  1.0617  -1.9794   1.0217  -2.0690
  1.0605  -1.9765   1.0151  -2.0737
  1.0593  -1.9736   1.0084  -2.0784
  1.0580  -1.9708   1.0016  -2.0831
  1.0568  -1.9679   0.9948  -2.0877
  1.0556  -1.9650   0.9878  -2.0922
  1.0544  -1.9621   0.9808  -2.0967
  1.0532  -1.9592   0.9738  -2.1012
  1.0519  -1.9563   0.9667  -2.1055
  1.0507  -1.9534   0.9596  -2.1098
  1.0495  -1.9505   0.9525  -2.1141
  1.0484  -1.9476   0.9454  -2.1182
  1.0472  -1.9447   0.9384  -2.1223
  1.0461  -1.9418   0.9314  -2.1264
  1.0449  -1.9389   0.9245  -2.1303
  1.0438  -1.9361   0.9176  -2.1342
  1.0428  -1.9332   0.9108  -2.1380
  1.0417  -1.9304   0.9041  -2.1417
  1.0407  -1.9275   0.8976  -2.1453
  1.0397  -1.9247   0.8912  -2.1489
  1.0387  -1.9220   0.8849  -2.1524
  1.0378  -1.9192   0.8788  -2.1558
  1.0368  -1.9165   0.8728  -2.1591
  1.0360  -1.9138   0.8671  -2.1623
  1.0351  -1.9112   0.8615  -2.1655
  1.0343  -1.9086   0.8562  -2.1685
  1.0336  -1.9061   0.8512  -2.1715
  1.0329  -1.9037   0.8463  -2.1743
  1.0322  -1.9013   0.8418  -2.1771
  1.0316  -1.8990   0.8375  -2.1797
  1.0310  -1.8969   0.8336  -2.1822
  1.0305  -1.8948   0.8300  -2.1846
  1.0300  -1.8930   0.8267  -2.1868
  1.0296  -1.8912   0.8237  -2.1889
  1.0292  -1.8897   0.8212  -2.1908
  1.0289  -1.8883   0.8190  -2.1924
  1.0286  -1.8872   0.8172  -2.1938
  1.0285  -1.8863   0.8158  -2.1950
  1.0283  -1.8857   0.8149  -2.1958
  1.0283  -1.8857   0.8149  -2.1958
  1.0344  -1.8898   0.8144  -2.1962
  1.0405  -1.8937   0.8141  -2.1969
  1.0466  -1.8972   0.8141  -2.1980
  1.0526  -1.9005   0.8143  -2.1993
  1.0587  -1.9034   0.8148  -2.2009
  1.0647  -1.9061   0.8156  -2.2026
  1.0707  -1.9085   0.8166  -2.2046
  1.0767  -1.9106   0.8178  -2.2068
  1.0826  -1.9125   0.8193  -2.2091
  1.0885  -1.9141   0.8209  -2.2116
  1.0944  -1.9154   0.8228  -2.2142
  1.1002  -1.9165   0.8248  -2.2169
  1.1060  -1.9173   0.8271  -2.2197
  1.1118  -1.9178   0.8295  -2.2226
  1.1175  -1.9181   0.8321  -2.2256
  1.1232  -1.9181   0.8348  -2.2287
  1.1288  -1.9179   0.8377  -2.2317
  1.1343  -1.9175   0.8408  -2.2349
  1.1398  -1.9168   0.8440  -2.2381
  1.1453  -1.9159   0.8473  -2.2413
  1.1506  -1.9147   0.8507  -2.2445
  1.1559  -1.9133   0.8542  -2.2477
  1.1612  -1.9117   0.8579  -2.2510
  1.1663  -1.9099   0.8616  -2.2542
  1.1714  -1.9078   0.8655  -2.2575
  1.1765  -1.9055   0.8694  -2.2607
  1.1814  -1.9030   0.8734  -2.2640
  1.1863  -1.9003   0.8775  -2.2672
  1.1911  -1.8973   0.8816  -2.2704
  1.1958  -1.8942   0.8858  -2.2736
  1.2004  -1.8908   0.8900  -2.2767
  1.2049  -1.8872   0.8943  -2.2798
  1.2094  -1.8835   0.8986  -2.2829
  1.2137  -1.8795   0.9029  -2.2859
  1.2180  -1.8753   0.9072  -2.2890
  1.2221  -1.8710   0.9116  -2.2919
  1.2262  -1.8664   0.9159  -2.2949
  1.2302  -1.8616   0.9203  -2.2978
  1.2341  -1.8567   0.9246  -2.3006
  1.2379  -1.8515   0.9289  -2.3034
  1.2416  -1.8462   0.9332  -2.3061
  1.2451  -1.8407   0.9375  -2.3088
  1.2486  -1.8350   0.9417  -2.3115
  1.2520  -1.8291   0.9459  -2.3141
  1.2553  -1.8230   0.9500  -2.3166
  1.2585  -1.8168   0.9541  -2.3191
  1.2616  -1.8104   0.9581  -2.3216
  1.2645  -1.8038   0.9620  -2.3239
  1.2674  -1.7970   0.9658  -2.3263
  1.2702  -1.7900   0.9695  -2.3285
  1.2728  -1.7829   0.9732  -2.3307
  1.2754  -1.7756   0.9767  -2.3328
  1.2778  -1.7681   0.9802  -2.3349
  1.2802  -1.7605   0.9835  -2.3369
  1.2824  -1.7527   0.9867  -2.3389
  1.2845  -1.7447   0.9897  -2.3407
  1.2865  -1.7366   0.9926  -2.3425
  1.2884  -1.7283   0.9954  -2.3442
  1.2902  -1.7198   0.9980  -2.3458
  1.2919  -1.7112   1.0005  -2.3474
  1.2935  -1.7024   1.0028  -2.3488
  1.2950  -1.6934   1.0049  -2.3502
  1.2963  -1.6843   1.0068  -2.3515
  1.2976  -1.6750   1.0086  -2.3526
  1.2987  -1.6655   1.0101  -2.3537
  1.2998  -1.6559   1.0115  -2.3546
  1.3007  -1.6461   1.0126  -2.3554
  1.3015  -1.6362   1.0135  -2.3561
  1.3022  -1.6261   1.0142  -2.3566
  1.3028  -1.6158   1.0147  -2.3570
  1.3033  -1.6053   1.0150  -2.3572
  1.3033  -1.6053   1.0150  -2.3572
  1.3036  -1.5947   1.0150  -2.3572
  1.3040  -1.5874   1.0143  -2.3570
  1.3045  -1.5833   1.0130  -2.3566
  1.3049  -1.5822   1.0109  -2.3560
  1.3053  -1.5835   1.0081  -2.3552
  1.3056  -1.5869   1.0047  -2.3542
  1.3059  -1.5921   1.0006  -2.3529
  1.3060  -1.5987   0.9960  -2.3513
  1.3060  -1.6065   0.9908  -2.3496
  1.3059  -1.6154   0.9850  -2.3476
  1.3055  -1.6251   0.9788  -2.3454
  1.3051  -1.6354   0.9721  -2.3430
  1.3044  -1.6464   0.9649  -2.3403
  1.3035  -1.6578   0.9573  -2.3373
  1.3025  -1.6696   0.9493  -2.3341
  1.3013  -1.6817   0.9410  -2.3306
  1.2998  -1.6940   0.9323  -2.3268
  1.2982  -1.7065   0.9233  -2.3227
  1.2964  -1.7191   0.9140  -2.3184
  1.2944  -1.7319   0.9044  -2.3137
  1.2922  -1.7447   0.8946  -2.3087
  1.2899  -1.7575   0.8846  -2.3034
  1.2873  -1.7704   0.8744  -2.2978
  1.2846  -1.7832   0.8640  -2.2918
  1.2817  -1.7960   0.8535  -2.2855
  1.2787  -1.8088   0.8428  -2.2789
  1.2755  -1.8215   0.8320  -2.2719
  1.2721  -1.8341   0.8212  -2.2645
  1.2686  -1.8466   0.8102  -2.2568
  1.2650  -1.8590   0.7993  -2.2488
  1.2612  -1.8714   0.7883  -2.2404
  1.2573  -1.8836   0.7773  -2.2316
  1.2533  -1.8957   0.7663  -2.2224
  1.2492  -1.9076   0.7553  -2.2129
  1.2451  -1.9194   0.7444  -2.2030
  1.2408  -1.9311   0.7335  -2.1928
  1.2364  -1.9427   0.7227  -2.1822
  1.2320  -1.9540   0.7120  -2.1712
  1.2275  -1.9653   0.7015  -2.1599
  1.2230  -1.9763   0.6910  -2.1482
  1.2184  -1.9872   0.6807  -2.1362
  1.2138  -1.9979   0.6705  -2.1238
  1.2092  -2.0085   0.6605  -2.1111
  1.2046  -2.0188   0.6507  -2.0981
  1.2000  -2.0290   0.6411  -2.0848
  1.1955  -2.0390   0.6317  -2.0711
  1.1909  -2.0489   0.6225  -2.0572
  1.1864  -2.0585   0.6136  -2.0430
  1.1819  -2.0679   0.6049  -2.0286
  1.1776  -2.0772   0.5964  -2.0140
  1.1733  -2.0862   0.5882  -1.9991
  1.1690  -2.0950   0.5803  -1.9841
  1.1649  -2.1036   0.5727  -1.9689
  1.1610  -2.1119   0.5654  -1.9537
  1.1571  -2.1200   0.5584  -1.9384
  1.1534  -2.1279   0.5517  -1.9231
  1.1498  -2.1355   0.5454  -1.9078
  1.1465  -2.1428   0.5394  -1.8927
  1.1433  -2.1498   0.5337  -1.8778
  1.1403  -2.1564   0.5285  -1.8633
  1.1376  -2.1627   0.5236  -1.8491
  1.1351  -2.1686   0.5192  -1.8356
  1.1328  -2.1740   0.5152  -1.8227
  1.1308  -2.1789   0.5116  -1.8108
  1.1291  -2.1832   0.5086  -1.8000
  1.1277  -2.1869   0.5061  -1.7906
  1.1266  -2.1898   0.5041  -1.7830
  1.1259  -2.1919   0.5028  -1.7774
  1.1259  -2.1919   0.5028  -1.7774
  1.1256  -2.1930   0.5131  -1.7859
  1.1252  -2.1938   0.5234  -1.7943
  1.1249  -2.1943   0.5337  -1.8025
  1.1245  -2.1945   0.5439  -1.8105
  1.1241  -2.1944   0.5541  -1.8185
  1.1236  -2.1941   0.5642  -1.8262
  1.1232  -2.1936   0.5743  -1.8338
  1.1227  -2.1928   0.5843  -1.8413
  1.1222  -2.1919   0.5944  -1.8487
  1.1217  -2.1908   0.6043  -1.8558
  1.1211  -2.1895   0.6143  -1.8629
  1.1206  -2.1880   0.6242  -1.8698
  1.1200  -2.1864   0.6340  -1.8765
  1.1194  -2.1847   0.6438  -1.8831
  1.1188  -2.1829   0.6536  -1.8896
  1.1182  -2.1810   0.6633  -1.8959
  1.1176  -2.1789   0.6730  -1.9021
  1.1169  -2.1768   0.6826  -1.9081
  1.1163  -2.1746   0.6922  -1.9140
  1.1156  -2.1723   0.7017  -1.9197
  1.1150  -2.1700   0.7112  -1.9253
  1.1143  -2.1676   0.7207  -1.9308
  1.1136  -2.1651   0.7301  -1.9361
  1.1129  -2.1626   0.7394  -1.9412
  1.1122  -2.1600   0.7487  -1.9462
  1.1115  -2.1574   0.7579  -1.9511
  1.1108  -2.1547   0.7671  -1.9558
  1.1101  -2.1521   0.7762  -1.9603
  1.1094  -2.1494   0.7853  -1.9648
  1.1086  -2.1467   0.7943  -1.9690
  1.1079  -2.1439   0.8032  -1.9731
  1.1072  -2.1411   0.8121  -1.9771
  1.1064  -2.1384   0.8209  -1.9809
  1.1057  -2.1356   0.8297  -1.9845
  1.1050  -2.1328   0.8383  -1.9880
  1.1043  -2.1300   0.8469  -1.9914
  1.1035  -2.1272   0.8555  -1.9946
  1.1028  -2.1244   0.8639  -1.9976
  1.1021  -2.1216   0.8723  -2.0005
  1.1014  -2.1189   0.8806  -2.0032
  1.1007  -2.1161   0.8888  -2.0058
  1.1000  -2.1133   0.8969  -2.0082
  1.0993  -2.1106   0.9049  -2.0105
  1.0986  -2.1078   0.9128  -2.0125
  1.0979  -2.1051   0.9206  -2.0145
  1.0973  -2.1024   0.9284  -2.0162
  1.0966  -2.0998   0.9360  -2.0178
  1.0960  -2.0971   0.9435  -2.0193
  1.0953  -2.0945   0.9509  -2.0205
  1.0947  -2.0919   0.9582  -2.0217
  1.0941  -2.0894   0.9654  -2.0226
  1.0935  -2.0868   0.9724  -2.0234
  1.0929  -2.0844   0.9794  -2.0240
  1.0923  -2.0819   0.9862  -2.0244
  1.0918  -2.0795   0.9929  -2.0247
  1.0912  -2.0772   0.9994  -2.0248
  1.0907  -2.0749   1.0058  -2.0247
  1.0902  -2.0726   1.0121  -2.0245
  1.0897  -2.0704   1.0182  -2.0240
  1.0892  -2.0683   1.0242  -2.0234
  1.0888  -2.0662   1.0301  -2.0227
  1.0883  -2.0642   1.0357  -2.0217
  1.0879  -2.0622   1.0412  -2.0206
  1.0875  -2.0603   1.0466  -2.0193
  1.0871  -2.0585   1.0518  -2.0179
  1.0868  -2.0568   1.0568  -2.0162
  1.0864  -2.0552   1.0616  -2.0144
  1.0861  -2.0536   1.0663  -2.0124
  1.0858  -2.0522   1.0708  -2.0102
  1.0855  -2.0508   1.0751  -2.0078
  1.0853  -2.0495   1.0792  -2.0052
  1.0851  -2.0484   1.0832  -2.0025
  1.0849  -2.0474   1.0869  -1.9996
  1.0847  -2.0465   1.0904  -1.9964
  1.0846  -2.0457   1.0938  -1.9932
  1.0845  -2.0451   1.0969  -1.9897
  1.0844  -2.0446   1.0998  -1.9860
  1.0843  -2.0442   1.1025  -1.9821
  1.0843  -2.0441   1.1050  -1.9781
  1.0843  -2.0441   1.1050  -1.9781
  1.0843  -2.0441   1.1073  -1.9738
  1.0842  -2.0437   1.1092  -1.9707
  1.0841  -2.0432   1.1108  -1.9688
  1.0839  -2.0423   1.1118  -1.9679
  1.0836  -2.0412   1.1125  -1.9679
  1.0833  -2.0399   1.1128  -1.9687
  1.0829  -2.0384   1.1126  -1.9702
  1.0825  -2.0366   1.1121  -1.9722
  1.0819  -2.0347   1.1112  -1.9747
  1.0814  -2.0326   1.1099  -1.9776
  1.0808  -2.0304   1.1082  -1.9809
  1.0801  -2.0281   1.1062  -1.9844
  1.0794  -2.0258   1.1038  -1.9883
  1.0786  -2.0233   1.1011  -1.9923
  1.0778  -2.0208   1.0981  -1.9965
  1.0769  -2.0182   1.0947  -2.0009
  1.0760  -2.0156   1.0911  -2.0054
  1.0751  -2.0129   1.0871  -2.0100
  1.0741  -2.0102   1.0829  -2.0147
  1.0731  -2.0074   1.0784  -2.0195
  1.0720  -2.0047   1.0737  -2.0243
  1.0710  -2.0019   1.0687  -2.0292
  1.0699  -1.9991   1.0635  -2.0341
  1.0687  -1.9962   1.0581  -2.0390
  1.0676  -1.9934   1.0524  -2.0439
  1.0664  -1.9905   1.0466  -2.0488
  1.0653  -1.9877   1.0406  -2.0536
  1.0641  -1.9848   1.0344  -2.0585
  1.0629  -1.9819   1.0281  -2.0633
  1.0617  -1.9790   1.0217  -2.0681
  1.0604  -1.9761   1.0151  -2.0729
  1.0592  -1.9732   1.0084  -2.0776
  1.0580  -1.9703   1.0016  -2.0823
  1.0567  -1.9674   0.9947  -2.0869
  1.0555  -1.9645   0.9878  -2.0915
  1.0543  -1.9616   0.9808  -2.0960
  1.0531  -1.9586   0.9737  -2.1005
  1.0518  -1.9557   0.9666  -2.1049
  1.0506  -1.9528   0.9596  -2.1092
  1.0494  -1.9499   0.9525  -2.1135
  1.0483  -1.9470   0.9454  -2.1176
  1.0471  -1.9441   0.9384  -2.1218
  1.0459  -1.9412   0.9314  -2.1258
  1.0448  -1.9383   0.9244  -2.1298
  1.0437  -1.9354   0.9176  -2.1337
  1.0426  -1.9325   0.9108  -2.1375
  1.0416  -1.9297   0.9041  -2.1412
  1.0405  -1.9268   0.8975  -2.1449
  1.0395  -1.9240   0.8911  -2.1485
  1.0385  -1.9212   0.8848  -2.1520
  1.0376  -1.9185   0.8787  -2.1554
  1.0367  -1.9157   0.8728  -2.1588
  1.0358  -1.9130   0.8670  -2.1620
  1.0350  -1.9104   0.8615  -2.1652
  1.0342  -1.9078   0.8562  -2.1683
  1.0334  -1.9053   0.8511  -2.1713
  1.0327  -1.9028   0.8463  -2.1741
  1.0320  -1.9004   0.8418  -2.1769
  1.0314  -1.8982   0.8375  -2.1796
  1.0308  -1.8960   0.8336  -2.1821
  1.0303  -1.8939   0.8299  -2.1845
  1.0298  -1.8920   0.8266  -2.1867
  1.0294  -1.8903   0.8237  -2.1888
  1.0290  -1.8887   0.8211  -2.1907
  1.0287  -1.8874   0.8190  -2.1924
  1.0284  -1.8862   0.8172  -2.1938
  1.0282  -1.8853   0.8158  -2.1949
  1.0281  -1.8847   0.8149  -2.1958
  1.0281  -1.8847   0.8149  -2.1958
  1.0342  -1.8889   0.8143  -2.1962
  1.0403  -1.8927   0.8140  -2.1969
  1.0464  -1.8963   0.8140  -2.1980
  1.0524  -1.8996   0.8143  -2.1993
  1.0585  -1.9026   0.8148  -2.2008
  1.0645  -1.9053   0.8156  -2.2026
  1.0705  -1.9077   0.8166  -2.2046
  1.0765  -1.9098   0.8178  -2.2068
  1.0824  -1.9117   0.8192  -2.2091
  1.0883  -1.9133   0.8209  -2.2115
  1.0942  -1.9146   0.8228  -2.2141
  1.1001  -1.9157   0.8248  -2.2168
  1.1059  -1.9165   0.8271  -2.2196
  1.1116  -1.9171   0.8295  -2.2225
  1.1173  -1.9174   0.8321  -2.2254
  1.1230  -1.9174   0.8348  -2.2285
  1.1286  -1.9172   0.8377  -2.2315
  1.1342  -1.9168   0.8408  -2.2347
  1.1397  -1.9161   0.8439  -2.2378
  1.1451  -1.9152   0.8472  -2.2410
  1.1505  -1.9141   0.8507  -2.2442
  1.1558  -1.9127   0.8542  -2.2474
  1.1610  -1.9111   0.8579  -2.2507
  1.1662  -1.9093   0.8616  -2.2539
  1.1713  -1.9072   0.8655  -2.2571
  1.1763  -1.9049   0.8694  -2.2604
  1.1813  -1.9024   0.8734  -2.2636
  1.1861  -1.8997   0.8774  -2.2668
  1.1909  -1.8968   0.8816  -2.2700
  1.1956  -1.8936   0.8857  -2.2731
  1.2003  -1.8903   0.8900  -2.2763
  1.2048  -1.8867   0.8942  -2.2794
  1.2092  -1.8830   0.8985  -2.2825
  1.2136  -1.8790   0.9029  -2.2855
  1.2179  -1.8748   0.9072  -2.2885
  1.2220  -1.8705   0.9115  -2.2915
  1.2261  -1.8659   0.9159  -2.2944
  1.2301  -1.8612   0.9202  -2.2973
  1.2340  -1.8562   0.9246  -2.3002
  1.2378  -1.8511   0.9289  -2.3030
  1.2414  -1.8458   0.9332  -2.3057
  1.2450  -1.8403   0.9375  -2.3084
  1.2485  -1.8346   0.9417  -2.3111
  1.2519  -1.8287   0.9459  -2.3137
  1.2552  -1.8226   0.9500  -2.3163
  1.2584  -1.8164   0.9540  -2.3188
  1.2615  -1.8100   0.9580  -2.3212
  1.2644  -1.8034   0.9619  -2.3236
  1.2673  -1.7966   0.9658  -2.3260
  1.2701  -1.7896   0.9695  -2.3282
  1.2727  -1.7825   0.9732  -2.3304
  1.2753  -1.7752   0.9767  -2.3326
  1.2777  -1.7678   0.9801  -2.3347
  1.2801  -1.7601   0.9834  -2.3367
  1.2823  -1.7523   0.9866  -2.3387
  1.2844  -1.7444   0.9897  -2.3405
  1.2864  -1.7362   0.9926  -2.3424
  1.2884  -1.7279   0.9954  -2.3441
  1.2902  -1.7195   0.9980  -2.3457
  1.2918  -1.7108   1.0005  -2.3473
  1.2934  -1.7020   1.0027  -2.3488
  1.2949  -1.6931   1.0049  -2.3501
  1.2963  -1.6839   1.0068  -2.3514
  1.2975  -1.6746   1.0085  -2.3526
  1.2987  -1.6652   1.0101  -2.3537
  1.2997  -1.6556   1.0114  -2.3546
  1.3006  -1.6458   1.0126  -2.3554
  1.3014  -1.6358   1.0135  -2.3561
  1.3021  -1.6257   1.0142  -2.3566
  1.3027  -1.6154   1.0147  -2.3570
  1.3032  -1.6050   1.0149  -2.3572
  1.3032  -1.6050   1.0149  -2.3572
  1.3036  -1.5944   1.0149  -2.3572
  1.3040  -1.5870   1.0143  -2.3570
  1.3044  -1.5830   1.0129  -2.3567
  1.3048  -1.5818   1.0109  -2.3560
  1.3052  -1.5832   1.0081  -2.3552
  1.3056  -1.5866   1.0047  -2.3542
  1.3058  -1.5917   1.0006  -2.3529
  1.3060  -1.5984   0.9960  -2.3514
  1.3059  -1.6062   0.9908  -2.3496
  1.3058  -1.6151   0.9850  -2.3476
  1.3055  -1.6248   0.9788  -2.3454
  1.3050  -1.6351   0.9720  -2.3430
  1.3043  -1.6461   0.9649  -2.3403
  1.3035  -1.6575   0.9573  -2.3373
  1.3025  -1.6693   0.9493  -2.3341
  1.3012  -1.6814   0.9409  -2.3306
  1.2998  -1.6937   0.9323  -2.3268
  1.2982  -1.7062   0.9232  -2.3228
  1.2964  -1.7189   0.9140  -2.3184
  1.2944  -1.7316   0.9044  -2.3137
  1.2922  -1.7444   0.8946  -2.3087
  1.2898  -1.7573   0.8846  -2.3034
  1.2873  -1.7701   0.8743  -2.2978
  1.2846  -1.7830   0.8640  -2.2918
  1.2817  -1.7958   0.8534  -2.2855
  1.2787  -1.8085   0.8427  -2.2789
  1.2755  -1.8212   0.8320  -2.2719
  1.2721  -1.8339   0.8211  -2.2646
  1.2686  -1.8464   0.8102  -2.2569
  1.2650  -1.8589   0.7992  -2.2488
  1.2612  -1.8712   0.7882  -2.2404
  1.2573  -1.8834   0.7772  -2.2316
  1.2533  -1.8955   0.7662  -2.2224
  1.2492  -1.9075   0.7552  -2.2129
  1.2450  -1.9193   0.7443  -2.2030
  1.2408  -1.9310   0.7334  -2.1928
  1.2364  -1.9425   0.7226  -2.1822
  1.2320  -1.9539   0.7119  -2.1712
  1.2275  -1.9651   0.7013  -2.1599
  1.2230  -1.9762   0.6909  -2.1482
  1.2184  -1.9871   0.6806  -2.1362
  1.2138  -1.9978   0.6704  -2.1238
  1.2092  -2.0084   0.6604  -2.1111
  1.2046  -2.0187   0.6506  -2.0981
  1.2000  -2.0289   0.6410  -2.0848
  1.1955  -2.0390   0.6316  -2.0711
  1.1909  -2.0488   0.6224  -2.0572
  1.1864  -2.0584   0.6135  -2.0430
  1.1820  -2.0678   0.6048  -2.0286
  1.1776  -2.0771   0.5963  -2.0139
  1.1733  -2.0861   0.5881  -1.9991
  1.1691  -2.0949   0.5802  -1.9841
  1.1649  -2.1035   0.5726  -1.9689
  1.1610  -2.1119   0.5653  -1.9536
  1.1571  -2.1200   0.5582  -1.9383
  1.1534  -2.1279   0.5516  -1.9230
  1.1499  -2.1354   0.5452  -1.9078
  1.1465  -2.1427   0.5392  -1.8927
  1.1433  -2.1497   0.5336  -1.8778
  1.1403  -2.1564   0.5283  -1.8632
  1.1376  -2.1627   0.5235  -1.8491
  1.1351  -2.1685   0.5190  -1.8355
  1.1328  -2.1740   0.5150  -1.8226
  1.1308  -2.1789   0.5115  -1.8107
  1.1291  -2.1832   0.5084  -1.7999
  1.1277  -2.1869   0.5059  -1.7906
  1.1266  -2.1898   0.5040  -1.7829
  1.1259  -2.1919   0.5026  -1.7773
  1.1259  -2.1919   0.5026  -1.7773
  1.1256  -2.1930   0.5130  -1.7858
  1.1252  -2.1938   0.5233  -1.7942
  1.1249  -2.1943   0.5335  -1.8024
  1.1245  -2.1945   0.5437  -1.8105
  1.1241  -2.1944   0.5539  -1.8184
  1.1236  -2.1941   0.5640  -1.8262
  1.1232  -2.1936   0.5741  -1.8338
  1.1227  -2.1928   0.5842  -1.8413
  1.1222  -2.1919   0.5942  -1.8486
  1.1217  -2.1908   0.6042  -1.8558
  1.1211  -2.1895   0.6141  -1.8628
  1.1206  -2.1880   0.6240  -1.8697
  1.1200  -2.1864   0.6339  -1.8765
  1.1194  -2.1847   0.6437  -1.8831
  1.1188  -2.1829   0.6534  -1.8896
  1.1182  -2.1810   0.6632  -1.8959
  1.1176  -2.1789   0.6728  -1.9021
  1.1170  -2.1768   0.6825  -1.9081
  1.1163  -2.1746   0.6921  -1.9140
  1.1157  -2.1723   0.7016  -1.9197
  1.1150  -2.1700   0.7111  -1.9253
  1.1143  -2.1676   0.7205  -1.9308
  1.1136  -2.1651   0.7299  -1.9361
  1.1129  -2.1626   0.7393  -1.9412
  1.1122  -2.1600   0.7486  -1.9462
  1.1115  -2.1574   0.7578  -1.9511
  1.1108  -2.1548   0.7670  -1.9558
  1.1101  -2.1521   0.7761  -1.9604
  1.1094  -2.1494   0.7852  -1.9648
  1.1086  -2.1467   0.7942  -1.9690
  1.1079  -2.1439   0.8031  -1.9732
  1.1072  -2.1411   0.8120  -1.9771
  1.1065  -2.1384   0.8208  -1.9809
  1.1057  -2.1356   0.8296  -1.9846
  1.1050  -2.1328   0.8382  -1.9881
  1.1043  -2.1300   0.8468  -1.9914
  1.1036  -2.1272   0.8553  -1.9946
  1.1028  -2.1244   0.8638  -1.9977
  1.1021  -2.1216   0.8722  -2.0006
  1.1014  -2.1189   0.8804  -2.0033
  1.1007  -2.1161   0.8886  -2.0059
  1.1000  -2.1133   0.8968  -2.0083
  1.0993  -2.1106   0.9048  -2.0105
  1.0986  -2.1078   0.9127  -2.0126
  1.0979  -2.1051   0.9205  -2.0145
  1.0973  -2.1024   0.9283  -2.0163
  1.0966  -2.0998   0.9359  -2.0179
  1.0960  -2.0971   0.9434  -2.0193
  1.0953  -2.0945   0.9508  -2.0206
  1.0947  -2.0919   0.9581  -2.0217
  1.0941  -2.0894   0.9653  -2.0227
  1.0935  -2.0868   0.9724  -2.0235
  1.0929  -2.0844   0.9793  -2.0241
  1.0923  -2.0819   0.9861  -2.0245
  1.0918  -2.0795   0.9928  -2.0248
  1.0912  -2.0772   0.9993  -2.0249
  1.0907  -2.0749   1.0058  -2.0248
  1.0902  -2.0726   1.0120  -2.0246
  1.0897  -2.0704   1.0182  -2.0241
  1.0892  -2.0683   1.0241  -2.0236
  1.0888  -2.0662   1.0300  -2.0228
  1.0883  -2.0642   1.0357  -2.0219
  1.0879  -2.0622   1.0412  -2.0207
  1.0875  -2.0603   1.0465  -2.0194
  1.0871  -2.0585   1.0517  -2.0180
  1.0868  -2.0568   1.0567  -2.0163
  1.0864  -2.0552   1.0616  -2.0145
  1.0861  -2.0536   1.0663  -2.0125
  1.0858  -2.0522   1.0707  -2.0103
  1.0855  -2.0508   1.0751  -2.0079
  1.0853  -2.0495   1.0792  -2.0054
  1.0851  -2.0484   1.0831  -2.0026
  1.0849  -2.0474   1.0868  -1.9997
  1.0847  -2.0465   1.0904  -1.9966
  1.0846  -2.0457   1.0937  -1.9933
  1.0845  -2.0451   1.0968  -1.9898
  1.0844  -2.0446   1.0998  -1.9861
  1.0843  -2.0442   1.1025  -1.9823
  1.0843  -2.0441   1.1050  -1.9782
  1.0843  -2.0441   1.1050  -1.9782
  1.0843  -2.0441   1.1073  -1.9740
  1.0842  -2.0437   1.1092  -1.9709
  1.0841  -2.0432   1.1107  -1.9689
  1.0839  -2.0423   1.1118  -1.9680
  1.0836  -2.0413   1.1125  -1.9681
  1.0833  -2.0399   1.1127  -1.9688
  1.0829  -2.0384   1.1126  -1.9703
  1.0825  -2.0366   1.1121  -1.9723
  1.0819  -2.0347   1.1111  -1.9748
  1.0814  -2.0326   1.1098  -1.9777
  1.0808  -2.0305   1.1082  -1.9810
  1.0801  -2.0282   1.1061  -1.9846
  1.0794  -2.0258   1.1038  -1.9884
  1.0786  -2.0233   1.1011  -1.9924
  1.0778  -2.0208   1.0980  -1.9967
  1.0769  -2.0182   1.0947  -2.0010
  1.0760  -2.0156   1.0910  -2.0055
  1.0751  -2.0129   1.0871  -2.0102
  1.0741  -2.0102   1.0829  -2.0149
  1.0731  -2.0075   1.0784  -2.0196
  1.0721  -2.0047   1.0737  -2.0244
  1.0710  -2.0019   1.0687  -2.0293
  1.0699  -1.9991   1.0635  -2.0342
  1.0688  -1.9963   1.0580  -2.0391
  1.0676  -1.9934   1.0524  -2.0440
  1.0665  -1.9906   1.0466  -2.0488
  1.0653  -1.9877   1.0406  -2.0537
  1.0641  -1.9849   1.0344  -2.0586
  1.0629  -1.9820   1.0281  -2.0634
  1.0617  -1.9791   1.0216  -2.0682
  1.0605  -1.9762   1.0151  -2.0730
  1.0593  -1.9733   1.0084  -2.0777
  1.0580  -1.9704   1.0016  -2.0824
  1.0568  -1.9675   0.9947  -2.0870
  1.0556  -1.9646   0.9878  -2.0916
  1.0543  -1.9617   0.9808  -2.0961
  1.0531  -1.9587   0.9737  -2.1005
  1.0519  -1.9558   0.9666  -2.1049
  1.0507  -1.9529   0.9596  -2.1093
  1.0495  -1.9500   0.9525  -2.1135
  1.0483  -1.9471   0.9454  -2.1177
  1.0472  -1.9442   0.9384  -2.1218
  1.0460  -1.9413   0.9314  -2.1259
  1.0449  -1.9384   0.9244  -2.1298
  1.0438  -1.9355   0.9176  -2.1337
  1.0427  -1.9327   0.9108  -2.1375
  1.0416  -1.9298   0.9041  -2.1413
  1.0406  -1.9270   0.8975  -2.1450
  1.0396  -1.9242   0.8911  -2.1485
  1.0386  -1.9214   0.8848  -2.1520
  1.0377  -1.9186   0.8787  -2.1555
  1.0368  -1.9159   0.8728  -2.1588
  1.0359  -1.9132   0.8670  -2.1621
  1.0351  -1.9106   0.8615  -2.1652
  1.0343  -1.9080   0.8562  -2.1683
  1.0335  -1.9054   0.8511  -2.1713
  1.0328  -1.9030   0.8463  -2.1742
  1.0321  -1.9006   0.8418  -2.1769
  1.0315  -1.8983   0.8375  -2.1796
  1.0309  -1.8962   0.8336  -2.1821
  1.0304  -1.8941   0.8299  -2.1845
  1.0299  -1.8922   0.8266  -2.1868
  1.0295  -1.8905   0.8237  -2.1888
  1.0291  -1.8889   0.8211  -2.1907
  1.0288  -1.8876   0.8190  -2.1924
  1.0285  -1.8864   0.8172  -2.1938
  1.0284  -1.8855   0.8158  -2.1949
  1.0282  -1.8849   0.8149  -2.1958
  1.0282  -1.8849   0.8149  -2.1958
  1.0343  -1.8891   0.8143  -2.1962
  1.0404  -1.8929   0.8141  -2.1969
  1.0465  -1.8965   0.8140  -2.1980
  1.0526  -1.8998   0.8143  -2.1993
  1.0586  -1.9028   0.8148  -2.2008
  1.0646  -1.9055   0.8156  -2.2026
  1.0706  -1.9079   0.8166  -2.2046
  1.0766  -1.9100   0.8178  -2.2068
  1.0826  -1.9119   0.8192  -2.2091
  1.0885  -1.9135   0.8209  -2.2115
  1.0944  -1.9148   0.8228  -2.2141
  1.1002  -1.9159   0.8248  -2.2168
  1.1060  -1.9167   0.8271  -2.2196
  1.1118  -1.9173   0.8295  -2.2225
  1.1175  -1.9176   0.8321  -2.2254
  1.1231  -1.9176   0.8348  -2.2284
  1.1288  -1.9174   0.8377  -2.2315
  1.1343  -1.9170   0.8408  -2.2346
  1.1398  -1.9163   0.8439  -2.2378
  1.1452  -1.9154   0.8473  -2.2410
  1.1506  -1.9143   0.8507  -2.2442
  1.1559  -1.9129   0.8542  -2.2474
  1.1612  -1.9113   0.8579  -2.2506
  1.1663  -1.9094   0.8616  -2.2539
  1.1714  -1.9074   0.8655  -2.2571
  1.1765  -1.9051   0.8694  -2.2603
  1.1814  -1.9026   0.8734  -2.2636
  1.1863  -1.8999   0.8774  -2.2668
  1.1911  -1.8970   0.8816  -2.2699
  1.1958  -1.8938   0.8858  -2.2731
  1.2004  -1.8905   0.8900  -2.2762
  1.2049  -1.8869   0.8942  -2.2794
  1.2094  -1.8832   0.8985  -2.2824
  1.2137  -1.8792   0.9029  -2.2855
  1.2180  -1.8750   0.9072  -2.2885
  1.2222  -1.8707   0.9116  -2.2915
  1.2262  -1.8661   0.9159  -2.2944
  1.2302  -1.8613   0.9203  -2.2973
  1.2341  -1.8564   0.9246  -2.3001
  1.2379  -1.8513   0.9289  -2.3029
  1.2416  -1.8459   0.9332  -2.3057
  1.2452  -1.8404   0.9375  -2.3084
  1.2487  -1.8347   0.9417  -2.3111
  1.2521  -1.8288   0.9459  -2.3137
  1.2553  -1.8228   0.9500  -2.3162
  1.2585  -1.8165   0.9541  -2.3188
  1.2616  -1.8101   0.9580  -2.3212
  1.2646  -1.8035   0.9620  -2.3236
  1.2675  -1.7968   0.9658  -2.3259
  1.2702  -1.7898   0.9695  -2.3282
  1.2729  -1.7827   0.9732  -2.3304
  1.2754  -1.7754   0.9767  -2.3326
  1.2779  -1.7679   0.9802  -2.3347
  1.2802  -1.7603   0.9835  -2.3367
  1.2825  -1.7525   0.9867  -2.3387
  1.2846  -1.7445   0.9897  -2.3405
  1.2866  -1.7364   0.9926  -2.3424
  1.2885  -1.7281   0.9954  -2.3441
  1.2903  -1.7196   0.9980  -2.3457
  1.2920  -1.7110   1.0005  -2.3473
  1.2936  -1.7022   1.0028  -2.3488
  1.2950  -1.6932   1.0049  -2.3502
  1.2964  -1.6841   1.0068  -2.3514
  1.2977  -1.6748   1.0086  -2.3526
  1.2988  -1.6653   1.0101  -2.3537
  1.2998  -1.6557   1.0115  -2.3546
  1.3008  -1.6459   1.0126  -2.3554
  1.3016  -1.6360   1.0135  -2.3561
  1.3023  -1.6259   1.0142  -2.3566
  1.3029  -1.6156   1.0147  -2.3570
  1.3033  -1.6052   1.0150  -2.3572
  1.3033  -1.6052   1.0150  -2.3572
  1.3037  -1.5945   1.0150  -2.3572
  1.3041  -1.5872   1.0143  -2.3570
  1.3046  -1.5831   1.0130  -2.3567
  1.3050  -1.5820   1.0109  -2.3561
  1.3054  -1.5833   1.0081  -2.3552
  1.3057  -1.5867   1.0047  -2.3542
  1.3060  -1.5919   1.0006  -2.3529
  1.3061  -1.5985   0.9960  -2.3514
  1.3061  -1.6064   0.9908  -2.3496
  1.3059  -1.6152   0.9850  -2.3477
  1.3056  -1.6249   0.9788  -2.3455
  1.3051  -1.6353   0.9721  -2.3430
  1.3045  -1.6462   0.9649  -2.3403
  1.3036  -1.6576   0.9573  -2.3373
  1.3026  -1.6694   0.9493  -2.3341
  1.3013  -1.6815   0.9410  -2.3306
  1.2999  -1.6938   0.9323  -2.3269
  1.2983  -1.7064   0.9233  -2.3228
  1.2965  -1.7190   0.9140  -2.3184
  1.2945  -1.7317   0.9044  -2.3138
  1.2923  -1.7446   0.8946  -2.3088
  1.2899  -1.7574   0.8846  -2.3035
  1.2874  -1.7703   0.8743  -2.2979
  1.2847  -1.7831   0.8640  -2.2919
  1.2818  -1.7959   0.8534  -2.2856
  1.2787  -1.8087   0.8427  -2.2790
  1.2755  -1.8214   0.8320  -2.2720
  1.2722  -1.8340   0.8211  -2.2646
  1.2687  -1.8465   0.8102  -2.2569
  1.2650  -1.8590   0.7992  -2.2489
  1.2613  -1.8713   0.7882  -2.2404
  1.2574  -1.8835   0.7772  -2.2317
  1.2534  -1.8956   0.7662  -2.2225
  1.2493  -1.9076   0.7552  -2.2130
  1.2451  -1.9194   0.7442  -2.2031
  1.2408  -1.9311   0.7334  -2.1929
  1.2365  -1.9426   0.7226  -2.1822
  1.2321  -1.9540   0.7119  -2.1713
  1.2276  -1.9652   0.7013  -2.1599
  1.2230  -1.9763   0.6909  -2.1483
  1.2185  -1.9872   0.6805  -2.1362
  1.2139  -1.9979   0.6704  -2.1239
  1.2093  -2.0084   0.6604  -2.1112
  1.2047  -2.0188   0.6506  -2.0982
  1.2001  -2.0290   0.6410  -2.0848
  1.1955  -2.0390   0.6316  -2.0712
  1.1909  -2.0488   0.6224  -2.0573
  1.1864  -2.0585   0.6134  -2.0431
  1.1820  -2.0679   0.6047  -2.0287
  1.1776  -2.0771   0.5963  -2.0140
  1.1733  -2.0862   0.5881  -1.9992
  1.1691  -2.0950   0.5802  -1.9841
  1.1650  -2.1036   0.5725  -1.9690
  1.1610  -2.1119   0.5652  -1.9537
  1.1571  -2.1200   0.5582  -1.9384
  1.1534  -2.1279   0.5515  -1.9231
  1.1499  -2.1355   0.5452  -1.9079
  1.1465  -2.1428   0.5392  -1.8927
  1.1433  -2.1498   0.5335  -1.8778
  1.1403  -2.1564   0.5283  -1.8633
  1.1376  -2.1627   0.5234  -1.8491
  1.1351  -2.1686   0.5190  -1.8356
  1.1328  -2.1740   0.5150  -1.8227
  1.1308  -2.1789   0.5114  -1.8108
  1.1291  -2.1832   0.5084  -1.8000
  1.1277  -2.1869   0.5059  -1.7906
  1.1266  -2.1898   0.5039  -1.7830
  1.1259  -2.1919   0.5025  -1.7774
  1.1259  -2.1919   0.5025  -1.7774
  1.1256  -2.1930   0.5129  -1.7859
  1.1252  -2.1938   0.5232  -1.7943
  1.1249  -2.1943   0.5335  -1.8025
  1.1245  -2.1945   0.5437  -1.8105
  1.1241  -2.1944   0.5539  -1.8185
  1.1236  -2.1941   0.5640  -1.8262
  1.1232  -2.1936   0.5741  -1.8339
  1.1227  -2.1928   0.5841  -1.8413
  1.1222  -2.1919   0.5942  -1.8487
  1.1217  -2.1907   0.6041  -1.8559
  1.1211  -2.1895   0.6141  -1.8629
  1.1206  -2.1880   0.6240  -1.8698
  1.1200  -2.1864   0.6338  -1.8766
  1.1194  -2.1847   0.6436  -1.8832
  1.1188  -2.1829   0.6534  -1.8896
  1.1182  -2.1810   0.6631  -1.8960
  1.1176  -2.1789   0.6728  -1.9021
  1.1170  -2.1768   0.6824  -1.9082
  1.1163  -2.1746   0.6920  -1.9140
  1.1157  -2.1723   0.7015  -1.9198
  1.1150  -2.1700   0.7110  -1.9254
  1.1143  -2.1676   0.7205  -1.9308
  1.1136  -2.1651   0.7299  -1.9361
  1.1129  -2.1626   0.7392  -1.9413
  1.1122  -2.1600   0.7485  -1.9463
  1.1115  -2.1574   0.7577  -1.9512
  1.1108  -2.1547   0.7669  -1.9559
  1.1101  -2.1521   0.7761  -1.9604
  1.1094  -2.1494   0.7851  -1.9648
  1.1086  -2.1466   0.7941  -1.9691
  1.1079  -2.1439   0.8031  -1.9732
  1.1072  -2.1411   0.8119  -1.9772
  1.1065  -2.1384   0.8208  -1.9810
  1.1057  -2.1356   0.8295  -1.9847
  1.1050  -2.1328   0.8382  -1.9882
  1.1043  -2.1300   0.8468  -1.9915
  1.1036  -2.1272   0.8553  -1.9947
  1.1028  -2.1244   0.8637  -1.9977
  1.1021  -2.1216   0.8721  -2.0006
  1.1014  -2.1188   0.8804  -2.0034
  1.1007  -2.1161   0.8886  -2.0059
  1.1000  -2.1133   0.8967  -2.0083
  1.0993  -2.1106   0.9047  -2.0106
  1.0986  -2.1078   0.9127  -2.0127
  1.0979  -2.1051   0.9205  -2.0146
  1.0973  -2.1024   0.9282  -2.0164
  1.0966  -2.0998   0.9358  -2.0180
  1.0960  -2.0971   0.9434  -2.0194
  1.0953  -2.0945   0.9508  -2.0207
  1.0947  -2.0919   0.9581  -2.0218
  1.0941  -2.0894   0.9653  -2.0227
  1.0935  -2.0868   0.9723  -2.0235
  1.0929  -2.0844   0.9793  -2.0241
  1.0923  -2.0819   0.9861  -2.0246
  1.0918  -2.0795   0.9928  -2.0248
  1.0912  -2.0772   0.9993  -2.0249
  1.0907  -2.0749   1.0057  -2.0249
  1.0902  -2.0726   1.0120  -2.0246
  1.0897  -2.0704   1.0181  -2.0242
  1.0892  -2.0683   1.0241  -2.0236
  1.0888  -2.0662   1.0299  -2.0229
  1.0883  -2.0642   1.0356  -2.0219
  1.0879  -2.0622   1.0411  -2.0208
  1.0875  -2.0603   1.0465  -2.0195
  1.0871  -2.0585   1.0517  -2.0180
  1.0868  -2.0568   1.0567  -2.0164
  1.0864  -2.0552   1.0616  -2.0146
  1.0861  -2.0536   1.0662  -2.0125
  1.0858  -2.0522   1.0707  -2.0104
  1.0855  -2.0508   1.0750  -2.0080
  1.0853  -2.0495   1.0791  -2.0054
  1.0851  -2.0484   1.0831  -2.0027
  1.0849  -2.0474   1.0868  -1.9998
  1.0847  -2.0465   1.0904  -1.9967
  1.0846  -2.0457   1.0937  -1.9934
  1.0845  -2.0451   1.0968  -1.9899
  1.0844  -2.0446   1.0998  -1.9862
  1.0843  -2.0442   1.1025  -1.9823
  1.0843  -2.0441   1.1050  -1.9783
  1.0843  -2.0441   1.1050  -1.9783
  1.0843  -2.0441   1.1073  -1.9741
  1.0842  -2.0437   1.1092  -1.9709
  1.0841  -2.0432   1.1107  -1.9690
  1.0839  -2.0423   1.1118  -1.9681
  1.0836  -2.0413   1.1125  -1.9681
  1.0833  -2.0399   1.1127  -1.9689
  1.0829  -2.0384   1.1126  -1.9704
  1.0825  -2.0366   1.1120  -1.9724
  1.0819  -2.0347   1.1111  -1.9749
  1.0814  -2.0326   1.1098  -1.9778
  1.0808  -2.0305   1.1082  -1.9811
  1.0801  -2.0282   1.1061  -1.9846
  1.0794  -2.0258   1.1038  -1.9885
  1.0786  -2.0233   1.1011  -1.9925
  1.0778  -2.0208   1.0980  -1.9967
  1.0769  -2.0182   1.0947  -2.0011
  1.0760  -2.0156   1.0910  -2.0056
  1.0751  -2.0129   1.0871  -2.0102
  1.0741  -2.0102   1.0829  -2.0149
  1.0731  -2.0075   1.0784  -2.0197
  1.0721  -2.0047   1.0737  -2.0245
  1.0710  -2.0019   1.0687  -2.0293
  1.0699  -1.9991   1.0635  -2.0342
  1.0688  -1.9963   1.0580  -2.0391
  1.0676  -1.9935   1.0524  -2.0440
  1.0665  -1.9906   1.0466  -2.0489
  1.0653  -1.9878   1.0406  -2.0538
  1.0641  -1.9849   1.0344  -2.0586
  1.0629  -1.9820   1.0281  -2.0635
  1.0617  -1.9791   1.0216  -2.0683
  1.0605  -1.9762   1.0151  -2.0730
  1.0593  -1.9733   1.0084  -2.0778
  1.0580  -1.9704   1.0016  -2.0824
  1.0568  -1.9675   0.9947  -2.0870
  1.0556  -1.9646   0.9878  -2.0916
  1.0544  -1.9617   0.9808  -2.0961
  1.0531  -1.9588   0.9737  -2.1006
  1.0519  -1.9559   0.9666  -2.1050
  1.0507  -1.9530   0.9596  -2.1093
  1.0495  -1.9501   0.9525  -2.1135
  1.0483  -1.9471   0.9454  -2.1177
  1.0472  -1.9442   0.9384  -2.1218
  1.0460  -1.9413   0.9314  -2.1259
  1.0449  -1.9385   0.9244  -2.1299
  1.0438  -1.9356   0.9176  -2.1338
  1.0427  -1.9327   0.9108  -2.1376
  1.0417  -1.9299   0.9041  -2.1413
  1.0406  -1.9270   0.8975  -2.1450
  1.0396  -1.9242   0.8911  -2.1486
  1.0386  -1.9214   0.8848  -2.1521
  1.0377  -1.9187   0.8787  -2.1555
  1.0368  -1.9159   0.8728  -2.1588
  1.0359  -1.9133   0.8670  -2.1621
  1.0351  -1.9106   0.8615  -2.1652
  1.0343  -1.9080   0.8562  -2.1683
  1.0335  -1.9055   0.8511  -2.1713
  1.0328  -1.9031   0.8463  -2.1742
  1.0321  -1.9007   0.8418  -2.1769
  1.0315  -1.8984   0.8375  -2.1796
  1.0309  -1.8962   0.8336  -2.1821
  1.0304  -1.8942   0.8299  -2.1845
  1.0299  -1.8923   0.8267  -2.1868
  1.0295  -1.8906   0.8237  -2.1888
  1.0291  -1.8890   0.8211  -2.1907
  1.0288  -1.8876   0.8190  -2.1924
  1.0286  -1.8865   0.8172  -2.1938
  1.0284  -1.8856   0.8158  -2.1949
  1.0283  -1.8850   0.8149  -2.1958
  1.0283  -1.8850   0.8149  -2.1958
  1.0343  -1.8891   0.8143  -2.1962
  1.0404  -1.8930   0.8141  -2.1969
  1.0465  -1.8966   0.8140  -2.1980
  1.0526  -1.8998   0.8143  -2.1993
  1.0586  -1.9028   0.8148  -2.2008
  1.0647  -1.9055   0.8156  -2.2026
  1.0707  -1.9079   0.8166  -2.2046
  1.0766  -1.9101   0.8178  -2.2068
  1.0826  -1.9120   0.8193  -2.2091
  1.0885  -1.9136   0.8209  -2.2115
  1.0944  -1.9149   0.8228  -2.2141
  1.1002  -1.9160   0.8248  -2.2168
  1.1060  -1.9168   0.8271  -2.2196
  1.1118  -1.9173   0.8295  -2.2225
  1.1175  -1.9176   0.8321  -2.2254
  1.1232  -1.9177   0.8348  -2.2285
  1.1288  -1.9175   0.8377  -2.2315
  1.1343  -1.9171   0.8408  -2.2346
  1.1398  -1.9164   0.8439  -2.2378
  1.1453  -1.9155   0.8473  -2.2410
  1.1506  -1.9143   0.8507  -2.2442
  1.1560  -1.9130   0.8542  -2.2474
  1.1612  -1.9113   0.8579  -2.2506
  1.1664  -1.9095   0.8616  -2.2539
  1.1715  -1.9074   0.8655  -2.2571
  1.1765  -1.9052   0.8694  -2.2603
  1.1814  -1.9027   0.8734  -2.2636
  1.1863  -1.8999   0.8774  -2.2668
  1.1911  -1.8970   0.8816  -2.2700
  1.1958  -1.8939   0.8858  -2.2731
  1.2004  -1.8905   0.8900  -2.2763
  1.2050  -1.8870   0.8942  -2.2794
  1.2094  -1.8832   0.8985  -2.2824
  1.2138  -1.8792   0.9029  -2.2855
  1.2180  -1.8751   0.9072  -2.2885
  1.2222  -1.8707   0.9116  -2.2915
  1.2263  -1.8661   0.9159  -2.2944
  1.2303  -1.8614   0.9203  -2.2973
  1.2341  -1.8564   0.9246  -2.3002
  1.2379  -1.8513   0.9289  -2.3030
  1.2416  -1.8460   0.9332  -2.3057
  1.2452  -1.8405   0.9375  -2.3084
  1.2487  -1.8348   0.9417  -2.3111
  1.2521  -1.8289   0.9459  -2.3137
  1.2554  -1.8228   0.9500  -2.3163
  1.2586  -1.8166   0.9540  -2.3188
  1.2616  -1.8102   0.9580  -2.3212
  1.2646  -1.8036   0.9620  -2.3236
  1.2675  -1.7968   0.9658  -2.3259
  1.2702  -1.7899   0.9695  -2.3282
  1.2729  -1.7827   0.9732  -2.3304
  1.2755  -1.7754   0.9767  -2.3326
  1.2779  -1.7680   0.9802  -2.3347
  1.2802  -1.7603   0.9835  -2.3367
  1.2825  -1.7525   0.9867  -2.3387
  1.2846  -1.7446   0.9897  -2.3405
  1.2866  -1.7364   0.9926  -2.3424
  1.2885  -1.7281   0.9954  -2.3441
  1.2903  -1.7197   0.9980  -2.3457
  1.2920  -1.7110   1.0005  -2.3473
  1.2936  -1.7022   1.0028  -2.3488
  1.2951  -1.6933   1.0049  -2.3502
  1.2964  -1.6841   1.0068  -2.3514
  1.2977  -1.6748   1.0086  -2.3526
  1.2988  -1.6654   1.0101  -2.3537
  1.2999  -1.6558   1.0115  -2.3546
  1.3008  -1.6460   1.0126  -2.3554
  1.3016  -1.6360   1.0135  -2.3561
  1.3023  -1.6259   1.0142  -2.3566
  1.3029  -1.6156   1.0147  -2.3570
  1.3034  -1.6052   1.0150  -2.3572
  1.3034  -1.6052   1.0150  -2.3572
  1.3037  -1.5946   1.0150  -2.3572
  1.3041  -1.5872   1.0143  -2.3570
  1.3046  -1.5832   1.0130  -2.3567
  1.3050  -1.5820   1.0109  -2.3561
  1.3054  -1.5834   1.0081  -2.3552
  1.3057  -1.5868   1.0047  -2.3542
  1.3060  -1.5919   1.0006  -2.3529
  1.3061  -1.5986   0.9960  -2.3514
  1.3061  -1.6064   0.9908  -2.3496
  1.3059  -1.6152   0.9850  -2.3477
  1.3056  -1.6249   0.9788  -2.3454
  1.3051  -1.6353   0.9721  -2.3430
  1.3045  -1.6463   0.9649  -2.3403
  1.3036  -1.6577   0.9573  -2.3373
  1.3026  -1.6695   0.9493  -2.3341
  1.3014  -1.6816   0.9410  -2.3306
  1.2999  -1.6939   0.9323  -2.3268
  1.2983  -1.7064   0.9233  -2.3228
  1.2965  -1.7190   0.9140  -2.3184
  1.2945  -1.7318   0.9044  -2.3138
  1.2923  -1.7446   0.8946  -2.3088
  1.2900  -1.7574   0.8846  -2.3035
  1.2874  -1.7703   0.8743  -2.2978
  1.2847  -1.7831   0.8640  -2.2919
  1.2818  -1.7959   0.8534  -2.2856
  1.2788  -1.8087   0.8427  -2.2790
  1.2756  -1.8214   0.8320  -2.2720
  1.2722  -1.8340   0.8211  -2.2646
  1.2687  -1.8466   0.8102  -2.2569
  1.2651  -1.8590   0.7992  -2.2489
  1.2613  -1.8713   0.7882  -2.2404
  1.2574  -1.8835   0.7772  -2.2316
  1.2534  -1.8956   0.7662  -2.2225
  1.2493  -1.9076   0.7552  -2.2130
  1.2451  -1.9194   0.7443  -2.2031
  1.2408  -1.9311   0.7334  -2.1928
  1.2365  -1.9426   0.7226  -2.1822
  1.2321  -1.9540   0.7119  -2.1713
  1.2276  -1.9652   0.7013  -2.1599
  1.2231  -1.9763   0.6909  -2.1483
  1.2185  -1.9872   0.6806  -2.1362
  1.2139  -1.9979   0.6704  -2.1239
  1.2093  -2.0085   0.6604  -2.1112
  1.2047  -2.0188   0.6506  -2.0982
  1.2001  -2.0290   0.6410  -2.0848
  1.1955  -2.0390   0.6316  -2.0712
  1.1910  -2.0489   0.6224  -2.0573
  1.1864  -2.0585   0.6134  -2.0431
  1.1820  -2.0679   0.6047  -2.0287
  1.1776  -2.0772   0.5963  -2.0140
  1.1733  -2.0862   0.5881  -1.9992
  1.1691  -2.0950   0.5802  -1.9841
  1.1650  -2.1036   0.5725  -1.9690
  1.1610  -2.1119   0.5652  -1.9537
  1.1571  -2.1200   0.5582  -1.9384
  1.1534  -2.1279   0.5515  -1.9231
  1.1499  -2.1355   0.5452  -1.9079
  1.1465  -2.1428   0.5392  -1.8928
  1.1433  -2.1498   0.5335  -1.8779
  1.1403  -2.1564   0.5283  -1.8633
  1.1376  -2.1627   0.5234  -1.8491
  1.1351  -2.1686   0.5190  -1.8356
  1.1328  -2.1740   0.5150  -1.8227
  1.1308  -2.1789   0.5115  -1.8108
  1.1291  -2.1832   0.5084  -1.8000
  1.1277  -2.1869   0.5059  -1.7906
  1.1266  -2.1898   0.5039  -1.7830
  1.1259  -2.1919   0.5026  -1.7774
  1.1259  -2.1919   0.5026  -1.7774
  1.1256  -2.1930   0.5129  -1.7859
  1.1252  -2.1938   0.5232  -1.7943
  1.1249  -2.1943   0.5335  -1.8025
  1.1245  -2.1945   0.5437  -1.8106
  1.1241  -2.1944   0.5539  -1.8185
  1.1236  -2.1941   0.5640  -1.8263
  1.1232  -2.1936   0.5741  -1.8339
  1.1227  -2.1928   0.5842  -1.8414
  1.1222  -2.1919   0.5942  -1.8487
  1.1217  -2.1907   0.6042  -1.8559
  1.1211  -2.1895   0.6141  -1.8629
  1.1206  -2.1880   0.6240  -1.8698
  1.1200  -2.1864   0.6338  -1.8766
  1.1194  -2.1847   0.6436  -1.8832
  1.1188  -2.1829   0.6534  -1.8896
  1.1182  -2.1810   0.6631  -1.8960
  1.1176  -2.1789   0.6728  -1.9021
  1.1170  -2.1768   0.6824  -1.9082
  1.1163  -2.1746   0.6920  -1.9141
  1.1156  -2.1723   0.7016  -1.9198
  1.1150  -2.1700   0.7111  -1.9254
  1.1143  -2.1676   0.7205  -1.9308
  1.1136  -2.1651   0.7299  -1.9361
  1.1129  -2.1626   0.7392  -1.9413
  1.1122  -2.1600   0.7485  -1.9463
  1.1115  -2.1574   0.7578  -1.9512
  1.1108  -2.1547   0.7669  -1.9559
  1.1101  -2.1521   0.7761  -1.9604
  1.1094  -2.1494   0.7851  -1.9649
  1.1086  -2.1466   0.7941  -1.9691
  1.1079  -2.1439   0.8031  -1.9732
  1.1072  -2.1411   0.8120  -1.9772
  1.1065  -2.1384   0.8208  -1.9810
  1.1057  -2.1356   0.8295  -1.9847
  1.1050  -2.1328   0.8382  -1.9882
  1.1043  -2.1300   0.8468  -1.9915
  1.1036  -2.1272   0.8553  -1.9947
  1.1028  -2.1244   0.8638  -1.9977
  1.1021  -2.1216   0.8721  -2.0006
  1.1014  -2.1188   0.8804  -2.0034
  1.1007  -2.1161   0.8886  -2.0059
  1.1000  -2.1133   0.8967  -2.0083
  1.0993  -2.1106   0.9047  -2.0106
  1.0986  -2.1078   0.9127  -2.0127
  1.0979  -2.1051   0.9205  -2.0146
  1.0973  -2.1024   0.9282  -2.0164
  1.0966  -2.0998   0.9359  -2.0180
  1.0960  -2.0971   0.9434  -2.0194
  1.0953  -2.0945   0.9508  -2.0207
  1.0947  -2.0919   0.9581  -2.0218
  1.0941  -2.0894   0.9653  -2.0227
  1.0935  -2.0868   0.9723  -2.0235
  1.0929  -2.0844   0.9793  -2.0241
  1.0923  -2.0819   0.9861  -2.0246
  1.0918  -2.0795   0.9928  -2.0248
  1.0912  -2.0772   0.9993  -2.0249
  1.0907  -2.0749   1.0057  -2.0249
  1.0902  -2.0726   1.0120  -2.0246
  1.0897  -2.0704   1.0181  -2.0242
  1.0892  -2.0683   1.0241  -2.0236
  1.0888  -2.0662   1.0300  -2.0229
  1.0883  -2.0642   1.0356  -2.0219
  1.0879  -2.0622   1.0412  -2.0208
  1.0875  -2.0603   1.0465  -2.0195
  1.0871  -2.0585   1.0517  -2.0180
  1.0868  -2.0568   1.0567  -2.0164
  1.0864  -2.0552   1.0616  -2.0146
  1.0861  -2.0536   1.0662  -2.0125
  1.0858  -2.0522   1.0707  -2.0104
  1.0855  -2.0508   1.0750  -2.0080
  1.0853  -2.0495   1.0792  -2.0054
  1.0851  -2.0484   1.0831  -2.0027
  1.0849  -2.0474   1.0868  -1.9998
  1.0847  -2.0465   1.0904  -1.9966
  1.0846  -2.0457   1.0937  -1.9934
  1.0845  -2.0451   1.0968  -1.9899
  1.0844  -2.0446   1.0998  -1.9862
  1.0843  -2.0442   1.1025  -1.9823
  1.0843  -2.0441   1.1050  -1.9783
  1.0843  -2.0441   1.1050  -1.9783
  1.0843  -2.0441   1.1073  -1.9741
  1.0842  -2.0437   1.1092  -1.9709
  1.0841  -2.0432   1.1107  -1.9690
  1.0839  -2.0423   1.1118  -1.9681
  1.0836  -2.0413   1.1125  -1.9681
  1.0833  -2.0399   1.1127  -1.9689
  1.0829  -2.0384   1.1126  -1.9704
  1.0825  -2.0366   1.1121  -1.9724
  1.0819  -2.0347   1.1111  -1.9749
  1.0814  -2.0326   1.1098  -1.9778
  1.0808  -2.0305   1.1082  -1.9811
  1.0801  -2.0282   1.1061  -1.9846
  1.0794  -2.0258   1.1038  -1.9885
  1.0786  -2.0233   1.1011  -1.9925
  1.0778  -2.0208   1.0980  -1.9967
  1.0769  -2.0182   1.0947  -2.0011
  1.0760  -2.0156   1.0910  -2.0056
  1.0751  -2.0129   1.0871  -2.0102
  1.0741  -2.0102   1.0829  -2.0149
  1.0731  -2.0075   1.0784  -2.0197
  1.0721  -2.0047   1.0737  -2.0245
  1.0710  -2.0019   1.0687  -2.0293
  1.0699  -1.9991   1.0635  -2.0342
  1.0688  -1.9963   1.0580  -2.0391
  1.0676  -1.9935   1.0524  -2.0440
  1.0665  -1.9906   1.0466  -2.0489
  1.0653  -1.9877   1.0406  -2.0538
  1.0641  -1.9849   1.0344  -2.0586
  1.0629  -1.9820   1.0281  -2.0635
  1.0617  -1.9791   1.0216  -2.0683
  1.0605  -1.9762   1.0151  -2.0730
  1.0593  -1.9733   1.0084  -2.0777
  1.0580  -1.9704   1.0016  -2.0824
  1.0568  -1.9675   0.9947  -2.0870
  1.0556  -1.9646   0.9878  -2.0916
  1.0544  -1.9617   0.9808  -2.0961
  1.0531  -1.9588   0.9737  -2.1006
  1.0519  -1.9559   0.9666  -2.1050
  1.0507  -1.9530   0.9596  -2.1093
  1.0495  -1.9500   0.9525  -2.1135
  1.0483  -1.9471   0.9454  -2.1177
  1.0472  -1.9442   0.9384  -2.1218
  1.0460  -1.9413   0.9314  -2.1259
  1.0449  -1.9384   0.9244  -2.1299
  1.0438  -1.9356   0.9176  -2.1338
  1.0427  -1.9327   0.9108  -2.1376
  1.0417  -1.9299   0.9041  -2.1413
  1.0406  -1.9270   0.8975  -2.1450
  1.0396  -1.9242   0.8911  -2.1486
  1.0386  -1.9214   0.8848  -2.1521
  1.0377  -1.9187   0.8787  -2.1555
  1.0368  -1.9159   0.8728  -2.1588
  1.0359  -1.9132   0.8670  -2.1621
  1.0351  -1.9106   0.8615  -2.1652
  1.0343  -1.9080   0.8562  -2.1683
  1.0335  -1.9055   0.8511  -2.1713
  1.0328  -1.9030   0.8463  -2.1742
  1.0321  -1.9007   0.8418  -2.1769
  1.0315  -1.8984   0.8375  -2.1796
  1.0309  -1.8962   0.8336  -2.1821
  1.0304  -1.8942   0.8299  -2.1845
  1.0299  -1.8923   0.8267  -2.1868
  1.0295  -1.8905   0.8237  -2.1888
  1.0291  -1.8890   0.8211  -2.1907
  1.0288  -1.8876   0.8190  -2.1924
  1.0286  -1.8865   0.8172  -2.1938
  1.0284  -1.8856   0.8158  -2.1949
  1.0282  -1.8850   0.8149  -2.1958
  1.0282  -1.8850   0.8149  -2.1958
  1.0343  -1.8891   0.8143  -2.1962
  1.0404  -1.8930   0.8141  -2.1969
  1.0465  -1.8965   0.8140  -2.1980
  1.0526  -1.8998   0.8143  -2.1993
  1.0586  -1.9028   0.8148  -2.2008
  1.0646  -1.9055   0.8156  -2.2026
  1.0706  -1.9079   0.8166  -2.2046
  1.0766  -1.9101   0.8178  -2.2068
  1.0826  -1.9119   0.8193  -2.2091
  1.0885  -1.9135   0.8209  -2.2115
  1.0944  -1.9149   0.8228  -2.2141
  1.1002  -1.9159   0.8248  -2.2168
  1.1060  -1.9168   0.8271  -2.2196
  1.1118  -1.9173   0.8295  -2.2225
  1.1175  -1.9176   0.8321  -2.2254
  1.1232  -1.9177   0.8348  -2.2285
  1.1288  -1.9175   0.8377  -2.2315
  1.1343  -1.9170   0.8408  -2.2346
  1.1398  -1.9164   0.8439  -2.2378
  1.1453  -1.9155   0.8473  -2.2410
  1.1506  -1.9143   0.8507  -2.2442
  1.1559  -1.9129   0.8542  -2.2474
  1.1612  -1.9113   0.8579  -2.2507
  1.1664  -1.9095   0.8616  -2.2539
  1.1715  -1.9074   0.8655  -2.2571
  1.1765  -1.9051   0.8694  -2.2604
  1.1814  -1.9026   0.8734  -2.2636
  1.1863  -1.8999   0.8774  -2.2668
  1.1911  -1.8970   0.8816  -2.2700
  1.1958  -1.8939   0.8858  -2.2731
  1.2004  -1.8905   0.8900  -2.2763
  1.2049  -1.8869   0.8942  -2.2794
  1.2094  -1.8832   0.8985  -2.2824
  1.2137  -1.8792   0.9029  -2.2855
  1.2180  -1.8751   0.9072  -2.2885
  1.2222  -1.8707   0.9116  -2.2915
  1.2263  -1.8661   0.9159  -2.2944
  1.2302  -1.8614   0.9203  -2.2973
  1.2341  -1.8564   0.9246  -2.3002
  1.2379  -1.8513   0.9289  -2.3030
  1.2416  -1.8460   0.9332  -2.3057
  1.2452  -1.8405   0.9375  -2.3084
  1.2487  -1.8348   0.9417  -2.3111
  1.2521  -1.8289   0.9459  -2.3137
  1.2554  -1.8228   0.9500  -2.3163
  1.2585  -1.8166   0.9540  -2.3188
  1.2616  -1.8102   0.9580  -2.3212
  1.2646  -1.8036   0.9619  -2.3236
  1.2675  -1.7968   0.9658  -2.3260
  1.2702  -1.7898   0.9695  -2.3282
  1.2729  -1.7827   0.9732  -2.3304
  1.2754  -1.7754   0.9767  -2.3326
  1.2779  -1.7680   0.9801  -2.3347
  1.2802  -1.7603   0.9835  -2.3367
  1.2825  -1.7525   0.9866  -2.3387
  1.2846  -1.7446   0.9897  -2.3405
  1.2866  -1.7364   0.9926  -2.3424
  1.2885  -1.7281   0.9954  -2.3441
  1.2903  -1.7196   0.9980  -2.3457
  1.2920  -1.7110   1.0005  -2.3473
  1.2936  -1.7022   1.0028  -2.3488
  1.2951  -1.6932   1.0049  -2.3502
  1.2964  -1.6841   1.0068  -2.3514
  1.2977  -1.6748   1.0086  -2.3526
  1.2988  -1.6654   1.0101  -2.3537
  1.2998  -1.6557   1.0115  -2.3546
  1.3008  -1.6460   1.0126  -2.3554
  1.3016  -1.6360   1.0135  -2.3561
  1.3023  -1.6259   1.0142  -2.3566
  1.3029  -1.6156   1.0147  -2.3570
  1.3033  -1.6052   1.0149  -2.3572
  1.3033  -1.6052   1.0149  -2.3572
  1.3037  -1.5946   1.0149  -2.3572
  1.3041  -1.5872   1.0143  -2.3570
  1.3046  -1.5831   1.0130  -2.3567
  1.3050  -1.5820   1.0109  -2.3561
  1.3054  -1.5833   1.0081  -2.3552
  1.3057  -1.5868   1.0047  -2.3542
  1.3060  -1.5919   1.0006  -2.3529
  1.3061  -1.5985   0.9960  -2.3514
  1.3061  -1.6064   0.9908  -2.3496
  1.3059  -1.6152   0.9850  -2.3477
  1.3056  -1.6249   0.9788  -2.3454
  1.3051  -1.6353   0.9720  -2.3430
  1.3045  -1.6462   0.9649  -2.3403
  1.3036  -1.6577   0.9573  -2.3373
  1.3026  -1.6694   0.9493  -2.3341
  1.3013  -1.6815   0.9410  -2.3306
  1.2999  -1.6939   0.9323  -2.3268
  1.2983  -1.7064   0.9233  -2.3228
  1.2965  -1.7190   0.9140  -2.3184
  1.2945  -1.7318   0.9044  -2.3137
  1.2923  -1.7446   0.8946  -2.3088
  1.2900  -1.7574   0.8846  -2.3035
  1.2874  -1.7703   0.8743  -2.2978
  1.2847  -1.7831   0.8640  -2.2919
  1.2818  -1.7959   0.8534  -2.2856
  1.2787  -1.8087   0.8427  -2.2789
  1.2755  -1.8214   0.8320  -2.2720
  1.2722  -1.8340   0.8211  -2.2646
  1.2687  -1.8465   0.8102  -2.2569
  1.2650  -1.8590   0.7992  -2.2488
  1.2613  -1.8713   0.7882  -2.2404
  1.2574  -1.8835   0.7772  -2.2316
  1.2534  -1.8956   0.7662  -2.2225
  1.2493  -1.9076   0.7552  -2.2130
  1.2451  -1.9194   0.7443  -2.2031
  1.2408  -1.9311   0.7334  -2.1928
  1.2365  -1.9426   0.7226  -2.1822
  1.2321  -1.9540   0.7119  -2.1713
  1.2276  -1.9652   0.7013  -2.1599
  1.2230  -1.9763   0.6909  -2.1482
  1.2185  -1.9872   0.6806  -2.1362
  1.2139  -1.9979   0.6704  -2.1239
  1.2093  -2.0085   0.6604  -2.1112
  1.2047  -2.0188   0.6506  -2.0981
  1.2001  -2.0290   0.6410  -2.0848
  1.1955  -2.0390   0.6316  -2.0712
  1.1909  -2.0489   0.6224  -2.0573
  1.1864  -2.0585   0.6134  -2.0431
  1.1820  -2.0679   0.6047  -2.0287
  1.1776  -2.0771   0.5963  -2.0140
  1.1733  -2.0862   0.5881  -1.9992
  1.1691  -2.0950   0.5802  -1.9841
  1.1650  -2.1036   0.5726  -1.9690
  1.1610  -2.1119   0.5652  -1.9537
  1.1571  -2.1200   0.5582  -1.9384
  1.1534  -2.1279   0.5515  -1.9231
  1.1499  -2.1355   0.5452  -1.9079
  1.1465  -2.1428   0.5392  -1.8927
  1.1433  -2.1498   0.5336  -1.8779
  1.1403  -2.1564   0.5283  -1.8633
  1.1376  -2.1627   0.5234  -1.8491
  1.1351  -2.1686   0.5190  -1.8356
  1.1328  -2.1740   0.5150  -1.8227
  1.1308  -2.1789   0.5115  -1.8108
  1.1291  -2.1832   0.5084  -1.8000
  1.1277  -2.1869   0.5059  -1.7906
  1.1266  -2.1898   0.5039  -1.7830
  1.1259  -2.1919   0.5026  -1.7774
  1.1259  -2.1919   0.5026  -1.7774
