 -1.8850  -0.4556  18.9745  20.8274
 -1.9141  -0.4598  21.0380  22.5558
 -1.8629  -0.4286  21.0969  22.7219
 -1.8073  -0.4002  20.9441  22.7440
 -1.7512  -0.3744  20.7697  22.7521
 -1.6947  -0.3505  20.5929  22.7588
 -1.6379  -0.3282  20.4157  22.7654
 -1.5808  -0.3072  20.2383  22.7718
 -1.5233  -0.2873  20.0605  22.7781
 -1.4655  -0.2683  19.8825  22.7843
 -1.4073  -0.2503  19.7042  22.7904
 -1.3488  -0.2331  19.5256  22.7963
 -1.2900  -0.2167  19.3467  22.8021
 -1.2308  -0.2010  19.1675  22.8077
 -1.1713  -0.1860  18.9879  22.8132
 -1.1114  -0.1717  18.8080  22.8186
 -1.0512  -0.1580  18.6277  22.8237
 -0.9907  -0.1449  18.4470  22.8286
 -0.9299  -0.1324  18.2660  22.8334
 -0.8688  -0.1204  18.0846  22.8379
 -0.8073  -0.1090  17.9028  22.8422
 -0.7456  -0.0981  17.7206  22.8462
 -0.6835  -0.0877  17.5380  22.8500
 -0.6211  -0.0778  17.3549  22.8535
 -0.5585  -0.0684  17.1715  22.8568
 -0.4955  -0.0595  16.9876  22.8597
 -0.4323  -0.0510  16.8032  22.8623
 -0.3688  -0.0430  16.6184  22.8646
 -0.3051  -0.0353  16.4331  22.8665
 -0.2410  -0.0282  16.2474  22.8680
 -0.1768  -0.0214  16.0612  22.8692
 -0.1123  -0.0151  15.8745  22.8700
 -0.0476  -0.0091  15.6874  22.8703
  0.0174  -0.0036  15.4997  22.8702
  0.0826   0.0016  15.3115  22.8697
  0.1480   0.0063  15.1229  22.8686
  0.2135   0.0107  14.9337  22.8671
  0.2793   0.0147  14.7440  22.8650
  0.3452   0.0183  14.5538  22.8624
  0.4114   0.0215  14.3630  22.8593
  0.4777   0.0243  14.1717  22.8555
  0.5441   0.0268  13.9799  22.8512
  0.6107   0.0288  13.7876  22.8462
  0.6774   0.0305  13.5947  22.8405
  0.7443   0.0318  13.4012  22.8342
  0.8113   0.0327  13.2072  22.8272
  0.8784   0.0332  13.0127  22.8195
  0.9456   0.0333  12.8176  22.8110
  1.0129   0.0330  12.6219  22.8018
  1.0803   0.0322  12.4257  22.7918
  1.1477   0.0311  12.2289  22.7809
  1.2153   0.0295  12.0315  22.7692
  1.2829   0.0275  11.8336  22.7566
  1.3506   0.0250  11.6351  22.7432
  1.4183   0.0221  11.4360  22.7288
  1.4860   0.0187  11.2363  22.7134
  1.5538   0.0148  11.0361  22.6971
  1.6217   0.0105  10.8353  22.6797
  1.6895   0.0056  10.6339  22.6614
  1.7574   0.0001  10.4319  22.6419
  1.8253  -0.0059  10.2293  22.6214
  1.8932  -0.0124  10.0261  22.5997
  1.9612  -0.0195   9.8224  22.5769
  2.0291  -0.0273   9.6180  22.5529
  2.0970  -0.0356   9.4131  22.5277
  2.1649  -0.0446   9.2076  22.5012
  2.2329  -0.0542   9.0014  22.4735
  2.3008  -0.0645   8.7947  22.4444
  2.3687  -0.0755   8.5874  22.4140
  2.4366  -0.0872   8.3795  22.3823
  2.5045  -0.0995   8.1709  22.3491
  2.5725  -0.1125   7.9618  22.3145
  2.6404  -0.1260   7.7521  22.2785
  2.7083  -0.1401   7.5417  22.2409
  2.7763  -0.1547   7.3307  22.2018
  2.8443  -0.1696   7.1192  22.1611
  2.9124  -0.1849   6.9070  22.1188
  2.9803  -0.2004   6.6942  22.0748
  3.0469  -0.2168   6.4808  22.0293
  0.0000   0.0000   0.0000   0.0000
 -1.1945   0.7028  -2.7604  -1.8606
 -1.3911   0.7316  -3.2472  -1.9518
 -1.3868   0.6414  -3.2771  -1.7498
 -1.3449   0.5475  -3.2212  -1.5245
 -1.2989   0.4653  -3.1400  -1.3233
 -1.2519   0.3939  -3.0518  -1.1501
 -1.2052   0.3329  -2.9604  -1.0019
 -1.1591   0.2812  -2.8666  -0.8752
 -1.1135   0.2373  -2.7711  -0.7666
 -1.0683   0.2002  -2.6742  -0.6732
 -1.0236   0.1687  -2.5763  -0.5928
 -0.9792   0.1421  -2.4775  -0.5233
 -0.9352   0.1196  -2.3782  -0.4631
 -0.8914   0.1006  -2.2785  -0.4106
 -0.8478   0.0845  -2.1785  -0.3648
 -0.8043   0.0709  -2.0785  -0.3247
 -0.7611   0.0594  -1.9785  -0.2893
 -0.7179   0.0498  -1.8785  -0.2581
 -0.6748   0.0416  -1.7787  -0.2303
 -0.6318   0.0347  -1.6792  -0.2055
 -0.5888   0.0290  -1.5799  -0.1833
 -0.5459   0.0242  -1.4810  -0.1633
 -0.5029   0.0202  -1.3823  -0.1452
 -0.4599   0.0169  -1.2841  -0.1287
 -0.4169   0.0142  -1.1862  -0.1136
 -0.3738   0.0121  -1.0887  -0.0997
 -0.3306   0.0104  -0.9916  -0.0869
 -0.2873   0.0091  -0.8948  -0.0751
 -0.2439   0.0081  -0.7985  -0.0640
 -0.2004   0.0074  -0.7025  -0.0536
 -0.1567   0.0070  -0.6069  -0.0438
 -0.1129   0.0068  -0.5116  -0.0345
 -0.0689   0.0067  -0.4167  -0.0257
 -0.0247   0.0069  -0.3221  -0.0173
  0.0197   0.0072  -0.2278  -0.0092
  0.0643   0.0075  -0.1338  -0.0014
  0.1091   0.0080  -0.0401   0.0062
  0.1541   0.0085   0.0534   0.0137
  0.1994   0.0091   0.1466   0.0210
  0.2450   0.0096   0.2397   0.0283
  0.2908   0.0101   0.3326   0.0356
  0.3369   0.0104   0.4253   0.0430
  0.3833   0.0107   0.5179   0.0505
  0.4301   0.0108   0.6105   0.0581
  0.4771   0.0106   0.7029   0.0661
  0.5245   0.0101   0.7953   0.0744
  0.5722   0.0091   0.8877   0.0833
  0.6203   0.0077   0.9802   0.0927
  0.6687   0.0056   1.0727   0.1029
  0.7175   0.0028   1.1653   0.1141
  0.7668  -0.0009   1.2580   0.1264
  0.8164  -0.0058   1.3509   0.1400
  0.8665  -0.0120   1.4440   0.1553
  0.9170  -0.0198   1.5374   0.1726
  0.9680  -0.0296   1.6310   0.1923
  1.0195  -0.0417   1.7250   0.2147
  1.0715  -0.0566   1.8194   0.2405
  1.1240  -0.0747   1.9142   0.2702
  1.1771  -0.0967   2.0095   0.3045
  1.2308  -0.1234   2.1054   0.3444
  1.2851  -0.1557   2.2019   0.3908
  1.3402  -0.1945   2.2990   0.4449
  1.3960  -0.2411   2.3969   0.5080
  1.4526  -0.2969   2.4955   0.5818
  1.5101  -0.3636   2.5950   0.6681
  1.5686  -0.4433   2.6954   0.7692
  1.6283  -0.5383   2.7968   0.8875
  1.6891  -0.6513   2.8993   1.0260
  0.0000   0.0000   0.0000   0.0000
-13.5520  16.4545   1.6496  -0.2914
-14.6463  17.3021   1.6683  -0.2875
-14.8316  17.2706   1.6125  -0.2604
-14.9451  17.1940   1.5541  -0.2367
-15.0516  17.1148   1.4959  -0.2158
-15.1568  17.0348   1.4379  -0.1972
-15.2609  16.9540   1.3803  -0.1803
-15.3638  16.8726   1.3229  -0.1649
-15.4657  16.7906   1.2658  -0.1509
-15.5663  16.7080   1.2089  -0.1380
-15.6658  16.6249   1.1521  -0.1261
-15.7641  16.5413   1.0956  -0.1152
-15.8611  16.4572   1.0392  -0.1052
-15.9568  16.3728   0.9830  -0.0959
-16.0512  16.2879   0.9269  -0.0874
-16.1442  16.2027   0.8709  -0.0796
-16.2359  16.1173   0.8151  -0.0723
-16.3262  16.0315   0.7593  -0.0657
-16.4151  15.9456   0.7037  -0.0596
-16.5025  15.8594   0.6481  -0.0540
-16.5884  15.7731   0.5926  -0.0488
-16.6728  15.6866   0.5372  -0.0441
-16.7557  15.6001   0.4818  -0.0397
-16.8370  15.5135   0.4265  -0.0358
-16.9167  15.4268   0.3712  -0.0321
-16.9949  15.3402   0.3159  -0.0288
-17.0714  15.2536   0.2607  -0.0257
-17.1462  15.1671   0.2054  -0.0229
-17.2194  15.0807   0.1502  -0.0204
-17.2909  14.9944   0.0950  -0.0181
-17.3606  14.9082   0.0398  -0.0160
-17.4287  14.8222  -0.0154  -0.0141
-17.4949  14.7364  -0.0706  -0.0123
-17.5595  14.6509  -0.1258  -0.0108
-17.6222  14.5656  -0.1810  -0.0093
-17.6831  14.4806  -0.2363  -0.0080
-17.7423  14.3958  -0.2915  -0.0069
-17.7996  14.3114  -0.3468  -0.0058
-17.8551  14.2273  -0.4021  -0.0049
-17.9087  14.1435  -0.4574  -0.0040
-17.9605  14.0601  -0.5127  -0.0032
-18.0104  13.9771  -0.5681  -0.0025
-18.0584  13.8944  -0.6235  -0.0018
-18.1045  13.8122  -0.6789  -0.0012
-18.1488  13.7303  -0.7343  -0.0006
-18.1912  13.6488  -0.7898  -0.0000
-18.2316  13.5678  -0.8452   0.0005
-18.2702  13.4872  -0.9007   0.0011
-18.3068  13.4069  -0.9562   0.0016
-18.3415  13.3271  -1.0117   0.0022
-18.3743  13.2477  -1.0672   0.0028
-18.4052  13.1687  -1.1228   0.0035
-18.4341  13.0901  -1.1783   0.0042
-18.4611  13.0119  -1.2338   0.0050
-18.4861  12.9341  -1.2893   0.0060
-18.5092  12.8566  -1.3448   0.0070
-18.5304  12.7795  -1.4003   0.0082
-18.5496  12.7027  -1.4557   0.0096
-18.5669  12.6262  -1.5111   0.0112
-18.5822  12.5500  -1.5665   0.0130
-18.5956  12.4741  -1.6218   0.0152
-18.6070  12.3984  -1.6771   0.0176
-18.6164  12.3228  -1.7323   0.0205
-18.6239  12.2475  -1.7874   0.0239
-18.6294  12.1723  -1.8424   0.0278
-18.6330  12.0971  -1.8973   0.0324
-18.6346  12.0220  -1.9521   0.0378
-18.6342  11.9469  -2.0068   0.0442
-18.6318  11.8718  -2.0614   0.0516
-18.6274  11.7966  -2.1160   0.0601
-18.6211  11.7211  -2.1713   0.0691
  0.0000   0.0000   0.0000   0.0000
 -1.3269  -3.2116  -4.3551   0.3342
 -1.5947  -3.2725  -5.0542   0.3835
 -1.6352  -2.8659  -5.0019   0.3682
 -1.6351  -2.4315  -4.8201   0.3395
 -1.6234  -2.0534  -4.6155   0.3090
 -1.6074  -1.7349  -4.4100   0.2811
 -1.5887  -1.4671  -4.2072   0.2571
 -1.5677  -1.2433  -4.0080   0.2367
 -1.5445  -1.0557  -3.8120   0.2195
 -1.5192  -0.8985  -3.6195   0.2052
 -1.4919  -0.7667  -3.4302   0.1934
 -1.4627  -0.6558  -3.2442   0.1835
 -1.4318  -0.5625  -3.0613   0.1753
 -1.3992  -0.4837  -2.8815   0.1685
 -1.3651  -0.4169  -2.7048   0.1628
 -1.3294  -0.3601  -2.5309   0.1580
 -1.2923  -0.3116  -2.3599   0.1541
 -1.2537  -0.2700  -2.1918   0.1508
 -1.2138  -0.2341  -2.0263   0.1481
 -1.1726  -0.2029  -1.8635   0.1459
 -1.1300  -0.1757  -1.7033   0.1442
 -1.0861  -0.1519  -1.5457   0.1428
 -1.0409  -0.1307  -1.3906   0.1417
 -0.9944  -0.1119  -1.2378   0.1410
 -0.9466  -0.0951  -1.0875   0.1406
 -0.8976  -0.0798  -0.9395   0.1405
 -0.8472  -0.0660  -0.7938   0.1406
 -0.7955  -0.0533  -0.6503   0.1409
 -0.7426  -0.0416  -0.5090   0.1415
 -0.6883  -0.0308  -0.3699   0.1424
 -0.6326  -0.0206  -0.2329   0.1434
 -0.5757  -0.0111  -0.0979   0.1446
 -0.5174  -0.0021   0.0349   0.1460
 -0.4577   0.0064   0.1658   0.1476
 -0.3967   0.0146   0.2947   0.1493
 -0.3343   0.0224   0.4216   0.1510
 -0.2705   0.0300   0.5466   0.1528
 -0.2054   0.0374   0.6698   0.1546
 -0.1388   0.0446   0.7910   0.1563
 -0.0707   0.0518   0.9105   0.1578
 -0.0012   0.0590   1.0281   0.1590
  0.0697   0.0662   1.1440   0.1599
  0.1421   0.0736   1.2581   0.1603
  0.2159   0.0812   1.3705   0.1600
  0.2913   0.0892   1.4813   0.1588
  0.3682   0.0976   1.5904   0.1566
  0.4466   0.1067   1.6979   0.1530
  0.5265   0.1166   1.8039   0.1478
  0.6079   0.1275   1.9084   0.1406
  0.6910   0.1397   2.0115   0.1309
  0.7755   0.1534   2.1133   0.1183
  0.8617   0.1691   2.2139   0.1020
  0.9494   0.1870   2.3133   0.0815
  1.0387   0.2076   2.4117   0.0558
  1.1296   0.2316   2.5092   0.0240
  1.2221   0.2596   2.6061  -0.0153
  1.3161   0.2923   2.7025  -0.0634
  1.4118   0.3306   2.7988  -0.1221
  1.5091   0.3757   2.8951  -0.1935
  1.6080   0.4287   2.9919  -0.2801
  1.7084   0.4912   3.0897  -0.3849
  1.8104   0.5648   3.1888  -0.5115
  1.9139   0.6515   3.2901  -0.6643
  2.0189   0.7537   3.3941  -0.8483
  2.1254   0.8741   3.5019  -1.0700
  2.2331   1.0159   3.6144  -1.3367
  2.3421   1.1827   3.7327  -1.6576
  2.4521   1.3789   3.8583  -2.0434
  2.5624   1.6094   3.9923  -2.5071
  0.0000   0.0000   0.0000   0.0000
  0.3919   0.1465  16.1839  28.1714
  0.4150   0.1346  18.2921  30.1711
  0.4192   0.1174  18.3735  30.2677
  0.4221   0.1027  18.2299  30.2003
  0.4250   0.0889  18.0617  30.1169
  0.4282   0.0762  17.8895  30.0313
  0.4316   0.0644  17.7154  29.9448
  0.4351   0.0535  17.5396  29.8576
  0.4388   0.0434  17.3622  29.7698
  0.4427   0.0341  17.1832  29.6813
  0.4468   0.0256  17.0027  29.5922
  0.4510   0.0177  16.8206  29.5026
  0.4554   0.0105  16.6371  29.4123
  0.4601   0.0039  16.4522  29.3215
  0.4648  -0.0022  16.2659  29.2301
  0.4698  -0.0078  16.0782  29.1381
  0.4749  -0.0129  15.8891  29.0457
  0.4802  -0.0175  15.6988  28.9526
  0.4857  -0.0218  15.5073  28.8591
  0.4914  -0.0256  15.3145  28.7650
  0.4972  -0.0291  15.1206  28.6704
  0.5031  -0.0323  14.9255  28.5753
  0.5092  -0.0351  14.7294  28.4796
  0.5155  -0.0377  14.5322  28.3834
  0.5219  -0.0400  14.3340  28.2867
  0.5285  -0.0421  14.1348  28.1894
  0.5352  -0.0439  13.9347  28.0916
  0.5421  -0.0455  13.7338  27.9932
  0.5490  -0.0469  13.5320  27.8942
  0.5562  -0.0482  13.3294  27.7946
  0.5634  -0.0493  13.1260  27.6945
  0.5708  -0.0502  12.9220  27.5938
  0.5783  -0.0511  12.7173  27.4924
  0.5859  -0.0518  12.5119  27.3904
  0.5937  -0.0523  12.3061  27.2877
  0.6016  -0.0528  12.0997  27.1844
  0.6095  -0.0532  11.8928  27.0804
  0.6176  -0.0535  11.6855  26.9758
  0.6258  -0.0538  11.4779  26.8704
  0.6341  -0.0540  11.2699  26.7642
  0.6425  -0.0541  11.0617  26.6574
  0.6509  -0.0542  10.8533  26.5497
  0.6595  -0.0543  10.6447  26.4413
  0.6682  -0.0544  10.4361  26.3321
  0.6769  -0.0544  10.2273  26.2220
  0.6857  -0.0545  10.0186  26.1112
  0.6946  -0.0545   9.8100  25.9994
  0.7035  -0.0546   9.6014  25.8868
  0.7126  -0.0546   9.3931  25.7733
  0.7217  -0.0547   9.1849  25.6589
  0.7308  -0.0549   8.9771  25.5435
  0.7400  -0.0550   8.7696  25.4272
  0.7493  -0.0553   8.5625  25.3100
  0.7586  -0.0555   8.3558  25.1917
  0.7680  -0.0559   8.1497  25.0725
  0.7774  -0.0563   7.9441  24.9523
  0.7869  -0.0568   7.7391  24.8311
  0.7964  -0.0574   7.5349  24.7088
  0.8059  -0.0581   7.3313  24.5855
  0.8155  -0.0589   7.1286  24.4611
  0.8251  -0.0599   6.9267  24.3357
  0.8347  -0.0610   6.7256  24.2092
  0.8443  -0.0622   6.5256  24.0817
  0.8540  -0.0635   6.3265  23.9530
  0.8637  -0.0650   6.1285  23.8233
  0.8734  -0.0668   5.9315  23.6925
  0.8831  -0.0686   5.7357  23.5605
  0.8929  -0.0707   5.5411  23.4275
  0.9026  -0.0730   5.3476  23.2934
  0.9124  -0.0756   5.1555  23.1581
  0.9222  -0.0784   4.9647  23.0218
  0.9319  -0.0814   4.7751  22.8843
  0.9417  -0.0848   4.5870  22.7458
  0.9515  -0.0885   4.4003  22.6062
  0.9613  -0.0925   4.2150  22.4655
  0.9710  -0.0968   4.0311  22.3237
  0.9808  -0.1016   3.8488  22.1808
  0.9905  -0.1069   3.6679  22.0368
  0.9999  -0.1127   3.4886  21.8918
  0.0000   0.0000   0.0000   0.0000
 -0.3145   0.3543  -3.3937  -1.3073
 -0.3019   0.2919  -3.9810  -1.3868
 -0.2957   0.2971  -4.0107  -1.2606
 -0.2960   0.2982  -3.9271  -1.1090
 -0.2884   0.2771  -3.8209  -0.9722
 -0.2782   0.2493  -3.7100  -0.8533
 -0.2665   0.2209  -3.5980  -0.7505
 -0.2541   0.1943  -3.4856  -0.6615
 -0.2412   0.1703  -3.3730  -0.5842
 -0.2277   0.1490  -3.2601  -0.5170
 -0.2139   0.1304  -3.1471  -0.4582
 -0.1998   0.1141  -3.0341  -0.4067
 -0.1853   0.1001  -2.9209  -0.3614
 -0.1707   0.0879  -2.8077  -0.3214
 -0.1559   0.0774  -2.6945  -0.2859
 -0.1409   0.0683  -2.5813  -0.2543
 -0.1258   0.0605  -2.4681  -0.2262
 -0.1106   0.0537  -2.3548  -0.2009
 -0.0953   0.0479  -2.2416  -0.1781
 -0.0801   0.0428  -2.1284  -0.1576
 -0.0648   0.0384  -2.0152  -0.1389
 -0.0496   0.0346  -1.9019  -0.1219
 -0.0344   0.0313  -1.7886  -0.1063
 -0.0194   0.0284  -1.6753  -0.0920
 -0.0044   0.0258  -1.5620  -0.0788
  0.0105   0.0235  -1.4485  -0.0666
  0.0252   0.0214  -1.3350  -0.0553
  0.0397   0.0195  -1.2214  -0.0448
  0.0541   0.0178  -1.1076  -0.0349
  0.0683   0.0162  -0.9937  -0.0257
  0.0823   0.0146  -0.8796  -0.0170
  0.0960   0.0131  -0.7653  -0.0088
  0.1095   0.0117  -0.6508  -0.0011
  0.1228   0.0102  -0.5360   0.0062
  0.1358   0.0088  -0.4209   0.0132
  0.1485   0.0072  -0.3056   0.0198
  0.1609   0.0057  -0.1898   0.0262
  0.1729   0.0040  -0.0737   0.0322
  0.1847   0.0022   0.0428   0.0381
  0.1961   0.0004   0.1597   0.0437
  0.2072  -0.0017   0.2771   0.0491
  0.2179  -0.0039   0.3950   0.0544
  0.2282  -0.0064   0.5135   0.0596
  0.2382  -0.0091   0.6325   0.0647
  0.2477  -0.0121   0.7521   0.0698
  0.2568  -0.0154   0.8724   0.0748
  0.2655  -0.0191   0.9934   0.0799
  0.2737  -0.0232   1.1151   0.0850
  0.2815  -0.0279   1.2375   0.0903
  0.2888  -0.0331   1.3608   0.0958
  0.2956  -0.0389   1.4849   0.1017
  0.3019  -0.0455   1.6098   0.1079
  0.3077  -0.0529   1.7357   0.1146
  0.3130  -0.0612   1.8626   0.1220
  0.3177  -0.0706   1.9905   0.1301
  0.3218  -0.0811   2.1194   0.1393
  0.3254  -0.0929   2.2494   0.1497
  0.3283  -0.1061   2.3806   0.1616
  0.3306  -0.1209   2.5130   0.1753
  0.3322  -0.1374   2.6466   0.1911
  0.3331  -0.1556   2.7815   0.2096
  0.3333  -0.1758   2.9177   0.2312
  0.3327  -0.1978   3.0553   0.2565
  0.3313  -0.2217   3.1943   0.2863
  0.3291  -0.2472   3.3348   0.3213
  0.3260  -0.2738   3.4768   0.3626
  0.3219  -0.3007   3.6203   0.4112
  0.3167  -0.3263   3.7654   0.4685
  0.0000   0.0000   0.0000   0.0000
-12.7933  23.0957   1.4553  -0.2964
-13.6466  24.5623   1.4619  -0.2943
-13.8489  24.4852   1.4068  -0.2665
-14.0305  24.2893   1.3501  -0.2427
-14.2113  24.0830   1.2940  -0.2223
-14.3906  23.8750   1.2386  -0.2042
-14.5680  23.6661   1.1837  -0.1881
-14.7432  23.4565   1.1293  -0.1737
-14.9163  23.2463   1.0755  -0.1605
-15.0870  23.0355   1.0221  -0.1486
-15.2555  22.8242   0.9692  -0.1377
-15.4214  22.6125   0.9167  -0.1278
-15.5849  22.4004   0.8647  -0.1188
-15.7458  22.1880   0.8130  -0.1105
-15.9040  21.9754   0.7616  -0.1029
-16.0595  21.7626   0.7106  -0.0960
-16.2122  21.5497   0.6599  -0.0896
-16.3620  21.3368   0.6095  -0.0838
-16.5090  21.1239   0.5594  -0.0785
-16.6529  20.9111   0.5095  -0.0736
-16.7939  20.6986   0.4598  -0.0691
-16.9317  20.4862   0.4103  -0.0650
-17.0665  20.2742   0.3611  -0.0613
-17.1981  20.0625   0.3120  -0.0578
-17.3265  19.8513   0.2630  -0.0546
-17.4516  19.6406   0.2142  -0.0516
-17.5735  19.4304   0.1655  -0.0489
-17.6921  19.2209   0.1169  -0.0464
-17.8074  19.0120   0.0685  -0.0440
-17.9194  18.8039   0.0200  -0.0418
-18.0280  18.5966  -0.0283  -0.0398
-18.1333  18.3901  -0.0766  -0.0378
-18.2352  18.1845  -0.1248  -0.0360
-18.3338  17.9798  -0.1730  -0.0343
-18.4290  17.7762  -0.2213  -0.0326
-18.5208  17.5736  -0.2694  -0.0310
-18.6092  17.3720  -0.3176  -0.0294
-18.6943  17.1716  -0.3659  -0.0279
-18.7761  16.9724  -0.4141  -0.0264
-18.8546  16.7744  -0.4624  -0.0250
-18.9297  16.5776  -0.5107  -0.0235
-19.0016  16.3820  -0.5590  -0.0220
-19.0702  16.1878  -0.6074  -0.0205
-19.1356  15.9948  -0.6559  -0.0190
-19.1978  15.8033  -0.7044  -0.0174
-19.2568  15.6130  -0.7530  -0.0158
-19.3126  15.4242  -0.8017  -0.0141
-19.3654  15.2368  -0.8504  -0.0123
-19.4150  15.0507  -0.8993  -0.0105
-19.4617  14.8661  -0.9482  -0.0085
-19.5053  14.6830  -0.9972  -0.0065
-19.5460  14.5013  -1.0463  -0.0043
-19.5837  14.3210  -1.0955  -0.0020
-19.6185  14.1421  -1.1448   0.0005
-19.6505  13.9647  -1.1942   0.0032
-19.6797  13.7888  -1.2437   0.0061
-19.7062  13.6142  -1.2933   0.0093
-19.7299  13.4411  -1.3429   0.0127
-19.7509  13.2694  -1.3927   0.0164
-19.7693  13.0991  -1.4426   0.0204
-19.7851  12.9302  -1.4925   0.0248
-19.7984  12.7627  -1.5425   0.0297
-19.8092  12.5965  -1.5926   0.0351
-19.8175  12.4316  -1.6428   0.0411
-19.8234  12.2681  -1.6930   0.0479
-19.8269  12.1058  -1.7433   0.0554
-19.8281  11.9448  -1.7937   0.0640
-19.8270  11.7849  -1.8440   0.0738
-19.8237  11.6263  -1.8945   0.0848
-19.8181  11.4689  -1.9453   0.0971
-19.8105  11.3126  -1.9974   0.1099
  0.0000   0.0000   0.0000   0.0000
 -2.0943  -3.0177  -4.6190   0.1337
 -2.4719  -3.1058  -5.3656   0.1638
 -2.4982  -2.7464  -5.3158   0.1799
 -2.4620  -2.3517  -5.1265   0.1843
 -2.4123  -2.0037  -4.9121   0.1816
 -2.3597  -1.7065  -4.6962   0.1771
 -2.3060  -1.4543  -4.4832   0.1726
 -2.2516  -1.2404  -4.2739   0.1686
 -2.1963  -1.0591  -4.0680   0.1653
 -2.1400  -0.9052  -3.8657   0.1627
 -2.0827  -0.7744  -3.6668   0.1607
 -2.0243  -0.6631  -3.4711   0.1591
 -1.9648  -0.5682  -3.2787   0.1580
 -1.9042  -0.4869  -3.0893   0.1572
 -1.8425  -0.4173  -2.9029   0.1565
 -1.7798  -0.3573  -2.7195   0.1561
 -1.7159  -0.3054  -2.5389   0.1558
 -1.6510  -0.2604  -2.3611   0.1555
 -1.5850  -0.2212  -2.1860   0.1554
 -1.5179  -0.1869  -2.0135   0.1553
 -1.4497  -0.1567  -1.8435   0.1553
 -1.3805  -0.1300  -1.6761   0.1554
 -1.3101  -0.1062  -1.5111   0.1555
 -1.2387  -0.0850  -1.3484   0.1557
 -1.1662  -0.0660  -1.1881   0.1561
 -1.0925  -0.0488  -1.0301   0.1565
 -1.0178  -0.0332  -0.8742   0.1570
 -0.9419  -0.0190  -0.7206   0.1577
 -0.8649  -0.0060  -0.5690   0.1584
 -0.7867   0.0059  -0.4196   0.1594
 -0.7074   0.0169  -0.2722   0.1604
 -0.6269   0.0270  -0.1268   0.1616
 -0.5452   0.0365   0.0166   0.1629
 -0.4623   0.0452   0.1581   0.1643
 -0.3782   0.0534   0.2977   0.1658
 -0.2929   0.0611   0.4354   0.1673
 -0.2064   0.0683   0.5712   0.1689
 -0.1186   0.0751   0.7053   0.1704
 -0.0296   0.0815   0.8376   0.1719
  0.0607   0.0876   0.9681   0.1731
  0.1523   0.0935   1.0969   0.1741
  0.2452   0.0992   1.2240   0.1747
  0.3394   0.1047   1.3494   0.1748
  0.4349   0.1101   1.4733   0.1742
  0.5317   0.1156   1.5955   0.1727
  0.6300   0.1211   1.7162   0.1701
  0.7296   0.1268   1.8354   0.1662
  0.8305   0.1328   1.9531   0.1606
  0.9329   0.1392   2.0694   0.1529
  1.0367   0.1462   2.1844   0.1427
  1.1419   0.1540   2.2981   0.1295
  1.2486   0.1627   2.4107   0.1126
  1.3567   0.1727   2.5222   0.0913
  1.4663   0.1842   2.6327   0.0648
  1.5774   0.1975   2.7424   0.0320
  1.6900   0.2131   2.8515  -0.0083
  1.8042   0.2314   2.9602  -0.0576
  1.9198   0.2531   3.0688  -0.1176
  2.0370   0.2787   3.1774  -0.1904
  2.1558   0.3090   3.2866  -0.2785
  2.2761   0.3450   3.3966  -0.3846
  2.3980   0.3877   3.5081  -0.5125
  2.5214   0.4383   3.6215  -0.6661
  2.6464   0.4982   3.7377  -0.8505
  2.7730   0.5692   3.8573  -1.0715
  2.9010   0.6532   3.9814  -1.3360
  3.0305   0.7525   4.1109  -1.6523
  3.1614   0.8698   4.2470  -2.0297
  0.0000   0.0000   0.0000   0.0000
  0.5292   0.2260  16.4429  27.5694
  0.5553   0.2125  18.4602  29.5393
  0.5564   0.1903  18.5149  29.6246
  0.5560   0.1707  18.3582  29.5501
  0.5558   0.1525  18.1792  29.4606
  0.5558   0.1356  17.9965  29.3693
  0.5561   0.1199  17.8123  29.2774
  0.5565   0.1054  17.6266  29.1852
  0.5571   0.0920  17.4394  29.0926
  0.5580   0.0795  17.2509  28.9996
  0.5590   0.0681  17.0611  28.9063
  0.5603   0.0575  16.8699  28.8126
  0.5617   0.0478  16.6774  28.7185
  0.5634   0.0388  16.4837  28.6241
  0.5652   0.0305  16.2887  28.5294
  0.5672   0.0229  16.0925  28.4343
  0.5694   0.0159  15.8952  28.3389
  0.5719   0.0095  15.6967  28.2432
  0.5744   0.0037  15.4972  28.1470
  0.5772  -0.0017  15.2966  28.0506
  0.5802  -0.0066  15.0949  27.9537
  0.5833  -0.0111  14.8922  27.8565
  0.5866  -0.0152  14.6886  27.7589
  0.5900  -0.0189  14.4841  27.6610
  0.5936  -0.0222  14.2786  27.5626
  0.5974  -0.0253  14.0723  27.4638
  0.6013  -0.0280  13.8652  27.3645
  0.6054  -0.0305  13.6573  27.2649
  0.6096  -0.0328  13.4487  27.1647
  0.6139  -0.0348  13.2394  27.0641
  0.6184  -0.0366  13.0294  26.9630
  0.6230  -0.0382  12.8189  26.8614
  0.6277  -0.0396  12.6077  26.7593
  0.6326  -0.0409  12.3960  26.6566
  0.6376  -0.0421  12.1839  26.5533
  0.6427  -0.0431  11.9713  26.4494
  0.6479  -0.0440  11.7583  26.3449
  0.6532  -0.0448  11.5450  26.2398
  0.6586  -0.0455  11.3314  26.1340
  0.6641  -0.0461  11.1175  26.0276
  0.6697  -0.0467  10.9035  25.9204
  0.6754  -0.0472  10.6893  25.8125
  0.6812  -0.0477  10.4750  25.7039
  0.6871  -0.0481  10.2607  25.5945
  0.6930  -0.0485  10.0463  25.4843
  0.6990  -0.0490   9.8321  25.3733
  0.7051  -0.0494   9.6180  25.2614
  0.7113  -0.0498   9.4040  25.1487
  0.7175  -0.0503   9.1903  25.0351
  0.7238  -0.0507   8.9769  24.9206
  0.7301  -0.0513   8.7638  24.8052
  0.7365  -0.0518   8.5511  24.6888
  0.7429  -0.0525   8.3389  24.5715
  0.7494  -0.0532   8.1271  24.4532
  0.7559  -0.0540   7.9160  24.3339
  0.7625  -0.0549   7.7055  24.2136
  0.7691  -0.0559   7.4956  24.0922
  0.7757  -0.0570   7.2866  23.9698
  0.7823  -0.0583   7.0783  23.8464
  0.7890  -0.0597   6.8708  23.7219
  0.7957  -0.0612   6.6643  23.5963
  0.8024  -0.0630   6.4587  23.4696
  0.8091  -0.0649   6.2541  23.3418
  0.8159  -0.0670   6.0506  23.2129
  0.8227  -0.0693   5.8482  23.0829
  0.8294  -0.0719   5.6470  22.9518
  0.8362  -0.0747   5.4470  22.8195
  0.8430  -0.0778   5.2482  22.6862
  0.8497  -0.0812   5.0507  22.5517
  0.8565  -0.0849   4.8546  22.4161
  0.8633  -0.0890   4.6598  22.2793
  0.8701  -0.0934   4.4665  22.1415
  0.8769  -0.0982   4.2746  22.0025
  0.8836  -0.1034   4.0842  21.8624
  0.8904  -0.1091   3.8953  21.7212
  0.8971  -0.1153   3.7080  21.5789
  0.9038  -0.1221   3.5223  21.4355
  0.9105  -0.1295   3.3381  21.2911
  0.9169  -0.1376   3.1555  21.1455
  0.0000   0.0000   0.0000   0.0000
 -0.3382   0.3112  -3.4065  -1.2309
 -0.3295   0.2455  -3.9948  -1.3076
 -0.3231   0.2565  -4.0238  -1.1894
 -0.3228   0.2639  -3.9395  -1.0469
 -0.3144   0.2482  -3.8327  -0.9181
 -0.3033   0.2249  -3.7214  -0.8061
 -0.2907   0.2003  -3.6092  -0.7092
 -0.2773   0.1769  -3.4969  -0.6251
 -0.2634   0.1557  -3.3844  -0.5522
 -0.2490   0.1367  -3.2718  -0.4886
 -0.2342   0.1201  -3.1592  -0.4330
 -0.2190   0.1056  -3.0466  -0.3842
 -0.2036   0.0930  -2.9340  -0.3412
 -0.1880   0.0821  -2.8214  -0.3032
 -0.1722   0.0726  -2.7089  -0.2696
 -0.1562   0.0645  -2.5964  -0.2396
 -0.1401   0.0575  -2.4840  -0.2128
 -0.1240   0.0514  -2.3716  -0.1887
 -0.1078   0.0462  -2.2592  -0.1670
 -0.0917   0.0416  -2.1469  -0.1474
 -0.0755   0.0377  -2.0346  -0.1296
 -0.0594   0.0343  -1.9223  -0.1134
 -0.0434   0.0313  -1.8100  -0.0986
 -0.0274   0.0286  -1.6977  -0.0849
 -0.0116   0.0263  -1.5853  -0.0723
  0.0041   0.0242  -1.4729  -0.0607
  0.0196   0.0223  -1.3604  -0.0499
  0.0349   0.0206  -1.2478  -0.0399
  0.0500   0.0190  -1.1351  -0.0305
  0.0650   0.0175  -1.0223  -0.0217
  0.0796   0.0161  -0.9092  -0.0135
  0.0941   0.0147  -0.7960  -0.0057
  0.1082   0.0133  -0.6825   0.0016
  0.1221   0.0119  -0.5688   0.0085
  0.1357   0.0105  -0.4548   0.0151
  0.1490   0.0090  -0.3405   0.0213
  0.1619   0.0075  -0.2259   0.0273
  0.1745   0.0059  -0.1108   0.0330
  0.1868   0.0042   0.0046   0.0385
  0.1986   0.0023   0.1205   0.0437
  0.2102   0.0003   0.2368   0.0488
  0.2213  -0.0019   0.3537   0.0537
  0.2320  -0.0042   0.4711   0.0585
  0.2422  -0.0069   0.5890   0.0631
  0.2521  -0.0098   0.7076   0.0677
  0.2615  -0.0130   0.8268   0.0722
  0.2704  -0.0166   0.9467   0.0768
  0.2789  -0.0206   1.0674   0.0814
  0.2868  -0.0250   1.1887   0.0860
  0.2943  -0.0300   1.3109   0.0908
  0.3012  -0.0356   1.4340   0.0958
  0.3076  -0.0418   1.5579   0.1011
  0.3134  -0.0488   1.6827   0.1068
  0.3186  -0.0566   1.8085   0.1130
  0.3233  -0.0654   1.9354   0.1198
  0.3273  -0.0752   2.0632   0.1275
  0.3307  -0.0861   2.1922   0.1360
  0.3334  -0.0983   2.3223   0.1458
  0.3354  -0.1118   2.4536   0.1570
  0.3367  -0.1268   2.5861   0.1700
  0.3372  -0.1432   2.7199   0.1852
  0.3370  -0.1612   2.8551   0.2028
  0.3359  -0.1806   2.9916   0.2235
  0.3339  -0.2014   3.1295   0.2479
  0.3310  -0.2231   3.2689   0.2766
  0.3271  -0.2452   3.4098   0.3105
  0.3222  -0.2665   3.5523   0.3504
  0.3161  -0.2852   3.6964   0.3976
  0.0000   0.0000   0.0000   0.0000
-11.9006  22.5872   1.4575  -0.2900
-12.6776  24.0548   1.4641  -0.2874
-12.8716  23.9879   1.4089  -0.2599
-13.0528  23.7990   1.3521  -0.2364
-13.2360  23.5978   1.2960  -0.2162
-13.4182  23.3947   1.2404  -0.1984
-13.5986  23.1907   1.1854  -0.1826
-13.7768  22.9860   1.1309  -0.1685
-13.9529  22.7808   1.0769  -0.1557
-14.1266  22.5750   1.0234  -0.1441
-14.2980  22.3688   0.9704  -0.1336
-14.4670  22.1621   0.9178  -0.1241
-14.6335  21.9552   0.8656  -0.1155
-14.7974  21.7479   0.8138  -0.1076
-14.9586  21.5405   0.7623  -0.1004
-15.1172  21.3329   0.7111  -0.0939
-15.2729  21.1252   0.6603  -0.0879
-15.4258  20.9175   0.6098  -0.0825
-15.5758  20.7098   0.5595  -0.0775
-15.7228  20.5023   0.5095  -0.0730
-15.8668  20.2949   0.4597  -0.0689
-16.0078  20.0878   0.4101  -0.0650
-16.1457  19.8809   0.3607  -0.0616
-16.2804  19.6744   0.3114  -0.0583
-16.4119  19.4684   0.2624  -0.0554
-16.5403  19.2628   0.2135  -0.0526
-16.6653  19.0577   0.1647  -0.0501
-16.7872  18.8533   0.1160  -0.0477
-16.9057  18.6494   0.0674  -0.0455
-17.0209  18.4463   0.0189  -0.0434
-17.1328  18.2440  -0.0295  -0.0414
-17.2414  18.0425  -0.0779  -0.0395
-17.3467  17.8418  -0.1262  -0.0377
-17.4486  17.6420  -0.1745  -0.0359
-17.5472  17.4432  -0.2228  -0.0342
-17.6425  17.2454  -0.2711  -0.0325
-17.7344  17.0486  -0.3193  -0.0309
-17.8231  16.8529  -0.3676  -0.0292
-17.9084  16.6583  -0.4159  -0.0276
-17.9904  16.4649  -0.4642  -0.0260
-18.0692  16.2726  -0.5126  -0.0243
-18.1448  16.0816  -0.5609  -0.0226
-18.2171  15.8918  -0.6094  -0.0209
-18.2862  15.7033  -0.6579  -0.0191
-18.3522  15.5160  -0.7064  -0.0172
-18.4151  15.3301  -0.7550  -0.0153
-18.4748  15.1455  -0.8037  -0.0133
-18.5315  14.9623  -0.8525  -0.0112
-18.5851  14.7804  -0.9013  -0.0090
-18.6357  14.5999  -0.9503  -0.0067
-18.6834  14.4207  -0.9993  -0.0042
-18.7282  14.2430  -1.0484  -0.0016
-18.7700  14.0666  -1.0976   0.0011
-18.8091  13.8916  -1.1468   0.0040
-18.8453  13.7180  -1.1962   0.0072
-18.8788  13.5458  -1.2457   0.0105
-18.9095  13.3750  -1.2952   0.0141
-18.9376  13.2056  -1.3449   0.0180
-18.9631  13.0375  -1.3946   0.0221
-18.9859  12.8708  -1.4444   0.0267
-19.0062  12.7054  -1.4944   0.0316
-19.0240  12.5413  -1.5444   0.0369
-19.0394  12.3786  -1.5944   0.0428
-19.0523  12.2171  -1.6446   0.0493
-19.0629  12.0569  -1.6948   0.0564
-19.0711  11.8980  -1.7450   0.0644
-19.0771  11.7402  -1.7953   0.0734
-19.0808  11.5837  -1.8457   0.0836
-19.0823  11.4283  -1.8962   0.0950
-19.0816  11.2741  -1.9469   0.1076
-19.0789  11.1209  -1.9989   0.1207
  0.0000   0.0000   0.0000   0.0000
 -2.0753  -2.9846  -4.5791   0.1661
 -2.4505  -3.0730  -5.3199   0.2012
 -2.4771  -2.7170  -5.2680   0.2134
 -2.4413  -2.3261  -5.0796   0.2123
 -2.3918  -1.9817  -4.8669   0.2043
 -2.3394  -1.6878  -4.6531   0.1951
 -2.2860  -1.4381  -4.4421   0.1865
 -2.2319  -1.2268  -4.2348   0.1790
 -2.1768  -1.0475  -4.0310   0.1725
 -2.1207  -0.8953  -3.8305   0.1674
 -2.0637  -0.7661  -3.6335   0.1632
 -2.0055  -0.6561  -3.4398   0.1598
 -1.9464  -0.5622  -3.2492   0.1570
 -1.8862  -0.4820  -3.0617   0.1547
 -1.8249  -0.4131  -2.8773   0.1529
 -1.7625  -0.3539  -2.6957   0.1514
 -1.6992  -0.3027  -2.5170   0.1502
 -1.6347  -0.2583  -2.3410   0.1492
 -1.5693  -0.2197  -2.1678   0.1484
 -1.5028  -0.1858  -1.9971   0.1477
 -1.4352  -0.1561  -1.8290   0.1472
 -1.3666  -0.1298  -1.6633   0.1469
 -1.2970  -0.1064  -1.5001   0.1467
 -1.2263  -0.0856  -1.3392   0.1466
 -1.1545  -0.0668  -1.1806   0.1467
 -1.0817  -0.0500  -1.0243   0.1469
 -1.0078  -0.0347  -0.8701   0.1473
 -0.9328  -0.0208  -0.7181   0.1478
 -0.8567  -0.0081  -0.5682   0.1485
 -0.7795   0.0035  -0.4204   0.1494
 -0.7012   0.0143  -0.2745   0.1505
 -0.6217   0.0242  -0.1307   0.1516
 -0.5412   0.0334   0.0113   0.1530
 -0.4594   0.0419   0.1513   0.1544
 -0.3765   0.0499   0.2895   0.1560
 -0.2924   0.0574   0.4258   0.1576
 -0.2072   0.0644   0.5604   0.1593
 -0.1207   0.0710   0.6931   0.1610
 -0.0330   0.0773   0.8242   0.1625
  0.0559   0.0833   0.9536   0.1639
  0.1461   0.0890   1.0812   0.1651
  0.2376   0.0946   1.2073   0.1659
  0.3303   0.1000   1.3317   0.1662
  0.4243   0.1053   1.4546   0.1659
  0.5196   0.1107   1.5760   0.1647
  0.6162   0.1162   1.6958   0.1624
  0.7142   0.1219   1.8142   0.1588
  0.8135   0.1279   1.9313   0.1535
  0.9141   0.1343   2.0469   0.1463
  1.0162   0.1414   2.1613   0.1365
  1.1197   0.1492   2.2745   0.1239
  1.2245   0.1581   2.3866   0.1076
  1.3309   0.1681   2.4977   0.0870
  1.4386   0.1798   2.6079   0.0613
  1.5478   0.1933   2.7174   0.0294
  1.6585   0.2092   2.8263  -0.0099
  1.7707   0.2278   2.9348  -0.0580
  1.8844   0.2498   3.0432  -0.1167
  1.9996   0.2758   3.1518  -0.1879
  2.1163   0.3066   3.2609  -0.2741
  2.2345   0.3430   3.3709  -0.3782
  2.3543   0.3863   3.4824  -0.5037
  2.4757   0.4375   3.5958  -0.6547
  2.5985   0.4982   3.7120  -0.8360
  2.7229   0.5700   3.8316  -1.0536
  2.8488   0.6549   3.9556  -1.3145
  2.9761   0.7551   4.0850  -1.6267
  3.1047   0.8733   4.2210  -2.0001
  0.0000   0.0000   0.0000   0.0000
  0.5213   0.2272  16.1666  27.2926
  0.5472   0.2139  18.1562  29.2400
  0.5486   0.1917  18.2104  29.3248
  0.5484   0.1722  18.0560  29.2517
  0.5484   0.1540  17.8795  29.1638
  0.5486   0.1371  17.6994  29.0741
  0.5490   0.1214  17.5178  28.9839
  0.5495   0.1069  17.3346  28.8933
  0.5503   0.0935  17.1501  28.8023
  0.5513   0.0811  16.9643  28.7110
  0.5525   0.0697  16.7771  28.6192
  0.5539   0.0591  16.5886  28.5271
  0.5555   0.0493  16.3988  28.4347
  0.5572   0.0404  16.2079  28.3419
  0.5592   0.0321  16.0156  28.2488
  0.5613   0.0245  15.8223  28.1553
  0.5636   0.0175  15.6277  28.0615
  0.5661   0.0111  15.4321  27.9673
  0.5688   0.0052  15.2354  27.8727
  0.5717  -0.0001  15.0376  27.7778
  0.5747  -0.0051  14.8388  27.6825
  0.5779  -0.0095  14.6391  27.5868
  0.5812  -0.0136  14.4384  27.4908
  0.5847  -0.0174  14.2368  27.3943
  0.5884  -0.0207  14.0343  27.2975
  0.5922  -0.0238  13.8310  27.2002
  0.5961  -0.0266  13.6269  27.1024
  0.6002  -0.0291  13.4220  27.0043
  0.6045  -0.0314  13.2165  26.9056
  0.6089  -0.0334  13.0102  26.8065
  0.6134  -0.0352  12.8033  26.7068
  0.6180  -0.0368  12.5958  26.6067
  0.6227  -0.0383  12.3878  26.5060
  0.6276  -0.0396  12.1793  26.4047
  0.6326  -0.0408  11.9703  26.3029
  0.6377  -0.0418  11.7609  26.2005
  0.6429  -0.0427  11.5511  26.0974
  0.6482  -0.0436  11.3410  25.9938
  0.6536  -0.0443  11.1306  25.8894
  0.6591  -0.0450  10.9200  25.7844
  0.6647  -0.0456  10.7092  25.6787
  0.6704  -0.0461  10.4983  25.5722
  0.6761  -0.0466  10.2873  25.4650
  0.6820  -0.0471  10.0763  25.3570
  0.6879  -0.0475   9.8653  25.2483
  0.6939  -0.0480   9.6544  25.1387
  0.6999  -0.0484   9.4436  25.0283
  0.7061  -0.0489   9.2330  24.9170
  0.7122  -0.0494   9.0227  24.8048
  0.7185  -0.0499   8.8126  24.6918
  0.7248  -0.0505   8.6029  24.5778
  0.7311  -0.0511   8.3936  24.4629
  0.7375  -0.0518   8.1848  24.3471
  0.7439  -0.0525   7.9765  24.2303
  0.7504  -0.0533   7.7688  24.1125
  0.7569  -0.0543   7.5617  23.9937
  0.7634  -0.0553   7.3552  23.8738
  0.7700  -0.0565   7.1496  23.7530
  0.7766  -0.0578   6.9447  23.6311
  0.7832  -0.0592   6.7407  23.5082
  0.7899  -0.0608   6.5375  23.3841
  0.7965  -0.0626   6.3354  23.2591
  0.8032  -0.0645   6.1342  23.1329
  0.8099  -0.0667   5.9341  23.0056
  0.8166  -0.0691   5.7351  22.8773
  0.8233  -0.0717   5.5372  22.7479
  0.8300  -0.0746   5.3405  22.6173
  0.8368  -0.0777   5.1451  22.4857
  0.8435  -0.0812   4.9510  22.3529
  0.8502  -0.0850   4.7581  22.2191
  0.8569  -0.0891   4.5667  22.0841
  0.8637  -0.0935   4.3766  21.9480
  0.8704  -0.0984   4.1880  21.8109
  0.8771  -0.1037   4.0008  21.6726
  0.8838  -0.1095   3.8151  21.5333
  0.8905  -0.1158   3.6310  21.3929
  0.8972  -0.1226   3.4484  21.2514
  0.9038  -0.1301   3.2673  21.1089
  0.9101  -0.1383   3.0878  20.9653
  0.0000   0.0000   0.0000   0.0000
 -0.3733   0.3227  -3.4059  -1.2555
 -0.3716   0.2593  -3.9943  -1.3329
 -0.3655   0.2679  -4.0232  -1.2118
 -0.3639   0.2728  -3.9388  -1.0660
 -0.3540   0.2551  -3.8319  -0.9344
 -0.3415   0.2304  -3.7204  -0.8200
 -0.3275   0.2048  -3.6080  -0.7210
 -0.3128   0.1806  -3.4954  -0.6353
 -0.2975   0.1586  -3.3827  -0.5609
 -0.2818   0.1392  -3.2698  -0.4960
 -0.2657   0.1221  -3.1569  -0.4394
 -0.2493   0.1072  -3.0440  -0.3897
 -0.2326   0.0943  -2.9311  -0.3460
 -0.2157   0.0832  -2.8182  -0.3074
 -0.1987   0.0736  -2.7054  -0.2732
 -0.1815   0.0653  -2.5926  -0.2428
 -0.1642   0.0582  -2.4798  -0.2156
 -0.1469   0.0520  -2.3671  -0.1912
 -0.1295   0.0467  -2.2545  -0.1692
 -0.1121   0.0421  -2.1418  -0.1493
 -0.0947   0.0381  -2.0292  -0.1313
 -0.0774   0.0347  -1.9166  -0.1149
 -0.0602   0.0317  -1.8041  -0.0999
 -0.0431   0.0290  -1.6915  -0.0861
 -0.0260   0.0267  -1.5788  -0.0734
 -0.0092   0.0247  -1.4661  -0.0617
  0.0075   0.0228  -1.3534  -0.0508
  0.0241   0.0211  -1.2406  -0.0406
  0.0404   0.0195  -1.1276  -0.0312
  0.0566   0.0181  -1.0145  -0.0223
  0.0725   0.0167  -0.9013  -0.0140
  0.0882   0.0153  -0.7878  -0.0062
  0.1036   0.0140  -0.6742   0.0012
  0.1187   0.0126  -0.5603   0.0082
  0.1336   0.0113  -0.4461   0.0148
  0.1481   0.0098  -0.3316   0.0212
  0.1623   0.0084  -0.2168   0.0272
  0.1763   0.0068  -0.1016   0.0330
  0.1898   0.0051   0.0139   0.0385
  0.2030   0.0033   0.1299   0.0438
  0.2159   0.0014   0.2464   0.0490
  0.2284  -0.0008   0.3633   0.0539
  0.2404  -0.0031   0.4808   0.0588
  0.2521  -0.0057   0.5988   0.0635
  0.2634  -0.0086   0.7175   0.0682
  0.2742  -0.0118   0.8368   0.0729
  0.2846  -0.0154   0.9567   0.0775
  0.2945  -0.0193   1.0774   0.0822
  0.3040  -0.0238   1.1988   0.0870
  0.3129  -0.0288   1.3210   0.0920
  0.3214  -0.0344   1.4441   0.0972
  0.3293  -0.0407   1.5680   0.1027
  0.3367  -0.0478   1.6928   0.1086
  0.3436  -0.0557   1.8186   0.1150
  0.3499  -0.0646   1.9454   0.1221
  0.3556  -0.0747   2.0733   0.1301
  0.3607  -0.0859   2.2022   0.1390
  0.3651  -0.0984   2.3322   0.1492
  0.3689  -0.1124   2.4635   0.1609
  0.3720  -0.1279   2.5959   0.1745
  0.3744  -0.1450   2.7297   0.1902
  0.3760  -0.1639   2.8647   0.2087
  0.3768  -0.1843   3.0011   0.2302
  0.3768  -0.2064   3.1390   0.2556
  0.3760  -0.2297   3.2782   0.2855
  0.3741  -0.2537   3.4190   0.3207
  0.3713  -0.2774   3.5614   0.3622
  0.3675  -0.2991   3.7053   0.4112
  0.0000   0.0000   0.0000   0.0000
-11.8749  22.4461   1.4609  -0.2951
-12.6494  23.9008   1.4678  -0.2925
-12.8456  23.8326   1.4125  -0.2648
-13.0274  23.6453   1.3556  -0.2411
-13.2092  23.4473   1.2993  -0.2206
-13.3897  23.2476   1.2436  -0.2025
-13.5683  23.0471   1.1885  -0.1863
-13.7448  22.8458   1.1339  -0.1717
-13.9193  22.6440   1.0798  -0.1585
-14.0915  22.4417   1.0261  -0.1464
-14.2613  22.2389   0.9730  -0.1355
-14.4288  22.0356   0.9202  -0.1255
-14.5939  21.8320   0.8679  -0.1163
-14.7564  21.6282   0.8159  -0.1079
-14.9163  21.4241   0.7643  -0.1003
-15.0736  21.2198   0.7130  -0.0933
-15.2281  21.0155   0.6620  -0.0869
-15.3798  20.8111   0.6113  -0.0810
-15.5287  20.6067   0.5609  -0.0756
-15.6747  20.4024   0.5107  -0.0707
-15.8178  20.1983   0.4608  -0.0662
-15.9578  19.9944   0.4110  -0.0620
-16.0948  19.7907   0.3615  -0.0582
-16.2287  19.5874   0.3121  -0.0547
-16.3595  19.3845   0.2629  -0.0515
-16.4872  19.1820   0.2138  -0.0485
-16.6116  18.9801   0.1649  -0.0457
-16.7329  18.7787   0.1161  -0.0432
-16.8509  18.5779   0.0673  -0.0408
-16.9657  18.3778   0.0187  -0.0386
-17.0772  18.1784  -0.0299  -0.0365
-17.1854  17.9799  -0.0784  -0.0346
-17.2904  17.7821  -0.1269  -0.0328
-17.3921  17.5852  -0.1753  -0.0310
-17.4905  17.3893  -0.2237  -0.0293
-17.5856  17.1943  -0.2721  -0.0277
-17.6774  17.0003  -0.3205  -0.0262
-17.7660  16.8073  -0.3689  -0.0247
-17.8513  16.6155  -0.4173  -0.0232
-17.9334  16.4247  -0.4658  -0.0217
-18.0123  16.2351  -0.5142  -0.0202
-18.0880  16.0467  -0.5627  -0.0187
-18.1605  15.8595  -0.6113  -0.0172
-18.2298  15.6735  -0.6599  -0.0157
-18.2960  15.4888  -0.7086  -0.0141
-18.3591  15.3054  -0.7573  -0.0125
-18.4192  15.1232  -0.8061  -0.0108
-18.4762  14.9424  -0.8550  -0.0090
-18.5302  14.7629  -0.9039  -0.0071
-18.5812  14.5847  -0.9529  -0.0051
-18.6293  14.4079  -1.0020  -0.0030
-18.6745  14.2324  -1.0512  -0.0008
-18.7168  14.0583  -1.1005   0.0016
-18.7563  13.8856  -1.1499   0.0041
-18.7931  13.7142  -1.1993   0.0069
-18.8270  13.5442  -1.2489   0.0099
-18.8583  13.3755  -1.2985   0.0131
-18.8869  13.2081  -1.3482   0.0166
-18.9129  13.0421  -1.3980   0.0204
-18.9364  12.8775  -1.4479   0.0245
-18.9572  12.7141  -1.4979   0.0291
-18.9756  12.5521  -1.5479   0.0341
-18.9916  12.3913  -1.5981   0.0396
-19.0051  12.2317  -1.6483   0.0458
-19.0162  12.0735  -1.6985   0.0527
-19.0251  11.9164  -1.7488   0.0604
-19.0316  11.7605  -1.7992   0.0692
-19.0359  11.6058  -1.8496   0.0792
-19.0380  11.4522  -1.9001   0.0904
-19.0379  11.2998  -1.9508   0.1029
-19.0357  11.1484  -2.0028   0.1160
  0.0000   0.0000   0.0000   0.0000
 -2.0487  -2.9841  -4.5743   0.1712
 -2.4197  -3.0718  -5.3141   0.2066
 -2.4466  -2.7155  -5.2624   0.2180
 -2.4120  -2.3244  -5.0740   0.2159
 -2.3639  -1.9799  -4.8615   0.2073
 -2.3127  -1.6860  -4.6478   0.1976
 -2.2606  -1.4364  -4.4370   0.1886
 -2.2076  -1.2252  -4.2298   0.1807
 -2.1537  -1.0460  -4.0261   0.1740
 -2.0989  -0.8941  -3.8258   0.1686
 -2.0429  -0.7650  -3.6289   0.1642
 -1.9859  -0.6552  -3.4353   0.1606
 -1.9279  -0.5615  -3.2448   0.1577
 -1.8688  -0.4815  -3.0575   0.1554
 -1.8086  -0.4128  -2.8732   0.1535
 -1.7473  -0.3538  -2.6917   0.1519
 -1.6850  -0.3028  -2.5131   0.1506
 -1.6216  -0.2585  -2.3373   0.1496
 -1.5572  -0.2200  -2.1642   0.1487
 -1.4917  -0.1863  -1.9936   0.1480
 -1.4252  -0.1567  -1.8256   0.1475
 -1.3576  -0.1305  -1.6601   0.1472
 -1.2890  -0.1073  -1.4970   0.1470
 -1.2193  -0.0865  -1.3363   0.1469
 -1.1486  -0.0679  -1.1779   0.1470
 -1.0767  -0.0511  -1.0217   0.1472
 -1.0038  -0.0359  -0.8677   0.1476
 -0.9298  -0.0221  -0.7159   0.1481
 -0.8547  -0.0094  -0.5661   0.1488
 -0.7785   0.0022  -0.4185   0.1497
 -0.7011   0.0129  -0.2728   0.1507
 -0.6227   0.0228  -0.1292   0.1519
 -0.5430   0.0320   0.0126   0.1533
 -0.4622   0.0405   0.1524   0.1547
 -0.3803   0.0485   0.2903   0.1563
 -0.2971   0.0560   0.4265   0.1580
 -0.2128   0.0630   0.5608   0.1596
 -0.1273   0.0696   0.6933   0.1613
 -0.0405   0.0759   0.8241   0.1629
  0.0475   0.0819   0.9532   0.1643
  0.1368   0.0877   1.0806   0.1654
  0.2273   0.0933   1.2064   0.1662
  0.3191   0.0988   1.3306   0.1665
  0.4122   0.1042   1.4532   0.1662
  0.5066   0.1097   1.5742   0.1650
  0.6023   0.1153   1.6938   0.1627
  0.6994   0.1211   1.8118   0.1591
  0.7978   0.1272   1.9285   0.1538
  0.8976   0.1338   2.0439   0.1465
  0.9988   0.1410   2.1579   0.1368
  1.1014   0.1490   2.2708   0.1241
  1.2054   0.1581   2.3825   0.1078
  1.3108   0.1684   2.4932   0.0871
  1.4177   0.1803   2.6030   0.0614
  1.5261   0.1942   2.7121   0.0294
  1.6359   0.2104   2.8206  -0.0099
  1.7472   0.2295   2.9287  -0.0581
  1.8600   0.2520   3.0367  -0.1169
  1.9744   0.2786   3.1449  -0.1882
  2.0902   0.3101   3.2536  -0.2746
  2.2076   0.3474   3.3632  -0.3788
  2.3265   0.3916   3.4742  -0.5045
  2.4470   0.4439   3.5873  -0.6557
  2.5690   0.5059   3.7030  -0.8374
  2.6925   0.5793   3.8222  -1.0554
  2.8175   0.6659   3.9459  -1.3167
  2.9439   0.7683   4.0750  -1.6297
  3.0716   0.8890   4.2106  -2.0038
  0.0000   0.0000   0.0000   0.0000
  0.5202   0.2289  16.1564  27.3010
  0.5461   0.2156  18.1491  29.2488
  0.5475   0.1933  18.2042  29.3340
  0.5474   0.1737  18.0502  29.2611
  0.5474   0.1554  17.8739  29.1735
  0.5476   0.1384  17.6942  29.0840
  0.5480   0.1226  17.5128  28.9940
  0.5487   0.1080  17.3299  28.9036
  0.5495   0.0945  17.1457  28.8128
  0.5505   0.0820  16.9601  28.7217
  0.5517   0.0705  16.7732  28.6301
  0.5531   0.0599  16.5849  28.5382
  0.5547   0.0501  16.3954  28.4459
  0.5565   0.0410  16.2047  28.3533
  0.5585   0.0327  16.0127  28.2603
  0.5607   0.0251  15.8195  28.1670
  0.5630   0.0180  15.6253  28.0733
  0.5656   0.0116  15.4298  27.9792
  0.5683   0.0057  15.2333  27.8848
  0.5711   0.0002  15.0358  27.7900
  0.5742  -0.0047  14.8372  27.6949
  0.5774  -0.0092  14.6377  27.5993
  0.5808  -0.0133  14.4372  27.5034
  0.5843  -0.0171  14.2358  27.4070
  0.5880  -0.0205  14.0335  27.3103
  0.5918  -0.0236  13.8304  27.2131
  0.5958  -0.0264  13.6265  27.1154
  0.5999  -0.0289  13.4219  27.0174
  0.6042  -0.0312  13.2165  26.9188
  0.6086  -0.0333  13.0104  26.8198
  0.6131  -0.0351  12.8037  26.7202
  0.6178  -0.0368  12.5964  26.6202
  0.6225  -0.0382  12.3886  26.5195
  0.6274  -0.0396  12.1802  26.4184
  0.6324  -0.0407  11.9714  26.3166
  0.6376  -0.0418  11.7622  26.2143
  0.6428  -0.0427  11.5526  26.1113
  0.6481  -0.0436  11.3426  26.0077
  0.6535  -0.0443  11.1324  25.9034
  0.6591  -0.0450  10.9220  25.7985
  0.6647  -0.0456  10.7113  25.6928
  0.6704  -0.0461  10.5006  25.5864
  0.6762  -0.0467  10.2897  25.4793
  0.6820  -0.0471  10.0788  25.3714
  0.6880  -0.0476   9.8680  25.2627
  0.6940  -0.0481   9.6572  25.1532
  0.7001  -0.0485   9.4466  25.0428
  0.7062  -0.0490   9.2361  24.9316
  0.7124  -0.0495   9.0259  24.8195
  0.7187  -0.0500   8.8160  24.7065
  0.7250  -0.0506   8.6064  24.5926
  0.7313  -0.0512   8.3972  24.4778
  0.7377  -0.0519   8.1885  24.3620
  0.7442  -0.0526   7.9803  24.2453
  0.7507  -0.0534   7.7727  24.1275
  0.7572  -0.0544   7.5657  24.0088
  0.7638  -0.0554   7.3594  23.8890
  0.7704  -0.0566   7.1538  23.7683
  0.7770  -0.0579   6.9490  23.6464
  0.7836  -0.0593   6.7450  23.5236
  0.7903  -0.0609   6.5420  23.3996
  0.7970  -0.0627   6.3399  23.2746
  0.8037  -0.0647   6.1388  23.1485
  0.8104  -0.0668   5.9387  23.0213
  0.8171  -0.0692   5.7398  22.8930
  0.8239  -0.0718   5.5420  22.7637
  0.8306  -0.0747   5.3453  22.6332
  0.8373  -0.0779   5.1500  22.5016
  0.8441  -0.0813   4.9558  22.3689
  0.8508  -0.0851   4.7631  22.2352
  0.8576  -0.0892   4.5716  22.1003
  0.8643  -0.0937   4.3816  21.9643
  0.8711  -0.0985   4.1929  21.8272
  0.8778  -0.1039   4.0058  21.6890
  0.8846  -0.1096   3.8201  21.5498
  0.8913  -0.1159   3.6359  21.4095
  0.8980  -0.1228   3.4533  21.2681
  0.9046  -0.1302   3.2722  21.1256
  0.9110  -0.1384   3.0927  20.9821
  0.0000   0.0000   0.0000   0.0000
 -0.3754   0.3247  -3.4033  -1.2580
 -0.3741   0.2615  -3.9912  -1.3355
 -0.3680   0.2698  -4.0202  -1.2141
 -0.3663   0.2743  -3.9358  -1.0681
 -0.3564   0.2564  -3.8291  -0.9362
 -0.3437   0.2315  -3.7178  -0.8215
 -0.3296   0.2056  -3.6055  -0.7224
 -0.3148   0.1813  -3.4929  -0.6365
 -0.2995   0.1592  -3.3803  -0.5620
 -0.2836   0.1397  -3.2675  -0.4970
 -0.2675   0.1225  -3.1547  -0.4403
 -0.2510   0.1076  -3.0418  -0.3905
 -0.2342   0.0946  -2.9290  -0.3468
 -0.2172   0.0834  -2.8162  -0.3081
 -0.2001   0.0738  -2.7034  -0.2738
 -0.1828   0.0654  -2.5907  -0.2433
 -0.1655   0.0583  -2.4780  -0.2161
 -0.1480   0.0521  -2.3654  -0.1917
 -0.1306   0.0467  -2.2528  -0.1697
 -0.1131   0.0421  -2.1402  -0.1498
 -0.0957   0.0382  -2.0276  -0.1317
 -0.0783   0.0347  -1.9151  -0.1153
 -0.0610   0.0317  -1.8026  -0.1003
 -0.0438   0.0291  -1.6900  -0.0865
 -0.0267   0.0267  -1.5774  -0.0737
 -0.0097   0.0247  -1.4648  -0.0620
  0.0071   0.0228  -1.3521  -0.0511
  0.0237   0.0211  -1.2393  -0.0409
  0.0401   0.0195  -1.1264  -0.0314
  0.0563   0.0181  -1.0134  -0.0226
  0.0723   0.0167  -0.9002  -0.0142
  0.0880   0.0153  -0.7868  -0.0064
  0.1035   0.0140  -0.6731   0.0010
  0.1187   0.0126  -0.5593   0.0080
  0.1337   0.0113  -0.4452   0.0147
  0.1483   0.0098  -0.3307   0.0210
  0.1626   0.0084  -0.2160   0.0271
  0.1766   0.0068  -0.1008   0.0328
  0.1903   0.0051   0.0147   0.0384
  0.2036   0.0033   0.1307   0.0437
  0.2165   0.0014   0.2471   0.0489
  0.2290  -0.0007   0.3640   0.0539
  0.2412  -0.0031   0.4814   0.0588
  0.2530  -0.0057   0.5994   0.0635
  0.2643  -0.0086   0.7180   0.0682
  0.2752  -0.0118   0.8373   0.0729
  0.2857  -0.0153   0.9572   0.0776
  0.2957  -0.0193   1.0778   0.0823
  0.3052  -0.0238   1.1992   0.0871
  0.3143  -0.0288   1.3214   0.0921
  0.3229  -0.0344   1.4444   0.0973
  0.3309  -0.0407   1.5683   0.1029
  0.3384  -0.0478   1.6931   0.1088
  0.3453  -0.0558   1.8189   0.1153
  0.3517  -0.0647   1.9456   0.1225
  0.3575  -0.0748   2.0734   0.1305
  0.3627  -0.0860   2.2023   0.1395
  0.3673  -0.0986   2.3323   0.1498
  0.3712  -0.1127   2.4635   0.1617
  0.3744  -0.1282   2.5960   0.1754
  0.3769  -0.1455   2.7297   0.1913
  0.3786  -0.1644   2.8647   0.2099
  0.3796  -0.1850   3.0010   0.2317
  0.3797  -0.2072   3.1388   0.2573
  0.3790  -0.2307   3.2781   0.2875
  0.3773  -0.2550   3.4189   0.3231
  0.3746  -0.2790   3.5612   0.3650
  0.3709  -0.3010   3.7050   0.4145
  0.0000   0.0000   0.0000   0.0000
-11.9048  22.4629   1.4607  -0.2930
-12.6833  23.9164   1.4676  -0.2902
-12.8783  23.8492   1.4123  -0.2626
-13.0586  23.6627   1.3554  -0.2390
-13.2400  23.4648   1.2991  -0.2186
-13.4204  23.2650   1.2434  -0.2006
-13.5990  23.0643   1.1883  -0.1845
-13.7755  22.8630   1.1337  -0.1701
-13.9498  22.6611   1.0796  -0.1571
-14.1220  22.4586   1.0260  -0.1452
-14.2918  22.2556   0.9728  -0.1344
-14.4592  22.0523   0.9201  -0.1246
-14.6242  21.8486   0.8677  -0.1157
-14.7867  21.6446   0.8158  -0.1075
-14.9466  21.4404   0.7642  -0.1000
-15.1038  21.2360   0.7129  -0.0932
-15.2582  21.0315   0.6619  -0.0870
-15.4099  20.8270   0.6112  -0.0813
-15.5588  20.6225   0.5608  -0.0761
-15.7047  20.4181   0.5106  -0.0713
-15.8477  20.2138   0.4607  -0.0670
-15.9877  20.0097   0.4110  -0.0629
-16.1246  19.8060   0.3614  -0.0593
-16.2585  19.6025   0.3120  -0.0559
-16.3892  19.3995   0.2628  -0.0528
-16.5168  19.1969   0.2138  -0.0499
-16.6412  18.9948   0.1648  -0.0472
-16.7624  18.7933   0.1160  -0.0448
-16.8804  18.5924   0.0673  -0.0425
-16.9951  18.3922   0.0186  -0.0403
-17.1066  18.1927  -0.0299  -0.0383
-17.2148  17.9940  -0.0784  -0.0364
-17.3197  17.7961  -0.1269  -0.0345
-17.4213  17.5991  -0.1753  -0.0328
-17.5197  17.4030  -0.2238  -0.0311
-17.6147  17.2079  -0.2722  -0.0295
-17.7065  17.0138  -0.3205  -0.0279
-17.7950  16.8207  -0.3689  -0.0264
-17.8803  16.6287  -0.4174  -0.0248
-17.9623  16.4379  -0.4658  -0.0233
-18.0412  16.2481  -0.5143  -0.0217
-18.1168  16.0596  -0.5628  -0.0202
-18.1892  15.8723  -0.6113  -0.0186
-18.2585  15.6862  -0.6599  -0.0169
-18.3246  15.5014  -0.7086  -0.0153
-18.3877  15.3178  -0.7573  -0.0135
-18.4477  15.1355  -0.8061  -0.0117
-18.5046  14.9546  -0.8550  -0.0098
-18.5585  14.7750  -0.9039  -0.0078
-18.6095  14.5967  -0.9530  -0.0057
-18.6575  14.4198  -1.0021  -0.0035
-18.7027  14.2442  -1.0513  -0.0011
-18.7449  14.0700  -1.1005   0.0014
-18.7844  13.8971  -1.1499   0.0041
-18.8211  13.7256  -1.1994   0.0070
-18.8550  13.5554  -1.2489   0.0101
-18.8862  13.3866  -1.2985   0.0134
-18.9148  13.2192  -1.3483   0.0171
-18.9407  13.0531  -1.3981   0.0210
-18.9641  12.8883  -1.4480   0.0253
-18.9849  12.7248  -1.4980   0.0299
-19.0032  12.5626  -1.5480   0.0350
-19.0191  12.4017  -1.5981   0.0407
-19.0326  12.2421  -1.6483   0.0469
-19.0437  12.0837  -1.6986   0.0539
-19.0525  11.9265  -1.7489   0.0617
-19.0590  11.7705  -1.7993   0.0706
-19.0632  11.6156  -1.8497   0.0805
-19.0653  11.4619  -1.9001   0.0918
-19.0651  11.3093  -1.9509   0.1043
-19.0630  11.1578  -2.0029   0.1173
  0.0000   0.0000   0.0000   0.0000
 -2.0481  -2.9847  -4.5757   0.1708
 -2.4191  -3.0725  -5.3158   0.2063
 -2.4460  -2.7161  -5.2639   0.2177
 -2.4115  -2.3248  -5.0755   0.2157
 -2.3633  -1.9803  -4.8629   0.2072
 -2.3122  -1.6863  -4.6491   0.1975
 -2.2601  -1.4367  -4.4383   0.1885
 -2.2072  -1.2254  -4.2310   0.1806
 -2.1534  -1.0462  -4.0272   0.1740
 -2.0985  -0.8942  -3.8268   0.1686
 -2.0426  -0.7652  -3.6299   0.1642
 -1.9857  -0.6553  -3.4362   0.1607
 -1.9277  -0.5617  -3.2457   0.1578
 -1.8686  -0.4816  -3.0583   0.1554
 -1.8084  -0.4130  -2.8739   0.1535
 -1.7472  -0.3539  -2.6924   0.1519
 -1.6849  -0.3029  -2.5137   0.1507
 -1.6216  -0.2586  -2.3378   0.1496
 -1.5572  -0.2201  -2.1646   0.1488
 -1.4917  -0.1864  -1.9940   0.1481
 -1.4252  -0.1568  -1.8260   0.1476
 -1.3577  -0.1306  -1.6604   0.1472
 -1.2891  -0.1073  -1.4973   0.1470
 -1.2194  -0.0866  -1.3365   0.1470
 -1.1487  -0.0679  -1.1780   0.1470
 -1.0769  -0.0512  -1.0218   0.1473
 -1.0040  -0.0359  -0.8678   0.1477
 -0.9300  -0.0221  -0.7159   0.1482
 -0.8549  -0.0094  -0.5661   0.1489
 -0.7787   0.0022  -0.4184   0.1498
 -0.7013   0.0129  -0.2727   0.1508
 -0.6229   0.0228  -0.1290   0.1520
 -0.5433   0.0319   0.0127   0.1534
 -0.4625   0.0405   0.1526   0.1548
 -0.3805   0.0485   0.2906   0.1564
 -0.2974   0.0560   0.4267   0.1580
 -0.2131   0.0630   0.5611   0.1597
 -0.1275   0.0696   0.6936   0.1614
 -0.0408   0.0759   0.8245   0.1629
  0.0472   0.0820   0.9536   0.1644
  0.1365   0.0877   1.0810   0.1655
  0.2270   0.0933   1.2068   0.1663
  0.3188   0.0988   1.3310   0.1666
  0.4119   0.1043   1.4536   0.1663
  0.5063   0.1097   1.5747   0.1650
  0.6021   0.1153   1.6943   0.1628
  0.6991   0.1211   1.8124   0.1591
  0.7976   0.1272   1.9291   0.1539
  0.8974   0.1338   2.0444   0.1466
  0.9985   0.1410   2.1585   0.1368
  1.1011   0.1491   2.2714   0.1241
  1.2052   0.1581   2.3831   0.1078
  1.3106   0.1685   2.4938   0.0872
  1.4175   0.1804   2.6036   0.0614
  1.5259   0.1943   2.7127   0.0295
  1.6357   0.2105   2.8212  -0.0099
  1.7470   0.2296   2.9294  -0.0581
  1.8599   0.2522   3.0374  -0.1169
  1.9742   0.2788   3.1456  -0.1882
  2.0901   0.3103   3.2542  -0.2746
  2.2075   0.3476   3.3639  -0.3789
  2.3264   0.3919   3.4749  -0.5046
  2.4469   0.4442   3.5880  -0.6559
  2.5689   0.5063   3.7037  -0.8376
  2.6924   0.5797   3.8230  -1.0557
  2.8175   0.6664   3.9466  -1.3171
  2.9439   0.7688   4.0757  -1.6301
  3.0716   0.8896   4.2114  -2.0044
  0.0000   0.0000   0.0000   0.0000
  0.5205   0.2290  16.1645  27.3109
  0.5464   0.2156  18.1583  29.2595
  0.5477   0.1933  18.2134  29.3447
  0.5476   0.1737  18.0593  29.2718
  0.5476   0.1554  17.8830  29.1841
  0.5478   0.1384  17.7031  29.0946
  0.5482   0.1226  17.5216  29.0045
  0.5489   0.1080  17.3387  28.9140
  0.5497   0.0945  17.1544  28.8232
  0.5507   0.0820  16.9687  28.7319
  0.5519   0.0705  16.7817  28.6403
  0.5533   0.0599  16.5934  28.5484
  0.5549   0.0500  16.4038  28.4560
  0.5567   0.0410  16.2129  28.3633
  0.5587   0.0327  16.0209  28.2703
  0.5609   0.0250  15.8277  28.1769
  0.5632   0.0180  15.6333  28.0831
  0.5657   0.0116  15.4378  27.9890
  0.5684   0.0056  15.2412  27.8945
  0.5713   0.0002  15.0435  27.7997
  0.5744  -0.0047  14.8449  27.7045
  0.5776  -0.0093  14.6453  27.6089
  0.5809  -0.0134  14.4447  27.5129
  0.5845  -0.0171  14.2432  27.4164
  0.5881  -0.0205  14.0408  27.3196
  0.5920  -0.0236  13.8376  27.2224
  0.5960  -0.0264  13.6336  27.1247
  0.6001  -0.0290  13.4289  27.0265
  0.6043  -0.0312  13.2234  26.9279
  0.6087  -0.0333  13.0172  26.8288
  0.6133  -0.0351  12.8104  26.7292
  0.6179  -0.0368  12.6030  26.6291
  0.6227  -0.0383  12.3951  26.5284
  0.6276  -0.0396  12.1866  26.4272
  0.6326  -0.0408  11.9777  26.3254
  0.6377  -0.0418  11.7683  26.2230
  0.6430  -0.0428  11.5586  26.1199
  0.6483  -0.0436  11.3486  26.0163
  0.6537  -0.0443  11.1382  25.9119
  0.6593  -0.0450  10.9277  25.8069
  0.6649  -0.0456  10.7169  25.7012
  0.6706  -0.0462  10.5061  25.5947
  0.6764  -0.0467  10.2951  25.4875
  0.6822  -0.0472  10.0841  25.3796
  0.6882  -0.0476   9.8732  25.2708
  0.6942  -0.0481   9.6623  25.1612
  0.7003  -0.0485   9.4515  25.0508
  0.7064  -0.0490   9.2410  24.9395
  0.7126  -0.0495   9.0306  24.8274
  0.7189  -0.0500   8.8206  24.7143
  0.7252  -0.0506   8.6109  24.6004
  0.7315  -0.0512   8.4016  24.4855
  0.7380  -0.0519   8.1928  24.3697
  0.7444  -0.0526   7.9845  24.2528
  0.7509  -0.0535   7.7767  24.1350
  0.7574  -0.0544   7.5696  24.0162
  0.7640  -0.0554   7.3632  23.8964
  0.7706  -0.0566   7.1575  23.7756
  0.7772  -0.0579   6.9526  23.6537
  0.7839  -0.0593   6.7485  23.5307
  0.7905  -0.0609   6.5453  23.4067
  0.7972  -0.0627   6.3431  23.2817
  0.8039  -0.0647   6.1419  23.1555
  0.8106  -0.0668   5.9417  23.0282
  0.8174  -0.0692   5.7427  22.8999
  0.8241  -0.0719   5.5447  22.7705
  0.8308  -0.0747   5.3480  22.6399
  0.8376  -0.0779   5.1525  22.5083
  0.8443  -0.0813   4.9583  22.3755
  0.8511  -0.0851   4.7654  22.2417
  0.8579  -0.0892   4.5738  22.1067
  0.8646  -0.0937   4.3837  21.9707
  0.8713  -0.0985   4.1949  21.8335
  0.8781  -0.1038   4.0077  21.6953
  0.8848  -0.1096   3.8219  21.5559
  0.8915  -0.1159   3.6376  21.4155
  0.8982  -0.1228   3.4548  21.2741
  0.9049  -0.1302   3.2737  21.1315
  0.9112  -0.1384   3.0941  20.9879
  0.0000   0.0000   0.0000   0.0000
 -0.3744   0.3244  -3.4032  -1.2573
 -0.3729   0.2610  -3.9911  -1.3348
 -0.3668   0.2694  -4.0201  -1.2135
 -0.3651   0.2740  -3.9358  -1.0676
 -0.3552   0.2561  -3.8290  -0.9358
 -0.3426   0.2313  -3.7177  -0.8212
 -0.3286   0.2055  -3.6054  -0.7221
 -0.3138   0.1812  -3.4929  -0.6363
 -0.2985   0.1591  -3.3803  -0.5618
 -0.2827   0.1396  -3.2675  -0.4969
 -0.2665   0.1224  -3.1547  -0.4401
 -0.2501   0.1075  -3.0419  -0.3904
 -0.2333   0.0946  -2.9291  -0.3467
 -0.2164   0.0834  -2.8163  -0.3080
 -0.1993   0.0737  -2.7035  -0.2738
 -0.1821   0.0654  -2.5908  -0.2433
 -0.1647   0.0582  -2.4781  -0.2160
 -0.1473   0.0521  -2.3655  -0.1916
 -0.1299   0.0467  -2.2529  -0.1696
 -0.1125   0.0421  -2.1403  -0.1498
 -0.0951   0.0382  -2.0278  -0.1317
 -0.0777   0.0347  -1.9153  -0.1153
 -0.0605   0.0317  -1.8027  -0.1002
 -0.0433   0.0290  -1.6902  -0.0864
 -0.0262   0.0267  -1.5776  -0.0737
 -0.0093   0.0246  -1.4650  -0.0620
  0.0074   0.0228  -1.3523  -0.0511
  0.0240   0.0211  -1.2395  -0.0409
  0.0404   0.0195  -1.1266  -0.0314
  0.0566   0.0180  -1.0136  -0.0226
  0.0725   0.0166  -0.9004  -0.0142
  0.0883   0.0153  -0.7870  -0.0064
  0.1037   0.0139  -0.6734   0.0010
  0.1189   0.0126  -0.5595   0.0080
  0.1338   0.0112  -0.4454   0.0147
  0.1484   0.0098  -0.3310   0.0210
  0.1626   0.0084  -0.2162   0.0271
  0.1766   0.0068  -0.1011   0.0328
  0.1902   0.0051   0.0144   0.0384
  0.2035   0.0033   0.1304   0.0437
  0.2164   0.0014   0.2468   0.0489
  0.2289  -0.0008   0.3637   0.0539
  0.2410  -0.0031   0.4811   0.0588
  0.2527  -0.0057   0.5991   0.0635
  0.2640  -0.0086   0.7178   0.0682
  0.2749  -0.0118   0.8370   0.0729
  0.2853  -0.0154   0.9569   0.0776
  0.2953  -0.0194   1.0776   0.0823
  0.3048  -0.0238   1.1990   0.0871
  0.3138  -0.0288   1.3211   0.0921
  0.3223  -0.0344   1.4442   0.0973
  0.3302  -0.0408   1.5680   0.1028
  0.3377  -0.0478   1.6929   0.1088
  0.3446  -0.0558   1.8186   0.1153
  0.3509  -0.0648   1.9454   0.1224
  0.3567  -0.0748   2.0732   0.1304
  0.3618  -0.0860   2.2021   0.1395
  0.3663  -0.0986   2.3321   0.1498
  0.3702  -0.1126   2.4633   0.1616
  0.3733  -0.1282   2.5958   0.1753
  0.3758  -0.1454   2.7295   0.1912
  0.3774  -0.1643   2.8645   0.2098
  0.3783  -0.1849   3.0009   0.2316
  0.3784  -0.2071   3.1387   0.2572
  0.3776  -0.2305   3.2779   0.2873
  0.3758  -0.2547   3.4187   0.3229
  0.3731  -0.2786   3.5610   0.3648
  0.3693  -0.3006   3.7049   0.4142
  0.0000   0.0000   0.0000   0.0000
-11.9070  22.4696   1.4607  -0.2929
-12.6858  23.9238   1.4675  -0.2901
-12.8799  23.8572   1.4123  -0.2625
-13.0598  23.6708   1.3554  -0.2389
-13.2414  23.4728   1.2991  -0.2185
-13.4219  23.2727   1.2434  -0.2005
-13.6006  23.0719   1.1882  -0.1845
-13.7772  22.8703   1.1336  -0.1701
-13.9517  22.6682   1.0796  -0.1570
-14.1239  22.4655   1.0259  -0.1452
-14.2938  22.2624   0.9728  -0.1344
-14.4614  22.0588   0.9200  -0.1246
-14.6264  21.8549   0.8677  -0.1157
-14.7890  21.6507   0.8158  -0.1075
-14.9490  21.4463   0.7641  -0.1001
-15.1062  21.2417   0.7129  -0.0933
-15.2608  21.0371   0.6619  -0.0870
-15.4126  20.8323   0.6112  -0.0814
-15.5615  20.6277   0.5608  -0.0761
-15.7075  20.4231   0.5106  -0.0714
-15.8506  20.2186   0.4607  -0.0670
-15.9906  20.0144   0.4110  -0.0630
-16.1276  19.8104   0.3614  -0.0594
-16.2615  19.6068   0.3121  -0.0560
-16.3923  19.4036   0.2629  -0.0529
-16.5200  19.2008   0.2138  -0.0500
-16.6444  18.9985   0.1649  -0.0473
-16.7657  18.7968   0.1160  -0.0449
-16.8837  18.5958   0.0673  -0.0426
-16.9985  18.3954   0.0187  -0.0404
-17.1100  18.1957  -0.0299  -0.0384
-17.2182  17.9968  -0.0784  -0.0365
-17.3231  17.7988  -0.1269  -0.0346
-17.4248  17.6016  -0.1753  -0.0329
-17.5232  17.4054  -0.2237  -0.0312
-17.6183  17.2101  -0.2721  -0.0296
-17.7101  17.0158  -0.3205  -0.0280
-17.7986  16.8226  -0.3689  -0.0265
-17.8839  16.6305  -0.4173  -0.0249
-17.9660  16.4395  -0.4657  -0.0234
-18.0448  16.2496  -0.5142  -0.0218
-18.1204  16.0609  -0.5627  -0.0202
-18.1929  15.8734  -0.6112  -0.0187
-18.2622  15.6872  -0.6598  -0.0170
-18.3283  15.5022  -0.7085  -0.0153
-18.3914  15.3185  -0.7572  -0.0136
-18.4514  15.1361  -0.8060  -0.0118
-18.5083  14.9550  -0.8549  -0.0099
-18.5623  14.7753  -0.9038  -0.0079
-18.6132  14.5969  -0.9528  -0.0058
-18.6613  14.4198  -1.0019  -0.0035
-18.7064  14.2441  -1.0511  -0.0012
-18.7487  14.0697  -1.1004   0.0014
-18.7881  13.8967  -1.1498   0.0041
-18.8248  13.7251  -1.1992   0.0070
-18.8587  13.5548  -1.2488   0.0101
-18.8900  13.3859  -1.2984   0.0134
-18.9185  13.2183  -1.3481   0.0171
-18.9445  13.0521  -1.3980   0.0210
-18.9678  12.8872  -1.4478   0.0253
-18.9887  12.7236  -1.4978   0.0299
-19.0070  12.5613  -1.5479   0.0351
-19.0229  12.4003  -1.5980   0.0407
-19.0364  12.2405  -1.6482   0.0470
-19.0475  12.0820  -1.6985   0.0540
-19.0563  11.9247  -1.7488   0.0618
-19.0628  11.7686  -1.7991   0.0707
-19.0670  11.6136  -1.8496   0.0807
-19.0691  11.4598  -1.9000   0.0919
-19.0690  11.3071  -1.9508   0.1044
-19.0668  11.1555  -2.0028   0.1175
  0.0000   0.0000   0.0000   0.0000
 -2.0490  -2.9847  -4.5764   0.1705
 -2.4201  -3.0725  -5.3166   0.2059
 -2.4471  -2.7161  -5.2648   0.2174
 -2.4125  -2.3249  -5.0763   0.2155
 -2.3643  -1.9803  -4.8637   0.2070
 -2.3132  -1.6864  -4.6498   0.1973
 -2.2610  -1.4367  -4.4390   0.1884
 -2.2081  -1.2255  -4.2317   0.1805
 -2.1542  -1.0463  -4.0278   0.1739
 -2.0993  -0.8943  -3.8274   0.1685
 -2.0434  -0.7652  -3.6304   0.1642
 -1.9864  -0.6554  -3.4367   0.1606
 -1.9284  -0.5617  -3.2462   0.1577
 -1.8692  -0.4816  -3.0587   0.1554
 -1.8090  -0.4130  -2.8743   0.1535
 -1.7478  -0.3539  -2.6928   0.1519
 -1.6854  -0.3029  -2.5141   0.1507
 -1.6221  -0.2586  -2.3382   0.1496
 -1.5576  -0.2201  -2.1650   0.1488
 -1.4922  -0.1864  -1.9944   0.1481
 -1.4256  -0.1567  -1.8263   0.1476
 -1.3581  -0.1305  -1.6607   0.1473
 -1.2894  -0.1073  -1.4975   0.1471
 -1.2197  -0.0865  -1.3367   0.1470
 -1.1490  -0.0679  -1.1782   0.1471
 -1.0771  -0.0511  -1.0220   0.1473
 -1.0042  -0.0359  -0.8679   0.1477
 -0.9302  -0.0220  -0.7160   0.1482
 -0.8550  -0.0094  -0.5662   0.1489
 -0.7788   0.0022  -0.4185   0.1498
 -0.7014   0.0129  -0.2728   0.1509
 -0.6229   0.0228  -0.1291   0.1521
 -0.5433   0.0320   0.0127   0.1534
 -0.4624   0.0406   0.1526   0.1549
 -0.3805   0.0485   0.2906   0.1564
 -0.2973   0.0560   0.4268   0.1581
 -0.2129   0.0631   0.5612   0.1598
 -0.1274   0.0697   0.6938   0.1614
 -0.0406   0.0760   0.8246   0.1630
  0.0475   0.0820   0.9538   0.1644
  0.1368   0.0878   1.0812   0.1656
  0.2273   0.0934   1.2070   0.1664
  0.3192   0.0989   1.3313   0.1666
  0.4123   0.1043   1.4539   0.1663
  0.5067   0.1098   1.5750   0.1651
  0.6025   0.1154   1.6946   0.1628
  0.6996   0.1212   1.8127   0.1592
  0.7981   0.1273   1.9294   0.1539
  0.8979   0.1339   2.0448   0.1466
  0.9991   0.1411   2.1589   0.1369
  1.1018   0.1491   2.2718   0.1242
  1.2058   0.1581   2.3835   0.1078
  1.3113   0.1685   2.4943   0.0872
  1.4182   0.1804   2.6041   0.0614
  1.5266   0.1943   2.7132   0.0295
  1.6365   0.2105   2.8217  -0.0099
  1.7479   0.2296   2.9299  -0.0581
  1.8607   0.2521   3.0379  -0.1169
  1.9751   0.2787   3.1461  -0.1882
  2.0910   0.3102   3.2549  -0.2746
  2.2085   0.3475   3.3645  -0.3789
  2.3274   0.3917   3.4756  -0.5046
  2.4480   0.4440   3.5887  -0.6559
  2.5700   0.5060   3.7044  -0.8376
  2.6936   0.5793   3.8237  -1.0557
  2.8186   0.6660   3.9473  -1.3172
  2.9451   0.7683   4.0765  -1.6302
  3.0728   0.8890   4.2122  -2.0045
  0.0000   0.0000   0.0000   0.0000
  0.5205   0.2289  16.1665  27.3119
  0.5464   0.2155  18.1603  29.2605
  0.5478   0.1932  18.2154  29.3457
  0.5477   0.1736  18.0613  29.2728
  0.5477   0.1553  17.8849  29.1851
  0.5479   0.1383  17.7050  29.0955
  0.5483   0.1225  17.5235  29.0055
  0.5489   0.1080  17.3406  28.9150
  0.5497   0.0945  17.1562  28.8241
  0.5507   0.0820  16.9705  28.7328
  0.5519   0.0704  16.7835  28.6412
  0.5534   0.0598  16.5951  28.5492
  0.5550   0.0500  16.4055  28.4569
  0.5567   0.0410  16.2146  28.3642
  0.5587   0.0327  16.0226  28.2711
  0.5609   0.0250  15.8293  28.1777
  0.5632   0.0180  15.6349  28.0839
  0.5658   0.0115  15.4393  27.9898
  0.5685   0.0056  15.2427  27.8953
  0.5713   0.0002  15.0451  27.8004
  0.5744  -0.0048  14.8464  27.7052
  0.5776  -0.0093  14.6467  27.6096
  0.5810  -0.0134  14.4461  27.5136
  0.5845  -0.0171  14.2446  27.4171
  0.5882  -0.0206  14.0422  27.3203
  0.5920  -0.0236  13.8390  27.2230
  0.5960  -0.0264  13.6349  27.1253
  0.6001  -0.0290  13.4301  27.0272
  0.6044  -0.0313  13.2246  26.9286
  0.6088  -0.0333  13.0184  26.8294
  0.6133  -0.0351  12.8116  26.7298
  0.6180  -0.0368  12.6042  26.6297
  0.6227  -0.0383  12.3962  26.5290
  0.6276  -0.0396  12.1877  26.4278
  0.6326  -0.0408  11.9788  26.3259
  0.6378  -0.0418  11.7694  26.2235
  0.6430  -0.0428  11.5597  26.1205
  0.6483  -0.0436  11.3496  26.0168
  0.6537  -0.0443  11.1392  25.9125
  0.6593  -0.0450  10.9286  25.8074
  0.6649  -0.0456  10.7179  25.7017
  0.6706  -0.0462  10.5070  25.5952
  0.6764  -0.0467  10.2960  25.4880
  0.6822  -0.0472  10.0850  25.3800
  0.6882  -0.0476   9.8740  25.2713
  0.6942  -0.0481   9.6631  25.1617
  0.7003  -0.0485   9.4523  25.0513
  0.7064  -0.0490   9.2417  24.9400
  0.7126  -0.0495   9.0313  24.8278
  0.7189  -0.0500   8.8213  24.7148
  0.7252  -0.0506   8.6116  24.6008
  0.7316  -0.0512   8.4022  24.4859
  0.7380  -0.0519   8.1934  24.3700
  0.7444  -0.0526   7.9850  24.2532
  0.7509  -0.0535   7.7773  24.1354
  0.7575  -0.0544   7.5701  24.0166
  0.7640  -0.0554   7.3637  23.8968
  0.7706  -0.0566   7.1579  23.7759
  0.7772  -0.0579   6.9530  23.6540
  0.7839  -0.0593   6.7489  23.5311
  0.7905  -0.0609   6.5457  23.4070
  0.7972  -0.0627   6.3435  23.2820
  0.8039  -0.0647   6.1422  23.1558
  0.8107  -0.0668   5.9421  23.0285
  0.8174  -0.0692   5.7430  22.9002
  0.8241  -0.0718   5.5450  22.7707
  0.8309  -0.0747   5.3482  22.6402
  0.8376  -0.0779   5.1527  22.5085
  0.8444  -0.0813   4.9585  22.3757
  0.8511  -0.0851   4.7655  22.2419
  0.8579  -0.0892   4.5740  22.1069
  0.8646  -0.0937   4.3838  21.9708
  0.8714  -0.0985   4.1950  21.8337
  0.8781  -0.1038   4.0077  21.6954
  0.8848  -0.1096   3.8219  21.5561
  0.8916  -0.1159   3.6376  21.4157
  0.8982  -0.1227   3.4548  21.2742
  0.9049  -0.1302   3.2736  21.1316
  0.9113  -0.1384   3.0940  20.9881
  0.0000   0.0000   0.0000   0.0000
 -0.3742   0.3242  -3.4032  -1.2571
 -0.3727   0.2609  -3.9911  -1.3346
 -0.3665   0.2693  -4.0201  -1.2133
 -0.3649   0.2739  -3.9358  -1.0674
 -0.3550   0.2560  -3.8290  -0.9356
 -0.3424   0.2312  -3.7177  -0.8211
 -0.3283   0.2054  -3.6054  -0.7220
 -0.3136   0.1811  -3.4929  -0.6362
 -0.2983   0.1591  -3.3803  -0.5617
 -0.2825   0.1395  -3.2675  -0.4968
 -0.2663   0.1224  -3.1547  -0.4401
 -0.2499   0.1075  -3.0419  -0.3904
 -0.2332   0.0945  -2.9291  -0.3466
 -0.2162   0.0834  -2.8163  -0.3080
 -0.1992   0.0737  -2.7036  -0.2737
 -0.1819   0.0654  -2.5908  -0.2432
 -0.1646   0.0582  -2.4782  -0.2160
 -0.1472   0.0521  -2.3655  -0.1916
 -0.1298   0.0467  -2.2529  -0.1696
 -0.1124   0.0421  -2.1404  -0.1497
 -0.0950   0.0381  -2.0278  -0.1317
 -0.0776   0.0347  -1.9153  -0.1153
 -0.0604   0.0317  -1.8028  -0.1002
 -0.0432   0.0290  -1.6903  -0.0864
 -0.0261   0.0267  -1.5777  -0.0737
 -0.0092   0.0246  -1.4651  -0.0619
  0.0075   0.0228  -1.3524  -0.0510
  0.0241   0.0211  -1.2396  -0.0409
  0.0405   0.0195  -1.1267  -0.0314
  0.0566   0.0180  -1.0137  -0.0225
  0.0726   0.0166  -0.9005  -0.0142
  0.0883   0.0153  -0.7871  -0.0064
  0.1037   0.0139  -0.6735   0.0010
  0.1189   0.0126  -0.5596   0.0080
  0.1338   0.0112  -0.4455   0.0147
  0.1484   0.0098  -0.3311   0.0210
  0.1626   0.0083  -0.2163   0.0271
  0.1766   0.0068  -0.1012   0.0329
  0.1902   0.0051   0.0143   0.0384
  0.2034   0.0033   0.1303   0.0437
  0.2163   0.0014   0.2467   0.0489
  0.2288  -0.0008   0.3636   0.0539
  0.2409  -0.0031   0.4810   0.0588
  0.2526  -0.0057   0.5990   0.0635
  0.2639  -0.0086   0.7177   0.0682
  0.2748  -0.0118   0.8369   0.0729
  0.2852  -0.0154   0.9568   0.0776
  0.2952  -0.0194   1.0775   0.0823
  0.3046  -0.0238   1.1989   0.0871
  0.3136  -0.0288   1.3210   0.0921
  0.3221  -0.0344   1.4441   0.0973
  0.3301  -0.0408   1.5679   0.1028
  0.3376  -0.0478   1.6927   0.1088
  0.3444  -0.0558   1.8185   0.1153
  0.3508  -0.0648   1.9453   0.1224
  0.3565  -0.0748   2.0731   0.1304
  0.3616  -0.0860   2.2020   0.1394
  0.3661  -0.0986   2.3320   0.1497
  0.3699  -0.1126   2.4632   0.1615
  0.3731  -0.1282   2.5956   0.1752
  0.3755  -0.1454   2.7294   0.1911
  0.3772  -0.1643   2.8644   0.2097
  0.3780  -0.1849   3.0008   0.2315
  0.3781  -0.2070   3.1386   0.2571
  0.3773  -0.2304   3.2778   0.2872
  0.3755  -0.2546   3.4186   0.3227
  0.3728  -0.2785   3.5609   0.3646
  0.3689  -0.3004   3.7048   0.4141
  0.0000   0.0000   0.0000   0.0000
-11.9063  22.4699   1.4606  -0.2930
-12.6851  23.9240   1.4674  -0.2902
-12.8795  23.8571   1.4122  -0.2626
-13.0596  23.6707   1.3553  -0.2389
-13.2411  23.4726   1.2990  -0.2185
-13.4217  23.2726   1.2433  -0.2006
-13.6003  23.0718   1.1882  -0.1845
-13.7769  22.8702   1.1336  -0.1701
-13.9514  22.6681   1.0795  -0.1570
-14.1236  22.4655   1.0259  -0.1452
-14.2935  22.2623   0.9727  -0.1344
-14.4611  22.0588   0.9200  -0.1246
-14.6261  21.8549   0.8677  -0.1157
-14.7887  21.6507   0.8157  -0.1075
-14.9486  21.4463   0.7641  -0.1001
-15.1059  21.2417   0.7128  -0.0933
-15.2605  21.0371   0.6619  -0.0870
-15.4122  20.8324   0.6112  -0.0813
-15.5611  20.6277   0.5608  -0.0761
-15.7072  20.4231   0.5106  -0.0714
-15.8502  20.2187   0.4607  -0.0670
-15.9903  20.0144   0.4109  -0.0630
-16.1273  19.8105   0.3614  -0.0593
-16.2612  19.6069   0.3120  -0.0559
-16.3920  19.4037   0.2628  -0.0528
-16.5196  19.2009   0.2138  -0.0500
-16.6441  18.9986   0.1649  -0.0473
-16.7653  18.7970   0.1160  -0.0448
-16.8833  18.5959   0.0673  -0.0425
-16.9981  18.3955   0.0187  -0.0404
-17.1096  18.1959  -0.0299  -0.0383
-17.2178  17.9970  -0.0784  -0.0364
-17.3227  17.7990  -0.1269  -0.0346
-17.4244  17.6018  -0.1753  -0.0329
-17.5228  17.4056  -0.2237  -0.0312
-17.6178  17.2103  -0.2721  -0.0296
-17.7096  17.0160  -0.3205  -0.0280
-17.7982  16.8228  -0.3688  -0.0264
-17.8835  16.6307  -0.4173  -0.0249
-17.9655  16.4396  -0.4657  -0.0233
-18.0444  16.2498  -0.5142  -0.0218
-18.1200  16.0611  -0.5627  -0.0202
-18.1924  15.8736  -0.6112  -0.0186
-18.2617  15.6874  -0.6598  -0.0170
-18.3279  15.5024  -0.7085  -0.0153
-18.3909  15.3187  -0.7572  -0.0136
-18.4509  15.1363  -0.8060  -0.0117
-18.5078  14.9553  -0.8548  -0.0098
-18.5618  14.7755  -0.9038  -0.0078
-18.6127  14.5971  -0.9528  -0.0057
-18.6608  14.4200  -1.0019  -0.0035
-18.7059  14.2443  -1.0511  -0.0011
-18.7481  14.0700  -1.1004   0.0014
-18.7876  13.8970  -1.1497   0.0041
-18.8243  13.7254  -1.1992   0.0070
-18.8582  13.5551  -1.2487   0.0101
-18.8894  13.3862  -1.2984   0.0134
-18.9180  13.2186  -1.3481   0.0170
-18.9439  13.0524  -1.3979   0.0210
-18.9672  12.8875  -1.4478   0.0253
-18.9881  12.7239  -1.4978   0.0299
-19.0064  12.5616  -1.5478   0.0351
-19.0223  12.4006  -1.5979   0.0407
-19.0357  12.2408  -1.6481   0.0470
-19.0468  12.0823  -1.6984   0.0539
-19.0556  11.9250  -1.7487   0.0618
-19.0621  11.7689  -1.7990   0.0706
-19.0663  11.6139  -1.8494   0.0806
-19.0684  11.4601  -1.8999   0.0919
-19.0682  11.3074  -1.9507   0.1044
-19.0660  11.1558  -2.0027   0.1174
  0.0000   0.0000   0.0000   0.0000
 -2.0492  -2.9847  -4.5761   0.1706
 -2.4203  -3.0725  -5.3162   0.2060
 -2.4473  -2.7161  -5.2644   0.2174
 -2.4127  -2.3249  -5.0760   0.2155
 -2.3645  -1.9803  -4.8634   0.2070
 -2.3133  -1.6864  -4.6495   0.1973
 -2.2612  -1.4367  -4.4387   0.1884
 -2.2082  -1.2255  -4.2314   0.1805
 -2.1543  -1.0463  -4.0276   0.1739
 -2.0994  -0.8943  -3.8272   0.1685
 -2.0435  -0.7652  -3.6302   0.1642
 -1.9865  -0.6554  -3.4365   0.1606
 -1.9285  -0.5617  -3.2460   0.1577
 -1.8693  -0.4816  -3.0586   0.1554
 -1.8091  -0.4130  -2.8741   0.1535
 -1.7478  -0.3539  -2.6926   0.1519
 -1.6855  -0.3029  -2.5140   0.1507
 -1.6221  -0.2586  -2.3381   0.1496
 -1.5577  -0.2201  -2.1649   0.1488
 -1.4922  -0.1864  -1.9943   0.1481
 -1.4257  -0.1567  -1.8262   0.1476
 -1.3581  -0.1305  -1.6606   0.1472
 -1.2894  -0.1073  -1.4975   0.1470
 -1.2197  -0.0865  -1.3367   0.1470
 -1.1490  -0.0679  -1.1782   0.1470
 -1.0771  -0.0511  -1.0219   0.1473
 -1.0042  -0.0359  -0.8679   0.1477
 -0.9301  -0.0220  -0.7160   0.1482
 -0.8550  -0.0094  -0.5662   0.1489
 -0.7787   0.0022  -0.4185   0.1498
 -0.7014   0.0129  -0.2728   0.1508
 -0.6229   0.0228  -0.1291   0.1520
 -0.5432   0.0320   0.0127   0.1534
 -0.4624   0.0406   0.1526   0.1548
 -0.3804   0.0485   0.2906   0.1564
 -0.2972   0.0560   0.4267   0.1580
 -0.2129   0.0631   0.5611   0.1597
 -0.1273   0.0697   0.6937   0.1614
 -0.0405   0.0760   0.8245   0.1630
  0.0476   0.0820   0.9537   0.1644
  0.1369   0.0878   1.0811   0.1655
  0.2274   0.0934   1.2069   0.1663
  0.3193   0.0989   1.3311   0.1666
  0.4124   0.1043   1.4538   0.1663
  0.5068   0.1098   1.5749   0.1650
  0.6026   0.1154   1.6944   0.1628
  0.6997   0.1212   1.8126   0.1591
  0.7982   0.1273   1.9293   0.1539
  0.8980   0.1339   2.0447   0.1466
  0.9992   0.1411   2.1587   0.1368
  1.1019   0.1491   2.2716   0.1241
  1.2059   0.1581   2.3834   0.1078
  1.3114   0.1685   2.4941   0.0872
  1.4183   0.1804   2.6040   0.0614
  1.5267   0.1943   2.7131   0.0295
  1.6366   0.2105   2.8216  -0.0099
  1.7480   0.2296   2.9297  -0.0581
  1.8608   0.2521   3.0378  -0.1169
  1.9752   0.2787   3.1460  -0.1882
  2.0911   0.3101   3.2547  -0.2746
  2.2086   0.3474   3.3643  -0.3789
  2.3276   0.3916   3.4754  -0.5046
  2.4481   0.4440   3.5885  -0.6558
  2.5701   0.5059   3.7042  -0.8376
  2.6937   0.5793   3.8235  -1.0556
  2.8187   0.6659   3.9471  -1.3171
  2.9452   0.7682   4.0763  -1.6301
  3.0730   0.8889   4.2120  -2.0044
  0.0000   0.0000   0.0000   0.0000
  0.5205   0.2289  16.1654  27.3110
  0.5464   0.2155  18.1590  29.2596
  0.5478   0.1932  18.2141  29.3448
  0.5477   0.1736  18.0600  29.2719
  0.5477   0.1553  17.8837  29.1842
  0.5479   0.1383  17.7038  29.0946
  0.5483   0.1225  17.5223  29.0046
  0.5489   0.1080  17.3394  28.9141
  0.5497   0.0945  17.1550  28.8232
  0.5507   0.0820  16.9693  28.7320
  0.5519   0.0705  16.7823  28.6404
  0.5534   0.0598  16.5940  28.5484
  0.5550   0.0500  16.4043  28.4560
  0.5567   0.0410  16.2135  28.3633
  0.5587   0.0327  16.0214  28.2703
  0.5609   0.0250  15.8282  28.1769
  0.5632   0.0180  15.6338  28.0831
  0.5658   0.0115  15.4382  27.9890
  0.5685   0.0056  15.2416  27.8945
  0.5713   0.0002  15.0440  27.7996
  0.5744  -0.0047  14.8453  27.7044
  0.5776  -0.0093  14.6457  27.6088
  0.5810  -0.0134  14.4451  27.5128
  0.5845  -0.0171  14.2436  27.4163
  0.5882  -0.0205  14.0412  27.3195
  0.5920  -0.0236  13.8380  27.2222
  0.5960  -0.0264  13.6340  27.1245
  0.6001  -0.0290  13.4292  27.0264
  0.6044  -0.0312  13.2237  26.9278
  0.6088  -0.0333  13.0175  26.8287
  0.6133  -0.0351  12.8107  26.7290
  0.6179  -0.0368  12.6033  26.6289
  0.6227  -0.0383  12.3953  26.5282
  0.6276  -0.0396  12.1868  26.4270
  0.6326  -0.0408  11.9779  26.3252
  0.6378  -0.0418  11.7685  26.2228
  0.6430  -0.0428  11.5588  26.1197
  0.6483  -0.0436  11.3487  26.0160
  0.6537  -0.0443  11.1384  25.9117
  0.6593  -0.0450  10.9278  25.8067
  0.6649  -0.0456  10.7171  25.7010
  0.6706  -0.0462  10.5062  25.5945
  0.6764  -0.0467  10.2952  25.4873
  0.6822  -0.0472  10.0842  25.3793
  0.6882  -0.0476   9.8733  25.2705
  0.6942  -0.0481   9.6624  25.1610
  0.7003  -0.0485   9.4516  25.0505
  0.7064  -0.0490   9.2410  24.9393
  0.7126  -0.0495   9.0307  24.8271
  0.7189  -0.0500   8.8206  24.7141
  0.7252  -0.0506   8.6109  24.6001
  0.7315  -0.0512   8.4016  24.4852
  0.7380  -0.0519   8.1928  24.3694
  0.7444  -0.0526   7.9845  24.2525
  0.7509  -0.0535   7.7767  24.1347
  0.7574  -0.0544   7.5696  24.0159
  0.7640  -0.0554   7.3631  23.8961
  0.7706  -0.0566   7.1574  23.7752
  0.7772  -0.0579   6.9525  23.6533
  0.7839  -0.0593   6.7484  23.5304
  0.7905  -0.0609   6.5453  23.4064
  0.7972  -0.0627   6.3430  23.2813
  0.8039  -0.0647   6.1418  23.1551
  0.8106  -0.0668   5.9416  23.0279
  0.8174  -0.0692   5.7425  22.8995
  0.8241  -0.0718   5.5446  22.7701
  0.8308  -0.0747   5.3479  22.6395
  0.8376  -0.0779   5.1524  22.5079
  0.8443  -0.0813   4.9581  22.3751
  0.8511  -0.0851   4.7652  22.2412
  0.8578  -0.0892   4.5737  22.1063
  0.8646  -0.0937   4.3835  21.9702
  0.8713  -0.0985   4.1947  21.8331
  0.8781  -0.1038   4.0075  21.6948
  0.8848  -0.1096   3.8217  21.5555
  0.8915  -0.1159   3.6374  21.4151
  0.8982  -0.1227   3.4546  21.2736
  0.9048  -0.1302   3.2734  21.1311
  0.9112  -0.1384   3.0938  20.9875
  0.0000   0.0000   0.0000   0.0000
 -0.3742   0.3243  -3.4033  -1.2572
 -0.3728   0.2609  -3.9912  -1.3347
 -0.3666   0.2693  -4.0202  -1.2134
 -0.3650   0.2739  -3.9359  -1.0675
 -0.3550   0.2561  -3.8291  -0.9357
 -0.3425   0.2312  -3.7178  -0.8211
 -0.3284   0.2055  -3.6055  -0.7221
 -0.3137   0.1811  -3.4930  -0.6362
 -0.2983   0.1591  -3.3804  -0.5617
 -0.2825   0.1396  -3.2676  -0.4968
 -0.2664   0.1224  -3.1548  -0.4401
 -0.2499   0.1075  -3.0420  -0.3904
 -0.2332   0.0946  -2.9292  -0.3466
 -0.2163   0.0834  -2.8164  -0.3080
 -0.1992   0.0737  -2.7036  -0.2737
 -0.1820   0.0654  -2.5909  -0.2432
 -0.1647   0.0582  -2.4782  -0.2160
 -0.1473   0.0521  -2.3656  -0.1916
 -0.1298   0.0467  -2.2530  -0.1696
 -0.1124   0.0421  -2.1404  -0.1497
 -0.0950   0.0382  -2.0279  -0.1317
 -0.0777   0.0347  -1.9153  -0.1152
 -0.0604   0.0317  -1.8028  -0.1002
 -0.0432   0.0290  -1.6903  -0.0864
 -0.0262   0.0267  -1.5777  -0.0737
 -0.0093   0.0246  -1.4651  -0.0619
  0.0075   0.0228  -1.3524  -0.0510
  0.0241   0.0211  -1.2396  -0.0409
  0.0404   0.0195  -1.1267  -0.0314
  0.0566   0.0180  -1.0137  -0.0225
  0.0726   0.0166  -0.9005  -0.0142
  0.0883   0.0153  -0.7871  -0.0064
  0.1037   0.0139  -0.6735   0.0010
  0.1189   0.0126  -0.5596   0.0080
  0.1338   0.0112  -0.4455   0.0147
  0.1484   0.0098  -0.3310   0.0210
  0.1626   0.0083  -0.2163   0.0271
  0.1766   0.0068  -0.1012   0.0329
  0.1902   0.0051   0.0144   0.0384
  0.2034   0.0033   0.1303   0.0437
  0.2163   0.0014   0.2467   0.0489
  0.2288  -0.0008   0.3637   0.0539
  0.2409  -0.0031   0.4811   0.0588
  0.2527  -0.0057   0.5991   0.0635
  0.2639  -0.0086   0.7177   0.0682
  0.2748  -0.0118   0.8370   0.0729
  0.2852  -0.0154   0.9569   0.0776
  0.2952  -0.0194   1.0775   0.0823
  0.3047  -0.0238   1.1989   0.0871
  0.3137  -0.0288   1.3211   0.0921
  0.3222  -0.0344   1.4441   0.0973
  0.3302  -0.0408   1.5680   0.1028
  0.3376  -0.0478   1.6928   0.1088
  0.3445  -0.0558   1.8186   0.1153
  0.3508  -0.0648   1.9454   0.1224
  0.3566  -0.0748   2.0732   0.1304
  0.3617  -0.0860   2.2021   0.1394
  0.3662  -0.0986   2.3321   0.1497
  0.3700  -0.1126   2.4633   0.1616
  0.3732  -0.1282   2.5957   0.1752
  0.3756  -0.1454   2.7294   0.1911
  0.3773  -0.1643   2.8645   0.2097
  0.3781  -0.1849   3.0009   0.2315
  0.3782  -0.2070   3.1387   0.2571
  0.3774  -0.2304   3.2779   0.2872
  0.3756  -0.2546   3.4187   0.3227
  0.3729  -0.2785   3.5610   0.3646
  0.3690  -0.3005   3.7049   0.4141
  0.0000   0.0000   0.0000   0.0000
-11.9060  22.4691   1.4606  -0.2930
-12.6848  23.9231   1.4674  -0.2902
-12.8793  23.8561   1.4122  -0.2626
-13.0595  23.6697   1.3553  -0.2390
-13.2410  23.4717   1.2990  -0.2186
-13.4215  23.2717   1.2433  -0.2006
-13.6001  23.0708   1.1881  -0.1845
-13.7767  22.8694   1.1336  -0.1701
-13.9512  22.6673   1.0795  -0.1571
-14.1234  22.4646   1.0259  -0.1452
-14.2933  22.2615   0.9727  -0.1344
-14.4608  22.0580   0.9200  -0.1246
-14.6259  21.8541   0.8677  -0.1157
-14.7884  21.6500   0.8157  -0.1075
-14.9484  21.4456   0.7641  -0.1001
-15.1056  21.2411   0.7128  -0.0932
-15.2602  21.0364   0.6618  -0.0870
-15.4119  20.8318   0.6112  -0.0813
-15.5608  20.6271   0.5608  -0.0761
-15.7068  20.4225   0.5106  -0.0714
-15.8499  20.2181   0.4607  -0.0670
-15.9899  20.0139   0.4109  -0.0630
-16.1269  19.8100   0.3614  -0.0593
-16.2608  19.6064   0.3120  -0.0559
-16.3916  19.4032   0.2628  -0.0528
-16.5192  19.2005   0.2138  -0.0499
-16.6437  18.9982   0.1648  -0.0473
-16.7649  18.7966   0.1160  -0.0448
-16.8829  18.5955   0.0673  -0.0425
-16.9976  18.3952   0.0187  -0.0403
-17.1091  18.1956  -0.0299  -0.0383
-17.2174  17.9967  -0.0784  -0.0364
-17.3223  17.7987  -0.1269  -0.0346
-17.4239  17.6015  -0.1753  -0.0328
-17.5223  17.4053  -0.2237  -0.0312
-17.6174  17.2101  -0.2721  -0.0295
-17.7092  17.0158  -0.3205  -0.0280
-17.7977  16.8226  -0.3689  -0.0264
-17.8830  16.6305  -0.4173  -0.0249
-17.9651  16.4395  -0.4657  -0.0233
-18.0439  16.2497  -0.5142  -0.0218
-18.1195  16.0610  -0.5627  -0.0202
-18.1919  15.8736  -0.6112  -0.0186
-18.2612  15.6874  -0.6598  -0.0170
-18.3274  15.5024  -0.7085  -0.0153
-18.3904  15.3187  -0.7572  -0.0135
-18.4504  15.1363  -0.8060  -0.0117
-18.5073  14.9553  -0.8548  -0.0098
-18.5613  14.7755  -0.9038  -0.0078
-18.6122  14.5971  -0.9528  -0.0057
-18.6603  14.4201  -1.0019  -0.0035
-18.7054  14.2444  -1.0511  -0.0011
-18.7476  14.0701  -1.1004   0.0014
-18.7871  13.8971  -1.1497   0.0041
-18.8238  13.7255  -1.1992   0.0070
-18.8577  13.5552  -1.2487   0.0101
-18.8889  13.3863  -1.2984   0.0134
-18.9174  13.2188  -1.3481   0.0170
-18.9434  13.0526  -1.3979   0.0210
-18.9667  12.8877  -1.4478   0.0253
-18.9876  12.7241  -1.4978   0.0299
-19.0059  12.5618  -1.5478   0.0351
-19.0218  12.4008  -1.5979   0.0407
-19.0352  12.2411  -1.6481   0.0470
-19.0463  12.0826  -1.6984   0.0539
-19.0551  11.9253  -1.7487   0.0618
-19.0616  11.7692  -1.7990   0.0706
-19.0658  11.6143  -1.8495   0.0806
-19.0678  11.4605  -1.8999   0.0919
-19.0677  11.3078  -1.9507   0.1044
-19.0655  11.1562  -2.0027   0.1174
  0.0000   0.0000   0.0000   0.0000
 -2.0491  -2.9847  -4.5760   0.1706
 -2.4202  -3.0725  -5.3161   0.2061
 -2.4472  -2.7161  -5.2643   0.2175
 -2.4126  -2.3249  -5.0759   0.2156
 -2.3644  -1.9803  -4.8633   0.2071
 -2.3133  -1.6864  -4.6494   0.1974
 -2.2611  -1.4367  -4.4386   0.1884
 -2.2082  -1.2255  -4.2313   0.1806
 -2.1543  -1.0463  -4.0275   0.1739
 -2.0994  -0.8943  -3.8271   0.1685
 -2.0434  -0.7652  -3.6301   0.1642
 -1.9864  -0.6554  -3.4364   0.1606
 -1.9284  -0.5617  -3.2459   0.1577
 -1.8692  -0.4816  -3.0585   0.1554
 -1.8090  -0.4130  -2.8741   0.1535
 -1.7478  -0.3539  -2.6926   0.1519
 -1.6854  -0.3029  -2.5139   0.1507
 -1.6221  -0.2586  -2.3380   0.1496
 -1.5576  -0.2201  -2.1648   0.1488
 -1.4922  -0.1864  -1.9942   0.1481
 -1.4256  -0.1567  -1.8262   0.1476
 -1.3580  -0.1305  -1.6606   0.1472
 -1.2894  -0.1073  -1.4974   0.1470
 -1.2197  -0.0865  -1.3366   0.1470
 -1.1489  -0.0679  -1.1781   0.1470
 -1.0771  -0.0511  -1.0219   0.1473
 -1.0041  -0.0359  -0.8679   0.1477
 -0.9301  -0.0220  -0.7160   0.1482
 -0.8550  -0.0094  -0.5662   0.1489
 -0.7787   0.0022  -0.4185   0.1498
 -0.7014   0.0129  -0.2728   0.1508
 -0.6229   0.0228  -0.1291   0.1520
 -0.5432   0.0320   0.0127   0.1534
 -0.4624   0.0406   0.1525   0.1548
 -0.3804   0.0485   0.2905   0.1564
 -0.2972   0.0560   0.4267   0.1580
 -0.2129   0.0630   0.5611   0.1597
 -0.1273   0.0697   0.6936   0.1614
 -0.0405   0.0760   0.8245   0.1629
  0.0475   0.0820   0.9536   0.1644
  0.1368   0.0878   1.0811   0.1655
  0.2274   0.0934   1.2069   0.1663
  0.3192   0.0989   1.3311   0.1666
  0.4124   0.1043   1.4537   0.1662
  0.5068   0.1098   1.5748   0.1650
  0.6026   0.1154   1.6944   0.1628
  0.6997   0.1211   1.8125   0.1591
  0.7981   0.1273   1.9292   0.1539
  0.8980   0.1339   2.0446   0.1466
  0.9992   0.1411   2.1587   0.1368
  1.1018   0.1491   2.2715   0.1241
  1.2059   0.1581   2.3833   0.1078
  1.3113   0.1685   2.4940   0.0872
  1.4183   0.1804   2.6039   0.0614
  1.5267   0.1943   2.7130   0.0295
  1.6365   0.2105   2.8215  -0.0099
  1.7479   0.2296   2.9297  -0.0581
  1.8608   0.2521   3.0377  -0.1169
  1.9751   0.2787   3.1459  -0.1882
  2.0911   0.3102   3.2546  -0.2746
  2.2085   0.3475   3.3642  -0.3789
  2.3275   0.3916   3.4753  -0.5046
  2.4480   0.4440   3.5884  -0.6558
  2.5700   0.5060   3.7041  -0.8375
  2.6936   0.5793   3.8234  -1.0556
  2.8186   0.6660   3.9470  -1.3170
  2.9451   0.7683   4.0762  -1.6301
  3.0729   0.8890   4.2119  -2.0043
  0.0000   0.0000   0.0000   0.0000
