  1.0000  -0.1000   0.0000
  1.0052  -0.0973  -0.0107
  1.0113  -0.0937  -0.0263
  1.0174  -0.0900  -0.0418
  1.0236  -0.0863  -0.0565
  1.0297  -0.0826  -0.0704
  1.0358  -0.0789  -0.0833
  1.0419  -0.0753  -0.0953
  1.0480  -0.0716  -0.1064
  1.0541  -0.0679  -0.1166
  1.0602  -0.0642  -0.1259
  1.0662  -0.0605  -0.1341
  1.0722  -0.0569  -0.1415
  1.0782  -0.0532  -0.1479
  1.0842  -0.0496  -0.1533
  1.0901  -0.0459  -0.1577
  1.0961  -0.0423  -0.1611
  1.1020  -0.0387  -0.1636
  1.1079  -0.0351  -0.1650
  1.1137  -0.0315  -0.1655
  1.1196  -0.0279  -0.1649
  1.1254  -0.0243  -0.1633
  1.1312  -0.0207  -0.1607
  1.1370  -0.0172  -0.1570
  1.1428  -0.0136  -0.1523
  1.1485  -0.0101  -0.1465
  1.1542  -0.0066  -0.1397
  1.1599  -0.0031  -0.1318
  1.1656   0.0004  -0.1228
  1.1713   0.0039  -0.1127
  1.1769   0.0074  -0.1016
  1.1826   0.0109  -0.0893
  1.1882   0.0143  -0.0760
  1.1938   0.0178  -0.0615
  1.1993   0.0212  -0.0459
  1.2049   0.0247  -0.0292
  1.2105   0.0281  -0.0113
  1.2160   0.0315   0.0077
  1.2215   0.0349   0.0278
  1.2271   0.0383   0.0492
  1.2326   0.0417   0.0716
  1.2381   0.0451   0.0953
  1.2436   0.0484   0.1201
  1.2491   0.0518   0.1461
  1.2545   0.0552   0.1734
  1.2600   0.0586   0.2018
  1.2655   0.0619   0.2314
  1.2709   0.0653   0.2623
  1.2764   0.0687   0.2944
  1.2818   0.0720   0.3277
  1.2873   0.0754   0.3623
  1.2927   0.0788   0.3981
  1.2982   0.0821   0.4353
  1.3036   0.0855   0.4736
  1.3091   0.0889   0.5133
  1.3145   0.0923   0.5543
  1.3200   0.0957   0.5966
  1.3254   0.0991   0.6402
  1.3309   0.1025   0.6851
  1.3364   0.1059   0.7314
  1.3418   0.1093   0.7790
  1.3473   0.1127   0.8280
  1.3527   0.1161   0.8784
  1.3582   0.1196   0.9302
  1.3637   0.1230   0.9833
  1.3691   0.1265   1.0379
  1.3746   0.1299   1.0940
  1.3801   0.1334   1.1515
  1.3855   0.1369   1.2105
  1.3910   0.1404   1.2709
  1.3965   0.1439   1.3329
  1.4019   0.1474   1.3964
  1.4074   0.1509   1.4615
  1.4129   0.1545   1.5281
  1.4183   0.1580   1.5962
  1.4238   0.1616   1.6660
  1.4292   0.1651   1.7374
  1.4347   0.1687   1.8104
  1.4401   0.1723   1.8851
  1.4455   0.1758   1.9614
  1.4455   0.1758   1.9614
  1.4435   0.1667   1.9676
  1.4411   0.1579   1.9773
  1.4388   0.1492   1.9895
  1.4366   0.1406   2.0035
  1.4345   0.1321   2.0190
  1.4325   0.1237   2.0354
  1.4306   0.1153   2.0526
  1.4288   0.1069   2.0703
  1.4271   0.0985   2.0883
  1.4254   0.0901   2.1063
  1.4238   0.0817   2.1242
  1.4223   0.0733   2.1419
  1.4209   0.0649   2.1594
  1.4196   0.0564   2.1764
  1.4183   0.0479   2.1929
  1.4171   0.0393   2.2089
  1.4159   0.0307   2.2244
  1.4148   0.0220   2.2391
  1.4138   0.0133   2.2533
  1.4128   0.0045   2.2667
  1.4119  -0.0043   2.2793
  1.4110  -0.0132   2.2913
  1.4102  -0.0222   2.3025
  1.4095  -0.0312   2.3129
  1.4088  -0.0403   2.3225
  1.4082  -0.0494   2.3313
  1.4076  -0.0586   2.3393
  1.4071  -0.0679   2.3465
  1.4067  -0.0772   2.3530
  1.4063  -0.0866   2.3586
  1.4059  -0.0961   2.3634
  1.4057  -0.1056   2.3674
  1.4055  -0.1152   2.3706
  1.4053  -0.1248   2.3730
  1.4052  -0.1345   2.3746
  1.4052  -0.1443   2.3754
  1.4052  -0.1541   2.3754
  1.4053  -0.1640   2.3747
  1.4054  -0.1740   2.3732
  1.4056  -0.1840   2.3709
  1.4059  -0.1941   2.3678
  1.4062  -0.2042   2.3640
  1.4066  -0.2144   2.3595
  1.4071  -0.2247   2.3542
  1.4076  -0.2350   2.3481
  1.4082  -0.2453   2.3414
  1.4088  -0.2558   2.3339
  1.4096  -0.2663   2.3258
  1.4104  -0.2768   2.3170
  1.4112  -0.2874   2.3075
  1.4121  -0.2981   2.2973
  1.4131  -0.3088   2.2865
  1.4142  -0.3195   2.2752
  1.4153  -0.3304   2.2632
  1.4165  -0.3412   2.2507
  1.4177  -0.3522   2.2377
  1.4190  -0.3632   2.2242
  1.4204  -0.3742   2.2103
  1.4219  -0.3854   2.1961
  1.4234  -0.3965   2.1816
  1.4249  -0.4078   2.1668
  1.4265  -0.4191   2.1520
  1.4282  -0.4304   2.1372
  1.4299  -0.4419   2.1226
  1.4317  -0.4534   2.1083
  1.4335  -0.4649   2.0945
  1.4353  -0.4765   2.0815
  1.4372  -0.4882   2.0696
  1.4353  -0.4917   2.0962
  1.4335  -0.4826   2.0027
  1.4315  -0.4723   1.9055
  1.4295  -0.4618   1.8095
  1.4275  -0.4513   1.7148
  1.4256  -0.4408   1.6213
  1.4237  -0.4303   1.5290
  1.4219  -0.4197   1.4378
  1.4201  -0.4091   1.3478
  1.4183  -0.3985   1.2588
  1.4165  -0.3878   1.1710
  1.4148  -0.3771   1.0842
  1.4131  -0.3664   0.9984
  1.4115  -0.3557   0.9137
  1.4099  -0.3450   0.8299
  1.4084  -0.3342   0.7471
  1.4069  -0.3234   0.6653
  1.4054  -0.3126   0.5844
  1.4040  -0.3017   0.5045
  1.4027  -0.2909   0.4254
  1.4014  -0.2800   0.3473
  1.4001  -0.2691   0.2700
  1.3989  -0.2581   0.1936
  1.3978  -0.2472   0.1181
  1.3967  -0.2362   0.0434
  1.3956  -0.2252  -0.0304
  1.3946  -0.2141  -0.1034
  1.3937  -0.2031  -0.1756
  1.3928  -0.1920  -0.2470
  1.3920  -0.1809  -0.3176
  1.3912  -0.1698  -0.3874
  1.3906  -0.1586  -0.4564
  1.3899  -0.1475  -0.5246
  1.3894  -0.1363  -0.5920
  1.3889  -0.1251  -0.6587
  1.3884  -0.1138  -0.7247
  1.3881  -0.1026  -0.7898
  1.3878  -0.0913  -0.8543
  1.3875  -0.0800  -0.9180
  1.3874  -0.0687  -0.9809
  1.3873  -0.0573  -1.0432
  1.3873  -0.0459  -1.1047
  1.3873  -0.0345  -1.1655
  1.3875  -0.0231  -1.2256
  1.3877  -0.0116  -1.2851
  1.3879  -0.0002  -1.3438
  1.3883   0.0113  -1.4018
  1.3887   0.0229  -1.4592
  1.3892   0.0344  -1.5159
  1.3898   0.0460  -1.5720
  1.3904   0.0576  -1.6274
  1.3912   0.0692  -1.6821
  1.3920   0.0809  -1.7362
  1.3929   0.0925  -1.7897
  1.3938   0.1042  -1.8426
  1.3949   0.1160  -1.8948
  1.3960   0.1277  -1.9465
  1.3972   0.1395  -1.9975
  1.3985   0.1513  -2.0480
  1.3999   0.1631  -2.0979
  1.4013   0.1750  -2.1473
  1.4028   0.1869  -2.1961
  1.4044   0.1988  -2.2443
  1.4061   0.2107  -2.2920
  1.4078   0.2227  -2.3392
  1.4097   0.2347  -2.3859
  1.4116   0.2468  -2.4321
  1.4136   0.2588  -2.4778
  1.4156   0.2709  -2.5230
  1.4178   0.2830  -2.5677
  1.4200   0.2952  -2.6120
  1.4223   0.3074  -2.6558
  1.4223   0.3074  -2.6558
  1.4178   0.2979  -2.5925
  1.4130   0.2888  -2.5223
  1.4084   0.2801  -2.4557
  1.4042   0.2716  -2.3942
  1.4004   0.2634  -2.3375
  1.3968   0.2553  -2.2852
  1.3934   0.2472  -2.2371
  1.3903   0.2393  -2.1926
  1.3874   0.2313  -2.1514
  1.3846   0.2234  -2.1134
  1.3819   0.2154  -2.0783
  1.3793   0.2074  -2.0459
  1.3769   0.1993  -2.0160
  1.3746   0.1911  -1.9885
  1.3724   0.1829  -1.9633
  1.3702   0.1745  -1.9402
  1.3682   0.1661  -1.9192
  1.3662   0.1576  -1.9002
  1.3643   0.1490  -1.8830
  1.3625   0.1403  -1.8677
  1.3608   0.1314  -1.8541
  1.3592   0.1225  -1.8422
  1.3576   0.1135  -1.8319
  1.3561   0.1043  -1.8232
  1.3547   0.0951  -1.8160
  1.3534   0.0858  -1.8103
  1.3522   0.0763  -1.8060
  1.3511   0.0668  -1.8030
  1.3500   0.0572  -1.8014
  1.3491   0.0475  -1.8011
  1.3483   0.0377  -1.8019
  1.3475   0.0279  -1.8040
  1.3469   0.0179  -1.8072
  1.3463   0.0079  -1.8115
  1.3459  -0.0022  -1.8168
  1.3455  -0.0124  -1.8232
  1.3453  -0.0226  -1.8305
  1.3451  -0.0329  -1.8388
  1.3451  -0.0432  -1.8480
  1.3452  -0.0536  -1.8581
  1.3454  -0.0641  -1.8691
  1.3457  -0.0746  -1.8809
  1.3461  -0.0851  -1.8935
  1.3467  -0.0957  -1.9069
  1.3473  -0.1064  -1.9211
  1.3481  -0.1171  -1.9360
  1.3489  -0.1278  -1.9517
  1.3499  -0.1386  -1.9682
  1.3510  -0.1494  -1.9854
  1.3522  -0.1603  -2.0034
  1.3536  -0.1712  -2.0223
  1.3551  -0.1822  -2.0419
  1.3566  -0.1932  -2.0625
  1.3584  -0.2042  -2.0840
  1.3602  -0.2153  -2.1064
  1.3622  -0.2265  -2.1300
  1.3643  -0.2377  -2.1548
  1.3665  -0.2490  -2.1809
  1.3689  -0.2604  -2.2085
  1.3714  -0.2719  -2.2378
  1.3741  -0.2835  -2.2689
  1.3770  -0.2951  -2.3023
  1.3801  -0.3070  -2.3381
  1.3833  -0.3190  -2.3769
  1.3868  -0.3311  -2.4190
  1.3905  -0.3435  -2.4651
  1.3944  -0.3562  -2.5158
  1.3987  -0.3692  -2.5719
  1.4032  -0.3825  -2.6344
  1.4038  -0.3910  -2.6976
  1.4035  -0.3827  -2.6456
  1.4039  -0.3733  -2.5962
  1.4045  -0.3639  -2.5472
  1.4051  -0.3545  -2.4979
  1.4058  -0.3453  -2.4483
  1.4066  -0.3361  -2.3985
  1.4074  -0.3270  -2.3483
  1.4082  -0.3181  -2.2979
  1.4092  -0.3092  -2.2471
  1.4101  -0.3003  -2.1960
  1.4112  -0.2916  -2.1446
  1.4122  -0.2829  -2.0929
  1.4134  -0.2744  -2.0408
  1.4145  -0.2659  -1.9884
  1.4157  -0.2575  -1.9356
  1.4170  -0.2491  -1.8825
  1.4183  -0.2409  -1.8290
  1.4197  -0.2327  -1.7751
  1.4211  -0.2246  -1.7208
  1.4225  -0.2165  -1.6661
  1.4240  -0.2085  -1.6110
  1.4255  -0.2006  -1.5555
  1.4270  -0.1928  -1.4996
  1.4286  -0.1851  -1.4432
  1.4302  -0.1774  -1.3864
  1.4319  -0.1698  -1.3291
  1.4336  -0.1622  -1.2714
  1.4353  -0.1547  -1.2131
  1.4370  -0.1473  -1.1544
  1.4388  -0.1399  -1.0952
  1.4406  -0.1326  -1.0355
  1.4424  -0.1254  -0.9753
  1.4443  -0.1183  -0.9145
  1.4462  -0.1112  -0.8532
  1.4481  -0.1041  -0.7914
  1.4500  -0.0971  -0.7290
  1.4519  -0.0902  -0.6660
  1.4539  -0.0834  -0.6025
  1.4559  -0.0766  -0.5384
  1.4579  -0.0698  -0.4737
  1.4599  -0.0631  -0.4084
  1.4619  -0.0565  -0.3425
  1.4640  -0.0499  -0.2759
  1.4660  -0.0434  -0.2088
  1.4681  -0.0370  -0.1410
  1.4702  -0.0305  -0.0725
  1.4723  -0.0242  -0.0034
  1.4744  -0.0179   0.0663
  1.4766  -0.0116   0.1367
  1.4787  -0.0054   0.2078
  1.4809   0.0007   0.2796
  1.4830   0.0068   0.3521
  1.4852   0.0129   0.4252
  1.4874   0.0189   0.4990
  1.4896   0.0248   0.5736
  1.4917   0.0307   0.6489
  1.4939   0.0366   0.7248
  1.4961   0.0424   0.8015
  1.4984   0.0481   0.8789
  1.5006   0.0538   0.9571
  1.5028   0.0595   1.0359
  1.5050   0.0651   1.1155
  1.5073   0.0707   1.1958
  1.5095   0.0762   1.2769
  1.5117   0.0817   1.3587
  1.5140   0.0872   1.4413
  1.5162   0.0926   1.5245
  1.5185   0.0979   1.6086
  1.5207   0.1032   1.6934
  1.5230   0.1085   1.7789
  1.5253   0.1137   1.8651
  1.5275   0.1189   1.9521
  1.5298   0.1240   2.0399
  1.5321   0.1291   2.1284
  1.5343   0.1341   2.2176
  1.5366   0.1391   2.3076
  1.5389   0.1440   2.3984
  1.5411   0.1489   2.4898
  1.5434   0.1538   2.5820
  1.5434   0.1538   2.5820
  1.5414   0.1448   2.6009
  1.5390   0.1360   2.6249
  1.5368   0.1273   2.6501
  1.5346   0.1188   2.6757
  1.5326   0.1103   2.7015
  1.5306   0.1019   2.7273
  1.5288   0.0935   2.7531
  1.5270   0.0851   2.7787
  1.5253   0.0767   2.8039
  1.5237   0.0683   2.8288
  1.5222   0.0599   2.8532
  1.5207   0.0515   2.8769
  1.5193   0.0430   2.9001
  1.5180   0.0345   2.9226
  1.5168   0.0260   2.9443
  1.5156   0.0174   2.9652
  1.5144   0.0087   2.9853
  1.5133   0.0000   3.0046
  1.5123  -0.0087   3.0230
  1.5113  -0.0175   3.0405
  1.5104  -0.0264   3.0571
  1.5096  -0.0353   3.0728
  1.5087  -0.0442   3.0875
  1.5080  -0.0533   3.1013
  1.5073  -0.0623   3.1141
  1.5066  -0.0715   3.1260
  1.5060  -0.0807   3.1369
  1.5055  -0.0899   3.1468
  1.5050  -0.0993   3.1557
  1.5045  -0.1086   3.1636
  1.5041  -0.1181   3.1706
  1.5038  -0.1276   3.1766
  1.5035  -0.1372   3.1816
  1.5033  -0.1468   3.1856
  1.5031  -0.1565   3.1887
  1.5030  -0.1662   3.1908
  1.5029  -0.1760   3.1919
  1.5029  -0.1859   3.1921
  1.5030  -0.1958   3.1913
  1.5031  -0.2058   3.1895
  1.5032  -0.2158   3.1868
  1.5035  -0.2260   3.1832
  1.5038  -0.2361   3.1786
  1.5041  -0.2463   3.1731
  1.5045  -0.2566   3.1666
  1.5050  -0.2669   3.1593
  1.5055  -0.2773   3.1510
  1.5061  -0.2877   3.1418
  1.5068  -0.2982   3.1317
  1.5075  -0.3088   3.1208
  1.5083  -0.3194   3.1089
  1.5092  -0.3301   3.0962
  1.5101  -0.3408   3.0826
  1.5111  -0.3516   3.0681
  1.5121  -0.3624   3.0528
  1.5132  -0.3733   3.0367
  1.5144  -0.3842   3.0197
  1.5157  -0.3952   3.0020
  1.5170  -0.4063   2.9834
  1.5184  -0.4174   2.9641
  1.5198  -0.4286   2.9441
  1.5213  -0.4398   2.9233
  1.5229  -0.4511   2.9018
  1.5245  -0.4624   2.8797
  1.5261  -0.4738   2.8569
  1.5279  -0.4853   2.8336
  1.5297  -0.4968   2.8096
  1.5315  -0.5083   2.7852
  1.5244  -0.5146   2.8354
  1.5218  -0.5020   2.7141
  1.5193  -0.4878   2.5860
  1.5167  -0.4735   2.4593
  1.5142  -0.4593   2.3347
  1.5117  -0.4451   2.2121
  1.5092  -0.4309   2.0916
  1.5068  -0.4168   1.9730
  1.5044  -0.4027   1.8563
  1.5020  -0.3886   1.7415
  1.4996  -0.3746   1.6286
  1.4973  -0.3605   1.5175
  1.4949  -0.3466   1.4081
  1.4927  -0.3326   1.3005
  1.4904  -0.3187   1.1947
  1.4882  -0.3048   1.0905
  1.4860  -0.2910   0.9879
  1.4839  -0.2772   0.8870
  1.4817  -0.2634   0.7877
  1.4797  -0.2497   0.6900
  1.4777  -0.2360   0.5939
  1.4757  -0.2223   0.4993
  1.4737  -0.2087   0.4062
  1.4718  -0.1951   0.3146
  1.4700  -0.1816   0.2245
  1.4682  -0.1680   0.1359
  1.4664  -0.1546   0.0487
  1.4647  -0.1411  -0.0371
  1.4631  -0.1277  -0.1214
  1.4615  -0.1143  -0.2043
  1.4600  -0.1010  -0.2858
  1.4585  -0.0877  -0.3660
  1.4570  -0.0745  -0.4448
  1.4557  -0.0613  -0.5222
  1.4543  -0.0481  -0.5983
  1.4531  -0.0350  -0.6731
  1.4519  -0.0219  -0.7466
  1.4507  -0.0089  -0.8187
  1.4497   0.0041  -0.8896
  1.4486   0.0171  -0.9592
  1.4477   0.0300  -1.0275
  1.4468   0.0428  -1.0945
  1.4459   0.0556  -1.1603
  1.4452   0.0684  -1.2248
  1.4444   0.0811  -1.2881
  1.4438   0.0938  -1.3502
  1.4432   0.1064  -1.4111
  1.4427   0.1190  -1.4707
  1.4422   0.1315  -1.5292
  1.4418   0.1440  -1.5864
  1.4415   0.1565  -1.6425
  1.4412   0.1689  -1.6974
  1.4410   0.1812  -1.7511
  1.4408   0.1935  -1.8037
  1.4407   0.2057  -1.8551
  1.4407   0.2179  -1.9054
  1.4407   0.2301  -1.9546
  1.4408   0.2422  -2.0026
  1.4409   0.2542  -2.0496
  1.4411   0.2662  -2.0954
  1.4413   0.2782  -2.1401
  1.4417   0.2901  -2.1838
  1.4420   0.3020  -2.2264
  1.4424   0.3138  -2.2679
  1.4429   0.3255  -2.3083
  1.4434   0.3372  -2.3477
  1.4440   0.3489  -2.3861
  1.4446   0.3605  -2.4234
  1.4453   0.3721  -2.4598
  1.4460   0.3836  -2.4950
  1.4468   0.3951  -2.5293
  1.4476   0.4066  -2.5626
  1.4476   0.4066  -2.5626
  1.4429   0.3979  -2.5011
  1.4377   0.3899  -2.4322
  1.4328   0.3821  -2.3661
  1.4283   0.3745  -2.3045
  1.4241   0.3670  -2.2471
  1.4203   0.3596  -2.1939
  1.4166   0.3523  -2.1444
  1.4132   0.3450  -2.0985
  1.4100   0.3376  -2.0558
  1.4070   0.3302  -2.0162
  1.4041   0.3228  -1.9794
  1.4013   0.3153  -1.9453
  1.3987   0.3077  -1.9138
  1.3962   0.2999  -1.8847
  1.3937   0.2921  -1.8580
  1.3914   0.2842  -1.8335
  1.3892   0.2761  -1.8111
  1.3870   0.2680  -1.7909
  1.3850   0.2597  -1.7726
  1.3830   0.2512  -1.7562
  1.3811   0.2427  -1.7417
  1.3793   0.2340  -1.7290
  1.3776   0.2252  -1.7181
  1.3759   0.2162  -1.7088
  1.3744   0.2072  -1.7012
  1.3729   0.1980  -1.6951
  1.3715   0.1887  -1.6906
  1.3703   0.1793  -1.6875
  1.3691   0.1697  -1.6859
  1.3680   0.1601  -1.6856
  1.3671   0.1503  -1.6867
  1.3662   0.1405  -1.6890
  1.3654   0.1305  -1.6926
  1.3648   0.1204  -1.6973
  1.3642   0.1103  -1.7032
  1.3638   0.1001  -1.7102
  1.3635   0.0897  -1.7182
  1.3633   0.0793  -1.7273
  1.3632   0.0688  -1.7373
  1.3633   0.0583  -1.7483
  1.3635   0.0477  -1.7602
  1.3638   0.0370  -1.7729
  1.3642   0.0262  -1.7866
  1.3648   0.0154  -1.8011
  1.3654   0.0045  -1.8163
  1.3663  -0.0064  -1.8324
  1.3672  -0.0174  -1.8493
  1.3683  -0.0285  -1.8670
  1.3695  -0.0396  -1.8854
  1.3708  -0.0508  -1.9047
  1.3723  -0.0620  -1.9248
  1.3740  -0.0733  -1.9457
  1.3757  -0.0846  -1.9676
  1.3776  -0.0960  -1.9903
  1.3797  -0.1075  -2.0140
  1.3819  -0.1191  -2.0389
  1.3843  -0.1307  -2.0648
  1.3868  -0.1424  -2.0921
  1.3895  -0.1543  -2.1208
  1.3923  -0.1662  -2.1511
  1.3953  -0.1783  -2.1832
  1.3985  -0.1905  -2.2173
  1.4019  -0.2029  -2.2538
  1.4055  -0.2155  -2.2929
  1.4094  -0.2283  -2.3352
  1.4135  -0.2414  -2.3811
  1.4178  -0.2549  -2.4312
  1.4225  -0.2687  -2.4861
  1.4217  -0.2811  -2.5767
  1.4216  -0.2734  -2.5314
  1.4222  -0.2646  -2.4880
  1.4229  -0.2558  -2.4447
  1.4236  -0.2471  -2.4010
  1.4244  -0.2385  -2.3569
  1.4253  -0.2300  -2.3124
  1.4262  -0.2216  -2.2675
  1.4271  -0.2132  -2.2221
  1.4281  -0.2049  -2.1764
  1.4291  -0.1968  -2.1302
  1.4302  -0.1887  -2.0836
  1.4313  -0.1806  -2.0366
  1.4325  -0.1727  -1.9891
  1.4336  -0.1648  -1.9412
  1.4349  -0.1570  -1.8928
  1.4361  -0.1493  -1.8440
  1.4375  -0.1417  -1.7948
  1.4388  -0.1341  -1.7450
  1.4402  -0.1266  -1.6949
  1.4416  -0.1192  -1.6442
  1.4430  -0.1118  -1.5931
  1.4445  -0.1045  -1.5414
  1.4460  -0.0973  -1.4893
  1.4475  -0.0902  -1.4367
  1.4490  -0.0831  -1.3835
  1.4506  -0.0761  -1.3299
  1.4522  -0.0692  -1.2757
  1.4538  -0.0623  -1.2210
  1.4555  -0.0555  -1.1657
  1.4572  -0.0487  -1.1099
  1.4588  -0.0421  -1.0535
  1.4606  -0.0354  -0.9966
  1.4623  -0.0289  -0.9391
  1.4640  -0.0224  -0.8810
  1.4658  -0.0159  -0.8223
  1.4675  -0.0096  -0.7630
  1.4693  -0.0032  -0.7031
  1.4711   0.0030  -0.6426
  1.4729   0.0092  -0.5814
  1.4748   0.0154  -0.5196
  1.4766   0.0215  -0.4572
  1.4784   0.0275  -0.3941
  1.4803   0.0335  -0.3304
  1.4821   0.0394  -0.2660
  1.4840   0.0453  -0.2009
  1.4859   0.0511  -0.1351
  1.4878   0.0568  -0.0686
  1.4896   0.0626  -0.0015
  1.4915   0.0682   0.0664
  1.4934   0.0738   0.1349
  1.4953   0.0794   0.2042
  1.4972   0.0849   0.2742
  1.4991   0.0904   0.3450
  1.5010   0.0958   0.4164
  1.5029   0.1012   0.4887
  1.5048   0.1065   0.5616
  1.5067   0.1118   0.6353
  1.5086   0.1170   0.7098
  1.5105   0.1222   0.7850
  1.5124   0.1273   0.8609
  1.5143   0.1324   0.9377
  1.5162   0.1375   1.0152
  1.5181   0.1425   1.0934
  1.5200   0.1475   1.1725
  1.5219   0.1524   1.2523
  1.5238   0.1573   1.3328
  1.5257   0.1621   1.4142
  1.5276   0.1669   1.4963
  1.5295   0.1716   1.5792
  1.5314   0.1763   1.6629
  1.5333   0.1810   1.7473
  1.5352   0.1856   1.8326
  1.5370   0.1902   1.9186
  1.5389   0.1947   2.0053
  1.5408   0.1992   2.0929
  1.5427   0.2036   2.1812
  1.5445   0.2080   2.2703
  1.5464   0.2123   2.3601
  1.5482   0.2166   2.4507
  1.5482   0.2166   2.4507
  1.5462   0.2077   2.4704
  1.5439   0.1989   2.4953
  1.5416   0.1903   2.5213
  1.5394   0.1818   2.5475
  1.5374   0.1734   2.5739
  1.5354   0.1650   2.6002
  1.5335   0.1567   2.6264
  1.5318   0.1483   2.6524
  1.5301   0.1400   2.6780
  1.5285   0.1316   2.7031
  1.5269   0.1232   2.7278
  1.5255   0.1148   2.7518
  1.5241   0.1064   2.7752
  1.5227   0.0979   2.7979
  1.5214   0.0894   2.8199
  1.5202   0.0808   2.8411
  1.5191   0.0722   2.8614
  1.5180   0.0635   2.8809
  1.5170   0.0548   2.8995
  1.5160   0.0460   2.9172
  1.5151   0.0372   2.9340
  1.5142   0.0283   2.9499
  1.5134   0.0194   2.9649
  1.5126   0.0104   2.9789
  1.5119   0.0013   2.9919
  1.5112  -0.0078   3.0040
  1.5106  -0.0170   3.0152
  1.5101  -0.0262   3.0253
  1.5095  -0.0355   3.0345
  1.5091  -0.0449   3.0427
  1.5087  -0.0543   3.0500
  1.5083  -0.0638   3.0562
  1.5080  -0.0733   3.0615
  1.5078  -0.0829   3.0659
  1.5076  -0.0926   3.0692
  1.5075  -0.1023   3.0716
  1.5074  -0.1121   3.0730
  1.5074  -0.1220   3.0735
  1.5074  -0.1319   3.0730
  1.5075  -0.1418   3.0716
  1.5076  -0.1519   3.0692
  1.5079  -0.1619   3.0659
  1.5081  -0.1721   3.0617
  1.5085  -0.1823   3.0565
  1.5088  -0.1925   3.0504
  1.5093  -0.2028   3.0434
  1.5098  -0.2132   3.0355
  1.5104  -0.2236   3.0266
  1.5110  -0.2341   3.0169
  1.5117  -0.2447   3.0063
  1.5125  -0.2553   2.9948
  1.5133  -0.2659   2.9824
  1.5142  -0.2766   2.9691
  1.5152  -0.2874   2.9550
  1.5162  -0.2982   2.9400
  1.5173  -0.3091   2.9242
  1.5185  -0.3200   2.9076
  1.5197  -0.3310   2.8901
  1.5210  -0.3421   2.8718
  1.5223  -0.3532   2.8527
  1.5237  -0.3643   2.8329
  1.5252  -0.3756   2.8123
  1.5267  -0.3868   2.7909
  1.5283  -0.3982   2.7689
  1.5299  -0.4096   2.7461
  1.5316  -0.4210   2.7227
  1.5334  -0.4325   2.6986
  1.5352  -0.4441   2.6738
  1.5277  -0.4505   2.7255
  1.5252  -0.4388   2.6070
  1.5227  -0.4256   2.4816
  1.5202  -0.4124   2.3576
  1.5177  -0.3991   2.2355
  1.5153  -0.3859   2.1155
  1.5129  -0.3727   1.9974
  1.5105  -0.3595   1.8812
  1.5081  -0.3463   1.7669
  1.5057  -0.3332   1.6544
  1.5033  -0.3201   1.5437
  1.5010  -0.3070   1.4348
  1.4987  -0.2939   1.3276
  1.4965  -0.2809   1.2222
  1.4942  -0.2679   1.1184
  1.4920  -0.2549   1.0162
  1.4898  -0.2419   0.9156
  1.4877  -0.2290   0.8167
  1.4856  -0.2161   0.7193
  1.4835  -0.2032   0.6235
  1.4815  -0.1904   0.5292
  1.4795  -0.1776   0.4364
  1.4775  -0.1648   0.3451
  1.4756  -0.1521   0.2553
  1.4737  -0.1393   0.1669
  1.4719  -0.1266   0.0799
  1.4701  -0.1140  -0.0056
  1.4684  -0.1014  -0.0897
  1.4667  -0.0888  -0.1725
  1.4651  -0.0762  -0.2538
  1.4635  -0.0637  -0.3338
  1.4619  -0.0512  -0.4125
  1.4604  -0.0387  -0.4898
  1.4590  -0.0263  -0.5658
  1.4576  -0.0139  -0.6405
  1.4563  -0.0016  -0.7138
  1.4550   0.0107  -0.7859
  1.4538   0.0230  -0.8567
  1.4527   0.0352  -0.9262
  1.4516   0.0474  -0.9944
  1.4505   0.0596  -1.0614
  1.4495   0.0717  -1.1272
  1.4486   0.0838  -1.1917
  1.4477   0.0958  -1.2550
  1.4469   0.1078  -1.3171
  1.4462   0.1198  -1.3779
  1.4455   0.1317  -1.4376
  1.4448   0.1436  -1.4960
  1.4443   0.1554  -1.5533
  1.4437   0.1672  -1.6094
  1.4433   0.1790  -1.6644
  1.4429   0.1907  -1.7181
  1.4425   0.2023  -1.7708
  1.4423   0.2140  -1.8222
  1.4420   0.2255  -1.8726
  1.4419   0.2371  -1.9218
  1.4417   0.2486  -1.9699
  1.4417   0.2600  -2.0169
  1.4417   0.2714  -2.0628
  1.4417   0.2828  -2.1076
  1.4419   0.2941  -2.1513
  1.4420   0.3054  -2.1939
  1.4422   0.3166  -2.2355
  1.4425   0.3278  -2.2760
  1.4428   0.3389  -2.3155
  1.4432   0.3500  -2.3539
  1.4436   0.3611  -2.3913
  1.4441   0.3721  -2.4277
  1.4446   0.3831  -2.4630
  1.4451   0.3940  -2.4974
  1.4457   0.4049  -2.5307
  1.4464   0.4157  -2.5630
  1.4464   0.4157  -2.5630
  1.4417   0.4071  -2.5018
  1.4366   0.3991  -2.4332
  1.4318   0.3913  -2.3675
  1.4273   0.3837  -2.3061
  1.4232   0.3762  -2.2491
  1.4194   0.3689  -2.1962
  1.4158   0.3615  -2.1471
  1.4124   0.3542  -2.1014
  1.4092   0.3468  -2.0590
  1.4062   0.3394  -2.0197
  1.4034   0.3319  -1.9832
  1.4006   0.3244  -1.9494
  1.3980   0.3168  -1.9181
  1.3955   0.3090  -1.8893
  1.3931   0.3012  -1.8627
  1.3908   0.2932  -1.8384
  1.3886   0.2852  -1.8163
  1.3865   0.2770  -1.7962
  1.3844   0.2687  -1.7780
  1.3825   0.2602  -1.7618
  1.3806   0.2516  -1.7474
  1.3788   0.2429  -1.7348
  1.3771   0.2341  -1.7239
  1.3755   0.2252  -1.7147
  1.3739   0.2161  -1.7071
  1.3725   0.2069  -1.7010
  1.3711   0.1976  -1.6965
  1.3699   0.1882  -1.6934
  1.3687   0.1786  -1.6918
  1.3676   0.1690  -1.6915
  1.3667   0.1592  -1.6925
  1.3658   0.1493  -1.6947
  1.3650   0.1394  -1.6982
  1.3644   0.1293  -1.7029
  1.3639   0.1192  -1.7086
  1.3634   0.1089  -1.7155
  1.3631   0.0986  -1.7234
  1.3629   0.0882  -1.7324
  1.3629   0.0777  -1.7423
  1.3629   0.0672  -1.7531
  1.3631   0.0566  -1.7649
  1.3634   0.0459  -1.7775
  1.3638   0.0351  -1.7910
  1.3643   0.0243  -1.8054
  1.3650   0.0134  -1.8205
  1.3658   0.0025  -1.8364
  1.3667  -0.0085  -1.8532
  1.3678  -0.0196  -1.8707
  1.3690  -0.0307  -1.8890
  1.3703  -0.0418  -1.9081
  1.3718  -0.0530  -1.9281
  1.3734  -0.0643  -1.9488
  1.3752  -0.0756  -1.9705
  1.3770  -0.0870  -1.9931
  1.3791  -0.0985  -2.0167
  1.3812  -0.1100  -2.0413
  1.3836  -0.1217  -2.0672
  1.3861  -0.1334  -2.0943
  1.3887  -0.1452  -2.1228
  1.3915  -0.1571  -2.1529
  1.3945  -0.1692  -2.1848
  1.3977  -0.1814  -2.2187
  1.4010  -0.1937  -2.2550
  1.4046  -0.2063  -2.2939
  1.4084  -0.2191  -2.3359
  1.4124  -0.2321  -2.3815
  1.4167  -0.2455  -2.4313
  1.4213  -0.2593  -2.4859
  1.4205  -0.2716  -2.5758
  1.4204  -0.2641  -2.5304
  1.4210  -0.2555  -2.4868
  1.4217  -0.2469  -2.4433
  1.4225  -0.2383  -2.3995
  1.4233  -0.2299  -2.3552
  1.4241  -0.2215  -2.3106
  1.4250  -0.2133  -2.2655
  1.4260  -0.2051  -2.2200
  1.4270  -0.1970  -2.1741
  1.4280  -0.1890  -2.1278
  1.4291  -0.1810  -2.0810
  1.4302  -0.1732  -2.0339
  1.4314  -0.1654  -1.9863
  1.4326  -0.1577  -1.9383
  1.4338  -0.1501  -1.8898
  1.4351  -0.1425  -1.8409
  1.4364  -0.1350  -1.7915
  1.4377  -0.1276  -1.7417
  1.4391  -0.1203  -1.6914
  1.4405  -0.1130  -1.6406
  1.4420  -0.1058  -1.5894
  1.4434  -0.0987  -1.5377
  1.4449  -0.0916  -1.4855
  1.4464  -0.0846  -1.4328
  1.4480  -0.0777  -1.3796
  1.4496  -0.0708  -1.3259
  1.4512  -0.0641  -1.2716
  1.4528  -0.0573  -1.2168
  1.4544  -0.0507  -1.1615
  1.4561  -0.0441  -1.1057
  1.4578  -0.0375  -1.0492
  1.4595  -0.0310  -0.9923
  1.4612  -0.0246  -0.9347
  1.4630  -0.0182  -0.8766
  1.4647  -0.0119  -0.8179
  1.4665  -0.0057  -0.7585
  1.4683   0.0005  -0.6986
  1.4701   0.0066  -0.6381
  1.4719   0.0127  -0.5769
  1.4737   0.0187  -0.5152
  1.4756   0.0247  -0.4527
  1.4774   0.0306  -0.3897
  1.4793   0.0364  -0.3259
  1.4811   0.0422  -0.2616
  1.4830   0.0480  -0.1965
  1.4849   0.0537  -0.1308
  1.4867   0.0593  -0.0644
  1.4886   0.0649   0.0027
  1.4905   0.0705   0.0705
  1.4924   0.0760   0.1390
  1.4943   0.0814   0.2082
  1.4962   0.0868   0.2782
  1.4981   0.0922   0.3488
  1.5000   0.0975   0.4202
  1.5019   0.1027   0.4923
  1.5039   0.1079   0.5651
  1.5058   0.1131   0.6387
  1.5077   0.1182   0.7130
  1.5096   0.1233   0.7881
  1.5115   0.1284   0.8639
  1.5134   0.1334   0.9405
  1.5154   0.1383   1.0178
  1.5173   0.1432   1.0959
  1.5192   0.1481   1.1747
  1.5211   0.1529   1.2543
  1.5230   0.1577   1.3347
  1.5249   0.1624   1.4158
  1.5268   0.1671   1.4977
  1.5287   0.1717   1.5804
  1.5306   0.1764   1.6638
  1.5325   0.1809   1.7480
  1.5344   0.1854   1.8329
  1.5363   0.1899   1.9186
  1.5382   0.1943   2.0051
  1.5401   0.1987   2.0924
  1.5420   0.2031   2.1804
  1.5439   0.2074   2.2691
  1.5458   0.2116   2.3587
  1.5477   0.2159   2.4490
  1.5477   0.2159   2.4490
  1.5456   0.2069   2.4684
  1.5433   0.1982   2.4931
  1.5410   0.1896   2.5190
  1.5388   0.1811   2.5451
  1.5367   0.1727   2.5713
  1.5348   0.1643   2.5976
  1.5329   0.1560   2.6237
  1.5311   0.1477   2.6496
  1.5294   0.1393   2.6752
  1.5278   0.1310   2.7003
  1.5262   0.1226   2.7249
  1.5247   0.1142   2.7489
  1.5233   0.1058   2.7723
  1.5220   0.0973   2.7950
  1.5207   0.0888   2.8169
  1.5195   0.0802   2.8380
  1.5183   0.0716   2.8583
  1.5172   0.0630   2.8778
  1.5162   0.0543   2.8964
  1.5152   0.0455   2.9141
  1.5143   0.0367   2.9308
  1.5134   0.0278   2.9467
  1.5126   0.0189   2.9616
  1.5118   0.0099   2.9756
  1.5111   0.0008   2.9886
  1.5104  -0.0083   3.0006
  1.5098  -0.0174   3.0117
  1.5093  -0.0267   3.0218
  1.5088  -0.0360   3.0309
  1.5083  -0.0453   3.0390
  1.5079  -0.0548   3.0462
  1.5075  -0.0642   3.0524
  1.5073  -0.0738   3.0576
  1.5070  -0.0834   3.0618
  1.5068  -0.0931   3.0651
  1.5067  -0.1028   3.0674
  1.5066  -0.1126   3.0687
  1.5066  -0.1224   3.0691
  1.5067  -0.1324   3.0685
  1.5068  -0.1423   3.0670
  1.5069  -0.1524   3.0645
  1.5071  -0.1624   3.0611
  1.5074  -0.1726   3.0568
  1.5077  -0.1828   3.0515
  1.5081  -0.1931   3.0453
  1.5086  -0.2034   3.0382
  1.5091  -0.2138   3.0301
  1.5097  -0.2242   3.0212
  1.5104  -0.2347   3.0113
  1.5111  -0.2452   3.0006
  1.5119  -0.2558   2.9890
  1.5127  -0.2665   2.9765
  1.5136  -0.2772   2.9631
  1.5146  -0.2880   2.9489
  1.5157  -0.2988   2.9338
  1.5168  -0.3097   2.9179
  1.5179  -0.3207   2.9012
  1.5192  -0.3317   2.8836
  1.5205  -0.3428   2.8652
  1.5218  -0.3539   2.8461
  1.5233  -0.3651   2.8262
  1.5248  -0.3763   2.8055
  1.5263  -0.3876   2.7841
  1.5279  -0.3990   2.7621
  1.5296  -0.4104   2.7393
  1.5313  -0.4219   2.7159
  1.5331  -0.4334   2.6918
  1.5349  -0.4450   2.6672
  1.5276  -0.4514   2.7182
  1.5251  -0.4398   2.6001
  1.5226  -0.4267   2.4751
  1.5201  -0.4135   2.3515
  1.5177  -0.4003   2.2299
  1.5152  -0.3872   2.1103
  1.5128  -0.3741   1.9926
  1.5104  -0.3610   1.8769
  1.5080  -0.3479   1.7629
  1.5056  -0.3348   1.6509
  1.5032  -0.3218   1.5405
  1.5009  -0.3088   1.4320
  1.4986  -0.2958   1.3252
  1.4963  -0.2829   1.2200
  1.4941  -0.2699   1.1166
  1.4919  -0.2570   1.0147
  1.4897  -0.2442   0.9145
  1.4875  -0.2313   0.8158
  1.4854  -0.2185   0.7188
  1.4833  -0.2057   0.6232
  1.4813  -0.1929   0.5292
  1.4793  -0.1802   0.4366
  1.4773  -0.1675   0.3456
  1.4754  -0.1548   0.2560
  1.4735  -0.1421   0.1678
  1.4717  -0.1295   0.0811
  1.4699  -0.1169  -0.0042
  1.4682  -0.1043  -0.0882
  1.4665  -0.0918  -0.1707
  1.4648  -0.0793  -0.2519
  1.4633  -0.0668  -0.3317
  1.4617  -0.0544  -0.4102
  1.4602  -0.0420  -0.4874
  1.4588  -0.0296  -0.5633
  1.4574  -0.0172  -0.6378
  1.4561  -0.0049  -0.7111
  1.4548   0.0073  -0.7830
  1.4536   0.0196  -0.8538
  1.4524   0.0318  -0.9232
  1.4513   0.0439  -0.9914
  1.4503   0.0561  -1.0583
  1.4493   0.0681  -1.1241
  1.4483   0.0802  -1.1886
  1.4475   0.0922  -1.2519
  1.4466   0.1042  -1.3139
  1.4459   0.1161  -1.3748
  1.4452   0.1280  -1.4345
  1.4446   0.1399  -1.4930
  1.4440   0.1517  -1.5504
  1.4435   0.1634  -1.6065
  1.4430   0.1752  -1.6616
  1.4426   0.1869  -1.7154
  1.4423   0.1985  -1.7682
  1.4420   0.2101  -1.8198
  1.4417   0.2217  -1.8703
  1.4416   0.2332  -1.9197
  1.4415   0.2447  -1.9679
  1.4414   0.2561  -2.0151
  1.4414   0.2675  -2.0612
  1.4415   0.2789  -2.1062
  1.4416   0.2902  -2.1502
  1.4417   0.3015  -2.1930
  1.4419   0.3127  -2.2349
  1.4422   0.3239  -2.2757
  1.4425   0.3350  -2.3154
  1.4429   0.3461  -2.3541
  1.4433   0.3572  -2.3918
  1.4438   0.3682  -2.4285
  1.4443   0.3792  -2.4642
  1.4449   0.3902  -2.4989
  1.4455   0.4011  -2.5326
  1.4461   0.4120  -2.5652
  1.4461   0.4120  -2.5652
  1.4415   0.4033  -2.5040
  1.4364   0.3952  -2.4353
  1.4316   0.3874  -2.3696
  1.4271   0.3798  -2.3082
  1.4230   0.3723  -2.2512
  1.4192   0.3649  -2.1983
  1.4156   0.3575  -2.1492
  1.4122   0.3502  -2.1035
  1.4091   0.3428  -2.0612
  1.4061   0.3354  -2.0218
  1.4032   0.3279  -1.9853
  1.4005   0.3203  -1.9516
  1.3979   0.3127  -1.9203
  1.3954   0.3049  -1.8915
  1.3930   0.2971  -1.8650
  1.3907   0.2891  -1.8407
  1.3885   0.2810  -1.8186
  1.3863   0.2728  -1.7985
  1.3843   0.2645  -1.7804
  1.3823   0.2561  -1.7642
  1.3805   0.2475  -1.7498
  1.3787   0.2388  -1.7372
  1.3770   0.2299  -1.7263
  1.3754   0.2210  -1.7171
  1.3738   0.2119  -1.7095
  1.3724   0.2027  -1.7035
  1.3710   0.1934  -1.6990
  1.3698   0.1840  -1.6959
  1.3686   0.1744  -1.6942
  1.3676   0.1648  -1.6939
  1.3666   0.1550  -1.6949
  1.3657   0.1451  -1.6972
  1.3650   0.1352  -1.7006
  1.3643   0.1251  -1.7053
  1.3638   0.1150  -1.7111
  1.3634   0.1047  -1.7179
  1.3631   0.0944  -1.7258
  1.3629   0.0840  -1.7348
  1.3628   0.0736  -1.7446
  1.3629   0.0630  -1.7555
  1.3630   0.0524  -1.7672
  1.3633   0.0417  -1.7798
  1.3638   0.0310  -1.7933
  1.3643   0.0202  -1.8076
  1.3650   0.0093  -1.8227
  1.3658  -0.0016  -1.8386
  1.3667  -0.0126  -1.8553
  1.3678  -0.0236  -1.8728
  1.3690  -0.0347  -1.8911
  1.3703  -0.0459  -1.9102
  1.3717  -0.0571  -1.9301
  1.3733  -0.0683  -1.9509
  1.3751  -0.0797  -1.9725
  1.3770  -0.0910  -1.9950
  1.3790  -0.1025  -2.0186
  1.3812  -0.1140  -2.0432
  1.3835  -0.1256  -2.0690
  1.3860  -0.1373  -2.0961
  1.3886  -0.1491  -2.1246
  1.3914  -0.1610  -2.1547
  1.3944  -0.1730  -2.1865
  1.3975  -0.1852  -2.2205
  1.4009  -0.1976  -2.2567
  1.4044  -0.2101  -2.2957
  1.4082  -0.2229  -2.3377
  1.4122  -0.2359  -2.3833
  1.4165  -0.2492  -2.4331
  1.4211  -0.2630  -2.4878
  1.4203  -0.2752  -2.5770
  1.4202  -0.2677  -2.5314
  1.4208  -0.2590  -2.4877
  1.4215  -0.2504  -2.4441
  1.4223  -0.2419  -2.4002
  1.4231  -0.2334  -2.3558
  1.4239  -0.2250  -2.3111
  1.4248  -0.2168  -2.2659
  1.4258  -0.2086  -2.2203
  1.4268  -0.2005  -2.1743
  1.4278  -0.1924  -2.1279
  1.4289  -0.1845  -2.0811
  1.4300  -0.1766  -2.0338
  1.4312  -0.1688  -1.9861
  1.4324  -0.1611  -1.9380
  1.4336  -0.1534  -1.8895
  1.4349  -0.1459  -1.8404
  1.4362  -0.1384  -1.7910
  1.4375  -0.1310  -1.7411
  1.4389  -0.1236  -1.6907
  1.4403  -0.1163  -1.6399
  1.4417  -0.1091  -1.5886
  1.4432  -0.1020  -1.5368
  1.4447  -0.0949  -1.4845
  1.4462  -0.0879  -1.4317
  1.4478  -0.0810  -1.3784
  1.4493  -0.0741  -1.3246
  1.4509  -0.0673  -1.2703
  1.4526  -0.0605  -1.2154
  1.4542  -0.0539  -1.1600
  1.4559  -0.0472  -1.1041
  1.4576  -0.0407  -1.0476
  1.4593  -0.0342  -0.9905
  1.4610  -0.0278  -0.9329
  1.4628  -0.0214  -0.8747
  1.4645  -0.0151  -0.8159
  1.4663  -0.0088  -0.7565
  1.4681  -0.0026  -0.6965
  1.4699   0.0035  -0.6359
  1.4717   0.0096  -0.5747
  1.4735   0.0156  -0.5128
  1.4754   0.0216  -0.4503
  1.4772   0.0275  -0.3872
  1.4791   0.0334  -0.3234
  1.4809   0.0392  -0.2590
  1.4828   0.0450  -0.1938
  1.4847   0.0507  -0.1280
  1.4866   0.0564  -0.0616
  1.4884   0.0620   0.0056
  1.4903   0.0675   0.0735
  1.4922   0.0730   0.1421
  1.4941   0.0785   0.2113
  1.4961   0.0839   0.2813
  1.4980   0.0893   0.3520
  1.4999   0.0946   0.4235
  1.5018   0.0999   0.4956
  1.5037   0.1051   0.5685
  1.5056   0.1103   0.6422
  1.5075   0.1154   0.7166
  1.5095   0.1205   0.7917
  1.5114   0.1256   0.8676
  1.5133   0.1306   0.9442
  1.5152   0.1356   1.0216
  1.5172   0.1405   1.0998
  1.5191   0.1454   1.1787
  1.5210   0.1502   1.2584
  1.5229   0.1550   1.3388
  1.5248   0.1597   1.4200
  1.5267   0.1645   1.5020
  1.5287   0.1691   1.5847
  1.5306   0.1737   1.6682
  1.5325   0.1783   1.7524
  1.5344   0.1829   1.8375
  1.5363   0.1873   1.9233
  1.5382   0.1918   2.0098
  1.5401   0.1962   2.0971
  1.5420   0.2006   2.1852
  1.5439   0.2049   2.2741
  1.5458   0.2092   2.3637
  1.5477   0.2134   2.4541
  1.5477   0.2134   2.4541
  1.5456   0.2045   2.4735
  1.5433   0.1957   2.4981
  1.5410   0.1871   2.5239
  1.5388   0.1786   2.5500
  1.5367   0.1702   2.5762
  1.5347   0.1619   2.6024
  1.5329   0.1535   2.6285
  1.5311   0.1452   2.6543
  1.5294   0.1368   2.6799
  1.5277   0.1285   2.7050
  1.5262   0.1201   2.7295
  1.5247   0.1117   2.7535
  1.5233   0.1033   2.7769
  1.5220   0.0948   2.7995
  1.5207   0.0863   2.8214
  1.5195   0.0777   2.8426
  1.5183   0.0691   2.8628
  1.5172   0.0605   2.8823
  1.5162   0.0518   2.9009
  1.5152   0.0430   2.9185
  1.5142   0.0342   2.9353
  1.5134   0.0253   2.9511
  1.5126   0.0164   2.9660
  1.5118   0.0074   2.9799
  1.5111  -0.0017   2.9929
  1.5104  -0.0108   3.0049
  1.5098  -0.0200   3.0160
  1.5092  -0.0292   3.0261
  1.5087  -0.0385   3.0352
  1.5083  -0.0478   3.0433
  1.5079  -0.0573   3.0505
  1.5075  -0.0668   3.0567
  1.5072  -0.0763   3.0619
  1.5070  -0.0859   3.0661
  1.5068  -0.0956   3.0693
  1.5067  -0.1053   3.0716
  1.5066  -0.1151   3.0730
  1.5066  -0.1250   3.0733
  1.5066  -0.1349   3.0728
  1.5067  -0.1448   3.0712
  1.5069  -0.1549   3.0687
  1.5071  -0.1650   3.0653
  1.5074  -0.1751   3.0610
  1.5077  -0.1853   3.0557
  1.5081  -0.1956   3.0495
  1.5086  -0.2059   3.0423
  1.5091  -0.2163   3.0343
  1.5097  -0.2267   3.0254
  1.5104  -0.2372   3.0155
  1.5111  -0.2478   3.0048
  1.5119  -0.2584   2.9931
  1.5127  -0.2690   2.9806
  1.5136  -0.2797   2.9673
  1.5146  -0.2905   2.9531
  1.5157  -0.3014   2.9380
  1.5168  -0.3122   2.9221
  1.5180  -0.3232   2.9053
  1.5192  -0.3342   2.8878
  1.5205  -0.3453   2.8694
  1.5219  -0.3564   2.8503
  1.5233  -0.3676   2.8304
  1.5248  -0.3788   2.8097
  1.5263  -0.3902   2.7884
  1.5279  -0.4015   2.7663
  1.5296  -0.4129   2.7435
  1.5313  -0.4244   2.7202
  1.5331  -0.4359   2.6961
  1.5349  -0.4475   2.6715
  1.5277  -0.4539   2.7225
  1.5252  -0.4422   2.6043
  1.5226  -0.4291   2.4793
  1.5201  -0.4159   2.3556
  1.5177  -0.4027   2.2339
  1.5152  -0.3895   2.1142
  1.5128  -0.3764   1.9964
  1.5104  -0.3632   1.8806
  1.5080  -0.3501   1.7666
  1.5056  -0.3370   1.6544
  1.5032  -0.3240   1.5440
  1.5009  -0.3109   1.4354
  1.4986  -0.2979   1.3285
  1.4963  -0.2849   1.2233
  1.4941  -0.2720   1.1197
  1.4919  -0.2590   1.0178
  1.4897  -0.2461   0.9175
  1.4875  -0.2332   0.8188
  1.4854  -0.2204   0.7216
  1.4833  -0.2076   0.6260
  1.4813  -0.1948   0.5319
  1.4793  -0.1820   0.4393
  1.4773  -0.1692   0.3481
  1.4754  -0.1565   0.2584
  1.4735  -0.1438   0.1702
  1.4717  -0.1312   0.0834
  1.4699  -0.1186  -0.0020
  1.4682  -0.1060  -0.0860
  1.4665  -0.0934  -0.1686
  1.4648  -0.0809  -0.2499
  1.4632  -0.0684  -0.3298
  1.4617  -0.0559  -0.4084
  1.4602  -0.0435  -0.4856
  1.4587  -0.0311  -0.5616
  1.4574  -0.0187  -0.6362
  1.4560  -0.0064  -0.7095
  1.4548   0.0059  -0.7816
  1.4535   0.0182  -0.8524
  1.4524   0.0304  -0.9219
  1.4513   0.0426  -0.9902
  1.4502   0.0548  -1.0572
  1.4492   0.0669  -1.1230
  1.4483   0.0789  -1.1875
  1.4474   0.0910  -1.2509
  1.4466   0.1030  -1.3130
  1.4459   0.1149  -1.3740
  1.4452   0.1269  -1.4337
  1.4445   0.1387  -1.4923
  1.4439   0.1506  -1.5497
  1.4434   0.1624  -1.6059
  1.4430   0.1741  -1.6610
  1.4426   0.1858  -1.7150
  1.4422   0.1975  -1.7678
  1.4419   0.2092  -1.8194
  1.4417   0.2207  -1.8700
  1.4416   0.2323  -1.9194
  1.4414   0.2438  -1.9677
  1.4414   0.2553  -2.0150
  1.4414   0.2667  -2.0611
  1.4415   0.2781  -2.1062
  1.4416   0.2894  -2.1501
  1.4417   0.3007  -2.1931
  1.4420   0.3120  -2.2350
  1.4422   0.3232  -2.2758
  1.4426   0.3344  -2.3156
  1.4429   0.3455  -2.3543
  1.4434   0.3566  -2.3921
  1.4438   0.3676  -2.4288
  1.4443   0.3787  -2.4645
  1.4449   0.3896  -2.4992
  1.4455   0.4006  -2.5330
  1.4462   0.4115  -2.5657
  1.4462   0.4115  -2.5657
  1.4415   0.4028  -2.5044
  1.4364   0.3947  -2.4358
  1.4316   0.3869  -2.3700
  1.4272   0.3793  -2.3086
  1.4231   0.3718  -2.2516
  1.4192   0.3644  -2.1986
  1.4157   0.3570  -2.1495
  1.4123   0.3497  -2.1039
  1.4091   0.3423  -2.0615
  1.4061   0.3349  -2.0221
  1.4033   0.3274  -1.9857
  1.4005   0.3198  -1.9519
  1.3979   0.3122  -1.9206
  1.3954   0.3044  -1.8918
  1.3930   0.2966  -1.8653
  1.3907   0.2886  -1.8410
  1.3885   0.2805  -1.8189
  1.3864   0.2723  -1.7988
  1.3843   0.2640  -1.7806
  1.3824   0.2556  -1.7644
  1.3805   0.2470  -1.7501
  1.3787   0.2383  -1.7375
  1.3770   0.2294  -1.7266
  1.3754   0.2205  -1.7174
  1.3739   0.2114  -1.7098
  1.3724   0.2022  -1.7038
  1.3711   0.1929  -1.6992
  1.3698   0.1835  -1.6962
  1.3687   0.1739  -1.6945
  1.3676   0.1643  -1.6942
  1.3666   0.1545  -1.6952
  1.3658   0.1446  -1.6974
  1.3650   0.1347  -1.7009
  1.3644   0.1246  -1.7056
  1.3638   0.1145  -1.7113
  1.3634   0.1042  -1.7182
  1.3631   0.0939  -1.7261
  1.3629   0.0835  -1.7350
  1.3629   0.0731  -1.7449
  1.3629   0.0625  -1.7558
  1.3631   0.0519  -1.7675
  1.3634   0.0412  -1.7801
  1.3638   0.0305  -1.7936
  1.3643   0.0197  -1.8079
  1.3650   0.0088  -1.8230
  1.3658  -0.0021  -1.8390
  1.3667  -0.0131  -1.8557
  1.3678  -0.0241  -1.8732
  1.3690  -0.0352  -1.8915
  1.3703  -0.0464  -1.9105
  1.3718  -0.0576  -1.9305
  1.3734  -0.0688  -1.9512
  1.3751  -0.0802  -1.9728
  1.3770  -0.0915  -1.9954
  1.3790  -0.1030  -2.0190
  1.3812  -0.1145  -2.0436
  1.3835  -0.1261  -2.0694
  1.3860  -0.1378  -2.0965
  1.3886  -0.1496  -2.1250
  1.3914  -0.1615  -2.1551
  1.3944  -0.1735  -2.1869
  1.3976  -0.1857  -2.2209
  1.4009  -0.1980  -2.2571
  1.4045  -0.2106  -2.2961
  1.4082  -0.2234  -2.3381
  1.4123  -0.2364  -2.3838
  1.4165  -0.2497  -2.4336
  1.4211  -0.2635  -2.4883
  1.4203  -0.2757  -2.5774
  1.4203  -0.2681  -2.5318
  1.4209  -0.2595  -2.4882
  1.4216  -0.2509  -2.4446
  1.4223  -0.2423  -2.4006
  1.4231  -0.2339  -2.3563
  1.4240  -0.2255  -2.3115
  1.4249  -0.2172  -2.2663
  1.4258  -0.2090  -2.2207
  1.4268  -0.2009  -2.1747
  1.4279  -0.1929  -2.1283
  1.4289  -0.1849  -2.0815
  1.4301  -0.1770  -2.0342
  1.4312  -0.1692  -1.9865
  1.4324  -0.1615  -1.9384
  1.4336  -0.1538  -1.8898
  1.4349  -0.1463  -1.8408
  1.4362  -0.1388  -1.7914
  1.4376  -0.1313  -1.7414
  1.4389  -0.1240  -1.6911
  1.4403  -0.1167  -1.6402
  1.4418  -0.1095  -1.5889
  1.4432  -0.1023  -1.5371
  1.4447  -0.0953  -1.4848
  1.4463  -0.0882  -1.4320
  1.4478  -0.0813  -1.3787
  1.4494  -0.0744  -1.3249
  1.4510  -0.0676  -1.2706
  1.4526  -0.0609  -1.2157
  1.4543  -0.0542  -1.1603
  1.4559  -0.0476  -1.1044
  1.4576  -0.0410  -1.0479
  1.4593  -0.0345  -0.9908
  1.4611  -0.0281  -0.9332
  1.4628  -0.0217  -0.8750
  1.4646  -0.0154  -0.8162
  1.4663  -0.0091  -0.7568
  1.4681  -0.0029  -0.6968
  1.4699   0.0033  -0.6361
  1.4717   0.0093  -0.5749
  1.4736   0.0154  -0.5130
  1.4754   0.0214  -0.4505
  1.4772   0.0273  -0.3874
  1.4791   0.0332  -0.3236
  1.4810   0.0390  -0.2591
  1.4828   0.0447  -0.1940
  1.4847   0.0505  -0.1282
  1.4866   0.0561  -0.0617
  1.4885   0.0617   0.0055
  1.4904   0.0673   0.0733
  1.4923   0.0728   0.1419
  1.4942   0.0783   0.2112
  1.4961   0.0837   0.2812
  1.4980   0.0891   0.3519
  1.4999   0.0944   0.4234
  1.5018   0.0997   0.4956
  1.5038   0.1049   0.5685
  1.5057   0.1101   0.6421
  1.5076   0.1153   0.7165
  1.5095   0.1204   0.7917
  1.5114   0.1254   0.8676
  1.5134   0.1304   0.9442
  1.5153   0.1354   1.0216
  1.5172   0.1403   1.0998
  1.5191   0.1452   1.1787
  1.5210   0.1500   1.2584
  1.5230   0.1548   1.3389
  1.5249   0.1596   1.4201
  1.5268   0.1643   1.5021
  1.5287   0.1690   1.5848
  1.5306   0.1736   1.6683
  1.5325   0.1782   1.7526
  1.5344   0.1827   1.8376
  1.5363   0.1872   1.9234
  1.5382   0.1917   2.0100
  1.5401   0.1961   2.0974
  1.5420   0.2004   2.1855
  1.5439   0.2048   2.2743
  1.5458   0.2090   2.3640
  1.5477   0.2133   2.4543
  1.5477   0.2133   2.4543
  1.5456   0.2043   2.4738
  1.5433   0.1956   2.4984
  1.5410   0.1870   2.5242
  1.5388   0.1785   2.5503
  1.5367   0.1701   2.5765
  1.5348   0.1617   2.6027
  1.5329   0.1534   2.6288
  1.5311   0.1451   2.6546
  1.5294   0.1367   2.6802
  1.5278   0.1284   2.7053
  1.5262   0.1200   2.7299
  1.5247   0.1116   2.7538
  1.5233   0.1032   2.7772
  1.5220   0.0947   2.7998
  1.5207   0.0862   2.8217
  1.5195   0.0776   2.8429
  1.5183   0.0690   2.8632
  1.5172   0.0604   2.8826
  1.5162   0.0517   2.9012
  1.5152   0.0429   2.9188
  1.5143   0.0341   2.9356
  1.5134   0.0252   2.9514
  1.5126   0.0163   2.9663
  1.5118   0.0073   2.9803
  1.5111  -0.0018   2.9932
  1.5104  -0.0109   3.0053
  1.5098  -0.0201   3.0163
  1.5093  -0.0293   3.0264
  1.5088  -0.0386   3.0355
  1.5083  -0.0480   3.0436
  1.5079  -0.0574   3.0508
  1.5076  -0.0669   3.0570
  1.5073  -0.0764   3.0622
  1.5070  -0.0860   3.0664
  1.5069  -0.0957   3.0697
  1.5067  -0.1054   3.0720
  1.5067  -0.1152   3.0733
  1.5066  -0.1251   3.0737
  1.5067  -0.1350   3.0731
  1.5068  -0.1450   3.0716
  1.5069  -0.1550   3.0691
  1.5072  -0.1651   3.0657
  1.5074  -0.1752   3.0613
  1.5078  -0.1854   3.0560
  1.5082  -0.1957   3.0498
  1.5086  -0.2060   3.0427
  1.5092  -0.2164   3.0347
  1.5098  -0.2268   3.0257
  1.5104  -0.2373   3.0159
  1.5111  -0.2479   3.0052
  1.5119  -0.2585   2.9935
  1.5128  -0.2691   2.9810
  1.5137  -0.2799   2.9677
  1.5147  -0.2906   2.9535
  1.5157  -0.3015   2.9384
  1.5168  -0.3124   2.9225
  1.5180  -0.3233   2.9057
  1.5192  -0.3343   2.8882
  1.5205  -0.3454   2.8698
  1.5219  -0.3565   2.8507
  1.5233  -0.3677   2.8308
  1.5248  -0.3790   2.8101
  1.5264  -0.3903   2.7888
  1.5280  -0.4016   2.7667
  1.5296  -0.4131   2.7440
  1.5313  -0.4245   2.7206
  1.5331  -0.4361   2.6966
  1.5350  -0.4476   2.6719
  1.5277  -0.4540   2.7229
  1.5252  -0.4423   2.6047
  1.5227  -0.4292   2.4797
  1.5202  -0.4160   2.3560
  1.5177  -0.4028   2.2342
  1.5152  -0.3896   2.1145
  1.5128  -0.3764   1.9967
  1.5104  -0.3633   1.8808
  1.5080  -0.3502   1.7668
  1.5056  -0.3371   1.6546
  1.5033  -0.3240   1.5442
  1.5009  -0.3110   1.4355
  1.4986  -0.2980   1.3286
  1.4964  -0.2850   1.2234
  1.4941  -0.2720   1.1198
  1.4919  -0.2591   1.0178
  1.4897  -0.2462   0.9175
  1.4876  -0.2333   0.8188
  1.4854  -0.2204   0.7216
  1.4834  -0.2076   0.6259
  1.4813  -0.1948   0.5318
  1.4793  -0.1820   0.4392
  1.4773  -0.1692   0.3480
  1.4754  -0.1565   0.2583
  1.4735  -0.1438   0.1701
  1.4717  -0.1312   0.0833
  1.4699  -0.1185  -0.0022
  1.4682  -0.1059  -0.0862
  1.4665  -0.0934  -0.1688
  1.4648  -0.0808  -0.2501
  1.4632  -0.0683  -0.3300
  1.4617  -0.0559  -0.4086
  1.4602  -0.0434  -0.4858
  1.4588  -0.0310  -0.5618
  1.4574  -0.0187  -0.6364
  1.4561  -0.0063  -0.7098
  1.4548   0.0060  -0.7818
  1.4536   0.0182  -0.8526
  1.4524   0.0305  -0.9221
  1.4513   0.0427  -0.9904
  1.4503   0.0548  -1.0574
  1.4493   0.0669  -1.1232
  1.4483   0.0790  -1.1878
  1.4475   0.0910  -1.2511
  1.4466   0.1030  -1.3133
  1.4459   0.1150  -1.3742
  1.4452   0.1269  -1.4339
  1.4446   0.1388  -1.4925
  1.4440   0.1506  -1.5499
  1.4435   0.1624  -1.6061
  1.4430   0.1742  -1.6612
  1.4426   0.1859  -1.7152
  1.4423   0.1976  -1.7679
  1.4420   0.2092  -1.8196
  1.4417   0.2208  -1.8701
  1.4416   0.2324  -1.9196
  1.4415   0.2439  -1.9679
  1.4414   0.2554  -2.0151
  1.4414   0.2668  -2.0612
  1.4415   0.2782  -2.1063
  1.4416   0.2895  -2.1502
  1.4418   0.3008  -2.1931
  1.4420   0.3121  -2.2350
  1.4422   0.3233  -2.2758
  1.4426   0.3344  -2.3156
  1.4429   0.3456  -2.3543
  1.4434   0.3567  -2.3921
  1.4438   0.3677  -2.4288
  1.4444   0.3787  -2.4645
  1.4449   0.3897  -2.4992
  1.4455   0.4007  -2.5329
  1.4462   0.4116  -2.5656
  1.4462   0.4116  -2.5656
  1.4416   0.4029  -2.5043
  1.4365   0.3948  -2.4356
  1.4316   0.3870  -2.3698
  1.4272   0.3794  -2.3084
  1.4231   0.3719  -2.2514
  1.4192   0.3645  -2.1985
  1.4157   0.3571  -2.1494
  1.4123   0.3498  -2.1037
  1.4091   0.3424  -2.0613
  1.4061   0.3350  -2.0220
  1.4033   0.3275  -1.9855
  1.4005   0.3199  -1.9517
  1.3979   0.3123  -1.9204
  1.3954   0.3045  -1.8916
  1.3930   0.2967  -1.8651
  1.3907   0.2887  -1.8408
  1.3885   0.2806  -1.8187
  1.3864   0.2724  -1.7986
  1.3844   0.2641  -1.7805
  1.3824   0.2557  -1.7642
  1.3805   0.2471  -1.7499
  1.3787   0.2384  -1.7373
  1.3770   0.2295  -1.7264
  1.3754   0.2206  -1.7172
  1.3739   0.2115  -1.7096
  1.3724   0.2023  -1.7036
  1.3711   0.1930  -1.6990
  1.3698   0.1836  -1.6960
  1.3687   0.1740  -1.6943
  1.3676   0.1644  -1.6940
  1.3666   0.1546  -1.6950
  1.3658   0.1447  -1.6972
  1.3650   0.1348  -1.7007
  1.3644   0.1247  -1.7054
  1.3638   0.1146  -1.7112
  1.3634   0.1043  -1.7180
  1.3631   0.0940  -1.7259
  1.3629   0.0836  -1.7349
  1.3629   0.0732  -1.7448
  1.3629   0.0626  -1.7556
  1.3631   0.0520  -1.7673
  1.3634   0.0413  -1.7800
  1.3638   0.0306  -1.7934
  1.3643   0.0198  -1.8077
  1.3650   0.0089  -1.8229
  1.3658  -0.0020  -1.8388
  1.3667  -0.0130  -1.8555
  1.3678  -0.0240  -1.8730
  1.3690  -0.0351  -1.8913
  1.3703  -0.0463  -1.9104
  1.3718  -0.0575  -1.9303
  1.3734  -0.0687  -1.9511
  1.3751  -0.0801  -1.9727
  1.3770  -0.0914  -1.9953
  1.3790  -0.1029  -2.0188
  1.3812  -0.1144  -2.0435
  1.3835  -0.1260  -2.0693
  1.3860  -0.1377  -2.0963
  1.3886  -0.1495  -2.1248
  1.3914  -0.1614  -2.1549
  1.3944  -0.1734  -2.1868
  1.3976  -0.1856  -2.2208
  1.4009  -0.1980  -2.2570
  1.4045  -0.2105  -2.2960
  1.4083  -0.2233  -2.3380
  1.4123  -0.2363  -2.3837
  1.4165  -0.2497  -2.4335
  1.4211  -0.2634  -2.4882
  1.4203  -0.2756  -2.5773
  1.4203  -0.2681  -2.5318
  1.4209  -0.2594  -2.4881
  1.4216  -0.2508  -2.4445
  1.4223  -0.2423  -2.4006
  1.4231  -0.2338  -2.3562
  1.4240  -0.2254  -2.3115
  1.4249  -0.2171  -2.2663
  1.4258  -0.2089  -2.2207
  1.4268  -0.2008  -2.1747
  1.4279  -0.1928  -2.1283
  1.4289  -0.1848  -2.0815
  1.4301  -0.1769  -2.0342
  1.4312  -0.1691  -1.9865
  1.4324  -0.1614  -1.9384
  1.4337  -0.1538  -1.8898
  1.4349  -0.1462  -1.8408
  1.4362  -0.1387  -1.7914
  1.4376  -0.1313  -1.7415
  1.4389  -0.1239  -1.6911
  1.4404  -0.1166  -1.6403
  1.4418  -0.1094  -1.5889
  1.4433  -0.1023  -1.5371
  1.4448  -0.0952  -1.4849
  1.4463  -0.0882  -1.4321
  1.4478  -0.0812  -1.3788
  1.4494  -0.0743  -1.3250
  1.4510  -0.0675  -1.2706
  1.4526  -0.0608  -1.2158
  1.4543  -0.0541  -1.1604
  1.4560  -0.0475  -1.1045
  1.4576  -0.0409  -1.0480
  1.4593  -0.0344  -0.9909
  1.4611  -0.0280  -0.9333
  1.4628  -0.0216  -0.8751
  1.4646  -0.0153  -0.8163
  1.4664  -0.0090  -0.7569
  1.4681  -0.0028  -0.6969
  1.4699   0.0033  -0.6363
  1.4718   0.0094  -0.5750
  1.4736   0.0155  -0.5132
  1.4754   0.0214  -0.4507
  1.4773   0.0274  -0.3875
  1.4791   0.0332  -0.3237
  1.4810   0.0391  -0.2593
  1.4829   0.0448  -0.1941
  1.4847   0.0505  -0.1283
  1.4866   0.0562  -0.0619
  1.4885   0.0618   0.0053
  1.4904   0.0674   0.0732
  1.4923   0.0729   0.1418
  1.4942   0.0784   0.2111
  1.4961   0.0838   0.2811
  1.4980   0.0892   0.3518
  1.4999   0.0945   0.4232
  1.5019   0.0998   0.4954
  1.5038   0.1050   0.5683
  1.5057   0.1102   0.6420
  1.5076   0.1153   0.7164
  1.5095   0.1204   0.7915
  1.5114   0.1255   0.8674
  1.5134   0.1305   0.9441
  1.5153   0.1355   1.0215
  1.5172   0.1404   1.0996
  1.5191   0.1453   1.1785
  1.5210   0.1501   1.2582
  1.5230   0.1549   1.3387
  1.5249   0.1597   1.4199
  1.5268   0.1644   1.5019
  1.5287   0.1691   1.5846
  1.5306   0.1737   1.6681
  1.5325   0.1783   1.7524
  1.5344   0.1828   1.8374
  1.5363   0.1873   1.9232
  1.5382   0.1918   2.0098
  1.5401   0.1962   2.0972
  1.5420   0.2005   2.1853
  1.5439   0.2048   2.2741
  1.5458   0.2091   2.3638
  1.5477   0.2134   2.4542
  1.5477   0.2134   2.4542
  1.5456   0.2044   2.4736
  1.5433   0.1957   2.4982
  1.5410   0.1871   2.5240
  1.5388   0.1786   2.5501
  1.5368   0.1702   2.5763
  1.5348   0.1618   2.6025
  1.5329   0.1535   2.6286
  1.5311   0.1451   2.6544
  1.5294   0.1368   2.6800
  1.5278   0.1285   2.7051
  1.5262   0.1201   2.7297
  1.5248   0.1117   2.7537
  1.5233   0.1032   2.7770
  1.5220   0.0948   2.7997
  1.5207   0.0863   2.8216
  1.5195   0.0777   2.8427
  1.5184   0.0691   2.8630
  1.5173   0.0604   2.8824
  1.5162   0.0517   2.9010
  1.5152   0.0430   2.9187
  1.5143   0.0342   2.9354
  1.5134   0.0253   2.9512
  1.5126   0.0163   2.9661
  1.5118   0.0074   2.9801
  1.5111  -0.0017   2.9931
  1.5105  -0.0108   3.0051
  1.5098  -0.0200   3.0162
  1.5093  -0.0292   3.0262
  1.5088  -0.0385   3.0353
  1.5083  -0.0479   3.0435
  1.5079  -0.0573   3.0506
  1.5076  -0.0668   3.0568
  1.5073  -0.0763   3.0620
  1.5071  -0.0859   3.0663
  1.5069  -0.0956   3.0695
  1.5067  -0.1053   3.0718
  1.5067  -0.1151   3.0732
  1.5066  -0.1250   3.0735
  1.5067  -0.1349   3.0730
  1.5068  -0.1449   3.0714
  1.5069  -0.1549   3.0689
  1.5072  -0.1650   3.0655
  1.5074  -0.1751   3.0612
  1.5078  -0.1853   3.0559
  1.5082  -0.1956   3.0497
  1.5087  -0.2059   3.0426
  1.5092  -0.2163   3.0345
  1.5098  -0.2267   3.0256
  1.5104  -0.2372   3.0157
  1.5111  -0.2478   3.0050
  1.5119  -0.2584   2.9934
  1.5128  -0.2691   2.9809
  1.5137  -0.2798   2.9675
  1.5147  -0.2906   2.9533
  1.5157  -0.3014   2.9382
  1.5168  -0.3123   2.9223
  1.5180  -0.3232   2.9056
  1.5192  -0.3342   2.8880
  1.5205  -0.3453   2.8697
  1.5219  -0.3564   2.8505
  1.5233  -0.3676   2.8306
  1.5248  -0.3789   2.8100
  1.5264  -0.3902   2.7886
  1.5280  -0.4015   2.7666
  1.5296  -0.4130   2.7438
  1.5314  -0.4244   2.7204
  1.5331  -0.4360   2.6964
  1.5350  -0.4475   2.6718
  1.5277  -0.4539   2.7228
  1.5252  -0.4423   2.6046
  1.5227  -0.4291   2.4795
  1.5202  -0.4159   2.3558
  1.5177  -0.4027   2.2341
  1.5152  -0.3895   2.1144
  1.5128  -0.3764   1.9966
  1.5104  -0.3632   1.8807
  1.5080  -0.3501   1.7667
  1.5056  -0.3370   1.6545
  1.5033  -0.3240   1.5441
  1.5009  -0.3109   1.4354
  1.4986  -0.2979   1.3285
  1.4964  -0.2849   1.2233
  1.4941  -0.2719   1.1197
  1.4919  -0.2590   1.0178
  1.4897  -0.2461   0.9174
  1.4876  -0.2332   0.8187
  1.4854  -0.2203   0.7215
  1.4834  -0.2075   0.6259
  1.4813  -0.1947   0.5317
  1.4793  -0.1819   0.4391
  1.4773  -0.1692   0.3480
  1.4754  -0.1565   0.2583
  1.4735  -0.1438   0.1700
  1.4717  -0.1311   0.0832
  1.4699  -0.1185  -0.0022
  1.4682  -0.1059  -0.0862
  1.4665  -0.0933  -0.1689
  1.4648  -0.0808  -0.2501
  1.4632  -0.0683  -0.3301
  1.4617  -0.0558  -0.4086
  1.4602  -0.0434  -0.4859
  1.4588  -0.0310  -0.5618
  1.4574  -0.0186  -0.6365
  1.4561  -0.0063  -0.7098
  1.4548   0.0060  -0.7819
  1.4536   0.0183  -0.8526
  1.4524   0.0305  -0.9222
  1.4513   0.0427  -0.9904
  1.4502   0.0549  -1.0575
  1.4493   0.0670  -1.1232
  1.4483   0.0791  -1.1878
  1.4475   0.0911  -1.2512
  1.4466   0.1031  -1.3133
  1.4459   0.1151  -1.3742
  1.4452   0.1270  -1.4340
  1.4446   0.1389  -1.4926
  1.4440   0.1507  -1.5500
  1.4435   0.1625  -1.6062
  1.4430   0.1743  -1.6613
  1.4426   0.1860  -1.7152
  1.4423   0.1977  -1.7680
  1.4420   0.2093  -1.8196
  1.4417   0.2209  -1.8702
  1.4416   0.2324  -1.9196
  1.4415   0.2439  -1.9679
  1.4414   0.2554  -2.0151
  1.4414   0.2668  -2.0613
  1.4415   0.2782  -2.1063
  1.4416   0.2896  -2.1503
  1.4418   0.3009  -2.1932
  1.4420   0.3121  -2.2351
  1.4422   0.3233  -2.2759
  1.4426   0.3345  -2.3157
  1.4429   0.3456  -2.3544
  1.4434   0.3567  -2.3921
  1.4438   0.3678  -2.4288
  1.4444   0.3788  -2.4645
  1.4449   0.3898  -2.4992
  1.4455   0.4007  -2.5329
  1.4462   0.4116  -2.5656
  1.4462   0.4116  -2.5656
  1.4416   0.4030  -2.5044
  1.4365   0.3949  -2.4357
  1.4316   0.3871  -2.3699
  1.4272   0.3795  -2.3085
  1.4231   0.3720  -2.2515
  1.4192   0.3646  -2.1986
  1.4157   0.3572  -2.1495
  1.4123   0.3498  -2.1038
  1.4091   0.3424  -2.0614
  1.4061   0.3350  -2.0221
  1.4033   0.3275  -1.9856
  1.4005   0.3200  -1.9518
  1.3979   0.3123  -1.9205
  1.3954   0.3046  -1.8917
  1.3930   0.2967  -1.8652
  1.3907   0.2888  -1.8409
  1.3885   0.2807  -1.8188
  1.3864   0.2725  -1.7987
  1.3844   0.2642  -1.7806
  1.3824   0.2557  -1.7644
  1.3805   0.2471  -1.7500
  1.3787   0.2384  -1.7374
  1.3770   0.2296  -1.7265
  1.3754   0.2206  -1.7173
  1.3739   0.2116  -1.7097
  1.3724   0.2024  -1.7037
  1.3711   0.1930  -1.6991
  1.3698   0.1836  -1.6961
  1.3687   0.1741  -1.6944
  1.3676   0.1644  -1.6941
  1.3666   0.1547  -1.6951
  1.3658   0.1448  -1.6974
  1.3650   0.1348  -1.7008
  1.3644   0.1248  -1.7055
  1.3639   0.1146  -1.7113
  1.3634   0.1044  -1.7181
  1.3631   0.0941  -1.7260
  1.3629   0.0837  -1.7350
  1.3629   0.0732  -1.7449
  1.3629   0.0627  -1.7557
  1.3631   0.0521  -1.7674
  1.3634   0.0414  -1.7801
  1.3638   0.0306  -1.7935
  1.3643   0.0198  -1.8078
  1.3650   0.0089  -1.8230
  1.3658  -0.0020  -1.8389
  1.3667  -0.0130  -1.8556
  1.3678  -0.0240  -1.8731
  1.3690  -0.0351  -1.8914
  1.3703  -0.0462  -1.9105
  1.3718  -0.0574  -1.9304
  1.3734  -0.0687  -1.9512
  1.3751  -0.0800  -1.9728
  1.3770  -0.0914  -1.9954
  1.3790  -0.1028  -2.0189
  1.3812  -0.1144  -2.0436
  1.3835  -0.1260  -2.0694
  1.3860  -0.1377  -2.0964
  1.3886  -0.1494  -2.1249
  1.3914  -0.1613  -2.1550
  1.3944  -0.1734  -2.1869
  1.3976  -0.1856  -2.2208
  1.4009  -0.1979  -2.2571
  1.4045  -0.2105  -2.2960
  1.4083  -0.2232  -2.3381
  1.4123  -0.2363  -2.3837
  1.4165  -0.2496  -2.4335
  1.4211  -0.2633  -2.4882
  1.4203  -0.2755  -2.5774
  1.4203  -0.2680  -2.5319
  1.4209  -0.2594  -2.4882
  1.4216  -0.2508  -2.4446
  1.4223  -0.2422  -2.4006
  1.4231  -0.2337  -2.3563
  1.4240  -0.2254  -2.3115
  1.4249  -0.2171  -2.2663
  1.4258  -0.2089  -2.2208
  1.4268  -0.2008  -2.1748
  1.4279  -0.1927  -2.1283
  1.4289  -0.1848  -2.0815
  1.4301  -0.1769  -2.0342
  1.4312  -0.1691  -1.9866
  1.4324  -0.1614  -1.9384
  1.4337  -0.1537  -1.8899
  1.4349  -0.1461  -1.8409
  1.4362  -0.1386  -1.7914
  1.4376  -0.1312  -1.7415
  1.4389  -0.1239  -1.6911
  1.4404  -0.1166  -1.6403
  1.4418  -0.1094  -1.5890
  1.4433  -0.1022  -1.5372
  1.4448  -0.0951  -1.4849
  1.4463  -0.0881  -1.4321
  1.4478  -0.0812  -1.3788
  1.4494  -0.0743  -1.3250
  1.4510  -0.0675  -1.2707
  1.4526  -0.0607  -1.2158
  1.4543  -0.0541  -1.1604
  1.4559  -0.0474  -1.1045
  1.4576  -0.0409  -1.0480
  1.4593  -0.0344  -0.9909
  1.4611  -0.0279  -0.9333
  1.4628  -0.0216  -0.8751
  1.4646  -0.0152  -0.8163
  1.4663  -0.0090  -0.7569
  1.4681  -0.0028  -0.6969
  1.4699   0.0034  -0.6363
  1.4717   0.0095  -0.5750
  1.4736   0.0155  -0.5132
  1.4754   0.0215  -0.4507
  1.4773   0.0274  -0.3875
  1.4791   0.0333  -0.3237
  1.4810   0.0391  -0.2593
  1.4828   0.0449  -0.1942
  1.4847   0.0506  -0.1283
  1.4866   0.0562  -0.0619
  1.4885   0.0619   0.0053
  1.4904   0.0674   0.0732
  1.4923   0.0729   0.1418
  1.4942   0.0784   0.2111
  1.4961   0.0838   0.2811
  1.4980   0.0892   0.3518
  1.4999   0.0945   0.4232
  1.5018   0.0998   0.4954
  1.5038   0.1050   0.5683
  1.5057   0.1102   0.6420
  1.5076   0.1154   0.7164
  1.5095   0.1205   0.7915
  1.5114   0.1255   0.8674
  1.5134   0.1305   0.9441
  1.5153   0.1355   1.0215
  1.5172   0.1404   1.0996
  1.5191   0.1453   1.1785
  1.5210   0.1502   1.2582
  1.5230   0.1549   1.3387
  1.5249   0.1597   1.4199
  1.5268   0.1644   1.5019
  1.5287   0.1691   1.5846
  1.5306   0.1737   1.6681
  1.5325   0.1783   1.7524
  1.5344   0.1828   1.8374
  1.5363   0.1873   1.9232
  1.5382   0.1918   2.0098
  1.5401   0.1962   2.0971
  1.5420   0.2005   2.1852
  1.5439   0.2049   2.2741
  1.5458   0.2091   2.3637
  1.5477   0.2134   2.4541
  1.5477   0.2134   2.4541
  1.5456   0.2044   2.4735
  1.5433   0.1957   2.4982
  1.5410   0.1871   2.5240
  1.5388   0.1786   2.5500
  1.5368   0.1702   2.5762
  1.5348   0.1618   2.6025
  1.5329   0.1535   2.6286
  1.5311   0.1452   2.6544
  1.5294   0.1368   2.6800
  1.5278   0.1285   2.7051
  1.5262   0.1201   2.7297
  1.5247   0.1117   2.7537
  1.5233   0.1033   2.7770
  1.5220   0.0948   2.7997
  1.5207   0.0863   2.8216
  1.5195   0.0777   2.8427
  1.5183   0.0691   2.8630
  1.5173   0.0605   2.8824
  1.5162   0.0518   2.9010
  1.5152   0.0430   2.9186
  1.5143   0.0342   2.9354
  1.5134   0.0253   2.9512
  1.5126   0.0164   2.9661
  1.5118   0.0074   2.9801
  1.5111  -0.0017   2.9931
  1.5105  -0.0108   3.0051
  1.5098  -0.0200   3.0161
  1.5093  -0.0292   3.0262
  1.5088  -0.0385   3.0353
  1.5083  -0.0479   3.0435
  1.5079  -0.0573   3.0506
  1.5076  -0.0668   3.0568
  1.5073  -0.0763   3.0620
  1.5070  -0.0859   3.0662
  1.5069  -0.0956   3.0695
  1.5067  -0.1053   3.0718
  1.5067  -0.1151   3.0731
  1.5066  -0.1250   3.0735
  1.5067  -0.1349   3.0729
  1.5068  -0.1449   3.0714
  1.5069  -0.1549   3.0689
  1.5072  -0.1650   3.0655
  1.5074  -0.1751   3.0612
  1.5078  -0.1853   3.0559
  1.5082  -0.1956   3.0497
  1.5086  -0.2059   3.0425
  1.5092  -0.2163   3.0345
  1.5098  -0.2267   3.0256
  1.5104  -0.2372   3.0157
  1.5111  -0.2478   3.0050
  1.5119  -0.2584   2.9934
  1.5128  -0.2690   2.9809
  1.5137  -0.2798   2.9675
  1.5147  -0.2905   2.9533
  1.5157  -0.3014   2.9382
  1.5168  -0.3123   2.9223
  1.5180  -0.3232   2.9056
  1.5192  -0.3342   2.8880
  1.5205  -0.3453   2.8697
  1.5219  -0.3564   2.8505
  1.5233  -0.3676   2.8306
  1.5248  -0.3789   2.8100
  1.5264  -0.3902   2.7886
  1.5280  -0.4015   2.7665
  1.5296  -0.4129   2.7438
  1.5313  -0.4244   2.7204
  1.5331  -0.4359   2.6964
  1.5350  -0.4475   2.6717
  1.5277  -0.4539   2.7228
  1.5252  -0.4422   2.6046
  1.5227  -0.4291   2.4795
  1.5202  -0.4159   2.3558
  1.5177  -0.4027   2.2341
  1.5152  -0.3895   2.1144
  1.5128  -0.3763   1.9966
  1.5104  -0.3632   1.8807
  1.5080  -0.3501   1.7667
  1.5056  -0.3370   1.6545
  1.5033  -0.3239   1.5441
  1.5009  -0.3109   1.4354
  1.4986  -0.2979   1.3285
  1.4963  -0.2849   1.2233
  1.4941  -0.2719   1.1197
  1.4919  -0.2590   1.0178
  1.4897  -0.2461   0.9174
  1.4875  -0.2332   0.8187
  1.4854  -0.2203   0.7215
  1.4834  -0.2075   0.6259
  1.4813  -0.1947   0.5318
  1.4793  -0.1819   0.4391
  1.4773  -0.1692   0.3480
  1.4754  -0.1565   0.2583
  1.4735  -0.1438   0.1701
  1.4717  -0.1311   0.0832
  1.4699  -0.1185  -0.0022
  1.4682  -0.1059  -0.0862
  1.4665  -0.0933  -0.1688
  1.4648  -0.0808  -0.2501
  1.4632  -0.0683  -0.3300
  1.4617  -0.0558  -0.4086
  1.4602  -0.0434  -0.4858
  1.4588  -0.0310  -0.5618
  1.4574  -0.0186  -0.6364
  1.4561  -0.0063  -0.7098
  1.4548   0.0060  -0.7818
  1.4536   0.0183  -0.8526
  1.4524   0.0305  -0.9221
  1.4513   0.0427  -0.9904
  1.4502   0.0549  -1.0574
  1.4493   0.0670  -1.1232
  1.4483   0.0791  -1.1878
  1.4475   0.0911  -1.2511
  1.4466   0.1031  -1.3133
  1.4459   0.1151  -1.3742
  1.4452   0.1270  -1.4340
  1.4445   0.1389  -1.4925
  1.4440   0.1507  -1.5499
  1.4435   0.1625  -1.6062
  1.4430   0.1743  -1.6612
  1.4426   0.1860  -1.7152
  1.4423   0.1977  -1.7680
  1.4420   0.2093  -1.8196
  1.4417   0.2209  -1.8701
  1.4416   0.2324  -1.9196
  1.4415   0.2439  -1.9679
  1.4414   0.2554  -2.0151
  1.4414   0.2668  -2.0612
  1.4415   0.2782  -2.1063
  1.4416   0.2896  -2.1503
  1.4418   0.3009  -2.1932
  1.4420   0.3121  -2.2350
  1.4422   0.3233  -2.2759
  1.4426   0.3345  -2.3156
  1.4429   0.3456  -2.3544
  1.4434   0.3567  -2.3921
  1.4438   0.3678  -2.4288
  1.4444   0.3788  -2.4645
  1.4449   0.3898  -2.4992
  1.4455   0.4007  -2.5329
  1.4462   0.4116  -2.5656
  1.4462   0.4116  -2.5656
  1.4416   0.4030  -2.5044
  1.4365   0.3949  -2.4357
  1.4316   0.3871  -2.3699
  1.4272   0.3794  -2.3085
  1.4231   0.3720  -2.2515
  1.4192   0.3646  -2.1986
  1.4157   0.3572  -2.1495
  1.4123   0.3498  -2.1038
  1.4091   0.3424  -2.0614
  1.4061   0.3350  -2.0221
  1.4033   0.3275  -1.9856
  1.4005   0.3200  -1.9518
  1.3979   0.3123  -1.9206
  1.3954   0.3046  -1.8917
  1.3930   0.2967  -1.8652
  1.3907   0.2888  -1.8410
  1.3885   0.2807  -1.8188
  1.3864   0.2725  -1.7987
  1.3844   0.2642  -1.7806
  1.3824   0.2557  -1.7644
  1.3805   0.2471  -1.7500
  1.3787   0.2384  -1.7374
  1.3770   0.2296  -1.7265
  1.3754   0.2206  -1.7173
  1.3739   0.2116  -1.7097
  1.3724   0.2024  -1.7037
  1.3711   0.1930  -1.6992
  1.3698   0.1836  -1.6961
  1.3687   0.1741  -1.6944
  1.3676   0.1644  -1.6941
  1.3666   0.1546  -1.6951
  1.3658   0.1448  -1.6974
  1.3650   0.1348  -1.7009
  1.3644   0.1248  -1.7055
  1.3639   0.1146  -1.7113
  1.3634   0.1044  -1.7182
  1.3631   0.0941  -1.7261
  1.3629   0.0837  -1.7350
  1.3629   0.0732  -1.7449
  1.3629   0.0627  -1.7557
  1.3631   0.0520  -1.7675
  1.3634   0.0414  -1.7801
  1.3638   0.0306  -1.7936
  1.3643   0.0198  -1.8079
  1.3650   0.0089  -1.8230
  1.3658  -0.0020  -1.8389
  1.3667  -0.0130  -1.8556
  1.3678  -0.0240  -1.8731
  1.3690  -0.0351  -1.8914
  1.3703  -0.0462  -1.9105
  1.3718  -0.0574  -1.9304
  1.3734  -0.0687  -1.9512
  1.3751  -0.0800  -1.9728
  1.3770  -0.0914  -1.9954
  1.3790  -0.1028  -2.0189
  1.3812  -0.1144  -2.0436
  1.3835  -0.1260  -2.0694
  1.3860  -0.1377  -2.0964
  1.3886  -0.1495  -2.1249
  1.3914  -0.1614  -2.1550
  1.3944  -0.1734  -2.1869
  1.3976  -0.1856  -2.2208
  1.4009  -0.1979  -2.2571
  1.4045  -0.2105  -2.2961
  1.4083  -0.2232  -2.3381
  1.4123  -0.2363  -2.3837
  1.4165  -0.2496  -2.4336
  1.4211  -0.2633  -2.4882
  1.4203  -0.2755  -2.5774
