  3.2844   3.8569  16.8852  17.4344
  3.7247   4.1055  18.5030  20.4508
  3.5291   4.1497  19.0548  20.6768
  2.7286   4.2978  19.6284  20.3541
  3.3700   4.0213  19.9197  20.0958
  3.4024   3.9193  19.6700  20.1155
  3.3587   3.8379  19.5131  20.0815
  3.2771   3.7670  19.3631  20.0439
  3.2419   3.6793  19.2145  20.0060
  3.4460   3.5297  19.0665  19.9683
  3.0836   3.5418  18.9200  19.9300
  3.0401   3.4641  18.7739  19.8922
  2.9968   3.3871  18.6284  19.8544
  2.9525   3.3110  18.4838  19.8166
  3.1736   3.1613  18.3394  19.7792
  2.8445   3.1662  18.1966  19.7412
  3.0441   3.0240  18.0537  19.7038
  2.7408   3.0226  17.9122  19.6659
  2.6872   2.9521  17.7711  19.6284
  2.8141   2.8319  17.6304  19.5911
  1.8726   3.0077  17.4920  19.5525
  2.0743   2.8662  17.3526  19.5154
  2.3470   2.7085  17.2137  19.4783
  2.4064   2.5960  17.0760  19.4411
  2.5218   2.4850  16.9389  19.4039
  2.4724   2.4209  16.8027  19.3666
  2.2453   2.4042  16.6674  19.3291
  2.2134   2.3348  16.5325  19.2919
  2.2928   2.2362  16.3982  19.2548
  2.2345   2.1746  16.2647  19.2176
  2.1790   2.1127  16.1318  19.1804
  2.0200   2.0782  15.9998  19.1431
  1.9673   2.0161  15.8683  19.1060
  1.9149   1.9544  15.7375  19.0688
  1.9450   1.8727  15.6073  19.0318
  1.8942   1.8133  15.4778  18.9948
  1.8397   1.7565  15.3491  18.9577
  1.7906   1.7000  15.2209  18.9206
  1.6584   1.6652  15.0936  18.8834
  1.6838   1.5906  14.9667  18.8465
  1.4063   1.5935  14.8408  18.8092
  0.9355   1.6432  14.7158  18.7716
  1.5066   1.4318  14.5903  18.7353
  1.4442   1.3823  14.4662  18.6982
  1.4285   1.3198  14.3427  18.6612
  1.3712   1.2683  14.2200  18.6241
  1.3179   1.2163  14.0980  18.5870
  1.2651   1.1646  13.9766  18.5499
  1.2305   1.1090  13.8559  18.5128
  1.1785   1.0580  13.7359  18.4756
  1.1296   1.0067  13.6165  18.4385
  1.0859   0.9547  13.4979  18.4013
  1.0367   0.9043  13.3799  18.3641
  0.9872   0.8545  13.2626  18.3268
  0.9363   0.8053  13.1460  18.2895
  0.8812   0.7575  13.0301  18.2522
  0.8173   0.7121  12.9148  18.2148
  0.7452   0.6689  12.8003  18.1774
  0.6698   0.6268  12.6864  18.1399
  0.5937   0.5852  12.5732  18.1024
  0.5178   0.5439  12.4608  18.0649
  0.4426   0.5028  12.3490  18.0273
  0.3683   0.4620  12.2379  17.9896
  0.2951   0.4214  12.1276  17.9519
  0.2242   0.3818  12.0179  17.9141
  0.2527   0.4069  11.9089  17.8765
  0.3586   0.4826  11.8005  17.8390
  0.3759   0.4996  11.6929  17.8012
  0.3902   0.5143  11.5860  17.7634
  0.2633   0.6553  11.4799  17.7254
  0.2851   0.6357  11.3744  17.6874
  0.3080   0.6153  11.2695  17.6493
  0.3248   0.6017  11.1654  17.6111
  0.3362   0.5937  11.0620  17.5729
  0.2974   0.6371  10.9593  17.5345
  0.3467   0.5907  10.8573  17.4961
  0.3530   0.5882  10.7560  17.4576
  0.3563   0.5887  10.6554  17.4191
  0.3596   0.5892  10.5555  17.3804
  0.3628   0.5897  10.4563  17.3417
  0.3660   0.5903  10.3578  17.3028
  0.3692   0.5909  10.2600  17.2639
  0.3724   0.5913  10.1629  17.2249
  0.3757   0.5917  10.0664  17.1858
  0.3961   0.5760   9.9706  17.1467
  0.3955   0.5801   9.8755  17.1074
  0.3997   0.5796   9.7810  17.0681
  0.4098   0.5738   9.6872  17.0287
  0.4211   0.5669   9.5940  16.9892
 -0.8536   1.7771   9.4971  16.9484
  0.4708   0.5161   9.4118  16.9101
  0.4954   0.5109   9.3207  16.8704
  0.5116   0.5005   9.2301  16.8306
  0.5305   0.4873   9.1401  16.7907
  0.5860   0.4336   9.0505  16.7508
  0.5921   0.4272   8.9617  16.7109
  0.5856   0.4020   8.8734  16.6708
  0.5189   0.3034   8.7852  16.6305
  0.4756   0.2739   8.6982  16.5905
  0.5427   0.3439   8.6126  16.5509
  0.4432   0.2349   8.5261  16.5106
  0.4367   0.2256   8.4411  16.4708
  0.4449   0.2334   8.3567  16.4312
  0.4620   0.2432   8.2729  16.3916
  0.4639   0.2559   8.1895  16.3521
  0.4777   0.2670   8.1065  16.3126
  0.4896   0.2785   8.0238  16.2733
  0.5017   0.2898   7.9414  16.2342
  0.5295   0.2989   7.8592  16.1952
 -1.0058   0.7637   7.7714  16.1537
  0.1926  -0.0564   7.6989  16.1201
  0.4353   0.2125   7.6224  16.0863
  0.2052  -0.0441   7.5443  16.0491
  0.2331  -0.0250   7.4653  16.0151
  0.2877   0.0447   7.3859  15.9815
  0.2710   0.0065   7.3061  15.9501
  0.3249   0.0832   7.2251  15.9220
  0.2167  -0.0411   7.1427  15.9015
  0.2103  -0.0457   7.0522  15.8934
  0.0000   0.0000   0.0000   0.0000
  1.4182  -1.0459  10.4903  12.6272
  1.5033  -1.0499  12.4020  14.4623
  1.4727  -0.9431  12.5524  14.8826
  1.4330  -0.8375  12.7654  14.9410
  1.3935  -0.7429  12.6488  15.0862
  1.3554  -0.6586  12.7038  15.1495
  1.3185  -0.5838  12.7239  15.2259
  1.2828  -0.5175  12.7612  15.2955
  1.2480  -0.4588  12.8071  15.3613
  1.2142  -0.4068  12.9408  15.3912
  1.1812  -0.3608  13.0536  15.4302
  1.1488  -0.3202  13.1211  15.4883
  1.1168  -0.2846  13.0282  15.6115
  1.0854  -0.2531  12.9735  15.7187
  1.0549  -0.2252  13.2321  15.7008
  1.0244  -0.2007  13.2580  15.7764
  0.9940  -0.1794  13.0829  15.9313
  0.9642  -0.1606  13.1148  16.0042
  0.9346  -0.1440  13.1486  16.0763
  0.9052  -0.1296  13.1755  16.1513
  0.8762  -0.1168  13.4272  16.1399
  0.8470  -0.1058  13.4383  16.2217
  0.8180  -0.0962  13.4509  16.3028
  0.7890  -0.0878  13.4650  16.3835
  0.7601  -0.0806  13.4803  16.4636
  0.7312  -0.0743  13.4968  16.5433
  0.7024  -0.0689  13.5143  16.6227
  0.6735  -0.0642  13.5327  16.7017
  0.6447  -0.0603  13.5518  16.7804
  0.6158  -0.0569  13.5717  16.8588
  0.5868  -0.0541  13.5921  16.9371
  0.5579  -0.0517  13.6130  17.0151
  0.5289  -0.0497  13.6343  17.0930
  0.4998  -0.0481  13.6559  17.1708
  0.4707  -0.0467  13.6777  17.2484
  0.4415  -0.0457  13.6997  17.3259
  0.4122  -0.0449  13.7217  17.4034
  0.3829  -0.0443  13.7438  17.4808
  0.3535  -0.0438  13.7658  17.5581
  0.3240  -0.0435  13.7876  17.6354
  0.2945  -0.0434  13.8093  17.7126
  0.2649  -0.0433  13.8307  17.7898
  0.2352  -0.0433  13.8519  17.8670
  0.2055  -0.0434  13.8727  17.9442
  0.1757  -0.0436  13.8932  18.0213
  0.1458  -0.0438  13.9132  18.0983
  0.1158  -0.0440  13.9328  18.1753
  0.0858  -0.0442  13.9518  18.2523
  0.0558  -0.0444  13.9704  18.3292
  0.0256  -0.0446  13.9883  18.4061
 -0.0045  -0.0447  14.0057  18.4828
 -0.0348  -0.0449  14.0224  18.5595
 -0.0651  -0.0449  14.0385  18.6361
 -0.0954  -0.0450  14.0539  18.7126
 -0.1258  -0.0449  14.0686  18.7889
 -0.1563  -0.0448  14.0826  18.8651
 -0.1868  -0.0445  14.0959  18.9412
 -0.2173  -0.0442  14.1083  19.0170
 -0.2479  -0.0437  14.1200  19.0927
 -0.2785  -0.0431  14.1308  19.1681
 -0.3092  -0.0424  14.1409  19.2433
 -0.3399  -0.0414  14.1501  19.3183
 -0.3706  -0.0403  14.1584  19.3929
 -0.4014  -0.0390  14.1659  19.4673
 -0.4322  -0.0375  14.1725  19.5413
 -0.4631  -0.0357  14.1782  19.6149
 -0.4940  -0.0337  14.1829  19.6882
 -0.5250  -0.0314  14.1868  19.7610
 -0.5560  -0.0287  14.1897  19.8335
 -0.5871  -0.0257  14.1917  19.9054
 -0.6182  -0.0223  14.1926  19.9769
 -0.6494  -0.0184  14.1927  20.0478
 -0.6807  -0.0141  14.1917  20.1182
 -0.7120  -0.0093  14.1897  20.1879
 -0.7434  -0.0039  14.1868  20.2571
 -0.7749   0.0021  14.1828  20.3256
 -0.8064   0.0088  14.1777  20.3933
 -0.8381   0.0162  14.1717  20.4604
 -0.8699   0.0245  14.1645  20.5267
 -0.9017   0.0337  14.1563  20.5921
 -0.9337   0.0439  14.1470  20.6567
 -0.9657   0.0552  14.1365  20.7204
 -0.9979   0.0677  14.1250  20.7832
 -1.0301   0.0816  14.1123  20.8449
 -1.0625   0.0970  14.0984  20.9056
 -1.0949   0.1140  14.0834  20.9652
 -1.1275   0.1328  14.0671  21.0236
 -1.1601   0.1536  14.0496  21.0808
 -1.1927   0.1765  14.0308  21.1366
 -1.2254   0.2020  14.0107  21.1910
 -1.2581   0.2300  13.9893  21.2439
 -1.2908   0.2611  13.9664  21.2952
 -1.3233   0.2954  13.9420  21.3446
 -1.3557   0.3334  13.9160  21.3921
 -1.3879   0.3753  13.8883  21.4374
 -1.4195   0.4217  13.8587  21.4802
 -1.4501   0.4729  13.8269  21.5199
 -1.4789   0.5294  13.7923  21.5557
 -1.5019   0.5911  13.7541  21.5862
 -0.0937   0.3096   9.2567  14.7264
 -0.0610   0.2434   9.2235  14.7351
 -0.0304   0.2029   9.1878  14.7455
 -0.0018   0.1730   9.1577  14.7544
  0.0248   0.1480   9.1208  14.7630
  0.0498   0.1259   9.0766  14.7704
  0.0731   0.1060   9.0652  14.7789
  0.0949   0.0881   9.0245  14.7906
  0.1153   0.0720   8.9868  14.8003
  0.1344   0.0575   8.9539  14.8099
  0.1521   0.0446   8.8790  14.8502
  0.1688   0.0327   8.8865  14.8318
  0.1844   0.0221   8.8519  14.8412
  0.1989   0.0127   8.8188  14.8529
  0.2124   0.0042   8.7883  14.8619
  0.2251  -0.0033   8.7507  14.8730
  0.2369  -0.0101   8.7038  14.8834
  0.2480  -0.0162   8.6802  14.8909
  0.2583  -0.0216   8.6556  14.8947
  0.2679  -0.0265   8.5874  14.8983
  0.2769  -0.0310   8.5433  14.8940
  0.2854  -0.0352   8.5255  14.8806
  0.2934  -0.0387   8.4599  14.8644
  0.3007  -0.0414   8.5078  14.9954
  0.3076  -0.0441   8.4552  15.0101
  0.3140  -0.0466   8.4154  15.0480
  0.3200  -0.0490   8.3861  15.0282
  0.3254  -0.0511   8.3480  15.0393
  0.3305  -0.0530   8.3140  15.0507
  0.3351  -0.0547   8.2781  15.0630
  0.3394  -0.0563   8.2413  15.0761
  0.3432  -0.0577   8.2010  15.0934
  0.3468  -0.0590   8.1697  15.1016
  0.3501  -0.0602   8.1418  15.1132
  0.3530  -0.0613   8.0969  15.1285
  0.3556  -0.0624   8.0758  15.1405
  0.3580  -0.0633   8.0254  15.1591
  0.3601  -0.0642   7.9712  15.1747
  0.3620  -0.0651   7.9538  15.1896
  0.3636  -0.0659   7.9195  15.2050
  0.3650  -0.0668   7.8846  15.2209
  0.3661  -0.0676   7.8456  15.2366
  0.3671  -0.0684   7.8092  15.2531
  0.3678  -0.0692   7.7737  15.2704
  0.3683  -0.0699   7.7438  15.2875
  0.3684  -0.0704   7.6536  15.4316
  0.3685  -0.0715   7.6206  15.3309
  0.3684  -0.0727   7.6335  15.3388
  0.3680  -0.0737   7.6105  15.3579
  0.3674  -0.0745   7.5539  15.3799
  0.3666  -0.0751   7.4703  15.4364
  0.3650  -0.0757   7.4528  15.7513
  0.3640  -0.0776   7.4460  15.4382
  0.3622  -0.0792   7.4037  15.4556
  0.3603  -0.0806   7.3659  15.4753
  0.3582  -0.0821   7.3338  15.4945
  0.3558  -0.0836   7.2945  15.5139
  0.3534  -0.0853   7.2562  15.5332
  0.3507  -0.0871   7.2176  15.5524
  0.3479  -0.0891   7.1785  15.5715
  0.3449  -0.0912   7.1387  15.5906
  0.3417  -0.0935   7.1001  15.6093
  0.3383  -0.0960   7.0537  15.6279
  0.3348  -0.0987   7.0087  15.6485
  0.3310  -0.1017   6.9625  15.6670
  0.3272  -0.1049   6.9246  15.6846
  0.3232  -0.1083   6.9098  15.7014
  0.3189  -0.1120   6.8337  15.7231
  0.3146  -0.1159   6.8129  15.7394
  0.3101  -0.1198   6.7622  15.7613
  0.3055  -0.1236   6.7166  15.7809
  0.3004  -0.1276   6.4795  15.9318
  0.2953  -0.1322   6.4558  15.9105
  0.2899  -0.1377   6.5975  15.8728
  0.2842  -0.1448   6.5642  15.9052
  0.2808  -0.1522   6.1522  15.1526
  0.2749  -0.1593   6.2922  15.6346
  0.2716  -0.1708   6.1765  15.3618
  0.2702  -0.1998   6.0088  15.1020
  0.0000   0.0000   0.0000   0.0000
 -3.4096   0.1987   1.3262  -4.1269
 -3.2850   0.1481   1.1480  -3.1653
 -3.1616   0.1106   0.9978  -2.4244
 -3.0394   0.0834   0.8704  -1.8556
 -2.9188   0.0640   0.7614  -1.4200
 -2.7997   0.0506   0.6671  -1.0869
 -2.6823   0.0418   0.5847  -0.8326
 -2.5666   0.0365   0.5118  -0.6386
 -2.4526   0.0340   0.4465  -0.4908
 -2.3403   0.0334   0.3874  -0.3783
 -2.2297   0.0343   0.3334  -0.2927
 -2.1208   0.0363   0.2837  -0.2277
 -2.0136   0.0390   0.2377  -0.1785
 -1.9080   0.0424   0.1948  -0.1411
 -1.8041   0.0461   0.1546  -0.1130
 -1.7017   0.0500   0.1170  -0.0917
 -1.6009   0.0540   0.0817  -0.0757
 -1.5017   0.0582   0.0485  -0.0638
 -1.4040   0.0623   0.0172  -0.0548
 -1.3077   0.0664  -0.0121  -0.0481
 -1.2129   0.0704  -0.0395  -0.0430
 -1.1195   0.0743  -0.0652  -0.0392
 -1.0276   0.0781  -0.0891  -0.0363
 -0.9370   0.0818  -0.1113  -0.0341
 -0.8477   0.0854  -0.1318  -0.0322
 -0.7598   0.0889  -0.1506  -0.0307
 -0.6731   0.0922  -0.1676  -0.0293
 -0.5878   0.0955  -0.1830  -0.0281
 -0.5037   0.0987  -0.1967  -0.0268
 -0.4208   0.1017  -0.2088  -0.0255
 -0.3392   0.1047  -0.2191  -0.0241
 -0.2587   0.1076  -0.2277  -0.0227
 -0.1794   0.1104  -0.2346  -0.0211
 -0.1013   0.1132  -0.2399  -0.0194
 -0.0243   0.1159  -0.2434  -0.0176
  0.0516   0.1185  -0.2452  -0.0156
  0.1263   0.1210  -0.2452  -0.0135
  0.2000   0.1235  -0.2435  -0.0113
  0.2726   0.1260  -0.2401  -0.0089
  0.3441   0.1284  -0.2349  -0.0065
  0.4146   0.1307  -0.2279  -0.0039
  0.4841   0.1330  -0.2191  -0.0011
  0.5525   0.1353  -0.2085   0.0017
  0.6199   0.1375  -0.1962   0.0046
  0.6864   0.1396  -0.1820   0.0077
  0.7518   0.1417  -0.1659   0.0108
  0.8163   0.1437  -0.1480   0.0141
  0.8798   0.1455  -0.1282   0.0175
  0.9424   0.1473  -0.1066   0.0210
  1.0041   0.1490  -0.0830   0.0246
  1.0648   0.1505  -0.0575   0.0284
  1.1247   0.1519  -0.0301   0.0323
  1.1836   0.1530  -0.0007   0.0365
  1.2416   0.1539   0.0306   0.0410
  1.2988   0.1545   0.0640   0.0458
  1.3551   0.1547   0.0994   0.0510
  1.4106   0.1544   0.1368   0.0569
  1.4652   0.1535   0.1763   0.0634
  1.5191   0.1518   0.2179   0.0708
  1.5721   0.1493   0.2616   0.0793
  1.6243   0.1456   0.3074   0.0894
  1.6758   0.1405   0.3554   0.1012
  1.7266   0.1336   0.4056   0.1154
  1.7767   0.1244   0.4581   0.1326
  1.8261   0.1125   0.5128   0.1535
  1.8748   0.0971   0.5698   0.1792
  1.9230   0.0773   0.6292   0.2108
  1.9707   0.0520   0.6910   0.2499
  2.0180   0.0197   0.7552   0.2985
  2.0649  -0.0212   0.8219   0.3589
  2.1116  -0.0732   0.8912   0.4341
  2.1582  -0.1389   0.9631   0.5281
  2.2050  -0.2220   1.0377   0.6454
  2.2521  -0.3270   1.1152   0.7920
  2.2998  -0.4595   1.1955   0.9751
  2.3486  -0.6268   1.2789   1.2039
  2.3987  -0.8378   1.3653   1.4897
  2.4509  -1.1039   1.4548   1.8464
  0.0000   0.0000   0.0000   0.0000
 -4.8624  21.1420   1.1036  -0.0050
 -5.0962  21.1021   1.0507  -0.0027
 -5.3305  21.0598   0.9987  -0.0008
 -5.5653  21.0153   0.9477   0.0006
 -5.8005  20.9685   0.8976   0.0016
 -6.0361  20.9194   0.8483   0.0023
 -6.2721  20.8680   0.7999   0.0026
 -6.5085  20.8143   0.7523   0.0028
 -6.7452  20.7584   0.7056   0.0026
 -6.9823  20.7003   0.6595   0.0023
 -7.2198  20.6399   0.6142   0.0018
 -7.4575  20.5773   0.5697   0.0012
 -7.6955  20.5124   0.5258   0.0005
 -7.9337  20.4454   0.4825  -0.0004
 -8.1721  20.3762   0.4400  -0.0013
 -8.4107  20.3048   0.3980  -0.0023
 -8.6495  20.2312   0.3566  -0.0034
 -8.8883  20.1554   0.3159  -0.0045
 -9.1272  20.0775   0.2756  -0.0056
 -9.3662  19.9974   0.2359  -0.0067
 -9.6051  19.9152   0.1967  -0.0079
 -9.8440  19.8309   0.1580  -0.0090
-10.0829  19.7445   0.1198  -0.0101
-10.3216  19.6560   0.0820  -0.0112
-10.5601  19.5654   0.0446  -0.0122
-10.7984  19.4728   0.0076  -0.0133
-11.0365  19.3781  -0.0290  -0.0143
-11.2743  19.2814  -0.0652  -0.0152
-11.5117  19.1827  -0.1011  -0.0161
-11.7487  19.0820  -0.1367  -0.0170
-11.9854  18.9793  -0.1719  -0.0178
-12.2215  18.8747  -0.2069  -0.0185
-12.4571  18.7681  -0.2416  -0.0193
-12.6922  18.6597  -0.2760  -0.0199
-12.9266  18.5493  -0.3102  -0.0205
-13.1605  18.4371  -0.3443  -0.0210
-13.3936  18.3230  -0.3781  -0.0215
-13.6259  18.2070  -0.4117  -0.0220
-13.8575  18.0893  -0.4452  -0.0223
-14.0883  17.9697  -0.4785  -0.0227
-14.3181  17.8484  -0.5117  -0.0229
-14.5471  17.7253  -0.5448  -0.0231
-14.7751  17.6005  -0.5779  -0.0233
-15.0021  17.4740  -0.6108  -0.0234
-15.2281  17.3458  -0.6437  -0.0234
-15.4529  17.2159  -0.6765  -0.0233
-15.6767  17.0843  -0.7093  -0.0232
-15.8993  16.9511  -0.7421  -0.0231
-16.1206  16.8163  -0.7749  -0.0229
-16.3408  16.6798  -0.8078  -0.0225
-16.5596  16.5417  -0.8406  -0.0222
-16.7771  16.4020  -0.8735  -0.0217
-16.9933  16.2607  -0.9065  -0.0212
-17.2080  16.1179  -0.9395  -0.0206
-17.4214  15.9734  -0.9726  -0.0198
-17.6332  15.8274  -1.0059  -0.0190
-17.8435  15.6798  -1.0392  -0.0180
-18.0523  15.5306  -1.0727  -0.0170
-18.2595  15.3798  -1.1063  -0.0157
-18.4651  15.2274  -1.1400  -0.0143
-18.6691  15.0735  -1.1739  -0.0128
-18.8714  14.9179  -1.2080  -0.0110
-19.0719  14.7607  -1.2423  -0.0090
-19.2707  14.6018  -1.2767  -0.0067
-19.4678  14.4413  -1.3114  -0.0042
-19.6630  14.2791  -1.3463  -0.0013
-19.8564  14.1152  -1.3813   0.0019
-20.0479  13.9495  -1.4166   0.0056
-20.2375  13.7820  -1.4522   0.0097
-20.4252  13.6127  -1.4880   0.0143
-20.6110  13.4415  -1.5240   0.0195
-20.7948  13.2684  -1.5602   0.0254
-20.9766  13.0933  -1.5968   0.0321
-21.1564  12.9162  -1.6336   0.0396
-21.3342  12.7370  -1.6706   0.0481
-21.5099  12.5556  -1.7079   0.0576
-21.6836  12.3719  -1.7455   0.0684
-21.8552  12.1859  -1.7833   0.0805
-22.0247  11.9975  -1.8214   0.0942
  0.0000   0.0000   0.0000   0.0000
  0.1989  -4.6208  -3.0311   1.1038
  0.0940  -3.6446  -2.9168   0.8961
  0.0094  -2.8721  -2.8063   0.7294
 -0.0578  -2.2627  -2.6991   0.5954
 -0.1107  -1.7828  -2.5949   0.4876
 -0.1518  -1.4054  -2.4935   0.4006
 -0.1834  -1.1087  -2.3946   0.3302
 -0.2074  -0.8756  -2.2980   0.2732
 -0.2254  -0.6922  -2.2037   0.2268
 -0.2385  -0.5480  -2.1115   0.1890
 -0.2479  -0.4344  -2.0213   0.1579
 -0.2542  -0.3448  -1.9331   0.1323
 -0.2581  -0.2741  -1.8467   0.1111
 -0.2601  -0.2182  -1.7620   0.0934
 -0.2605  -0.1739  -1.6790   0.0786
 -0.2597  -0.1386  -1.5976   0.0661
 -0.2578  -0.1106  -1.5178   0.0555
 -0.2552  -0.0881  -1.4395   0.0464
 -0.2518  -0.0701  -1.3626   0.0387
 -0.2478  -0.0555  -1.2871   0.0320
 -0.2434  -0.0437  -1.2129   0.0262
 -0.2385  -0.0341  -1.1400   0.0211
 -0.2332  -0.0261  -1.0684   0.0168
 -0.2276  -0.0196  -0.9979   0.0130
 -0.2216  -0.0141  -0.9285   0.0097
 -0.2154  -0.0094  -0.8602   0.0069
 -0.2089  -0.0054  -0.7930   0.0045
 -0.2022  -0.0019  -0.7268   0.0025
 -0.1951   0.0011  -0.6616   0.0008
 -0.1879   0.0038  -0.5973  -0.0005
 -0.1804   0.0062  -0.5339  -0.0014
 -0.1727   0.0084  -0.4714  -0.0021
 -0.1648   0.0105  -0.4096  -0.0024
 -0.1567   0.0123  -0.3487  -0.0024
 -0.1483   0.0141  -0.2886  -0.0021
 -0.1398   0.0158  -0.2291  -0.0016
 -0.1310   0.0174  -0.1704  -0.0007
 -0.1220   0.0189  -0.1123   0.0004
 -0.1128   0.0203  -0.0549   0.0018
 -0.1033   0.0218   0.0019   0.0035
 -0.0937   0.0232   0.0582   0.0054
 -0.0838   0.0245   0.1138   0.0076
 -0.0737   0.0259   0.1690   0.0100
 -0.0634   0.0272   0.2236   0.0127
 -0.0529   0.0285   0.2777   0.0156
 -0.0421   0.0298   0.3314   0.0186
 -0.0312   0.0312   0.3846   0.0219
 -0.0200   0.0326   0.4374   0.0253
 -0.0085   0.0340   0.4899   0.0289
  0.0032   0.0356   0.5419   0.0325
  0.0151   0.0372   0.5936   0.0362
  0.0272   0.0390   0.6449   0.0400
  0.0396   0.0410   0.6959   0.0436
  0.0523   0.0432   0.7466   0.0471
  0.0652   0.0458   0.7971   0.0504
  0.0783   0.0488   0.8472   0.0533
  0.0917   0.0523   0.8972   0.0557
  0.1054   0.0564   0.9470   0.0574
  0.1194   0.0614   0.9965   0.0581
  0.1337   0.0675   1.0460   0.0576
  0.1482   0.0749   1.0953   0.0554
  0.1630   0.0839   1.1446   0.0511
  0.1782   0.0951   1.1940   0.0441
  0.1937   0.1088   1.2433   0.0337
  0.2095   0.1258   1.2929   0.0188
  0.2257   0.1469   1.3427  -0.0016
  0.2423   0.1731   1.3930  -0.0292
  0.2593   0.2058   1.4438  -0.0658
  0.2768   0.2464   1.4955  -0.1139
  0.2949   0.2970   1.5482  -0.1764
  0.3135   0.3601   1.6024  -0.2574
  0.3328   0.4388   1.6586  -0.3616
  0.3529   0.5369   1.7172  -0.4954
  0.3739   0.6594   1.7790  -0.6665
  0.3960   0.8122   1.8450  -0.8851
  0.4193   1.0029   1.9162  -1.1637
  0.4442   1.2407   1.9942  -1.5183
  0.4707   1.5374   2.0808  -1.9692
  0.4992   1.9072   2.1780  -2.5418
  0.0614  -0.0077  -0.1369  -0.0316
  0.0713  -0.0078  -0.1206  -0.0342
  0.0713  -0.0079  -0.1207  -0.0342
  0.0713  -0.0079  -0.1207  -0.0342
  0.0713  -0.0079  -0.1207  -0.0342
  0.0000   0.0000   0.0000   0.0000
  0.4592   0.2500  12.8026  27.8871
  0.4689   0.2252  12.6935  27.9018
  0.4779   0.1985  12.5821  27.9140
  0.4865   0.1729  12.4686  27.9239
  0.4946   0.1491  12.3530  27.9316
  0.5023   0.1275  12.2354  27.9371
  0.5096   0.1080  12.1158  27.9404
  0.5166   0.0904  11.9944  27.9417
  0.5233   0.0746  11.8712  27.9409
  0.5297   0.0604  11.7462  27.9381
  0.5358   0.0477  11.6194  27.9333
  0.5418   0.0363  11.4910  27.9267
  0.5475   0.0261  11.3611  27.9182
  0.5530   0.0171  11.2295  27.9078
  0.5584   0.0090  11.0965  27.8956
  0.5637   0.0018  10.9621  27.8817
  0.5689  -0.0046  10.8263  27.8660
  0.5739  -0.0102  10.6892  27.8486
  0.5788  -0.0151  10.5509  27.8295
  0.5837  -0.0195  10.4113  27.8087
  0.5885  -0.0233  10.2707  27.7862
  0.5933  -0.0266  10.1290  27.7622
  0.5980  -0.0294   9.9862  27.7365
  0.6027  -0.0319   9.8425  27.7092
  0.6074  -0.0339   9.6980  27.6803
  0.6120  -0.0357   9.5526  27.6499
  0.6167  -0.0371   9.4064  27.6179
  0.6213  -0.0382   9.2596  27.5843
  0.6260  -0.0391   9.1121  27.5492
  0.6307  -0.0398   8.9640  27.5125
  0.6354  -0.0403   8.8154  27.4743
  0.6402  -0.0406   8.6664  27.4346
  0.6450  -0.0408   8.5170  27.3934
  0.6498  -0.0408   8.3673  27.3506
  0.6547  -0.0406   8.2173  27.3063
  0.6597  -0.0404   8.0672  27.2605
  0.6647  -0.0401   7.9170  27.2132
  0.6698  -0.0396   7.7667  27.1644
  0.6750  -0.0391   7.6164  27.1140
  0.6802  -0.0386   7.4662  27.0621
  0.6856  -0.0380   7.3161  27.0087
  0.6910  -0.0373   7.1663  26.9538
  0.6966  -0.0367   7.0167  26.8973
  0.7022  -0.0360   6.8675  26.8394
  0.7079  -0.0353   6.7187  26.7798
  0.7138  -0.0346   6.5703  26.7188
  0.7198  -0.0340   6.4225  26.6562
  0.7259  -0.0333   6.2753  26.5921
  0.7321  -0.0327   6.1288  26.5264
  0.7385  -0.0322   5.9830  26.4592
  0.7450  -0.0317   5.8379  26.3905
  0.7517  -0.0313   5.6937  26.3201
  0.7585  -0.0309   5.5504  26.2483
  0.7655  -0.0307   5.4080  26.1748
  0.7727  -0.0306   5.2667  26.0998
  0.7800  -0.0306   5.1264  26.0233
  0.7875  -0.0308   4.9872  25.9451
  0.7952  -0.0311   4.8491  25.8654
  0.8031  -0.0317   4.7122  25.7842
  0.8112  -0.0324   4.5766  25.7013
  0.8195  -0.0334   4.4422  25.6169
  0.8280  -0.0347   4.3092  25.5308
  0.8368  -0.0362   4.1775  25.4432
  0.8458  -0.0381   4.0472  25.3540
  0.8551  -0.0404   3.9183  25.2632
  0.8646  -0.0430   3.7908  25.1708
  0.8745  -0.0461   3.6648  25.0768
  0.8846  -0.0497   3.5403  24.9812
  0.8950  -0.0538   3.4173  24.8840
  0.9058  -0.0585   3.2958  24.7851
  0.9169  -0.0639   3.1759  24.6847
  0.9284  -0.0700   3.0575  24.5825
  0.9403  -0.0769   2.9406  24.4788
  0.9526  -0.0847   2.8253  24.3734
  0.9654  -0.0934   2.7115  24.2663
  0.9786  -0.1029   2.5993  24.1576
  0.9923  -0.1129   2.4886  24.0471
  1.0064  -0.1224   2.3795  23.9350
  1.0211  -0.1286   2.2720  23.8211
  0.0000   0.0000   0.0000   0.0000
 -2.0115   0.9034  -2.9361  -2.6795
 -1.9351   0.7112  -2.8839  -2.1773
 -1.8611   0.5593  -2.8243  -1.7766
 -1.7892   0.4394  -2.7587  -1.4563
 -1.7191   0.3447  -2.6883  -1.2001
 -1.6508   0.2699  -2.6143  -0.9946
 -1.5841   0.2110  -2.5375  -0.8295
 -1.5189   0.1645  -2.4588  -0.6965
 -1.4550   0.1280  -2.3787  -0.5891
 -1.3924   0.0992  -2.2977  -0.5020
 -1.3309   0.0767  -2.2162  -0.4310
 -1.2706   0.0590  -2.1346  -0.3730
 -1.2114   0.0452  -2.0530  -0.3254
 -1.1532   0.0344  -1.9717  -0.2859
 -1.0959   0.0261  -1.8908  -0.2531
 -1.0395   0.0197  -1.8104  -0.2256
 -0.9840   0.0148  -1.7305  -0.2024
 -0.9293   0.0111  -1.6512  -0.1826
 -0.8754   0.0083  -1.5726  -0.1655
 -0.8222   0.0063  -1.4946  -0.1507
 -0.7696   0.0050  -1.4172  -0.1378
 -0.7178   0.0041  -1.3405  -0.1263
 -0.6665   0.0035  -1.2644  -0.1160
 -0.6158   0.0033  -1.1889  -0.1067
 -0.5657   0.0034  -1.1139  -0.0983
 -0.5161   0.0036  -1.0395  -0.0905
 -0.4670   0.0040  -0.9656  -0.0833
 -0.4183   0.0046  -0.8922  -0.0766
 -0.3701   0.0053  -0.8192  -0.0702
 -0.3223   0.0061  -0.7466  -0.0642
 -0.2748   0.0069  -0.6744  -0.0585
 -0.2276   0.0079  -0.6025  -0.0530
 -0.1808   0.0089  -0.5308  -0.0477
 -0.1342   0.0100  -0.4593  -0.0426
 -0.0879   0.0111  -0.3880  -0.0376
 -0.0418   0.0123  -0.3169  -0.0328
  0.0041   0.0135  -0.2458  -0.0281
  0.0498   0.0148  -0.1748  -0.0235
  0.0954   0.0161  -0.1037  -0.0190
  0.1409   0.0175  -0.0326  -0.0145
  0.1862   0.0190   0.0387  -0.0102
  0.2316   0.0204   0.1101  -0.0059
  0.2768   0.0220   0.1817  -0.0017
  0.3221   0.0235   0.2536   0.0025
  0.3674   0.0251   0.3258   0.0066
  0.4127   0.0267   0.3984   0.0107
  0.4580   0.0284   0.4714   0.0147
  0.5035   0.0300   0.5449   0.0187
  0.5491   0.0317   0.6190   0.0226
  0.5948   0.0334   0.6936   0.0265
  0.6407   0.0351   0.7689   0.0304
  0.6867   0.0367   0.8449   0.0343
  0.7330   0.0383   0.9216   0.0382
  0.7795   0.0399   0.9992   0.0422
  0.8263   0.0413   1.0777   0.0462
  0.8734   0.0426   1.1571   0.0503
  0.9208   0.0437   1.2375   0.0546
  0.9686   0.0445   1.3190   0.0590
  1.0167   0.0451   1.4017   0.0638
  1.0653   0.0451   1.4855   0.0690
  1.1143   0.0447   1.5706   0.0747
  1.1637   0.0435   1.6571   0.0812
  1.2137   0.0414   1.7450   0.0886
  1.2642   0.0381   1.8344   0.0972
  1.3153   0.0333   1.9253   0.1074
  1.3671   0.0267   2.0178   0.1197
  1.4195   0.0176   2.1121   0.1347
  1.4727   0.0054   2.2082   0.1530
  1.5268  -0.0107   2.3061   0.1756
  1.5817  -0.0318   2.4060   0.2038
  1.6376  -0.0592   2.5079   0.2390
  1.6947  -0.0945   2.6119   0.2830
  1.7530  -0.1401   2.7181   0.3383
  1.8128  -0.1985   2.8266   0.4079
  1.8743  -0.2733   2.9373   0.4954
  1.9377  -0.3687   3.0505   0.6057
  2.0035  -0.4905   3.1660   0.7446
  0.0000   0.0000   0.0000   0.0000
 -8.9846  22.7943   1.5388  -0.1158
 -9.1971  22.7318   1.4790  -0.1019
 -9.4097  22.6661   1.4202  -0.0896
 -9.6225  22.5974   1.3625  -0.0787
 -9.8354  22.5257   1.3056  -0.0693
-10.0484  22.4510   1.2497  -0.0610
-10.2614  22.3733   1.1946  -0.0539
-10.4745  22.2928   1.1404  -0.0477
-10.6875  22.2095   1.0870  -0.0424
-10.9006  22.1234   1.0344  -0.0379
-11.1135  22.0346   0.9825  -0.0340
-11.3264  21.9431   0.9314  -0.0308
-11.5391  21.8490   0.8810  -0.0281
-11.7516  21.7523   0.8312  -0.0260
-11.9639  21.6531   0.7820  -0.0242
-12.1759  21.5514   0.7335  -0.0228
-12.3875  21.4473   0.6856  -0.0218
-12.5988  21.3408   0.6382  -0.0210
-12.8097  21.2320   0.5914  -0.0205
-13.0200  21.1209   0.5451  -0.0202
-13.2299  21.0075   0.4993  -0.0201
-13.4391  20.8920   0.4539  -0.0202
-13.6477  20.7743   0.4090  -0.0203
-13.8557  20.6546   0.3646  -0.0206
-14.0628  20.5328   0.3205  -0.0210
-14.2692  20.4091   0.2768  -0.0215
-14.4747  20.2834   0.2335  -0.0220
-14.6793  20.1558   0.1906  -0.0225
-14.8829  20.0264   0.1479  -0.0231
-15.0855  19.8953   0.1056  -0.0237
-15.2871  19.7624   0.0635  -0.0243
-15.4875  19.6279   0.0217  -0.0249
-15.6867  19.4918  -0.0198  -0.0255
-15.8847  19.3541  -0.0612  -0.0261
-16.0814  19.2149  -0.1023  -0.0267
-16.2768  19.0742  -0.1432  -0.0273
-16.4707  18.9322  -0.1840  -0.0278
-16.6633  18.7888  -0.2246  -0.0283
-16.8544  18.6440  -0.2651  -0.0287
-17.0439  18.4981  -0.3055  -0.0292
-17.2319  18.3509  -0.3457  -0.0295
-17.4183  18.2026  -0.3859  -0.0299
-17.6030  18.0532  -0.4260  -0.0302
-17.7860  17.9027  -0.4661  -0.0304
-17.9673  17.7512  -0.5061  -0.0306
-18.1468  17.5988  -0.5462  -0.0308
-18.3245  17.4454  -0.5862  -0.0309
-18.5003  17.2911  -0.6262  -0.0309
-18.6743  17.1360  -0.6662  -0.0309
-18.8463  16.9800  -0.7063  -0.0308
-19.0164  16.8233  -0.7465  -0.0306
-19.1845  16.6658  -0.7867  -0.0304
-19.3506  16.5076  -0.8269  -0.0301
-19.5147  16.3488  -0.8673  -0.0297
-19.6767  16.1892  -0.9078  -0.0292
-19.8366  16.0290  -0.9484  -0.0286
-19.9944  15.8683  -0.9891  -0.0279
-20.1501  15.7069  -1.0299  -0.0271
-20.3036  15.5449  -1.0709  -0.0261
-20.4549  15.3824  -1.1121  -0.0250
-20.6041  15.2193  -1.1534  -0.0237
-20.7510  15.0556  -1.1949  -0.0222
-20.8956  14.8914  -1.2366  -0.0205
-21.0380  14.7267  -1.2784  -0.0186
-21.1781  14.5614  -1.3205  -0.0164
-21.3160  14.3956  -1.3627  -0.0139
-21.4515  14.2292  -1.4052  -0.0110
-21.5847  14.0623  -1.4479  -0.0078
-21.7156  13.8948  -1.4908  -0.0042
-21.8441  13.7267  -1.5339  -0.0000
-21.9703  13.5579  -1.5773   0.0047
-22.0942  13.3885  -1.6209   0.0100
-22.2156  13.2185  -1.6647   0.0160
-22.3347  13.0477  -1.7087   0.0228
-22.4514  12.8762  -1.7530   0.0304
-22.5657  12.7039  -1.7975   0.0391
-22.6777  12.5308  -1.8423   0.0489
-22.7872  12.3568  -1.8872   0.0599
-22.8944  12.1819  -1.9324   0.0723
  0.0000   0.0000   0.0000   0.0000
 -0.7070  -4.1845  -3.1242   1.5043
 -0.7622  -3.2974  -3.0051   1.2095
 -0.8017  -2.5985  -2.8900   0.9667
 -0.8278  -2.0485  -2.7785   0.7689
 -0.8428  -1.6173  -2.6703   0.6088
 -0.8487  -1.2798  -2.5651   0.4797
 -0.8473  -1.0160  -2.4627   0.3758
 -0.8402  -0.8097  -2.3629   0.2923
 -0.8286  -0.6483  -2.2658   0.2250
 -0.8136  -0.5221  -2.1710   0.1707
 -0.7959  -0.4231  -2.0785   0.1268
 -0.7762  -0.3455  -1.9882   0.0911
 -0.7550  -0.2844  -1.9000   0.0621
 -0.7326  -0.2363  -1.8137   0.0382
 -0.7094  -0.1982  -1.7294   0.0185
 -0.6855  -0.1680  -1.6468   0.0022
 -0.6612  -0.1439  -1.5660  -0.0114
 -0.6366  -0.1247  -1.4867  -0.0229
 -0.6118  -0.1092  -1.4091  -0.0325
 -0.5868  -0.0966  -1.3328  -0.0407
 -0.5617  -0.0863  -1.2580  -0.0477
 -0.5366  -0.0779  -1.1845  -0.0537
 -0.5115  -0.0709  -1.1122  -0.0589
 -0.4865  -0.0651  -1.0410  -0.0632
 -0.4614  -0.0601  -0.9710  -0.0670
 -0.4364  -0.0559  -0.9020  -0.0702
 -0.4115  -0.0522  -0.8340  -0.0728
 -0.3866  -0.0490  -0.7669  -0.0750
 -0.3618  -0.0462  -0.7007  -0.0767
 -0.3370  -0.0437  -0.6352  -0.0781
 -0.3123  -0.0414  -0.5705  -0.0790
 -0.2877  -0.0393  -0.5065  -0.0796
 -0.2630  -0.0374  -0.4431  -0.0798
 -0.2385  -0.0357  -0.3803  -0.0796
 -0.2139  -0.0340  -0.3180  -0.0791
 -0.1894  -0.0325  -0.2562  -0.0783
 -0.1649  -0.0310  -0.1948  -0.0771
 -0.1403  -0.0297  -0.1339  -0.0756
 -0.1158  -0.0284  -0.0732  -0.0738
 -0.0913  -0.0271  -0.0129  -0.0717
 -0.0667  -0.0259   0.0471  -0.0692
 -0.0421  -0.0248   0.1070  -0.0665
 -0.0175  -0.0237   0.1667  -0.0634
  0.0072  -0.0226   0.2262  -0.0601
  0.0320  -0.0215   0.2856  -0.0564
  0.0569  -0.0204   0.3450  -0.0525
  0.0818  -0.0194   0.4043  -0.0483
  0.1069  -0.0183   0.4637  -0.0439
  0.1321  -0.0172   0.5231  -0.0392
  0.1574  -0.0160   0.5825  -0.0343
  0.1829  -0.0148   0.6421  -0.0292
  0.2086  -0.0134   0.7018  -0.0239
  0.2344  -0.0118   0.7617  -0.0185
  0.2604  -0.0101   0.8218  -0.0131
  0.2866  -0.0081   0.8821  -0.0077
  0.3131  -0.0056   0.9427  -0.0023
  0.3398  -0.0027   1.0036   0.0029
  0.3668   0.0008   1.0648   0.0077
  0.3940   0.0051   1.1264   0.0121
  0.4216   0.0105   1.1884   0.0158
  0.4495   0.0171   1.2508   0.0185
  0.4777   0.0254   1.3137   0.0199
  0.5062   0.0359   1.3771   0.0196
  0.5352   0.0490   1.4411   0.0170
  0.5646   0.0655   1.5058   0.0115
  0.5944   0.0864   1.5711   0.0020
  0.6248   0.1128   1.6373  -0.0125
  0.6556   0.1461   1.7044  -0.0335
  0.6870   0.1882   1.7726  -0.0629
  0.7190   0.2414   1.8421  -0.1032
  0.7517   0.3087   1.9132  -0.1574
  0.7851   0.3936   1.9862  -0.2296
  0.8194   0.5008   2.0616  -0.3250
  0.8546   0.6358   2.1399  -0.4504
  0.8910   0.8055   2.2220  -0.6146
  0.9286   1.0182   2.3088  -0.8293
  0.9676   1.2837   2.4014  -1.1097
  1.0083   1.6130   2.5007  -1.4768
  1.0510   2.0179   2.6046  -1.9587
  0.0343  -0.0052  -0.0875  -0.0190
  0.0464  -0.0051  -0.0795  -0.0212
  0.0464  -0.0051  -0.0795  -0.0212
  0.0000   0.0000   0.0000   0.0000
  0.6888   0.1031  13.8422  27.3694
  0.6866   0.0912  13.7286  27.3636
  0.6843   0.0804  13.6134  27.3567
  0.6821   0.0708  13.4967  27.3487
  0.6798   0.0621  13.3786  27.3398
  0.6775   0.0543  13.2589  27.3298
  0.6751   0.0474  13.1379  27.3188
  0.6728   0.0412  13.0154  27.3068
  0.6705   0.0357  12.8916  27.2939
  0.6682   0.0308  12.7664  27.2800
  0.6659   0.0264  12.6399  27.2652
  0.6637   0.0225  12.5122  27.2495
  0.6615   0.0191  12.3831  27.2329
  0.6593   0.0161  12.2528  27.2154
  0.6572   0.0135  12.1214  27.1970
  0.6551   0.0112  11.9887  27.1778
  0.6531   0.0092  11.8550  27.1576
  0.6512   0.0075  11.7201  27.1366
  0.6493   0.0060  11.5842  27.1147
  0.6475   0.0047  11.4472  27.0919
  0.6458   0.0037  11.3093  27.0683
  0.6442   0.0028  11.1704  27.0438
  0.6426   0.0021  11.0307  27.0184
  0.6412   0.0015  10.8900  26.9921
  0.6398   0.0010  10.7485  26.9649
  0.6385   0.0007  10.6063  26.9369
  0.6374   0.0004  10.4633  26.9080
  0.6363   0.0003  10.3196  26.8781
  0.6354   0.0002  10.1753  26.8474
  0.6346   0.0001  10.0304  26.8157
  0.6339   0.0001   9.8849  26.7831
  0.6333   0.0002   9.7389  26.7495
  0.6329   0.0003   9.5924  26.7150
  0.6326   0.0004   9.4455  26.6795
  0.6324   0.0005   9.2983  26.6431
  0.6323   0.0006   9.1507  26.6056
  0.6324   0.0007   9.0029  26.5671
  0.6327   0.0008   8.8548  26.5276
  0.6331   0.0009   8.7066  26.4871
  0.6336   0.0009   8.5583  26.4455
  0.6343   0.0009   8.4099  26.4028
  0.6352   0.0008   8.2615  26.3591
  0.6362   0.0006   8.1132  26.3142
  0.6374   0.0004   7.9649  26.2682
  0.6387   0.0001   7.8168  26.2210
  0.6403  -0.0003   7.6689  26.1727
  0.6420  -0.0009   7.5213  26.1232
  0.6439  -0.0015   7.3739  26.0725
  0.6459  -0.0023   7.2270  26.0206
  0.6482  -0.0033   7.0804  25.9674
  0.6507  -0.0044   6.9342  25.9130
  0.6533  -0.0058   6.7886  25.8574
  0.6562  -0.0074   6.6435  25.8004
  0.6592  -0.0092   6.4990  25.7421
  0.6625  -0.0113   6.3552  25.6825
  0.6660  -0.0136   6.2120  25.6215
  0.6696  -0.0164   6.0696  25.5592
  0.6736  -0.0194   5.9279  25.4954
  0.6777  -0.0229   5.7870  25.4303
  0.6821  -0.0268   5.6470  25.3638
  0.6867  -0.0313   5.5079  25.2958
  0.6915  -0.0362   5.3697  25.2264
  0.6966  -0.0418   5.2324  25.1555
  0.7020  -0.0480   5.0961  25.0831
  0.7076  -0.0550   4.9609  25.0092
  0.7135  -0.0627   4.8266  24.9337
  0.7196  -0.0713   4.6934  24.8568
  0.7261  -0.0809   4.5613  24.7782
  0.7328  -0.0916   4.4303  24.6981
  0.7398  -0.1035   4.3004  24.6164
  0.7472  -0.1167   4.1716  24.5331
  0.7548  -0.1314   4.0439  24.4482
  0.7628  -0.1476   3.9174  24.3616
  0.7711  -0.1657   3.7920  24.2733
  0.7798  -0.1857   3.6678  24.1834
  0.7889  -0.2078   3.5447  24.0918
  0.7983  -0.2324   3.4227  23.9984
  0.8081  -0.2596   3.3019  23.9033
  0.8184  -0.2897   3.1822  23.8065
  0.0000   0.0000   0.0000   0.0000
 -0.7870   0.9284  -2.7993  -2.7609
 -0.7781   0.7513  -2.7496  -2.2528
 -0.7701   0.6085  -2.6933  -1.8415
 -0.7626   0.4931  -2.6315  -1.5084
 -0.7555   0.4000  -2.5652  -1.2382
 -0.7486   0.3246  -2.4954  -1.0187
 -0.7418   0.2635  -2.4229  -0.8401
 -0.7350   0.2140  -2.3484  -0.6944
 -0.7281   0.1737  -2.2723  -0.5754
 -0.7210   0.1409  -2.1952  -0.4779
 -0.7138   0.1141  -2.1174  -0.3978
 -0.7062   0.0921  -2.0393  -0.3318
 -0.6984   0.0740  -1.9610  -0.2771
 -0.6902   0.0590  -1.8829  -0.2317
 -0.6817   0.0465  -1.8049  -0.1938
 -0.6727   0.0360  -1.7273  -0.1620
 -0.6632   0.0271  -1.6502  -0.1351
 -0.6533   0.0196  -1.5735  -0.1123
 -0.6428   0.0131  -1.4974  -0.0929
 -0.6318   0.0075  -1.4218  -0.0761
 -0.6202   0.0025  -1.3469  -0.0616
 -0.6080  -0.0019  -1.2725  -0.0490
 -0.5952  -0.0058  -1.1987  -0.0378
 -0.5816  -0.0094  -1.1256  -0.0279
 -0.5674  -0.0126  -1.0530  -0.0191
 -0.5525  -0.0157  -0.9810  -0.0111
 -0.5367  -0.0185  -0.9096  -0.0039
 -0.5202  -0.0211  -0.8387   0.0027
 -0.5029  -0.0236  -0.7683   0.0087
 -0.4847  -0.0259  -0.6984   0.0144
 -0.4656  -0.0282  -0.6290   0.0196
 -0.4455  -0.0303  -0.5600   0.0245
 -0.4245  -0.0324  -0.4914   0.0292
 -0.4026  -0.0344  -0.4231   0.0336
 -0.3795  -0.0363  -0.3552   0.0377
 -0.3555  -0.0381  -0.2877   0.0417
 -0.3303  -0.0399  -0.2203   0.0455
 -0.3039  -0.0416  -0.1533   0.0492
 -0.2764  -0.0432  -0.0864   0.0528
 -0.2477  -0.0447  -0.0197   0.0562
 -0.2176  -0.0462   0.0468   0.0596
 -0.1863  -0.0476   0.1133   0.0628
 -0.1536  -0.0490   0.1797   0.0659
 -0.1195  -0.0503   0.2460   0.0690
 -0.0840  -0.0515   0.3124   0.0720
 -0.0469  -0.0526   0.3788   0.0750
 -0.0083  -0.0536   0.4453   0.0779
  0.0318  -0.0546   0.5120   0.0807
  0.0737  -0.0555   0.5788   0.0835
  0.1172  -0.0564   0.6458   0.0863
  0.1625  -0.0571   0.7130   0.0890
  0.2097  -0.0578   0.7806   0.0917
  0.2587  -0.0585   0.8485   0.0944
  0.3096  -0.0590   0.9168   0.0971
  0.3625  -0.0595   0.9855   0.0998
  0.4176  -0.0600   1.0546   0.1025
  0.4747  -0.0604   1.1243   0.1053
  0.5340  -0.0608   1.1945   0.1082
  0.5956  -0.0611   1.2653   0.1112
  0.6595  -0.0615   1.3368   0.1144
  0.7259  -0.0618   1.4090   0.1178
  0.7947  -0.0622   1.4819   0.1215
  0.8661  -0.0627   1.5556   0.1256
  0.9401  -0.0632   1.6302   0.1303
  1.0169  -0.0639   1.7057   0.1356
  1.0964  -0.0648   1.7821   0.1418
  1.1789  -0.0659   1.8596   0.1491
  1.2643  -0.0674   1.9381   0.1577
  1.3528  -0.0692   2.0178   0.1681
  1.4444  -0.0716   2.0986   0.1807
  1.5392  -0.0747   2.1807   0.1960
  1.6374  -0.0786   2.2641   0.2148
  1.7390  -0.0836   2.3489   0.2379
  1.8441  -0.0899   2.4351   0.2663
  1.9529  -0.0978   2.5228   0.3015
  2.0655  -0.1079   2.6121   0.3450
  2.1819  -0.1207   2.7030   0.3989
  2.3024  -0.1367   2.7956   0.4657
  2.4270  -0.1569   2.8898   0.5485
  0.0740  -0.0051  -0.0769  -0.0157
  0.0000   0.0000   0.0000   0.0000
 -8.7785  22.9696   1.1089  -0.2965
 -9.0209  22.8966   1.0554  -0.2780
 -9.2634  22.8203   1.0031  -0.2544
 -9.5058  22.7408   0.9521  -0.2308
 -9.7482  22.6581   0.9023  -0.2087
 -9.9905  22.5723   0.8537  -0.1886
-10.2326  22.4834   0.8061  -0.1706
-10.4746  22.3915   0.7597  -0.1545
-10.7164  22.2966   0.7141  -0.1403
-10.9580  22.1989   0.6695  -0.1276
-11.1992  22.0982   0.6258  -0.1164
-11.4402  21.9947   0.5829  -0.1065
-11.6807  21.8884   0.5407  -0.0977
-11.9209  21.7794   0.4993  -0.0901
-12.1605  21.6677   0.4586  -0.0833
-12.3997  21.5534   0.4185  -0.0774
-12.6382  21.4365   0.3790  -0.0722
-12.8761  21.3170   0.3401  -0.0677
-13.1133  21.1951   0.3018  -0.0638
-13.3498  21.0708   0.2640  -0.0605
-13.5855  20.9441   0.2267  -0.0576
-13.8203  20.8150   0.1898  -0.0551
-14.0542  20.6837   0.1534  -0.0530
-14.2871  20.5502   0.1174  -0.0512
-14.5191  20.4146   0.0818  -0.0497
-14.7499  20.2768   0.0465  -0.0484
-14.9796  20.1370   0.0116  -0.0474
-15.2081  19.9953  -0.0230  -0.0465
-15.4354  19.8516  -0.0573  -0.0458
-15.6614  19.7060  -0.0913  -0.0453
-15.8861  19.5586  -0.1251  -0.0449
-16.1093  19.4095  -0.1586  -0.0446
-16.3311  19.2586  -0.1919  -0.0444
-16.5514  19.1061  -0.2250  -0.0442
-16.7702  18.9520  -0.2580  -0.0441
-16.9874  18.7964  -0.2907  -0.0441
-17.2029  18.6392  -0.3233  -0.0441
-17.4168  18.4807  -0.3558  -0.0441
-17.6290  18.3207  -0.3882  -0.0442
-17.8394  18.1595  -0.4205  -0.0442
-18.0480  17.9969  -0.4526  -0.0443
-18.2547  17.8331  -0.4848  -0.0443
-18.4596  17.6682  -0.5168  -0.0443
-18.6626  17.5020  -0.5489  -0.0443
-18.8636  17.3348  -0.5809  -0.0443
-19.0626  17.1665  -0.6129  -0.0443
-19.2596  16.9972  -0.6449  -0.0442
-19.4546  16.8270  -0.6769  -0.0441
-19.6475  16.6557  -0.7090  -0.0439
-19.8383  16.4836  -0.7411  -0.0436
-20.0270  16.3105  -0.7733  -0.0433
-20.2135  16.1366  -0.8055  -0.0429
-20.3978  15.9619  -0.8378  -0.0424
-20.5800  15.7864  -0.8702  -0.0418
-20.7599  15.6101  -0.9027  -0.0410
-20.9375  15.4330  -0.9354  -0.0402
-21.1129  15.2551  -0.9682  -0.0392
-21.2860  15.0765  -1.0011  -0.0380
-21.4568  14.8972  -1.0342  -0.0366
-21.6252  14.7171  -1.0674  -0.0350
-21.7913  14.5363  -1.1008  -0.0332
-21.9551  14.3548  -1.1345  -0.0311
-22.1164  14.1725  -1.1683  -0.0287
-22.2754  13.9895  -1.2023  -0.0259
-22.4320  13.8057  -1.2366  -0.0228
-22.5861  13.6211  -1.2711  -0.0192
-22.7379  13.4358  -1.3059  -0.0151
-22.8872  13.2496  -1.3410  -0.0105
-23.0340  13.0626  -1.3763  -0.0052
-23.1784  12.8747  -1.4120   0.0008
-23.3204  12.6859  -1.4480   0.0076
-23.4599  12.4961  -1.4844   0.0152
-23.5969  12.3054  -1.5211   0.0239
-23.7314  12.1136  -1.5582   0.0336
-23.8635  11.9207  -1.5958   0.0444
-23.9931  11.7267  -1.6338   0.0561
-24.1202  11.5314  -1.6724   0.0682
-24.2449  11.3349  -1.7115   0.0788
-24.3671  11.1370  -1.7512   0.0824
  0.0000   0.0000   0.0000   0.0000
 -0.7703  -4.7864  -2.8097   1.5644
 -0.8422  -3.7469  -2.7020   1.2220
 -0.8942  -2.9370  -2.5972   0.9548
 -0.9295  -2.3072  -2.4952   0.7458
 -0.9511  -1.8176  -2.3958   0.5820
 -0.9618  -1.4373  -2.2990   0.4532
 -0.9639  -1.1416  -2.2046   0.3517
 -0.9591  -0.9117  -2.1126   0.2715
 -0.9491  -0.7327  -2.0229   0.2080
 -0.9349  -0.5931  -1.9353   0.1574
 -0.9177  -0.4840  -1.8499   0.1170
 -0.8980  -0.3986  -1.7664   0.0845
 -0.8765  -0.3316  -1.6848   0.0583
 -0.8535  -0.2789  -1.6051   0.0371
 -0.8295  -0.2372  -1.5271   0.0198
 -0.8047  -0.2040  -1.4509   0.0055
 -0.7793  -0.1776  -1.3762  -0.0062
 -0.7533  -0.1564  -1.3031  -0.0160
 -0.7271  -0.1391  -1.2315  -0.0242
 -0.7005  -0.1250  -1.1613  -0.0310
 -0.6737  -0.1132  -1.0925  -0.0368
 -0.6468  -0.1033  -1.0249  -0.0418
 -0.6197  -0.0946  -0.9586  -0.0459
 -0.5924  -0.0869  -0.8935  -0.0494
 -0.5651  -0.0797  -0.8295  -0.0524
 -0.5376  -0.0727  -0.7666  -0.0548
 -0.5100  -0.0657  -0.7047  -0.0569
 -0.4822  -0.0584  -0.6438  -0.0585
 -0.4537  -0.0508  -0.5838  -0.0597
 -0.4242  -0.0435  -0.5246  -0.0606
 -0.3935  -0.0373  -0.4663  -0.0612
 -0.3616  -0.0328  -0.4088  -0.0615
 -0.3285  -0.0305  -0.3520  -0.0615
 -0.2945  -0.0303  -0.2960  -0.0612
 -0.2597  -0.0319  -0.2406  -0.0606
 -0.2248  -0.0324  -0.1858  -0.0597
 -0.1898  -0.0324  -0.1316  -0.0586
 -0.1546  -0.0320  -0.0779  -0.0572
 -0.1192  -0.0313  -0.0248  -0.0556
 -0.0836  -0.0305   0.0278  -0.0537
 -0.0478  -0.0294   0.0800  -0.0515
 -0.0117  -0.0283   0.1318  -0.0492
  0.0245  -0.0270   0.1832  -0.0466
  0.0611  -0.0256   0.2343  -0.0437
  0.0980  -0.0242   0.2850  -0.0407
  0.1351  -0.0228   0.3354  -0.0374
  0.1726  -0.0213   0.3855  -0.0339
  0.2104  -0.0198   0.4354  -0.0303
  0.2486  -0.0182   0.4851  -0.0265
  0.2872  -0.0166   0.5346  -0.0225
  0.3263  -0.0148   0.5840  -0.0184
  0.3657  -0.0130   0.6332  -0.0142
  0.4056  -0.0110   0.6823  -0.0099
  0.4460  -0.0088   0.7313  -0.0057
  0.4869  -0.0063   0.7803  -0.0015
  0.5284  -0.0034   0.8293   0.0026
  0.5704  -0.0001   0.8782   0.0065
  0.6130   0.0039   0.9272   0.0101
  0.6562   0.0086   0.9762   0.0131
  0.7001   0.0144   1.0254   0.0155
  0.7447   0.0216   1.0747   0.0169
  0.7900   0.0304   1.1241   0.0171
  0.8361   0.0414   1.1738   0.0156
  0.8830   0.0553   1.2238   0.0119
  0.9308   0.0727   1.2741   0.0054
  0.9794   0.0947   1.3249  -0.0049
  1.0291   0.1226   1.3763  -0.0201
  1.0798   0.1578   1.4283  -0.0417
  1.1316   0.2025   1.4812  -0.0714
  1.1846   0.2593   1.5352  -0.1118
  1.2391   0.3314   1.5906  -0.1661
  1.2950   0.4229   1.6477  -0.2384
  1.3526   0.5392   1.7070  -0.3339
  1.4122   0.6870   1.7692  -0.4598
  1.4739   0.8747   1.8349  -0.6249
  1.5382   1.1131   1.9052  -0.8410
  1.6054   1.4159   1.9814  -1.1234
  0.0000   0.0000   0.0000   0.0000
  0.4066   0.5434  15.7600  27.2459
  0.4117   0.4847  15.5830  27.2386
  0.4168   0.4319  15.4047  27.2301
  0.4217   0.3844  15.2251  27.2205
  0.4267   0.3417  15.0442  27.2098
  0.4316   0.3033  14.8621  27.1980
  0.4365   0.2689  14.6787  27.1850
  0.4415   0.2379  14.4942  27.1709
  0.4465   0.2101  14.3085  27.1557
  0.4515   0.1853  14.1217  27.1394
  0.4566   0.1630  13.9337  27.1219
  0.4618   0.1430  13.7446  27.1032
  0.4670   0.1252  13.5545  27.0834
  0.4723   0.1092  13.3633  27.0625
  0.4776   0.0950  13.1711  27.0404
  0.4830   0.0824  12.9779  27.0170
  0.4885   0.0711  12.7837  26.9925
  0.4940   0.0611  12.5887  26.9667
  0.4996   0.0523  12.3927  26.9398
  0.5053   0.0444  12.1959  26.9115
  0.5110   0.0375  11.9982  26.8820
  0.5168   0.0315  11.7998  26.8512
  0.5227   0.0262  11.6006  26.8191
  0.5286   0.0215  11.4007  26.7856
  0.5346   0.0175  11.2002  26.7508
  0.5407   0.0140  10.9990  26.7146
  0.5469   0.0111  10.7973  26.6770
  0.5531   0.0085  10.5950  26.6380
  0.5595   0.0064  10.3922  26.5976
  0.5658   0.0046  10.1890  26.5556
  0.5723   0.0031   9.9854  26.5122
  0.5789   0.0020   9.7815  26.4672
  0.5855   0.0010   9.5772  26.4207
  0.5922   0.0003   9.3728  26.3726
  0.5990  -0.0002   9.1681  26.3229
  0.6058  -0.0006   8.9633  26.2716
  0.6128  -0.0008   8.7585  26.2186
  0.6198  -0.0009   8.5536  26.1639
  0.6269  -0.0009   8.3488  26.1075
  0.6341  -0.0008   8.1440  26.0494
  0.6414  -0.0007   7.9394  25.9895
  0.6488  -0.0005   7.7351  25.9278
  0.6562  -0.0004   7.5310  25.8643
  0.6638  -0.0002   7.3273  25.7990
  0.6714  -0.0001   7.1239  25.7318
  0.6792  -0.0000   6.9210  25.6628
  0.6870  -0.0000   6.7187  25.5918
  0.6949  -0.0001   6.5169  25.5189
  0.7029  -0.0003   6.3157  25.4441
  0.7111  -0.0007   6.1153  25.3673
  0.7193  -0.0012   5.9156  25.2885
  0.7276  -0.0019   5.7167  25.2078
  0.7361  -0.0028   5.5187  25.1250
  0.7446  -0.0040   5.3216  25.0402
  0.7532  -0.0055   5.1255  24.9534
  0.7620  -0.0074   4.9304  24.8645
  0.7708  -0.0096   4.7364  24.7735
  0.7798  -0.0123   4.5435  24.6805
  0.7889  -0.0154   4.3518  24.5854
  0.7981  -0.0191   4.1612  24.4882
  0.8074  -0.0233   3.9720  24.3888
  0.8168  -0.0282   3.7840  24.2874
  0.8263  -0.0339   3.5973  24.1839
  0.8360  -0.0404   3.4120  24.0782
  0.8458  -0.0478   3.2281  23.9704
  0.8557  -0.0563   3.0456  23.8605
  0.8658  -0.0658   2.8646  23.7485
  0.8760  -0.0767   2.6850  23.6343
  0.8863  -0.0889   2.5068  23.5179
  0.8968  -0.1027   2.3302  23.3994
  0.9074  -0.1182   2.1550  23.2788
  0.9182  -0.1356   1.9814  23.1560
  0.9291  -0.1551   1.8092  23.0310
  0.9402  -0.1769   1.6385  22.9038
  0.9515  -0.2014   1.4694  22.7745
  0.9630  -0.2287   1.3017  22.6430
  0.9747  -0.2592   1.1355  22.5093
  0.9866  -0.2932   0.9708  22.3734
  0.9988  -0.3312   0.8075  22.2353
  0.0000   0.0000   0.0000   0.0000
 -3.1877  -1.2757  -2.2092  -3.0862
 -3.0653  -0.9530  -2.2385  -2.5429
 -2.9434  -0.6929  -2.2564  -2.1042
 -2.8218  -0.4834  -2.2645  -1.7499
 -2.7006  -0.3145  -2.2644  -1.4636
 -2.5802  -0.1785  -2.2573  -1.2321
 -2.4606  -0.0691  -2.2445  -1.0449
 -2.3422   0.0189  -2.2267  -0.8933
 -2.2251   0.0896  -2.2049  -0.7704
 -2.1096   0.1462  -2.1795  -0.6706
 -1.9958   0.1914  -2.1511  -0.5894
 -1.8837   0.2274  -2.1200  -0.5231
 -1.7735   0.2558  -2.0866  -0.4687
 -1.6652   0.2782  -2.0510  -0.4239
 -1.5589   0.2956  -2.0134  -0.3867
 -1.4546   0.3089  -1.9739  -0.3555
 -1.3523   0.3189  -1.9326  -0.3290
 -1.2520   0.3263  -1.8895  -0.3061
 -1.1538   0.3314  -1.8447  -0.2859
 -1.0575   0.3347  -1.7981  -0.2678
 -0.9632   0.3366  -1.7497  -0.2510
 -0.8709   0.3373  -1.6995  -0.2352
 -0.7805   0.3371  -1.6474  -0.2198
 -0.6920   0.3361  -1.5934  -0.2045
 -0.6054   0.3345  -1.5373  -0.1890
 -0.5207   0.3325  -1.4793  -0.1731
 -0.4378   0.3301  -1.4191  -0.1566
 -0.3568   0.3275  -1.3568  -0.1393
 -0.2775   0.3247  -1.2923  -0.1210
 -0.1999   0.3218  -1.2256  -0.1019
 -0.1241   0.3190  -1.1566  -0.0817
 -0.0500   0.3161  -1.0854  -0.0606
  0.0225   0.3134  -1.0118  -0.0385
  0.0933   0.3109  -0.9360  -0.0156
  0.1625   0.3086  -0.8580   0.0080
  0.2302   0.3065  -0.7778   0.0322
  0.2962   0.3047  -0.6954   0.0567
  0.3608   0.3032  -0.6110   0.0813
  0.4239   0.3021  -0.5246   0.1059
  0.4855   0.3013  -0.4364   0.1301
  0.5458   0.3010  -0.3463   0.1538
  0.6046   0.3011  -0.2547   0.1767
  0.6620   0.3016  -0.1615   0.1987
  0.7181   0.3026  -0.0669   0.2195
  0.7728   0.3040   0.0291   0.2390
  0.8263   0.3059   0.1262   0.2572
  0.8786   0.3083   0.2244   0.2740
  0.9296   0.3112   0.3237   0.2893
  0.9794   0.3145   0.4240   0.3032
  1.0280   0.3183   0.5251   0.3156
  1.0754   0.3224   0.6272   0.3266
  1.1217   0.3268   0.7301   0.3363
  1.1668   0.3316   0.8339   0.3448
  1.2109   0.3365   0.9385   0.3521
  1.2538   0.3414   1.0441   0.3582
  1.2957   0.3463   1.1506   0.3634
  1.3365   0.3508   1.2581   0.3675
  1.3762   0.3546   1.3666   0.3706
  1.4149   0.3576   1.4762   0.3727
  1.4526   0.3591   1.5870   0.3738
  1.4893   0.3586   1.6990   0.3738
  1.5249   0.3554   1.8124   0.3726
  1.5596   0.3484   1.9272   0.3700
  1.5934   0.3366   2.0434   0.3658
  1.6262   0.3184   2.1612   0.3598
  1.6580   0.2918   2.2805   0.3516
  1.6890   0.2543   2.4015   0.3408
  1.7189   0.2029   2.5243   0.3266
  1.7478   0.1335   2.6487   0.3086
  1.7755   0.0411   2.7749   0.2856
  1.8017  -0.0807   2.9029   0.2567
  1.8262  -0.2398   3.0327   0.2205
  1.8488  -0.4464   3.1645   0.1753
  1.8694  -0.7132   3.2982   0.1189
  1.8886  -1.0559   3.4340   0.0489
  1.9075  -1.4941   3.5720  -0.0378
  1.9285  -2.0520   3.7126  -0.1453
  1.9543  -2.7583   3.8566  -0.2784
  0.0000   0.0000   0.0000   0.0000
 -4.0021  21.7485   1.2138  -0.3801
 -4.2758  21.7082   1.1602  -0.3293
 -4.5500  21.6647   1.1075  -0.2865
 -4.8249  21.6182   1.0559  -0.2501
 -5.1002  21.5686   1.0052  -0.2190
 -5.3761  21.5160   0.9555  -0.1922
 -5.6524  21.4603   0.9067  -0.1691
 -5.9292  21.4015   0.8587  -0.1491
 -6.2065  21.3397   0.8115  -0.1316
 -6.4841  21.2749   0.7652  -0.1165
 -6.7620  21.2071   0.7196  -0.1032
 -7.0403  21.1362   0.6747  -0.0917
 -7.3188  21.0623   0.6305  -0.0816
 -7.5974  20.9855   0.5871  -0.0728
 -7.8762  20.9056   0.5442  -0.0651
 -8.1552  20.8228   0.5021  -0.0584
 -8.4341  20.7371   0.4605  -0.0525
 -8.7130  20.6484   0.4195  -0.0475
 -8.9918  20.5568   0.3790  -0.0431
 -9.2705  20.4623   0.3391  -0.0393
 -9.5490  20.3650   0.2998  -0.0361
 -9.8272  20.2648   0.2609  -0.0333
-10.1051  20.1617   0.2225  -0.0309
-10.3826  20.0559   0.1845  -0.0289
-10.6596  19.9473   0.1470  -0.0272
-10.9361  19.8360   0.1099  -0.0258
-11.2120  19.7220   0.0732  -0.0246
-11.4873  19.6053   0.0368  -0.0236
-11.7618  19.4859   0.0009  -0.0229
-12.0355  19.3640  -0.0348  -0.0222
-12.3084  19.2395  -0.0701  -0.0218
-12.5803  19.1125  -0.1051  -0.0214
-12.8512  18.9830  -0.1399  -0.0211
-13.1211  18.8511  -0.1743  -0.0210
-13.3899  18.7168  -0.2086  -0.0208
-13.6575  18.5802  -0.2426  -0.0208
-13.9239  18.4412  -0.2764  -0.0208
-14.1889  18.3001  -0.3100  -0.0208
-14.4526  18.1567  -0.3434  -0.0208
-14.7149  18.0111  -0.3766  -0.0208
-14.9757  17.8635  -0.4098  -0.0209
-15.2349  17.7138  -0.4428  -0.0209
-15.4926  17.5621  -0.4756  -0.0210
-15.7486  17.4085  -0.5084  -0.0210
-16.0029  17.2529  -0.5412  -0.0210
-16.2554  17.0956  -0.5738  -0.0209
-16.5062  16.9364  -0.6064  -0.0208
-16.7551  16.7754  -0.6390  -0.0207
-17.0021  16.6128  -0.6716  -0.0205
-17.2472  16.4484  -0.7042  -0.0202
-17.4903  16.2825  -0.7367  -0.0199
-17.7313  16.1150  -0.7694  -0.0194
-17.9703  15.9460  -0.8020  -0.0189
-18.2072  15.7755  -0.8347  -0.0183
-18.4419  15.6036  -0.8675  -0.0175
-18.6744  15.4302  -0.9004  -0.0167
-18.9047  15.2555  -0.9334  -0.0156
-19.1328  15.0795  -0.9665  -0.0144
-19.3585  14.9022  -0.9997  -0.0130
-19.5819  14.7236  -1.0331  -0.0114
-19.8029  14.5438  -1.0666  -0.0095
-20.0216  14.3627  -1.1002  -0.0074
-20.2378  14.1805  -1.1340  -0.0050
-20.4515  13.9971  -1.1680  -0.0023
-20.6628  13.8126  -1.2022   0.0008
-20.8716  13.6269  -1.2366   0.0043
-21.0778  13.4401  -1.2712   0.0082
-21.2815  13.2522  -1.3060   0.0126
-21.4825  13.0632  -1.3411   0.0174
-21.6810  12.8731  -1.3763   0.0228
-21.8768  12.6819  -1.4118   0.0287
-22.0700  12.4895  -1.4476   0.0352
-22.2605  12.2961  -1.4836   0.0422
-22.4483  12.1015  -1.5198   0.0497
-22.6334  11.9058  -1.5563   0.0575
-22.8157  11.7089  -1.5931   0.0656
-22.9953  11.5108  -1.6302   0.0737
-23.1721  11.3115  -1.6675   0.0815
-23.3462  11.1110  -1.7050   0.0884
  0.0000   0.0000   0.0000   0.0000
 -1.1726  -5.6892  -3.2609  -0.5243
 -1.2269  -4.4009  -3.1428  -0.3592
 -1.2550  -3.3844  -3.0295  -0.2265
 -1.2612  -2.5870  -2.9200  -0.1201
 -1.2500  -1.9640  -2.8135  -0.0348
 -1.2254  -1.4790  -2.7097   0.0332
 -1.1908  -1.1023  -2.6084   0.0873
 -1.1490  -0.8104  -2.5091   0.1301
 -1.1022  -0.5849  -2.4120   0.1636
 -1.0521  -0.4110  -2.3167   0.1898
 -1.0000  -0.2773  -2.2233   0.2098
 -0.9471  -0.1749  -2.1316   0.2250
 -0.8940  -0.0969  -2.0416   0.2363
 -0.8413  -0.0378  -1.9531   0.2444
 -0.7894   0.0066  -1.8661   0.2499
 -0.7387   0.0396  -1.7806   0.2534
 -0.6893   0.0639  -1.6965   0.2552
 -0.6413   0.0813  -1.6136   0.2558
 -0.5948   0.0936  -1.5320   0.2555
 -0.5499   0.1018  -1.4516   0.2543
 -0.5065   0.1070  -1.3722   0.2526
 -0.4648   0.1098  -1.2939   0.2505
 -0.4245   0.1109  -1.2166   0.2482
 -0.3857   0.1108  -1.1402   0.2456
 -0.3484   0.1097  -1.0647   0.2431
 -0.3124   0.1079  -0.9899   0.2405
 -0.2778   0.1057  -0.9159   0.2380
 -0.2446   0.1031  -0.8426   0.2356
 -0.2125   0.1004  -0.7699   0.2334
 -0.1817   0.0975  -0.6978   0.2314
 -0.1520   0.0947  -0.6263   0.2297
 -0.1234   0.0918  -0.5552   0.2282
 -0.0959   0.0890  -0.4846   0.2271
 -0.0694   0.0862  -0.4143   0.2263
 -0.0439   0.0836  -0.3444   0.2258
 -0.0193   0.0810  -0.2748   0.2257
  0.0044   0.0786  -0.2055   0.2260
  0.0272   0.0763  -0.1363   0.2267
  0.0491   0.0740  -0.0673   0.2279
  0.0703   0.0719   0.0015   0.2294
  0.0907   0.0700   0.0703   0.2314
  0.1103   0.0681   0.1389   0.2339
  0.1292   0.0663   0.2076   0.2368
  0.1474   0.0647   0.2762   0.2402
  0.1649   0.0631   0.3449   0.2441
  0.1818   0.0617   0.4136   0.2485
  0.1980   0.0604   0.4823   0.2533
  0.2136   0.0592   0.5511   0.2587
  0.2286   0.0582   0.6200   0.2646
  0.2431   0.0573   0.6889   0.2711
  0.2569   0.0565   0.7580   0.2781
  0.2702   0.0560   0.8270   0.2856
  0.2830   0.0557   0.8962   0.2936
  0.2952   0.0556   0.9653   0.3021
  0.3070   0.0559   1.0343   0.3111
  0.3182   0.0565   1.1033   0.3205
  0.3290   0.0577   1.1720   0.3301
  0.3392   0.0593   1.2406   0.3399
  0.3490   0.0617   1.3087   0.3494
  0.3584   0.0650   1.3763   0.3585
  0.3673   0.0693   1.4433   0.3664
  0.3757   0.0749   1.5095   0.3726
  0.3838   0.0822   1.5747   0.3758
  0.3915   0.0915   1.6386   0.3746
  0.3988   0.1032   1.7009   0.3669
  0.4057   0.1182   1.7614   0.3501
  0.4124   0.1370   1.8197   0.3202
  0.4187   0.1607   1.8753   0.2720
  0.4249   0.1904   1.9277   0.1985
  0.4310   0.2277   1.9763   0.0903
  0.4371   0.2744   2.0206  -0.0658
  0.4433   0.3329   2.0597  -0.2870
  0.4499   0.4061   2.0930  -0.5966
  0.4571   0.4977   2.1198  -1.0239
  0.4653   0.6122   2.1404  -1.6010
  0.4749   0.7555   2.1569  -2.3412
  0.4864   0.9347   2.1794  -3.1623
  0.5003   1.1586   2.2297  -3.8400
  0.5178   1.4382   2.3014  -4.5537
  0.0467  -0.0051  -0.1458  -0.0171
  0.0506  -0.0056  -0.0885  -0.0225
  0.0506  -0.0056  -0.0885  -0.0225
  0.0506  -0.0056  -0.0885  -0.0225
  0.0506  -0.0056  -0.0885  -0.0225
  0.0506  -0.0056  -0.0885  -0.0225
  0.0506  -0.0056  -0.0885  -0.0225
  0.0506  -0.0056  -0.0885  -0.0225
  0.0506  -0.0056  -0.0885  -0.0225
  0.0000   0.0000   0.0000   0.0000
  0.5292   0.2430  15.6647  29.5353
  0.5358   0.2105  15.5448  29.5493
  0.5421   0.1812  15.4229  29.5614
  0.5481   0.1548  15.2991  29.5717
  0.5538   0.1312  15.1734  29.5802
  0.5593   0.1099  15.0458  29.5870
  0.5645   0.0908  14.9165  29.5920
  0.5696   0.0736  14.7853  29.5955
  0.5745   0.0582  14.6525  29.5973
  0.5792   0.0445  14.5179  29.5976
  0.5838   0.0322  14.3816  29.5964
  0.5882   0.0212  14.2438  29.5936
  0.5925   0.0114  14.1043  29.5895
  0.5967   0.0027  13.9633  29.5839
  0.6008  -0.0050  13.8207  29.5768
  0.6048  -0.0119  13.6767  29.5684
  0.6087  -0.0179  13.5312  29.5587
  0.6126  -0.0232  13.3844  29.5476
  0.6164  -0.0278  13.2361  29.5351
  0.6202  -0.0319  13.0866  29.5213
  0.6239  -0.0354  12.9358  29.5062
  0.6276  -0.0384  12.7837  29.4898
  0.6313  -0.0410  12.6305  29.4721
  0.6350  -0.0431  12.4761  29.4531
  0.6386  -0.0449  12.3206  29.4328
  0.6423  -0.0464  12.1640  29.4111
  0.6460  -0.0475  12.0065  29.3882
  0.6497  -0.0484  11.8480  29.3640
  0.6534  -0.0491  11.6886  29.3384
  0.6571  -0.0495  11.5284  29.3115
  0.6609  -0.0497  11.3673  29.2833
  0.6648  -0.0497  11.2056  29.2538
  0.6687  -0.0496  11.0431  29.2229
  0.6726  -0.0493  10.8800  29.1906
  0.6766  -0.0490  10.7164  29.1569
  0.6807  -0.0485  10.5522  29.1219
  0.6849  -0.0479  10.3877  29.0854
  0.6891  -0.0472  10.2227  29.0475
  0.6935  -0.0464  10.0574  29.0082
  0.6979  -0.0456   9.8919  28.9674
  0.7024  -0.0447   9.7262  28.9251
  0.7071  -0.0438   9.5604  28.8813
  0.7118  -0.0429   9.3945  28.8361
  0.7167  -0.0420   9.2287  28.7892
  0.7217  -0.0411   9.0629  28.7408
  0.7268  -0.0402   8.8973  28.6909
  0.7321  -0.0393   8.7320  28.6393
  0.7375  -0.0384   8.5669  28.5861
  0.7431  -0.0376   8.4023  28.5313
  0.7488  -0.0369   8.2380  28.4749
  0.7547  -0.0362   8.0743  28.4168
  0.7608  -0.0357   7.9112  28.3569
  0.7670  -0.0352   7.7488  28.2954
  0.7734  -0.0349   7.5871  28.2322
  0.7800  -0.0347   7.4261  28.1672
  0.7868  -0.0347   7.2661  28.1005
  0.7938  -0.0349   7.1070  28.0320
  0.8011  -0.0353   6.9489  27.9617
  0.8085  -0.0359   6.7919  27.8896
  0.8161  -0.0368   6.6361  27.8157
  0.8240  -0.0380   6.4814  27.7400
  0.8321  -0.0395   6.3280  27.6625
  0.8405  -0.0414   6.1759  27.5831
  0.8491  -0.0437   6.0252  27.5019
  0.8579  -0.0465   5.8759  27.4188
  0.8670  -0.0497   5.7281  27.3338
  0.8764  -0.0536   5.5819  27.2470
  0.8861  -0.0580   5.4372  27.1583
  0.8961  -0.0632   5.2941  27.0677
  0.9063  -0.0691   5.1527  26.9752
  0.9169  -0.0758   5.0130  26.8808
  0.9278  -0.0835   4.8751  26.7845
  0.9390  -0.0923   4.7389  26.6864
  0.9506  -0.1022   4.6045  26.5863
  0.9624  -0.1133   4.4719  26.4843
  0.9747  -0.1259   4.3411  26.3804
  0.9873  -0.1401   4.2122  26.2745
  1.0003  -0.1559   4.0851  26.1668
  1.0137  -0.1737   3.9599  26.0571
  0.0000   0.0000   0.0000   0.0000
 -1.4287   0.8188  -3.5415  -2.7009
 -1.3797   0.6506  -3.4472  -2.1569
 -1.3326   0.5174  -3.3472  -1.7241
 -1.2872   0.4120  -3.2430  -1.3796
 -1.2431   0.3286  -3.1358  -1.1054
 -1.2002   0.2624  -3.0266  -0.8868
 -1.1584   0.2101  -2.9163  -0.7126
 -1.1174   0.1686  -2.8055  -0.5735
 -1.0773   0.1357  -2.6950  -0.4625
 -1.0378   0.1096  -2.5851  -0.3736
 -0.9990   0.0888  -2.4761  -0.3024
 -0.9608   0.0724  -2.3684  -0.2454
 -0.9230   0.0593  -2.2620  -0.1995
 -0.8857   0.0489  -2.1573  -0.1625
 -0.8488   0.0407  -2.0541  -0.1327
 -0.8123   0.0341  -1.9527  -0.1086
 -0.7760   0.0289  -1.8529  -0.0890
 -0.7401   0.0248  -1.7549  -0.0730
 -0.7044   0.0215  -1.6587  -0.0599
 -0.6689   0.0189  -1.5641  -0.0492
 -0.6335   0.0168  -1.4712  -0.0402
 -0.5984   0.0153  -1.3800  -0.0328
 -0.5633   0.0140  -1.2903  -0.0266
 -0.5283   0.0131  -1.2022  -0.0213
 -0.4934   0.0124  -1.1156  -0.0168
 -0.4585   0.0119  -1.0304  -0.0128
 -0.4236   0.0116  -0.9466  -0.0094
 -0.3888   0.0115  -0.8641  -0.0063
 -0.3538   0.0114  -0.7828  -0.0036
 -0.3188   0.0115  -0.7028  -0.0010
 -0.2837   0.0117  -0.6239   0.0013
 -0.2485   0.0120  -0.5461   0.0035
 -0.2131   0.0124  -0.4693   0.0056
 -0.1776   0.0129  -0.3935   0.0076
 -0.1419   0.0134  -0.3186   0.0096
 -0.1060   0.0141  -0.2446   0.0115
 -0.0698   0.0148  -0.1713   0.0134
 -0.0334   0.0155  -0.0988   0.0153
  0.0033   0.0164  -0.0270   0.0172
  0.0403   0.0173   0.0443   0.0191
  0.0776   0.0183   0.1149   0.0210
  0.1153   0.0193   0.1850   0.0230
  0.1534   0.0204   0.2547   0.0250
  0.1918   0.0216   0.3240   0.0269
  0.2307   0.0229   0.3929   0.0290
  0.2700   0.0242   0.4616   0.0310
  0.3097   0.0256   0.5299   0.0331
  0.3499   0.0270   0.5982   0.0352
  0.3907   0.0284   0.6662   0.0374
  0.4320   0.0299   0.7342   0.0395
  0.4738   0.0314   0.8022   0.0418
  0.5162   0.0329   0.8702   0.0440
  0.5592   0.0344   0.9383   0.0463
  0.6028   0.0359   1.0065   0.0487
  0.6471   0.0373   1.0749   0.0512
  0.6920   0.0385   1.1435   0.0537
  0.7376   0.0397   1.2124   0.0564
  0.7840   0.0405   1.2817   0.0592
  0.8311   0.0411   1.3514   0.0622
  0.8789   0.0413   1.4216   0.0654
  0.9276   0.0409   1.4923   0.0690
  0.9771   0.0398   1.5635   0.0730
  1.0274   0.0377   1.6354   0.0775
  1.0786   0.0345   1.7080   0.0827
  1.1308   0.0298   1.7813   0.0887
  1.1839   0.0231   1.8554   0.0959
  1.2381   0.0139   1.9304   0.1045
  1.2933   0.0016   2.0063   0.1150
  1.3496  -0.0148   2.0831   0.1278
  1.4072  -0.0363   2.1611   0.1436
  1.4661  -0.0644   2.2401   0.1632
  1.5263  -0.1007   2.3203   0.1876
  1.5881  -0.1474   2.4017   0.2180
  1.6515  -0.2074   2.4844   0.2562
  1.7169  -0.2843   2.5685   0.3040
  1.7843  -0.3824   2.6539   0.3641
  1.8542  -0.5076   2.7407   0.4396
  0.0000   0.0000   0.0000   0.0000
 -7.7683  22.4873   1.4647  -0.2358
 -7.9969  22.4299   1.4055  -0.2093
 -8.2257  22.3693   1.3473  -0.1857
 -8.4546  22.3056   1.2900  -0.1645
 -8.6836  22.2390   1.2337  -0.1457
 -8.9127  22.1694   1.1783  -0.1290
 -9.1418  22.0969   1.1237  -0.1141
 -9.3710  22.0215   1.0699  -0.1009
 -9.6001  21.9432   1.0169  -0.0893
 -9.8292  21.8621   0.9647  -0.0789
-10.0582  21.7783   0.9132  -0.0699
-10.2870  21.6917   0.8624  -0.0619
-10.5157  21.6025   0.8122  -0.0549
-10.7441  21.5105   0.7627  -0.0488
-10.9722  21.4160   0.7138  -0.0435
-11.2001  21.3190   0.6654  -0.0389
-11.4275  21.2193   0.6177  -0.0349
-11.6545  21.1173   0.5704  -0.0315
-11.8811  21.0127   0.5237  -0.0286
-12.1071  20.9058   0.4775  -0.0262
-12.3325  20.7965   0.4318  -0.0241
-12.5572  20.6849   0.3865  -0.0224
-12.7812  20.5711   0.3417  -0.0210
-13.0045  20.4550   0.2972  -0.0199
-13.2270  20.3368   0.2532  -0.0190
-13.4486  20.2165   0.2095  -0.0183
-13.6692  20.0941   0.1662  -0.0178
-13.8889  19.9696   0.1232  -0.0175
-14.1075  19.8432   0.0805  -0.0172
-14.3250  19.7149   0.0382  -0.0171
-14.5414  19.5848  -0.0039  -0.0171
-14.7565  19.4528  -0.0458  -0.0172
-14.9703  19.3190  -0.0874  -0.0174
-15.1829  19.1835  -0.1287  -0.0176
-15.3940  19.0464  -0.1699  -0.0179
-15.6037  18.9077  -0.2108  -0.0181
-15.8120  18.7674  -0.2516  -0.0185
-16.0187  18.6256  -0.2922  -0.0188
-16.2238  18.4823  -0.3327  -0.0192
-16.4273  18.3377  -0.3730  -0.0195
-16.6291  18.1917  -0.4132  -0.0199
-16.8292  18.0443  -0.4534  -0.0203
-17.0276  17.8958  -0.4934  -0.0207
-17.2241  17.7460  -0.5334  -0.0210
-17.4188  17.5950  -0.5733  -0.0214
-17.6116  17.4429  -0.6131  -0.0217
-17.8024  17.2898  -0.6529  -0.0220
-17.9913  17.1356  -0.6928  -0.0223
-18.1782  16.9804  -0.7326  -0.0225
-18.3631  16.8242  -0.7724  -0.0228
-18.5459  16.6671  -0.8122  -0.0230
-18.7266  16.5092  -0.8520  -0.0231
-18.9051  16.3503  -0.8919  -0.0232
-19.0815  16.1907  -0.9319  -0.0233
-19.2557  16.0302  -0.9719  -0.0233
-19.4277  15.8690  -1.0120  -0.0232
-19.5974  15.7070  -1.0521  -0.0230
-19.7649  15.5443  -1.0924  -0.0228
-19.9301  15.3809  -1.1328  -0.0225
-20.0929  15.2167  -1.1732  -0.0220
-20.2534  15.0519  -1.2138  -0.0214
-20.4116  14.8864  -1.2545  -0.0207
-20.5673  14.7203  -1.2953  -0.0198
-20.7207  14.5534  -1.3363  -0.0186
-20.8716  14.3859  -1.3774  -0.0173
-21.0201  14.2177  -1.4187  -0.0157
-21.1661  14.0489  -1.4601  -0.0138
-21.3097  13.8793  -1.5017  -0.0116
-21.4508  13.7091  -1.5434  -0.0090
-21.5894  13.5381  -1.5853  -0.0060
-21.7255  13.3664  -1.6274  -0.0024
-21.8590  13.1940  -1.6696   0.0017
-21.9900  13.0207  -1.7120   0.0064
-22.1185  12.8466  -1.7545   0.0119
-22.2445  12.6717  -1.7973   0.0181
-22.3679  12.4959  -1.8402   0.0253
-22.4888  12.3191  -1.8832   0.0335
-22.6071  12.1413  -1.9264   0.0430
-22.7228  11.9625  -1.9698   0.0537
  0.0000   0.0000   0.0000   0.0000
 -1.0487  -4.3569  -2.6677   1.1391
 -1.0956  -3.4776  -2.5757   0.9232
 -1.1259  -2.7767  -2.4871   0.7496
 -1.1420  -2.2194  -2.4012   0.6097
 -1.1463  -1.7767  -2.3178   0.4968
 -1.1410  -1.4253  -2.2366   0.4056
 -1.1280  -1.1464  -2.1575   0.3318
 -1.1089  -0.9248  -2.0801   0.2718
 -1.0851  -0.7486  -2.0044   0.2230
 -1.0576  -0.6083  -1.9303   0.1830
 -1.0272  -0.4964  -1.8576   0.1502
 -0.9947  -0.4069  -1.7863   0.1231
 -0.9606  -0.3351  -1.7162   0.1006
 -0.9253  -0.2773  -1.6473   0.0818
 -0.8892  -0.2307  -1.5795   0.0661
 -0.8525  -0.1928  -1.5128   0.0527
 -0.8154  -0.1620  -1.4470   0.0414
 -0.7782  -0.1367  -1.3822   0.0317
 -0.7409  -0.1159  -1.3182   0.0233
 -0.7036  -0.0985  -1.2551   0.0160
 -0.6663  -0.0840  -1.1927   0.0097
 -0.6293  -0.0718  -1.1310   0.0042
 -0.5924  -0.0614  -1.0700  -0.0006
 -0.5558  -0.0524  -1.0096  -0.0049
 -0.5193  -0.0447  -0.9498  -0.0086
 -0.4832  -0.0379  -0.8905  -0.0118
 -0.4473  -0.0319  -0.8316  -0.0146
 -0.4118  -0.0265  -0.7733  -0.0170
 -0.3765  -0.0217  -0.7153  -0.0191
 -0.3414  -0.0174  -0.6577  -0.0207
 -0.3067  -0.0134  -0.6004  -0.0221
 -0.2723  -0.0097  -0.5434  -0.0231
 -0.2381  -0.0063  -0.4866  -0.0238
 -0.2042  -0.0032  -0.4300  -0.0241
 -0.1706  -0.0002  -0.3737  -0.0242
 -0.1373   0.0025  -0.3174  -0.0239
 -0.1042   0.0051  -0.2613  -0.0234
 -0.0714   0.0076  -0.2052  -0.0225
 -0.0388   0.0099  -0.1492  -0.0213
 -0.0065   0.0122  -0.0932  -0.0199
  0.0257   0.0143  -0.0372  -0.0181
  0.0576   0.0163   0.0189  -0.0160
  0.0893   0.0182   0.0751  -0.0137
  0.1208   0.0201   0.1314  -0.0111
  0.1520   0.0219   0.1878  -0.0082
  0.1832   0.0237   0.2444  -0.0050
  0.2141   0.0255   0.3012  -0.0016
  0.2449   0.0272   0.3582   0.0020
  0.2755   0.0289   0.4155   0.0059
  0.3060   0.0307   0.4731   0.0099
  0.3364   0.0325   0.5309   0.0141
  0.3666   0.0344   0.5892   0.0184
  0.3968   0.0365   0.6477   0.0228
  0.4268   0.0387   0.7067   0.0271
  0.4568   0.0412   0.7661   0.0314
  0.4867   0.0441   0.8260   0.0354
  0.5165   0.0474   0.8863   0.0391
  0.5463   0.0512   0.9472   0.0423
  0.5761   0.0558   1.0086   0.0448
  0.6059   0.0613   1.0706   0.0463
  0.6356   0.0679   1.1332   0.0465
  0.6654   0.0760   1.1965   0.0450
  0.6953   0.0860   1.2605   0.0412
  0.7252   0.0983   1.3254   0.0346
  0.7552   0.1135   1.3911   0.0242
  0.7853   0.1323   1.4578   0.0092
  0.8156   0.1556   1.5256  -0.0120
  0.8461   0.1847   1.5946  -0.0407
  0.8769   0.2208   1.6651  -0.0792
  0.9079   0.2659   1.7372  -0.1300
  0.9393   0.3220   1.8113  -0.1963
  0.9712   0.3919   1.8876  -0.2823
  1.0036   0.4791   1.9667  -0.3932
  1.0366   0.5878   2.0490  -0.5355
  1.0705   0.7233   2.1354  -0.7175
  1.1053   0.8923   2.2267  -0.9496
  1.1412   1.1029   2.3239  -1.2448
  1.1785   1.3653   2.4284  -1.6197
  1.2172   1.6922   2.5419  -2.0950
  0.0000   0.0000   0.0000   0.0000
