  0.6500  -1.5690   0.6000  -1.8000
  0.6500  -1.5690   0.6000  -1.8000
  0.6500  -1.5689   0.6001  -1.8000
  0.6501  -1.5688   0.6002  -1.8001
  0.6502  -1.5686   0.6005  -1.8002
  0.6503  -1.5683   0.6008  -1.8004
  0.6505  -1.5679   0.6012  -1.8006
  0.6507  -1.5674   0.6017  -1.8009
  0.6510  -1.5669   0.6023  -1.8011
  0.6513  -1.5663   0.6030  -1.8015
  0.6516  -1.5656   0.6037  -1.8019
  0.6519  -1.5648   0.6046  -1.8023
  0.6523  -1.5640   0.6055  -1.8027
  0.6528  -1.5631   0.6065  -1.8032
  0.6532  -1.5621   0.6076  -1.8038
  0.6537  -1.5611   0.6087  -1.8043
  0.6542  -1.5600   0.6099  -1.8049
  0.6548  -1.5589   0.6112  -1.8056
  0.6553  -1.5576   0.6125  -1.8062
  0.6559  -1.5564   0.6140  -1.8069
  0.6566  -1.5550   0.6154  -1.8076
  0.6572  -1.5537   0.6170  -1.8084
  0.6579  -1.5522   0.6186  -1.8091
  0.6586  -1.5507   0.6202  -1.8099
  0.6593  -1.5492   0.6219  -1.8107
  0.6600  -1.5476   0.6237  -1.8116
  0.6608  -1.5460   0.6255  -1.8124
  0.6616  -1.5443   0.6274  -1.8133
  0.6624  -1.5426   0.6293  -1.8142
  0.6632  -1.5408   0.6312  -1.8151
  0.6640  -1.5390   0.6333  -1.8160
  0.6649  -1.5372   0.6353  -1.8169
  0.6658  -1.5353   0.6374  -1.8179
  0.6666  -1.5334   0.6395  -1.8188
  0.6675  -1.5315   0.6417  -1.8198
  0.6684  -1.5295   0.6439  -1.8208
  0.6694  -1.5275   0.6462  -1.8217
  0.6703  -1.5254   0.6484  -1.8227
  0.6712  -1.5234   0.6507  -1.8237
  0.6722  -1.5213   0.6531  -1.8247
  0.6731  -1.5192   0.6555  -1.8257
  0.6741  -1.5170   0.6579  -1.8267
  0.6751  -1.5149   0.6603  -1.8277
  0.6761  -1.5127   0.6627  -1.8287
  0.6771  -1.5105   0.6652  -1.8297
  0.6780  -1.5082   0.6677  -1.8307
  0.6790  -1.5060   0.6702  -1.8317
  0.6800  -1.5037   0.6727  -1.8327
  0.6811  -1.5015   0.6752  -1.8337
  0.6821  -1.4992   0.6778  -1.8347
  0.6831  -1.4969   0.6804  -1.8357
  0.6841  -1.4946   0.6830  -1.8366
  0.6851  -1.4923   0.6855  -1.8376
  0.6861  -1.4899   0.6881  -1.8385
  0.6871  -1.4876   0.6907  -1.8394
  0.6882  -1.4853   0.6934  -1.8403
  0.6892  -1.4829   0.6960  -1.8412
  0.6902  -1.4806   0.6986  -1.8421
  0.6912  -1.4783   0.7012  -1.8430
  0.6922  -1.4759   0.7038  -1.8439
  0.6932  -1.4736   0.7064  -1.8447
  0.6942  -1.4713   0.7090  -1.8455
  0.6952  -1.4689   0.7117  -1.8463
  0.6962  -1.4666   0.7143  -1.8471
  0.6972  -1.4643   0.7168  -1.8478
  0.6982  -1.4620   0.7194  -1.8486
  0.6992  -1.4597   0.7220  -1.8493
  0.7002  -1.4574   0.7245  -1.8499
  0.7012  -1.4552   0.7271  -1.8506
  0.7021  -1.4529   0.7296  -1.8512
  0.7031  -1.4507   0.7321  -1.8518
  0.7040  -1.4484   0.7346  -1.8524
  0.7050  -1.4462   0.7371  -1.8529
  0.7059  -1.4439   0.7396  -1.8535
  0.7068  -1.4417   0.7420  -1.8539
  0.7078  -1.4395   0.7445  -1.8544
  0.7087  -1.4373   0.7469  -1.8548
  0.7096  -1.4352   0.7493  -1.8552
  0.7105  -1.4330   0.7517  -1.8556
  0.7114  -1.4309   0.7540  -1.8559
  0.7123  -1.4287   0.7564  -1.8563
  0.7131  -1.4266   0.7587  -1.8565
  0.7140  -1.4245   0.7610  -1.8568
  0.7148  -1.4224   0.7632  -1.8570
  0.7157  -1.4204   0.7655  -1.8572
  0.7165  -1.4183   0.7677  -1.8573
  0.7174  -1.4163   0.7699  -1.8574
  0.7182  -1.4143   0.7720  -1.8575
  0.7190  -1.4123   0.7741  -1.8575
  0.7198  -1.4103   0.7762  -1.8575
  0.7206  -1.4084   0.7783  -1.8575
  0.7214  -1.4064   0.7804  -1.8574
  0.7221  -1.4045   0.7824  -1.8573
  0.7229  -1.4026   0.7843  -1.8572
  0.7236  -1.4008   0.7863  -1.8570
  0.7244  -1.3989   0.7882  -1.8567
  0.7251  -1.3971   0.7901  -1.8565
  0.7258  -1.3953   0.7919  -1.8562
  0.7265  -1.3936   0.7937  -1.8558
  0.7272  -1.3919   0.7955  -1.8554
  0.7279  -1.3902   0.7972  -1.8550
  0.7286  -1.3885   0.7989  -1.8545
  0.7293  -1.3869   0.8005  -1.8540
  0.7299  -1.3853   0.8021  -1.8535
  0.7306  -1.3838   0.8036  -1.8529
  0.7312  -1.3823   0.8051  -1.8522
  0.7318  -1.3808   0.8066  -1.8516
  0.7325  -1.3794   0.8080  -1.8508
  0.7331  -1.3780   0.8094  -1.8501
  0.7337  -1.3766   0.8107  -1.8492
  0.7343  -1.3753   0.8120  -1.8484
  0.7348  -1.3740   0.8132  -1.8474
  0.7354  -1.3728   0.8143  -1.8465
  0.7360  -1.3716   0.8154  -1.8455
  0.7365  -1.3705   0.8165  -1.8444
  0.7370  -1.3694   0.8175  -1.8433
  0.7375  -1.3683   0.8184  -1.8421
  0.7381  -1.3673   0.8193  -1.8409
  0.7386  -1.3664   0.8201  -1.8396
  0.7390  -1.3655   0.8209  -1.8383
  0.7390  -1.3655   0.8209  -1.8383
  0.7395  -1.3646   0.8216  -1.8369
  0.7403  -1.3652   0.8223  -1.8356
  0.7413  -1.3671   0.8231  -1.8342
  0.7426  -1.3703   0.8238  -1.8329
  0.7442  -1.3747   0.8246  -1.8316
  0.7460  -1.3800   0.8255  -1.8304
  0.7480  -1.3862   0.8263  -1.8291
  0.7502  -1.3932   0.8272  -1.8279
  0.7526  -1.4009   0.8281  -1.8267
  0.7552  -1.4092   0.8290  -1.8255
  0.7580  -1.4181   0.8299  -1.8243
  0.7609  -1.4274   0.8309  -1.8232
  0.7640  -1.4371   0.8319  -1.8221
  0.7671  -1.4471   0.8330  -1.8210
  0.7705  -1.4575   0.8340  -1.8199
  0.7739  -1.4682   0.8351  -1.8188
  0.7775  -1.4790   0.8363  -1.8177
  0.7811  -1.4901   0.8374  -1.8167
  0.7849  -1.5014   0.8386  -1.8156
  0.7888  -1.5127   0.8398  -1.8146
  0.7927  -1.5243   0.8410  -1.8136
  0.7967  -1.5358   0.8423  -1.8126
  0.8009  -1.5475   0.8436  -1.8117
  0.8051  -1.5592   0.8449  -1.8107
  0.8094  -1.5710   0.8462  -1.8098
  0.8137  -1.5828   0.8476  -1.8088
  0.8181  -1.5946   0.8490  -1.8079
  0.8226  -1.6064   0.8504  -1.8070
  0.8271  -1.6183   0.8519  -1.8061
  0.8317  -1.6300   0.8533  -1.8052
  0.8364  -1.6418   0.8548  -1.8043
  0.8411  -1.6536   0.8564  -1.8034
  0.8458  -1.6653   0.8579  -1.8025
  0.8506  -1.6769   0.8595  -1.8016
  0.8554  -1.6885   0.8610  -1.8007
  0.8603  -1.7001   0.8626  -1.7999
  0.8652  -1.7116   0.8643  -1.7990
  0.8701  -1.7230   0.8659  -1.7981
  0.8750  -1.7344   0.8676  -1.7973
  0.8800  -1.7456   0.8693  -1.7964
  0.8850  -1.7569   0.8710  -1.7955
  0.8900  -1.7680   0.8727  -1.7947
  0.8951  -1.7790   0.8744  -1.7938
  0.9001  -1.7900   0.8761  -1.7929
  0.9051  -1.8009   0.8779  -1.7920
  0.9102  -1.8117   0.8797  -1.7911
  0.9153  -1.8224   0.8815  -1.7902
  0.9203  -1.8330   0.8833  -1.7893
  0.9254  -1.8435   0.8851  -1.7884
  0.9304  -1.8540   0.8869  -1.7875
  0.9355  -1.8643   0.8888  -1.7866
  0.9405  -1.8746   0.8906  -1.7856
  0.9455  -1.8847   0.8925  -1.7847
  0.9505  -1.8947   0.8944  -1.7837
  0.9555  -1.9047   0.8962  -1.7827
  0.9604  -1.9145   0.8981  -1.7817
  0.9654  -1.9243   0.9000  -1.7807
  0.9702  -1.9339   0.9019  -1.7797
  0.9751  -1.9435   0.9038  -1.7786
  0.9799  -1.9529   0.9057  -1.7776
  0.9847  -1.9622   0.9076  -1.7765
  0.9894  -1.9715   0.9096  -1.7754
  0.9940  -1.9806   0.9115  -1.7742
  0.9987  -1.9896   0.9134  -1.7731
  1.0032  -1.9985   0.9153  -1.7719
  1.0077  -2.0073   0.9172  -1.7707
  1.0121  -2.0160   0.9192  -1.7695
  1.0165  -2.0246   0.9211  -1.7682
  1.0208  -2.0331   0.9230  -1.7670
  1.0250  -2.0415   0.9249  -1.7657
  1.0291  -2.0497   0.9268  -1.7643
  1.0331  -2.0578   0.9287  -1.7629
  1.0371  -2.0658   0.9306  -1.7615
  1.0410  -2.0737   0.9325  -1.7601
  1.0447  -2.0815   0.9344  -1.7586
  1.0484  -2.0891   0.9363  -1.7571
  1.0519  -2.0966   0.9381  -1.7556
  1.0554  -2.1039   0.9400  -1.7540
  1.0587  -2.1111   0.9418  -1.7524
  1.0620  -2.1182   0.9436  -1.7507
  1.0651  -2.1251   0.9454  -1.7490
  1.0680  -2.1318   0.9472  -1.7473
  1.0709  -2.1383   0.9490  -1.7455
  1.0736  -2.1446   0.9508  -1.7436
  1.0762  -2.1508   0.9525  -1.7418
  1.0786  -2.1567   0.9542  -1.7398
  1.0809  -2.1624   0.9559  -1.7378
  1.0831  -2.1678   0.9576  -1.7358
  1.0851  -2.1730   0.9592  -1.7337
  1.0869  -2.1778   0.9609  -1.7316
  1.0886  -2.1824   0.9625  -1.7294
  1.0901  -2.1866   0.9640  -1.7272
  1.0914  -2.1904   0.9656  -1.7249
  1.0926  -2.1938   0.9671  -1.7225
  1.0936  -2.1968   0.9686  -1.7201
  1.0944  -2.1993   0.9700  -1.7176
  1.0950  -2.2012   0.9715  -1.7151
  1.0954  -2.2026   0.9729  -1.7125
  1.0957  -2.2033   0.9742  -1.7098
  1.0957  -2.2033   0.9742  -1.7098
  1.0957  -2.2033   0.9755  -1.7071
  1.0958  -2.2030   0.9768  -1.7043
  1.0959  -2.2023   0.9781  -1.7015
  1.0959  -2.2013   0.9794  -1.6987
  1.0960  -2.2001   0.9807  -1.6960
  1.0961  -2.1987   0.9820  -1.6932
  1.0963  -2.1971   0.9833  -1.6904
  1.0964  -2.1953   0.9845  -1.6876
  1.0966  -2.1933   0.9858  -1.6847
  1.0967  -2.1912   0.9871  -1.6819
  1.0969  -2.1889   0.9883  -1.6791
  1.0971  -2.1866   0.9896  -1.6762
  1.0973  -2.1842   0.9909  -1.6733
  1.0975  -2.1816   0.9921  -1.6705
  1.0978  -2.1791   0.9933  -1.6675
  1.0980  -2.1764   0.9945  -1.6646
  1.0982  -2.1738   0.9957  -1.6616
  1.0985  -2.1710   0.9968  -1.6586
  1.0988  -2.1683   0.9980  -1.6556
  1.0990  -2.1655   0.9992  -1.6525
  1.0993  -2.1627   1.0003  -1.6495
  1.0996  -2.1598   1.0014  -1.6464
  1.0999  -2.1570   1.0025  -1.6433
  1.1003  -2.1541   1.0036  -1.6401
  1.1006  -2.1513   1.0047  -1.6370
  1.1009  -2.1484   1.0058  -1.6338
  1.1013  -2.1455   1.0068  -1.6306
  1.1016  -2.1427   1.0078  -1.6273
  1.1020  -2.1398   1.0088  -1.6240
  1.1024  -2.1370   1.0098  -1.6207
  1.1028  -2.1342   1.0108  -1.6173
  1.1031  -2.1314   1.0117  -1.6139
  1.1035  -2.1286   1.0126  -1.6104
  1.1039  -2.1258   1.0135  -1.6069
  1.1044  -2.1231   1.0143  -1.6034
  1.1048  -2.1203   1.0151  -1.5998
  1.1052  -2.1176   1.0159  -1.5962
  1.1056  -2.1149   1.0167  -1.5925
  1.1061  -2.1123   1.0174  -1.5888
  1.1065  -2.1097   1.0181  -1.5850
  1.1069  -2.1071   1.0187  -1.5811
  1.1074  -2.1045   1.0193  -1.5772
  1.1078  -2.1020   1.0199  -1.5733
  1.1083  -2.0995   1.0204  -1.5692
  1.1088  -2.0970   1.0208  -1.5652
  1.1092  -2.0946   1.0213  -1.5610
  1.1097  -2.0922   1.0216  -1.5568
  1.1101  -2.0899   1.0220  -1.5525
  1.1106  -2.0875   1.0222  -1.5481
  1.1111  -2.0853   1.0224  -1.5437
  1.1115  -2.0830   1.0226  -1.5392
  1.1120  -2.0808   1.0227  -1.5346
  1.1125  -2.0787   1.0227  -1.5299
  1.1129  -2.0766   1.0227  -1.5252
  1.1134  -2.0745   1.0226  -1.5203
  1.1138  -2.0724   1.0224  -1.5154
  1.1143  -2.0705   1.0222  -1.5104
  1.1148  -2.0685   1.0219  -1.5053
  1.1152  -2.0666   1.0215  -1.5000
  1.1156  -2.0648   1.0211  -1.4947
  1.1161  -2.0629   1.0205  -1.4893
  1.1165  -2.0612   1.0199  -1.4838
  1.1169  -2.0595   1.0192  -1.4781
  1.1174  -2.0578   1.0184  -1.4724
  1.1178  -2.0562   1.0175  -1.4665
  1.1182  -2.0546   1.0165  -1.4605
  1.1186  -2.0531   1.0154  -1.4544
  1.1190  -2.0516   1.0142  -1.4482
  1.1193  -2.0502   1.0129  -1.4418
  1.1197  -2.0488   1.0116  -1.4353
  1.1201  -2.0475   1.0100  -1.4287
  1.1204  -2.0463   1.0084  -1.4218
  1.1207  -2.0452   1.0065  -1.4148
  1.1210  -2.0442   1.0043  -1.4075
  1.1212  -2.0434   1.0020  -1.4000
  1.1213  -2.0428   0.9993  -1.3922
  1.1215  -2.0422   0.9965  -1.3842
  1.1216  -2.0418   0.9935  -1.3760
  1.1216  -2.0416   0.9902  -1.3675
  1.1216  -2.0416   0.9902  -1.3675
  1.1216  -2.0416   0.9865  -1.3587
  1.1214  -2.0408   0.9834  -1.3548
  1.1209  -2.0394   0.9807  -1.3549
  1.1201  -2.0374   0.9783  -1.3580
  1.1191  -2.0350   0.9761  -1.3635
  1.1179  -2.0323   0.9740  -1.3710
  1.1164  -2.0292   0.9719  -1.3798
  1.1147  -2.0260   0.9699  -1.3899
  1.1128  -2.0225   0.9679  -1.4008
  1.1107  -2.0189   0.9659  -1.4124
  1.1084  -2.0151   0.9638  -1.4245
  1.1059  -2.0111   0.9617  -1.4370
  1.1032  -2.0071   0.9595  -1.4498
  1.1003  -2.0029   0.9572  -1.4629
  1.0972  -1.9987   0.9549  -1.4761
  1.0940  -1.9944   0.9525  -1.4894
  1.0906  -1.9899   0.9500  -1.5028
  1.0871  -1.9854   0.9474  -1.5163
  1.0834  -1.9809   0.9447  -1.5298
  1.0796  -1.9762   0.9420  -1.5433
  1.0756  -1.9715   0.9392  -1.5569
  1.0715  -1.9667   0.9363  -1.5704
  1.0673  -1.9619   0.9333  -1.5839
  1.0629  -1.9569   0.9303  -1.5973
  1.0585  -1.9520   0.9273  -1.6107
  1.0539  -1.9469   0.9242  -1.6241
  1.0492  -1.9418   0.9210  -1.6374
  1.0445  -1.9367   0.9178  -1.6507
  1.0397  -1.9314   0.9146  -1.6640
  1.0347  -1.9262   0.9113  -1.6771
  1.0297  -1.9208   0.9080  -1.6903
  1.0247  -1.9154   0.9046  -1.7033
  1.0196  -1.9100   0.9013  -1.7164
  1.0144  -1.9044   0.8979  -1.7293
  1.0092  -1.8989   0.8945  -1.7422
  1.0039  -1.8932   0.8911  -1.7551
  0.9986  -1.8875   0.8877  -1.7678
  0.9932  -1.8818   0.8843  -1.7805
  0.9879  -1.8760   0.8809  -1.7932
  0.9825  -1.8701   0.8775  -1.8058
  0.9771  -1.8641   0.8741  -1.8183
  0.9717  -1.8581   0.8707  -1.8307
  0.9663  -1.8521   0.8674  -1.8431
  0.9609  -1.8460   0.8640  -1.8555
  0.9555  -1.8398   0.8607  -1.8677
  0.9501  -1.8335   0.8575  -1.8799
  0.9448  -1.8272   0.8542  -1.8920
  0.9395  -1.8209   0.8511  -1.9041
  0.9342  -1.8144   0.8479  -1.9161
  0.9290  -1.8079   0.8448  -1.9280
  0.9238  -1.8014   0.8418  -1.9398
  0.9187  -1.7948   0.8388  -1.9516
  0.9136  -1.7881   0.8359  -1.9633
  0.9086  -1.7813   0.8330  -1.9749
  0.9037  -1.7745   0.8302  -1.9864
  0.8989  -1.7676   0.8275  -1.9979
  0.8942  -1.7607   0.8249  -2.0092
  0.8895  -1.7537   0.8223  -2.0205
  0.8850  -1.7466   0.8198  -2.0317
  0.8806  -1.7395   0.8174  -2.0428
  0.8763  -1.7323   0.8151  -2.0538
  0.8721  -1.7251   0.8129  -2.0647
  0.8681  -1.7178   0.8108  -2.0755
  0.8642  -1.7105   0.8088  -2.0861
  0.8604  -1.7031   0.8069  -2.0966
  0.8568  -1.6958   0.8051  -2.1069
  0.8534  -1.6885   0.8034  -2.1171
  0.8501  -1.6811   0.8019  -2.1270
  0.8470  -1.6739   0.8004  -2.1367
  0.8442  -1.6667   0.7991  -2.1461
  0.8415  -1.6596   0.7979  -2.1552
  0.8390  -1.6528   0.7968  -2.1639
  0.8368  -1.6462   0.7958  -2.1720
  0.8348  -1.6400   0.7950  -2.1796
  0.8331  -1.6342   0.7944  -2.1865
  0.8317  -1.6291   0.7938  -2.1925
  0.8305  -1.6248   0.7934  -2.1975
  0.8298  -1.6216   0.7931  -2.2011
  0.8293  -1.6198   0.7930  -2.2031
  0.8293  -1.6198   0.7930  -2.2031
  0.8342  -1.6247   0.7930  -2.2031
  0.8391  -1.6293   0.7932  -2.2036
  0.8440  -1.6337   0.7937  -2.2044
  0.8488  -1.6378   0.7944  -2.2056
  0.8537  -1.6417   0.7953  -2.2071
  0.8586  -1.6453   0.7964  -2.2089
  0.8635  -1.6488   0.7978  -2.2109
  0.8684  -1.6519   0.7993  -2.2130
  0.8733  -1.6549   0.8010  -2.2154
  0.8781  -1.6576   0.8029  -2.2179
  0.8830  -1.6601   0.8050  -2.2205
  0.8879  -1.6624   0.8072  -2.2233
  0.8927  -1.6645   0.8096  -2.2261
  0.8975  -1.6663   0.8122  -2.2290
  0.9023  -1.6679   0.8149  -2.2319
  0.9071  -1.6693   0.8178  -2.2349
  0.9119  -1.6704   0.8208  -2.2379
  0.9167  -1.6714   0.8239  -2.2410
  0.9214  -1.6721   0.8271  -2.2441
  0.9261  -1.6726   0.8305  -2.2472
  0.9308  -1.6729   0.8339  -2.2502
  0.9355  -1.6729   0.8375  -2.2533
  0.9401  -1.6728   0.8412  -2.2564
  0.9447  -1.6724   0.8449  -2.2594
  0.9492  -1.6718   0.8488  -2.2625
  0.9537  -1.6710   0.8527  -2.2655
  0.9582  -1.6700   0.8567  -2.2684
  0.9626  -1.6688   0.8608  -2.2714
  0.9670  -1.6673   0.8649  -2.2743
  0.9714  -1.6656   0.8691  -2.2772
  0.9757  -1.6638   0.8733  -2.2800
  0.9799  -1.6617   0.8776  -2.2828
  0.9841  -1.6593   0.8819  -2.2856
  0.9882  -1.6568   0.8862  -2.2883
  0.9923  -1.6541   0.8906  -2.2909
  0.9963  -1.6511   0.8950  -2.2935
  1.0003  -1.6480   0.8994  -2.2961
  1.0042  -1.6446   0.9038  -2.2986
  1.0080  -1.6410   0.9082  -2.3011
  1.0117  -1.6372   0.9126  -2.3035
  1.0154  -1.6331   0.9170  -2.3059
  1.0190  -1.6289   0.9214  -2.3083
  1.0226  -1.6244   0.9258  -2.3106
  1.0261  -1.6198   0.9301  -2.3128
  1.0294  -1.6149   0.9345  -2.3150
  1.0328  -1.6098   0.9387  -2.3171
  1.0360  -1.6044   0.9430  -2.3192
  1.0391  -1.5989   0.9472  -2.3213
  1.0422  -1.5931   0.9513  -2.3233
  1.0451  -1.5872   0.9554  -2.3253
  1.0480  -1.5810   0.9595  -2.3272
  1.0508  -1.5745   0.9634  -2.3290
  1.0535  -1.5679   0.9673  -2.3309
  1.0561  -1.5610   0.9711  -2.3327
  1.0586  -1.5539   0.9749  -2.3344
  1.0610  -1.5466   0.9785  -2.3361
  1.0633  -1.5391   0.9820  -2.3377
  1.0655  -1.5313   0.9855  -2.3393
  1.0676  -1.5233   0.9888  -2.3409
  1.0696  -1.5151   0.9921  -2.3424
  1.0714  -1.5066   0.9952  -2.3439
  1.0732  -1.4979   0.9982  -2.3453
  1.0748  -1.4889   1.0010  -2.3467
  1.0764  -1.4797   1.0038  -2.3480
  1.0778  -1.4703   1.0064  -2.3493
  1.0791  -1.4606   1.0088  -2.3505
  1.0802  -1.4507   1.0112  -2.3516
  1.0813  -1.4405   1.0133  -2.3528
  1.0822  -1.4300   1.0153  -2.3538
  1.0830  -1.4193   1.0172  -2.3548
  1.0837  -1.4083   1.0189  -2.3557
  1.0842  -1.3971   1.0204  -2.3565
  1.0846  -1.3856   1.0217  -2.3572
  1.0848  -1.3738   1.0229  -2.3579
  1.0849  -1.3617   1.0239  -2.3585
  1.0849  -1.3493   1.0247  -2.3589
  1.0847  -1.3367   1.0253  -2.3593
  1.0843  -1.3237   1.0257  -2.3595
  1.0838  -1.3104   1.0259  -2.3597
  1.0838  -1.3104   1.0259  -2.3597
  1.0832  -1.2968   1.0259  -2.3597
  1.0832  -1.2894   1.0253  -2.3588
  1.0839  -1.2869   1.0241  -2.3571
  1.0849  -1.2882   1.0224  -2.3549
  1.0864  -1.2925   1.0202  -2.3521
  1.0880  -1.2990   1.0175  -2.3488
  1.0899  -1.3074   1.0144  -2.3452
  1.0919  -1.3171   1.0108  -2.3413
  1.0940  -1.3278   1.0069  -2.3370
  1.0961  -1.3393   1.0026  -2.3325
  1.0983  -1.3514   0.9979  -2.3278
  1.1004  -1.3640   0.9929  -2.3229
  1.1026  -1.3770   0.9876  -2.3177
  1.1047  -1.3902   0.9820  -2.3124
  1.1067  -1.4037   0.9762  -2.3068
  1.1088  -1.4173   0.9701  -2.3011
  1.1108  -1.4310   0.9637  -2.2952
  1.1127  -1.4448   0.9572  -2.2891
  1.1145  -1.4586   0.9504  -2.2829
  1.1163  -1.4726   0.9435  -2.2764
  1.1181  -1.4865   0.9364  -2.2698
  1.1197  -1.5004   0.9292  -2.2630
  1.1213  -1.5144   0.9219  -2.2560
  1.1228  -1.5284   0.9144  -2.2488
  1.1243  -1.5423   0.9068  -2.2415
  1.1256  -1.5563   0.8991  -2.2340
  1.1269  -1.5702   0.8914  -2.2262
  1.1281  -1.5841   0.8836  -2.2183
  1.1293  -1.5981   0.8758  -2.2102
  1.1303  -1.6120   0.8679  -2.2020
  1.1313  -1.6258   0.8600  -2.1935
  1.1322  -1.6397   0.8521  -2.1848
  1.1330  -1.6535   0.8441  -2.1760
  1.1338  -1.6673   0.8362  -2.1670
  1.1344  -1.6811   0.8283  -2.1578
  1.1350  -1.6948   0.8205  -2.1483
  1.1355  -1.7085   0.8127  -2.1387
  1.1359  -1.7222   0.8049  -2.1290
  1.1363  -1.7359   0.7972  -2.1190
  1.1365  -1.7495   0.7895  -2.1088
  1.1367  -1.7631   0.7819  -2.0985
  1.1368  -1.7766   0.7744  -2.0880
  1.1369  -1.7902   0.7670  -2.0773
  1.1369  -1.8036   0.7597  -2.0664
  1.1368  -1.8171   0.7524  -2.0553
  1.1366  -1.8305   0.7453  -2.0441
  1.1363  -1.8438   0.7383  -2.0327
  1.1360  -1.8572   0.7314  -2.0211
  1.1357  -1.8704   0.7247  -2.0093
  1.1352  -1.8837   0.7180  -1.9974
  1.1348  -1.8969   0.7115  -1.9853
  1.1342  -1.9100   0.7052  -1.9730
  1.1336  -1.9231   0.6989  -1.9606
  1.1330  -1.9361   0.6929  -1.9480
  1.1323  -1.9491   0.6869  -1.9353
  1.1315  -1.9620   0.6812  -1.9224
  1.1307  -1.9749   0.6756  -1.9094
  1.1299  -1.9877   0.6701  -1.8963
  1.1291  -2.0004   0.6648  -1.8830
  1.1282  -2.0131   0.6597  -1.8696
  1.1273  -2.0257   0.6547  -1.8561
  1.1264  -2.0382   0.6500  -1.8425
  1.1254  -2.0505   0.6453  -1.8288
  1.1245  -2.0628   0.6409  -1.8150
  1.1236  -2.0750   0.6367  -1.8012
  1.1226  -2.0870   0.6326  -1.7873
  1.1217  -2.0988   0.6287  -1.7735
  1.1208  -2.1104   0.6250  -1.7597
  1.1199  -2.1218   0.6215  -1.7460
  1.1190  -2.1329   0.6182  -1.7325
  1.1182  -2.1436   0.6151  -1.7193
  1.1174  -2.1538   0.6123  -1.7063
  1.1166  -2.1636   0.6096  -1.6939
  1.1160  -2.1726   0.6073  -1.6822
  1.1154  -2.1808   0.6052  -1.6713
  1.1149  -2.1880   0.6034  -1.6616
  1.1145  -2.1940   0.6020  -1.6535
  1.1142  -2.1983   0.6009  -1.6474
  1.1141  -2.2007   0.6004  -1.6440
  1.1141  -2.2007   0.6004  -1.6440
  1.1141  -2.2007   0.6004  -1.6440
  1.1141  -2.2007   0.6004  -1.6439
  1.1141  -2.2007   0.6004  -1.6439
  1.1141  -2.2007   0.6004  -1.6439
  1.1141  -2.2007   0.6004  -1.6439
  1.1141  -2.2007   0.6004  -1.6439
  1.1141  -2.2007   0.6126  -1.6546
  1.1141  -2.2004   0.6247  -1.6651
  1.1140  -2.1999   0.6368  -1.6754
  1.1139  -2.1992   0.6487  -1.6855
  1.1138  -2.1982   0.6605  -1.6953
  1.1136  -2.1971   0.6723  -1.7050
  1.1134  -2.1958   0.6840  -1.7144
  1.1132  -2.1943   0.6955  -1.7236
  1.1129  -2.1927   0.7070  -1.7327
  1.1126  -2.1910   0.7184  -1.7415
  1.1123  -2.1892   0.7297  -1.7501
  1.1120  -2.1872   0.7408  -1.7585
  1.1116  -2.1852   0.7519  -1.7668
  1.1112  -2.1831   0.7629  -1.7748
  1.1107  -2.1809   0.7739  -1.7826
  1.1103  -2.1787   0.7847  -1.7902
  1.1098  -2.1764   0.7954  -1.7977
  1.1093  -2.1741   0.8060  -1.8049
  1.1088  -2.1717   0.8165  -1.8120
  1.1083  -2.1693   0.8269  -1.8188
  1.1077  -2.1669   0.8373  -1.8254
  1.1071  -2.1644   0.8475  -1.8319
  1.1066  -2.1620   0.8576  -1.8381
  1.1060  -2.1595   0.8676  -1.8442
  1.1054  -2.1570   0.8775  -1.8501
  1.1048  -2.1545   0.8873  -1.8557
  1.1041  -2.1520   0.8970  -1.8612
  1.1035  -2.1495   0.9065  -1.8665
  1.1028  -2.1470   0.9160  -1.8715
  1.1022  -2.1445   0.9253  -1.8764
  1.1015  -2.1420   0.9345  -1.8811
  1.1009  -2.1395   0.9436  -1.8856
  1.1002  -2.1370   0.9526  -1.8899
  1.0995  -2.1345   0.9614  -1.8939
  1.0989  -2.1321   0.9702  -1.8978
  1.0982  -2.1296   0.9787  -1.9015
  1.0975  -2.1272   0.9872  -1.9050
  1.0969  -2.1248   0.9955  -1.9083
  1.0962  -2.1224   1.0037  -1.9114
  1.0955  -2.1200   1.0117  -1.9143
  1.0948  -2.1176   1.0196  -1.9169
  1.0942  -2.1152   1.0273  -1.9194
  1.0935  -2.1129   1.0349  -1.9217
  1.0929  -2.1106   1.0423  -1.9237
  1.0922  -2.1083   1.0496  -1.9256
  1.0916  -2.1060   1.0567  -1.9273
  1.0909  -2.1037   1.0636  -1.9287
  1.0903  -2.1015   1.0704  -1.9299
  1.0897  -2.0993   1.0770  -1.9310
  1.0891  -2.0971   1.0834  -1.9318
  1.0885  -2.0949   1.0896  -1.9324
  1.0879  -2.0928   1.0956  -1.9328
  1.0873  -2.0907   1.1015  -1.9330
  1.0867  -2.0886   1.1072  -1.9330
  1.0862  -2.0865   1.1126  -1.9327
  1.0857  -2.0845   1.1179  -1.9322
  1.0851  -2.0825   1.1229  -1.9316
  1.0846  -2.0805   1.1278  -1.9307
  1.0841  -2.0786   1.1324  -1.9296
  1.0836  -2.0767   1.1368  -1.9282
  1.0832  -2.0748   1.1410  -1.9267
  1.0827  -2.0730   1.1450  -1.9249
  1.0823  -2.0713   1.1488  -1.9229
  1.0819  -2.0695   1.1523  -1.9207
  1.0815  -2.0679   1.1556  -1.9183
  1.0812  -2.0662   1.1586  -1.9156
  1.0808  -2.0647   1.1614  -1.9127
  1.0805  -2.0632   1.1640  -1.9096
  1.0802  -2.0618   1.1663  -1.9062
  1.0799  -2.0604   1.1683  -1.9026
  1.0796  -2.0591   1.1701  -1.8988
  1.0794  -2.0579   1.1716  -1.8948
  1.0792  -2.0568   1.1729  -1.8905
  1.0790  -2.0558   1.1739  -1.8860
  1.0789  -2.0550   1.1747  -1.8812
  1.0788  -2.0542   1.1751  -1.8762
  1.0787  -2.0536   1.1753  -1.8710
  1.0786  -2.0532   1.1752  -1.8655
  1.0786  -2.0530   1.1748  -1.8597
  1.0786  -2.0530   1.1748  -1.8597
  1.0786  -2.0530   1.1741  -1.8538
  1.0783  -2.0522   1.1733  -1.8504
  1.0779  -2.0507   1.1722  -1.8491
  1.0773  -2.0488   1.1709  -1.8494
  1.0765  -2.0465   1.1693  -1.8510
  1.0756  -2.0439   1.1675  -1.8535
  1.0745  -2.0410   1.1654  -1.8568
  1.0732  -2.0380   1.1631  -1.8607
  1.0717  -2.0348   1.1604  -1.8650
  1.0701  -2.0315   1.1575  -1.8696
  1.0684  -2.0281   1.1544  -1.8744
  1.0665  -2.0246   1.1510  -1.8795
  1.0646  -2.0210   1.1473  -1.8846
  1.0625  -2.0174   1.1435  -1.8899
  1.0602  -2.0137   1.1393  -1.8952
  1.0579  -2.0100   1.1350  -1.9006
  1.0555  -2.0063   1.1304  -1.9060
  1.0530  -2.0025   1.1256  -1.9115
  1.0504  -1.9987   1.1207  -1.9169
  1.0477  -1.9949   1.1155  -1.9224
  1.0450  -1.9910   1.1102  -1.9279
  1.0422  -1.9871   1.1046  -1.9333
  1.0393  -1.9832   1.0990  -1.9388
  1.0363  -1.9793   1.0931  -1.9442
  1.0333  -1.9754   1.0872  -1.9497
  1.0303  -1.9715   1.0811  -1.9551
  1.0272  -1.9675   1.0748  -1.9606
  1.0240  -1.9635   1.0685  -1.9660
  1.0209  -1.9596   1.0620  -1.9714
  1.0177  -1.9556   1.0555  -1.9768
  1.0144  -1.9516   1.0488  -1.9821
  1.0112  -1.9476   1.0421  -1.9875
  1.0079  -1.9435   1.0353  -1.9928
  1.0046  -1.9395   1.0285  -1.9981
  1.0013  -1.9355   1.0216  -2.0034
  0.9980  -1.9314   1.0146  -2.0087
  0.9946  -1.9274   1.0076  -2.0139
  0.9913  -1.9233   1.0006  -2.0192
  0.9880  -1.9193   0.9935  -2.0244
  0.9847  -1.9152   0.9865  -2.0296
  0.9814  -1.9111   0.9794  -2.0347
  0.9781  -1.9070   0.9724  -2.0399
  0.9748  -1.9029   0.9653  -2.0450
  0.9715  -1.8989   0.9583  -2.0501
  0.9683  -1.8948   0.9513  -2.0552
  0.9650  -1.8907   0.9444  -2.0602
  0.9619  -1.8865   0.9374  -2.0652
  0.9587  -1.8824   0.9306  -2.0703
  0.9556  -1.8783   0.9238  -2.0753
  0.9525  -1.8742   0.9171  -2.0802
  0.9495  -1.8701   0.9105  -2.0852
  0.9465  -1.8660   0.9039  -2.0901
  0.9435  -1.8618   0.8975  -2.0951
  0.9406  -1.8577   0.8911  -2.1000
  0.9378  -1.8536   0.8849  -2.1049
  0.9350  -1.8495   0.8788  -2.1097
  0.9323  -1.8453   0.8728  -2.1146
  0.9297  -1.8412   0.8670  -2.1195
  0.9271  -1.8371   0.8613  -2.1243
  0.9246  -1.8330   0.8558  -2.1291
  0.9222  -1.8288   0.8505  -2.1339
  0.9199  -1.8247   0.8453  -2.1387
  0.9177  -1.8206   0.8403  -2.1435
  0.9155  -1.8165   0.8356  -2.1482
  0.9135  -1.8125   0.8310  -2.1529
  0.9115  -1.8084   0.8267  -2.1576
  0.9097  -1.8044   0.8226  -2.1622
  0.9079  -1.8004   0.8187  -2.1668
  0.9063  -1.7965   0.8152  -2.1713
  0.9048  -1.7927   0.8118  -2.1758
  0.9034  -1.7889   0.8088  -2.1801
  0.9021  -1.7852   0.8060  -2.1843
  0.9010  -1.7818   0.8036  -2.1883
  0.9000  -1.7785   0.8014  -2.1921
  0.8991  -1.7754   0.7996  -2.1956
  0.8984  -1.7728   0.7982  -2.1987
  0.8979  -1.7705   0.7970  -2.2013
  0.8979  -1.7705   0.7970  -2.2013
  0.9036  -1.7770   0.7962  -2.2032
  0.9094  -1.7831   0.7957  -2.2054
  0.9152  -1.7889   0.7955  -2.2080
  0.9210  -1.7944   0.7955  -2.2108
  0.9268  -1.7996   0.7958  -2.2138
  0.9326  -1.8045   0.7964  -2.2170
  0.9384  -1.8091   0.7972  -2.2204
  0.9442  -1.8134   0.7983  -2.2239
  0.9500  -1.8175   0.7996  -2.2275
  0.9558  -1.8212   0.8011  -2.2312
  0.9617  -1.8247   0.8029  -2.2350
  0.9675  -1.8278   0.8048  -2.2388
  0.9733  -1.8307   0.8069  -2.2427
  0.9791  -1.8334   0.8093  -2.2466
  0.9849  -1.8357   0.8118  -2.2505
  0.9906  -1.8378   0.8145  -2.2543
  0.9964  -1.8396   0.8173  -2.2582
  1.0021  -1.8411   0.8203  -2.2621
  1.0078  -1.8424   0.8234  -2.2659
  1.0135  -1.8435   0.8267  -2.2697
  1.0191  -1.8442   0.8302  -2.2734
  1.0247  -1.8447   0.8337  -2.2771
  1.0303  -1.8450   0.8374  -2.2807
  1.0358  -1.8450   0.8411  -2.2843
  1.0413  -1.8447   0.8450  -2.2878
  1.0467  -1.8442   0.8490  -2.2912
  1.0521  -1.8435   0.8531  -2.2946
  1.0574  -1.8425   0.8572  -2.2978
  1.0627  -1.8412   0.8615  -2.3010
  1.0679  -1.8397   0.8658  -2.3041
  1.0731  -1.8380   0.8701  -2.3072
  1.0781  -1.8361   0.8746  -2.3101
  1.0832  -1.8339   0.8790  -2.3130
  1.0881  -1.8314   0.8836  -2.3158
  1.0930  -1.8288   0.8881  -2.3185
  1.0978  -1.8259   0.8927  -2.3211
  1.1025  -1.8227   0.8973  -2.3236
  1.1071  -1.8194   0.9019  -2.3260
  1.1117  -1.8158   0.9066  -2.3283
  1.1162  -1.8120   0.9112  -2.3306
  1.1206  -1.8079   0.9159  -2.3327
  1.1249  -1.8037   0.9205  -2.3348
  1.1291  -1.7992   0.9251  -2.3368
  1.1332  -1.7945   0.9297  -2.3387
  1.1372  -1.7896   0.9343  -2.3405
  1.1411  -1.7844   0.9389  -2.3422
  1.1449  -1.7791   0.9434  -2.3438
  1.1486  -1.7735   0.9479  -2.3454
  1.1522  -1.7677   0.9523  -2.3469
  1.1557  -1.7617   0.9566  -2.3483
  1.1591  -1.7555   0.9609  -2.3496
  1.1624  -1.7490   0.9652  -2.3508
  1.1656  -1.7424   0.9693  -2.3519
  1.1687  -1.7355   0.9734  -2.3530
  1.1716  -1.7284   0.9774  -2.3540
  1.1745  -1.7212   0.9813  -2.3549
  1.1772  -1.7137   0.9851  -2.3557
  1.1798  -1.7060   0.9888  -2.3565
  1.1823  -1.6980   0.9924  -2.3572
  1.1847  -1.6899   0.9959  -2.3579
  1.1869  -1.6816   0.9993  -2.3584
  1.1890  -1.6730   1.0025  -2.3589
  1.1911  -1.6643   1.0056  -2.3594
  1.1929  -1.6553   1.0086  -2.3598
  1.1947  -1.6461   1.0114  -2.3601
  1.1963  -1.6367   1.0141  -2.3604
  1.1978  -1.6271   1.0166  -2.3607
  1.1992  -1.6173   1.0190  -2.3609
  1.2005  -1.6073   1.0212  -2.3610
  1.2016  -1.5970   1.0232  -2.3611
  1.2026  -1.5866   1.0251  -2.3612
  1.2034  -1.5759   1.0267  -2.3613
  1.2042  -1.5650   1.0282  -2.3613
  1.2047  -1.5539   1.0295  -2.3613
  1.2052  -1.5425   1.0306  -2.3613
  1.2055  -1.5310   1.0314  -2.3612
  1.2057  -1.5192   1.0321  -2.3612
  1.2057  -1.5071   1.0325  -2.3612
  1.2056  -1.4949   1.0328  -2.3612
  1.2056  -1.4949   1.0328  -2.3612
  1.2054  -1.4824   1.0328  -2.3612
  1.2055  -1.4750   1.0322  -2.3601
  1.2059  -1.4717   1.0312  -2.3580
  1.2064  -1.4716   1.0296  -2.3552
  1.2072  -1.4740   1.0276  -2.3518
  1.2079  -1.4784   1.0251  -2.3479
  1.2087  -1.4844   1.0223  -2.3436
  1.2095  -1.4917   1.0190  -2.3389
  1.2103  -1.4998   1.0153  -2.3339
  1.2110  -1.5088   1.0113  -2.3286
  1.2117  -1.5183   1.0070  -2.3231
  1.2122  -1.5282   1.0024  -2.3175
  1.2126  -1.5386   0.9974  -2.3117
  1.2130  -1.5492   0.9922  -2.3057
  1.2132  -1.5600   0.9867  -2.2996
  1.2134  -1.5710   0.9809  -2.2933
  1.2134  -1.5821   0.9749  -2.2870
  1.2133  -1.5933   0.9687  -2.2805
  1.2130  -1.6045   0.9623  -2.2739
  1.2127  -1.6159   0.9556  -2.2672
  1.2123  -1.6272   0.9489  -2.2603
  1.2117  -1.6386   0.9419  -2.2534
  1.2111  -1.6500   0.9348  -2.2464
  1.2103  -1.6614   0.9276  -2.2392
  1.2094  -1.6728   0.9202  -2.2320
  1.2084  -1.6842   0.9127  -2.2246
  1.2073  -1.6956   0.9051  -2.2171
  1.2062  -1.7069   0.8975  -2.2095
  1.2049  -1.7183   0.8897  -2.2018
  1.2035  -1.7296   0.8819  -2.1940
  1.2021  -1.7409   0.8741  -2.1861
  1.2005  -1.7522   0.8662  -2.1781
  1.1989  -1.7635   0.8582  -2.1700
  1.1972  -1.7747   0.8503  -2.1618
  1.1954  -1.7859   0.8423  -2.1534
  1.1935  -1.7971   0.8343  -2.1449
  1.1916  -1.8082   0.8264  -2.1364
  1.1896  -1.8193   0.8184  -2.1277
  1.1875  -1.8304   0.8105  -2.1189
  1.1854  -1.8414   0.8026  -2.1100
  1.1832  -1.8524   0.7947  -2.1010
  1.1810  -1.8634   0.7869  -2.0918
  1.1787  -1.8743   0.7792  -2.0826
  1.1764  -1.8852   0.7715  -2.0732
  1.1741  -1.8960   0.7639  -2.0638
  1.1717  -1.9068   0.7564  -2.0542
  1.1693  -1.9176   0.7489  -2.0445
  1.1668  -1.9283   0.7416  -2.0347
  1.1643  -1.9390   0.7344  -2.0248
  1.1619  -1.9496   0.7272  -2.0148
  1.1594  -1.9602   0.7202  -2.0047
  1.1568  -1.9707   0.7134  -1.9945
  1.1543  -1.9812   0.7066  -1.9841
  1.1518  -1.9916   0.7000  -1.9737
  1.1493  -2.0020   0.6935  -1.9632
  1.1468  -2.0124   0.6872  -1.9526
  1.1444  -2.0227   0.6811  -1.9419
  1.1419  -2.0329   0.6751  -1.9310
  1.1395  -2.0431   0.6692  -1.9202
  1.1372  -2.0532   0.6636  -1.9092
  1.1348  -2.0632   0.6581  -1.8982
  1.1325  -2.0732   0.6528  -1.8870
  1.1303  -2.0831   0.6477  -1.8759
  1.1282  -2.0929   0.6428  -1.8647
  1.1261  -2.1025   0.6381  -1.8535
  1.1240  -2.1121   0.6336  -1.8422
  1.1221  -2.1215   0.6293  -1.8310
  1.1203  -2.1308   0.6253  -1.8199
  1.1185  -2.1398   0.6215  -1.8088
  1.1169  -2.1486   0.6179  -1.7979
  1.1154  -2.1572   0.6146  -1.7872
  1.1140  -2.1653   0.6115  -1.7768
  1.1127  -2.1731   0.6087  -1.7668
  1.1116  -2.1802   0.6063  -1.7574
  1.1106  -2.1868   0.6041  -1.7487
  1.1098  -2.1925   0.6023  -1.7409
  1.1092  -2.1972   0.6009  -1.7344
  1.1088  -2.2006   0.5999  -1.7295
  1.1086  -2.2025   0.5993  -1.7268
  1.1086  -2.2025   0.5993  -1.7268
  1.1086  -2.2025   0.6109  -1.7360
  1.1086  -2.2022   0.6224  -1.7450
  1.1086  -2.2017   0.6338  -1.7538
  1.1086  -2.2011   0.6451  -1.7625
  1.1085  -2.2002   0.6564  -1.7710
  1.1084  -2.1992   0.6676  -1.7793
  1.1082  -2.1980   0.6788  -1.7875
  1.1081  -2.1967   0.6899  -1.7955
  1.1079  -2.1953   0.7009  -1.8032
  1.1077  -2.1937   0.7118  -1.8109
  1.1074  -2.1921   0.7227  -1.8183
  1.1072  -2.1903   0.7335  -1.8256
  1.1069  -2.1885   0.7442  -1.8327
  1.1066  -2.1865   0.7549  -1.8396
  1.1062  -2.1845   0.7654  -1.8463
  1.1059  -2.1825   0.7759  -1.8529
  1.1055  -2.1804   0.7863  -1.8593
  1.1052  -2.1782   0.7967  -1.8655
  1.1048  -2.1760   0.8069  -1.8716
  1.1044  -2.1738   0.8171  -1.8774
  1.1039  -2.1715   0.8272  -1.8831
  1.1035  -2.1692   0.8372  -1.8886
  1.1031  -2.1669   0.8471  -1.8940
  1.1026  -2.1646   0.8570  -1.8991
  1.1021  -2.1622   0.8667  -1.9041
  1.1017  -2.1598   0.8763  -1.9089
  1.1012  -2.1574   0.8859  -1.9135
  1.1007  -2.1550   0.8953  -1.9179
  1.1002  -2.1526   0.9047  -1.9222
  1.0997  -2.1502   0.9139  -1.9263
  1.0992  -2.1478   0.9230  -1.9302
  1.0987  -2.1453   0.9321  -1.9338
  1.0981  -2.1429   0.9410  -1.9374
  1.0976  -2.1405   0.9498  -1.9407
  1.0971  -2.1380   0.9585  -1.9438
  1.0966  -2.1356   0.9670  -1.9468
  1.0960  -2.1332   0.9754  -1.9495
  1.0955  -2.1308   0.9837  -1.9521
  1.0950  -2.1283   0.9919  -1.9545
  1.0944  -2.1259   1.0000  -1.9567
  1.0939  -2.1235   1.0079  -1.9587
  1.0934  -2.1211   1.0156  -1.9605
  1.0929  -2.1187   1.0232  -1.9621
  1.0924  -2.1163   1.0307  -1.9635
  1.0918  -2.1139   1.0380  -1.9647
  1.0913  -2.1116   1.0451  -1.9658
  1.0908  -2.1092   1.0521  -1.9666
  1.0903  -2.1068   1.0590  -1.9672
  1.0898  -2.1045   1.0656  -1.9676
  1.0894  -2.1022   1.0721  -1.9679
  1.0889  -2.0999   1.0784  -1.9679
  1.0884  -2.0976   1.0845  -1.9677
  1.0879  -2.0953   1.0905  -1.9673
  1.0875  -2.0930   1.0962  -1.9667
  1.0871  -2.0908   1.1018  -1.9659
  1.0866  -2.0886   1.1072  -1.9649
  1.0862  -2.0864   1.1123  -1.9637
  1.0858  -2.0842   1.1173  -1.9623
  1.0854  -2.0821   1.1221  -1.9606
  1.0850  -2.0800   1.1266  -1.9588
  1.0846  -2.0779   1.1309  -1.9567
  1.0843  -2.0759   1.1350  -1.9544
  1.0839  -2.0739   1.1389  -1.9520
  1.0836  -2.0719   1.1426  -1.9492
  1.0833  -2.0700   1.1460  -1.9463
  1.0830  -2.0682   1.1492  -1.9432
  1.0827  -2.0664   1.1521  -1.9398
  1.0824  -2.0646   1.1548  -1.9362
  1.0822  -2.0630   1.1573  -1.9324
  1.0820  -2.0614   1.1595  -1.9284
  1.0817  -2.0599   1.1614  -1.9242
  1.0816  -2.0585   1.1631  -1.9197
  1.0814  -2.0572   1.1645  -1.9150
  1.0812  -2.0561   1.1657  -1.9100
  1.0811  -2.0551   1.1666  -1.9049
  1.0810  -2.0542   1.1672  -1.8995
  1.0809  -2.0535   1.1676  -1.8938
  1.0809  -2.0530   1.1676  -1.8880
  1.0808  -2.0528   1.1674  -1.8818
  1.0808  -2.0528   1.1674  -1.8818
  1.0808  -2.0528   1.1669  -1.8755
  1.0806  -2.0520   1.1663  -1.8716
  1.0802  -2.0505   1.1653  -1.8695
  1.0795  -2.0486   1.1642  -1.8690
  1.0787  -2.0463   1.1628  -1.8697
  1.0777  -2.0437   1.1612  -1.8714
  1.0765  -2.0409   1.1594  -1.8738
  1.0752  -2.0379   1.1573  -1.8768
  1.0736  -2.0347   1.1549  -1.8803
  1.0720  -2.0314   1.1523  -1.8842
  1.0701  -2.0281   1.1494  -1.8884
  1.0682  -2.0246   1.1463  -1.8928
  1.0660  -2.0211   1.1430  -1.8975
  1.0638  -2.0176   1.1394  -1.9023
  1.0614  -2.0140   1.1356  -1.9072
  1.0590  -2.0104   1.1316  -1.9122
  1.0564  -2.0068   1.1274  -1.9174
  1.0537  -2.0031   1.1230  -1.9225
  1.0509  -1.9995   1.1183  -1.9277
  1.0480  -1.9958   1.1135  -1.9330
  1.0450  -1.9921   1.1085  -1.9383
  1.0419  -1.9884   1.1034  -1.9436
  1.0388  -1.9847   1.0980  -1.9489
  1.0356  -1.9809   1.0925  -1.9542
  1.0323  -1.9772   1.0869  -1.9596
  1.0290  -1.9734   1.0811  -1.9649
  1.0256  -1.9697   1.0752  -1.9702
  1.0221  -1.9659   1.0691  -1.9755
  1.0186  -1.9622   1.0630  -1.9809
  1.0151  -1.9584   1.0567  -1.9862
  1.0115  -1.9546   1.0503  -1.9915
  1.0079  -1.9508   1.0439  -1.9967
  1.0042  -1.9470   1.0373  -2.0020
  1.0006  -1.9432   1.0307  -2.0073
  0.9969  -1.9394   1.0240  -2.0125
  0.9932  -1.9356   1.0172  -2.0177
  0.9895  -1.9317   1.0104  -2.0229
  0.9858  -1.9279   1.0035  -2.0281
  0.9821  -1.9240   0.9966  -2.0332
  0.9783  -1.9202   0.9897  -2.0384
  0.9746  -1.9163   0.9827  -2.0435
  0.9709  -1.9125   0.9758  -2.0486
  0.9673  -1.9086   0.9688  -2.0536
  0.9636  -1.9047   0.9619  -2.0587
  0.9600  -1.9008   0.9549  -2.0637
  0.9564  -1.8969   0.9480  -2.0687
  0.9528  -1.8930   0.9411  -2.0736
  0.9492  -1.8891   0.9343  -2.0786
  0.9457  -1.8852   0.9275  -2.0835
  0.9423  -1.8813   0.9208  -2.0884
  0.9389  -1.8773   0.9141  -2.0932
  0.9355  -1.8734   0.9075  -2.0981
  0.9322  -1.8695   0.9010  -2.1029
  0.9290  -1.8655   0.8946  -2.1076
  0.9258  -1.8616   0.8883  -2.1124
  0.9227  -1.8576   0.8822  -2.1171
  0.9196  -1.8537   0.8761  -2.1218
  0.9167  -1.8497   0.8702  -2.1265
  0.9138  -1.8457   0.8644  -2.1311
  0.9110  -1.8418   0.8588  -2.1357
  0.9083  -1.8378   0.8534  -2.1403
  0.9057  -1.8339   0.8481  -2.1448
  0.9031  -1.8300   0.8430  -2.1493
  0.9007  -1.8260   0.8382  -2.1538
  0.8984  -1.8221   0.8335  -2.1582
  0.8962  -1.8183   0.8291  -2.1625
  0.8941  -1.8144   0.8249  -2.1668
  0.8921  -1.8107   0.8209  -2.1711
  0.8903  -1.8069   0.8172  -2.1752
  0.8886  -1.8033   0.8138  -2.1792
  0.8870  -1.7997   0.8107  -2.1831
  0.8855  -1.7963   0.8079  -2.1869
  0.8843  -1.7930   0.8053  -2.1905
  0.8831  -1.7899   0.8031  -2.1938
  0.8821  -1.7871   0.8013  -2.1969
  0.8813  -1.7846   0.7997  -2.1995
  0.8807  -1.7826   0.7986  -2.2018
  0.8803  -1.7810   0.7978  -2.2034
  0.8803  -1.7810   0.7978  -2.2034
  0.8859  -1.7870   0.7973  -2.2043
  0.8916  -1.7926   0.7972  -2.2055
  0.8972  -1.7979   0.7972  -2.2069
  0.9029  -1.8029   0.7976  -2.2085
  0.9087  -1.8075   0.7982  -2.2103
  0.9144  -1.8119   0.7990  -2.2122
  0.9201  -1.8160   0.8001  -2.2143
  0.9258  -1.8199   0.8014  -2.2165
  0.9316  -1.8234   0.8029  -2.2188
  0.9373  -1.8266   0.8046  -2.2212
  0.9431  -1.8296   0.8065  -2.2236
  0.9488  -1.8323   0.8086  -2.2261
  0.9546  -1.8347   0.8109  -2.2287
  0.9603  -1.8368   0.8133  -2.2313
  0.9660  -1.8386   0.8159  -2.2340
  0.9717  -1.8402   0.8187  -2.2367
  0.9774  -1.8415   0.8216  -2.2394
  0.9831  -1.8426   0.8247  -2.2421
  0.9887  -1.8434   0.8279  -2.2448
  0.9943  -1.8439   0.8312  -2.2476
  0.9999  -1.8442   0.8346  -2.2503
  1.0054  -1.8442   0.8382  -2.2531
  1.0109  -1.8440   0.8418  -2.2558
  1.0164  -1.8435   0.8456  -2.2585
  1.0218  -1.8428   0.8494  -2.2612
  1.0272  -1.8418   0.8534  -2.2639
  1.0325  -1.8405   0.8574  -2.2666
  1.0378  -1.8391   0.8615  -2.2692
  1.0430  -1.8374   0.8657  -2.2719
  1.0482  -1.8354   0.8699  -2.2745
  1.0533  -1.8332   0.8742  -2.2771
  1.0583  -1.8308   0.8785  -2.2796
  1.0632  -1.8281   0.8828  -2.2822
  1.0681  -1.8252   0.8873  -2.2847
  1.0729  -1.8221   0.8917  -2.2872
  1.0777  -1.8187   0.8961  -2.2896
  1.0824  -1.8151   0.9006  -2.2920
  1.0869  -1.8113   0.9051  -2.2944
  1.0914  -1.8072   0.9096  -2.2968
  1.0958  -1.8030   0.9141  -2.2992
  1.1002  -1.7985   0.9186  -2.3015
  1.1044  -1.7937   0.9231  -2.3037
  1.1085  -1.7888   0.9276  -2.3060
  1.1126  -1.7836   0.9320  -2.3082
  1.1165  -1.7783   0.9365  -2.3104
  1.1204  -1.7727   0.9408  -2.3126
  1.1241  -1.7668   0.9452  -2.3147
  1.1278  -1.7608   0.9495  -2.3168
  1.1313  -1.7546   0.9538  -2.3189
  1.1348  -1.7481   0.9580  -2.3209
  1.1381  -1.7414   0.9621  -2.3229
  1.1413  -1.7346   0.9662  -2.3249
  1.1444  -1.7275   0.9702  -2.3268
  1.1474  -1.7202   0.9741  -2.3287
  1.1503  -1.7127   0.9780  -2.3306
  1.1531  -1.7049   0.9817  -2.3324
  1.1557  -1.6970   0.9854  -2.3342
  1.1583  -1.6889   0.9890  -2.3359
  1.1607  -1.6805   0.9924  -2.3377
  1.1630  -1.6720   0.9958  -2.3393
  1.1651  -1.6632   0.9990  -2.3410
  1.1672  -1.6542   1.0021  -2.3426
  1.1691  -1.6450   1.0051  -2.3441
  1.1709  -1.6356   1.0080  -2.3456
  1.1726  -1.6260   1.0107  -2.3470
  1.1741  -1.6162   1.0133  -2.3484
  1.1756  -1.6062   1.0157  -2.3498
  1.1769  -1.5959   1.0180  -2.3510
  1.1780  -1.5855   1.0201  -2.3523
  1.1790  -1.5748   1.0220  -2.3534
  1.1799  -1.5640   1.0238  -2.3545
  1.1807  -1.5529   1.0254  -2.3554
  1.1813  -1.5415   1.0268  -2.3563
  1.1818  -1.5300   1.0281  -2.3571
  1.1822  -1.5183   1.0291  -2.3578
  1.1824  -1.5063   1.0299  -2.3584
  1.1824  -1.4941   1.0306  -2.3588
  1.1824  -1.4816   1.0310  -2.3591
  1.1822  -1.4690   1.0312  -2.3593
  1.1822  -1.4690   1.0312  -2.3593
  1.1818  -1.4561   1.0312  -2.3593
  1.1819  -1.4483   1.0306  -2.3586
  1.1824  -1.4446   1.0294  -2.3574
  1.1832  -1.4443   1.0276  -2.3556
  1.1843  -1.4465   1.0252  -2.3534
  1.1856  -1.4509   1.0224  -2.3509
  1.1869  -1.4569   1.0191  -2.3480
  1.1884  -1.4643   1.0153  -2.3449
  1.1899  -1.4727   1.0112  -2.3414
  1.1914  -1.4818   1.0066  -2.3378
  1.1929  -1.4917   1.0017  -2.3339
  1.1944  -1.5020   0.9964  -2.3297
  1.1959  -1.5127   0.9907  -2.3254
  1.1973  -1.5238   0.9848  -2.3209
  1.1987  -1.5351   0.9786  -2.3162
  1.1999  -1.5466   0.9721  -2.3113
  1.2011  -1.5582   0.9654  -2.3061
  1.2023  -1.5700   0.9584  -2.3009
  1.2033  -1.5818   0.9512  -2.2954
  1.2043  -1.5938   0.9439  -2.2897
  1.2051  -1.6057   0.9363  -2.2838
  1.2059  -1.6178   0.9286  -2.2777
  1.2065  -1.6299   0.9208  -2.2715
  1.2071  -1.6420   0.9128  -2.2650
  1.2075  -1.6541   0.9047  -2.2584
  1.2079  -1.6663   0.8966  -2.2515
  1.2081  -1.6785   0.8883  -2.2444
  1.2083  -1.6907   0.8800  -2.2372
  1.2083  -1.7029   0.8716  -2.2297
  1.2082  -1.7151   0.8632  -2.2221
  1.2080  -1.7273   0.8548  -2.2142
  1.2077  -1.7396   0.8463  -2.2061
  1.2073  -1.7518   0.8379  -2.1978
  1.2068  -1.7641   0.8294  -2.1893
  1.2062  -1.7764   0.8210  -2.1807
  1.2054  -1.7887   0.8126  -2.1717
  1.2046  -1.8010   0.8042  -2.1626
  1.2036  -1.8133   0.7959  -2.1533
  1.2025  -1.8256   0.7876  -2.1438
  1.2014  -1.8379   0.7794  -2.1341
  1.2001  -1.8503   0.7713  -2.1241
  1.1987  -1.8626   0.7633  -2.1140
  1.1973  -1.8749   0.7553  -2.1036
  1.1957  -1.8873   0.7475  -2.0931
  1.1940  -1.8996   0.7398  -2.0823
  1.1922  -1.9119   0.7321  -2.0714
  1.1904  -1.9242   0.7247  -2.0602
  1.1885  -1.9365   0.7173  -2.0489
  1.1864  -1.9488   0.7101  -2.0373
  1.1844  -1.9610   0.7030  -2.0256
  1.1822  -1.9733   0.6960  -2.0136
  1.1799  -1.9855   0.6892  -2.0015
  1.1777  -1.9976   0.6826  -1.9892
  1.1753  -2.0097   0.6761  -1.9767
  1.1729  -2.0217   0.6697  -1.9640
  1.1704  -2.0337   0.6636  -1.9512
  1.1680  -2.0455   0.6576  -1.9382
  1.1655  -2.0573   0.6518  -1.9250
  1.1629  -2.0690   0.6462  -1.9117
  1.1604  -2.0806   0.6407  -1.8982
  1.1578  -2.0920   0.6354  -1.8846
  1.1553  -2.1033   0.6303  -1.8708
  1.1528  -2.1144   0.6254  -1.8570
  1.1503  -2.1254   0.6207  -1.8430
  1.1478  -2.1362   0.6162  -1.8290
  1.1454  -2.1467   0.6119  -1.8150
  1.1431  -2.1571   0.6078  -1.8009
  1.1409  -2.1671   0.6039  -1.7868
  1.1387  -2.1769   0.6002  -1.7729
  1.1366  -2.1863   0.5968  -1.7591
  1.1347  -2.1953   0.5935  -1.7455
  1.1329  -2.2038   0.5905  -1.7323
  1.1313  -2.2118   0.5878  -1.7195
  1.1298  -2.2192   0.5853  -1.7074
  1.1285  -2.2258   0.5832  -1.6962
  1.1274  -2.2315   0.5813  -1.6862
  1.1266  -2.2361   0.5798  -1.6778
  1.1260  -2.2395   0.5788  -1.6715
  1.1260  -2.2395   0.5788  -1.6715
  1.1258  -2.2413   0.5903  -1.6806
  1.1255  -2.2429   0.6018  -1.6896
  1.1251  -2.2442   0.6132  -1.6984
  1.1248  -2.2453   0.6246  -1.7070
  1.1243  -2.2461   0.6359  -1.7155
  1.1239  -2.2467   0.6471  -1.7237
  1.1234  -2.2471   0.6582  -1.7318
  1.1229  -2.2473   0.6693  -1.7397
  1.1224  -2.2473   0.6803  -1.7475
  1.1218  -2.2471   0.6913  -1.7551
  1.1212  -2.2467   0.7021  -1.7625
  1.1206  -2.2462   0.7129  -1.7697
  1.1200  -2.2455   0.7237  -1.7767
  1.1194  -2.2447   0.7343  -1.7836
  1.1187  -2.2438   0.7449  -1.7903
  1.1180  -2.2428   0.7554  -1.7968
  1.1173  -2.2416   0.7658  -1.8032
  1.1165  -2.2404   0.7761  -1.8094
  1.1158  -2.2391   0.7864  -1.8154
  1.1151  -2.2376   0.7965  -1.8212
  1.1143  -2.2361   0.8066  -1.8268
  1.1135  -2.2345   0.8166  -1.8323
  1.1127  -2.2329   0.8265  -1.8376
  1.1119  -2.2311   0.8363  -1.8427
  1.1111  -2.2293   0.8460  -1.8476
  1.1103  -2.2275   0.8556  -1.8524
  1.1095  -2.2256   0.8651  -1.8569
  1.1086  -2.2236   0.8745  -1.8613
  1.1078  -2.2216   0.8838  -1.8655
  1.1070  -2.2196   0.8930  -1.8695
  1.1061  -2.2174   0.9021  -1.8734
  1.1053  -2.2153   0.9111  -1.8770
  1.1044  -2.2131   0.9199  -1.8805
  1.1036  -2.2109   0.9287  -1.8838
  1.1028  -2.2086   0.9373  -1.8869
  1.1019  -2.2063   0.9458  -1.8898
  1.1011  -2.2039   0.9542  -1.8925
  1.1003  -2.2016   0.9624  -1.8950
  1.0994  -2.1991   0.9705  -1.8973
  1.0986  -2.1967   0.9784  -1.8994
  1.0978  -2.1942   0.9863  -1.9014
  1.0970  -2.1917   0.9939  -1.9031
  1.0962  -2.1892   1.0014  -1.9047
  1.0954  -2.1866   1.0088  -1.9060
  1.0947  -2.1840   1.0160  -1.9072
  1.0939  -2.1814   1.0231  -1.9081
  1.0931  -2.1788   1.0299  -1.9089
  1.0924  -2.1761   1.0367  -1.9094
  1.0917  -2.1734   1.0432  -1.9097
  1.0910  -2.1707   1.0496  -1.9099
  1.0903  -2.1680   1.0558  -1.9098
  1.0896  -2.1653   1.0618  -1.9096
  1.0889  -2.1625   1.0676  -1.9091
  1.0882  -2.1598   1.0732  -1.9084
  1.0876  -2.1570   1.0786  -1.9075
  1.0870  -2.1542   1.0838  -1.9064
  1.0864  -2.1514   1.0889  -1.9051
  1.0858  -2.1487   1.0937  -1.9035
  1.0852  -2.1459   1.0983  -1.9018
  1.0847  -2.1431   1.1027  -1.8998
  1.0842  -2.1403   1.1068  -1.8977
  1.0837  -2.1376   1.1108  -1.8953
  1.0832  -2.1348   1.1145  -1.8927
  1.0827  -2.1321   1.1180  -1.8898
  1.0823  -2.1294   1.1212  -1.8868
  1.0819  -2.1268   1.1242  -1.8835
  1.0815  -2.1242   1.1270  -1.8800
  1.0811  -2.1217   1.1295  -1.8763
  1.0808  -2.1193   1.1318  -1.8723
  1.0804  -2.1169   1.1338  -1.8681
  1.0802  -2.1147   1.1355  -1.8637
  1.0799  -2.1125   1.1370  -1.8591
  1.0797  -2.1106   1.1382  -1.8542
  1.0795  -2.1087   1.1392  -1.8491
  1.0793  -2.1071   1.1399  -1.8437
  1.0791  -2.1057   1.1403  -1.8381
  1.0790  -2.1046   1.1404  -1.8323
  1.0790  -2.1038   1.1402  -1.8262
  1.0789  -2.1033   1.1398  -1.8199
  1.0789  -2.1033   1.1398  -1.8199
  1.0789  -2.1033   1.1390  -1.8133
  1.0788  -2.1045   1.1382  -1.8094
  1.0785  -2.1065   1.1371  -1.8078
  1.0780  -2.1090   1.1359  -1.8078
  1.0774  -2.1119   1.1345  -1.8093
  1.0767  -2.1151   1.1329  -1.8118
  1.0757  -2.1185   1.1311  -1.8152
  1.0747  -2.1219   1.1291  -1.8193
  1.0735  -2.1254   1.1269  -1.8239
  1.0722  -2.1289   1.1244  -1.8289
  1.0707  -2.1324   1.1218  -1.8343
  1.0691  -2.1357   1.1189  -1.8400
  1.0674  -2.1391   1.1158  -1.8458
  1.0655  -2.1423   1.1126  -1.8518
  1.0635  -2.1454   1.1091  -1.8579
  1.0614  -2.1485   1.1055  -1.8641
  1.0592  -2.1514   1.1016  -1.8704
  1.0569  -2.1542   1.0976  -1.8767
  1.0545  -2.1568   1.0935  -1.8831
  1.0520  -2.1594   1.0891  -1.8894
  1.0494  -2.1618   1.0847  -1.8958
  1.0467  -2.1641   1.0800  -1.9022
  1.0439  -2.1663   1.0753  -1.9086
  1.0411  -2.1683   1.0704  -1.9150
  1.0381  -2.1703   1.0654  -1.9213
  1.0351  -2.1720   1.0603  -1.9277
  1.0320  -2.1737   1.0550  -1.9340
  1.0288  -2.1752   1.0497  -1.9403
  1.0256  -2.1767   1.0443  -1.9466
  1.0224  -2.1779   1.0388  -1.9529
  1.0190  -2.1791   1.0332  -1.9592
  1.0157  -2.1801   1.0276  -1.9654
  1.0122  -2.1811   1.0219  -1.9716
  1.0088  -2.1818   1.0161  -1.9777
  1.0053  -2.1825   1.0103  -1.9839
  1.0017  -2.1830   1.0045  -1.9900
  0.9982  -2.1835   0.9986  -1.9961
  0.9946  -2.1837   0.9927  -2.0022
  0.9910  -2.1839   0.9867  -2.0082
  0.9874  -2.1840   0.9808  -2.0142
  0.9837  -2.1839   0.9749  -2.0202
  0.9801  -2.1837   0.9690  -2.0262
  0.9764  -2.1833   0.9630  -2.0321
  0.9728  -2.1829   0.9571  -2.0380
  0.9691  -2.1823   0.9513  -2.0439
  0.9655  -2.1816   0.9454  -2.0498
  0.9619  -2.1808   0.9396  -2.0556
  0.9583  -2.1798   0.9339  -2.0614
  0.9547  -2.1787   0.9282  -2.0672
  0.9512  -2.1775   0.9225  -2.0729
  0.9477  -2.1761   0.9170  -2.0786
  0.9442  -2.1746   0.9115  -2.0843
  0.9408  -2.1729   0.9061  -2.0899
  0.9374  -2.1711   0.9008  -2.0955
  0.9340  -2.1691   0.8956  -2.1011
  0.9308  -2.1669   0.8905  -2.1067
  0.9276  -2.1645   0.8855  -2.1122
  0.9244  -2.1619   0.8806  -2.1177
  0.9214  -2.1591   0.8759  -2.1231
  0.9184  -2.1559   0.8713  -2.1285
  0.9155  -2.1525   0.8669  -2.1338
  0.9127  -2.1486   0.8626  -2.1391
  0.9099  -2.1443   0.8585  -2.1443
  0.9073  -2.1395   0.8546  -2.1495
  0.9048  -2.1340   0.8508  -2.1546
  0.9024  -2.1278   0.8472  -2.1597
  0.9001  -2.1207   0.8439  -2.1646
  0.8979  -2.1124   0.8407  -2.1694
  0.8958  -2.1028   0.8378  -2.1742
  0.8939  -2.0915   0.8352  -2.1787
  0.8920  -2.0780   0.8327  -2.1832
  0.8902  -2.0611   0.8306  -2.1874
  0.8884  -2.0391   0.8287  -2.1914
  0.8866  -2.0106   0.8272  -2.1951
  0.8845  -1.9727   0.8261  -2.1985
  0.8820  -1.9233   0.8253  -2.2015
  0.8789  -1.8638   0.8249  -2.2040
  0.8755  -1.8048   0.8249  -2.2058
  0.8730  -1.7698   0.8249  -2.2069
  0.8729  -1.7698   0.8249  -2.2069
  0.8726  -1.7694   0.8249  -2.2069
  0.8722  -1.7689   0.8249  -2.2069
  0.8718  -1.7685   0.8249  -2.2069
  0.8714  -1.7681   0.8249  -2.2069
  0.8710  -1.7677   0.8249  -2.2069
  0.8706  -1.7673   0.8250  -2.2069
  0.8702  -1.7669   0.8250  -2.2069
  0.8698  -1.7665   0.8250  -2.2069
  0.8694  -1.7660   0.8250  -2.2069
  0.8690  -1.7656   0.8250  -2.2069
  0.8690  -1.7656   0.8250  -2.2069
  0.8749  -1.7718   0.8249  -2.2069
  0.8809  -1.7777   0.8251  -2.2073
  0.8868  -1.7833   0.8255  -2.2080
  0.8928  -1.7886   0.8262  -2.2092
  0.8988  -1.7936   0.8270  -2.2106
  0.9048  -1.7983   0.8281  -2.2122
  0.9108  -1.8027   0.8294  -2.2141
  0.9168  -1.8067   0.8309  -2.2162
  0.9228  -1.8105   0.8326  -2.2185
  0.9288  -1.8140   0.8345  -2.2210
  0.9348  -1.8172   0.8366  -2.2236
  0.9408  -1.8201   0.8389  -2.2264
  0.9468  -1.8228   0.8413  -2.2292
  0.9527  -1.8251   0.8439  -2.2322
  0.9587  -1.8272   0.8466  -2.2353
  0.9646  -1.8290   0.8495  -2.2384
  0.9705  -1.8305   0.8525  -2.2416
  0.9764  -1.8317   0.8557  -2.2449
  0.9823  -1.8327   0.8590  -2.2482
  0.9881  -1.8334   0.8624  -2.2516
  0.9939  -1.8338   0.8659  -2.2550
  0.9997  -1.8340   0.8696  -2.2584
  1.0054  -1.8339   0.8733  -2.2619
  1.0111  -1.8336   0.8771  -2.2653
  1.0167  -1.8330   0.8810  -2.2688
  1.0223  -1.8321   0.8850  -2.2723
  1.0278  -1.8310   0.8891  -2.2758
  1.0332  -1.8296   0.8933  -2.2793
  1.0386  -1.8280   0.8974  -2.2828
  1.0440  -1.8261   0.9017  -2.2863
  1.0492  -1.8240   0.9060  -2.2897
  1.0544  -1.8216   0.9103  -2.2932
  1.0595  -1.8190   0.9147  -2.2967
  1.0646  -1.8162   0.9191  -2.3001
  1.0696  -1.8131   0.9235  -2.3035
  1.0744  -1.8098   0.9279  -2.3069
  1.0792  -1.8062   0.9323  -2.3102
  1.0840  -1.8024   0.9368  -2.3136
  1.0886  -1.7984   0.9412  -2.3169
  1.0931  -1.7941   0.9456  -2.3201
  1.0976  -1.7896   0.9500  -2.3234
  1.1019  -1.7849   0.9543  -2.3266
  1.1061  -1.7800   0.9587  -2.3297
  1.1103  -1.7748   0.9630  -2.3329
  1.1143  -1.7694   0.9672  -2.3360
  1.1182  -1.7638   0.9714  -2.3390
  1.1221  -1.7579   0.9756  -2.3420
  1.1258  -1.7519   0.9796  -2.3449
  1.1294  -1.7456   0.9837  -2.3478
  1.1329  -1.7391   0.9876  -2.3507
  1.1363  -1.7324   0.9915  -2.3535
  1.1395  -1.7254   0.9953  -2.3562
  1.1427  -1.7183   0.9990  -2.3589
  1.1457  -1.7109   1.0026  -2.3615
  1.1486  -1.7033   1.0061  -2.3641
  1.1514  -1.6955   1.0096  -2.3666
  1.1541  -1.6875   1.0129  -2.3690
  1.1566  -1.6793   1.0161  -2.3713
  1.1591  -1.6709   1.0192  -2.3736
  1.1614  -1.6622   1.0222  -2.3758
  1.1635  -1.6533   1.0250  -2.3779
  1.1656  -1.6443   1.0277  -2.3800
  1.1675  -1.6350   1.0303  -2.3819
  1.1693  -1.6255   1.0328  -2.3838
  1.1709  -1.6157   1.0351  -2.3856
  1.1724  -1.6058   1.0373  -2.3873
  1.1738  -1.5956   1.0394  -2.3888
  1.1751  -1.5852   1.0413  -2.3903
  1.1762  -1.5746   1.0430  -2.3917
  1.1772  -1.5638   1.0446  -2.3929
  1.1780  -1.5528   1.0461  -2.3941
  1.1787  -1.5415   1.0474  -2.3951
  1.1793  -1.5300   1.0485  -2.3960
  1.1797  -1.5183   1.0495  -2.3968
  1.1800  -1.5063   1.0503  -2.3974
  1.1801  -1.4941   1.0509  -2.3979
  1.1801  -1.4817   1.0514  -2.3983
  1.1799  -1.4690   1.0518  -2.3985
  1.1796  -1.4561   1.0519  -2.3987
  1.1796  -1.4561   1.0519  -2.3987
  1.1792  -1.4429   1.0519  -2.3987
  1.1838  -1.4697   1.0510  -2.3992
  1.1922  -1.5297   1.0492  -2.4000
  1.2018  -1.6042   1.0467  -2.4009
  1.2109  -1.6810   1.0437  -2.4017
  1.2188  -1.7533   1.0402  -2.4025
  1.2251  -1.8178   1.0362  -2.4032
  1.2302  -1.8734   1.0318  -2.4038
  1.2340  -1.9207   1.0271  -2.4042
  1.2370  -1.9609   1.0220  -2.4045
  1.2392  -1.9954   1.0165  -2.4047
  1.2409  -2.0254   1.0107  -2.4047
  1.2421  -2.0515   1.0046  -2.4046
  1.2429  -2.0743   0.9981  -2.4042
  1.2433  -2.0941   0.9913  -2.4037
  1.2434  -2.1111   0.9843  -2.4030
  1.2432  -2.1258   0.9770  -2.4021
  1.2428  -2.1382   0.9694  -2.4011
  1.2421  -2.1488   0.9617  -2.3998
  1.2412  -2.1578   0.9537  -2.3983
  1.2401  -2.1655   0.9455  -2.3966
  1.2388  -2.1720   0.9372  -2.3947
  1.2374  -2.1777   0.9287  -2.3926
  1.2358  -2.1827   0.9201  -2.3903
  1.2340  -2.1872   0.9113  -2.3878
  1.2321  -2.1912   0.9024  -2.3850
  1.2301  -2.1948   0.8934  -2.3820
  1.2279  -2.1981   0.8844  -2.3788
  1.2256  -2.2012   0.8752  -2.3754
  1.2232  -2.2040   0.8661  -2.3718
  1.2207  -2.2067   0.8568  -2.3679
  1.2181  -2.2092   0.8476  -2.3638
  1.2154  -2.2115   0.8384  -2.3594
  1.2126  -2.2138   0.8291  -2.3549
  1.2097  -2.2159   0.8199  -2.3501
  1.2067  -2.2179   0.8107  -2.3451
  1.2037  -2.2198   0.8015  -2.3398
  1.2006  -2.2216   0.7924  -2.3343
  1.1974  -2.2234   0.7834  -2.3286
  1.1942  -2.2250   0.7744  -2.3227
  1.1910  -2.2265   0.7655  -2.3165
  1.1877  -2.2280   0.7567  -2.3101
  1.1843  -2.2294   0.7480  -2.3035
  1.1809  -2.2307   0.7394  -2.2967
  1.1775  -2.2319   0.7310  -2.2896
  1.1741  -2.2330   0.7227  -2.2823
  1.1707  -2.2340   0.7145  -2.2748
  1.1672  -2.2349   0.7065  -2.2670
  1.1638  -2.2358   0.6987  -2.2591
  1.1604  -2.2366   0.6910  -2.2509
  1.1569  -2.2372   0.6835  -2.2424
  1.1535  -2.2378   0.6761  -2.2338
  1.1501  -2.2384   0.6690  -2.2249
  1.1467  -2.2388   0.6621  -2.2158
  1.1434  -2.2391   0.6553  -2.2064
  1.1401  -2.2394   0.6488  -2.1968
  1.1368  -2.2395   0.6425  -2.1869
  1.1336  -2.2396   0.6364  -2.1767
  1.1305  -2.2396   0.6306  -2.1663
  1.1274  -2.2395   0.6250  -2.1555
  1.1244  -2.2393   0.6196  -2.1445
  1.1215  -2.2391   0.6144  -2.1330
  1.1187  -2.2388   0.6095  -2.1211
  1.1160  -2.2384   0.6049  -2.1087
  1.1133  -2.2379   0.6005  -2.0957
  1.1108  -2.2373   0.5963  -2.0821
  1.1084  -2.2367   0.5924  -2.0677
  1.1061  -2.2361   0.5888  -2.0523
  1.1040  -2.2354   0.5853  -2.0357
  1.1020  -2.2346   0.5821  -2.0176
  1.1001  -2.2338   0.5791  -1.9975
  1.0984  -2.2330   0.5762  -1.9749
  1.0968  -2.2321   0.5735  -1.9491
  1.0954  -2.2312   0.5707  -1.9189
  1.0941  -2.2304   0.5679  -1.8833
  1.0930  -2.2295   0.5649  -1.8417
  1.0921  -2.2287   0.5616  -1.7951
  1.0914  -2.2280   0.5583  -1.7487
  1.0910  -2.2276   0.5557  -1.7153
  1.0910  -2.2276   0.5557  -1.7152
  1.0910  -2.2276   0.5554  -1.7149
  1.0910  -2.2276   0.5551  -1.7145
  1.0910  -2.2276   0.5548  -1.7141
  1.0910  -2.2276   0.5544  -1.7138
  1.0910  -2.2276   0.5541  -1.7134
  1.0910  -2.2276   0.5538  -1.7130
  1.0910  -2.2276   0.5535  -1.7127
  1.0910  -2.2276   0.5531  -1.7123
  1.0910  -2.2276   0.5528  -1.7119
  1.0910  -2.2276   0.5525  -1.7116
  1.0910  -2.2276   0.5521  -1.7112
  1.0910  -2.2276   0.5518  -1.7108
  1.0910  -2.2276   0.5515  -1.7104
  1.0910  -2.2276   0.5511  -1.7100
  1.0910  -2.2276   0.5508  -1.7096
  1.0910  -2.2276   0.5508  -1.7096
  1.0910  -2.2276   0.5628  -1.7206
  1.0911  -2.2271   0.5747  -1.7314
  1.0912  -2.2263   0.5866  -1.7421
  1.0914  -2.2250   0.5984  -1.7525
  1.0916  -2.2235   0.6102  -1.7628
  1.0919  -2.2217   0.6219  -1.7729
  1.0921  -2.2197   0.6336  -1.7829
  1.0924  -2.2175   0.6452  -1.7926
  1.0928  -2.2151   0.6568  -1.8022
  1.0931  -2.2125   0.6683  -1.8117
  1.0934  -2.2098   0.6798  -1.8209
  1.0938  -2.2070   0.6912  -1.8300
  1.0941  -2.2040   0.7025  -1.8388
  1.0945  -2.2010   0.7138  -1.8476
  1.0949  -2.1980   0.7251  -1.8561
  1.0952  -2.1948   0.7363  -1.8644
  1.0956  -2.1917   0.7474  -1.8726
  1.0959  -2.1884   0.7584  -1.8806
  1.0963  -2.1852   0.7694  -1.8884
  1.0966  -2.1819   0.7804  -1.8961
  1.0969  -2.1787   0.7912  -1.9035
  1.0972  -2.1754   0.8020  -1.9108
  1.0975  -2.1721   0.8127  -1.9179
  1.0978  -2.1688   0.8234  -1.9248
  1.0980  -2.1656   0.8339  -1.9315
  1.0983  -2.1623   0.8444  -1.9380
  1.0985  -2.1591   0.8549  -1.9444
  1.0987  -2.1559   0.8652  -1.9505
  1.0988  -2.1527   0.8754  -1.9565
  1.0990  -2.1495   0.8856  -1.9622
  1.0991  -2.1464   0.8957  -1.9678
  1.0992  -2.1433   0.9056  -1.9732
  1.0992  -2.1402   0.9155  -1.9784
  1.0993  -2.1372   0.9253  -1.9834
  1.0993  -2.1342   0.9350  -1.9882
  1.0992  -2.1313   0.9445  -1.9928
  1.0992  -2.1284   0.9540  -1.9972
  1.0991  -2.1255   0.9633  -2.0014
  1.0990  -2.1227   0.9726  -2.0054
  1.0988  -2.1199   0.9817  -2.0091
  1.0987  -2.1172   0.9906  -2.0127
  1.0985  -2.1145   0.9995  -2.0161
  1.0983  -2.1119   1.0082  -2.0193
  1.0980  -2.1093   1.0168  -2.0222
  1.0977  -2.1067   1.0252  -2.0250
  1.0974  -2.1042   1.0335  -2.0275
  1.0971  -2.1018   1.0416  -2.0298
  1.0967  -2.0994   1.0496  -2.0319
  1.0964  -2.0970   1.0574  -2.0338
  1.0959  -2.0947   1.0651  -2.0355
  1.0955  -2.0925   1.0725  -2.0369
  1.0951  -2.0903   1.0798  -2.0381
  1.0946  -2.0881   1.0870  -2.0392
  1.0942  -2.0860   1.0939  -2.0399
  1.0937  -2.0840   1.1006  -2.0405
  1.0932  -2.0820   1.1072  -2.0408
  1.0926  -2.0800   1.1136  -2.0410
  1.0921  -2.0782   1.1197  -2.0408
  1.0916  -2.0763   1.1256  -2.0405
  1.0910  -2.0746   1.1314  -2.0399
  1.0905  -2.0729   1.1369  -2.0391
  1.0900  -2.0712   1.1421  -2.0381
  1.0894  -2.0696   1.1472  -2.0368
  1.0889  -2.0681   1.1520  -2.0353
  1.0884  -2.0667   1.1566  -2.0336
  1.0879  -2.0653   1.1609  -2.0316
  1.0874  -2.0640   1.1650  -2.0294
  1.0869  -2.0627   1.1689  -2.0270
  1.0864  -2.0616   1.1724  -2.0243
  1.0860  -2.0605   1.1758  -2.0213
  1.0856  -2.0595   1.1788  -2.0182
  1.0852  -2.0586   1.1816  -2.0148
  1.0848  -2.0578   1.1841  -2.0111
  1.0845  -2.0571   1.1864  -2.0072
  1.0842  -2.0564   1.1883  -2.0031
  1.0840  -2.0559   1.1900  -1.9987
  1.0838  -2.0556   1.1914  -1.9941
  1.0837  -2.0553   1.1925  -1.9892
  1.0836  -2.0552   1.1933  -1.9841
  1.0836  -2.0552   1.1933  -1.9841
  1.0836  -2.0552   1.1938  -1.9787
  1.0836  -2.0546   1.1956  -2.0075
  1.0834  -2.0535   1.1984  -2.0688
  1.0831  -2.0520   1.2006  -2.1410
  1.0827  -2.0501   1.2012  -2.2051
  1.0820  -2.0479   1.2004  -2.2570
  1.0811  -2.0455   1.1986  -2.2986
  1.0801  -2.0428   1.1961  -2.3327
  1.0789  -2.0400   1.1929  -2.3606
  1.0776  -2.0370   1.1892  -2.3833
  1.0761  -2.0339   1.1850  -2.4018
  1.0745  -2.0307   1.1804  -2.4169
  1.0728  -2.0275   1.1755  -2.4292
  1.0710  -2.0241   1.1701  -2.4393
  1.0690  -2.0207   1.1645  -2.4474
  1.0670  -2.0172   1.1586  -2.4539
  1.0648  -2.0137   1.1523  -2.4590
  1.0626  -2.0101   1.1458  -2.4629
  1.0603  -2.0065   1.1391  -2.4657
  1.0579  -2.0028   1.1321  -2.4677
  1.0554  -1.9991   1.1248  -2.4689
  1.0529  -1.9954   1.1174  -2.4694
  1.0502  -1.9916   1.1098  -2.4693
  1.0476  -1.9878   1.1019  -2.4688
  1.0448  -1.9840   1.0940  -2.4678
  1.0420  -1.9801   1.0858  -2.4666
  1.0391  -1.9762   1.0775  -2.4651
  1.0362  -1.9723   1.0690  -2.4634
  1.0333  -1.9683   1.0604  -2.4615
  1.0303  -1.9644   1.0518  -2.4595
  1.0272  -1.9603   1.0430  -2.4574
  1.0242  -1.9563   1.0341  -2.4551
  1.0211  -1.9522   1.0251  -2.4527
  1.0179  -1.9481   1.0161  -2.4502
  1.0148  -1.9440   1.0070  -2.4476
  1.0116  -1.9399   0.9979  -2.4448
  1.0084  -1.9357   0.9888  -2.4420
  1.0052  -1.9315   0.9796  -2.4390
  1.0020  -1.9273   0.9705  -2.4359
  0.9988  -1.9230   0.9613  -2.4327
  0.9955  -1.9187   0.9522  -2.4294
  0.9923  -1.9144   0.9431  -2.4260
  0.9891  -1.9101   0.9340  -2.4225
  0.9859  -1.9057   0.9250  -2.4189
  0.9827  -1.9013   0.9161  -2.4151
  0.9795  -1.8969   0.9072  -2.4113
  0.9763  -1.8924   0.8985  -2.4073
  0.9732  -1.8879   0.8898  -2.4033
  0.9700  -1.8834   0.8812  -2.3991
  0.9669  -1.8789   0.8728  -2.3949
  0.9639  -1.8743   0.8645  -2.3905
  0.9609  -1.8697   0.8563  -2.3860
  0.9579  -1.8651   0.8483  -2.3815
  0.9549  -1.8605   0.8405  -2.3768
  0.9520  -1.8558   0.8328  -2.3720
  0.9492  -1.8511   0.8253  -2.3672
  0.9464  -1.8464   0.8180  -2.3622
  0.9437  -1.8416   0.8109  -2.3572
  0.9410  -1.8369   0.8040  -2.3520
  0.9384  -1.8321   0.7974  -2.3468
  0.9359  -1.8273   0.7910  -2.3415
  0.9334  -1.8224   0.7848  -2.3361
  0.9310  -1.8176   0.7789  -2.3306
  0.9288  -1.8128   0.7733  -2.3250
  0.9265  -1.8080   0.7679  -2.3194
  0.9244  -1.8031   0.7628  -2.3137
  0.9224  -1.7983   0.7580  -2.3080
  0.9205  -1.7936   0.7535  -2.3022
  0.9187  -1.7889   0.7494  -2.2964
  0.9170  -1.7842   0.7455  -2.2907
  0.9154  -1.7797   0.7420  -2.2850
  0.9140  -1.7753   0.7389  -2.2793
  0.9140  -1.7753   0.7389  -2.2793
  0.9195  -1.7816   0.7360  -2.2738
  0.9250  -1.7875   0.7335  -2.2698
  0.9305  -1.7931   0.7314  -2.2671
  0.9360  -1.7985   0.7297  -2.2657
  0.9416  -1.8035   0.7284  -2.2652
  0.9472  -1.8083   0.7274  -2.2657
  0.9528  -1.8127   0.7268  -2.2669
  0.9584  -1.8169   0.7265  -2.2689
  0.9641  -1.8208   0.7266  -2.2714
  0.9697  -1.8245   0.7270  -2.2745
  0.9754  -1.8278   0.7276  -2.2781
  0.9811  -1.8309   0.7286  -2.2820
  0.9867  -1.8337   0.7299  -2.2862
  0.9924  -1.8362   0.7314  -2.2906
  0.9980  -1.8385   0.7333  -2.2953
  1.0037  -1.8405   0.7353  -2.3002
  1.0093  -1.8423   0.7377  -2.3051
  1.0149  -1.8438   0.7402  -2.3102
  1.0205  -1.8450   0.7430  -2.3152
  1.0261  -1.8460   0.7460  -2.3204
  1.0317  -1.8468   0.7493  -2.3255
  1.0372  -1.8472   0.7527  -2.3305
  1.0427  -1.8475   0.7563  -2.3355
  1.0482  -1.8475   0.7602  -2.3405
  1.0536  -1.8472   0.7642  -2.3453
  1.0590  -1.8467   0.7683  -2.3501
  1.0643  -1.8460   0.7727  -2.3547
  1.0696  -1.8450   0.7771  -2.3592
  1.0749  -1.8438   0.7818  -2.3635
  1.0801  -1.8423   0.7865  -2.3677
  1.0852  -1.8406   0.7914  -2.3717
  1.0903  -1.8387   0.7964  -2.3756
  1.0953  -1.8366   0.8015  -2.3792
  1.1003  -1.8342   0.8067  -2.3827
  1.1051  -1.8316   0.8121  -2.3861
  1.1100  -1.8288   0.8174  -2.3892
  1.1147  -1.8257   0.8229  -2.3921
  1.1194  -1.8224   0.8284  -2.3948
  1.1240  -1.8189   0.8340  -2.3974
  1.1285  -1.8152   0.8396  -2.3997
  1.1329  -1.8112   0.8453  -2.4018
  1.1372  -1.8071   0.8510  -2.4037
  1.1415  -1.8027   0.8567  -2.4055
  1.1456  -1.7981   0.8625  -2.4070
  1.1497  -1.7933   0.8682  -2.4083
  1.1537  -1.7883   0.8739  -2.4095
  1.1576  -1.7831   0.8796  -2.4104
  1.1614  -1.7776   0.8853  -2.4111
  1.1650  -1.7720   0.8910  -2.4117
  1.1686  -1.7661   0.8966  -2.4120
  1.1721  -1.7600   0.9021  -2.4122
  1.1755  -1.7538   0.9076  -2.4122
  1.1787  -1.7473   0.9130  -2.4120
  1.1819  -1.7406   0.9184  -2.4117
  1.1849  -1.7337   0.9236  -2.4112
  1.1879  -1.7266   0.9288  -2.4105
  1.1907  -1.7193   0.9338  -2.4097
  1.1934  -1.7119   0.9388  -2.4087
  1.1960  -1.7042   0.9436  -2.4076
  1.1985  -1.6963   0.9482  -2.4064
  1.2008  -1.6882   0.9527  -2.4050
  1.2031  -1.6799   0.9571  -2.4036
  1.2052  -1.6714   0.9613  -2.4020
  1.2072  -1.6627   0.9653  -2.4004
  1.2091  -1.6538   0.9692  -2.3987
  1.2108  -1.6447   0.9728  -2.3969
  1.2125  -1.6353   0.9763  -2.3951
  1.2140  -1.6258   0.9795  -2.3933
  1.2153  -1.6161   0.9826  -2.3915
  1.2166  -1.6062   0.9853  -2.3897
  1.2177  -1.5961   0.9879  -2.3879
  1.2187  -1.5858   0.9902  -2.3862
  1.2196  -1.5753   0.9923  -2.3846
  1.2203  -1.5645   0.9941  -2.3831
  1.2209  -1.5536   0.9956  -2.3818
  1.2213  -1.5424   0.9968  -2.3806
  1.2217  -1.5311   0.9977  -2.3797
  1.2219  -1.5195   0.9984  -2.3790
  1.2219  -1.5077   0.9987  -2.3786
  1.2219  -1.5077   0.9987  -2.3786
  1.2218  -1.4957   0.9987  -2.3786
  1.2220  -1.4887   0.9982  -2.3778
  1.2225  -1.4857   0.9972  -2.3763
  1.2231  -1.4858   0.9958  -2.3742
  1.2238  -1.4885   0.9940  -2.3716
  1.2246  -1.4932   0.9918  -2.3685
  1.2254  -1.4995   0.9892  -2.3650
  1.2261  -1.5070   0.9863  -2.3612
  1.2268  -1.5156   0.9830  -2.3570
  1.2274  -1.5249   0.9794  -2.3526
  1.2279  -1.5348   0.9755  -2.3480
  1.2282  -1.5451   0.9713  -2.3431
  1.2285  -1.5559   0.9668  -2.3380
  1.2287  -1.5669   0.9621  -2.3327
  1.2287  -1.5781   0.9572  -2.3272
  1.2286  -1.5895   0.9520  -2.3216
  1.2284  -1.6010   0.9466  -2.3158
  1.2280  -1.6126   0.9410  -2.3098
  1.2275  -1.6242   0.9353  -2.3037
  1.2269  -1.6359   0.9293  -2.2974
  1.2261  -1.6476   0.9232  -2.2909
  1.2252  -1.6593   0.9170  -2.2844
  1.2242  -1.6710   0.9106  -2.2777
  1.2231  -1.6827   0.9041  -2.2708
  1.2219  -1.6944   0.8975  -2.2638
  1.2206  -1.7060   0.8908  -2.2567
  1.2191  -1.7177   0.8840  -2.2494
  1.2175  -1.7292   0.8771  -2.2420
  1.2159  -1.7408   0.8701  -2.2345
  1.2141  -1.7523   0.8631  -2.2268
  1.2123  -1.7637   0.8560  -2.2190
  1.2103  -1.7751   0.8489  -2.2110
  1.2083  -1.7865   0.8418  -2.2030
  1.2062  -1.7978   0.8346  -2.1948
  1.2040  -1.8090   0.8274  -2.1864
  1.2017  -1.8202   0.8203  -2.1779
  1.1994  -1.8313   0.8131  -2.1694
  1.1970  -1.8424   0.8059  -2.1606
  1.1945  -1.8534   0.7987  -2.1518
  1.1920  -1.8643   0.7916  -2.1428
  1.1894  -1.8752   0.7845  -2.1337
  1.1868  -1.8860   0.7775  -2.1244
  1.1841  -1.8968   0.7705  -2.1150
  1.1814  -1.9075   0.7635  -2.1055
  1.1786  -1.9181   0.7566  -2.0959
  1.1759  -1.9287   0.7498  -2.0861
  1.1731  -1.9391   0.7431  -2.0762
  1.1703  -1.9496   0.7364  -2.0662
  1.1674  -1.9599   0.7298  -2.0561
  1.1646  -1.9702   0.7234  -2.0458
  1.1618  -1.9804   0.7170  -2.0354
  1.1589  -1.9905   0.7107  -2.0249
  1.1561  -2.0005   0.7046  -2.0143
  1.1533  -2.0105   0.6986  -2.0035
  1.1505  -2.0204   0.6926  -1.9926
  1.1477  -2.0302   0.6869  -1.9816
  1.1450  -2.0399   0.6812  -1.9705
  1.1423  -2.0496   0.6757  -1.9593
  1.1396  -2.0591   0.6704  -1.9480
  1.1370  -2.0686   0.6652  -1.9366
  1.1345  -2.0779   0.6601  -1.9251
  1.1320  -2.0872   0.6552  -1.9135
  1.1296  -2.0963   0.6505  -1.9019
  1.1272  -2.1053   0.6460  -1.8901
  1.1249  -2.1142   0.6416  -1.8784
  1.1228  -2.1229   0.6375  -1.8666
  1.1207  -2.1315   0.6335  -1.8549
  1.1187  -2.1398   0.6297  -1.8431
  1.1169  -2.1480   0.6261  -1.8315
  1.1151  -2.1558   0.6228  -1.8201
  1.1135  -2.1634   0.6197  -1.8088
  1.1120  -2.1706   0.6168  -1.7979
  1.1107  -2.1774   0.6141  -1.7874
  1.1095  -2.1837   0.6118  -1.7776
  1.1085  -2.1893   0.6098  -1.7684
  1.1077  -2.1942   0.6080  -1.7604
  1.1071  -2.1983   0.6067  -1.7536
  1.1066  -2.2012   0.6057  -1.7486
