  3.2844   3.8569  16.8852  17.4344
  3.7247   4.1055  18.5030  20.4508
  3.5291   4.1497  19.0548  20.6768
  2.7286   4.2978  19.6284  20.3541
  3.3700   4.0213  19.9197  20.0958
  3.4024   3.9193  19.6700  20.1155
  3.3587   3.8379  19.5131  20.0815
  3.2771   3.7670  19.3631  20.0439
  3.2419   3.6793  19.2145  20.0060
  3.4460   3.5297  19.0665  19.9683
  3.0836   3.5418  18.9200  19.9300
  3.0401   3.4641  18.7739  19.8922
  2.9968   3.3871  18.6284  19.8544
  2.9525   3.3110  18.4838  19.8166
  3.1736   3.1613  18.3394  19.7792
  2.8445   3.1662  18.1966  19.7412
  3.0441   3.0240  18.0537  19.7038
  2.7408   3.0226  17.9122  19.6659
  2.6872   2.9521  17.7711  19.6284
  2.8141   2.8319  17.6304  19.5911
  1.8726   3.0077  17.4920  19.5525
  2.0743   2.8662  17.3526  19.5154
  2.3470   2.7085  17.2137  19.4783
  2.4064   2.5960  17.0760  19.4411
  2.5218   2.4850  16.9389  19.4039
  2.4724   2.4209  16.8027  19.3666
  2.2453   2.4042  16.6674  19.3291
  2.2134   2.3348  16.5325  19.2919
  2.2928   2.2362  16.3982  19.2548
  2.2345   2.1746  16.2647  19.2176
  2.1790   2.1127  16.1318  19.1804
  2.0200   2.0782  15.9998  19.1431
  1.9673   2.0161  15.8683  19.1060
  1.9149   1.9544  15.7375  19.0688
  1.9450   1.8727  15.6073  19.0318
  1.8942   1.8133  15.4778  18.9948
  1.8397   1.7565  15.3491  18.9577
  1.7906   1.7000  15.2209  18.9206
  1.6584   1.6652  15.0936  18.8834
  1.6838   1.5906  14.9667  18.8465
  1.4063   1.5935  14.8408  18.8092
  0.9355   1.6432  14.7158  18.7716
  1.5066   1.4318  14.5903  18.7353
  1.4442   1.3823  14.4662  18.6982
  1.4285   1.3198  14.3427  18.6612
  1.3712   1.2683  14.2200  18.6241
  1.3179   1.2163  14.0980  18.5870
  1.2651   1.1646  13.9766  18.5499
  1.2305   1.1090  13.8559  18.5128
  1.1785   1.0580  13.7359  18.4756
  1.1296   1.0067  13.6165  18.4385
  1.0859   0.9547  13.4979  18.4013
  1.0367   0.9043  13.3799  18.3641
  0.9872   0.8545  13.2626  18.3268
  0.9363   0.8053  13.1460  18.2895
  0.8812   0.7575  13.0301  18.2522
  0.8173   0.7121  12.9148  18.2148
  0.7452   0.6689  12.8003  18.1774
  0.6698   0.6268  12.6864  18.1399
  0.5937   0.5852  12.5732  18.1024
  0.5178   0.5439  12.4608  18.0649
  0.4426   0.5028  12.3490  18.0273
  0.3683   0.4620  12.2379  17.9896
  0.2951   0.4214  12.1276  17.9519
  0.2242   0.3818  12.0179  17.9141
  0.2527   0.4069  11.9089  17.8765
  0.3586   0.4826  11.8005  17.8390
  0.3759   0.4996  11.6929  17.8012
  0.3902   0.5143  11.5860  17.7634
  0.2633   0.6553  11.4799  17.7254
  0.2851   0.6357  11.3744  17.6874
  0.3080   0.6153  11.2695  17.6493
  0.3248   0.6017  11.1654  17.6111
  0.3362   0.5937  11.0620  17.5729
  0.2974   0.6371  10.9593  17.5345
  0.3467   0.5907  10.8573  17.4961
  0.3530   0.5882  10.7560  17.4576
  0.3563   0.5887  10.6554  17.4191
  0.3596   0.5892  10.5555  17.3804
  0.3628   0.5897  10.4563  17.3417
  0.3660   0.5903  10.3578  17.3028
  0.3692   0.5909  10.2600  17.2639
  0.3724   0.5913  10.1629  17.2249
  0.3757   0.5917  10.0664  17.1858
  0.3961   0.5760   9.9706  17.1467
  0.3955   0.5801   9.8755  17.1074
  0.3997   0.5796   9.7810  17.0681
  0.4098   0.5738   9.6872  17.0287
  0.4211   0.5669   9.5940  16.9892
 -0.8536   1.7771   9.4971  16.9484
  0.4708   0.5161   9.4118  16.9101
  0.4954   0.5109   9.3207  16.8704
  0.5116   0.5005   9.2301  16.8306
  0.5305   0.4873   9.1401  16.7907
  0.5860   0.4336   9.0505  16.7508
  0.5921   0.4272   8.9617  16.7109
  0.5856   0.4020   8.8734  16.6708
  0.5189   0.3034   8.7852  16.6305
  0.4756   0.2739   8.6982  16.5905
  0.5427   0.3439   8.6126  16.5509
  0.4432   0.2349   8.5261  16.5106
  0.4367   0.2256   8.4411  16.4708
  0.4449   0.2334   8.3567  16.4312
  0.4620   0.2432   8.2729  16.3916
  0.4639   0.2559   8.1895  16.3521
  0.4777   0.2670   8.1065  16.3126
  0.4896   0.2785   8.0238  16.2733
  0.5017   0.2898   7.9414  16.2342
  0.5295   0.2989   7.8592  16.1952
 -1.0058   0.7637   7.7714  16.1537
  0.1926  -0.0564   7.6989  16.1201
  0.4353   0.2125   7.6224  16.0863
  0.2052  -0.0441   7.5443  16.0491
  0.2331  -0.0250   7.4653  16.0151
  0.2877   0.0447   7.3859  15.9815
  0.2710   0.0065   7.3061  15.9501
  0.3249   0.0832   7.2251  15.9220
  0.2167  -0.0411   7.1427  15.9015
  0.2103  -0.0457   7.0522  15.8934
  0.0000   0.0000   0.0000   0.0000
  1.4182  -1.0459  10.4903  12.6272
  1.5033  -1.0499  12.4020  14.4623
  1.4727  -0.9431  12.5524  14.8826
  1.4330  -0.8375  12.7654  14.9410
  1.3935  -0.7429  12.6488  15.0862
  1.3554  -0.6586  12.7038  15.1495
  1.3185  -0.5838  12.7239  15.2259
  1.2828  -0.5175  12.7612  15.2955
  1.2480  -0.4588  12.8071  15.3613
  1.2142  -0.4068  12.9408  15.3912
  1.1812  -0.3608  13.0536  15.4302
  1.1488  -0.3202  13.1211  15.4883
  1.1168  -0.2846  13.0282  15.6115
  1.0854  -0.2531  12.9735  15.7187
  1.0549  -0.2252  13.2321  15.7008
  1.0244  -0.2007  13.2580  15.7764
  0.9940  -0.1794  13.0829  15.9313
  0.9642  -0.1606  13.1148  16.0042
  0.9346  -0.1440  13.1486  16.0763
  0.9052  -0.1296  13.1755  16.1513
  0.8762  -0.1168  13.4272  16.1399
  0.8470  -0.1058  13.4383  16.2217
  0.8180  -0.0962  13.4509  16.3028
  0.7890  -0.0878  13.4650  16.3835
  0.7601  -0.0806  13.4803  16.4636
  0.7312  -0.0743  13.4968  16.5433
  0.7024  -0.0689  13.5143  16.6227
  0.6735  -0.0642  13.5327  16.7017
  0.6447  -0.0603  13.5518  16.7804
  0.6158  -0.0569  13.5717  16.8588
  0.5868  -0.0541  13.5921  16.9371
  0.5579  -0.0517  13.6130  17.0151
  0.5289  -0.0497  13.6343  17.0930
  0.4998  -0.0481  13.6559  17.1708
  0.4707  -0.0467  13.6777  17.2484
  0.4415  -0.0457  13.6997  17.3259
  0.4122  -0.0449  13.7217  17.4034
  0.3829  -0.0443  13.7438  17.4808
  0.3535  -0.0438  13.7658  17.5581
  0.3240  -0.0435  13.7876  17.6354
  0.2945  -0.0434  13.8093  17.7126
  0.2649  -0.0433  13.8307  17.7898
  0.2352  -0.0433  13.8519  17.8670
  0.2055  -0.0434  13.8727  17.9442
  0.1757  -0.0436  13.8932  18.0213
  0.1458  -0.0438  13.9132  18.0983
  0.1158  -0.0440  13.9328  18.1753
  0.0858  -0.0442  13.9518  18.2523
  0.0558  -0.0444  13.9704  18.3292
  0.0256  -0.0446  13.9883  18.4061
 -0.0045  -0.0447  14.0057  18.4828
 -0.0348  -0.0449  14.0224  18.5595
 -0.0651  -0.0449  14.0385  18.6361
 -0.0954  -0.0450  14.0539  18.7126
 -0.1258  -0.0449  14.0686  18.7889
 -0.1563  -0.0448  14.0826  18.8651
 -0.1868  -0.0445  14.0959  18.9412
 -0.2173  -0.0442  14.1083  19.0170
 -0.2479  -0.0437  14.1200  19.0927
 -0.2785  -0.0431  14.1308  19.1681
 -0.3092  -0.0424  14.1409  19.2433
 -0.3399  -0.0414  14.1501  19.3183
 -0.3706  -0.0403  14.1584  19.3929
 -0.4014  -0.0390  14.1659  19.4673
 -0.4322  -0.0375  14.1725  19.5413
 -0.4631  -0.0357  14.1782  19.6149
 -0.4940  -0.0337  14.1829  19.6882
 -0.5250  -0.0314  14.1868  19.7610
 -0.5560  -0.0287  14.1897  19.8335
 -0.5871  -0.0257  14.1917  19.9054
 -0.6182  -0.0223  14.1926  19.9769
 -0.6494  -0.0184  14.1927  20.0478
 -0.6807  -0.0141  14.1917  20.1182
 -0.7120  -0.0093  14.1897  20.1879
 -0.7434  -0.0039  14.1868  20.2571
 -0.7749   0.0021  14.1828  20.3256
 -0.8064   0.0088  14.1777  20.3933
 -0.8381   0.0162  14.1717  20.4604
 -0.8699   0.0245  14.1645  20.5267
 -0.9017   0.0337  14.1563  20.5921
 -0.9337   0.0439  14.1470  20.6567
 -0.9657   0.0552  14.1365  20.7204
 -0.9979   0.0677  14.1250  20.7832
 -1.0301   0.0816  14.1123  20.8449
 -1.0625   0.0970  14.0984  20.9056
 -1.0949   0.1140  14.0834  20.9652
 -1.1275   0.1328  14.0671  21.0236
 -1.1601   0.1536  14.0496  21.0808
 -1.1927   0.1765  14.0308  21.1366
 -1.2254   0.2020  14.0107  21.1910
 -1.2581   0.2300  13.9893  21.2439
 -1.2908   0.2611  13.9664  21.2952
 -1.3233   0.2954  13.9420  21.3446
 -1.3557   0.3334  13.9160  21.3921
 -1.3879   0.3753  13.8883  21.4374
 -1.4195   0.4217  13.8587  21.4802
 -1.4501   0.4729  13.8269  21.5199
 -1.4789   0.5294  13.7923  21.5557
 -1.5019   0.5911  13.7541  21.5862
  0.0717   0.3181  13.8609  19.5045
  0.0847   0.3038  13.6932  19.5696
  0.0985   0.2600  13.4996  19.6551
  0.1135   0.2102  13.6632  19.4889
  0.1283   0.1640  13.3214  19.3935
  0.1430   0.1239  13.5013  19.4980
  0.1582   0.0891  13.4767  19.4444
  0.1727   0.0596  13.2852  19.5257
  0.1876   0.0341  13.3573  19.4109
  0.2018   0.0128  13.1906  19.4405
  0.2157  -0.0048  13.2452  19.4005
  0.2292  -0.0198  13.1672  19.3941
  0.2424  -0.0326  13.1242  19.3637
  0.2552  -0.0435  13.0974  19.3239
  0.2673  -0.0525  13.0038  19.3388
  0.2792  -0.0599  12.9463  19.3204
  0.2896  -0.0657  12.5429  19.5315
  0.3011  -0.0721  12.8557  19.2688
  0.3109  -0.0771  12.7117  19.3057
  0.3206  -0.0812  12.6949  19.2606
  0.3297  -0.0845  12.5893  19.2720
  0.3384  -0.0874  12.5874  19.2172
  0.3467  -0.0897  12.4713  19.1718
  0.3544  -0.0914  12.3299  19.2092
  0.3620  -0.0927  12.3443  19.1433
  0.3691  -0.0930  12.3658  19.1471
  0.3757  -0.0911  12.2799  19.1493
  0.3766  -0.0872  10.0025  20.5281
  0.3855  -0.0926  12.1947  19.0877
  0.3885  -0.0954  12.0534  19.1242
  0.3913  -0.0963  12.0863  19.1028
  0.3938  -0.0970  11.9011  19.0585
  0.3959  -0.0974  11.8961  19.0837
  0.3978  -0.0977  11.8489  18.9855
  0.3993  -0.0967  11.7929  18.9719
  0.3971  -0.0947  10.2568  19.8851
  0.3996  -0.0980  11.6984  18.9781
  0.3983  -0.1004  11.5614  19.0188
  0.3971  -0.1022  11.4888  18.9746
  0.3954  -0.1038  11.4639  18.9344
  0.3934  -0.1051  11.4381  18.8873
  0.3910  -0.1060  11.3427  18.8883
  0.3882  -0.1068  11.2133  18.9076
  0.3854  -0.1077  11.2215  18.8464
  0.3822  -0.1082  11.1886  18.8093
  0.3784  -0.1083  11.0880  18.8468
  0.3746  -0.1083  11.0505  18.8092
  0.3702  -0.1081  10.9579  18.8248
  0.3657  -0.1075  10.9526  18.7889
  0.3592  -0.1069  10.2546  19.1628
  0.3545  -0.1083  10.8655  18.7512
  0.3479  -0.1092  10.7782  18.7521
  0.3396  -0.1099  10.0582  19.1212
  0.3329  -0.1126  10.6771  18.7087
  0.3244  -0.1153  10.6030  18.6849
  0.3155  -0.1172  10.5406  18.6585
  0.3060  -0.1186  10.4822  18.6578
  0.2961  -0.1197  10.4035  18.6441
  0.2856  -0.1204  10.3848  18.6185
  0.2745  -0.1206  10.2889  18.6235
  0.2624  -0.1206  10.1220  18.6924
  0.2497  -0.1209   9.9783  18.7291
  0.2365  -0.1218  10.1518  18.5806
  0.2221  -0.1226  10.1162  18.5792
  0.2069  -0.1235  10.0814  18.5606
  0.1907  -0.1249   9.9758  18.5777
  0.1736  -0.1273   9.9395  18.5450
  0.1555  -0.1306   9.8921  18.5088
  0.1366  -0.1344   9.8118  18.4555
  0.1163  -0.1385   9.7480  18.4527
  0.0950  -0.1427   9.6633  18.4303
  0.0726  -0.1473   9.5886  18.4000
  0.0489  -0.1522   9.5186  18.3800
  0.0241  -0.1573   9.5079  18.3293
 -0.0021  -0.1622   9.4434  18.3053
 -0.0296  -0.1657   9.3733  18.2668
 -0.0585  -0.1641   9.2992  18.2258
 -0.0891  -0.1475   9.1472  18.1447
 -0.1220  -0.0901   9.1352  18.2292
  0.0000   0.0000   0.0000   0.0000
 -0.1302   0.8202  -0.4125  -3.8495
 -0.1280   0.5816  -0.6269  -2.9117
 -0.1317   0.4127  -0.7667  -2.2135
 -0.1392   0.2931  -0.8519  -1.6923
 -0.1492   0.2084  -0.8969  -1.3019
 -0.1608   0.1483  -0.9127  -1.0083
 -0.1733   0.1057  -0.9072  -0.7866
 -0.1863   0.0753  -0.8863  -0.6184
 -0.1995   0.0536  -0.8544  -0.4901
 -0.2127   0.0381  -0.8148  -0.3917
 -0.2257   0.0268  -0.7698  -0.3158
 -0.2384   0.0186  -0.7212  -0.2568
 -0.2508   0.0126  -0.6704  -0.2107
 -0.2629   0.0081  -0.6184  -0.1743
 -0.2746   0.0047  -0.5658  -0.1452
 -0.2859   0.0020  -0.5133  -0.1217
 -0.2967  -0.0001  -0.4611  -0.1025
 -0.3072  -0.0019  -0.4097  -0.0866
 -0.3172  -0.0033  -0.3592  -0.0732
 -0.3268  -0.0046  -0.3097  -0.0617
 -0.3360  -0.0057  -0.2614  -0.0518
 -0.3447  -0.0067  -0.2143  -0.0430
 -0.3531  -0.0077  -0.1685  -0.0353
 -0.3610  -0.0085  -0.1240  -0.0283
 -0.3684  -0.0094  -0.0809  -0.0219
 -0.3755  -0.0102  -0.0391  -0.0161
 -0.3821  -0.0109   0.0014  -0.0107
 -0.3883  -0.0117   0.0406  -0.0057
 -0.3941  -0.0124   0.0785  -0.0010
 -0.3994  -0.0130   0.1150   0.0033
 -0.4043  -0.0137   0.1503   0.0074
 -0.4088  -0.0144   0.1843   0.0113
 -0.4128  -0.0150   0.2171   0.0149
 -0.4164  -0.0156   0.2486   0.0184
 -0.4196  -0.0162   0.2790   0.0216
 -0.4223  -0.0168   0.3081   0.0246
 -0.4246  -0.0173   0.3361   0.0275
 -0.4265  -0.0178   0.3629   0.0302
 -0.4278  -0.0183   0.3886   0.0327
 -0.4288  -0.0188   0.4131   0.0351
 -0.4293  -0.0193   0.4365   0.0373
 -0.4293  -0.0197   0.4589   0.0394
 -0.4289  -0.0201   0.4802   0.0413
 -0.4280  -0.0205   0.5004   0.0431
 -0.4266  -0.0209   0.5195   0.0448
 -0.4247  -0.0212   0.5377   0.0463
 -0.4224  -0.0215   0.5548   0.0477
 -0.4196  -0.0217   0.5709   0.0489
 -0.4162  -0.0220   0.5860   0.0500
 -0.4124  -0.0222   0.6001   0.0511
 -0.4081  -0.0223   0.6133   0.0519
 -0.4032  -0.0225   0.6255   0.0527
 -0.3978  -0.0225   0.6367   0.0534
 -0.3919  -0.0226   0.6470   0.0539
 -0.3855  -0.0226   0.6564   0.0544
 -0.3785  -0.0226   0.6648   0.0547
 -0.3710  -0.0225   0.6723   0.0550
 -0.3629  -0.0224   0.6789   0.0551
 -0.3542  -0.0222   0.6846   0.0551
 -0.3449  -0.0220   0.6894   0.0551
 -0.3351  -0.0217   0.6933   0.0549
 -0.3246  -0.0213   0.6963   0.0547
 -0.3136  -0.0210   0.6984   0.0543
 -0.3019  -0.0205   0.6997   0.0539
 -0.2896  -0.0200   0.7000   0.0534
 -0.2766  -0.0194   0.6995   0.0529
 -0.2630  -0.0188   0.6981   0.0522
 -0.2487  -0.0181   0.6958   0.0515
 -0.2337  -0.0173   0.6926   0.0507
 -0.2180  -0.0165   0.6885   0.0498
 -0.2016  -0.0156   0.6836   0.0489
 -0.1845  -0.0146   0.6778   0.0479
 -0.1667  -0.0135   0.6711   0.0468
 -0.1481  -0.0124   0.6635   0.0457
 -0.1287  -0.0111   0.6551   0.0445
 -0.1085  -0.0098   0.6457   0.0433
 -0.0875  -0.0084   0.6354   0.0420
 -0.0657  -0.0069   0.6242   0.0407
 -0.0431  -0.0052   0.6121   0.0393
 -0.0196  -0.0035   0.5991   0.0379
  0.0048  -0.0017   0.5852   0.0365
  0.0301   0.0002   0.5703   0.0350
  0.0563   0.0022   0.5544   0.0335
  0.0834   0.0043   0.5376   0.0320
  0.1115   0.0066   0.5198   0.0305
  0.1406   0.0089   0.5010   0.0289
  0.1707   0.0114   0.4812   0.0274
  0.2018   0.0140   0.4604   0.0258
  0.2340   0.0167   0.4386   0.0243
  0.2672   0.0195   0.4157   0.0227
  0.3016   0.0225   0.3918   0.0212
  0.3370   0.0255   0.3667   0.0198
  0.3737   0.0287   0.3406   0.0184
  0.4115   0.0320   0.3133   0.0170
  0.4505   0.0355   0.2848   0.0158
  0.4908   0.0390   0.2552   0.0148
  0.5323   0.0425   0.2244   0.0139
  0.5751   0.0462   0.1924   0.0132
  0.6193   0.0499   0.1591   0.0130
  0.6648   0.0535   0.1246   0.0131
  0.7117   0.0571   0.0887   0.0139
  0.7600   0.0605   0.0516   0.0155
  0.8097   0.0636   0.0132   0.0181
  0.8609   0.0662  -0.0266   0.0222
  0.9136   0.0683  -0.0676   0.0282
  0.9678   0.0693  -0.1100   0.0368
  1.0235   0.0690  -0.1536   0.0490
  1.0807   0.0667  -0.1984   0.0659
  1.1395   0.0618  -0.2443   0.0892
  1.1997   0.0531  -0.2912   0.1213
  1.2614   0.0393  -0.3387   0.1652
  1.3245   0.0185  -0.3866   0.2251
  1.3888  -0.0119  -0.4344   0.3067
  1.4543  -0.0556  -0.4814   0.4178
  1.5206  -0.1172  -0.5267   0.5688
  1.5876  -0.2034  -0.5690   0.7741
  1.6547  -0.3230  -0.6067   1.0528
  0.0000   0.0000   0.0000   0.0000
-17.0177  19.3585   1.3153   0.0590
-17.3209  19.3746   1.2819   0.0305
-17.6266  19.3854   1.2486   0.0154
-17.9348  19.3909   1.2156   0.0061
-18.2452  19.3913   1.1829  -0.0004
-18.5580  19.3864   1.1505  -0.0056
-18.8730  19.3763   1.1185  -0.0100
-19.1901  19.3610   1.0868  -0.0140
-19.5094  19.3405   1.0554  -0.0177
-19.8308  19.3149   1.0243  -0.0211
-20.1541  19.2842   0.9934  -0.0244
-20.4794  19.2484   0.9627  -0.0274
-20.8066  19.2076   0.9322  -0.0304
-21.1355  19.1617   0.9019  -0.0332
-21.4663  19.1108   0.8718  -0.0359
-21.7987  19.0549   0.8418  -0.0386
-22.1327  18.9941   0.8119  -0.0411
-22.4682  18.9285   0.7822  -0.0436
-22.8052  18.8580   0.7525  -0.0460
-23.1435  18.7828   0.7228  -0.0483
-23.4832  18.7028   0.6932  -0.0506
-23.8242  18.6181   0.6637  -0.0529
-24.1662  18.5289   0.6341  -0.0551
-24.5094  18.4350   0.6045  -0.0572
-24.8535  18.3366   0.5749  -0.0593
-25.1986  18.2338   0.5452  -0.0614
-25.5445  18.1265   0.5154  -0.0634
-25.8912  18.0149   0.4856  -0.0654
-26.2385  17.8991   0.4556  -0.0674
-26.5864  17.7790   0.4255  -0.0693
-26.9349  17.6548   0.3953  -0.0712
-27.2837  17.5264   0.3649  -0.0730
-27.6329  17.3941   0.3343  -0.0748
-27.9823  17.2578   0.3035  -0.0765
-28.3319  17.1175   0.2724  -0.0782
-28.6816  16.9735   0.2412  -0.0797
-29.0312  16.8256   0.2097  -0.0812
-29.3806  16.6741   0.1779  -0.0826
-29.7299  16.5189   0.1459  -0.0839
-30.0790  16.3601   0.1135  -0.0850
-30.4280  16.1976   0.0809  -0.0860
-30.7781  16.0311   0.0480  -0.0870
-31.1440  15.8541   0.0147  -0.0878
-30.9551  15.9537  -0.0166  -0.0897
-31.0372  15.9124  -0.0495  -0.0911
-30.5878  16.1402  -0.0812  -0.0934
-31.0672  15.8875  -0.1169  -0.0941
-30.9381  15.9444  -0.1516  -0.0959
-30.9086  15.9461  -0.1877  -0.0977
-30.9512  15.9066  -0.2252  -0.0992
-31.0457  15.8362  -0.2642  -0.1005
-31.1740  15.7443  -0.3047  -0.1011
-32.7482  14.8824  -0.3491  -0.0984
-32.8611  14.7624  -0.3924  -0.0982
-30.8291  15.8107  -0.4340  -0.1028
-32.7609  14.7398  -0.4808  -0.0986
-32.9401  14.5319  -0.5274  -0.0972
-32.9144  14.5175  -0.5749  -0.0971
-32.9296  14.4368  -0.6233  -0.0965
-32.9406  14.3579  -0.6726  -0.0959
-32.9380  14.1748  -0.7224  -0.0944
-32.9465  14.2019  -0.7737  -0.0948
-32.9668  14.0997  -0.8254  -0.0943
-32.7584  14.0605  -0.8781  -0.0941
-30.3925  15.3668  -0.9379  -0.1012
-32.9275  13.9370  -0.9870  -0.0939
-32.9591  13.7279  -1.0433  -0.0886
-32.9614  13.4599  -1.1002  -0.0838
-32.0686  14.1064  -1.1663  -0.0854
-32.9739  13.0812  -1.2184  -0.0738
-32.9800  13.2782  -1.2829  -0.0698
-32.9706  13.1425  -1.3465  -0.0646
-33.0290  13.0016  -1.4104  -0.0557
-32.7691  12.8817  -1.4744  -0.0420
-32.9777  12.6674  -1.5395  -0.0264
-32.9640  12.6062  -1.6090  -0.0097
-30.1990  13.4628  -1.6852   0.0096
-32.9758  12.1859  -1.7426   0.0284
-32.9748  11.9700  -1.8128   0.0357
  0.0000   0.0000   0.0000   0.0000
  4.9805  -4.9696  -9.8985  -1.4280
  4.8089  -3.5363  -9.2993  -1.0797
  4.6148  -2.4684  -8.7391  -0.8118
  4.4077  -1.6781  -8.2118  -0.6054
  4.1938  -1.0974  -7.7126  -0.4459
  3.9772  -0.6745  -7.2381  -0.3225
  3.7606  -0.3697  -6.7853  -0.2268
  3.5457  -0.1529  -6.3522  -0.1525
  3.3336  -0.0015  -5.9369  -0.0946
  3.1251   0.1018  -5.5381  -0.0497
  2.9206   0.1695  -5.1546  -0.0148
  2.7204   0.2113  -4.7855   0.0123
  2.5249   0.2341  -4.4300   0.0331
  2.3341   0.2431  -4.0873   0.0490
  2.1481   0.2421  -3.7568   0.0610
  1.9670   0.2339  -3.4380   0.0699
  1.7909   0.2207  -3.1304   0.0763
  1.6196   0.2040  -2.8334   0.0806
  1.4532   0.1851  -2.5468   0.0834
  1.2916   0.1646  -2.2699   0.0850
  1.1347   0.1434  -2.0026   0.0855
  0.9826   0.1218  -1.7444   0.0852
  0.8350   0.1003  -1.4950   0.0843
  0.6920   0.0791  -1.2541   0.0829
  0.5534   0.0584  -1.0214   0.0812
  0.4192   0.0383  -0.7965   0.0793
  0.2893   0.0190  -0.5793   0.0772
  0.1636   0.0005  -0.3694   0.0750
  0.0420  -0.0171  -0.1667   0.0728
 -0.0755  -0.0339   0.0292   0.0707
 -0.1890  -0.0496   0.2184   0.0687
 -0.2986  -0.0645   0.4011   0.0668
 -0.4043  -0.0783   0.5776   0.0651
 -0.5062  -0.0913   0.7480   0.0636
 -0.6043  -0.1033   0.9125   0.0624
 -0.6988  -0.1143   1.0712   0.0614
 -0.7896  -0.1245   1.2243   0.0608
 -0.8769  -0.1337   1.3720   0.0604
 -0.9606  -0.1421   1.5143   0.0603
 -1.0409  -0.1495   1.6514   0.0606
 -1.1176  -0.1562   1.7834   0.0612
 -1.1910  -0.1620   1.9103   0.0622
 -1.2609  -0.1670   2.0323   0.0635
 -1.3275  -0.1713   2.1493   0.0652
 -1.3908  -0.1748   2.2616   0.0671
 -1.4508  -0.1775   2.3691   0.0695
 -1.5074  -0.1796   2.4719   0.0721
 -1.5608  -0.1809   2.5700   0.0750
 -1.6110  -0.1816   2.6635   0.0783
 -1.6579  -0.1817   2.7523   0.0818
 -1.7015  -0.1812   2.8364   0.0856
 -1.7419  -0.1801   2.9159   0.0896
 -1.7791  -0.1785   2.9908   0.0938
 -1.8131  -0.1763   3.0610   0.0981
 -1.8438  -0.1736   3.1265   0.1027
 -1.8713  -0.1705   3.1873   0.1073
 -1.8955  -0.1669   3.2433   0.1120
 -1.9164  -0.1629   3.2945   0.1168
 -1.9341  -0.1585   3.3409   0.1216
 -1.9485  -0.1537   3.3823   0.1263
 -1.9596  -0.1486   3.4188   0.1310
 -1.9674  -0.1432   3.4503   0.1356
 -1.9718  -0.1375   3.4766   0.1401
 -1.9728  -0.1315   3.4977   0.1443
 -1.9704  -0.1253   3.5136   0.1484
 -1.9646  -0.1188   3.5241   0.1522
 -1.9554  -0.1122   3.5292   0.1557
 -1.9426  -0.1054   3.5288   0.1589
 -1.9263  -0.0984   3.5227   0.1618
 -1.9064  -0.0914   3.5109   0.1642
 -1.8830  -0.0842   3.4932   0.1663
 -1.8558  -0.0769   3.4696   0.1679
 -1.8250  -0.0696   3.4400   0.1690
 -1.7905  -0.0622   3.4042   0.1696
 -1.7522  -0.0547   3.3622   0.1697
 -1.7100  -0.0473   3.3138   0.1693
 -1.6639  -0.0399   3.2589   0.1683
 -1.6139  -0.0325   3.1974   0.1668
 -1.5600  -0.0251   3.1291   0.1646
 -1.5019  -0.0177   3.0540   0.1618
 -1.4398  -0.0104   2.9718   0.1585
 -1.3735  -0.0032   2.8826   0.1544
 -1.3030   0.0039   2.7861   0.1498
 -1.2281   0.0110   2.6822   0.1444
 -1.1490   0.0179   2.5709   0.1384
 -1.0654   0.0248   2.4518   0.1317
 -0.9772   0.0315   2.3250   0.1244
 -0.8846   0.0381   2.1903   0.1163
 -0.7873   0.0446   2.0475   0.1074
 -0.6852   0.0510   1.8964   0.0979
 -0.5784   0.0572   1.7370   0.0875
 -0.4667   0.0633   1.5691   0.0764
 -0.3501   0.0692   1.3925   0.0644
 -0.2284   0.0750   1.2072   0.0515
 -0.1016   0.0807   1.0128   0.0377
  0.0304   0.0862   0.8094   0.0228
  0.1677   0.0916   0.5967   0.0069
  0.3104   0.0968   0.3746  -0.0103
  0.4585   0.1020   0.1429  -0.0288
  0.6122   0.1071  -0.0984  -0.0489
  0.7716   0.1121  -0.3495  -0.0708
  0.9367   0.1172  -0.6105  -0.0949
  1.1077   0.1224  -0.8815  -0.1215
  1.2846   0.1278  -1.1625  -0.1514
  1.4676   0.1336  -1.4536  -0.1852
  1.6566   0.1400  -1.7546  -0.2241
  1.8519   0.1473  -2.0655  -0.2696
  2.0534   0.1560  -2.3860  -0.3237
  2.2613   0.1665  -2.7156  -0.3894
  2.4757   0.1796  -3.0538  -0.4706
  2.6965   0.1964  -3.3994  -0.5727
  2.9238   0.2183  -3.7512  -0.7036
  3.1576   0.2471  -4.1071  -0.8740
  3.3980   0.2853  -4.4641  -1.0991
  3.6448   0.3363  -4.8183  -1.4002
  3.8980   0.4045  -5.1638  -1.8072
  4.1574   0.4961  -5.4926  -2.3625
  4.4228   0.6191  -5.7934  -3.1257
  0.0000   0.0000   0.0000   0.0000
  0.6271   0.3254  21.8048  32.0312
  0.6372   0.2681  21.6527  32.0276
  0.6470   0.2187  21.4991  32.0234
  0.6564   0.1761  21.3438  32.0186
  0.6655   0.1395  21.1869  32.0132
  0.6743   0.1080  21.0281  32.0072
  0.6829   0.0809  20.8675  32.0006
  0.6911   0.0576  20.7050  31.9935
  0.6991   0.0377  20.5407  31.9859
  0.7069   0.0206  20.3755  31.9792
  0.7145   0.0060  20.2053  31.9685
  0.7219  -0.0064  20.0345  31.9589
  0.7291  -0.0170  19.8617  31.9490
  0.7361  -0.0259  19.6868  31.9384
  0.7435  -0.0334  19.6002  32.0367
  0.7498  -0.0398  19.3303  31.9154
  0.7564  -0.0451  19.1489  31.9031
  0.7630  -0.0495  18.9653  31.8902
  0.7701  -0.0530  18.9061  32.0352
  0.7759  -0.0560  18.6083  31.8836
  0.7822  -0.0583  18.4040  31.8510
  0.7885  -0.0601  18.2098  31.8331
  0.7947  -0.0615  18.0152  31.8167
  0.8010  -0.0625  17.8187  31.8001
  0.8071  -0.0631  17.6203  31.7828
  0.8133  -0.0635  17.4198  31.7648
  0.8195  -0.0635  17.2172  31.7461
  0.8257  -0.0634  17.0127  31.7267
  0.8319  -0.0631  16.8063  31.7066
  0.8381  -0.0626  16.5979  31.6857
  0.8443  -0.0620  16.3877  31.6641
  0.8505  -0.0612  16.1758  31.6417
  0.8568  -0.0604  15.9620  31.6184
  0.8630  -0.0594  15.7465  31.5944
  0.8693  -0.0584  15.5294  31.5695
  0.8757  -0.0573  15.3153  31.5504
  0.8820  -0.0561  15.0904  31.5173
  0.8884  -0.0549  14.8687  31.4900
  0.8949  -0.0537  14.6457  31.4617
  0.9013  -0.0524  14.4213  31.4327
  0.9078  -0.0511  14.1958  31.4028
  0.9143  -0.0498  13.9691  31.3721
  0.9208  -0.0485  13.7413  31.3406
  0.9273  -0.0472  13.5127  31.3083
  0.9339  -0.0460  13.2832  31.2753
  0.9404  -0.0447  13.0530  31.2415
  0.9470  -0.0435  12.8222  31.2071
  0.9536  -0.0423  12.5908  31.1720
  0.9601  -0.0411  12.3591  31.1362
  0.9667  -0.0400  12.1271  31.0999
  0.9732  -0.0390  11.8950  31.0630
  0.9797  -0.0381  11.6627  31.0256
  0.9862  -0.0373  11.4305  30.9875
  0.9926  -0.0366  11.1984  30.9488
  0.9990  -0.0360  10.9665  30.9095
  1.0054  -0.0356  10.7348  30.8695
  1.0117  -0.0354  10.5033  30.8287
  1.0179  -0.0354  10.2722  30.7869
  1.0240  -0.0356  10.0415  30.7441
  1.0301  -0.0362   9.8110  30.7001
  1.0361  -0.0370   9.5809  30.6546
  1.0420  -0.0383   9.3512  30.6077
  1.0477  -0.0400   9.1218  30.5589
  1.0534  -0.0421   8.8927  30.5083
  1.0590  -0.0449   8.6639  30.4555
  1.0644  -0.0483   8.4354  30.4005
  1.0697  -0.0526   8.2072  30.3430
  1.0749  -0.0577   7.9793  30.2829
  1.0799  -0.0638   7.7516  30.2200
  1.0848  -0.0712   7.5243  30.1541
  1.0896  -0.0799   7.2972  30.0853
  1.0943  -0.0902   7.0705  30.0132
  1.0989  -0.1024   6.8440  29.9377
  1.1033  -0.1166   6.6178  29.8588
  1.1076  -0.1334   6.3919  29.7764
  1.1119  -0.1530   6.1663  29.6902
  1.1161  -0.1758   5.9408  29.6001
  1.1203  -0.2026   5.7156  29.5061
  1.1245  -0.2338   5.4906  29.4080
  0.0000   0.0000   0.0000   0.0000
  0.1700   0.4588  -1.5236  -2.2348
  0.1689   0.3339  -1.5511  -1.6916
  0.1659   0.2439  -1.5566  -1.2889
  0.1616   0.1792  -1.5460  -0.9891
  0.1564   0.1325  -1.5238  -0.7653
  0.1506   0.0988  -1.4935  -0.5976
  0.1445   0.0744  -1.4575  -0.4715
  0.1383   0.0568  -1.4176  -0.3762
  0.1319   0.0440  -1.3752  -0.3040
  0.1255   0.0346  -1.3314  -0.2490
  0.1191   0.0276  -1.2868  -0.2068
  0.1128   0.0225  -1.2420  -0.1742
  0.1066   0.0187  -1.1973  -0.1488
  0.1005   0.0157  -1.1531  -0.1289
  0.0946   0.0135  -1.1096  -0.1130
  0.0887   0.0117  -1.0669  -0.1003
  0.0830   0.0102  -1.0251  -0.0900
  0.0774   0.0091  -0.9843  -0.0814
  0.0720   0.0081  -0.9444  -0.0742
  0.0667   0.0072  -0.9056  -0.0682
  0.0616   0.0065  -0.8678  -0.0629
  0.0566   0.0059  -0.8311  -0.0583
  0.0517   0.0053  -0.7953  -0.0542
  0.0470   0.0047  -0.7605  -0.0505
  0.0424   0.0042  -0.7268  -0.0472
  0.0379   0.0037  -0.6939  -0.0442
  0.0336   0.0033  -0.6621  -0.0414
  0.0295   0.0029  -0.6311  -0.0387
  0.0254   0.0025  -0.6010  -0.0363
  0.0216   0.0021  -0.5718  -0.0340
  0.0178   0.0017  -0.5434  -0.0319
  0.0142   0.0014  -0.5159  -0.0298
  0.0107   0.0010  -0.4891  -0.0279
  0.0074   0.0007  -0.4631  -0.0261
  0.0042   0.0004  -0.4378  -0.0243
  0.0011   0.0001  -0.4133  -0.0227
 -0.0018  -0.0002  -0.3894  -0.0211
 -0.0045  -0.0004  -0.3663  -0.0196
 -0.0072  -0.0007  -0.3437  -0.0182
 -0.0097  -0.0009  -0.3218  -0.0168
 -0.0120  -0.0012  -0.3006  -0.0155
 -0.0142  -0.0014  -0.2799  -0.0142
 -0.0163  -0.0016  -0.2597  -0.0130
 -0.0182  -0.0018  -0.2402  -0.0118
 -0.0200  -0.0020  -0.2211  -0.0107
 -0.0217  -0.0022  -0.2026  -0.0097
 -0.0232  -0.0023  -0.1845  -0.0086
 -0.0245  -0.0025  -0.1670  -0.0077
 -0.0257  -0.0026  -0.1499  -0.0067
 -0.0268  -0.0028  -0.1332  -0.0058
 -0.0277  -0.0029  -0.1170  -0.0050
 -0.0285  -0.0030  -0.1012  -0.0041
 -0.0291  -0.0031  -0.0857  -0.0033
 -0.0295  -0.0032  -0.0707  -0.0026
 -0.0298  -0.0033  -0.0560  -0.0018
 -0.0300  -0.0034  -0.0417  -0.0011
 -0.0300  -0.0034  -0.0276  -0.0004
 -0.0298  -0.0035  -0.0140   0.0002
 -0.0295  -0.0035  -0.0006   0.0009
 -0.0290  -0.0036   0.0125   0.0015
 -0.0284  -0.0036   0.0253   0.0021
 -0.0275  -0.0036   0.0379   0.0026
 -0.0266  -0.0036   0.0502   0.0032
 -0.0254  -0.0036   0.0623   0.0037
 -0.0241  -0.0036   0.0741   0.0042
 -0.0226  -0.0036   0.0858   0.0047
 -0.0209  -0.0036   0.0972   0.0051
 -0.0190  -0.0036   0.1084   0.0056
 -0.0170  -0.0035   0.1195   0.0060
 -0.0147  -0.0035   0.1304   0.0065
 -0.0123  -0.0034   0.1412   0.0069
 -0.0097  -0.0033   0.1518   0.0072
 -0.0069  -0.0032   0.1623   0.0076
 -0.0039  -0.0031   0.1727   0.0080
 -0.0007  -0.0030   0.1830   0.0083
  0.0027  -0.0029   0.1931   0.0087
  0.0063  -0.0028   0.2032   0.0090
  0.0102  -0.0027   0.2133   0.0093
  0.0142  -0.0025   0.2233   0.0096
  0.0185  -0.0024   0.2332   0.0099
  0.0230  -0.0022   0.2431   0.0102
  0.0277  -0.0020   0.2530   0.0104
  0.0327  -0.0018   0.2629   0.0107
  0.0379  -0.0016   0.2727   0.0109
  0.0433  -0.0014   0.2826   0.0112
  0.0490  -0.0012   0.2926   0.0114
  0.0550  -0.0010   0.3025   0.0116
  0.0612  -0.0007   0.3125   0.0118
  0.0677  -0.0005   0.3226   0.0121
  0.0744  -0.0002   0.3327   0.0123
  0.0814   0.0000   0.3430   0.0125
  0.0888   0.0003   0.3533   0.0127
  0.0964   0.0005   0.3638   0.0129
  0.1043   0.0008   0.3743   0.0131
  0.1124   0.0010   0.3851   0.0134
  0.1210   0.0012   0.3959   0.0137
  0.1298   0.0014   0.4070   0.0140
  0.1389   0.0015   0.4182   0.0145
  0.1484   0.0016   0.4297   0.0150
  0.1582   0.0016   0.4413   0.0157
  0.1684   0.0014   0.4532   0.0166
  0.1789   0.0010   0.4654   0.0178
  0.1897   0.0003   0.4778   0.0194
  0.2010  -0.0008   0.4906   0.0215
  0.2126  -0.0023   0.5037   0.0244
  0.2245  -0.0046   0.5171   0.0283
  0.2368  -0.0078   0.5310   0.0336
  0.2495  -0.0123   0.5453   0.0407
  0.2626  -0.0185   0.5601   0.0504
  0.2760  -0.0270   0.5754   0.0635
  0.2898  -0.0386   0.5915   0.0814
  0.3039  -0.0544   0.6083   0.1056
  0.3183  -0.0757   0.6261   0.1383
  0.3329  -0.1046   0.6449   0.1828
  0.3478  -0.1436   0.6652   0.2430
  0.3627  -0.1961   0.6872   0.3246
  0.3775  -0.2666   0.7113   0.4350
  0.3922  -0.3614   0.7382   0.5843
  0.4063  -0.4883   0.7686   0.7861
  0.0555  -0.0042  -0.0714  -0.0145
  0.0556  -0.0042  -0.0697  -0.0145
  0.0000   0.0000   0.0000   0.0000
-20.1179  25.6960   1.1965  -0.5281
-20.4969  25.5960   1.1619  -0.4568
-20.8764  25.4894   1.1287  -0.3964
-21.2562  25.3763   1.0968  -0.3453
-21.6364  25.2568   1.0661  -0.3022
-22.0168  25.1309   1.0363  -0.2658
-22.3972  24.9989   1.0075  -0.2351
-22.7775  24.8608   0.9795  -0.2094
-23.1576  24.7167   0.9522  -0.1878
-23.5372  24.5669   0.9255  -0.1698
-23.9162  24.4114   0.8994  -0.1548
-24.2944  24.2505   0.8739  -0.1423
-24.6714  24.0843   0.8487  -0.1320
-25.0470  23.9129   0.8240  -0.1236
-25.4208  23.7368   0.7996  -0.1167
-25.7926  23.5560   0.7754  -0.1111
-26.1619  23.3708   0.7515  -0.1067
-26.5283  23.1816   0.7279  -0.1032
-26.8912  22.9886   0.7043  -0.1004
-27.2500  22.7922   0.6809  -0.0984
-27.6040  22.5929   0.6576  -0.0968
-27.9524  22.3910   0.6343  -0.0958
-28.2943  22.1870   0.6110  -0.0950
-28.6286  21.9815   0.5877  -0.0946
-28.9540  21.7752   0.5644  -0.0944
-29.2691  21.5687   0.5410  -0.0944
-29.5725  21.3628   0.5174  -0.0945
-29.8624  21.1583   0.4937  -0.0947
-30.1372  20.9561   0.4699  -0.0950
-30.3951  20.7569   0.4458  -0.0953
-30.6348  20.5615   0.4215  -0.0956
-30.8551  20.3704   0.3969  -0.0960
-31.0554  20.1842   0.3719  -0.0963
-31.2357  20.0028   0.3465  -0.0965
-31.3965  19.8263   0.3207  -0.0967
-31.5388  19.6543   0.2943  -0.0969
-31.7212  19.4560   0.2665  -0.0968
-31.7739  19.3219   0.2395  -0.0970
-31.8702  19.1603   0.2110  -0.0971
-31.9544  19.0010   0.1816  -0.0971
-32.0283  18.8434   0.1512  -0.0970
-32.0932  18.6871   0.1198  -0.0969
-32.1505  18.5315   0.0873  -0.0968
-32.2010  18.3763   0.0536  -0.0966
-32.2459  18.2211   0.0187  -0.0963
-32.2859  18.0658  -0.0175  -0.0961
-32.3216  17.9100  -0.0551  -0.0957
-32.3537  17.7534  -0.0941  -0.0954
-32.3825  17.5963  -0.1346  -0.0950
-32.4086  17.4381  -0.1765  -0.0945
-32.4322  17.2789  -0.2201  -0.0941
-32.4538  17.1183  -0.2652  -0.0936
-32.4733  16.9568  -0.3119  -0.0931
-32.4912  16.7938  -0.3602  -0.0925
-32.5076  16.6293  -0.4103  -0.0919
-32.5227  16.4633  -0.4621  -0.0913
-32.5365  16.2958  -0.5156  -0.0906
-32.5494  16.1266  -0.5708  -0.0898
-32.5612  15.9556  -0.6278  -0.0890
-32.5722  15.7829  -0.6866  -0.0880
-32.5824  15.6082  -0.7472  -0.0870
-32.5919  15.4317  -0.8096  -0.0858
-32.6007  15.2531  -0.8739  -0.0844
-32.6089  15.0723  -0.9399  -0.0827
-32.6165  14.8894  -1.0078  -0.0808
-32.6237  14.7041  -1.0775  -0.0785
-32.6304  14.5164  -1.1490  -0.0758
-32.6368  14.3261  -1.2223  -0.0725
-32.6426  14.1333  -1.2974  -0.0686
-32.6481  13.9378  -1.3744  -0.0639
-32.6533  13.7393  -1.4531  -0.0583
-32.6582  13.5379  -1.5335  -0.0515
-32.6631  13.3330  -1.6157  -0.0433
-32.6673  13.1254  -1.6996  -0.0334
-32.6712  12.9143  -1.7852  -0.0216
-32.6750  12.6997  -1.8725  -0.0074
-32.6786  12.4812  -1.9613   0.0098
-32.6820  12.2589  -2.0517   0.0303
-32.6852  12.0326  -2.1436   0.0549
  0.0000   0.0000   0.0000   0.0000
  3.3399  -5.2612  -8.3671  -0.9899
  3.2279  -3.8306  -7.8730  -0.7508
  3.0970  -2.7532  -7.4095  -0.5665
  2.9551  -1.9532  -6.9725  -0.4239
  2.8068  -1.3635  -6.5585  -0.3134
  2.6549  -0.9307  -6.1649  -0.2275
  2.5017  -0.6143  -5.7895  -0.1606
  2.3486  -0.3839  -5.4306  -0.1083
  2.1968  -0.2173  -5.0868  -0.0675
  2.0471  -0.0980  -4.7570  -0.0356
  1.9002  -0.0140  -4.4403  -0.0108
  1.7565   0.0439  -4.1357   0.0086
  1.6163   0.0823  -3.8427   0.0235
  1.4797   0.1063  -3.5606   0.0349
  1.3469   0.1197  -3.2888   0.0436
  1.2180   0.1253  -3.0268   0.0500
  1.0929   0.1252  -2.7743   0.0546
  0.9716   0.1210  -2.5307   0.0578
  0.8541   0.1139  -2.2957   0.0598
  0.7404   0.1049  -2.0690   0.0610
  0.6303   0.0946  -1.8501   0.0614
  0.5239   0.0835  -1.6389   0.0612
  0.4210   0.0720  -1.4349   0.0606
  0.3215   0.0603  -1.2379   0.0597
  0.2255   0.0488  -1.0477   0.0585
  0.1328   0.0376  -0.8640   0.0572
  0.0434   0.0267  -0.6865   0.0557
 -0.0427   0.0162  -0.5151   0.0543
 -0.1258   0.0062  -0.3495   0.0528
 -0.2057  -0.0032  -0.1895   0.0515
 -0.2827  -0.0121  -0.0349   0.0502
 -0.3566  -0.0204   0.1144   0.0490
 -0.4276  -0.0281   0.2586   0.0480
 -0.4958  -0.0353   0.3980   0.0471
 -0.5612  -0.0418   0.5325   0.0465
 -0.6237  -0.0478   0.6624   0.0460
 -0.6836  -0.0533   0.7878   0.0458
 -0.7407  -0.0582   0.9088   0.0458
 -0.7953  -0.0625   1.0256   0.0460
 -0.8472  -0.0664   1.1381   0.0465
 -0.8965  -0.0697   1.2466   0.0473
 -0.9433  -0.0726   1.3511   0.0483
 -0.9875  -0.0750   1.4516   0.0495
 -1.0293  -0.0770   1.5483   0.0510
 -1.0686  -0.0785   1.6412   0.0528
 -1.1054  -0.0796   1.7303   0.0548
 -1.1399  -0.0803   1.8158   0.0571
 -1.1719  -0.0806   1.8976   0.0596
 -1.2015  -0.0806   1.9757   0.0623
 -1.2288  -0.0802   2.0503   0.0652
 -1.2536  -0.0796   2.1212   0.0683
 -1.2762  -0.0786   2.1886   0.0716
 -1.2963  -0.0773   2.2524   0.0751
 -1.3141  -0.0757   2.3126   0.0787
 -1.3295  -0.0739   2.3693   0.0824
 -1.3426  -0.0718   2.4223   0.0863
 -1.3534  -0.0695   2.4717   0.0903
 -1.3617  -0.0671   2.5175   0.0943
 -1.3677  -0.0644   2.5596   0.0984
 -1.3713  -0.0615   2.5980   0.1025
 -1.3726  -0.0585   2.6327   0.1066
 -1.3714  -0.0553   2.6636   0.1107
 -1.3678  -0.0520   2.6906   0.1148
 -1.3618  -0.0486   2.7138   0.1187
 -1.3533  -0.0451   2.7330   0.1226
 -1.3423  -0.0415   2.7482   0.1264
 -1.3289  -0.0378   2.7594   0.1300
 -1.3129  -0.0340   2.7665   0.1335
 -1.2944  -0.0302   2.7693   0.1367
 -1.2733  -0.0263   2.7679   0.1398
 -1.2495  -0.0224   2.7621   0.1426
 -1.2232  -0.0184   2.7519   0.1451
 -1.1941  -0.0144   2.7372   0.1473
 -1.1624  -0.0104   2.7180   0.1493
 -1.1279  -0.0065   2.6940   0.1509
 -1.0906  -0.0025   2.6653   0.1522
 -1.0505   0.0015   2.6317   0.1530
 -1.0075   0.0055   2.5932   0.1535
 -0.9616   0.0094   2.5497   0.1536
 -0.9127   0.0133   2.5010   0.1533
 -0.8608   0.0172   2.4471   0.1526
 -0.8058   0.0210   2.3878   0.1513
 -0.7478   0.0248   2.3231   0.1496
 -0.6865   0.0286   2.2528   0.1475
 -0.6220   0.0323   2.1768   0.1448
 -0.5543   0.0359   2.0951   0.1415
 -0.4832   0.0395   2.0075   0.1378
 -0.4087   0.0431   1.9139   0.1335
 -0.3307   0.0466   1.8142   0.1286
 -0.2492   0.0500   1.7083   0.1231
 -0.1641   0.0534   1.5959   0.1169
 -0.0753   0.0567   1.4772   0.1102
  0.0172   0.0599   1.3518   0.1027
  0.1135   0.0631   1.2196   0.0945
  0.2137   0.0662   1.0807   0.0854
  0.3179   0.0692   0.9347   0.0756
  0.4261   0.0722   0.7817   0.0648
  0.5384   0.0751   0.6214   0.0529
  0.6550   0.0780   0.4537   0.0398
  0.7758   0.0809   0.2787   0.0254
  0.9009   0.0838   0.0960   0.0094
  1.0305   0.0867  -0.0943  -0.0086
  1.1647   0.0897  -0.2923  -0.0289
  1.3035   0.0928  -0.4982  -0.0522
  1.4470   0.0963  -0.7117  -0.0793
  1.5953   0.1001  -0.9331  -0.1112
  1.7485   0.1045  -1.1620  -0.1494
  1.9068   0.1098  -1.3982  -0.1960
  2.0701   0.1162  -1.6415  -0.2539
  2.2386   0.1244  -1.8911  -0.3268
  2.4124   0.1350  -2.1461  -0.4204
  2.5916   0.1488  -2.4053  -0.5420
  2.7763   0.1670  -2.6667  -0.7023
  2.9666   0.1914  -2.9277  -0.9159
  3.1625   0.2240  -3.1843  -1.2033
  3.3642   0.2679  -3.4312  -1.5935
  3.5719   0.3270  -3.6608  -2.1269
  3.7855   0.4067  -3.8628  -2.8603
  0.0000   0.0000   0.0000   0.0000
  0.6498   0.2947  22.1876  32.0120
  0.6564   0.2410  22.0343  32.0043
  0.6628   0.1948  21.8791  31.9960
  0.6690   0.1551  21.7218  31.9872
  0.6751   0.1208  21.5624  31.9777
  0.6811   0.0915  21.4008  31.9677
  0.6869   0.0662  21.2371  31.9572
  0.6926   0.0446  21.0712  31.9460
  0.6982   0.0261  20.9030  31.9343
  0.7038   0.0102  20.7326  31.9221
  0.7092  -0.0033  20.5599  31.9092
  0.7146  -0.0148  20.3849  31.8958
  0.7199  -0.0245  20.2076  31.8817
  0.7252  -0.0327  20.0280  31.8671
  0.7304  -0.0397  19.8461  31.8519
  0.7356  -0.0454  19.6619  31.8360
  0.7408  -0.0503  19.4754  31.8195
  0.7460  -0.0542  19.2866  31.8024
  0.7512  -0.0574  19.0956  31.7846
  0.7564  -0.0600  18.9023  31.7662
  0.7616  -0.0621  18.7069  31.7470
  0.7669  -0.0636  18.5092  31.7273
  0.7721  -0.0648  18.3094  31.7068
  0.7774  -0.0655  18.1074  31.6856
  0.7828  -0.0660  17.9034  31.6637
  0.7882  -0.0662  17.6973  31.6410
  0.7937  -0.0661  17.4892  31.6177
  0.7992  -0.0658  17.2791  31.5936
  0.8048  -0.0654  17.0671  31.5687
  0.8104  -0.0648  16.8533  31.5432
  0.8161  -0.0641  16.6377  31.5168
  0.8218  -0.0632  16.4204  31.4897
  0.8277  -0.0622  16.2014  31.4619
  0.8335  -0.0612  15.9808  31.4334
  0.8395  -0.0601  15.7587  31.4041
  0.8455  -0.0589  15.5351  31.3741
  0.8516  -0.0576  15.3102  31.3435
  0.8577  -0.0564  15.0840  31.3122
  0.8639  -0.0550  14.8567  31.2802
  0.8701  -0.0537  14.6282  31.2477
  0.8764  -0.0523  14.3988  31.2146
  0.8827  -0.0510  14.1685  31.1809
  0.8891  -0.0496  13.9373  31.1467
  0.8955  -0.0482  13.7055  31.1121
  0.9019  -0.0468  13.4731  31.0769
  0.9084  -0.0455  13.2402  31.0413
  0.9149  -0.0442  13.0068  31.0053
  0.9214  -0.0429  12.7731  30.9688
  0.9279  -0.0417  12.5392  30.9318
  0.9344  -0.0405  12.3050  30.8942
  0.9410  -0.0394  12.0708  30.8561
  0.9475  -0.0384  11.8364  30.8173
  0.9540  -0.0375  11.6020  30.7777
  0.9604  -0.0367  11.3676  30.7373
  0.9669  -0.0360  11.1332  30.6959
  0.9733  -0.0355  10.8989  30.6534
  0.9797  -0.0352  10.6647  30.6095
  0.9860  -0.0351  10.4305  30.5643
  0.9922  -0.0352  10.1964  30.5175
  0.9984  -0.0357   9.9625  30.4690
  1.0045  -0.0364   9.7287  30.4187
  1.0106  -0.0375   9.4951  30.3663
  1.0165  -0.0391   9.2617  30.3118
  1.0224  -0.0412   9.0285  30.2550
  1.0281  -0.0439   8.7955  30.1958
  1.0338  -0.0472   8.5629  30.1341
  1.0394  -0.0513   8.3305  30.0697
  1.0448  -0.0564   8.0985  30.0026
  1.0502  -0.0624   7.8668  29.9327
  1.0554  -0.0697   7.6355  29.8597
  1.0606  -0.0784   7.4047  29.7837
  1.0656  -0.0887   7.1743  29.7045
  1.0706  -0.1009   6.9443  29.6220
  1.0755  -0.1152   6.7148  29.5361
  1.0804  -0.1320   6.4858  29.4466
  1.0852  -0.1517   6.2572  29.3536
  1.0900  -0.1748   6.0292  29.2569
  1.0948  -0.2018   5.8015  29.1563
  1.0997  -0.2333   5.5744  29.0519
  0.0000   0.0000   0.0000   0.0000
  0.1254   0.4409  -1.6292  -2.1418
  0.1263   0.3209  -1.6443  -1.6139
  0.1254   0.2345  -1.6401  -1.2245
  0.1232   0.1723  -1.6220  -0.9362
  0.1202   0.1276  -1.5939  -0.7219
  0.1166   0.0953  -1.5590  -0.5622
  0.1126   0.0719  -1.5193  -0.4426
  0.1084   0.0550  -1.4765  -0.3527
  0.1041   0.0428  -1.4318  -0.2848
  0.0997   0.0338  -1.3860  -0.2333
  0.0952   0.0272  -1.3399  -0.1939
  0.0908   0.0223  -1.2938  -0.1636
  0.0864   0.0186  -1.2482  -0.1401
  0.0821   0.0158  -1.2031  -0.1216
  0.0778   0.0137  -1.1589  -0.1070
  0.0736   0.0120  -1.1156  -0.0953
  0.0695   0.0106  -1.0732  -0.0857
  0.0654   0.0095  -1.0319  -0.0778
  0.0615   0.0086  -0.9917  -0.0712
  0.0576   0.0078  -0.9525  -0.0655
  0.0538   0.0071  -0.9144  -0.0606
  0.0502   0.0065  -0.8774  -0.0564
  0.0466   0.0059  -0.8414  -0.0526
  0.0431   0.0054  -0.8064  -0.0491
  0.0397   0.0049  -0.7724  -0.0460
  0.0364   0.0045  -0.7394  -0.0432
  0.0332   0.0041  -0.7073  -0.0406
  0.0301   0.0037  -0.6762  -0.0381
  0.0271   0.0033  -0.6459  -0.0358
  0.0242   0.0029  -0.6166  -0.0337
  0.0214   0.0026  -0.5881  -0.0317
  0.0187   0.0023  -0.5604  -0.0298
  0.0161   0.0019  -0.5335  -0.0280
  0.0137   0.0016  -0.5073  -0.0262
  0.0113   0.0013  -0.4819  -0.0246
  0.0090   0.0011  -0.4573  -0.0231
  0.0068   0.0008  -0.4333  -0.0216
  0.0047   0.0005  -0.4100  -0.0202
  0.0028   0.0003  -0.3873  -0.0188
  0.0009   0.0001  -0.3653  -0.0175
 -0.0008  -0.0002  -0.3439  -0.0163
 -0.0025  -0.0004  -0.3231  -0.0151
 -0.0040  -0.0006  -0.3028  -0.0140
 -0.0054  -0.0008  -0.2831  -0.0129
 -0.0067  -0.0009  -0.2639  -0.0119
 -0.0079  -0.0011  -0.2452  -0.0109
 -0.0089  -0.0013  -0.2270  -0.0099
 -0.0099  -0.0014  -0.2092  -0.0090
 -0.0107  -0.0016  -0.1919  -0.0081
 -0.0114  -0.0017  -0.1751  -0.0072
 -0.0120  -0.0018  -0.1586  -0.0064
 -0.0125  -0.0020  -0.1426  -0.0056
 -0.0128  -0.0021  -0.1269  -0.0049
 -0.0130  -0.0022  -0.1116  -0.0042
 -0.0131  -0.0023  -0.0966  -0.0035
 -0.0131  -0.0024  -0.0820  -0.0028
 -0.0129  -0.0024  -0.0677  -0.0021
 -0.0126  -0.0025  -0.0537  -0.0015
 -0.0122  -0.0026  -0.0399  -0.0009
 -0.0116  -0.0026  -0.0265  -0.0003
 -0.0109  -0.0027  -0.0133   0.0003
 -0.0100  -0.0027  -0.0004   0.0008
 -0.0090  -0.0027   0.0124   0.0014
 -0.0079  -0.0027   0.0249   0.0019
 -0.0066  -0.0027   0.0372   0.0024
 -0.0052  -0.0027   0.0493   0.0029
 -0.0036  -0.0027   0.0612   0.0033
 -0.0019  -0.0027   0.0730   0.0038
  0.0000  -0.0027   0.0846   0.0042
  0.0021  -0.0027   0.0961   0.0047
  0.0043  -0.0026   0.1074   0.0051
  0.0067  -0.0026   0.1187   0.0055
  0.0093  -0.0025   0.1298   0.0059
  0.0120  -0.0025   0.1409   0.0062
  0.0149  -0.0024   0.1519   0.0066
  0.0180  -0.0023   0.1628   0.0070
  0.0212  -0.0022   0.1737   0.0073
  0.0247  -0.0021   0.1846   0.0077
  0.0283  -0.0020   0.1954   0.0080
  0.0322  -0.0019   0.2062   0.0083
  0.0362  -0.0018   0.2171   0.0086
  0.0404  -0.0017   0.2279   0.0089
  0.0449  -0.0015   0.2388   0.0092
  0.0495  -0.0014   0.2497   0.0095
  0.0544  -0.0012   0.2607   0.0098
  0.0594  -0.0011   0.2717   0.0100
  0.0647  -0.0009   0.2828   0.0103
  0.0703  -0.0007   0.2941   0.0106
  0.0760  -0.0005   0.3054   0.0108
  0.0820  -0.0004   0.3169   0.0111
  0.0883  -0.0002   0.3284   0.0113
  0.0948   0.0000   0.3402   0.0116
  0.1016   0.0002   0.3521   0.0118
  0.1086   0.0004   0.3642   0.0121
  0.1159   0.0006   0.3765   0.0124
  0.1234   0.0007   0.3891   0.0127
  0.1313   0.0008   0.4018   0.0131
  0.1394   0.0009   0.4148   0.0135
  0.1478   0.0009   0.4281   0.0140
  0.1565   0.0008   0.4416   0.0147
  0.1655   0.0005   0.4555   0.0155
  0.1749   0.0001   0.4697   0.0166
  0.1845  -0.0006   0.4843   0.0180
  0.1945  -0.0017   0.4992   0.0199
  0.2047  -0.0032   0.5145   0.0224
  0.2154  -0.0054   0.5303   0.0258
  0.2263  -0.0085   0.5466   0.0304
  0.2376  -0.0128   0.5633   0.0365
  0.2492  -0.0187   0.5807   0.0449
  0.2611  -0.0268   0.5986   0.0562
  0.2733  -0.0378   0.6173   0.0716
  0.2858  -0.0528   0.6369   0.0925
  0.2986  -0.0732   0.6573   0.1208
  0.3115  -0.1007   0.6789   0.1592
  0.3247  -0.1378   0.7018   0.2114
  0.3378  -0.1878   0.7264   0.2820
  0.3510  -0.2552   0.7529   0.3778
  0.3639  -0.3457   0.7820   0.5076
  0.3763  -0.4670   0.8142   0.6832
  0.0552  -0.0043  -0.0702  -0.0144
  0.0552  -0.0043  -0.0690  -0.0143
  0.0000   0.0000   0.0000   0.0000
-16.9876  26.3066   1.1766  -0.4497
-17.3847  26.1957   1.1361  -0.3935
-17.7827  26.0780   1.0972  -0.3422
-18.1817  25.9537   1.0598  -0.2978
-18.5814  25.8228   1.0237  -0.2601
-18.9819  25.6855   0.9889  -0.2283
-19.3832  25.5418   0.9552  -0.2017
-19.7850  25.3918   0.9226  -0.1796
-20.1874  25.2356   0.8910  -0.1612
-20.5903  25.0733   0.8602  -0.1460
-20.9935  24.9050   0.8302  -0.1336
-21.3971  24.7309   0.8010  -0.1234
-21.8009  24.5510   0.7724  -0.1152
-22.2048  24.3654   0.7445  -0.1086
-22.6087  24.1743   0.7171  -0.1034
-23.0127  23.9779   0.6902  -0.0993
-23.4165  23.7761   0.6638  -0.0963
-23.8200  23.5692   0.6379  -0.0941
-24.2233  23.3573   0.6122  -0.0926
-24.6262  23.1405   0.5869  -0.0917
-25.0285  22.9190   0.5619  -0.0913
-25.4304  22.6929   0.5371  -0.0913
-25.8315  22.4624   0.5125  -0.0917
-26.2319  22.2275   0.4880  -0.0923
-26.6316  21.9885   0.4637  -0.0931
-27.0303  21.7455   0.4394  -0.0942
-27.4280  21.4986   0.4151  -0.0953
-27.8247  21.2480   0.3908  -0.0966
-28.2202  20.9939   0.3665  -0.0980
-28.6146  20.7363   0.3420  -0.0994
-29.0076  20.4754   0.3174  -0.1009
-29.3993  20.2114   0.2926  -0.1024
-29.7895  19.9445   0.2675  -0.1038
-30.1781  19.6747   0.2422  -0.1052
-30.5650  19.4022   0.2166  -0.1066
-30.9501  19.1272   0.1906  -0.1079
-31.3330  18.8498   0.1642  -0.1091
-31.7135  18.5704   0.1373  -0.1102
-32.0914  18.2887   0.1099  -0.1111
-32.4684  18.0035   0.0819  -0.1118
-32.8693  17.6949   0.0528  -0.1121
-32.9495  17.5247   0.0261  -0.1126
-32.7805  17.4882   0.0014  -0.1132
-32.8554  17.3243  -0.0267  -0.1135
-32.9067  17.1652  -0.0555  -0.1137
-32.9447  17.0044  -0.0855  -0.1138
-32.9648  16.8469  -0.1164  -0.1138
-32.8768  16.7833  -0.1470  -0.1140
-32.8865  16.6402  -0.1801  -0.1138
-32.8518  16.5025  -0.2149  -0.1132
-32.9673  16.2017  -0.2537  -0.1117
-32.9822  16.0471  -0.2910  -0.1113
-32.9550  15.9633  -0.3289  -0.1111
-32.9826  15.7266  -0.3704  -0.1100
-32.9346  15.4987  -0.4132  -0.1085
-32.9690  15.4602  -0.4547  -0.1084
-32.9869  15.2419  -0.5001  -0.1069
-32.9722  15.1021  -0.5457  -0.1062
-32.9655  15.0044  -0.5926  -0.1057
-32.9890  14.6477  -0.6435  -0.1031
-32.9771  14.5902  -0.6934  -0.1015
-32.9785  14.4384  -0.7456  -0.0992
-32.9558  14.0369  -0.8013  -0.0946
-32.9166  14.1810  -0.8546  -0.0943
-32.9578  13.7641  -0.9127  -0.0885
-32.9877  13.6220  -0.9709  -0.0840
-32.6541  13.3851  -1.0309  -0.0781
-32.6090  13.3199  -1.0916  -0.0734
-32.9724  12.9187  -1.1542  -0.0669
-32.1398  13.4311  -1.2175  -0.0637
-32.4557  12.7843  -1.2829  -0.0526
-32.9327  12.7395  -1.3509  -0.0447
-32.7034  12.3341  -1.4195  -0.0285
-32.9825  11.9341  -1.4904  -0.0117
-32.3239  12.1780  -1.5639   0.0059
-31.3782  12.1219  -1.6382   0.0283
-32.7512  11.0468  -1.7089   0.0574
-32.9804  11.2403  -1.7879   0.0774
-30.9138  11.6036  -1.8681   0.1002
  0.0000   0.0000   0.0000   0.0000
  3.3736  -5.2168  -8.4781  -1.0587
  3.2666  -3.8000  -7.9752  -0.8038
  3.1388  -2.7320  -7.5042  -0.6073
  2.9984  -1.9382  -7.0607  -0.4553
  2.8504  -1.3527  -6.6409  -0.3374
  2.6979  -0.9227  -6.2420  -0.2457
  2.5433  -0.6079  -5.8619  -0.1742
  2.3883  -0.3786  -5.4986  -0.1183
  2.2342  -0.2127  -5.1508  -0.0746
  2.0820  -0.0939  -4.8172  -0.0404
  1.9324  -0.0101  -4.4968  -0.0135
  1.7859   0.0475  -4.1888   0.0074
  1.6429   0.0857  -3.8924   0.0237
  1.5035   0.1094  -3.6071   0.0362
  1.3679   0.1225  -3.3322   0.0458
  1.2361   0.1277  -3.0672   0.0531
  1.1083   0.1272  -2.8116   0.0584
  0.9844   0.1227  -2.5652   0.0622
  0.8643   0.1152  -2.3273   0.0647
  0.7481   0.1057  -2.0978   0.0663
  0.6356   0.0950  -1.8762   0.0670
  0.5268   0.0835  -1.6623   0.0672
  0.4216   0.0716  -1.4557   0.0668
  0.3200   0.0595  -1.2561   0.0661
  0.2218   0.0476  -1.0634   0.0651
  0.1271   0.0360  -0.8771   0.0639
  0.0358   0.0247  -0.6972   0.0626
 -0.0523   0.0140  -0.5233   0.0612
 -0.1372   0.0037  -0.3553   0.0598
 -0.2189  -0.0060  -0.1929   0.0584
 -0.2975  -0.0152  -0.0360   0.0571
 -0.3731  -0.0237   0.1157   0.0558
 -0.4456  -0.0316   0.2622   0.0548
 -0.5153  -0.0390   0.4038   0.0538
 -0.5821  -0.0457   0.5405   0.0531
 -0.6460  -0.0518   0.6726   0.0525
 -0.7072  -0.0574   0.8002   0.0522
 -0.7656  -0.0624   0.9233   0.0520
 -0.8213  -0.0668   1.0421   0.0521
 -0.8744  -0.0707   1.1567   0.0525
 -0.9248  -0.0741   1.2672   0.0531
 -0.9726  -0.0769   1.3737   0.0539
 -1.0179  -0.0793   1.4761   0.0550
 -1.0606  -0.0812   1.5747   0.0564
 -1.1008  -0.0827   1.6695   0.0580
 -1.1384  -0.0837   1.7605   0.0598
 -1.1737  -0.0843   1.8478   0.0619
 -1.2064  -0.0846   1.9313   0.0643
 -1.2367  -0.0844   2.0112   0.0668
 -1.2646  -0.0839   2.0874   0.0696
 -1.2900  -0.0831   2.1600   0.0726
 -1.3130  -0.0819   2.2289   0.0757
 -1.3337  -0.0804   2.2943   0.0791
 -1.3519  -0.0787   2.3560   0.0826
 -1.3677  -0.0767   2.4141   0.0862
 -1.3811  -0.0744   2.4685   0.0900
 -1.3921  -0.0719   2.5192   0.0938
 -1.4007  -0.0692   2.5663   0.0977
 -1.4068  -0.0663   2.6096   0.1017
 -1.4105  -0.0632   2.6492   0.1057
 -1.4118  -0.0600   2.6849   0.1098
 -1.4106  -0.0566   2.7168   0.1138
 -1.4070  -0.0530   2.7448   0.1178
 -1.4008  -0.0494   2.7688   0.1217
 -1.3922  -0.0456   2.7888   0.1255
 -1.3810  -0.0417   2.8047   0.1292
 -1.3672  -0.0378   2.8165   0.1327
 -1.3509  -0.0338   2.8241   0.1361
 -1.3319  -0.0297   2.8274   0.1393
 -1.3104  -0.0256   2.8263   0.1422
 -1.2861  -0.0214   2.8208   0.1450
 -1.2592  -0.0172   2.8108   0.1474
 -1.2295  -0.0130   2.7962   0.1496
 -1.1970  -0.0088   2.7768   0.1514
 -1.1617  -0.0046   2.7527   0.1530
 -1.1236  -0.0004   2.7238   0.1541
 -1.0826   0.0038   2.6898   0.1549
 -1.0386   0.0079   2.6508   0.1553
 -0.9917   0.0120   2.6066   0.1553
 -0.9417   0.0161   2.5572   0.1549
 -0.8887   0.0202   2.5024   0.1540
 -0.8325   0.0242   2.4421   0.1527
 -0.7732   0.0281   2.3763   0.1508
 -0.7106   0.0320   2.3047   0.1485
 -0.6447   0.0359   2.2274   0.1457
 -0.5755   0.0397   2.1441   0.1424
 -0.5028   0.0434   2.0548   0.1385
 -0.4267   0.0470   1.9594   0.1340
 -0.3471   0.0506   1.8577   0.1290
 -0.2639   0.0541   1.7496   0.1233
 -0.1770   0.0575   1.6350   0.1171
 -0.0864   0.0609   1.5138   0.1101
  0.0081   0.0642   1.3858   0.1025
  0.1064   0.0674   1.2509   0.0941
  0.2086   0.0705   1.1089   0.0849
  0.3148   0.0735   0.9599   0.0749
  0.4252   0.0765   0.8035   0.0639
  0.5397   0.0794   0.6398   0.0519
  0.6585   0.0822   0.4685   0.0387
  0.7816   0.0850   0.2896   0.0241
  0.9091   0.0878   0.1030   0.0079
  1.0412   0.0906  -0.0915  -0.0103
  1.1778   0.0935  -0.2939  -0.0308
  1.3191   0.0964  -0.5043  -0.0544
  1.4652   0.0996  -0.7226  -0.0817
  1.6162   0.1032  -0.9489  -0.1139
  1.7721   0.1073  -1.1829  -0.1524
  1.9331   0.1121  -1.4245  -0.1995
  2.0992   0.1181  -1.6731  -0.2579
  2.2706   0.1257  -1.9283  -0.3315
  2.4473   0.1355  -2.1891  -0.4259
  2.6294   0.1483  -2.4541  -0.5487
  2.8171   0.1654  -2.7214  -0.7105
  3.0105   0.1883  -2.9881  -0.9262
  3.2096   0.2191  -3.2505  -1.2165
  3.4146   0.2606  -3.5028  -1.6107
  3.6256   0.3166  -3.7375  -2.1497
  3.8428   0.3924  -3.9438  -2.8911
  0.0000   0.0000   0.0000   0.0000
  0.6438   0.2872  22.5010  32.0477
  0.6506   0.2345  22.3488  32.0404
  0.6571   0.1891  22.1945  32.0325
  0.6635   0.1500  22.0381  32.0242
  0.6698   0.1163  21.8795  32.0153
  0.6759   0.0874  21.7186  32.0060
  0.6819   0.0626  21.5556  31.9962
  0.6878   0.0413  21.3902  31.9859
  0.6936   0.0231  21.2225  31.9752
  0.6993   0.0075  21.0524  31.9639
  0.7049  -0.0058  20.8800  31.9521
  0.7105  -0.0171  20.7053  31.9398
  0.7160  -0.0266  20.5282  31.9271
  0.7214  -0.0347  20.3487  31.9138
  0.7269  -0.0416  20.1668  31.8999
  0.7323  -0.0473  19.9826  31.8856
  0.7377  -0.0520  19.7960  31.8707
  0.7430  -0.0559  19.6070  31.8552
  0.7484  -0.0591  19.4158  31.8392
  0.7538  -0.0616  19.2222  31.8226
  0.7593  -0.0636  19.0264  31.8054
  0.7647  -0.0651  18.8283  31.7876
  0.7702  -0.0662  18.6280  31.7693
  0.7757  -0.0670  18.4255  31.7503
  0.7813  -0.0674  18.2208  31.7306
  0.7869  -0.0676  18.0141  31.7103
  0.7926  -0.0675  17.8052  31.6893
  0.7983  -0.0672  17.5943  31.6677
  0.8041  -0.0668  17.3815  31.6454
  0.8100  -0.0662  17.1666  31.6224
  0.8159  -0.0654  16.9499  31.5986
  0.8219  -0.0646  16.7314  31.5742
  0.8280  -0.0636  16.5111  31.5490
  0.8341  -0.0625  16.2891  31.5231
  0.8402  -0.0614  16.0655  31.4964
  0.8465  -0.0602  15.8402  31.4690
  0.8528  -0.0590  15.6135  31.4409
  0.8591  -0.0577  15.3854  31.4120
  0.8655  -0.0564  15.1559  31.3824
  0.8720  -0.0550  14.9251  31.3521
  0.8785  -0.0537  14.6932  31.3211
  0.8850  -0.0523  14.4602  31.2895
  0.8916  -0.0509  14.2263  31.2572
  0.8982  -0.0495  13.9914  31.2242
  0.9049  -0.0482  13.7558  31.1906
  0.9115  -0.0468  13.5194  31.1564
  0.9182  -0.0455  13.2825  31.1217
  0.9249  -0.0442  13.0451  31.0863
  0.9316  -0.0430  12.8072  31.0504
  0.9383  -0.0418  12.5691  31.0139
  0.9449  -0.0407  12.3307  30.9768
  0.9516  -0.0397  12.0922  30.9391
  0.9582  -0.0388  11.8536  30.9007
  0.9648  -0.0380  11.6150  30.8615
  0.9714  -0.0373  11.3764  30.8215
  0.9779  -0.0368  11.1378  30.7805
  0.9843  -0.0365  10.8994  30.7384
  0.9907  -0.0363  10.6611  30.6952
  0.9971  -0.0365  10.4229  30.6505
  1.0033  -0.0369  10.1849  30.6044
  1.0094  -0.0376   9.9470  30.5566
  1.0155  -0.0387   9.7094  30.5069
  1.0214  -0.0403   9.4720  30.4553
  1.0273  -0.0424   9.2348  30.4016
  1.0330  -0.0450   8.9979  30.3456
  1.0386  -0.0483   8.7612  30.2872
  1.0441  -0.0524   8.5248  30.2262
  1.0495  -0.0574   8.2888  30.1625
  1.0547  -0.0634   8.0530  30.0960
  1.0599  -0.0707   7.8177  30.0266
  1.0649  -0.0793   7.5827  29.9541
  1.0697  -0.0895   7.3481  29.8784
  1.0745  -0.1016   7.1140  29.7995
  1.0792  -0.1158   6.8802  29.7171
  1.0838  -0.1326   6.6469  29.6312
  1.0883  -0.1522   6.4140  29.5417
  1.0928  -0.1751   6.1816  29.4484
  1.0973  -0.2020   5.9495  29.3512
  1.1018  -0.2333   5.7179  29.2500
  0.0000   0.0000   0.0000   0.0000
  0.1013   0.4388  -1.6186  -2.1116
  0.1034   0.3195  -1.6330  -1.5908
  0.1037   0.2335  -1.6285  -1.2069
  0.1026   0.1716  -1.6104  -0.9228
  0.1007   0.1270  -1.5826  -0.7118
  0.0982   0.0948  -1.5481  -0.5545
  0.0953   0.0715  -1.5090  -0.4368
  0.0921   0.0547  -1.4669  -0.3483
  0.0887   0.0425  -1.4229  -0.2816
  0.0853   0.0335  -1.3779  -0.2309
  0.0817   0.0270  -1.3326  -0.1922
  0.0782   0.0221  -1.2873  -0.1624
  0.0747   0.0184  -1.2424  -0.1393
  0.0712   0.0157  -1.1982  -0.1211
  0.0677   0.0136  -1.1547  -0.1067
  0.0643   0.0119  -1.1122  -0.0952
  0.0610   0.0106  -1.0706  -0.0858
  0.0577   0.0095  -1.0300  -0.0780
  0.0545   0.0086  -0.9905  -0.0714
  0.0513   0.0078  -0.9520  -0.0659
  0.0482   0.0071  -0.9146  -0.0610
  0.0452   0.0065  -0.8782  -0.0568
  0.0423   0.0060  -0.8428  -0.0530
  0.0394   0.0055  -0.8084  -0.0497
  0.0367   0.0051  -0.7751  -0.0466
  0.0340   0.0046  -0.7426  -0.0438
  0.0313   0.0042  -0.7111  -0.0411
  0.0288   0.0038  -0.6805  -0.0387
  0.0263   0.0035  -0.6508  -0.0365
  0.0239   0.0031  -0.6219  -0.0343
  0.0216   0.0028  -0.5939  -0.0323
  0.0194   0.0025  -0.5667  -0.0304
  0.0173   0.0022  -0.5402  -0.0286
  0.0152   0.0019  -0.5145  -0.0269
  0.0133   0.0016  -0.4896  -0.0253
  0.0114   0.0014  -0.4653  -0.0237
  0.0097   0.0011  -0.4417  -0.0223
  0.0080   0.0009  -0.4188  -0.0208
  0.0064   0.0006  -0.3965  -0.0195
  0.0049   0.0004  -0.3748  -0.0182
  0.0035   0.0002  -0.3537  -0.0170
  0.0022  -0.0000  -0.3332  -0.0158
  0.0009  -0.0002  -0.3132  -0.0147
 -0.0002  -0.0004  -0.2938  -0.0136
 -0.0012  -0.0006  -0.2748  -0.0125
 -0.0021  -0.0007  -0.2564  -0.0115
 -0.0029  -0.0009  -0.2384  -0.0106
 -0.0036  -0.0010  -0.2209  -0.0097
 -0.0042  -0.0012  -0.2039  -0.0088
 -0.0047  -0.0013  -0.1872  -0.0079
 -0.0051  -0.0014  -0.1710  -0.0071
 -0.0054  -0.0015  -0.1551  -0.0063
 -0.0056  -0.0017  -0.1396  -0.0056
 -0.0056  -0.0018  -0.1245  -0.0048
 -0.0055  -0.0018  -0.1097  -0.0041
 -0.0054  -0.0019  -0.0952  -0.0035
 -0.0051  -0.0020  -0.0810  -0.0028
 -0.0047  -0.0021  -0.0671  -0.0022
 -0.0041  -0.0021  -0.0535  -0.0016
 -0.0035  -0.0022  -0.0401  -0.0010
 -0.0027  -0.0022  -0.0270  -0.0004
 -0.0018  -0.0023  -0.0142   0.0002
 -0.0007  -0.0023  -0.0015   0.0007
  0.0004  -0.0023   0.0109   0.0012
  0.0017  -0.0023   0.0232   0.0017
  0.0032  -0.0023   0.0352   0.0022
  0.0048  -0.0023   0.0471   0.0027
  0.0065  -0.0023   0.0589   0.0031
  0.0084  -0.0023   0.0705   0.0036
  0.0104  -0.0023   0.0820   0.0040
  0.0126  -0.0023   0.0934   0.0044
  0.0149  -0.0022   0.1047   0.0049
  0.0174  -0.0022   0.1158   0.0052
  0.0200  -0.0021   0.1270   0.0056
  0.0228  -0.0021   0.1380   0.0060
  0.0258  -0.0020   0.1490   0.0064
  0.0289  -0.0019   0.1600   0.0067
  0.0322  -0.0019   0.1709   0.0071
  0.0357  -0.0018   0.1819   0.0074
  0.0394  -0.0017   0.1928   0.0077
  0.0432  -0.0016   0.2037   0.0081
  0.0472  -0.0014   0.2147   0.0084
  0.0515  -0.0013   0.2257   0.0087
  0.0559  -0.0012   0.2368   0.0090
  0.0605  -0.0011   0.2480   0.0092
  0.0653  -0.0009   0.2592   0.0095
  0.0704  -0.0008   0.2705   0.0098
  0.0756  -0.0006   0.2819   0.0101
  0.0811  -0.0004   0.2935   0.0103
  0.0868  -0.0003   0.3052   0.0106
  0.0927  -0.0001   0.3170   0.0108
  0.0989   0.0001   0.3290   0.0111
  0.1053   0.0002   0.3412   0.0114
  0.1119   0.0004   0.3536   0.0116
  0.1188   0.0005   0.3662   0.0119
  0.1259   0.0006   0.3790   0.0123
  0.1334   0.0007   0.3921   0.0127
  0.1410   0.0007   0.4054   0.0131
  0.1490   0.0007   0.4191   0.0136
  0.1572   0.0006   0.4330   0.0143
  0.1658   0.0003   0.4472   0.0151
  0.1746  -0.0002   0.4618   0.0162
  0.1837  -0.0009   0.4768   0.0176
  0.1931  -0.0020   0.4922   0.0195
  0.2028  -0.0036   0.5080   0.0220
  0.2128  -0.0058   0.5242   0.0254
  0.2232  -0.0089   0.5409   0.0300
  0.2338  -0.0132   0.5582   0.0361
  0.2448  -0.0190   0.5761   0.0445
  0.2560  -0.0271   0.5946   0.0557
  0.2675  -0.0380   0.6139   0.0710
  0.2793  -0.0529   0.6340   0.0918
  0.2914  -0.0730   0.6550   0.1200
  0.3036  -0.1002   0.6772   0.1581
  0.3159  -0.1369   0.7008   0.2099
  0.3283  -0.1863   0.7260   0.2801
  0.3406  -0.2528   0.7531   0.3751
  0.3527  -0.3421   0.7828   0.5039
  0.3643  -0.4618   0.8157   0.6780
  0.0000   0.0000   0.0000   0.0000
-16.3530  26.1039   1.1878  -0.4617
-16.7549  26.0004   1.1455  -0.4001
-17.1578  25.8903   1.1050  -0.3462
-17.5615  25.7736   1.0661  -0.3002
-17.9661  25.6504   1.0287  -0.2613
-18.3715  25.5208   0.9926  -0.2286
-18.7776  25.3849   0.9578  -0.2013
-19.1843  25.2426   0.9241  -0.1785
-19.5916  25.0942   0.8914  -0.1596
-19.9993  24.9398   0.8596  -0.1439
-20.4075  24.7793   0.8287  -0.1310
-20.8160  24.6129   0.7985  -0.1205
-21.2247  24.4408   0.7691  -0.1120
-21.6336  24.2629   0.7403  -0.1051
-22.0425  24.0795   0.7120  -0.0997
-22.4515  23.8907   0.6843  -0.0955
-22.8603  23.6965   0.6571  -0.0923
-23.2689  23.4972   0.6303  -0.0900
-23.6772  23.2927   0.6039  -0.0884
-24.0852  23.0833   0.5778  -0.0874
-24.4927  22.8691   0.5520  -0.0869
-24.8997  22.6502   0.5264  -0.0869
-25.3061  22.4268   0.5011  -0.0872
-25.7117  22.1990   0.4759  -0.0878
-26.1166  21.9670   0.4508  -0.0886
-26.5206  21.7308   0.4258  -0.0896
-26.9237  21.4906   0.4009  -0.0908
-27.3257  21.2467   0.3759  -0.0921
-27.7266  20.9990   0.3509  -0.0935
-28.1264  20.7478   0.3258  -0.0950
-28.5249  20.4932   0.3006  -0.0965
-28.9221  20.2354   0.2752  -0.0981
-29.3179  19.9744   0.2496  -0.0996
-29.7122  19.7105   0.2237  -0.1011
-30.1049  19.4438   0.1974  -0.1026
-30.4960  19.1743   0.1709  -0.1041
-30.8854  18.9023   0.1439  -0.1054
-31.2730  18.6279   0.1164  -0.1067
-31.6590  18.3509   0.0885  -0.1078
-32.0455  18.0707   0.0599  -0.1088
-32.4479  17.7804   0.0306  -0.1094
-32.9235  17.4450  -0.0003  -0.1093
-31.9821  17.4316  -0.0263  -0.1087
-32.7616  17.2763  -0.0534  -0.1105
-32.8762  17.0988  -0.0828  -0.1111
-32.9475  16.9312  -0.1129  -0.1111
-32.0657  17.1190  -0.1385  -0.1108
-32.3511  16.6290  -0.1763  -0.1099
-32.8324  16.5980  -0.2064  -0.1118
-32.8790  16.4415  -0.2404  -0.1124
-32.8178  16.3189  -0.2758  -0.1121
-32.9809  15.9932  -0.3157  -0.1105
-32.9182  15.6666  -0.3564  -0.1093
-32.9842  15.6352  -0.3947  -0.1092
-32.9654  15.5896  -0.4345  -0.1089
-32.7938  15.1546  -0.4808  -0.1063
-32.9820  15.2518  -0.5215  -0.1067
-32.9081  14.8351  -0.5696  -0.1038
-32.9695  14.9601  -0.6130  -0.1042
-32.8900  14.6572  -0.6624  -0.1010
-32.8643  14.2309  -0.7139  -0.0972
-32.9492  14.0974  -0.7636  -0.0961
-32.9441  13.6635  -0.8170  -0.0920
-32.9675  14.1797  -0.8662  -0.0918
-32.9626  13.1309  -0.9252  -0.0816
-28.3615  15.5146  -0.9713  -0.0815
-32.9756  13.1019  -1.0345  -0.0732
-32.6516  13.2034  -1.0913  -0.0719
-31.6851  13.8426  -1.1490  -0.0722
-32.9008  13.1786  -1.2107  -0.0650
-25.6009  15.7460  -1.2732  -0.0630
-32.9785  12.7607  -1.3382  -0.0458
-32.9679  12.4298  -1.4060  -0.0308
-32.5629  11.6188  -1.4759  -0.0112
-32.8132  10.6944  -1.5459   0.0110
-32.3270  11.6815  -1.6229   0.0226
-32.0620  10.7514  -1.6936   0.0524
-32.9095  10.0176  -1.7672   0.0807
-32.8115   9.7734  -1.8443   0.1075
  0.0000   0.0000   0.0000   0.0000
  3.1241  -5.1588  -7.9728  -0.8523
  3.0143  -3.7718  -7.5083  -0.6481
  2.8882  -2.7250  -7.0719  -0.4903
  2.7530  -1.9460  -6.6598  -0.3679
  2.6125  -1.3702  -6.2689  -0.2727
  2.4692  -0.9463  -5.8968  -0.1985
  2.3249  -0.6350  -5.5418  -0.1405
  2.1809  -0.4073  -5.2022  -0.0951
  2.0383  -0.2417  -4.8768  -0.0595
  1.8979  -0.1223  -4.5645  -0.0316
  1.7600  -0.0374  -4.2646  -0.0098
  1.6252   0.0218  -3.9761   0.0072
  1.4937   0.0617  -3.6985   0.0204
  1.3657   0.0874  -3.4312   0.0305
  1.2412   0.1024  -3.1738   0.0381
  1.1204   0.1096  -2.9256   0.0438
  1.0031   0.1111  -2.6863   0.0479
  0.8894   0.1084  -2.4555   0.0508
  0.7793   0.1028  -2.2329   0.0526
  0.6727   0.0952  -2.0180   0.0537
  0.5696   0.0861  -1.8106   0.0540
  0.4698   0.0763  -1.6104   0.0539
  0.3733   0.0659  -1.4172   0.0534
  0.2802   0.0554  -1.2305   0.0526
  0.1902   0.0449  -1.0502   0.0517
  0.1034   0.0345  -0.8761   0.0505
  0.0196   0.0245  -0.7079   0.0493
 -0.0611   0.0148  -0.5453   0.0481
 -0.1389   0.0056  -0.3883   0.0469
 -0.2138  -0.0031  -0.2366   0.0458
 -0.2858  -0.0114  -0.0900   0.0447
 -0.3550  -0.0191   0.0516   0.0438
 -0.4215  -0.0262   0.1884   0.0430
 -0.4852  -0.0329   0.3206   0.0424
 -0.5463  -0.0390   0.4483   0.0420
 -0.6048  -0.0446   0.5716   0.0417
 -0.6607  -0.0497   0.6906   0.0417
 -0.7141  -0.0543   0.8055   0.0419
 -0.7650  -0.0584   0.9164   0.0423
 -0.8134  -0.0620   1.0233   0.0429
 -0.8594  -0.0652   1.1264   0.0438
 -0.9029  -0.0679   1.2257   0.0449
 -0.9441  -0.0702   1.3214   0.0463
 -0.9829  -0.0721   1.4133   0.0478
 -1.0194  -0.0736   1.5018   0.0497
 -1.0536  -0.0747   1.5867   0.0517
 -1.0855  -0.0754   1.6681   0.0540
 -1.1151  -0.0758   1.7461   0.0565
 -1.1424  -0.0758   1.8206   0.0592
 -1.1675  -0.0755   1.8918   0.0620
 -1.1903  -0.0750   1.9597   0.0651
 -1.2109  -0.0741   2.0242   0.0683
 -1.2293  -0.0730   2.0853   0.0717
 -1.2454  -0.0716   2.1431   0.0753
 -1.2593  -0.0700   2.1975   0.0789
 -1.2710  -0.0681   2.2486   0.0827
 -1.2805  -0.0661   2.2963   0.0866
 -1.2877  -0.0638   2.3406   0.0905
 -1.2927  -0.0614   2.3815   0.0945
 -1.2954  -0.0588   2.4190   0.0985
 -1.2959  -0.0560   2.4529   0.1025
 -1.2941  -0.0532   2.4834   0.1065
 -1.2900  -0.0501   2.5103   0.1105
 -1.2836  -0.0470   2.5336   0.1144
 -1.2749  -0.0438   2.5532   0.1182
 -1.2639  -0.0405   2.5691   0.1220
 -1.2505  -0.0370   2.5813   0.1256
 -1.2347  -0.0336   2.5896   0.1290
 -1.2165  -0.0300   2.5940   0.1323
 -1.1959  -0.0265   2.5945   0.1354
 -1.1728  -0.0228   2.5910   0.1383
 -1.1472  -0.0192   2.5834   0.1409
 -1.1191  -0.0155   2.5716   0.1433
 -1.0884  -0.0118   2.5556   0.1454
 -1.0552  -0.0081   2.5353   0.1472
 -1.0193  -0.0044   2.5105   0.1487
 -0.9807  -0.0007   2.4813   0.1499
 -0.9394   0.0030   2.4475   0.1507
 -0.8954   0.0067   2.4090   0.1511
 -0.8486   0.0103   2.3658   0.1512
 -0.7989   0.0140   2.3178   0.1508
 -0.7463   0.0176   2.2648   0.1500
 -0.6908   0.0211   2.2068   0.1488
 -0.6323   0.0247   2.1436   0.1471
 -0.5707   0.0282   2.0752   0.1450
 -0.5060   0.0316   2.0015   0.1423
 -0.4382   0.0350   1.9224   0.1392
 -0.3671   0.0384   1.8377   0.1355
 -0.2928   0.0416   1.7473   0.1313
 -0.2151   0.0449   1.6512   0.1265
 -0.1340   0.0481   1.5492   0.1211
 -0.0495   0.0512   1.4412   0.1150
  0.0386   0.0543   1.3271   0.1084
  0.1304   0.0573   1.2068   0.1010
  0.2258   0.0603   1.0802   0.0928
  0.3249   0.0632   0.9471   0.0839
  0.4279   0.0660   0.8074   0.0740
  0.5348   0.0689   0.6610   0.0632
  0.6457   0.0717   0.5079   0.0512
  0.7606   0.0746   0.3479   0.0378
  0.8797   0.0774   0.1809   0.0229
  1.0030   0.0804   0.0068   0.0062
  1.1306   0.0836  -0.1745  -0.0129
  1.2627   0.0869  -0.3629  -0.0348
  1.3992   0.0907  -0.5585  -0.0605
  1.5403   0.0951  -0.7612  -0.0908
  1.6860   0.1002  -0.9709  -0.1274
  1.8365   0.1065  -1.1874  -0.1723
  1.9918   0.1143  -1.4102  -0.2283
  2.1520   0.1244  -1.6388  -0.2991
  2.3171   0.1374  -1.8723  -0.3904
  2.4873   0.1544  -2.1093  -0.5094
  2.6626   0.1770  -2.3480  -0.6667
  2.8431   0.2072  -2.5857  -0.8768
  3.0288   0.2474  -2.8187  -1.1600
  3.2197   0.3014  -3.0416  -1.5449
  3.4158   0.3738  -3.2471  -2.0715
  3.6172   0.4710  -3.4248  -2.7961
  0.0000   0.0000   0.0000   0.0000
  0.6082   0.3096  22.2807  32.0156
  0.6178   0.2541  22.1672  32.0291
  0.6266   0.2061  22.0047  32.0037
  0.6356   0.1648  21.8927  32.0237
  0.6440   0.1292  21.7447  32.0132
  0.6519   0.0984  21.5721  31.9837
  0.6600   0.0720  21.4505  32.0015
  0.6675   0.0493  21.2742  31.9704
  0.6750   0.0298  21.1204  31.9633
  0.6822   0.0131  20.9625  31.9548
  0.6894  -0.0012  20.8250  31.9690
  0.6961  -0.0134  20.6390  31.9372
  0.7028  -0.0238  20.4711  31.9274
  0.7096  -0.0326  20.3230  31.9360
  0.7160  -0.0400  20.1486  31.9224
  0.7224  -0.0463  19.9762  31.9136
  0.7287  -0.0515  19.8037  31.9074
  0.7350  -0.0558  19.6352  31.9087
  0.7411  -0.0594  19.4527  31.8964
  0.7472  -0.0624  19.2666  31.8824
  0.7532  -0.0647  19.0671  31.8557
  0.7592  -0.0666  18.8774  31.8428
  0.7652  -0.0680  18.6858  31.8300
  0.7712  -0.0690  18.4929  31.8181
  0.7773  -0.0696  18.3034  31.8124
  0.7832  -0.0700  18.0907  31.7857
  0.7892  -0.0701  17.8931  31.7734
  0.7955  -0.0699  17.7243  31.7992
  0.8014  -0.0696  17.5104  31.7729
  0.8075  -0.0691  17.2953  31.7476
  0.8135  -0.0685  17.0802  31.7248
  0.8197  -0.0678  16.8651  31.7046
  0.8258  -0.0670  16.6501  31.6866
  0.8320  -0.0660  16.4340  31.6699
  0.8382  -0.0650  16.2205  31.6543
  0.8445  -0.0639  16.0028  31.6372
  0.8508  -0.0627  15.7849  31.6207
  0.8571  -0.0615  15.5614  31.6014
  0.8635  -0.0603  15.3401  31.5831
  0.8699  -0.0590  15.1161  31.5640
  0.8763  -0.0576  14.8911  31.5444
  0.8828  -0.0563  14.6886  31.5512
  0.8891  -0.0550  14.4376  31.5034
  0.8956  -0.0537  14.2103  31.4821
  0.9021  -0.0524  13.9798  31.4596
  0.9085  -0.0511  13.7492  31.4366
  0.9150  -0.0498  13.5178  31.4128
  0.9215  -0.0485  13.2856  31.3881
  0.9280  -0.0473  13.0527  31.3626
  0.9344  -0.0462  12.8191  31.3361
  0.9408  -0.0451  12.5849  31.3087
  0.9472  -0.0441  12.3502  31.2802
  0.9536  -0.0432  12.1151  31.2506
  0.9599  -0.0424  11.8796  31.2199
  0.9662  -0.0417  11.6439  31.1880
  0.9724  -0.0412  11.4080  31.1548
  0.9785  -0.0408  11.1719  31.1202
  0.9846  -0.0407  10.9358  31.0842
  0.9906  -0.0407  10.6997  31.0467
  0.9966  -0.0411  10.4638  31.0076
  1.0024  -0.0417  10.2279  30.9668
  1.0081  -0.0427   9.9924  30.9243
  1.0138  -0.0441   9.7571  30.8798
  1.0193  -0.0460   9.5221  30.8334
  1.0247  -0.0485   9.2875  30.7849
  1.0300  -0.0516   9.0534  30.7342
  1.0352  -0.0554   8.8198  30.6811
  1.0403  -0.0601   8.5868  30.6256
  1.0452  -0.0658   8.3543  30.5675
  1.0501  -0.0727   8.1224  30.5067
  1.0548  -0.0809   7.8911  30.4430
  1.0593  -0.0907   7.6605  30.3764
  1.0638  -0.1023   7.4305  30.3066
  1.0682  -0.1160   7.2012  30.2334
  1.0725  -0.1321   6.9725  30.1569
  1.0767  -0.1511   6.7445  30.0767
  1.0809  -0.1733   6.5171  29.9928
  1.0851  -0.1993   6.2903  29.9050
  1.0893  -0.2298   6.0641  29.8131
  0.0000   0.0000   0.0000   0.0000
  0.2622   0.4340  -1.8307  -2.1547
  0.2562   0.3174  -1.8378  -1.6265
  0.2484   0.2332  -1.8252  -1.2362
  0.2395   0.1725  -1.7984  -0.9465
  0.2299   0.1287  -1.7617  -0.7308
  0.2199   0.0971  -1.7179  -0.5695
  0.2097   0.0741  -1.6695  -0.4485
  0.1994   0.0574  -1.6181  -0.3573
  0.1891   0.0452  -1.5650  -0.2882
  0.1789   0.0362  -1.5109  -0.2356
  0.1689   0.0295  -1.4567  -0.1953
  0.1590   0.0245  -1.4027  -0.1641
  0.1492   0.0207  -1.3493  -0.1399
  0.1397   0.0178  -1.2967  -0.1208
  0.1304   0.0154  -1.2452  -0.1057
  0.1213   0.0136  -1.1948  -0.0935
  0.1125   0.0121  -1.1457  -0.0835
  0.1038   0.0108  -1.0977  -0.0752
  0.0954   0.0097  -1.0511  -0.0683
  0.0872   0.0087  -1.0057  -0.0624
  0.0792   0.0079  -0.9616  -0.0573
  0.0715   0.0071  -0.9187  -0.0528
  0.0639   0.0064  -0.8771  -0.0488
  0.0566   0.0057  -0.8367  -0.0453
  0.0495   0.0051  -0.7975  -0.0420
  0.0426   0.0045  -0.7594  -0.0391
  0.0359   0.0040  -0.7225  -0.0364
  0.0295   0.0035  -0.6867  -0.0338
  0.0232   0.0030  -0.6520  -0.0315
  0.0172   0.0025  -0.6183  -0.0293
  0.0114   0.0020  -0.5856  -0.0272
  0.0058   0.0016  -0.5538  -0.0253
  0.0004   0.0012  -0.5231  -0.0234
 -0.0048   0.0008  -0.4932  -0.0217
 -0.0098   0.0004  -0.4643  -0.0201
 -0.0146   0.0000  -0.4362  -0.0185
 -0.0192  -0.0003  -0.4090  -0.0170
 -0.0236  -0.0007  -0.3825  -0.0156
 -0.0278  -0.0010  -0.3569  -0.0142
 -0.0317  -0.0013  -0.3320  -0.0130
 -0.0355  -0.0016  -0.3079  -0.0117
 -0.0391  -0.0018  -0.2844  -0.0106
 -0.0424  -0.0021  -0.2617  -0.0095
 -0.0456  -0.0024  -0.2396  -0.0084
 -0.0485  -0.0026  -0.2182  -0.0074
 -0.0512  -0.0028  -0.1974  -0.0064
 -0.0538  -0.0030  -0.1772  -0.0055
 -0.0561  -0.0032  -0.1575  -0.0046
 -0.0582  -0.0034  -0.1385  -0.0037
 -0.0601  -0.0035  -0.1200  -0.0029
 -0.0618  -0.0037  -0.1020  -0.0021
 -0.0633  -0.0038  -0.0845  -0.0014
 -0.0646  -0.0040  -0.0675  -0.0007
 -0.0657  -0.0041  -0.0510   0.0000
 -0.0666  -0.0042  -0.0349   0.0007
 -0.0672  -0.0043  -0.0193   0.0013
 -0.0676  -0.0043  -0.0041   0.0019
 -0.0678  -0.0044   0.0107   0.0025
 -0.0678  -0.0044   0.0251   0.0031
 -0.0676  -0.0045   0.0392   0.0036
 -0.0672  -0.0045   0.0528   0.0041
 -0.0665  -0.0045   0.0662   0.0046
 -0.0656  -0.0045   0.0792   0.0051
 -0.0645  -0.0045   0.0919   0.0055
 -0.0631  -0.0045   0.1042   0.0060
 -0.0615  -0.0045   0.1163   0.0064
 -0.0597  -0.0044   0.1281   0.0068
 -0.0576  -0.0044   0.1397   0.0072
 -0.0553  -0.0043   0.1510   0.0075
 -0.0527  -0.0042   0.1621   0.0079
 -0.0499  -0.0041   0.1729   0.0082
 -0.0468  -0.0040   0.1835   0.0086
 -0.0435  -0.0039   0.1939   0.0089
 -0.0399  -0.0037   0.2041   0.0092
 -0.0361  -0.0036   0.2142   0.0095
 -0.0319  -0.0034   0.2240   0.0097
 -0.0276  -0.0032   0.2338   0.0100
 -0.0229  -0.0031   0.2433   0.0102
 -0.0179  -0.0029   0.2528   0.0105
 -0.0127  -0.0026   0.2621   0.0107
 -0.0071  -0.0024   0.2713   0.0109
 -0.0013  -0.0021   0.2804   0.0111
  0.0048  -0.0019   0.2894   0.0113
  0.0113  -0.0016   0.2983   0.0115
  0.0181  -0.0013   0.3072   0.0117
  0.0251  -0.0010   0.3160   0.0119
  0.0326  -0.0007   0.3247   0.0120
  0.0403  -0.0003   0.3334   0.0122
  0.0484   0.0000   0.3421   0.0123
  0.0568   0.0004   0.3508   0.0125
  0.0656   0.0007   0.3595   0.0126
  0.0748   0.0011   0.3682   0.0128
  0.0843   0.0015   0.3769   0.0130
  0.0942   0.0019   0.3856   0.0131
  0.1045   0.0023   0.3944   0.0133
  0.1151   0.0026   0.4033   0.0135
  0.1262   0.0030   0.4122   0.0138
  0.1377   0.0033   0.4212   0.0141
  0.1496   0.0035   0.4303   0.0145
  0.1619   0.0036   0.4395   0.0150
  0.1747   0.0036   0.4488   0.0158
  0.1879   0.0034   0.4582   0.0167
  0.2015   0.0029   0.4679   0.0180
  0.2156   0.0021   0.4777   0.0197
  0.2302   0.0007   0.4877   0.0220
  0.2452  -0.0013   0.4979   0.0251
  0.2607  -0.0043   0.5084   0.0293
  0.2767  -0.0085   0.5192   0.0351
  0.2932  -0.0144   0.5303   0.0429
  0.3101  -0.0227   0.5418   0.0535
  0.3275  -0.0340   0.5538   0.0680
  0.3453  -0.0495   0.5663   0.0876
  0.3635  -0.0707   0.5795   0.1142
  0.3820  -0.0995   0.5936   0.1503
  0.4009  -0.1384   0.6086   0.1993
  0.4199  -0.1910   0.6249   0.2658
  0.4390  -0.2620   0.6429   0.3558
  0.4581  -0.3574   0.6630   0.4778
  0.4767  -0.4856   0.6857   0.6428
  0.0543  -0.0042  -0.0694  -0.0142
  0.0543  -0.0042  -0.0683  -0.0141
  0.0000   0.0000   0.0000   0.0000
-18.3726  25.4550   1.2010  -0.5147
-18.7545  25.3580   1.1636  -0.4440
-19.1370  25.2546   1.1275  -0.3842
-19.5201  25.1449   1.0928  -0.3336
-19.9037  25.0289   1.0592  -0.2910
-20.2877  24.9068   1.0268  -0.2550
-20.6719  24.7786   0.9952  -0.2247
-21.0564  24.6444   0.9646  -0.1993
-21.4408  24.5044   0.9347  -0.1780
-21.8252  24.3587   0.9055  -0.1603
-22.2094  24.2073   0.8770  -0.1455
-22.5932  24.0503   0.8490  -0.1333
-22.9764  23.8881   0.8215  -0.1233
-23.3588  23.7206   0.7945  -0.1150
-23.7403  23.5481   0.7678  -0.1084
-24.1206  23.3707   0.7416  -0.1030
-24.4995  23.1886   0.7156  -0.0988
-24.8766  23.0020   0.6899  -0.0955
-25.2517  22.8111   0.6644  -0.0930
-25.6245  22.6162   0.6391  -0.0912
-25.9946  22.4175   0.6140  -0.0899
-26.3615  22.2153   0.5890  -0.0890
-26.7247  22.0099   0.5640  -0.0886
-27.0837  21.8017   0.5391  -0.0884
-27.4378  21.5910   0.5142  -0.0885
-27.7864  21.3782   0.4893  -0.0888
-28.1285  21.1638   0.4643  -0.0893
-28.4631  20.9483   0.4393  -0.0898
-28.7892  20.7323   0.4141  -0.0904
-29.1055  20.5164   0.3888  -0.0911
-29.4106  20.3014   0.3633  -0.0918
-29.7030  20.0879   0.3376  -0.0925
-29.9811  19.8767   0.3116  -0.0932
-30.2433  19.6687   0.2854  -0.0939
-30.4883  19.4645   0.2589  -0.0945
-30.7148  19.2647   0.2320  -0.0951
-30.9221  19.0697   0.2048  -0.0956
-31.1099  18.8799   0.1770  -0.0960
-31.2785  18.6951   0.1488  -0.0964
-31.4286  18.5153   0.1200  -0.0967
-31.5616  18.3399   0.0905  -0.0970
-31.6787  18.1685   0.0603  -0.0972
-31.7817  18.0005   0.0292  -0.0973
-31.8721  17.8353  -0.0026  -0.0974
-31.9516  17.6723  -0.0355  -0.0974
-32.0215  17.5111  -0.0693  -0.0973
-32.0832  17.3510  -0.1042  -0.0972
-32.1378  17.1917  -0.1403  -0.0971
-32.1862  17.0329  -0.1775  -0.0969
-32.2293  16.8741  -0.2160  -0.0966
-32.2678  16.7152  -0.2557  -0.0963
-32.3024  16.5558  -0.2968  -0.0960
-32.3335  16.3958  -0.3393  -0.0956
-32.3616  16.2350  -0.3831  -0.0952
-32.3870  16.0733  -0.4284  -0.0947
-32.4101  15.9105  -0.4752  -0.0941
-32.4312  15.7464  -0.5235  -0.0935
-32.4504  15.5810  -0.5733  -0.0928
-32.4680  15.4141  -0.6246  -0.0920
-32.4842  15.2456  -0.6775  -0.0910
-32.4991  15.0754  -0.7320  -0.0899
-32.5128  14.9035  -0.7881  -0.0887
-32.5255  14.7297  -0.8459  -0.0872
-32.5373  14.5538  -0.9052  -0.0854
-32.5482  14.3759  -0.9661  -0.0833
-32.5583  14.1958  -1.0287  -0.0807
-32.5677  14.0133  -1.0930  -0.0777
-32.5765  13.8285  -1.1588  -0.0741
-32.5847  13.6410  -1.2263  -0.0698
-32.5924  13.4510  -1.2954  -0.0645
-32.5995  13.2581  -1.3661  -0.0583
-32.6063  13.0623  -1.4384  -0.0507
-32.6125  12.8635  -1.5123  -0.0417
-32.6184  12.6615  -1.5877  -0.0308
-32.6240  12.4561  -1.6646  -0.0178
-32.6292  12.2473  -1.7431  -0.0021
-32.6341  12.0347  -1.8230   0.0166
-32.6387  11.8184  -1.9043   0.0390
-32.6431  11.5981  -1.9870   0.0659
  0.0000   0.0000   0.0000   0.0000
  3.3977  -5.2811  -8.4762  -1.0589
  3.2904  -3.8341  -7.9715  -0.8012
  3.1616  -2.7465  -7.4990  -0.6030
  3.0201  -1.9405  -7.0541  -0.4500
  2.8707  -1.3476  -6.6331  -0.3317
  2.7170  -0.9135  -6.2332  -0.2398
  2.5612  -0.5969  -5.8521  -0.1684
  2.4051  -0.3672  -5.4880  -0.1128
  2.2499  -0.2017  -5.1393  -0.0693
  2.0968  -0.0838  -4.8049  -0.0354
  1.9464  -0.0012  -4.4838  -0.0090
  1.7991   0.0552  -4.1751   0.0116
  1.6553   0.0922  -3.8781   0.0276
  1.5152   0.1149  -3.5922   0.0398
  1.3789   0.1270  -3.3168   0.0491
  1.2466   0.1315  -3.0513   0.0561
  1.1182   0.1303  -2.7954   0.0612
  0.9938   0.1251  -2.5485   0.0647
  0.8732   0.1172  -2.3104   0.0670
  0.7564   0.1074  -2.0805   0.0684
  0.6435   0.0963  -1.8587   0.0690
  0.5342   0.0845  -1.6446   0.0690
  0.4286   0.0724  -1.4378   0.0685
  0.3266   0.0602  -1.2382   0.0677
  0.2280   0.0482  -1.0453   0.0666
  0.1329   0.0365  -0.8590   0.0653
  0.0412   0.0252  -0.6791   0.0639
 -0.0472   0.0143  -0.5052   0.0624
 -0.1324   0.0040  -0.3372   0.0609
 -0.2145  -0.0058  -0.1750   0.0595
 -0.2934  -0.0149  -0.0182   0.0582
 -0.3693  -0.0235   0.1333   0.0569
 -0.4422  -0.0314   0.2797   0.0558
 -0.5121  -0.0387   0.4210   0.0549
 -0.5792  -0.0455   0.5576   0.0541
 -0.6434  -0.0516   0.6894   0.0536
 -0.7048  -0.0571   0.8167   0.0532
 -0.7635  -0.0621   0.9395   0.0531
 -0.8195  -0.0665   1.0580   0.0533
 -0.8727  -0.0704   1.1723   0.0536
 -0.9234  -0.0738   1.2824   0.0543
 -0.9714  -0.0766   1.3885   0.0551
 -1.0169  -0.0790   1.4906   0.0563
 -1.0598  -0.0809   1.5888   0.0576
 -1.1002  -0.0824   1.6832   0.0593
 -1.1380  -0.0834   1.7738   0.0612
 -1.1734  -0.0840   1.8606   0.0633
 -1.2063  -0.0842   1.9437   0.0657
 -1.2368  -0.0841   2.0231   0.0682
 -1.2648  -0.0835   2.0989   0.0710
 -1.2904  -0.0827   2.1710   0.0740
 -1.3136  -0.0815   2.2394   0.0772
 -1.3344  -0.0801   2.3043   0.0806
 -1.3527  -0.0783   2.3655   0.0841
 -1.3687  -0.0763   2.4231   0.0877
 -1.3822  -0.0740   2.4770   0.0914
 -1.3933  -0.0715   2.5272   0.0953
 -1.4020  -0.0688   2.5737   0.0992
 -1.4083  -0.0659   2.6165   0.1032
 -1.4121  -0.0628   2.6555   0.1072
 -1.4135  -0.0595   2.6907   0.1112
 -1.4124  -0.0561   2.7221   0.1151
 -1.4088  -0.0526   2.7495   0.1191
 -1.4028  -0.0489   2.7730   0.1229
 -1.3942  -0.0452   2.7924   0.1267
 -1.3831  -0.0413   2.8078   0.1303
 -1.3694  -0.0374   2.8190   0.1338
 -1.3531  -0.0333   2.8260   0.1371
 -1.3343  -0.0293   2.8288   0.1402
 -1.3128  -0.0251   2.8271   0.1430
 -1.2886  -0.0210   2.8210   0.1457
 -1.2617  -0.0168   2.8104   0.1480
 -1.2320  -0.0126   2.7952   0.1501
 -1.1996  -0.0084   2.7752   0.1518
 -1.1644  -0.0042   2.7505   0.1532
 -1.1263  -0.0000   2.7209   0.1543
 -1.0853   0.0041   2.6864   0.1549
 -1.0414   0.0083   2.6468   0.1552
 -0.9945   0.0124   2.6020   0.1551
 -0.9446   0.0165   2.5519   0.1545
 -0.8915   0.0205   2.4964   0.1535
 -0.8354   0.0245   2.4355   0.1520
 -0.7760   0.0285   2.3690   0.1501
 -0.7134   0.0324   2.2968   0.1476
 -0.6476   0.0362   2.2187   0.1447
 -0.5783   0.0400   2.1348   0.1412
 -0.5057   0.0437   2.0448   0.1371
 -0.4295   0.0474   1.9486   0.1325
 -0.3498   0.0510   1.8461   0.1273
 -0.2666   0.0545   1.7373   0.1215
 -0.1796   0.0579   1.6219   0.1151
 -0.0889   0.0613   1.4999   0.1080
  0.0056   0.0645   1.3710   0.1002
  0.1040   0.0677   1.2353   0.0917
  0.2063   0.0709   1.0925   0.0824
  0.3127   0.0739   0.9425   0.0722
  0.4232   0.0769   0.7853   0.0611
  0.5379   0.0798   0.6206   0.0490
  0.6569   0.0827   0.4483   0.0356
  0.7802   0.0855   0.2684   0.0209
  0.9079   0.0882   0.0807   0.0045
  1.0402   0.0910  -0.1149  -0.0137
  1.1771   0.0939  -0.3185  -0.0344
  1.3187   0.0968  -0.5300  -0.0580
  1.4652   0.1000  -0.7496  -0.0854
  1.6165   0.1035  -0.9771  -0.1176
  1.7728   0.1075  -1.2125  -0.1562
  1.9342   0.1123  -1.4555  -0.2032
  2.1008   0.1181  -1.7056  -0.2614
  2.2726   0.1254  -1.9624  -0.3349
  2.4499   0.1349  -2.2248  -0.4290
  2.6326   0.1473  -2.4916  -0.5514
  2.8210   0.1638  -2.7607  -0.7128
  3.0151   0.1860  -3.0294  -0.9278
  3.2150   0.2157  -3.2939  -1.2175
  3.4209   0.2559  -3.5485  -1.6109
  3.6329   0.3103  -3.7856  -2.1491
  3.8513   0.3838  -3.9944  -2.8898
  0.0000   0.0000   0.0000   0.0000
