  0.0000   0.2565  -0.1200
  0.0000   0.2565  -0.1200
  0.0000   0.2565  -0.1200
  0.0000   0.2565  -0.1201
  0.0000   0.2565  -0.1202
  0.0001   0.2565  -0.1204
  0.0001   0.2566  -0.1206
  0.0001   0.2566  -0.1209
  0.0002   0.2566  -0.1212
  0.0002   0.2566  -0.1216
  0.0003   0.2567  -0.1220
  0.0003   0.2567  -0.1224
  0.0004   0.2568  -0.1229
  0.0005   0.2568  -0.1234
  0.0006   0.2569  -0.1239
  0.0007   0.2569  -0.1245
  0.0008   0.2570  -0.1252
  0.0009   0.2570  -0.1258
  0.0010   0.2571  -0.1265
  0.0011   0.2572  -0.1272
  0.0012   0.2572  -0.1280
  0.0013   0.2573  -0.1288
  0.0014   0.2574  -0.1296
  0.0016   0.2575  -0.1304
  0.0017   0.2576  -0.1313
  0.0018   0.2577  -0.1321
  0.0020   0.2578  -0.1330
  0.0021   0.2578  -0.1340
  0.0023   0.2579  -0.1349
  0.0025   0.2580  -0.1359
  0.0026   0.2581  -0.1369
  0.0028   0.2583  -0.1379
  0.0030   0.2584  -0.1389
  0.0032   0.2585  -0.1399
  0.0034   0.2586  -0.1410
  0.0035   0.2587  -0.1420
  0.0037   0.2588  -0.1431
  0.0039   0.2590  -0.1442
  0.0041   0.2591  -0.1453
  0.0044   0.2592  -0.1464
  0.0046   0.2593  -0.1475
  0.0048   0.2595  -0.1486
  0.0050   0.2596  -0.1497
  0.0052   0.2597  -0.1508
  0.0055   0.2599  -0.1520
  0.0057   0.2600  -0.1531
  0.0059   0.2602  -0.1542
  0.0062   0.2603  -0.1554
  0.0064   0.2605  -0.1565
  0.0067   0.2606  -0.1576
  0.0069   0.2608  -0.1588
  0.0072   0.2609  -0.1599
  0.0074   0.2611  -0.1610
  0.0077   0.2612  -0.1622
  0.0079   0.2614  -0.1633
  0.0082   0.2615  -0.1644
  0.0085   0.2617  -0.1655
  0.0087   0.2619  -0.1666
  0.0090   0.2620  -0.1677
  0.0093   0.2622  -0.1687
  0.0096   0.2624  -0.1698
  0.0099   0.2625  -0.1708
  0.0102   0.2627  -0.1719
  0.0104   0.2629  -0.1729
  0.0107   0.2631  -0.1739
  0.0110   0.2632  -0.1749
  0.0113   0.2634  -0.1759
  0.0116   0.2636  -0.1768
  0.0119   0.2638  -0.1778
  0.0122   0.2640  -0.1787
  0.0125   0.2641  -0.1796
  0.0128   0.2643  -0.1805
  0.0132   0.2645  -0.1814
  0.0135   0.2647  -0.1823
  0.0138   0.2649  -0.1831
  0.0141   0.2651  -0.1839
  0.0144   0.2653  -0.1848
  0.0147   0.2655  -0.1855
  0.0151   0.2657  -0.1863
  0.0154   0.2659  -0.1871
  0.0157   0.2661  -0.1878
  0.0161   0.2663  -0.1885
  0.0164   0.2665  -0.1892
  0.0167   0.2667  -0.1899
  0.0171   0.2669  -0.1905
  0.0174   0.2671  -0.1911
  0.0177   0.2673  -0.1917
  0.0181   0.2675  -0.1923
  0.0184   0.2677  -0.1928
  0.0188   0.2679  -0.1934
  0.0191   0.2681  -0.1939
  0.0195   0.2683  -0.1944
  0.0198   0.2686  -0.1948
  0.0202   0.2688  -0.1952
  0.0205   0.2690  -0.1957
  0.0209   0.2692  -0.1960
  0.0212   0.2694  -0.1964
  0.0216   0.2697  -0.1967
  0.0219   0.2699  -0.1970
  0.0223   0.2701  -0.1973
  0.0226   0.2703  -0.1975
  0.0230   0.2706  -0.1977
  0.0234   0.2708  -0.1979
  0.0237   0.2710  -0.1981
  0.0241   0.2712  -0.1982
  0.0245   0.2715  -0.1983
  0.0248   0.2717  -0.1983
  0.0252   0.2719  -0.1983
  0.0256   0.2722  -0.1983
  0.0260   0.2724  -0.1983
  0.0263   0.2726  -0.1982
  0.0267   0.2728  -0.1981
  0.0271   0.2731  -0.1979
  0.0275   0.2733  -0.1978
  0.0278   0.2736  -0.1975
  0.0282   0.2738  -0.1973
  0.0286   0.2740  -0.1970
  0.0290   0.2743  -0.1967
  0.0294   0.2745  -0.1963
  0.0297   0.2747  -0.1959
  0.0297   0.2747  -0.1959
  0.0301   0.2750  -0.1954
  0.0305   0.2752  -0.1950
  0.0309   0.2754  -0.1945
  0.0313   0.2757  -0.1941
  0.0317   0.2759  -0.1936
  0.0321   0.2761  -0.1932
  0.0325   0.2763  -0.1927
  0.0330   0.2765  -0.1923
  0.0334   0.2768  -0.1918
  0.0338   0.2770  -0.1914
  0.0342   0.2772  -0.1910
  0.0347   0.2774  -0.1905
  0.0351   0.2776  -0.1901
  0.0356   0.2778  -0.1897
  0.0360   0.2780  -0.1893
  0.0365   0.2782  -0.1889
  0.0370   0.2784  -0.1884
  0.0374   0.2786  -0.1880
  0.0379   0.2788  -0.1876
  0.0384   0.2790  -0.1873
  0.0389   0.2792  -0.1869
  0.0394   0.2794  -0.1865
  0.0399   0.2795  -0.1861
  0.0404   0.2797  -0.1857
  0.0409   0.2799  -0.1854
  0.0414   0.2801  -0.1850
  0.0419   0.2803  -0.1846
  0.0424   0.2805  -0.1843
  0.0429   0.2807  -0.1839
  0.0435   0.2808  -0.1836
  0.0440   0.2810  -0.1833
  0.0446   0.2812  -0.1829
  0.0451   0.2814  -0.1826
  0.0457   0.2816  -0.1822
  0.0462   0.2817  -0.1819
  0.0468   0.2819  -0.1816
  0.0473   0.2821  -0.1813
  0.0479   0.2823  -0.1809
  0.0485   0.2824  -0.1806
  0.0491   0.2826  -0.1803
  0.0497   0.2828  -0.1800
  0.0503   0.2830  -0.1796
  0.0509   0.2831  -0.1793
  0.0515   0.2833  -0.1790
  0.0521   0.2835  -0.1787
  0.0527   0.2837  -0.1784
  0.0533   0.2839  -0.1781
  0.0539   0.2840  -0.1777
  0.0545   0.2842  -0.1774
  0.0552   0.2844  -0.1771
  0.0558   0.2846  -0.1768
  0.0565   0.2847  -0.1764
  0.0571   0.2849  -0.1761
  0.0578   0.2851  -0.1758
  0.0584   0.2853  -0.1755
  0.0591   0.2855  -0.1751
  0.0598   0.2856  -0.1748
  0.0604   0.2858  -0.1744
  0.0611   0.2860  -0.1741
  0.0618   0.2862  -0.1737
  0.0625   0.2864  -0.1734
  0.0632   0.2866  -0.1730
  0.0639   0.2867  -0.1727
  0.0646   0.2869  -0.1723
  0.0653   0.2871  -0.1719
  0.0660   0.2873  -0.1716
  0.0668   0.2875  -0.1712
  0.0675   0.2877  -0.1708
  0.0682   0.2879  -0.1704
  0.0690   0.2881  -0.1700
  0.0697   0.2883  -0.1696
  0.0704   0.2885  -0.1692
  0.0712   0.2887  -0.1688
  0.0720   0.2889  -0.1683
  0.0727   0.2891  -0.1679
  0.0735   0.2893  -0.1674
  0.0743   0.2895  -0.1670
  0.0750   0.2897  -0.1665
  0.0758   0.2899  -0.1661
  0.0766   0.2901  -0.1656
  0.0774   0.2903  -0.1651
  0.0782   0.2906  -0.1646
  0.0790   0.2908  -0.1641
  0.0798   0.2910  -0.1635
  0.0807   0.2912  -0.1630
  0.0815   0.2915  -0.1625
  0.0823   0.2917  -0.1619
  0.0831   0.2919  -0.1613
  0.0840   0.2922  -0.1607
  0.0848   0.2924  -0.1601
  0.0857   0.2927  -0.1595
  0.0865   0.2929  -0.1589
  0.0874   0.2932  -0.1583
  0.0883   0.2934  -0.1576
  0.0891   0.2937  -0.1570
  0.0900   0.2939  -0.1563
  0.0909   0.2942  -0.1556
  0.0918   0.2945  -0.1549
  0.0927   0.2947  -0.1542
  0.0000   0.2947  -0.1542
  0.0009   0.2950  -0.1535
  0.0018   0.2953  -0.1527
  0.0027   0.2955  -0.1520
  0.0036   0.2958  -0.1513
  0.0046   0.2961  -0.1505
  0.0055   0.2964  -0.1498
  0.0064   0.2967  -0.1490
  0.0074   0.2969  -0.1482
  0.0083   0.2972  -0.1475
  0.0093   0.2975  -0.1467
  0.0103   0.2978  -0.1459
  0.0112   0.2981  -0.1451
  0.0122   0.2984  -0.1443
  0.0132   0.2987  -0.1435
  0.0142   0.2989  -0.1427
  0.0152   0.2992  -0.1419
  0.0162   0.2995  -0.1411
  0.0172   0.2998  -0.1402
  0.0182   0.3001  -0.1394
  0.0192   0.3004  -0.1385
  0.0203   0.3007  -0.1376
  0.0213   0.3010  -0.1367
  0.0223   0.3013  -0.1358
  0.0234   0.3016  -0.1349
  0.0244   0.3019  -0.1340
  0.0255   0.3022  -0.1330
  0.0266   0.3025  -0.1321
  0.0276   0.3028  -0.1311
  0.0287   0.3031  -0.1301
  0.0298   0.3034  -0.1291
  0.0309   0.3037  -0.1280
  0.0320   0.3040  -0.1270
  0.0331   0.3043  -0.1259
  0.0342   0.3046  -0.1248
  0.0353   0.3049  -0.1237
  0.0364   0.3052  -0.1226
  0.0376   0.3055  -0.1214
  0.0387   0.3059  -0.1202
  0.0398   0.3062  -0.1190
  0.0410   0.3065  -0.1178
  0.0422   0.3068  -0.1166
  0.0433   0.3071  -0.1153
  0.0445   0.3074  -0.1140
  0.0457   0.3078  -0.1127
  0.0468   0.3081  -0.1114
  0.0480   0.3084  -0.1101
  0.0492   0.3087  -0.1087
  0.0504   0.3090  -0.1073
  0.0516   0.3094  -0.1059
  0.0528   0.3097  -0.1044
  0.0541   0.3100  -0.1029
  0.0553   0.3103  -0.1014
  0.0565   0.3107  -0.0999
  0.0578   0.3110  -0.0983
  0.0590   0.3113  -0.0967
  0.0603   0.3117  -0.0951
  0.0615   0.3120  -0.0935
  0.0628   0.3123  -0.0918
  0.0641   0.3127  -0.0901
  0.0653   0.3130  -0.0883
  0.0666   0.3134  -0.0865
  0.0679   0.3137  -0.0847
  0.0692   0.3141  -0.0829
  0.0705   0.3144  -0.0810
  0.0718   0.3148  -0.0791
  0.0732   0.3151  -0.0771
  0.0745   0.3155  -0.0751
  0.0758   0.3158  -0.0731
  0.0772   0.3162  -0.0710
  0.0785   0.3165  -0.0689
  0.0799   0.3169  -0.0668
  0.0812   0.3172  -0.0646
  0.0826   0.3176  -0.0624
  0.0840   0.3180  -0.0601
  0.0853   0.3184  -0.0578
  0.0867   0.3187  -0.0555
  0.0881   0.3191  -0.0531
  0.0895   0.3195  -0.0506
  0.0909   0.3199  -0.0481
  0.0909   0.3199  -0.0481
  0.0923   0.3202  -0.0456
  0.0937   0.3206  -0.0431
  0.0952   0.3210  -0.0406
  0.0966   0.3213  -0.0382
  0.0980   0.3216  -0.0357
  0.0994   0.3220  -0.0333
  0.1008   0.3223  -0.0308
  0.1022   0.3226  -0.0284
  0.1036   0.3229  -0.0259
  0.1050   0.3232  -0.0235
  0.1064   0.3234  -0.0210
  0.1078   0.3237  -0.0185
  0.1092   0.3240  -0.0161
  0.1106   0.3242  -0.0136
  0.1120   0.3244  -0.0111
  0.1134   0.3247  -0.0087
  0.1148   0.3249  -0.0062
  0.1162   0.3251  -0.0037
  0.1176   0.3253  -0.0012
  0.1190   0.3255   0.0013
  0.1205   0.3257   0.0038
  0.1219   0.3258   0.0063
  0.1233   0.3260   0.0088
  0.1247   0.3261   0.0113
  0.1261   0.3263   0.0138
  0.1275   0.3264   0.0163
  0.1289   0.3265   0.0188
  0.1303   0.3267   0.0213
  0.1317   0.3268   0.0238
  0.1331   0.3269   0.0263
  0.1345   0.3269   0.0288
  0.1359   0.3270   0.0313
  0.1373   0.3271   0.0338
  0.1387   0.3271   0.0362
  0.1401   0.3272   0.0387
  0.1415   0.3272   0.0412
  0.1429   0.3272   0.0437
  0.1443   0.3272   0.0462
  0.1457   0.3273   0.0487
  0.1471   0.3272   0.0512
  0.1485   0.3272   0.0536
  0.1499   0.3272   0.0561
  0.1513   0.3272   0.0586
  0.1527   0.3271   0.0611
  0.1541   0.3271   0.0635
  0.1555   0.3270   0.0660
  0.1569   0.3269   0.0684
  0.1583   0.3269   0.0709
  0.1597   0.3268   0.0734
  0.1611   0.3267   0.0758
  0.1625   0.3266   0.0782
  0.1639   0.3264   0.0807
  0.1653   0.3263   0.0831
  0.1667   0.3262   0.0855
  0.1681   0.3260   0.0880
  0.1695   0.3259   0.0904
  0.1709   0.3257   0.0928
  0.1723   0.3255   0.0952
  0.1737   0.3253   0.0976
  0.1751   0.3251   0.1000
  0.1765   0.3249   0.1024
  0.1779   0.3247   0.1048
  0.1793   0.3244   0.1072
  0.1807   0.3242   0.1096
  0.1821   0.3240   0.1119
  0.1835   0.3237   0.1143
  0.1849   0.3234   0.1167
  0.1863   0.3231   0.1190
  0.1877   0.3229   0.1214
  0.1891   0.3226   0.1238
  0.1905   0.3222   0.1261
  0.1919   0.3219   0.1284
  0.1933   0.3216   0.1308
  0.1947   0.3213   0.1331
  0.1961   0.3209   0.1354
  0.1975   0.3205   0.1378
  0.1989   0.3202   0.1401
  0.2004   0.3198   0.1424
  0.2018   0.3194   0.1447
  0.2032   0.3190   0.1470
  0.2046   0.3186   0.1493
  0.2060   0.3182   0.1516
  0.2074   0.3177   0.1539
  0.2088   0.3173   0.1562
  0.2102   0.3169   0.1585
  0.2116   0.3164   0.1607
  0.2130   0.3159   0.1630
  0.2144   0.3154   0.1653
  0.2158   0.3150   0.1675
  0.2173   0.3145   0.1698
  0.2187   0.3139   0.1721
  0.2201   0.3134   0.1743
  0.2215   0.3129   0.1766
  0.2229   0.3123   0.1788
  0.2243   0.3118   0.1810
  0.2257   0.3112   0.1833
  0.2271   0.3107   0.1855
  0.2285   0.3101   0.1877
  0.2300   0.3095   0.1900
  0.2314   0.3089   0.1922
  0.2328   0.3083   0.1944
  0.2342   0.3076   0.1967
  0.2356   0.3070   0.1989
  0.2370   0.3064   0.2011
  0.2384   0.3057   0.2033
  0.2398   0.3050   0.2055
  0.2413   0.3044   0.2077
  0.2427   0.3037   0.2100
  0.2441   0.3030   0.2122
  0.2455   0.3023   0.2144
  0.2469   0.3016   0.2166
  0.2483   0.3009   0.2188
  0.2498   0.3001   0.2210
  0.2512   0.2994   0.2233
  0.2526   0.2986   0.2255
  0.2540   0.2978   0.2277
  0.2554   0.2971   0.2300
  0.2554   0.2971   0.2300
  0.2568   0.2963   0.2323
  0.2582   0.2955   0.2345
  0.2597   0.2947   0.2366
  0.2611   0.2940   0.2386
  0.2625   0.2933   0.2405
  0.2639   0.2925   0.2423
  0.2653   0.2918   0.2440
  0.2667   0.2911   0.2456
  0.2681   0.2905   0.2472
  0.2695   0.2898   0.2486
  0.2709   0.2892   0.2500
  0.2724   0.2885   0.2512
  0.2738   0.2879   0.2524
  0.2752   0.2873   0.2535
  0.2766   0.2867   0.2545
  0.2780   0.2862   0.2554
  0.2794   0.2856   0.2562
  0.2808   0.2851   0.2570
  0.2822   0.2846   0.2576
  0.2836   0.2841   0.2582
  0.2850   0.2836   0.2587
  0.2864   0.2831   0.2591
  0.2878   0.2827   0.2595
  0.2892   0.2822   0.2597
  0.2906   0.2818   0.2599
  0.2920   0.2814   0.2600
  0.2934   0.2810   0.2600
  0.2948   0.2807   0.2599
  0.2962   0.2803   0.2598
  0.2977   0.2800   0.2596
  0.2991   0.2797   0.2593
  0.3005   0.2794   0.2589
  0.3019   0.2791   0.2585
  0.3033   0.2788   0.2580
  0.3047   0.2786   0.2575
  0.3061   0.2784   0.2568
  0.3075   0.2782   0.2561
  0.3089   0.2780   0.2553
  0.3103   0.2778   0.2545
  0.3117   0.2777   0.2536
  0.3131   0.2776   0.2526
  0.3145   0.2775   0.2516
  0.3159   0.2774   0.2505
  0.3173   0.2773   0.2494
  0.3188   0.2773   0.2481
  0.3202   0.2773   0.2469
  0.3216   0.2773   0.2455
  0.3230   0.2773   0.2441
  0.3244   0.2773   0.2426
  0.3258   0.2774   0.2411
  0.3273   0.2775   0.2395
  0.3287   0.2776   0.2378
  0.3301   0.2777   0.2361
  0.3315   0.2778   0.2343
  0.3330   0.2780   0.2325
  0.3344   0.2782   0.2306
  0.3358   0.2784   0.2286
  0.3373   0.2786   0.2266
  0.3387   0.2788   0.2245
  0.3402   0.2791   0.2224
  0.3416   0.2794   0.2202
  0.3431   0.2797   0.2179
  0.3445   0.2800   0.2156
  0.3460   0.2804   0.2132
  0.3475   0.2807   0.2108
  0.3489   0.2811   0.2083
  0.3504   0.2815   0.2058
  0.3519   0.2820   0.2032
  0.3534   0.2824   0.2005
  0.3548   0.2829   0.1978
  0.3563   0.2834   0.1950
  0.3578   0.2839   0.1922
  0.3593   0.2845   0.1893
  0.3608   0.2850   0.1863
  0.3624   0.2856   0.1833
  0.3639   0.2862   0.1803
  0.3654   0.2868   0.1771
  0.3669   0.2875   0.1740
  0.3685   0.2882   0.1707
  0.3685   0.2882   0.1707
  0.3700   0.2888   0.1674
  0.3715   0.2895   0.1643
  0.3731   0.2902   0.1612
  0.3746   0.2909   0.1582
  0.3761   0.2915   0.1553
  0.3776   0.2921   0.1525
  0.3792   0.2928   0.1497
  0.3807   0.2934   0.1469
  0.3822   0.2940   0.1443
  0.3837   0.2946   0.1416
  0.3852   0.2952   0.1391
  0.3867   0.2958   0.1365
  0.3882   0.2963   0.1340
  0.3897   0.2969   0.1315
  0.3912   0.2975   0.1291
  0.3927   0.2980   0.1266
  0.3942   0.2985   0.1242
  0.3957   0.2991   0.1218
  0.3972   0.2996   0.1194
  0.3987   0.3001   0.1171
  0.4001   0.3006   0.1147
  0.4016   0.3011   0.1124
  0.4031   0.3016   0.1100
  0.4046   0.3020   0.1077
  0.4061   0.3025   0.1054
  0.4076   0.3029   0.1030
  0.4090   0.3034   0.1007
  0.4105   0.3038   0.0984
  0.4120   0.3042   0.0960
  0.4135   0.3046   0.0937
  0.4149   0.3050   0.0913
  0.4164   0.3054   0.0889
  0.4179   0.3057   0.0865
  0.4193   0.3061   0.0842
  0.4208   0.3064   0.0817
  0.4223   0.3068   0.0793
  0.4237   0.3071   0.0769
  0.4252   0.3074   0.0744
  0.4267   0.3077   0.0719
  0.4281   0.3080   0.0694
  0.4296   0.3083   0.0669
  0.4311   0.3086   0.0644
  0.4325   0.3088   0.0619
  0.4340   0.3091   0.0593
  0.4355   0.3093   0.0567
  0.4369   0.3095   0.0541
  0.4384   0.3098   0.0514
  0.4399   0.3100   0.0488
  0.4413   0.3102   0.0461
  0.4428   0.3103   0.0434
  0.4443   0.3105   0.0407
  0.4458   0.3107   0.0379
  0.4472   0.3108   0.0352
  0.4487   0.3110   0.0324
  0.4502   0.3111   0.0296
  0.4517   0.3112   0.0268
  0.4531   0.3114   0.0239
  0.4546   0.3115   0.0210
  0.4561   0.3116   0.0181
  0.4576   0.3116   0.0152
  0.4591   0.3117   0.0123
  0.4605   0.3118   0.0093
  0.4620   0.3119   0.0063
  0.4635   0.3119   0.0033
  0.4650   0.3119   0.0003
  0.4665   0.3120  -0.0027
  0.4680   0.3120  -0.0058
  0.4695   0.3120  -0.0088
  0.4710   0.3120  -0.0119
  0.4725   0.3120  -0.0151
  0.4740   0.3120  -0.0182
  0.4755   0.3120  -0.0213
  0.4770   0.3119  -0.0245
  0.4785   0.3119  -0.0277
  0.4800   0.3118  -0.0309
  0.4815   0.3118  -0.0341
  0.4830   0.3117  -0.0374
  0.4845   0.3116  -0.0406
  0.4860   0.3115  -0.0439
  0.4875   0.3114  -0.0472
  0.4890   0.3113  -0.0505
  0.4905   0.3112  -0.0538
  0.4921   0.3111  -0.0571
  0.4936   0.3110  -0.0605
  0.4951   0.3108  -0.0638
  0.4966   0.3107  -0.0672
  0.4981   0.3105  -0.0706
  0.4997   0.3104  -0.0740
  0.5012   0.3102  -0.0774
  0.5027   0.3100  -0.0808
  0.5042   0.3098  -0.0842
  0.5058   0.3096  -0.0877
  0.5073   0.3094  -0.0911
  0.5088   0.3091  -0.0946
  0.5103   0.3089  -0.0980
  0.5119   0.3087  -0.1015
  0.5134   0.3084  -0.1050
  0.5149   0.3081  -0.1084
  0.5165   0.3079  -0.1119
  0.5180   0.3076  -0.1154
  0.5195   0.3073  -0.1188
  0.5210   0.3070  -0.1223
  0.5226   0.3067  -0.1258
  0.5241   0.3063  -0.1293
  0.5256   0.3060  -0.1327
  0.5271   0.3057  -0.1362
  0.5287   0.3053  -0.1396
  0.5302   0.3049  -0.1431
  0.5317   0.3045  -0.1465
  0.5333   0.3042  -0.1499
  0.5348   0.3038  -0.1533
  0.5363   0.3033  -0.1567
  0.5378   0.3029  -0.1601
  0.5393   0.3025  -0.1635
  0.5409   0.3020  -0.1668
  0.5424   0.3016  -0.1701
  0.5439   0.3011  -0.1734
  0.5454   0.3006  -0.1767
  0.5454   0.3006  -0.1767
  0.5469   0.3001  -0.1800
  0.5485   0.2996  -0.1833
  0.5500   0.2992  -0.1864
  0.5515   0.2987  -0.1896
  0.5530   0.2982  -0.1927
  0.5545   0.2978  -0.1957
  0.5561   0.2974  -0.1987
  0.5576   0.2970  -0.2016
  0.5591   0.2966  -0.2045
  0.5606   0.2962  -0.2073
  0.5621   0.2958  -0.2101
  0.5636   0.2954  -0.2128
  0.5651   0.2950  -0.2154
  0.5666   0.2947  -0.2181
  0.5681   0.2944  -0.2206
  0.5696   0.2940  -0.2231
  0.5711   0.2937  -0.2256
  0.5726   0.2934  -0.2279
  0.5741   0.2931  -0.2303
  0.5756   0.2928  -0.2325
  0.5771   0.2925  -0.2347
  0.5786   0.2923  -0.2369
  0.5801   0.2920  -0.2390
  0.5816   0.2918  -0.2410
  0.5831   0.2915  -0.2430
  0.5846   0.2913  -0.2449
  0.5861   0.2911  -0.2467
  0.5876   0.2909  -0.2485
  0.5891   0.2907  -0.2502
  0.5906   0.2905  -0.2519
  0.5921   0.2904  -0.2535
  0.5936   0.2902  -0.2550
  0.5951   0.2900  -0.2564
  0.5966   0.2899  -0.2578
  0.5981   0.2898  -0.2591
  0.5996   0.2897  -0.2603
  0.6011   0.2895  -0.2615
  0.6026   0.2894  -0.2626
  0.6041   0.2894  -0.2636
  0.6056   0.2893  -0.2646
  0.6071   0.2892  -0.2655
  0.6086   0.2892  -0.2662
  0.6101   0.2891  -0.2670
  0.6116   0.2891  -0.2676
  0.6131   0.2890  -0.2682
  0.6146   0.2890  -0.2686
  0.6161   0.2890  -0.2690
  0.6176   0.2890  -0.2694
  0.6191   0.2890  -0.2696
  0.6206   0.2891  -0.2697
  0.6221   0.2891  -0.2698
  0.6236   0.2891  -0.2698
  0.6251   0.2892  -0.2696
  0.6266   0.2893  -0.2694
  0.6281   0.2893  -0.2691
  0.6296   0.2894  -0.2687
  0.6311   0.2895  -0.2682
  0.6326   0.2896  -0.2677
  0.6341   0.2897  -0.2670
  0.6357   0.2899  -0.2662
  0.6372   0.2900  -0.2653
  0.6387   0.2902  -0.2644
  0.6402   0.2903  -0.2633
  0.6417   0.2905  -0.2621
  0.6432   0.2907  -0.2608
  0.6447   0.2909  -0.2594
  0.6462   0.2911  -0.2579
  0.6477   0.2913  -0.2563
  0.6492   0.2915  -0.2546
  0.6507   0.2917  -0.2527
  0.6522   0.2920  -0.2508
  0.6538   0.2922  -0.2487
  0.6553   0.2925  -0.2466
  0.6568   0.2928  -0.2443
  0.6583   0.2931  -0.2418
  0.6598   0.2934  -0.2393
  0.6613   0.2937  -0.2367
  0.6628   0.2940  -0.2339
  0.6644   0.2943  -0.2310
  0.6644   0.2943  -0.2310
  0.6659   0.2947  -0.2279
  0.6674   0.2950  -0.2249
  0.6689   0.2953  -0.2219
  0.6704   0.2956  -0.2189
  0.6719   0.2959  -0.2158
  0.6734   0.2962  -0.2128
  0.6749   0.2965  -0.2097
  0.6765   0.2968  -0.2067
  0.6780   0.2970  -0.2036
  0.6795   0.2973  -0.2006
  0.6810   0.2975  -0.1975
  0.6825   0.2977  -0.1944
  0.6840   0.2980  -0.1913
  0.6855   0.2982  -0.1882
  0.6870   0.2984  -0.1851
  0.6885   0.2986  -0.1820
  0.6900   0.2987  -0.1788
  0.6915   0.2989  -0.1757
  0.6930   0.2991  -0.1725
  0.6945   0.2992  -0.1694
  0.6960   0.2994  -0.1662
  0.6975   0.2995  -0.1631
  0.6990   0.2996  -0.1599
  0.7005   0.2998  -0.1567
  0.7020   0.2999  -0.1535
  0.7035   0.3000  -0.1503
  0.7050   0.3001  -0.1471
  0.7065   0.3001  -0.1439
  0.7080   0.3002  -0.1407
  0.7095   0.3003  -0.1375
  0.7110   0.3003  -0.1343
  0.7125   0.3004  -0.1311
  0.7140   0.3004  -0.1278
  0.7155   0.3004  -0.1246
  0.7170   0.3004  -0.1214
  0.7185   0.3004  -0.1181
  0.7200   0.3004  -0.1149
  0.7215   0.3004  -0.1117
  0.7230   0.3004  -0.1084
  0.7245   0.3003  -0.1052
  0.7260   0.3003  -0.1019
  0.7275   0.3002  -0.0987
  0.7290   0.3001  -0.0954
  0.7305   0.3001  -0.0922
  0.7320   0.3000  -0.0889
  0.7335   0.2999  -0.0856
  0.7350   0.2998  -0.0824
  0.7364   0.2997  -0.0791
  0.7379   0.2995  -0.0759
  0.7394   0.2994  -0.0726
  0.7409   0.2993  -0.0693
  0.7424   0.2991  -0.0661
  0.7439   0.2989  -0.0628
  0.7454   0.2988  -0.0595
  0.7469   0.2986  -0.0563
  0.7484   0.2984  -0.0530
  0.7499   0.2982  -0.0497
  0.7514   0.2980  -0.0465
  0.7529   0.2978  -0.0432
  0.7544   0.2975  -0.0399
  0.7559   0.2973  -0.0366
  0.7574   0.2970  -0.0334
  0.7589   0.2968  -0.0301
  0.7604   0.2965  -0.0268
  0.7618   0.2962  -0.0236
  0.7633   0.2959  -0.0203
  0.7648   0.2956  -0.0171
  0.7663   0.2953  -0.0138
  0.7678   0.2950  -0.0105
  0.7693   0.2947  -0.0073
  0.7708   0.2943  -0.0040
  0.7723   0.2940  -0.0007
  0.7738   0.2936   0.0025
  0.7753   0.2932   0.0058
  0.7768   0.2928   0.0090
  0.7783   0.2925   0.0123
  0.7798   0.2921   0.0155
  0.7813   0.2916   0.0188
  0.7828   0.2912   0.0220
  0.7843   0.2908   0.0253
  0.7858   0.2904   0.0285
  0.7872   0.2899   0.0318
  0.7887   0.2894   0.0350
  0.7902   0.2890   0.0382
  0.7917   0.2885   0.0415
  0.7932   0.2880   0.0447
  0.7947   0.2875   0.0479
  0.7962   0.2870   0.0511
  0.7977   0.2865   0.0544
  0.7992   0.2859   0.0576
  0.8007   0.2854   0.0608
  0.8022   0.2849   0.0640
  0.8037   0.2843   0.0672
  0.8052   0.2837   0.0704
  0.8067   0.2831   0.0736
  0.8082   0.2826   0.0768
  0.8097   0.2820   0.0800
  0.8112   0.2813   0.0832
  0.8127   0.2807   0.0864
  0.8142   0.2801   0.0896
  0.8157   0.2795   0.0928
  0.8172   0.2788   0.0960
  0.8187   0.2781   0.0992
  0.8202   0.2775   0.1023
  0.8217   0.2768   0.1055
  0.8232   0.2761   0.1087
  0.8247   0.2754   0.1118
  0.8262   0.2747   0.1150
  0.8277   0.2740   0.1181
  0.8292   0.2732   0.1213
  0.8307   0.2725   0.1244
  0.8322   0.2717   0.1275
  0.8337   0.2710   0.1307
  0.8352   0.2702   0.1338
  0.8367   0.2694   0.1369
  0.8382   0.2686   0.1401
  0.8397   0.2678   0.1432
  0.8412   0.2670   0.1463
  0.8427   0.2662   0.1494
  0.8442   0.2653   0.1525
  0.8457   0.2645   0.1557
  0.8457   0.2645   0.1557
  0.8472   0.2636   0.1588
  0.8487   0.2628   0.1619
  0.8502   0.2620   0.1648
  0.8517   0.2612   0.1676
  0.8532   0.2604   0.1702
  0.8547   0.2596   0.1728
  0.8561   0.2589   0.1752
  0.8576   0.2582   0.1776
  0.8591   0.2575   0.1798
  0.8606   0.2568   0.1819
  0.8621   0.2561   0.1838
  0.8636   0.2555   0.1857
  0.8650   0.2548   0.1875
  0.8665   0.2542   0.1891
  0.8680   0.2536   0.1907
  0.8695   0.2531   0.1921
  0.8710   0.2525   0.1935
  0.8724   0.2520   0.1947
  0.8739   0.2515   0.1959
  0.8754   0.2510   0.1969
  0.8768   0.2506   0.1979
  0.8783   0.2501   0.1987
  0.8798   0.2497   0.1995
  0.8813   0.2493   0.2002
  0.8827   0.2489   0.2008
  0.8842   0.2486   0.2013
  0.8857   0.2483   0.2017
  0.8871   0.2480   0.2020
  0.8886   0.2477   0.2022
  0.8900   0.2474   0.2024
  0.8915   0.2472   0.2024
  0.8930   0.2469   0.2024
  0.8944   0.2467   0.2023
  0.8959   0.2466   0.2021
  0.8974   0.2464   0.2019
  0.8988   0.2463   0.2016
  0.9003   0.2461   0.2011
  0.9017   0.2460   0.2006
  0.9032   0.2460   0.2001
  0.9047   0.2459   0.1994
  0.9061   0.2459   0.1987
  0.9076   0.2459   0.1979
  0.9091   0.2459   0.1971
  0.9105   0.2460   0.1961
  0.9120   0.2460   0.1951
  0.9135   0.2461   0.1940
  0.9149   0.2462   0.1929
  0.9164   0.2463   0.1917
  0.9179   0.2465   0.1904
  0.9194   0.2466   0.1890
  0.9209   0.2468   0.1876
  0.9223   0.2470   0.1861
  0.9238   0.2473   0.1845
  0.9253   0.2475   0.1829
  0.9268   0.2478   0.1812
  0.9283   0.2481   0.1794
  0.9298   0.2484   0.1776
  0.9313   0.2487   0.1757
  0.9328   0.2491   0.1738
  0.9343   0.2495   0.1718
  0.9358   0.2499   0.1697
  0.9373   0.2503   0.1676
  0.9388   0.2507   0.1654
  0.9404   0.2512   0.1632
  0.9419   0.2517   0.1609
  0.9434   0.2522   0.1586
  0.9449   0.2527   0.1561
  0.9465   0.2532   0.1537
  0.9480   0.2538   0.1512
  0.9496   0.2544   0.1486
  0.9511   0.2550   0.1460
  0.9527   0.2556   0.1434
  0.9542   0.2563   0.1407
  0.9558   0.2570   0.1379
  0.9574   0.2576   0.1351
  0.9589   0.2583   0.1323
  0.9605   0.2591   0.1294
  0.9621   0.2598   0.1265
  0.9637   0.2606   0.1235
  0.9637   0.2606   0.1235
  0.9653   0.2614   0.1205
  0.9669   0.2622   0.1176
  0.9685   0.2629   0.1148
  0.9700   0.2637   0.1120
  0.9716   0.2644   0.1094
  0.9732   0.2652   0.1068
  0.9748   0.2659   0.1042
  0.9763   0.2666   0.1017
  0.9779   0.2673   0.0993
  0.9794   0.2680   0.0969
  0.9810   0.2687   0.0945
  0.9825   0.2694   0.0922
  0.9841   0.2701   0.0899
  0.9856   0.2708   0.0876
  0.9872   0.2714   0.0853
  0.9887   0.2721   0.0831
  0.9903   0.2727   0.0809
  0.9918   0.2733   0.0787
  0.9934   0.2740   0.0766
  0.9949   0.2746   0.0744
  0.9965   0.2752   0.0723
  0.9980   0.2758   0.0701
  0.9995   0.2763   0.0680
  1.0011   0.2769   0.0659
  1.0026   0.2775   0.0638
  1.0041   0.2780   0.0616
  1.0057   0.2786   0.0595
  1.0072   0.2791   0.0574
  1.0087   0.2796   0.0553
  1.0102   0.2801   0.0532
  1.0118   0.2806   0.0511
  1.0133   0.2811   0.0489
  1.0148   0.2816   0.0468
  1.0163   0.2820   0.0446
  1.0179   0.2825   0.0425
  1.0194   0.2829   0.0403
  1.0209   0.2834   0.0381
  1.0224   0.2838   0.0359
  1.0239   0.2842   0.0337
  1.0255   0.2846   0.0315
  1.0270   0.2850   0.0293
  1.0285   0.2854   0.0270
  1.0300   0.2858   0.0247
  1.0315   0.2861   0.0225
  1.0331   0.2865   0.0202
  1.0346   0.2868   0.0179
  1.0361   0.2871   0.0155
  1.0376   0.2875   0.0132
  1.0391   0.2878   0.0108
  1.0407   0.2881   0.0084
  1.0422   0.2884   0.0060
  1.0437   0.2886   0.0036
  1.0452   0.2889   0.0012
  1.0467   0.2892  -0.0013
  1.0483   0.2894  -0.0038
  1.0498   0.2896  -0.0063
  1.0513   0.2899  -0.0088
  1.0529   0.2901  -0.0113
  1.0544   0.2903  -0.0139
  1.0559   0.2905  -0.0164
  1.0574   0.2907  -0.0190
  1.0590   0.2909  -0.0216
  1.0605   0.2910  -0.0242
  1.0620   0.2912  -0.0269
  1.0636   0.2913  -0.0295
  1.0651   0.2915  -0.0322
  1.0666   0.2916  -0.0349
  1.0682   0.2917  -0.0376
  1.0697   0.2918  -0.0403
  1.0713   0.2919  -0.0431
  1.0728   0.2920  -0.0458
  1.0744   0.2921  -0.0486
  1.0759   0.2922  -0.0514
  1.0774   0.2923  -0.0542
  1.0790   0.2923  -0.0570
  1.0805   0.2924  -0.0599
  1.0821   0.2924  -0.0627
  1.0836   0.2924  -0.0656
  1.0852   0.2924  -0.0685
  1.0868   0.2924  -0.0714
  1.0883   0.2924  -0.0743
  1.0899   0.2924  -0.0772
  1.0914   0.2924  -0.0801
  1.0930   0.2924  -0.0831
  1.0945   0.2923  -0.0860
  1.0961   0.2923  -0.0890
  1.0977   0.2922  -0.0920
  1.0992   0.2922  -0.0950
  1.1008   0.2921  -0.0980
  1.1023   0.2920  -0.1010
  1.1039   0.2919  -0.1040
  1.1055   0.2918  -0.1070
  1.1070   0.2917  -0.1101
  1.1086   0.2915  -0.1131
  1.1102   0.2914  -0.1162
  1.1117   0.2913  -0.1192
  1.1133   0.2911  -0.1223
  1.1149   0.2909  -0.1253
  1.1164   0.2908  -0.1284
  1.1180   0.2906  -0.1315
  1.1196   0.2904  -0.1345
  1.1212   0.2902  -0.1376
  1.1227   0.2899  -0.1407
  1.1243   0.2897  -0.1438
  1.1259   0.2895  -0.1468
  1.1274   0.2892  -0.1499
  1.1290   0.2890  -0.1530
  1.1306   0.2887  -0.1560
  1.1321   0.2884  -0.1591
  1.1337   0.2881  -0.1621
  1.1353   0.2878  -0.1652
  1.1369   0.2875  -0.1682
  1.1384   0.2872  -0.1712
  1.1400   0.2868  -0.1742
  1.1416   0.2865  -0.1772
  1.1431   0.2861  -0.1802
  1.1447   0.2858  -0.1832
  1.1463   0.2854  -0.1862
  1.1463   0.2854  -0.1862
  1.1478   0.2850  -0.1893
  1.1494   0.2846  -0.1922
  1.1510   0.2842  -0.1951
  1.1526   0.2838  -0.1980
  1.1541   0.2835  -0.2008
  1.1557   0.2831  -0.2036
  1.1573   0.2828  -0.2064
  1.1588   0.2825  -0.2091
  1.1604   0.2821  -0.2117
  1.1619   0.2818  -0.2143
  1.1635   0.2816  -0.2169
  1.1650   0.2813  -0.2194
  1.1666   0.2810  -0.2218
  1.1681   0.2807  -0.2242
  1.1697   0.2805  -0.2266
  1.1712   0.2802  -0.2289
  1.1728   0.2800  -0.2311
  1.1743   0.2798  -0.2333
  1.1759   0.2796  -0.2355
  1.1774   0.2794  -0.2376
  1.1790   0.2792  -0.2396
  1.1805   0.2790  -0.2416
  1.1821   0.2788  -0.2435
  1.1836   0.2787  -0.2454
  1.1851   0.2785  -0.2472
  1.1867   0.2784  -0.2489
  1.1882   0.2782  -0.2506
  1.1898   0.2781  -0.2522
  1.1913   0.2780  -0.2538
  1.1928   0.2779  -0.2553
  1.1944   0.2778  -0.2568
  1.1959   0.2777  -0.2582
  1.1975   0.2777  -0.2595
  1.1990   0.2776  -0.2607
  1.2005   0.2776  -0.2619
  1.2021   0.2775  -0.2630
  1.2036   0.2775  -0.2641
  1.2051   0.2775  -0.2651
  1.2067   0.2775  -0.2660
  1.2082   0.2775  -0.2668
  1.2097   0.2775  -0.2676
  1.2113   0.2775  -0.2683
  1.2128   0.2775  -0.2689
  1.2143   0.2775  -0.2695
  1.2159   0.2776  -0.2699
  1.2174   0.2777  -0.2703
  1.2189   0.2777  -0.2706
  1.2205   0.2778  -0.2709
  1.2220   0.2779  -0.2710
  1.2235   0.2780  -0.2711
  1.2251   0.2781  -0.2711
  1.2266   0.2782  -0.2710
  1.2281   0.2783  -0.2708
  1.2296   0.2785  -0.2706
  1.2312   0.2786  -0.2702
  1.2327   0.2788  -0.2698
  1.2342   0.2789  -0.2692
  1.2358   0.2791  -0.2686
  1.2373   0.2793  -0.2679
  1.2388   0.2795  -0.2671
  1.2404   0.2797  -0.2662
  1.2419   0.2799  -0.2651
  1.2434   0.2801  -0.2640
  1.2450   0.2804  -0.2628
  1.2465   0.2806  -0.2615
  1.2480   0.2809  -0.2601
  1.2495   0.2811  -0.2586
  1.2511   0.2814  -0.2570
  1.2526   0.2817  -0.2553
  1.2541   0.2820  -0.2534
  1.2557   0.2823  -0.2515
  1.2572   0.2826  -0.2494
  1.2587   0.2830  -0.2473
  1.2603   0.2833  -0.2450
  1.2618   0.2836  -0.2426
  1.2633   0.2840  -0.2401
  1.2649   0.2844  -0.2375
  1.2664   0.2847  -0.2347
  1.2679   0.2851  -0.2319
  1.2679   0.2851  -0.2319
  1.2695   0.2855  -0.2289
  1.2710   0.2859  -0.2259
  1.2725   0.2863  -0.2229
  1.2740   0.2867  -0.2199
  1.2756   0.2870  -0.2169
  1.2771   0.2874  -0.2139
  1.2786   0.2877  -0.2109
  1.2801   0.2880  -0.2079
  1.2817   0.2883  -0.2049
  1.2832   0.2886  -0.2018
  1.2847   0.2889  -0.1988
  1.2862   0.2892  -0.1957
  1.2878   0.2895  -0.1927
  1.2893   0.2898  -0.1896
  1.2908   0.2900  -0.1865
  1.2923   0.2903  -0.1834
  1.2938   0.2905  -0.1803
  1.2954   0.2908  -0.1772
  1.2969   0.2910  -0.1741
  1.2984   0.2912  -0.1710
  1.2999   0.2914  -0.1678
  1.3014   0.2916  -0.1647
  1.3029   0.2918  -0.1616
  1.3045   0.2920  -0.1584
  1.3060   0.2921  -0.1553
  1.3075   0.2923  -0.1521
  1.3090   0.2924  -0.1489
  1.3105   0.2926  -0.1457
  1.3120   0.2927  -0.1426
  1.3135   0.2928  -0.1394
  1.3151   0.2929  -0.1362
  1.3166   0.2930  -0.1330
  1.3181   0.2931  -0.1298
  1.3196   0.2932  -0.1266
  1.3211   0.2932  -0.1234
  1.3226   0.2933  -0.1202
  1.3241   0.2933  -0.1169
  1.3256   0.2934  -0.1137
  1.3271   0.2934  -0.1105
  1.3287   0.2934  -0.1073
  1.3302   0.2934  -0.1041
  1.3317   0.2934  -0.1008
  1.3332   0.2934  -0.0976
  1.3347   0.2934  -0.0944
  1.3362   0.2934  -0.0911
  1.3377   0.2934  -0.0879
  1.3392   0.2933  -0.0846
  1.3407   0.2932  -0.0814
  1.3422   0.2932  -0.0782
  1.3438   0.2931  -0.0749
  1.3453   0.2930  -0.0717
  1.3468   0.2929  -0.0684
  1.3483   0.2928  -0.0652
  1.3498   0.2927  -0.0619
  1.3513   0.2926  -0.0587
  1.3528   0.2924  -0.0554
  1.3543   0.2923  -0.0522
  1.3558   0.2921  -0.0489
  1.3573   0.2920  -0.0457
  1.3588   0.2918  -0.0424
  1.3603   0.2916  -0.0392
  1.3619   0.2914  -0.0359
  1.3634   0.2912  -0.0327
  1.3649   0.2910  -0.0294
  1.3664   0.2908  -0.0261
  1.3679   0.2905  -0.0229
  1.3694   0.2903  -0.0196
  1.3709   0.2900  -0.0164
  1.3724   0.2898  -0.0132
  1.3739   0.2895  -0.0099
  1.3754   0.2892  -0.0067
  1.3769   0.2889  -0.0034
  1.3784   0.2886  -0.0002
  1.3799   0.2883   0.0031
  1.3815   0.2880   0.0063
  1.3830   0.2877   0.0096
  1.3845   0.2873   0.0128
  1.3860   0.2870   0.0160
  1.3875   0.2866   0.0193
  1.3890   0.2862   0.0225
  1.3905   0.2859   0.0257
  1.3920   0.2855   0.0290
  1.3935   0.2851   0.0322
  1.3950   0.2847   0.0354
  1.3965   0.2842   0.0386
  1.3981   0.2838   0.0419
  1.3996   0.2834   0.0451
  1.4011   0.2829   0.0483
  1.4026   0.2824   0.0515
  1.4041   0.2820   0.0547
  1.4056   0.2815   0.0579
  1.4071   0.2810   0.0611
  1.4086   0.2805   0.0643
  1.4101   0.2800   0.0675
  1.4116   0.2795   0.0707
  1.4132   0.2789   0.0739
  1.4147   0.2784   0.0771
  1.4162   0.2778   0.0803
  1.4177   0.2773   0.0835
  1.4192   0.2767   0.0867
  1.4207   0.2761   0.0898
  1.4222   0.2755   0.0930
  1.4237   0.2749   0.0962
  1.4252   0.2743   0.0993
  1.4268   0.2737   0.1025
  1.4283   0.2731   0.1056
  1.4298   0.2724   0.1088
  1.4313   0.2718   0.1119
  1.4328   0.2711   0.1151
  1.4343   0.2704   0.1182
  1.4358   0.2697   0.1213
  1.4374   0.2690   0.1245
  1.4389   0.2683   0.1276
  1.4404   0.2676   0.1307
  1.4419   0.2669   0.1338
  1.4434   0.2662   0.1369
  1.4449   0.2654   0.1400
  1.4465   0.2647   0.1431
  1.4480   0.2639   0.1462
  1.4495   0.2631   0.1494
  1.4510   0.2623   0.1525
  1.4510   0.2623   0.1525
  1.4525   0.2615   0.1556
  1.4540   0.2607   0.1586
  1.4555   0.2600   0.1615
  1.4571   0.2592   0.1643
  1.4586   0.2585   0.1669
  1.4601   0.2578   0.1694
  1.4616   0.2571   0.1718
  1.4631   0.2564   0.1740
  1.4646   0.2558   0.1762
  1.4661   0.2551   0.1782
  1.4676   0.2545   0.1801
  1.4691   0.2539   0.1819
  1.4706   0.2533   0.1836
  1.4721   0.2528   0.1851
  1.4736   0.2522   0.1866
  1.4751   0.2517   0.1879
  1.4766   0.2512   0.1892
  1.4781   0.2507   0.1903
  1.4796   0.2502   0.1913
  1.4811   0.2498   0.1922
  1.4826   0.2494   0.1931
  1.4841   0.2490   0.1938
  1.4856   0.2486   0.1944
  1.4871   0.2482   0.1950
  1.4886   0.2479   0.1954
  1.4901   0.2475   0.1957
  1.4916   0.2472   0.1960
  1.4931   0.2470   0.1962
  1.4946   0.2467   0.1962
  1.4961   0.2464   0.1962
  1.4976   0.2462   0.1962
  1.4991   0.2460   0.1960
  1.5006   0.2458   0.1957
  1.5021   0.2457   0.1954
  1.5036   0.2455   0.1950
  1.5051   0.2454   0.1945
  1.5066   0.2453   0.1939
  1.5081   0.2453   0.1933
  1.5096   0.2452   0.1926
  1.5111   0.2452   0.1918
  1.5126   0.2452   0.1910
  1.5140   0.2452   0.1901
  1.5155   0.2452   0.1891
  1.5170   0.2452   0.1880
  1.5185   0.2453   0.1869
  1.5200   0.2454   0.1858
  1.5215   0.2455   0.1845
  1.5230   0.2457   0.1832
  1.5245   0.2458   0.1819
  1.5260   0.2460   0.1804
  1.5275   0.2462   0.1789
  1.5290   0.2464   0.1774
  1.5305   0.2467   0.1758
  1.5320   0.2469   0.1741
  1.5335   0.2472   0.1724
  1.5351   0.2475   0.1706
  1.5366   0.2479   0.1688
  1.5381   0.2482   0.1668
  1.5396   0.2486   0.1649
  1.5411   0.2490   0.1629
  1.5426   0.2494   0.1608
  1.5442   0.2498   0.1587
  1.5457   0.2503   0.1565
  1.5472   0.2507   0.1543
  1.5488   0.2512   0.1520
  1.5503   0.2517   0.1497
  1.5518   0.2523   0.1473
  1.5534   0.2528   0.1449
  1.5549   0.2534   0.1424
  1.5565   0.2540   0.1399
  1.5581   0.2546   0.1374
  1.5596   0.2552   0.1347
  1.5612   0.2559   0.1321
  1.5628   0.2565   0.1294
  1.5643   0.2572   0.1267
  1.5659   0.2579   0.1239
  1.5675   0.2587   0.1211
  1.5691   0.2594   0.1182
  1.5707   0.2602   0.1153
  1.5707   0.2602   0.1153
  1.5723   0.2610   0.1124
  1.5739   0.2617   0.1095
  1.5754   0.2625   0.1068
  1.5770   0.2633   0.1041
  1.5786   0.2640   0.1015
  1.5802   0.2647   0.0990
  1.5817   0.2655   0.0966
  1.5833   0.2662   0.0941
  1.5849   0.2669   0.0918
  1.5864   0.2676   0.0894
  1.5880   0.2683   0.0871
  1.5895   0.2689   0.0849
  1.5911   0.2696   0.0827
  1.5926   0.2703   0.0805
  1.5942   0.2709   0.0783
  1.5957   0.2716   0.0762
  1.5973   0.2722   0.0740
  1.5988   0.2728   0.0719
  1.6004   0.2734   0.0698
  1.6019   0.2740   0.0678
  1.6034   0.2746   0.0657
  1.6050   0.2752   0.0636
  1.6065   0.2758   0.0616
  1.6081   0.2764   0.0596
  1.6096   0.2769   0.0575
  1.6111   0.2775   0.0555
  1.6127   0.2780   0.0535
  1.6142   0.2785   0.0514
  1.6157   0.2790   0.0494
  1.6172   0.2795   0.0473
  1.6188   0.2800   0.0453
  1.6203   0.2805   0.0433
  1.6218   0.2810   0.0412
  1.6233   0.2815   0.0391
  1.6249   0.2819   0.0370
  1.6264   0.2823   0.0350
  1.6279   0.2828   0.0329
  1.6294   0.2832   0.0307
  1.6309   0.2836   0.0286
  1.6325   0.2840   0.0265
  1.6340   0.2844   0.0243
  1.6355   0.2848   0.0222
  1.6370   0.2851   0.0200
  1.6386   0.2855   0.0178
  1.6401   0.2858   0.0156
  1.6416   0.2862   0.0133
  1.6431   0.2865   0.0111
  1.6446   0.2868   0.0088
  1.6462   0.2871   0.0065
  1.6477   0.2874   0.0042
  1.6492   0.2877   0.0019
  1.6507   0.2880  -0.0005
  1.6523   0.2882  -0.0028
  1.6538   0.2885  -0.0052
  1.6553   0.2887  -0.0076
  1.6568   0.2890  -0.0100
  1.6584   0.2892  -0.0125
  1.6599   0.2894  -0.0149
  1.6614   0.2896  -0.0174
  1.6629   0.2898  -0.0199
  1.6645   0.2900  -0.0224
  1.6660   0.2902  -0.0249
  1.6675   0.2903  -0.0275
  1.6691   0.2905  -0.0300
  1.6706   0.2906  -0.0326
  1.6722   0.2908  -0.0352
  1.6737   0.2909  -0.0378
  1.6752   0.2910  -0.0405
  1.6768   0.2911  -0.0431
  1.6783   0.2912  -0.0458
  1.6799   0.2913  -0.0485
  1.6814   0.2914  -0.0512
  1.6830   0.2914  -0.0539
  1.6845   0.2915  -0.0566
  1.6861   0.2915  -0.0594
  1.6876   0.2916  -0.0621
  1.6892   0.2916  -0.0649
  1.6907   0.2916  -0.0677
  1.6923   0.2917  -0.0705
  1.6938   0.2917  -0.0733
  1.6954   0.2917  -0.0762
  1.6969   0.2916  -0.0790
  1.6985   0.2916  -0.0819
  1.7001   0.2916  -0.0847
  1.7016   0.2915  -0.0876
  1.7032   0.2915  -0.0905
  1.7047   0.2914  -0.0934
  1.7063   0.2913  -0.0964
  1.7079   0.2913  -0.0993
  1.7094   0.2912  -0.1022
  1.7110   0.2911  -0.1052
  1.7126   0.2910  -0.1081
  1.7141   0.2908  -0.1111
  1.7157   0.2907  -0.1141
  1.7173   0.2906  -0.1170
  1.7188   0.2904  -0.1200
  1.7204   0.2903  -0.1230
  1.7220   0.2901  -0.1260
  1.7236   0.2899  -0.1290
  1.7251   0.2897  -0.1320
  1.7267   0.2895  -0.1350
  1.7283   0.2893  -0.1380
  1.7299   0.2891  -0.1410
  1.7314   0.2889  -0.1440
  1.7330   0.2886  -0.1470
  1.7346   0.2884  -0.1500
  1.7361   0.2881  -0.1530
  1.7377   0.2878  -0.1560
  1.7393   0.2875  -0.1590
  1.7409   0.2872  -0.1620
  1.7424   0.2869  -0.1649
  1.7440   0.2866  -0.1679
  1.7456   0.2863  -0.1708
  1.7471   0.2860  -0.1738
  1.7487   0.2856  -0.1767
  1.7503   0.2852  -0.1797
  1.7519   0.2849  -0.1826
  1.7534   0.2845  -0.1855
  1.7534   0.2845  -0.1855
  1.7550   0.2841  -0.1884
  1.7566   0.2837  -0.1913
  1.7582   0.2833  -0.1942
  1.7597   0.2829  -0.1970
  1.7613   0.2826  -0.1998
  1.7629   0.2822  -0.2025
  1.7644   0.2819  -0.2052
  1.7660   0.2815  -0.2078
  1.7676   0.2812  -0.2104
  1.7691   0.2809  -0.2129
  1.7707   0.2806  -0.2154
  1.7722   0.2803  -0.2179
  1.7738   0.2801  -0.2203
  1.7753   0.2798  -0.2226
  1.7769   0.2795  -0.2249
  1.7785   0.2793  -0.2272
  1.7800   0.2790  -0.2294
  1.7816   0.2788  -0.2315
  1.7831   0.2786  -0.2336
  1.7847   0.2784  -0.2357
  1.7862   0.2782  -0.2377
  1.7877   0.2780  -0.2396
  1.7893   0.2779  -0.2415
  1.7908   0.2777  -0.2433
  1.7924   0.2775  -0.2451
  1.7939   0.2774  -0.2468
  1.7955   0.2773  -0.2485
  1.7970   0.2771  -0.2501
  1.7986   0.2770  -0.2516
  1.8001   0.2769  -0.2531
  1.8016   0.2768  -0.2545
  1.8032   0.2767  -0.2559
  1.8047   0.2767  -0.2572
  1.8063   0.2766  -0.2584
  1.8078   0.2765  -0.2596
  1.8093   0.2765  -0.2607
  1.8109   0.2765  -0.2617
  1.8124   0.2764  -0.2627
  1.8139   0.2764  -0.2636
  1.8155   0.2764  -0.2644
  1.8170   0.2764  -0.2652
  1.8186   0.2764  -0.2658
  1.8201   0.2765  -0.2665
  1.8216   0.2765  -0.2670
  1.8232   0.2765  -0.2675
  1.8247   0.2766  -0.2678
  1.8262   0.2767  -0.2682
  1.8278   0.2767  -0.2684
  1.8293   0.2768  -0.2685
  1.8308   0.2769  -0.2686
  1.8324   0.2770  -0.2686
  1.8339   0.2771  -0.2685
  1.8354   0.2773  -0.2683
  1.8370   0.2774  -0.2680
  1.8385   0.2775  -0.2677
  1.8401   0.2777  -0.2673
  1.8416   0.2778  -0.2667
  1.8431   0.2780  -0.2661
  1.8447   0.2782  -0.2654
  1.8462   0.2784  -0.2646
  1.8477   0.2786  -0.2637
  1.8493   0.2788  -0.2627
  1.8508   0.2790  -0.2616
  1.8523   0.2793  -0.2604
  1.8539   0.2795  -0.2591
  1.8554   0.2798  -0.2577
  1.8569   0.2800  -0.2562
  1.8585   0.2803  -0.2546
  1.8600   0.2806  -0.2529
  1.8615   0.2809  -0.2510
  1.8631   0.2812  -0.2491
  1.8646   0.2815  -0.2471
  1.8661   0.2818  -0.2449
  1.8677   0.2822  -0.2426
  1.8692   0.2825  -0.2403
  1.8707   0.2829  -0.2378
  1.8723   0.2832  -0.2352
  1.8738   0.2836  -0.2324
  1.8753   0.2840  -0.2296
  1.8753   0.2840  -0.2296
  1.8769   0.2844  -0.2266
  1.8784   0.2848  -0.2236
  1.8799   0.2852  -0.2206
  1.8815   0.2855  -0.2177
  1.8830   0.2859  -0.2147
  1.8845   0.2862  -0.2117
  1.8861   0.2866  -0.2087
  1.8876   0.2869  -0.2057
  1.8891   0.2872  -0.2027
  1.8906   0.2875  -0.1997
  1.8922   0.2878  -0.1966
  1.8937   0.2881  -0.1936
  1.8952   0.2884  -0.1905
  1.8967   0.2886  -0.1875
  1.8983   0.2889  -0.1844
  1.8998   0.2891  -0.1813
  1.9013   0.2894  -0.1782
  1.9028   0.2896  -0.1751
  1.9043   0.2898  -0.1720
  1.9059   0.2900  -0.1689
  1.9074   0.2902  -0.1658
  1.9089   0.2904  -0.1627
  1.9104   0.2906  -0.1595
  1.9119   0.2908  -0.1564
  1.9135   0.2910  -0.1533
  1.9150   0.2911  -0.1501
  1.9165   0.2912  -0.1469
  1.9180   0.2914  -0.1438
  1.9195   0.2915  -0.1406
  1.9210   0.2916  -0.1374
  1.9226   0.2917  -0.1343
  1.9241   0.2918  -0.1311
  1.9256   0.2919  -0.1279
  1.9271   0.2920  -0.1247
  1.9286   0.2921  -0.1215
  1.9301   0.2921  -0.1183
  1.9316   0.2922  -0.1151
  1.9332   0.2922  -0.1119
  1.9347   0.2922  -0.1087
  1.9362   0.2923  -0.1055
  1.9377   0.2923  -0.1023
  1.9392   0.2923  -0.0990
  1.9407   0.2922  -0.0958
  1.9422   0.2922  -0.0926
  1.9437   0.2922  -0.0894
  1.9453   0.2922  -0.0861
  1.9468   0.2921  -0.0829
  1.9483   0.2921  -0.0797
  1.9498   0.2920  -0.0764
  1.9513   0.2919  -0.0732
  1.9528   0.2918  -0.0700
  1.9543   0.2917  -0.0667
  1.9558   0.2916  -0.0635
  1.9573   0.2915  -0.0603
  1.9589   0.2914  -0.0570
  1.9604   0.2912  -0.0538
  1.9619   0.2911  -0.0505
  1.9634   0.2909  -0.0473
  1.9649   0.2908  -0.0441
  1.9664   0.2906  -0.0408
  1.9679   0.2904  -0.0376
  1.9694   0.2902  -0.0343
  1.9709   0.2900  -0.0311
  1.9724   0.2898  -0.0279
  1.9740   0.2896  -0.0246
  1.9755   0.2893  -0.0214
  1.9770   0.2891  -0.0181
  1.9785   0.2888  -0.0149
  1.9800   0.2886  -0.0117
  1.9815   0.2883  -0.0084
  1.9830   0.2880  -0.0052
  1.9845   0.2877  -0.0019
  1.9860   0.2874   0.0013
  1.9875   0.2871   0.0045
  1.9891   0.2868   0.0078
  1.9906   0.2864   0.0110
  1.9921   0.2861   0.0142
  1.9936   0.2857   0.0175
  1.9951   0.2854   0.0207
  1.9966   0.2850   0.0239
  1.9981   0.2846   0.0271
  1.9996   0.2842   0.0303
  2.0011   0.2838   0.0336
  2.0027   0.2834   0.0368
  2.0042   0.2830   0.0400
  2.0057   0.2826   0.0432
  2.0072   0.2821   0.0464
  2.0087   0.2817   0.0496
  2.0102   0.2812   0.0528
  2.0117   0.2807   0.0560
  2.0132   0.2802   0.0592
  2.0148   0.2797   0.0624
  2.0163   0.2792   0.0656
  2.0178   0.2787   0.0688
  2.0193   0.2782   0.0720
  2.0208   0.2777   0.0752
  2.0223   0.2771   0.0784
  2.0238   0.2766   0.0816
  2.0253   0.2760   0.0847
  2.0269   0.2754   0.0879
  2.0284   0.2749   0.0911
  2.0299   0.2743   0.0942
  2.0314   0.2737   0.0974
  2.0329   0.2731   0.1006
  2.0344   0.2724   0.1037
  2.0359   0.2718   0.1069
  2.0375   0.2711   0.1100
  2.0390   0.2705   0.1131
  2.0405   0.2698   0.1163
  2.0420   0.2692   0.1194
  2.0435   0.2685   0.1225
  2.0450   0.2678   0.1256
  2.0466   0.2671   0.1288
  2.0481   0.2664   0.1319
  2.0496   0.2656   0.1350
  2.0511   0.2649   0.1381
  2.0526   0.2641   0.1412
  2.0542   0.2634   0.1443
  2.0557   0.2626   0.1474
  2.0557   0.2626   0.1474
  2.0572   0.2618   0.1505
  2.0587   0.2611   0.1535
  2.0602   0.2603   0.1564
  2.0617   0.2596   0.1592
  2.0632   0.2589   0.1618
  2.0647   0.2582   0.1643
  2.0663   0.2575   0.1667
  2.0678   0.2568   0.1689
  2.0693   0.2562   0.1710
  2.0708   0.2556   0.1731
  2.0723   0.2550   0.1750
  2.0738   0.2544   0.1767
  2.0753   0.2538   0.1784
  2.0768   0.2533   0.1800
  2.0783   0.2527   0.1814
  2.0798   0.2522   0.1827
  2.0813   0.2517   0.1840
  2.0828   0.2513   0.1851
  2.0843   0.2508   0.1861
  2.0858   0.2504   0.1870
  2.0873   0.2499   0.1879
  2.0888   0.2496   0.1886
  2.0903   0.2492   0.1892
  2.0918   0.2488   0.1897
  2.0933   0.2485   0.1902
  2.0948   0.2482   0.1905
  2.0963   0.2479   0.1907
  2.0978   0.2476   0.1909
  2.0993   0.2473   0.1910
  2.1008   0.2471   0.1910
  2.1023   0.2469   0.1909
  2.1038   0.2467   0.1907
  2.1053   0.2465   0.1904
  2.1068   0.2464   0.1901
  2.1083   0.2462   0.1896
  2.1098   0.2461   0.1891
  2.1113   0.2460   0.1886
  2.1128   0.2460   0.1879
  2.1143   0.2459   0.1872
  2.1158   0.2459   0.1864
  2.1173   0.2459   0.1855
  2.1188   0.2459   0.1846
  2.1203   0.2459   0.1836
  2.1218   0.2460   0.1826
  2.1233   0.2461   0.1814
  2.1248   0.2462   0.1803
  2.1263   0.2463   0.1790
  2.1278   0.2464   0.1777
  2.1293   0.2466   0.1763
  2.1307   0.2468   0.1749
  2.1322   0.2470   0.1734
  2.1338   0.2472   0.1718
  2.1353   0.2475   0.1702
  2.1368   0.2477   0.1685
  2.1383   0.2480   0.1668
  2.1398   0.2483   0.1650
  2.1413   0.2486   0.1631
  2.1428   0.2490   0.1612
  2.1443   0.2494   0.1593
  2.1458   0.2498   0.1572
  2.1473   0.2502   0.1552
  2.1489   0.2506   0.1530
  2.1504   0.2511   0.1509
  2.1519   0.2515   0.1486
  2.1534   0.2520   0.1464
  2.1550   0.2525   0.1441
  2.1565   0.2531   0.1417
  2.1581   0.2536   0.1392
  2.1596   0.2542   0.1368
  2.1611   0.2548   0.1342
  2.1627   0.2554   0.1317
  2.1643   0.2560   0.1290
  2.1658   0.2567   0.1263
  2.1674   0.2573   0.1236
  2.1690   0.2580   0.1208
  2.1705   0.2587   0.1180
  2.1721   0.2594   0.1152
  2.1737   0.2602   0.1123
  2.1753   0.2610   0.1094
  2.1753   0.2610   0.1094
  2.1769   0.2617   0.1065
  2.1784   0.2625   0.1037
  2.1800   0.2633   0.1009
  2.1816   0.2640   0.0983
  2.1832   0.2648   0.0957
  2.1847   0.2655   0.0931
  2.1863   0.2662   0.0906
  2.1878   0.2669   0.0882
  2.1894   0.2676   0.0858
  2.1909   0.2683   0.0835
  2.1925   0.2690   0.0812
  2.1940   0.2697   0.0789
  2.1956   0.2703   0.0766
  2.1971   0.2710   0.0744
  2.1987   0.2716   0.0722
  2.2002   0.2723   0.0700
  2.2018   0.2729   0.0679
  2.2033   0.2735   0.0658
  2.2048   0.2741   0.0636
  2.2064   0.2747   0.0615
  2.2079   0.2753   0.0594
  2.2094   0.2759   0.0574
  2.2110   0.2765   0.0553
  2.2125   0.2770   0.0532
  2.2140   0.2776   0.0512
  2.2156   0.2781   0.0491
  2.2171   0.2787   0.0470
  2.2186   0.2792   0.0450
  2.2201   0.2797   0.0429
  2.2217   0.2802   0.0408
  2.2232   0.2807   0.0388
  2.2247   0.2812   0.0367
  2.2262   0.2816   0.0346
  2.2277   0.2821   0.0325
  2.2292   0.2826   0.0304
  2.2308   0.2830   0.0283
  2.2323   0.2834   0.0262
  2.2338   0.2838   0.0241
  2.2353   0.2842   0.0219
  2.2368   0.2846   0.0198
  2.2383   0.2850   0.0176
  2.2399   0.2854   0.0154
  2.2414   0.2858   0.0132
  2.2429   0.2861   0.0110
  2.2444   0.2865   0.0088
  2.2459   0.2868   0.0066
  2.2474   0.2871   0.0043
  2.2490   0.2874   0.0020
  2.2505   0.2877  -0.0002
  2.2520   0.2880  -0.0026
  2.2535   0.2883  -0.0049
  2.2550   0.2886  -0.0072
  2.2565   0.2888  -0.0096
  2.2581   0.2891  -0.0119
  2.2596   0.2893  -0.0143
  2.2611   0.2896  -0.0167
  2.2626   0.2898  -0.0192
  2.2641   0.2900  -0.0216
  2.2657   0.2902  -0.0241
  2.2672   0.2904  -0.0266
  2.2687   0.2906  -0.0291
  2.2702   0.2907  -0.0316
  2.2718   0.2909  -0.0341
  2.2733   0.2910  -0.0366
  2.2748   0.2912  -0.0392
  2.2764   0.2913  -0.0418
  2.2779   0.2914  -0.0444
  2.2794   0.2916  -0.0470
  2.2809   0.2917  -0.0496
  2.2825   0.2918  -0.0523
  2.2840   0.2918  -0.0549
  2.2856   0.2919  -0.0576
  2.2871   0.2920  -0.0603
  2.2886   0.2920  -0.0630
  2.2902   0.2921  -0.0657
  2.2917   0.2921  -0.0685
  2.2933   0.2921  -0.0712
  2.2948   0.2922  -0.0740
  2.2963   0.2922  -0.0768
  2.2979   0.2922  -0.0796
  2.2994   0.2922  -0.0824
  2.3010   0.2921  -0.0852
  2.3025   0.2921  -0.0880
  2.3041   0.2921  -0.0908
  2.3056   0.2920  -0.0937
  2.3072   0.2920  -0.0966
  2.3087   0.2919  -0.0994
  2.3103   0.2918  -0.1023
  2.3118   0.2917  -0.1052
  2.3134   0.2916  -0.1081
  2.3150   0.2915  -0.1110
  2.3165   0.2914  -0.1139
  2.3181   0.2913  -0.1169
  2.3196   0.2912  -0.1198
  2.3212   0.2910  -0.1227
  2.3227   0.2909  -0.1257
  2.3243   0.2907  -0.1286
  2.3259   0.2905  -0.1316
  2.3274   0.2903  -0.1346
  2.3290   0.2901  -0.1375
  2.3305   0.2899  -0.1405
  2.3321   0.2897  -0.1435
  2.3337   0.2895  -0.1464
  2.3352   0.2892  -0.1494
  2.3368   0.2890  -0.1524
  2.3384   0.2887  -0.1553
  2.3399   0.2885  -0.1583
  2.3415   0.2882  -0.1613
  2.3430   0.2879  -0.1642
  2.3446   0.2876  -0.1672
  2.3462   0.2873  -0.1701
  2.3477   0.2870  -0.1730
  2.3493   0.2866  -0.1760
  2.3509   0.2863  -0.1789
  2.3524   0.2859  -0.1818
  2.3540   0.2856  -0.1847
  2.3555   0.2852  -0.1876
  2.3571   0.2848  -0.1906
  2.3571   0.2848  -0.1906
  2.3587   0.2844  -0.1935
  2.3602   0.2840  -0.1964
  2.3618   0.2836  -0.1992
  2.3634   0.2832  -0.2020
  2.3649   0.2828  -0.2048
  2.3665   0.2825  -0.2075
  2.3680   0.2821  -0.2102
  2.3696   0.2818  -0.2128
  2.3712   0.2815  -0.2154
  2.3727   0.2812  -0.2179
  2.3743   0.2809  -0.2204
  2.3758   0.2806  -0.2228
  2.3774   0.2803  -0.2252
  2.3789   0.2800  -0.2276
  2.3805   0.2798  -0.2299
  2.3820   0.2795  -0.2321
  2.3835   0.2793  -0.2343
  2.3851   0.2791  -0.2364
  2.3866   0.2788  -0.2385
  2.3882   0.2786  -0.2406
  2.3897   0.2784  -0.2426
  2.3912   0.2782  -0.2445
  2.3928   0.2781  -0.2464
  2.3943   0.2779  -0.2482
  2.3959   0.2777  -0.2500
  2.3974   0.2776  -0.2517
  2.3989   0.2774  -0.2533
  2.4005   0.2773  -0.2549
  2.4020   0.2772  -0.2565
  2.4035   0.2771  -0.2579
  2.4051   0.2770  -0.2594
  2.4066   0.2769  -0.2607
  2.4081   0.2768  -0.2620
  2.4097   0.2768  -0.2632
  2.4112   0.2767  -0.2644
  2.4127   0.2767  -0.2655
  2.4143   0.2766  -0.2665
  2.4158   0.2766  -0.2675
  2.4173   0.2766  -0.2684
  2.4189   0.2766  -0.2692
  2.4204   0.2766  -0.2700
  2.4219   0.2766  -0.2707
  2.4235   0.2766  -0.2713
  2.4250   0.2766  -0.2718
  2.4265   0.2767  -0.2723
  2.4281   0.2767  -0.2727
  2.4296   0.2768  -0.2730
  2.4311   0.2769  -0.2733
  2.4326   0.2769  -0.2734
  2.4342   0.2770  -0.2735
  2.4357   0.2771  -0.2735
  2.4372   0.2772  -0.2734
  2.4388   0.2774  -0.2732
  2.4403   0.2775  -0.2730
  2.4418   0.2776  -0.2726
  2.4434   0.2778  -0.2722
  2.4449   0.2780  -0.2717
  2.4464   0.2781  -0.2711
  2.4480   0.2783  -0.2704
  2.4495   0.2785  -0.2696
  2.4510   0.2787  -0.2687
  2.4526   0.2789  -0.2677
  2.4541   0.2791  -0.2666
  2.4556   0.2794  -0.2654
  2.4572   0.2796  -0.2641
  2.4587   0.2799  -0.2628
  2.4602   0.2801  -0.2613
  2.4618   0.2804  -0.2597
  2.4633   0.2807  -0.2580
  2.4648   0.2810  -0.2562
  2.4664   0.2813  -0.2542
  2.4679   0.2816  -0.2522
  2.4694   0.2820  -0.2501
  2.4710   0.2823  -0.2478
  2.4725   0.2826  -0.2455
  2.4740   0.2830  -0.2430
  2.4756   0.2834  -0.2404
  2.4771   0.2838  -0.2377
  2.4786   0.2841  -0.2348
  2.4786   0.2841  -0.2348
  2.4802   0.2845  -0.2319
  2.4817   0.2849  -0.2289
  2.4832   0.2853  -0.2259
  2.4848   0.2857  -0.2230
  2.4863   0.2860  -0.2200
  2.4878   0.2864  -0.2170
  2.4894   0.2867  -0.2140
  2.4909   0.2871  -0.2110
  2.4924   0.2874  -0.2080
  2.4940   0.2877  -0.2050
  2.4955   0.2880  -0.2020
  2.4970   0.2883  -0.1989
  2.4985   0.2886  -0.1959
  2.5001   0.2888  -0.1928
  2.5016   0.2891  -0.1897
  2.5031   0.2894  -0.1866
  2.5046   0.2896  -0.1836
  2.5061   0.2898  -0.1805
  2.5077   0.2901  -0.1773
  2.5092   0.2903  -0.1742
  2.5107   0.2905  -0.1711
  2.5122   0.2907  -0.1680
  2.5137   0.2909  -0.1648
  2.5153   0.2911  -0.1617
  2.5168   0.2912  -0.1585
  2.5183   0.2914  -0.1554
  2.5198   0.2915  -0.1522
  2.5213   0.2917  -0.1490
  2.5229   0.2918  -0.1459
  2.5244   0.2919  -0.1427
  2.5259   0.2920  -0.1395
  2.5274   0.2921  -0.1363
  2.5289   0.2922  -0.1331
  2.5304   0.2923  -0.1299
  2.5320   0.2924  -0.1267
  2.5335   0.2925  -0.1235
  2.5350   0.2925  -0.1203
  2.5365   0.2925  -0.1171
  2.5380   0.2926  -0.1138
  2.5395   0.2926  -0.1106
  2.5410   0.2926  -0.1074
  2.5426   0.2926  -0.1042
  2.5441   0.2926  -0.1009
  2.5456   0.2926  -0.0977
  2.5471   0.2926  -0.0945
  2.5486   0.2926  -0.0912
  2.5501   0.2925  -0.0880
  2.5516   0.2925  -0.0848
  2.5531   0.2924  -0.0815
  2.5547   0.2923  -0.0783
  2.5562   0.2922  -0.0751
  2.5577   0.2921  -0.0718
  2.5592   0.2920  -0.0686
  2.5607   0.2919  -0.0653
  2.5622   0.2918  -0.0621
  2.5637   0.2917  -0.0589
  2.5652   0.2915  -0.0556
  2.5667   0.2914  -0.0524
  2.5683   0.2912  -0.0491
  2.5698   0.2911  -0.0459
  2.5713   0.2909  -0.0426
  2.5728   0.2907  -0.0394
  2.5743   0.2905  -0.0362
  2.5758   0.2903  -0.0329
  2.5773   0.2901  -0.0297
  2.5788   0.2898  -0.0265
  2.5804   0.2896  -0.0232
  2.5819   0.2893  -0.0200
  2.5834   0.2891  -0.0167
  2.5849   0.2888  -0.0135
  2.5864   0.2885  -0.0103
  2.5879   0.2882  -0.0071
  2.5894   0.2879  -0.0038
  2.5909   0.2876  -0.0006
  2.5924   0.2873   0.0026
  2.5940   0.2870   0.0058
  2.5955   0.2867   0.0091
  2.5970   0.2863   0.0123
  2.5985   0.2859   0.0155
  2.6000   0.2856   0.0187
  2.6015   0.2852   0.0219
  2.6030   0.2848   0.0251
  2.6045   0.2844   0.0283
  2.6061   0.2840   0.0315
  2.6076   0.2836   0.0347
  2.6091   0.2832   0.0379
  2.6106   0.2827   0.0411
  2.6121   0.2823   0.0443
  2.6136   0.2818   0.0475
  2.6151   0.2814   0.0507
  2.6167   0.2809   0.0539
  2.6182   0.2804   0.0571
  2.6197   0.2799   0.0603
  2.6212   0.2794   0.0634
  2.6227   0.2789   0.0666
  2.6242   0.2783   0.0698
  2.6257   0.2778   0.0729
  2.6273   0.2773   0.0761
  2.6288   0.2767   0.0793
  2.6303   0.2761   0.0824
  2.6318   0.2755   0.0856
  2.6333   0.2750   0.0887
  2.6348   0.2744   0.0919
  2.6364   0.2738   0.0950
  2.6379   0.2731   0.0981
  2.6394   0.2725   0.1013
  2.6409   0.2719   0.1044
  2.6424   0.2712   0.1075
  2.6439   0.2706   0.1106
  2.6455   0.2699   0.1137
  2.6470   0.2692   0.1168
  2.6485   0.2685   0.1199
  2.6500   0.2678   0.1230
  2.6515   0.2671   0.1261
  2.6531   0.2664   0.1292
  2.6546   0.2657   0.1323
  2.6561   0.2649   0.1354
  2.6576   0.2642   0.1385
  2.6591   0.2634   0.1416
  2.6607   0.2626   0.1447
  2.6622   0.2618   0.1477
  2.6622   0.2618   0.1477
  2.6637   0.2610   0.1509
  2.6652   0.2603   0.1539
  2.6667   0.2595   0.1568
  2.6682   0.2588   0.1595
  2.6697   0.2580   0.1622
  2.6712   0.2573   0.1647
  2.6728   0.2566   0.1671
  2.6743   0.2560   0.1694
  2.6758   0.2553   0.1715
  2.6773   0.2547   0.1736
  2.6788   0.2541   0.1755
  2.6803   0.2535   0.1773
  2.6818   0.2529   0.1791
  2.6833   0.2523   0.1807
  2.6848   0.2518   0.1822
  2.6863   0.2513   0.1836
  2.6878   0.2508   0.1849
  2.6893   0.2503   0.1861
  2.6908   0.2498   0.1872
  2.6922   0.2494   0.1882
  2.6937   0.2490   0.1891
  2.6952   0.2486   0.1899
  2.6967   0.2482   0.1906
  2.6982   0.2478   0.1913
  2.6997   0.2475   0.1918
  2.7012   0.2472   0.1923
  2.7027   0.2469   0.1926
  2.7042   0.2466   0.1929
  2.7056   0.2464   0.1931
  2.7071   0.2461   0.1932
  2.7086   0.2459   0.1932
  2.7101   0.2457   0.1931
  2.7116   0.2455   0.1930
  2.7131   0.2454   0.1927
  2.7145   0.2453   0.1924
  2.7160   0.2452   0.1921
  2.7175   0.2451   0.1916
  2.7190   0.2450   0.1911
  2.7205   0.2450   0.1905
  2.7220   0.2449   0.1898
  2.7234   0.2449   0.1890
  2.7249   0.2449   0.1882
  2.7264   0.2450   0.1873
  2.7279   0.2450   0.1864
  2.7294   0.2451   0.1853
  2.7309   0.2452   0.1842
  2.7324   0.2453   0.1831
  2.7338   0.2455   0.1818
  2.7353   0.2457   0.1805
  2.7368   0.2458   0.1792
  2.7383   0.2460   0.1777
  2.7398   0.2463   0.1762
  2.7413   0.2465   0.1747
  2.7428   0.2468   0.1731
  2.7443   0.2471   0.1714
  2.7458   0.2474   0.1696
  2.7473   0.2477   0.1678
  2.7488   0.2481   0.1660
  2.7503   0.2484   0.1641
  2.7519   0.2488   0.1621
  2.7534   0.2493   0.1600
  2.7549   0.2497   0.1579
  2.7564   0.2501   0.1558
  2.7580   0.2506   0.1536
  2.7595   0.2511   0.1513
  2.7610   0.2516   0.1490
  2.7626   0.2522   0.1467
  2.7641   0.2527   0.1443
  2.7656   0.2533   0.1418
  2.7672   0.2539   0.1393
  2.7688   0.2545   0.1367
  2.7703   0.2551   0.1341
  2.7719   0.2558   0.1315
  2.7734   0.2565   0.1288
  2.7750   0.2572   0.1260
  2.7766   0.2579   0.1232
  2.7782   0.2586   0.1204
  2.7798   0.2594   0.1176
  2.7813   0.2602   0.1147
  2.7813   0.2602   0.1147
  2.7829   0.2610   0.1117
  2.7845   0.2618   0.1089
  2.7861   0.2625   0.1061
  2.7877   0.2633   0.1035
  2.7893   0.2641   0.1009
  2.7908   0.2648   0.0983
  2.7924   0.2655   0.0958
  2.7940   0.2663   0.0934
  2.7955   0.2670   0.0910
  2.7971   0.2677   0.0887
  2.7986   0.2684   0.0864
  2.8002   0.2691   0.0841
  2.8017   0.2698   0.0819
  2.8033   0.2704   0.0797
  2.8048   0.2711   0.0775
  2.8064   0.2718   0.0753
  2.8079   0.2724   0.0732
  2.8095   0.2730   0.0711
  2.8110   0.2737   0.0690
  2.8125   0.2743   0.0669
  2.8141   0.2749   0.0648
  2.8156   0.2755   0.0628
  2.8172   0.2761   0.0607
  2.8187   0.2766   0.0587
  2.8202   0.2772   0.0566
  2.8217   0.2778   0.0546
  2.8233   0.2783   0.0525
  2.8248   0.2789   0.0505
  2.8263   0.2794   0.0484
  2.8279   0.2799   0.0464
  2.8294   0.2804   0.0443
  2.8309   0.2809   0.0423
  2.8324   0.2814   0.0402
  2.8340   0.2818   0.0381
  2.8355   0.2823   0.0360
  2.8370   0.2828   0.0339
  2.8385   0.2832   0.0318
  2.8400   0.2836   0.0297
  2.8416   0.2841   0.0275
  2.8431   0.2845   0.0254
  2.8446   0.2849   0.0232
  2.8461   0.2853   0.0210
  2.8476   0.2856   0.0188
  2.8491   0.2860   0.0166
  2.8507   0.2864   0.0144
  2.8522   0.2867   0.0121
  2.8537   0.2870   0.0099
  2.8552   0.2874   0.0076
  2.8567   0.2877   0.0053
  2.8583   0.2880   0.0030
  2.8598   0.2883   0.0006
  2.8613   0.2886  -0.0017
  2.8628   0.2888  -0.0041
  2.8644   0.2891  -0.0065
  2.8659   0.2894  -0.0089
  2.8674   0.2896  -0.0113
  2.8689   0.2898  -0.0138
  2.8705   0.2901  -0.0163
  2.8720   0.2903  -0.0188
  2.8735   0.2905  -0.0213
  2.8751   0.2907  -0.0238
  2.8766   0.2909  -0.0263
  2.8781   0.2910  -0.0289
  2.8796   0.2912  -0.0315
  2.8812   0.2914  -0.0341
  2.8827   0.2915  -0.0367
  2.8843   0.2916  -0.0393
  2.8858   0.2918  -0.0419
  2.8873   0.2919  -0.0446
  2.8889   0.2920  -0.0473
  2.8904   0.2921  -0.0500
  2.8920   0.2922  -0.0527
  2.8935   0.2923  -0.0554
  2.8951   0.2923  -0.0582
  2.8966   0.2924  -0.0609
  2.8982   0.2924  -0.0637
  2.8997   0.2925  -0.0665
  2.9013   0.2925  -0.0693
  2.9028   0.2926  -0.0721
  2.9044   0.2926  -0.0750
  2.9059   0.2926  -0.0778
  2.9075   0.2926  -0.0807
  2.9090   0.2926  -0.0836
  2.9106   0.2925  -0.0864
  2.9122   0.2925  -0.0893
  2.9137   0.2925  -0.0923
  2.9153   0.2924  -0.0952
  2.9168   0.2923  -0.0981
  2.9184   0.2923  -0.1011
  2.9200   0.2922  -0.1040
  2.9215   0.2921  -0.1070
  2.9231   0.2920  -0.1099
  2.9247   0.2919  -0.1129
  2.9262   0.2918  -0.1159
  2.9278   0.2917  -0.1189
  2.9294   0.2915  -0.1219
  2.9309   0.2914  -0.1249
  2.9325   0.2912  -0.1279
  2.9341   0.2910  -0.1309
  2.9356   0.2909  -0.1339
  2.9372   0.2907  -0.1369
  2.9388   0.2905  -0.1399
  2.9404   0.2903  -0.1430
  2.9419   0.2900  -0.1460
  2.9435   0.2898  -0.1490
  2.9451   0.2896  -0.1520
  2.9466   0.2893  -0.1550
  2.9482   0.2891  -0.1580
  2.9498   0.2888  -0.1610
  2.9514   0.2885  -0.1640
  2.9529   0.2882  -0.1670
  2.9545   0.2879  -0.1699
  2.9561   0.2876  -0.1729
  2.9576   0.2873  -0.1759
  2.9592   0.2869  -0.1788
  2.9608   0.2866  -0.1818
  2.9623   0.2862  -0.1847
  2.9639   0.2858  -0.1876
