  0.0000   0.0000   0.0000   0.0000
  0.0369   0.0654   0.0819  -0.0486
  0.0681   0.1393   0.1571  -0.0812
  0.1004   0.2170   0.2357  -0.1156
  0.1347   0.3013   0.3206  -0.1552
  0.1746   0.3838   0.4134  -0.2038
  0.2130   0.4634   0.5026  -0.2496
  0.2504   0.5408   0.5897  -0.2939
  0.2868   0.6165   0.6745  -0.3366
  0.3224   0.6901   0.7573  -0.3780
  0.3580   0.7607   0.8390  -0.4192
  0.3914   0.8308   0.9175  -0.4575
  0.4239   0.8991   0.9941  -0.4944
  0.4555   0.9656   1.0687  -0.5299
  0.4862   1.0302   1.1414  -0.5642
  0.5170   1.0920   1.2132  -0.5984
  0.5457   1.1532   1.2820  -0.6299
  0.5745   1.2116   1.3499  -0.6613
  0.6014   1.2694   1.4149  -0.6901
  0.6273   1.3255   1.4781  -0.7176
  0.6530   1.3793   1.5401  -0.7446
  0.6743   1.4352   1.5969  -0.7660
  0.6957   1.4884   1.6528  -0.7873
  0.7174   1.5386   1.7081  -0.8089
  0.7387   1.5865   1.7620  -0.8298
  0.7597   1.6321   1.8148  -0.8502
  0.7798   1.6761   1.8659  -0.8694
  0.7984   1.7194   1.9145  -0.8865
  0.8162   1.7611   1.9615  -0.9025
  0.8336   1.8007   2.0072  -0.9178
  0.8502   1.8388   2.0512  -0.9319
  0.8659   1.8755   2.0936  -0.9448
  0.8803   1.9110   2.1338  -0.9559
  0.8940   1.9451   2.1723  -0.9659
  0.9068   1.9777   2.2091  -0.9746
  0.9192   2.0085   2.2446  -0.9826
  0.9308   2.0378   2.2784  -0.9893
  0.9416   2.0657   2.3106  -0.9950
  0.9517   2.0922   2.3412  -0.9994
  0.9607   2.1177   2.3698  -1.0024
  0.9693   2.1414   2.3972  -1.0045
  0.9763   2.1647   2.4221  -1.0045
  0.9810   2.1884   2.4438  -1.0013
  0.9875   2.2080   2.4663  -1.0000
  0.9932   2.2263   2.4871  -0.9975
  0.9983   2.2430   2.5065  -0.9941
  1.0028   2.2584   2.5243  -0.9896
  1.0067   2.2724   2.5405  -0.9839
  1.0100   2.2850   2.5552  -0.9772
  1.0127   2.2962   2.5683  -0.9695
  1.0148   2.3059   2.5799  -0.9607
  1.0164   2.3143   2.5899  -0.9509
  1.0175   2.3213   2.5985  -0.9401
  1.0180   2.3270   2.6055  -0.9282
  1.0180   2.3312   2.6109  -0.9153
  1.0174   2.3341   2.6148  -0.9014
  1.0164   2.3356   2.6172  -0.8864
  1.0148   2.3358   2.6180  -0.8703
  1.0126   2.3348   2.6172  -0.8531
  1.0099   2.3325   2.6148  -0.8349
  1.0067   2.3290   2.6108  -0.8155
  1.0029   2.3242   2.6052  -0.7950
  0.9987   2.3182   2.5980  -0.7734
  0.9939   2.3109   2.5892  -0.7507
  0.9886   2.3024   2.5788  -0.7270
  0.9829   2.2927   2.5669  -0.7022
  0.9770   2.2827   2.5544  -0.6770
  0.9712   2.2732   2.5421  -0.6519
  0.9651   2.2633   2.5291  -0.6264
  0.9589   2.2530   2.5155  -0.6003
  0.9519   2.2446   2.5013  -0.5734
  0.9447   2.2352   2.4863  -0.5460
  0.9375   2.2248   2.4703  -0.5181
  0.9301   2.2135   2.4535  -0.4896
  0.9225   2.2014   2.4358  -0.4607
  0.9146   2.1895   2.4173  -0.4311
  0.9067   2.1761   2.3979  -0.4011
  0.8986   2.1620   2.3776  -0.3706
  0.8904   2.1473   2.3565  -0.3396
  0.8820   2.1319   2.3345  -0.3080
  0.8735   2.1159   2.3117  -0.2760
  0.8649   2.0993   2.2881  -0.2434
  0.8561   2.0821   2.2637  -0.2103
  0.8471   2.0642   2.2384  -0.1768
  0.8381   2.0457   2.2123  -0.1427
  0.8290   2.0263   2.1853  -0.1082
  0.8197   2.0063   2.1575  -0.0732
  0.8104   1.9857   2.1289  -0.0378
  0.8009   1.9643   2.0995  -0.0019
  0.7915   1.9422   2.0692   0.0345
  0.7756   1.9425   2.0414   0.0748
  0.7661   1.9182   2.0094   0.1120
  0.7566   1.8931   1.9766   0.1496
  0.7471   1.8672   1.9429   0.1875
  0.7376   1.8404   1.9085   0.2259
  0.7283   1.8119   1.8730   0.2647
  0.7189   1.7827   1.8367   0.3039
  0.7094   1.7524   1.7993   0.3436
  0.6999   1.7198   1.7600   0.3844
  0.6901   1.6861   1.7194   0.4259
  0.6804   1.6529   1.6789   0.4674
  0.6705   1.6173   1.6362   0.5101
  0.6605   1.5808   1.5926   0.5533
  0.6505   1.5439   1.5483   0.5969
  0.6405   1.5065   1.5033   0.6409
  0.6304   1.4687   1.4577   0.6852
  0.6203   1.4304   1.4113   0.7300
  0.6101   1.3917   1.3643   0.7751
  0.5999   1.3525   1.3167   0.8207
  0.5897   1.3128   1.2684   0.8665
  0.5734   1.2837   1.2158   0.9191
  0.5626   1.2370   1.1613   0.9683
  0.5521   1.1940   1.1094   1.0163
  0.5412   1.1462   1.0535   1.0665
  0.5303   1.0981   0.9970   1.1170
  0.5194   1.0504   0.9404   1.1676
  0.5084   1.0015   0.8825   1.2190
  0.4973   0.9532   0.8246   1.2706
  0.4860   0.9021   0.7640   1.3237
  0.4743   0.8502   0.7020   1.3779
  0.4743   0.8502   0.7020   1.3779
  0.7527  -0.5499   0.7195   1.3535
  1.0424  -1.9514   0.7445   1.3294
  1.3135  -3.2150   0.7680   1.3083
  1.5668  -4.3379   0.7949   1.2855
  1.8011  -5.3365   0.8194   1.2656
  2.0193  -6.2210   0.8448   1.2457
  2.2222  -7.0036   0.8703   1.2265
  2.4114  -7.6944   0.8962   1.2077
  2.5880  -8.3030   0.9225   1.1892
  2.7537  -8.8369   0.9508   1.1696
  2.9095  -9.3040   0.9807   1.1492
  3.0559  -9.7120   1.0113   1.1288
  3.1925 -10.0692   1.0395   1.1109
  3.3203 -10.3806   1.0660   1.0950
  3.4423 -10.6473   1.0966   1.0761
  3.5575 -10.8765   1.1269   1.0579
  3.6647 -11.0750   1.1531   1.0436
  3.7661 -11.2436   1.1792   1.0299
  3.8620 -11.3853   1.2050   1.0168
  3.9528 -11.5030   1.2305   1.0044
  4.0404 -11.5964   1.2598   0.9891
  4.1234 -11.6707   1.2885   0.9748
  4.2020 -11.7279   1.3165   0.9615
  4.2764 -11.7697   1.3438   0.9491
  4.3469 -11.7976   1.3705   0.9377
  4.4135 -11.8130   1.3965   0.9271
  4.4765 -11.8171   1.4220   0.9174
  4.5359 -11.8110   1.4468   0.9086
  4.5919 -11.7956   1.4710   0.9007
  4.6445 -11.7719   1.4946   0.8937
  4.6939 -11.7405   1.5176   0.8875
  4.7401 -11.7023   1.5401   0.8822
  4.7830 -11.6578   1.5619   0.8777
  4.8229 -11.6076   1.5831   0.8740
  4.8597 -11.5522   1.6038   0.8712
  4.8934 -11.4921   1.6239   0.8693
  4.9241 -11.4277   1.6433   0.8682
  4.9517 -11.3593   1.6622   0.8679
  4.9762 -11.2874   1.6805   0.8685
  4.9978 -11.2123   1.6982   0.8699
  5.0163 -11.1342   1.7153   0.8722
  5.0317 -11.0534   1.7317   0.8754
  5.0441 -10.9702   1.7476   0.8794
  5.0534 -10.8847   1.7628   0.8842
  5.0596 -10.7973   1.7774   0.8900
  5.0626 -10.7080   1.7914   0.8966
  5.0626 -10.6170   1.8047   0.9041
  5.0593 -10.5245   1.8174   0.9125
  5.0529 -10.4307   1.8294   0.9218
  5.0432 -10.3356   1.8407   0.9320
  5.0303 -10.2394   1.8513   0.9431
  5.0141 -10.1422   1.8613   0.9551
  4.9947 -10.0441   1.8705   0.9680
  4.9718  -9.9451   1.8790   0.9819
  4.9456  -9.8453   1.8868   0.9968
  4.9160  -9.7448   1.8939   1.0126
  4.8830  -9.6435   1.9002   1.0293
  4.8465  -9.5416   1.9057   1.0471
  4.8065  -9.4389   1.9104   1.0658
  4.7630  -9.3356   1.9144   1.0855
  4.7159  -9.2315   1.9176   1.1062
  4.6652  -9.1267   1.9199   1.1279
  4.6109  -9.0210   1.9214   1.1507
  4.5529  -8.9143   1.9221   1.1745
  4.4913  -8.8066   1.9219   1.1993
  4.4259  -8.6977   1.9208   1.2252
  4.3568  -8.5874   1.9189   1.2521
  4.2839  -8.4756   1.9161   1.2801
  4.2072  -8.3619   1.9123   1.3092
  4.1266  -8.2462   1.9076   1.3394
  4.0422  -8.1281   1.9020   1.3707
  3.9539  -8.0073   1.8955   1.4031
  3.8616  -7.8834   1.8879   1.4367
  3.7655  -7.7559   1.8794   1.4713
  3.6653  -7.6242   1.8699   1.5072
  3.5611  -7.4880   1.8594   1.5441
  3.4529  -7.3464   1.8479   1.5823
  3.3407  -7.1987   1.8353   1.6216
  3.2244  -7.0443   1.8217   1.6621
  3.1040  -6.8821   1.8071   1.7038
  2.9795  -6.7112   1.7914   1.7467
  2.8510  -6.5304   1.7746   1.7908
  2.7183  -6.3385   1.7567   1.8362
  2.5814  -6.1342   1.7378   1.8827
  2.4405  -5.9159   1.7177   1.9306
  2.2954  -5.6819   1.6965   1.9797
  2.1462  -5.4303   1.6743   2.0300
  1.9929  -5.1591   1.6509   2.0816
  1.8355  -4.8659   1.6264   2.1345
  1.6740  -4.5482   1.6008   2.1887
  1.5085  -4.2031   1.5740   2.2441
  1.3389  -3.8275   1.5462   2.3009
  1.1654  -3.4179   1.5173   2.3590
  0.9879  -2.9704   1.4873   2.4184
  0.8065  -2.4808   1.4562   2.4790
  0.6213  -1.9442   1.4241   2.5410
  0.4324  -1.3554   1.3910   2.6043
  0.2400  -0.7090   1.3569   2.6688
  0.0446   0.0009   1.3219   2.7346
  0.0446   0.0009   1.3219   2.7346
  0.0334   0.4267   1.3200   2.7662
  0.0225   0.8358   1.3141   2.8010
  0.0119   1.1971   1.3033   2.8399
  0.0044   1.5083   1.2968   2.8748
 -0.0027   1.7682   1.2851   2.9133
 -0.0078   1.9877   1.2746   2.9512
 -0.0112   2.1708   1.2639   2.9891
 -0.0142   2.3212   1.2484   3.0309
 -0.0147   2.4458   1.2351   3.0706
 -0.0147   2.5467   1.2183   3.1133
 -0.0126   2.6297   1.2025   3.1551
 -0.0093   2.6964   1.1851   3.1982
 -0.0047   2.7494   1.1670   3.2419
  0.0015   2.7909   1.1486   3.2858
  0.0085   2.8220   1.1280   3.3315
  0.0166   2.8450   1.1064   3.3782
  0.0231   2.8576   1.0745   3.4336
  0.0336   2.8671   1.0512   3.4817
  0.0443   2.8700   1.0245   3.5327
  0.0562   2.8685   0.9978   3.5838
  0.0687   2.8626   0.9686   3.6370
  0.0823   2.8537   0.9398   3.6899
  0.0966   2.8414   0.9091   3.7444
  0.1108   2.8259   0.8750   3.8019
  0.1263   2.8094   0.8416   3.8588
  0.1426   2.7927   0.8081   3.9161
  0.1593   2.7772   0.7726   3.9751
  0.1590   2.7413   0.6768   4.0851
  0.1766   2.7237   0.6394   4.1459
  0.1936   2.7018   0.5985   4.2099
  0.2113   2.6793   0.5579   4.2738
  0.2285   2.6544   0.5140   4.3404
  0.2457   2.6291   0.4690   4.4083
  0.2634   2.6033   0.4239   4.4762
  0.2810   2.5781   0.3774   4.5455
  0.2869   2.5386   0.2893   4.6503
  0.3040   2.5113   0.2395   4.7229
  0.3201   2.4802   0.1859   4.7989
  0.3358   2.4467   0.1308   4.8763
  0.3515   2.4116   0.0750   4.9546
  0.3669   2.3750   0.0186   5.0335
  0.3816   2.3367  -0.0404   5.1150
  0.3953   2.2964  -0.1029   5.1997
  0.4089   2.2556  -0.1653   5.2845
  0.4221   2.2141  -0.2287   5.3706
  0.4342   2.1717  -0.2955   5.4598
  0.4458   2.1291  -0.3634   5.5504
  0.4564   2.0860  -0.4342   5.6439
  0.4664   2.0439  -0.5057   5.7384
  0.4707   1.9951  -0.5970   5.8504
  0.4791   1.9517  -0.6719   5.9486
  0.4863   1.9067  -0.7496   6.0498
  0.4875   1.8536  -0.8478   6.1691
  0.4926   1.8047  -0.9293   6.2745
  0.4965   1.7525  -1.0132   6.3826
  0.4991   1.6980  -1.0993   6.4930
  0.5004   1.6418  -1.1879   6.6063
  0.5002   1.5840  -1.2793   6.7227
  0.4987   1.5257  -1.3722   6.8410
  0.4954   1.4664  -1.4686   6.9632
  0.4895   1.4058  -1.5709   7.0914
  0.4813   1.3437  -1.6784   7.2249
  0.4729   1.2830  -1.7820   7.3559
  0.4627   1.2214  -1.8880   7.4900
  0.4506   1.1590  -1.9964   7.6272
  0.4360   1.0944  -2.1092   7.7693
  0.4194   1.0274  -2.2242   7.9146
  0.4006   0.9569  -2.3418   8.0632
  0.3795   0.8820  -2.4624   8.2155
  0.3557   0.8028  -2.5867   8.3724
  0.3293   0.7187  -2.7147   8.5341
  0.3000   0.6296  -2.8464   8.7003
  0.2678   0.5350  -2.9819   8.8716
  0.2330   0.4356  -3.1197   9.0464
  0.1950   0.3308  -3.2613   9.2264
  0.1537   0.2221  -3.4068   9.4118
  0.1087   0.1149  -3.5563   9.6027
  0.0593   0.0243  -3.7107   9.8000
  0.0042  -0.0057  -3.8699  10.0047
  0.0042  -0.0057  -3.8699  10.0047
 -0.0152   0.8678  -3.2872   5.2169
 -0.0350   1.4863  -2.8726   1.6251
 -0.0561   1.9245  -2.5874  -1.0650
 -0.0786   2.2353  -2.4001  -3.0775
 -0.1029   2.4560  -2.2858  -4.5818
 -0.1288   2.6131  -2.2252  -5.7056
 -0.1563   2.7252  -2.2036  -6.5443
 -0.1853   2.8055  -2.2098  -7.1694
 -0.2159   2.8634  -2.2354  -7.6344
 -0.2478   2.9054  -2.2740  -7.9795
 -0.2810   2.9361  -2.3210  -8.2348
 -0.3154   2.9589  -2.3728  -8.4228
 -0.3510   2.9760  -2.4270  -8.5604
 -0.3876   2.9891  -2.4815  -8.6603
 -0.4253   2.9993  -2.5349  -8.7320
 -0.4639   3.0074  -2.5863  -8.7826
 -0.5034   3.0140  -2.6350  -8.8175
 -0.5437   3.0195  -2.6804  -8.8406
 -0.5849   3.0241  -2.7222  -8.8549
 -0.6268   3.0282  -2.7601  -8.8626
 -0.6694   3.0317  -2.7940  -8.8654
 -0.7126   3.0349  -2.8239  -8.8646
 -0.7565   3.0377  -2.8497  -8.8611
 -0.8009   3.0402  -2.8715  -8.8556
 -0.8458   3.0425  -2.8892  -8.8486
 -0.8912   3.0446  -2.9029  -8.8405
 -0.9370   3.0464  -2.9127  -8.8316
 -0.9833   3.0481  -2.9187  -8.8222
 -1.0298   3.0495  -2.9210  -8.8123
 -1.0767   3.0507  -2.9196  -8.8021
 -1.1238   3.0518  -2.9146  -8.7917
 -1.1712   3.0526  -2.9062  -8.7812
 -1.2187   3.0533  -2.8944  -8.7706
 -1.2664   3.0538  -2.8794  -8.7599
 -1.3142   3.0541  -2.8612  -8.7491
 -1.3620   3.0542  -2.8399  -8.7384
 -1.4099   3.0541  -2.8157  -8.7276
 -1.4577   3.0538  -2.7885  -8.7168
 -1.5055   3.0534  -2.7586  -8.7060
 -1.5531   3.0528  -2.7261  -8.6952
 -1.6006   3.0520  -2.6909  -8.6844
 -1.6479   3.0511  -2.6533  -8.6735
 -1.6949   3.0500  -2.6133  -8.6627
 -1.7417   3.0487  -2.5709  -8.6518
 -1.7881   3.0473  -2.5264  -8.6409
 -1.8342   3.0457  -2.4797  -8.6299
 -1.8798   3.0441  -2.4311  -8.6189
 -1.9250   3.0422  -2.3804  -8.6079
 -1.9696   3.0403  -2.3280  -8.5968
 -2.0138   3.0382  -2.2738  -8.5856
 -2.0573   3.0361  -2.2179  -8.5744
 -2.1001   3.0338  -2.1604  -8.5631
 -2.1423   3.0315  -2.1014  -8.5517
 -2.1837   3.0291  -2.0411  -8.5402
 -2.2244   3.0266  -1.9794  -8.5287
 -2.2642   3.0241  -1.9165  -8.5170
 -2.3031   3.0215  -1.8524  -8.5053
 -2.3411   3.0189  -1.7873  -8.4935
 -2.3781   3.0163  -1.7212  -8.4815
 -2.4140   3.0137  -1.6542  -8.4695
 -2.4488   3.0111  -1.5864  -8.4573
 -2.4825   3.0085  -1.5179  -8.4451
 -2.5150   3.0060  -1.4488  -8.4327
 -2.5463   3.0035  -1.3792  -8.4202
 -2.5762   3.0011  -1.3091  -8.4076
 -2.6048   2.9988  -1.2387  -8.3949
 -2.6319   2.9967  -1.1680  -8.3821
 -2.6576   2.9946  -1.0971  -8.3691
 -2.6817   2.9927  -1.0261  -8.3561
 -2.7042   2.9910  -0.9551  -8.3429
 -2.7250   2.9895  -0.8843  -8.3297
 -2.7442   2.9882  -0.8136  -8.3163
 -2.7615   2.9871  -0.7432  -8.3028
 -2.7770   2.9863  -0.6732  -8.2893
 -2.7905   2.9857  -0.6036  -8.2756
 -2.8021   2.9855  -0.5347  -8.2618
 -2.8116   2.9856  -0.4664  -8.2480
 -2.8190   2.9860  -0.3989  -8.2341
 -2.8241   2.9868  -0.3322  -8.2202
 -2.8271   2.9881  -0.2666  -8.2061
 -2.8276   2.9897  -0.2021  -8.1921
 -2.8258   2.9919  -0.1387  -8.1779
 -2.8214   2.9945  -0.0767  -8.1638
 -2.8145   2.9976  -0.0161  -8.1496
 -2.8050   3.0013   0.0430  -8.1354
 -2.7927   3.0055   0.1004  -8.1211
 -2.7775   3.0103   0.1560  -8.1069
 -2.7595   3.0158   0.2098  -8.0926
 -2.7385   3.0219   0.2615  -8.0783
 -2.7144   3.0287   0.3110  -8.0640
 -2.6872   3.0361   0.3582  -8.0497
 -2.6567   3.0443   0.4030  -8.0353
 -2.6228   3.0532   0.4453  -8.0209
 -2.5855   3.0629   0.4848  -8.0062
 -2.5446   3.0733   0.5214  -7.9914
 -2.5001   3.0843   0.5551  -7.9762
 -2.4519   3.0961   0.5855  -7.9606
 -2.3997   3.1084   0.6126  -7.9442
 -2.3436   3.1212   0.6362  -7.9269
 -2.2834   3.1344   0.6560  -7.9081
 -2.2190   3.1477   0.6720  -7.8874
 -2.1502   3.1607   0.6839  -7.8639
 -2.0769   3.1731   0.6915  -7.8367
 -1.9990   3.1841   0.6947  -7.8042
 -1.9163   3.1930   0.6931  -7.7646
 -1.8285   3.1985   0.6865  -7.7151
 -1.7356   3.1989   0.6748  -7.6523
 -1.6372   3.1919   0.6575  -7.5712
 -1.5330   3.1745   0.6345  -7.4652
 -1.4227   3.1423   0.6055  -7.3253
 -1.3057   3.0894   0.5700  -7.1392
 -1.1816   3.0080   0.5278  -6.8902
 -1.0495   2.8872   0.4785  -6.5558
 -0.9084   2.7120   0.4215  -6.1050
 -0.7569   2.4625   0.3566  -5.4962
 -0.5934   2.1111   0.2830  -4.6726
 -0.4155   1.6204   0.2000  -3.5574
  6.0541  -4.7316   0.1519  -3.5451
  6.0247  -4.4515   0.3556  -3.4507
  5.9935  -4.1733   0.5542  -3.3825
  5.9604  -3.8969   0.7474  -3.3267
  5.9251  -3.6223   0.9351  -3.2772
  5.8877  -3.3494   1.1174  -3.2311
  5.8481  -3.0782   1.2942  -3.1871
  5.8061  -2.8087   1.4656  -3.1445
  5.7618  -2.5407   1.6315  -3.1028
  5.7150  -2.2743   1.7921  -3.0617
  5.6658  -2.0093   1.9473  -3.0212
  5.6140  -1.7457   2.0973  -2.9811
  5.5596  -1.4836   2.2419  -2.9412
  5.5027  -1.2228   2.3812  -2.9015
  5.4431  -0.9633   2.5152  -2.8619
  5.3808  -0.7052   2.6440  -2.8224
  5.3159  -0.4482   2.7675  -2.7829
  5.2483  -0.1925   2.8858  -2.7434
  5.1780   0.0620   2.9989  -2.7038
  5.1051   0.3154   3.1067  -2.6643
  5.0294   0.5676   3.2093  -2.6248
  4.9511   0.8188   3.3067  -2.5853
  4.8701   1.0689   3.3988  -2.5458
  4.7864   1.3180   3.4857  -2.5063
  4.7001   1.5661   3.5673  -2.4669
  4.6112   1.8132   3.6436  -2.4276
  4.5197   2.0593   3.7147  -2.3883
  4.4257   2.3046   3.7805  -2.3492
  4.3291   2.5490   3.8409  -2.3102
  4.2300   2.7926   3.8960  -2.2713
  4.1285   3.0355   3.9458  -2.2326
  4.0245   3.2775   3.9901  -2.1941
  3.9182   3.5189   4.0290  -2.1557
  3.8095   3.7597   4.0624  -2.1175
  3.6985   3.9998   4.0904  -2.0795
  3.5853   4.2394   4.1128  -2.0417
  3.4698   4.4785   4.1296  -2.0039
  3.3521   4.7171   4.1409  -1.9662
  3.2323   4.9554   4.1465  -1.9285
  3.1104   5.1934   4.1464  -1.8908
  2.9864   5.4311   4.1406  -1.8529
  2.8604   5.6686   4.1290  -1.8147
  2.7324   5.9060   4.1115  -1.7762
  2.6024   6.1434   4.0881  -1.7373
  2.4719   6.3836   4.0638  -1.7022
  2.3401   6.6253   4.0362  -1.6688
  2.2083   6.8715   4.0100  -1.6413
  2.0743   7.1173   3.9764  -1.6125
  1.9394   7.3661   3.9410  -1.5871
  1.8035   7.6175   3.9027  -1.5644
  1.6663   7.8711   3.8607  -1.5439
  1.5277   8.1269   3.8142  -1.5247
  1.3875   8.3848   3.7628  -1.5063
  1.2424   8.6372   3.6929  -1.4768
  1.0959   8.8915   3.6175  -1.4470
  0.9527   9.1601   3.5566  -1.4343
  0.8037   9.4216   3.4736  -1.4069
  0.6531   9.6847   3.3838  -1.3776
  0.5011   9.9519   3.2897  -1.3488
  0.3476  10.2226   3.1904  -1.3200
  0.1924  10.4973   3.0858  -1.2910
  0.0358  10.7745   2.9751  -1.2606
 -0.1228  11.0577   2.8599  -1.2312
 -0.2833  11.3453   2.7390  -1.2014
 -0.4454  11.6382   2.6139  -1.1728
 -0.6055  11.9513   2.5045  -1.1650
 -0.7729  12.2567   2.3677  -1.1358
 -0.9426  12.5666   2.2237  -1.1007
 -1.1145  12.8804   2.0722  -1.0602
 -1.2886  13.2103   1.9239  -1.0266
 -1.4661  13.5360   1.7582  -0.9749
 -1.6479  13.8743   1.5885  -0.9191
 -1.8331  14.2208   1.4118  -0.8573
 -2.0224  14.5762   1.2279  -0.7853
 -2.2151  14.9408   1.0384  -0.6992
 -2.4127  15.3150   0.8405  -0.5947
 -2.6155  15.7017   0.6361  -0.4717
 -2.8183  16.1083   0.4432  -0.3415
 -3.0319  16.5181   0.2239  -0.1754
 -3.2516  16.9409  -0.0033   0.0003
 -3.2516  16.9409  -0.0033   0.0003
 -2.0586   9.8711  -1.3306  -1.5477
 -1.0687   4.5602  -2.5637  -2.7184
 -0.2506   0.6056  -3.7137  -3.5956
  0.4274  -2.3152  -4.7888  -4.2428
  0.9930  -4.4558  -5.7951  -4.7084
  1.4698  -6.0123  -6.7375  -5.0295
  1.8763  -7.1347  -7.6198  -5.2341
  2.2271  -7.9365  -8.4451  -5.3443
  2.5333  -8.5027  -9.2159  -5.3768
  2.8035  -8.8967  -9.9344  -5.3449
  3.0440  -9.1655 -10.6027  -5.2589
  3.2594  -9.3440 -11.2223  -5.1271
  3.4534  -9.4578 -11.7949  -4.9562
  3.6286  -9.5258 -12.3219  -4.7517
  3.7870  -9.5620 -12.8048  -4.5179
  3.9302  -9.5768 -13.2449  -4.2586
  4.0594  -9.5775 -13.6434  -3.9771
  4.1754  -9.5699 -14.0017  -3.6760
  4.2790  -9.5578 -14.3208  -3.3577
  4.3708  -9.5442 -14.6021  -3.0243
  4.4513  -9.5312 -14.8468  -2.6777
  4.5207  -9.5202 -15.0559  -2.3196
  4.5796  -9.5122 -15.2306  -1.9513
  4.6281  -9.5079 -15.3721  -1.5744
  4.6665  -9.5076 -15.4814  -1.1901
  4.6951  -9.5115 -15.5597  -0.7994
  4.7140  -9.5196 -15.6081  -0.4036
  4.7234  -9.5319 -15.6276  -0.0035
  4.7236  -9.5482 -15.6193   0.3998
  4.7146  -9.5682 -15.5842   0.8056
  4.6967  -9.5918 -15.5234   1.2131
  4.6699  -9.6186 -15.4379   1.6214
  4.6345  -9.6483 -15.3286   2.0300
  4.5906  -9.6807 -15.1966   2.4381
  4.5383  -9.7152 -15.0428   2.8451
  4.4779  -9.7516 -14.8682   3.2504
  4.4093  -9.7896 -14.6736   3.6535
  4.3328  -9.8288 -14.4600   4.0539
  4.2486  -9.8689 -14.2284   4.4511
  4.1567  -9.9094 -13.9795   4.8446
  4.0574  -9.9501 -13.7143   5.2340
  3.9508  -9.9907 -13.4337   5.6189
  3.8370 -10.0307 -13.1384   5.9989
  3.7162 -10.0700 -12.8293   6.3735
  3.5887 -10.1081 -12.5073   6.7426
  3.4545 -10.1447 -12.1731   7.1056
  3.3139 -10.1796 -11.8276   7.4624
  3.1670 -10.2125 -11.4715   7.8126
  3.0141 -10.2430 -11.1056   8.1558
  2.8553 -10.2709 -10.7307   8.4919
  2.6910 -10.2960 -10.3476   8.8206
  2.5212 -10.3179  -9.9571   9.1416
  2.3462 -10.3365  -9.5598   9.4546
  2.1664 -10.3515  -9.1565   9.7595
  1.9818 -10.3625  -8.7479  10.0561
  1.7929 -10.3696  -8.3349  10.3440
  1.5999 -10.3723  -7.9181  10.6233
  1.4030 -10.3706  -7.4981  10.8935
  1.2025 -10.3641  -7.0759  11.1548
  0.9988 -10.3528  -6.6519  11.4067
  0.7922 -10.3365  -6.2270  11.6493
  0.5830 -10.3150  -5.8018  11.8825
  0.3716 -10.2881  -5.3769  12.1060
  0.1583 -10.2558  -4.9532  12.3200
 -0.0566 -10.2179  -4.5312  12.5241
 -0.2726 -10.1742  -4.1116  12.7186
 -0.4894 -10.1248  -3.6951  12.9032
 -0.7065 -10.0694  -3.2823  13.0780
 -0.9236 -10.0081  -2.8738  13.2431
 -1.1402  -9.9407  -2.4703  13.3984
 -1.3560  -9.8673  -2.0725  13.5440
 -1.5703  -9.7877  -1.6809  13.6799
 -1.7829  -9.7020  -1.2961  13.8064
 -1.9932  -9.6102  -0.9188  13.9235
 -2.2008  -9.5123  -0.5496  14.0313
 -2.4051  -9.4083  -0.1891  14.1300
 -2.6057  -9.2982   0.1621  14.2199
 -2.8021  -9.1822   0.5034  14.3011
 -2.9937  -9.0603   0.8343  14.3738
 -3.1800  -8.9326   1.1540  14.4384
 -3.3606  -8.7993   1.4621  14.4951
 -3.5348  -8.6604   1.7579  14.5442
 -3.7022  -8.5161   2.0408  14.5860
 -3.8621  -8.3666   2.3103  14.6209
 -4.0140  -8.2121   2.5656  14.6492
 -4.1573  -8.0528   2.8063  14.6714
 -4.2915  -7.8889   3.0318  14.6877
 -4.4161  -7.7207   3.2413  14.6986
 -4.5303  -7.5485   3.4343  14.7045
 -4.6336  -7.3725   3.6101  14.7059
 -4.7255  -7.1930   3.7682  14.7031
 -4.8052  -7.0105   3.9078  14.6966
 -4.8723  -6.8252   4.0283  14.6867
 -4.9262  -6.6374   4.1291  14.6739
 -4.9661  -6.4477   4.2096  14.6586
 -4.9915  -6.2562   4.2689  14.6411
 -5.0018  -6.0636   4.3065  14.6216
 -4.9964  -5.8700   4.3218  14.6004
 -4.9746  -5.6760   4.3139  14.5774
 -4.9357  -5.4819   4.2823  14.5527
 -4.8792  -5.2880   4.2264  14.5258
 -4.8044  -5.0946   4.1454  14.4962
 -4.7107  -4.9018   4.0389  14.4626
 -4.5973  -4.7098   3.9064  14.4235
 -4.4637  -4.5184   3.7475  14.3760
 -4.3090  -4.3273   3.5619  14.3165
 -4.1327  -4.1357   3.3496  14.2393
 -3.9340  -3.9427   3.1109  14.1364
 -3.7121  -3.7464   2.8466  13.9965
 -3.4662  -3.5442   2.5579  13.8034
 -3.1955  -3.3324   2.2472  13.5342
 -2.8991  -3.1058   1.9179  13.1568
 -2.5760  -2.8572   1.5752  12.6254
 -2.2251  -2.5764   1.2269  11.8756
 -1.8451  -2.2498   0.8840  10.8165
 -1.4345  -1.8588   0.5626   9.3199
 -0.9915  -1.3781   0.2852   7.2048
 -0.5140  -0.7738   0.0831   4.2171
 -0.5148  -0.7606  12.4023 -13.0267
 -0.5515  -0.3204  12.2929 -12.7689
 -0.5854   0.0597  12.1857 -12.5161
 -0.6168   0.3879  12.0807 -12.2682
 -0.6458   0.6712  11.9777 -12.0246
 -0.6726   0.9158  11.8766 -11.7851
 -0.6974   1.1271  11.7773 -11.5495
 -0.7202   1.3094  11.6795 -11.3174
 -0.7412   1.4668  11.5831 -11.0886
 -0.7604   1.6028  11.4880 -10.8629
 -0.7780   1.7201  11.3941 -10.6399
 -0.7940   1.8214  11.3012 -10.4196
 -0.8085   1.9089  11.2092 -10.2016
 -0.8215   1.9843  11.1180  -9.9858
 -0.8331   2.0495  11.0273  -9.7719
 -0.8435   2.1063  10.9370  -9.5594
 -0.8524   2.1547  10.8471  -9.3490
 -0.8601   2.1965  10.7575  -9.1400
 -0.8665   2.2325  10.6679  -8.9323
 -0.8719   2.2643  10.5781  -8.7252
 -0.8760   2.2911  10.4882  -8.5196
 -0.8790   2.3140  10.3980  -8.3149
 -0.8808   2.3336  10.3074  -8.1110
 -0.8816   2.3504  10.2162  -7.9077
 -0.8814   2.3646  10.1243  -7.7048
 -0.8801   2.3767  10.0316  -7.5024
 -0.8779   2.3868   9.9378  -7.3002
 -0.8748   2.3952   9.8430  -7.0981
 -0.8707   2.4021   9.7470  -6.8962
 -0.8657   2.4076   9.6496  -6.6941
 -0.8599   2.4119   9.5507  -6.4919
 -0.8532   2.4150   9.4502  -6.2895
 -0.8457   2.4172   9.3480  -6.0868
 -0.8374   2.4184   9.2440  -5.8837
 -0.8283   2.4187   9.1379  -5.6801
 -0.8185   2.4182   9.0298  -5.4759
 -0.8079   2.4169   8.9194  -5.2711
 -0.7967   2.4149   8.8067  -5.0656
 -0.7847   2.4120   8.6915  -4.8594
 -0.7721   2.4085   8.5737  -4.6523
 -0.7588   2.4042   8.4532  -4.4443
 -0.7449   2.3992   8.3298  -4.2353
 -0.7304   2.3935   8.2035  -4.0254
 -0.7154   2.3869   8.0742  -3.8143
 -0.6998   2.3797   7.9416  -3.6022
 -0.6836   2.3716   7.8058  -3.3888
 -0.6670   2.3626   7.6665  -3.1742
 -0.6499   2.3528   7.5237  -2.9583
 -0.6324   2.3420   7.3773  -2.7411
 -0.6144   2.3303   7.2272  -2.5225
 -0.5961   2.3175   7.0733  -2.3025
 -0.5774   2.3035   6.9154  -2.0810
 -0.5584   2.2883   6.7535  -1.8580
 -0.5390   2.2718   6.5875  -1.6334
 -0.5194   2.2538   6.4173  -1.4072
 -0.4995   2.2342   6.2428  -1.1793
 -0.4794   2.2129   6.0639  -0.9498
 -0.4591   2.1896   5.8806  -0.7185
 -0.4387   2.1641   5.6928  -0.4854
 -0.4181   2.1363   5.5004  -0.2505
 -0.3974   2.1057   5.3034  -0.0137
 -0.3766   2.0722   5.1016   0.2250
 -0.3558   2.0352   4.8951   0.4656
 -0.3349   1.9944   4.6838   0.7083
 -0.3140   1.9493   4.4676   0.9530
 -0.2931   1.8992   4.2465   1.1997
 -0.2723   1.8435   4.0205   1.4486
 -0.2515   1.7814   3.7895   1.6997
 -0.2307   1.7120   3.5535   1.9530
 -0.2100   1.6341   3.3125   2.2087
 -0.1894   1.5467   3.0664   2.4666
 -0.1688   1.4482   2.8153   2.7269
 -0.1482   1.3371   2.5591   2.9897
 -0.1276   1.2114   2.2977   3.2551
 -0.1069   1.0689   2.0313   3.5230
 -0.0862   0.9072   1.7596   3.7936
 -0.0653   0.7231   1.4829   4.0670
 -0.0442   0.5134   1.2009   4.3432
 -0.0228   0.2740   0.9138   4.6224
 -0.0009   0.0003   0.6214   4.9046
 -0.0009   0.0003   0.6214   4.9046
  0.0030   0.4738   0.6114   2.6248
  0.0068   0.8149   0.5626   0.9333
  0.0103   1.0607   0.4850  -0.3223
  0.0133   1.2381   0.3869  -1.2545
  0.0158   1.3665   0.2744  -1.9464
  0.0177   1.4597   0.1525  -2.4598
  0.0190   1.5276   0.0249  -2.8401
  0.0198   1.5774  -0.1056  -3.1216
  0.0199   1.6143  -0.2370  -3.3292
  0.0195   1.6418  -0.3677  -3.4819
  0.0185   1.6626  -0.4966  -3.5937
  0.0170   1.6786  -0.6230  -3.6748
  0.0150   1.6911  -0.7463  -3.7332
  0.0125   1.7012  -0.8660  -3.7745
  0.0095   1.7095  -0.9821  -3.8032
  0.0060   1.7164  -1.0942  -3.8224
  0.0021   1.7225  -1.2023  -3.8345
 -0.0022   1.7278  -1.3065  -3.8413
 -0.0070   1.7327  -1.4065  -3.8442
 -0.0122   1.7372  -1.5026  -3.8442
 -0.0177   1.7414  -1.5948  -3.8420
 -0.0237   1.7455  -1.6830  -3.8383
 -0.0300   1.7494  -1.7674  -3.8333
 -0.0366   1.7531  -1.8481  -3.8274
 -0.0436   1.7568  -1.9251  -3.8209
 -0.0510   1.7605  -1.9986  -3.8140
 -0.0586   1.7640  -2.0685  -3.8067
 -0.0666   1.7676  -2.1351  -3.7992
 -0.0748   1.7711  -2.1983  -3.7916
 -0.0834   1.7745  -2.2583  -3.7838
 -0.0922   1.7780  -2.3151  -3.7760
 -0.1012   1.7814  -2.3689  -3.7682
 -0.1105   1.7848  -2.4196  -3.7604
 -0.1201   1.7881  -2.4675  -3.7526
 -0.1299   1.7915  -2.5125  -3.7448
 -0.1398   1.7948  -2.5547  -3.7371
 -0.1500   1.7981  -2.5943  -3.7295
 -0.1604   1.8014  -2.6312  -3.7219
 -0.1709   1.8047  -2.6656  -3.7143
 -0.1816   1.8079  -2.6974  -3.7068
 -0.1924   1.8112  -2.7268  -3.6994
 -0.2034   1.8144  -2.7539  -3.6921
 -0.2144   1.8176  -2.7786  -3.6848
 -0.2256   1.8208  -2.8011  -3.6775
 -0.2369   1.8240  -2.8214  -3.6704
 -0.2483   1.8272  -2.8396  -3.6633
 -0.2597   1.8303  -2.8556  -3.6562
 -0.2712   1.8335  -2.8696  -3.6493
 -0.2828   1.8366  -2.8816  -3.6423
 -0.2943   1.8397  -2.8917  -3.6355
 -0.3059   1.8428  -2.8998  -3.6286
 -0.3175   1.8460  -2.9061  -3.6219
 -0.3291   1.8491  -2.9105  -3.6152
 -0.3406   1.8522  -2.9132  -3.6085
 -0.3521   1.8552  -2.9141  -3.6019
 -0.3635   1.8583  -2.9134  -3.5953
 -0.3749   1.8614  -2.9109  -3.5887
 -0.3862   1.8645  -2.9068  -3.5822
 -0.3973   1.8676  -2.9011  -3.5758
 -0.4084   1.8707  -2.8938  -3.5693
 -0.4193   1.8737  -2.8850  -3.5629
 -0.4301   1.8768  -2.8746  -3.5565
 -0.4407   1.8799  -2.8628  -3.5501
 -0.4511   1.8830  -2.8494  -3.5437
 -0.4614   1.8861  -2.8347  -3.5374
 -0.4714   1.8892  -2.8185  -3.5310
 -0.4812   1.8924  -2.8008  -3.5247
 -0.4907   1.8955  -2.7818  -3.5184
 -0.5000   1.8987  -2.7614  -3.5120
 -0.5089   1.9018  -2.7397  -3.5057
 -0.5176   1.9050  -2.7166  -3.4993
 -0.5260   1.9082  -2.6922  -3.4930
 -0.5340   1.9115  -2.6665  -3.4866
 -0.5416   1.9147  -2.6394  -3.4802
 -0.5489   1.9180  -2.6111  -3.4738
 -0.5558   1.9213  -2.5814  -3.4674
 -0.5622   1.9247  -2.5505  -3.4609
 -0.5682   1.9280  -2.5183  -3.4544
 -0.5737   1.9314  -2.4848  -3.4479
 -0.5788   1.9349  -2.4501  -3.4413
 -0.5834   1.9384  -2.4141  -3.4347
 -0.5874   1.9419  -2.3767  -3.4280
 -0.5908   1.9455  -2.3382  -3.4213
 -0.5937   1.9491  -2.2983  -3.4145
 -0.5960   1.9528  -2.2572  -3.4077
 -0.5977   1.9565  -2.2147  -3.4007
 -0.5987   1.9603  -2.1710  -3.3937
 -0.5990   1.9641  -2.1259  -3.3866
 -0.5987   1.9679  -2.0796  -3.3794
 -0.5976   1.9719  -2.0318  -3.3721
 -0.5957   1.9758  -1.9828  -3.3647
 -0.5931   1.9798  -1.9324  -3.3571
 -0.5896   1.9838  -1.8806  -3.3494
 -0.5853   1.9878  -1.8274  -3.3414
 -0.5801   1.9917  -1.7728  -3.3332
 -0.5740   1.9957  -1.7167  -3.3247
 -0.5670   1.9995  -1.6592  -3.3158
 -0.5590   2.0031  -1.6002  -3.3065
 -0.5499   2.0064  -1.5397  -3.2965
 -0.5399   2.0094  -1.4776  -3.2858
 -0.5287   2.0118  -1.4140  -3.2740
 -0.5163   2.0134  -1.3488  -3.2609
 -0.5028   2.0138  -1.2820  -3.2459
 -0.4880   2.0128  -1.2135  -3.2286
 -0.4719   2.0096  -1.1433  -3.2081
 -0.4545   2.0036  -1.0714  -3.1833
 -0.4355   1.9936  -0.9979  -3.1528
 -0.4150   1.9784  -0.9226  -3.1145
 -0.3927   1.9560  -0.8455  -3.0658
 -0.3686   1.9239  -0.7668  -3.0031
 -0.3424   1.8788  -0.6863  -2.9213
 -0.3139   1.8160  -0.6042  -2.8139
 -0.2827   1.7296  -0.5205  -2.6717
 -0.2484   1.6114  -0.4354  -2.4825
 -0.2105   1.4504  -0.3490  -2.2298
 -0.1681   1.2319  -0.2616  -1.8911
 -0.1205   0.9363  -0.1738  -1.4361
 -0.0662   0.5374  -0.0860  -0.8242
 -0.0036   0.0003   0.0009  -0.0001
 -0.0038   0.0004   0.0007  -0.0002
 -0.0040   0.0004   0.0006  -0.0002
  6.7396  -5.6797  -0.0822   0.0141
  6.7049  -5.3304   0.1462  -0.4929
  6.6669  -4.9854   0.3664  -0.9213
  6.6256  -4.6447   0.5785  -1.2828
  6.5809  -4.3079   0.7829  -1.5871
  6.5327  -3.9750   0.9800  -1.8424
  6.4810  -3.6459   1.1698  -2.0559
  6.4258  -3.3205   1.3527  -2.2336
  6.3671  -2.9986   1.5289  -2.3808
  6.3047  -2.6803   1.6985  -2.5018
  6.2387  -2.3653   1.8618  -2.6004
  6.1692  -2.0536   2.0188  -2.6799
  6.0960  -1.7453   2.1698  -2.7429
  6.0191  -1.4401   2.3149  -2.7919
  5.9388  -1.1380   2.4541  -2.8288
  5.8548  -0.8390   2.5876  -2.8553
  5.7673  -0.5430   2.7155  -2.8730
  5.6764  -0.2500   2.8378  -2.8830
  5.5820   0.0402   2.9546  -2.8865
  5.4843   0.3274   3.0660  -2.8844
  5.3833   0.6119   3.1721  -2.8773
  5.2790   0.8937   3.2730  -2.8661
  5.1717   1.1728   3.3686  -2.8513
  5.0613   1.4493   3.4591  -2.8333
  4.9480   1.7233   3.5445  -2.8125
  4.8318   1.9947   3.6249  -2.7894
  4.7130   2.2638   3.7004  -2.7642
  4.5915   2.5306   3.7710  -2.7373
  4.4676   2.7952   3.8369  -2.7087
  4.3414   3.0577   3.8981  -2.6788
  4.2130   3.3181   3.9547  -2.6478
  4.0826   3.5767   4.0069  -2.6157
  3.9502   3.8334   4.0548  -2.5828
  3.8161   4.0886   4.0984  -2.5492
  3.6804   4.3421   4.1379  -2.5150
  3.5432   4.5943   4.1733  -2.4802
  3.4046   4.8452   4.2048  -2.4451
  3.2646   5.0946   4.2317  -2.4090
  3.1237   5.3432   4.2552  -2.3731
  2.9817   5.5909   4.2748  -2.3370
  2.8388   5.8377   4.2904  -2.3008
  2.6951   6.0838   4.3020  -2.2645
  2.5505   6.3293   4.3094  -2.2280
  2.4052   6.5742   4.3126  -2.1915
  2.2593   6.8187   4.3115  -2.1548
  2.1127   7.0629   4.3059  -2.1180
  1.9655   7.3069   4.2957  -2.0812
  1.8178   7.5508   4.2807  -2.0442
  1.6695   7.7947   4.2607  -2.0071
  1.5208   8.0387   4.2355  -1.9699
  1.3715   8.2829   4.2051  -1.9327
  1.2217   8.5275   4.1690  -1.8953
  1.0715   8.7725   4.1273  -1.8577
  0.9208   9.0181   4.0795  -1.8201
  0.7695   9.2645   4.0256  -1.7822
  0.6177   9.5117   3.9653  -1.7442
  0.4654   9.7599   3.8984  -1.7060
  0.3125  10.0093   3.8246  -1.6675
  0.1589  10.2600   3.7436  -1.6287
  0.0047  10.5122   3.6554  -1.5895
 -0.1503  10.7660   3.5596  -1.5497
 -0.3061  11.0217   3.4560  -1.5093
 -0.4627  11.2793   3.3443  -1.4680
 -0.6202  11.5393   3.2243  -1.4256
 -0.7788  11.8016   3.0959  -1.3819
 -0.9385  12.0666   2.9586  -1.3365
 -1.0994  12.3345   2.8124  -1.2889
 -1.2616  12.6056   2.6569  -1.2387
 -1.4253  12.8800   2.4920  -1.1853
 -1.5906  13.1582   2.3175  -1.1278
 -1.7576  13.4403   2.1330  -1.0653
 -1.9266  13.7268   1.9384  -0.9968
 -2.0975  14.0180   1.7336  -0.9209
 -2.2707  14.3141   1.5183  -0.8360
 -2.4464  14.6157   1.2923  -0.7401
 -2.6247  14.9231   1.0555  -0.6310
 -2.8059  15.2369   0.8077  -0.5060
 -2.9903  15.5574   0.5487  -0.3619
 -3.1781  15.8853   0.2786  -0.1947
 -3.3696  16.2211  -0.0028   0.0001
 -3.3696  16.2211  -0.0028   0.0001
 -2.4067   9.4201  -1.1415  -1.0849
 -1.6122   4.2953  -2.1998  -1.9091
 -0.9624   0.4684  -3.1866  -2.5291
 -0.4313  -2.3725  -4.1088  -2.9883
  0.0050  -4.4716  -4.9718  -3.3195
  0.3662  -6.0156  -5.7801  -3.5480
  0.6681  -7.1453  -6.5370  -3.6930
  0.9228  -7.9661  -7.2455  -3.7698
  1.1397  -8.5570  -7.9078  -3.7899
  1.3262  -8.9770  -8.5262  -3.7627
  1.4875  -9.2704  -9.1023  -3.6954
  1.6279  -9.4703  -9.6379  -3.5940
  1.7505  -9.6015 -10.1344  -3.4632
  1.8577  -9.6825 -10.5932  -3.3068
  1.9513  -9.7272 -11.0156  -3.1282
  2.0328  -9.7461 -11.4027  -2.9301
  2.1032  -9.7467 -11.7558  -2.7148
  2.1633  -9.7348 -12.0759  -2.4844
  2.2140  -9.7147 -12.3641  -2.2404
  2.2556  -9.6894 -12.6214  -1.9846
  2.2887  -9.6613 -12.8489  -1.7183
  2.3136  -9.6319 -13.0474  -1.4426
  2.3306  -9.6024 -13.2180  -1.1588
  2.3399  -9.5735 -13.3616  -0.8678
  2.3419  -9.5459 -13.4792  -0.5705
  2.3367  -9.5198 -13.5715  -0.2679
  2.3244  -9.4954 -13.6395   0.0393
  2.3053  -9.4727 -13.6840   0.3504
  2.2796  -9.4518 -13.7059   0.6647
  2.2473  -9.4325 -13.7060   0.9816
  2.2087  -9.4147 -13.6852   1.3004
  2.1639  -9.3983 -13.6441   1.6206
  2.1130  -9.3831 -13.5836   1.9417
  2.0562  -9.3689 -13.5045   2.2632
  1.9936  -9.3555 -13.4075   2.5847
  1.9254  -9.3426 -13.2933   2.9057
  1.8517  -9.3301 -13.1627   3.2258
  1.7727  -9.3177 -13.0163   3.5446
  1.6884  -9.3052 -12.8550   3.8619
  1.5991  -9.2925 -12.6793   4.1771
  1.5049  -9.2793 -12.4899   4.4901
  1.4059  -9.2653 -12.2875   4.8005
  1.3024  -9.2505 -12.0728   5.1080
  1.1943  -9.2345 -11.8463   5.4123
  1.0820  -9.2173 -11.6088   5.7132
  0.9656  -9.1985 -11.3609   6.0105
  0.8453  -9.1782 -11.1031   6.3039
  0.7212  -9.1560 -10.8360   6.5932
  0.5934  -9.1318 -10.5604   6.8781
  0.4623  -9.1054 -10.2767   7.1585
  0.3280  -9.0768  -9.9856   7.4341
  0.1906  -9.0456  -9.6876   7.7049
  0.0504  -9.0120  -9.3833   7.9705
 -0.0924  -8.9755  -9.0732   8.2309
 -0.2376  -8.9363  -8.7580   8.4859
 -0.3850  -8.8941  -8.4382   8.7353
 -0.5344  -8.8488  -8.1144   8.9791
 -0.6855  -8.8004  -7.7870   9.2170
 -0.8381  -8.7486  -7.4567   9.4489
 -0.9919  -8.6936  -7.1240   9.6747
 -1.1468  -8.6351  -6.7894   9.8944
 -1.3024  -8.5731  -6.4534  10.1078
 -1.4584  -8.5076  -6.1167  10.3149
 -1.6147  -8.4384  -5.7796  10.5155
 -1.7709  -8.3656  -5.4428  10.7096
 -1.9268  -8.2890  -5.1067  10.8972
 -2.0821  -8.2088  -4.7719  11.0782
 -2.2364  -8.1248  -4.4389  11.2526
 -2.3894  -8.0370  -4.1082  11.4203
 -2.5409  -7.9455  -3.7803  11.5814
 -2.6906  -7.8502  -3.4556  11.7358
 -2.8381  -7.7512  -3.1349  11.8836
 -2.9830  -7.6485  -2.8184  12.0248
 -3.1251  -7.5421  -2.5067  12.1595
 -3.2640  -7.4321  -2.2003  12.2876
 -3.3994  -7.3186  -1.8997  12.4094
 -3.5308  -7.2015  -1.6054  12.5248
 -3.6581  -7.0810  -1.3179  12.6340
 -3.7807  -6.9571  -1.0377  12.7371
 -3.8983  -6.8300  -0.7652  12.8342
 -4.0105  -6.6998  -0.5010  12.9255
 -4.1171  -6.5666  -0.2456  13.0111
 -4.2174  -6.4305   0.0007  13.0911
 -4.3113  -6.2916   0.2372  13.1659
 -4.3983  -6.1502   0.4635  13.2355
 -4.4779  -6.0064   0.6791  13.3001
 -4.5499  -5.8604   0.8835  13.3600
 -4.6137  -5.7123   1.0762  13.4155
 -4.6689  -5.5624   1.2566  13.4666
 -4.7152  -5.4108   1.4244  13.5138
 -4.7522  -5.2579   1.5789  13.5571
 -4.7793  -5.1038   1.7197  13.5969
 -4.7962  -4.9488   1.8463  13.6333
 -4.8024  -4.7932   1.9580  13.6666
 -4.7974  -4.6372   2.0545  13.6969
 -4.7809  -4.4811   2.1352  13.7244
 -4.7524  -4.3252   2.1995  13.7492
 -4.7114  -4.1697   2.2470  13.7713
 -4.6575  -4.0150   2.2771  13.7905
 -4.5902  -3.8612   2.2893  13.8066
 -4.5089  -3.7087   2.2831  13.8190
 -4.4133  -3.5576   2.2582  13.8270
 -4.3029  -3.4080   2.2140  13.8292
 -4.1770  -3.2601   2.1502  13.8238
 -4.0353  -3.1138   2.0666  13.8079
 -3.8771  -2.9689   1.9631  13.7775
 -3.7020  -2.8251   1.8398  13.7269
 -3.5092  -2.6814   1.6970  13.6481
 -3.2983  -2.5370   1.5355  13.5296
 -3.0686  -2.3901   1.3566  13.3555
 -2.8194  -2.2384   1.1625  13.1033
 -2.5499  -2.0784   0.9565  12.7415
 -2.2592  -1.9054   0.7433  12.2258
 -1.9463  -1.7128   0.5301  11.4944
 -1.6102  -1.4917   0.3269  10.4601
 -1.2494  -1.2298   0.1480   9.0012
 -0.8621  -0.9103   0.0135   6.9467
 -0.4463  -0.5107  -0.0487   4.0575
 -0.4305  -0.4931  11.8659 -12.1749
 -0.4603  -0.0838  11.7804 -11.9513
 -0.4880   0.2691  11.6964 -11.7311
 -0.5138   0.5733  11.6139 -11.5142
 -0.5378   0.8354  11.5328 -11.3003
 -0.5602   1.0613  11.4528 -11.0891
 -0.5810   1.2559  11.3741 -10.8805
 -0.6003   1.4235  11.2963 -10.6742
 -0.6183   1.5677  11.2195 -10.4701
 -0.6349   1.6918  11.1435 -10.2680
 -0.6503   1.7986  11.0682 -10.0677
 -0.6644   1.8904  10.9935  -9.8691
 -0.6773   1.9692  10.9193  -9.6719
 -0.6891   2.0369  10.8454  -9.4761
 -0.6998   2.0949  10.7718  -9.2815
 -0.7094   2.1446  10.6984  -9.0880
 -0.7179   2.1872  10.6250  -8.8953
 -0.7254   2.2235  10.5514  -8.7035
 -0.7320   2.2545  10.4777  -8.5123
 -0.7375   2.2808  10.4037  -8.3217
 -0.7421   2.3031  10.3292  -8.1315
 -0.7458   2.3219  10.2542  -7.9416
 -0.7486   2.3377  10.1786  -7.7520
 -0.7505   2.3509  10.1021  -7.5624
 -0.7515   2.3617  10.0247  -7.3729
 -0.7517   2.3706   9.9464  -7.1834
 -0.7510   2.3777   9.8668  -6.9936
 -0.7495   2.3832   9.7860  -6.8036
 -0.7473   2.3874   9.7039  -6.6133
 -0.7442   2.3903   9.6202  -6.4226
 -0.7404   2.3922   9.5349  -6.2314
 -0.7358   2.3931   9.4479  -6.0397
 -0.7305   2.3930   9.3590  -5.8473
 -0.7245   2.3922   9.2682  -5.6542
 -0.7177   2.3906   9.1752  -5.4604
 -0.7103   2.3882   9.0800  -5.2657
 -0.7022   2.3852   8.9825  -5.0702
 -0.6935   2.3816   8.8824  -4.8737
 -0.6841   2.3773   8.7798  -4.6762
 -0.6741   2.3724   8.6745  -4.4776
 -0.6635   2.3669   8.5664  -4.2779
 -0.6524   2.3608   8.4553  -4.0771
 -0.6406   2.3540   8.3411  -3.8751
 -0.6284   2.3466   8.2237  -3.6718
 -0.6156   2.3386   8.1031  -3.4672
 -0.6023   2.3298   7.9790  -3.2612
 -0.5885   2.3204   7.8514  -3.0539
 -0.5743   2.3102   7.7201  -2.8451
 -0.5596   2.2992   7.5851  -2.6349
 -0.5446   2.2873   7.4463  -2.4231
 -0.5291   2.2745   7.3035  -2.2098
 -0.5133   2.2606   7.1566  -1.9949
 -0.4972   2.2457   7.0056  -1.7784
 -0.4807   2.2296   6.8504  -1.5602
 -0.4640   2.2121   6.6908  -1.3404
 -0.4469   2.1932   6.5268  -1.1188
 -0.4297   2.1726   6.3583  -0.8955
 -0.4122   2.1503   6.1852  -0.6704
 -0.3946   2.1259   6.0075  -0.4435
 -0.3768   2.0992   5.8250  -0.2148
 -0.3588   2.0700   5.6378   0.0158
 -0.3407   2.0379   5.4458   0.2483
 -0.3225   2.0025   5.2489   0.4827
 -0.3043   1.9634   5.0470   0.7190
 -0.2859   1.9200   4.8402   0.9573
 -0.2676   1.8718   4.6283   1.1977
 -0.2491   1.8181   4.4115   1.4400
 -0.2307   1.7580   4.1895   1.6844
 -0.2122   1.6907   3.9625   1.9310
 -0.1937   1.6150   3.7303   2.1796
 -0.1752   1.5298   3.4930   2.4305
 -0.1566   1.4336   3.2506   2.6835
 -0.1380   1.3248   3.0030   2.9388
 -0.1192   1.2013   2.7503   3.1965
 -0.1003   1.0610   2.4924   3.4565
 -0.0812   0.9012   2.2293   3.7189
 -0.0618   0.7191   1.9610   3.9838
 -0.0420   0.5110   1.6876   4.2512
 -0.0218   0.2730   1.4090   4.5213
 -0.0009   0.0003   1.1252   4.7941
 -0.0009   0.0003   1.1252   4.7941
 -0.0021   0.4547   1.0773   2.6343
 -0.0031   0.7820   0.9974   1.0406
 -0.0041   1.0177   0.8940  -0.1361
 -0.0053   1.1878   0.7742  -1.0051
 -0.0069   1.3108   0.6434  -1.6469
 -0.0087   1.4001   0.5058  -2.1205
 -0.0109   1.4651   0.3645  -2.4697
 -0.0135   1.5127   0.2218  -2.7268
 -0.0164   1.5480   0.0796  -2.9155
 -0.0196   1.5742  -0.0611  -3.0535
 -0.0231   1.5941  -0.1991  -3.1539
 -0.0270   1.6094  -0.3340  -3.2264
 -0.0312   1.6213  -0.4654  -3.2781
 -0.0357   1.6308  -0.5928  -3.3145
 -0.0405   1.6387  -0.7161  -3.3394
 -0.0456   1.6452  -0.8352  -3.3558
 -0.0509   1.6509  -0.9501  -3.3659
 -0.0565   1.6559  -1.0608  -3.3713
 -0.0624   1.6605  -1.1673  -3.3733
 -0.0685   1.6646  -1.2697  -3.3726
 -0.0749   1.6686  -1.3679  -3.3701
 -0.0815   1.6723  -1.4622  -3.3662
 -0.0883   1.6759  -1.5525  -3.3612
 -0.0954   1.6793  -1.6390  -3.3555
 -0.1027   1.6827  -1.7217  -3.3492
 -0.1102   1.6860  -1.8008  -3.3425
 -0.1179   1.6892  -1.8763  -3.3356
 -0.1258   1.6924  -1.9484  -3.3285
 -0.1338   1.6956  -2.0170  -3.3213
 -0.1421   1.6987  -2.0824  -3.3140
 -0.1505   1.7018  -2.1445  -3.3066
 -0.1591   1.7048  -2.2035  -3.2993
 -0.1678   1.7078  -2.2595  -3.2920
 -0.1767   1.7108  -2.3125  -3.2847
 -0.1858   1.7138  -2.3626  -3.2774
 -0.1949   1.7168  -2.4098  -3.2702
 -0.2042   1.7197  -2.4544  -3.2630
 -0.2136   1.7226  -2.4962  -3.2559
 -0.2231   1.7255  -2.5355  -3.2489
 -0.2327   1.7284  -2.5722  -3.2419
 -0.2423   1.7313  -2.6065  -3.2350
 -0.2521   1.7341  -2.6383  -3.2282
 -0.2619   1.7370  -2.6678  -3.2214
 -0.2718   1.7398  -2.6950  -3.2147
 -0.2817   1.7426  -2.7200  -3.2080
 -0.2916   1.7454  -2.7428  -3.2015
 -0.3016   1.7482  -2.7634  -3.1949
 -0.3116   1.7509  -2.7820  -3.1885
 -0.3216   1.7537  -2.7985  -3.1821
 -0.3315   1.7565  -2.8131  -3.1757
 -0.3415   1.7592  -2.8257  -3.1694
 -0.3514   1.7619  -2.8364  -3.1632
 -0.3613   1.7647  -2.8453  -3.1570
 -0.3712   1.7674  -2.8523  -3.1508
 -0.3810   1.7701  -2.8575  -3.1447
 -0.3907   1.7728  -2.8610  -3.1387
 -0.4003   1.7755  -2.8628  -3.1326
 -0.4098   1.7782  -2.8629  -3.1267
 -0.4192   1.7810  -2.8613  -3.1207
 -0.4285   1.7837  -2.8582  -3.1148
 -0.4376   1.7864  -2.8534  -3.1089
 -0.4466   1.7891  -2.8470  -3.1030
 -0.4554   1.7918  -2.8391  -3.0971
 -0.4641   1.7945  -2.8297  -3.0913
 -0.4725   1.7973  -2.8188  -3.0854
 -0.4808   1.8000  -2.8064  -3.0796
 -0.4888   1.8028  -2.7925  -3.0738
 -0.4966   1.8055  -2.7772  -3.0680
 -0.5041   1.8083  -2.7604  -3.0622
 -0.5113   1.8111  -2.7423  -3.0564
 -0.5183   1.8139  -2.7227  -3.0505
 -0.5250   1.8168  -2.7017  -3.0447
 -0.5313   1.8196  -2.6793  -3.0388
 -0.5374   1.8225  -2.6556  -3.0330
 -0.5430   1.8254  -2.6304  -3.0271
 -0.5483   1.8283  -2.6039  -3.0212
 -0.5532   1.8313  -2.5760  -3.0152
 -0.5577   1.8342  -2.5468  -3.0092
 -0.5618   1.8372  -2.5162  -3.0032
 -0.5654   1.8403  -2.4842  -2.9972
 -0.5686   1.8434  -2.4508  -2.9911
 -0.5713   1.8465  -2.4161  -2.9849
 -0.5735   1.8496  -2.3800  -2.9787
 -0.5751   1.8528  -2.3425  -2.9725
 -0.5762   1.8561  -2.3035  -2.9661
 -0.5768   1.8594  -2.2632  -2.9597
 -0.5767   1.8627  -2.2214  -2.9532
 -0.5760   1.8661  -2.1782  -2.9467
 -0.5747   1.8695  -2.1336  -2.9400
 -0.5728   1.8729  -2.0874  -2.9332
 -0.5701   1.8764  -2.0398  -2.9264
 -0.5667   1.8799  -1.9906  -2.9193
 -0.5626   1.8834  -1.9399  -2.9122
 -0.5577   1.8869  -1.8877  -2.9048
 -0.5521   1.8904  -1.8338  -2.8972
 -0.5456   1.8938  -1.7783  -2.8893
 -0.5382   1.8971  -1.7212  -2.8811
 -0.5300   1.9003  -1.6624  -2.8725
 -0.5208   1.9032  -1.6019  -2.8634
 -0.5107   1.9057  -1.5396  -2.8535
 -0.4995   1.9077  -1.4755  -2.8428
 -0.4874   1.9089  -1.4096  -2.8309
 -0.4741   1.9091  -1.3418  -2.8174
 -0.4598   1.9079  -1.2722  -2.8019
 -0.4442   1.9047  -1.2006  -2.7837
 -0.4273   1.8988  -1.1270  -2.7617
 -0.4092   1.8892  -1.0514  -2.7349
 -0.3895   1.8747  -0.9738  -2.7013
 -0.3684   1.8535  -0.8941  -2.6588
 -0.3455   1.8232  -0.8124  -2.6042
 -0.3207   1.7806  -0.7286  -2.5332
 -0.2938   1.7214  -0.6428  -2.4400
 -0.2644   1.6398  -0.5551  -2.3168
 -0.2322   1.5281  -0.4654  -2.1529
 -0.1967   1.3759  -0.3741  -1.9340
 -0.1570   1.1691  -0.2813  -1.6406
 -0.1124   0.8889  -0.1875  -1.2463
 -0.0617   0.5105  -0.0932  -0.7155
 -0.0032   0.0003   0.0009  -0.0001
 -0.0034   0.0003   0.0007  -0.0002
 -0.0036   0.0003   0.0007  -0.0002
  6.6107  -5.3847  -0.0829   0.0140
  6.5861  -5.0349   0.1622  -0.4291
  6.5581  -4.6893   0.3981  -0.8094
  6.5265  -4.3477   0.6253  -1.1320
  6.4914  -4.0102   0.8440  -1.4040
  6.4526  -3.6764   1.0545  -1.6326
  6.4101  -3.3464   1.2570  -1.8238
  6.3638  -3.0200   1.4519  -1.9834
  6.3138  -2.6971   1.6392  -2.1158
  6.2599  -2.3777   1.8193  -2.2252
  6.2021  -2.0616   1.9924  -2.3149
  6.1405  -1.7488   2.1585  -2.3879
  6.0751  -1.4393   2.3179  -2.4466
  6.0058  -1.1330   2.4707  -2.4932
  5.9326  -0.8298   2.6171  -2.5294
  5.8557  -0.5297   2.7570  -2.5568
  5.7749  -0.2326   2.8907  -2.5766
  5.6905   0.0614   3.0183  -2.5901
  5.6023   0.3525   3.1397  -2.5981
  5.5105   0.6408   3.2552  -2.6015
  5.4151   0.9261   3.3646  -2.6010
  5.3162   1.2086   3.4682  -2.5971
  5.2139   1.4883   3.5659  -2.5904
  5.1083   1.7653   3.6579  -2.5813
  4.9994   2.0396   3.7440  -2.5702
  4.8874   2.3112   3.8244  -2.5573
  4.7723   2.5801   3.8990  -2.5430
  4.6542   2.8465   3.9679  -2.5274
  4.5333   3.1104   4.0311  -2.5108
  4.4096   3.3718   4.0886  -2.4933
  4.2832   3.6307   4.1404  -2.4750
  4.1543   3.8873   4.1864  -2.4560
  4.0229   4.1415   4.2266  -2.4365
  3.8893   4.3934   4.2611  -2.4164
  3.7533   4.6431   4.2897  -2.3958
  3.6153   4.8907   4.3125  -2.3746
  3.4752   5.1362   4.3293  -2.3530
  3.3332   5.3796   4.3402  -2.3307
  3.1894   5.6211   4.3451  -2.3078
  3.0439   5.8607   4.3440  -2.2841
  2.8967   6.0984   4.3366  -2.2594
  2.7479   6.3342   4.3227  -2.2334
  2.5985   6.5693   4.3051  -2.2078
  2.4492   6.8050   4.2863  -2.1844
  2.2993   7.0403   4.2638  -2.1614
  2.1489   7.2752   4.2374  -2.1388
  1.9982   7.5100   4.2073  -2.1166
  1.8471   7.7447   4.1733  -2.0947
  1.6959   7.9803   4.1367  -2.0741
  1.5444   8.2163   4.0961  -2.0538
  1.3928   8.4526   4.0515  -2.0334
  1.2407   8.6879   4.0005  -2.0112
  1.0883   8.9238   3.9448  -1.9890
  0.9355   9.1611   3.8851  -1.9672
  0.7825   9.3983   3.8195  -1.9445
  0.6294   9.6356   3.7482  -1.9208
  0.4757   9.8755   3.6726  -1.8973
  0.3215  10.1160   3.5907  -1.8727
  0.1669  10.3581   3.5032  -1.8478
  0.0117  10.6026   3.4105  -1.8229
 -0.1438  10.8465   3.3096  -1.7953
 -0.3001  11.0937   3.2034  -1.7666
 -0.4572  11.3431   3.0907  -1.7358
 -0.6146  11.5921   2.9690  -1.7003
 -0.7733  11.8473   2.8434  -1.6653
 -0.9327  12.1024   2.7082  -1.6240
 -1.0933  12.3609   2.5657  -1.5780
 -1.2540  12.6211   2.4165  -1.5274
 -1.4162  12.8862   2.2607  -1.4723
 -1.5804  13.1530   2.0936  -1.4084
 -1.7452  13.4311   1.9277  -1.3457
 -1.9118  13.7083   1.7484  -1.2690
 -2.0821  13.9933   1.5599  -1.1817
 -2.2534  14.2800   1.3619  -1.0779
 -2.4273  14.5700   1.1522  -0.9542
 -2.6030  14.8703   0.9397  -0.8149
 -2.7790  15.1764   0.7228  -0.6557
 -2.9598  15.4808   0.4846  -0.4575
 -3.1458  15.7988   0.2394  -0.2363
 -3.3306  16.1270  -0.0028   0.0001
 -3.3306  16.1270  -0.0028   0.0001
 -2.3647   9.3564  -1.1554  -1.1564
 -1.5665   4.2487  -2.2267  -2.0357
 -0.9126   0.4301  -3.2257  -2.6982
 -0.3770  -2.4080  -4.1595  -3.1900
  0.0638  -4.5077  -5.0337  -3.5464
  0.4294  -6.0541  -5.8526  -3.7940
  0.7355  -7.1869  -6.6197  -3.9536
  0.9942  -8.0110  -7.3380  -4.0412
  1.2149  -8.6050  -8.0098  -4.0691
  1.4047  -9.0277  -8.6372  -4.0472
  1.5692  -9.3233  -9.2220  -3.9832
  1.7124  -9.5250  -9.7658  -3.8833
  1.8375  -9.6574 -10.2702  -3.7525
  1.9469  -9.7394 -10.7365  -3.5950
  2.0426  -9.7849 -11.1659  -3.4141
  2.1258  -9.8042 -11.5597  -3.2127
  2.1978  -9.8053 -11.9190  -2.9932
  2.2593  -9.7938 -12.2450  -2.7578
  2.3112  -9.7741 -12.5386  -2.5083
  2.3538  -9.7493 -12.8010  -2.2463
  2.3877  -9.7217 -13.0330  -1.9731
  2.4132  -9.6929 -13.2358  -1.6902
  2.4306  -9.6641 -13.4102  -1.3987
  2.4403  -9.6362 -13.5571  -1.0996
  2.4424  -9.6095 -13.6776  -0.7939
  2.4371  -9.5846 -13.7725  -0.4825
  2.4247  -9.5614 -13.8426  -0.1662
  2.4053  -9.5401 -13.8889   0.1542
  2.3791  -9.5206 -13.9121   0.4779
  2.3463  -9.5029 -13.9132   0.8044
  2.3070  -9.4868 -13.8929   1.1331
  2.2613  -9.4722 -13.8520   1.4632
  2.2094  -9.4588 -13.7914   1.7943
  2.1515  -9.4464 -13.7117   2.1259
  2.0876  -9.4349 -13.6138   2.4575
  2.0180  -9.4240 -13.4984   2.7886
  1.9428  -9.4134 -13.3662   3.1189
  1.8621  -9.4030 -13.2180   3.4478
  1.7761  -9.3925 -13.0544   3.7751
  1.6849  -9.3817 -12.8762   4.1004
  1.5886  -9.3704 -12.6840   4.4233
  1.4875  -9.3583 -12.4785   4.7435
  1.3817  -9.3453 -12.2605   5.0607
  1.2713  -9.3311 -12.0304   5.3747
  1.1565  -9.3155 -11.7890   5.6851
  1.0374  -9.2984 -11.5369   5.9918
  0.9144  -9.2795 -11.2748   6.2943
  0.7874  -9.2587 -11.0032   6.5926
  0.6567  -9.2358 -10.7227   6.8864
  0.5226  -9.2106 -10.4341   7.1755
  0.3851  -9.1830 -10.1378   7.4596
  0.2445  -9.1528  -9.8344   7.7386
  0.1010  -9.1198  -9.5246   8.0124
 -0.0452  -9.0840  -9.2089   8.2806
 -0.1939  -9.0453  -8.8879   8.5432
 -0.3449  -9.0033  -8.5622   8.8000
 -0.4979  -8.9582  -8.2324   9.0509
 -0.6527  -8.9097  -7.8989   9.2957
 -0.8091  -8.8578  -7.5624   9.5342
 -0.9667  -8.8024  -7.2233   9.7665
 -1.1255  -8.7433  -6.8824   9.9923
 -1.2850  -8.6805  -6.5400  10.2115
 -1.4450  -8.6141  -6.1968  10.4241
 -1.6052  -8.5438  -5.8533  10.6300
 -1.7654  -8.4696  -5.5100  10.8292
 -1.9253  -8.3915  -5.1675  11.0215
 -2.0845  -8.3096  -4.8263  11.2069
 -2.2428  -8.2237  -4.4868  11.3854
 -2.3999  -8.1338  -4.1497  11.5569
 -2.5553  -8.0400  -3.8155  11.7215
 -2.7089  -7.9422  -3.4846  11.8792
 -2.8602  -7.8405  -3.1576  12.0299
 -3.0090  -7.7349  -2.8350  12.1738
 -3.1549  -7.6255  -2.5173  12.3108
 -3.2975  -7.5122  -2.2050  12.4410
 -3.4364  -7.3952  -1.8986  12.5645
 -3.5714  -7.2745  -1.5987  12.6815
 -3.7021  -7.1502  -1.3057  12.7919
 -3.8280  -7.0224  -1.0201  12.8959
 -3.9488  -6.8912  -0.7424  12.9937
 -4.0641  -6.7567  -0.4732  13.0853
 -4.1736  -6.6191  -0.2129  13.1711
 -4.2767  -6.4784   0.0380  13.2511
 -4.3732  -6.3349   0.2790  13.3255
 -4.4627  -6.1887   0.5095  13.3945
 -4.5446  -6.0400   0.7291  13.4585
 -4.6186  -5.8890   0.9372  13.5175
 -4.6843  -5.7358   1.1334  13.5718
 -4.7413  -5.5808   1.3171  13.6217
 -4.7891  -5.4240   1.4879  13.6675
 -4.8273  -5.2658   1.6452  13.7093
 -4.8555  -5.1065   1.7884  13.7474
 -4.8732  -4.9462   1.9171  13.7821
 -4.8800  -4.7853   2.0307  13.8136
 -4.8754  -4.6240   2.1286  13.8421
 -4.8590  -4.4626   2.2105  13.8677
 -4.8303  -4.3015   2.2756  13.8906
 -4.7889  -4.1410   2.3236  13.9108
 -4.7342  -3.9812   2.3537  13.9282
 -4.6659  -3.8226   2.3657  13.9425
 -4.5834  -3.6653   2.3588  13.9532
 -4.4863  -3.5097   2.3328  13.9596
 -4.3740  -3.3559   2.2871  13.9603
 -4.2461  -3.2040   2.2213  13.9534
 -4.1019  -3.0540   2.1354  13.9361
 -3.9411  -2.9058   2.0290  13.9045
 -3.7629  -2.7590   1.9023  13.8527
 -3.5669  -2.6130   1.7557  13.7727
 -3.3525  -2.4669   1.5900  13.6530
 -3.1189  -2.3190   1.4064  13.4775
 -2.8654  -2.1672   1.2072  13.2235
 -2.5914  -2.0082   0.9956  12.8591
 -2.2958  -1.8375   0.7766  12.3398
 -1.9778  -1.6489   0.5572  11.6029
 -1.6362  -1.4339   0.3477  10.5604
 -1.2695  -1.1806   0.1626   9.0890
 -0.8760  -0.8730   0.0223   7.0159
 -0.4535  -0.4893  -0.0449   4.0989
 -0.4381  -0.4721  11.7669 -12.1597
 -0.4679  -0.0687  11.6838 -11.9388
 -0.4956   0.2793  11.6021 -11.7213
 -0.5214   0.5794  11.5219 -11.5069
 -0.5454   0.8382  11.4431 -11.2956
 -0.5678   1.0614  11.3656 -11.0869
 -0.5886   1.2537  11.2892 -10.8809
 -0.6079   1.4195  11.2138 -10.6771
 -0.6259   1.5623  11.1394 -10.4755
 -0.6426   1.6853  11.0658 -10.2759
 -0.6579   1.7912  10.9929 -10.0780
 -0.6720   1.8824  10.9207  -9.8818
 -0.6850   1.9608  10.8489  -9.6871
 -0.6967   2.0282  10.7776  -9.4937
 -0.7074   2.0862  10.7065  -9.3014
 -0.7170   2.1359  10.6355  -9.1102
 -0.7255   2.1786  10.5646  -8.9198
 -0.7330   2.2152  10.4937  -8.7303
 -0.7395   2.2464  10.4225  -8.5413
 -0.7450   2.2731  10.3511  -8.3529
 -0.7496   2.2958  10.2792  -8.1649
 -0.7532   2.3151  10.2068  -7.9772
 -0.7560   2.3313  10.1338  -7.7897
 -0.7578   2.3450  10.0600  -7.6023
 -0.7587   2.3563   9.9853  -7.4149
 -0.7588   2.3657   9.9097  -7.2274
 -0.7581   2.3734   9.8329  -7.0397
 -0.7565   2.3794   9.7548  -6.8517
 -0.7541   2.3842   9.6754  -6.6634
 -0.7509   2.3877   9.5946  -6.4746
 -0.7470   2.3901   9.5121  -6.2852
 -0.7423   2.3915   9.4279  -6.0953
 -0.7368   2.3920   9.3419  -5.9048
 -0.7306   2.3917   9.2539  -5.7135
 -0.7237   2.3906   9.1638  -5.5214
 -0.7162   2.3887   9.0716  -5.3284
 -0.7079   2.3862   8.9769  -5.1345
 -0.6990   2.3830   8.8799  -4.9396
 -0.6894   2.3792   8.7802  -4.7436
 -0.6792   2.3747   8.6779  -4.5466
 -0.6684   2.3696   8.5727  -4.3484
 -0.6570   2.3639   8.4646  -4.1490
 -0.6450   2.3575   8.3534  -3.9483
 -0.6325   2.3504   8.2391  -3.7464
 -0.6194   2.3427   8.1215  -3.5431
 -0.6059   2.3342   8.0004  -3.3384
 -0.5919   2.3250   7.8758  -3.1322
 -0.5774   2.3150   7.7476  -2.9246
 -0.5624   2.3042   7.6156  -2.7155
 -0.5471   2.2924   7.4798  -2.5048
 -0.5313   2.2797   7.3400  -2.2925
 -0.5152   2.2660   7.1961  -2.0785
 -0.4988   2.2511   7.0481  -1.8629
 -0.4820   2.2350   6.8958  -1.6456
 -0.4650   2.2175   6.7391  -1.4266
 -0.4477   2.1985   6.5780  -1.2058
 -0.4301   2.1778   6.4124  -0.9831
 -0.4124   2.1553   6.2421  -0.7587
 -0.3945   2.1308   6.0672  -0.5324
 -0.3764   2.1039   5.8875  -0.3042
 -0.3582   2.0745   5.7030  -0.0740
 -0.3398   2.0421   5.5135   0.1581
 -0.3214   2.0064   5.3192   0.3921
 -0.3030   1.9670   5.1198   0.6282
 -0.2844   1.9233   4.9154   0.8663
 -0.2659   1.8747   4.7059   1.1065
 -0.2474   1.8206   4.4912   1.3488
 -0.2288   1.7602   4.2715   1.5932
 -0.2103   1.6925   4.0465   1.8398
 -0.1917   1.6165   3.8163   2.0886
 -0.1732   1.5310   3.5809   2.3397
 -0.1546   1.4345   3.3402   2.5930
 -0.1360   1.3253   3.0943   2.8487
 -0.1174   1.2015   2.8431   3.1067
 -0.0987   1.0610   2.5866   3.3672
 -0.0798   0.9011   2.3249   3.6301
 -0.0606   0.7189   2.0578   3.8956
 -0.0412   0.5108   1.7855   4.1637
 -0.0213   0.2728   1.5078   4.4345
 -0.0009   0.0003   1.2249   4.7081
 -0.0009   0.0003   1.2249   4.7081
 -0.0046   0.4533   1.1752   2.5812
 -0.0079   0.7796   1.0942   1.0125
 -0.0111   1.0149   0.9904  -0.1453
 -0.0144   1.1847   0.8705  -1.0002
 -0.0179   1.3076   0.7399  -1.6313
 -0.0216   1.3967   0.6027  -2.0970
 -0.0255   1.4617   0.4620  -2.4404
 -0.0297   1.5094   0.3200  -2.6931
 -0.0341   1.5446   0.1785  -2.8787
 -0.0387   1.5708   0.0386  -3.0146
 -0.0435   1.5907  -0.0988  -3.1135
 -0.0486   1.6059  -0.2330  -3.1849
 -0.0540   1.6178  -0.3637  -3.2361
 -0.0595   1.6273  -0.4906  -3.2721
 -0.0652   1.6350  -0.6134  -3.2969
 -0.0712   1.6416  -0.7321  -3.3134
 -0.0773   1.6471  -0.8467  -3.3237
 -0.0836   1.6521  -0.9571  -3.3294
 -0.0901   1.6565  -1.0634  -3.3317
 -0.0968   1.6606  -1.1656  -3.3314
 -0.1037   1.6644  -1.2638  -3.3293
 -0.1108   1.6680  -1.3580  -3.3258
 -0.1180   1.6714  -1.4484  -3.3213
 -0.1254   1.6747  -1.5351  -3.3160
 -0.1329   1.6780  -1.6180  -3.3102
 -0.1406   1.6811  -1.6974  -3.3040
 -0.1484   1.6842  -1.7732  -3.2975
 -0.1564   1.6873  -1.8456  -3.2908
 -0.1645   1.6903  -1.9147  -3.2840
 -0.1727   1.6933  -1.9806  -3.2771
 -0.1811   1.6962  -2.0433  -3.2702
 -0.1895   1.6991  -2.1029  -3.2632
 -0.1981   1.7020  -2.1595  -3.2563
 -0.2068   1.7048  -2.2132  -3.2494
 -0.2155   1.7076  -2.2641  -3.2425
 -0.2244   1.7104  -2.3122  -3.2356
 -0.2334   1.7132  -2.3576  -3.2288
 -0.2424   1.7159  -2.4004  -3.2221
 -0.2515   1.7187  -2.4406  -3.2154
 -0.2606   1.7214  -2.4783  -3.2087
 -0.2698   1.7241  -2.5136  -3.2021
 -0.2790   1.7268  -2.5465  -3.1956
 -0.2883   1.7294  -2.5771  -3.1891
 -0.2976   1.7321  -2.6055  -3.1827
 -0.3069   1.7347  -2.6316  -3.1763
 -0.3163   1.7373  -2.6556  -3.1700
 -0.3256   1.7399  -2.6775  -3.1638
 -0.3349   1.7425  -2.6973  -3.1576
 -0.3442   1.7451  -2.7151  -3.1514
 -0.3535   1.7477  -2.7310  -3.1453
 -0.3628   1.7503  -2.7450  -3.1393
 -0.3720   1.7528  -2.7570  -3.1333
 -0.3811   1.7554  -2.7673  -3.1273
 -0.3902   1.7579  -2.7757  -3.1214
 -0.3992   1.7605  -2.7824  -3.1155
 -0.4081   1.7630  -2.7873  -3.1097
 -0.4169   1.7656  -2.7906  -3.1038
 -0.4256   1.7681  -2.7922  -3.0981
 -0.4342   1.7706  -2.7921  -3.0923
 -0.4426   1.7732  -2.7904  -3.0866
 -0.4510   1.7757  -2.7872  -3.0809
 -0.4591   1.7783  -2.7824  -3.0752
 -0.4671   1.7808  -2.7760  -3.0695
 -0.4749   1.7834  -2.7682  -3.0638
 -0.4825   1.7859  -2.7588  -3.0582
 -0.4899   1.7885  -2.7480  -3.0525
 -0.4970   1.7911  -2.7357  -3.0469
 -0.5040   1.7937  -2.7220  -3.0412
 -0.5106   1.7963  -2.7068  -3.0356
 -0.5171   1.7989  -2.6903  -3.0300
 -0.5232   1.8015  -2.6723  -3.0243
 -0.5291   1.8042  -2.6529  -3.0186
 -0.5346   1.8068  -2.6321  -3.0129
 -0.5398   1.8095  -2.6099  -3.0072
 -0.5447   1.8122  -2.5864  -3.0015
 -0.5492   1.8150  -2.5615  -2.9958
 -0.5533   1.8177  -2.5352  -2.9900
 -0.5571   1.8205  -2.5075  -2.9841
 -0.5604   1.8234  -2.4785  -2.9783
 -0.5633   1.8262  -2.4480  -2.9724
 -0.5658   1.8291  -2.4162  -2.9664
 -0.5678   1.8320  -2.3830  -2.9605
 -0.5693   1.8350  -2.3484  -2.9544
 -0.5704   1.8380  -2.3124  -2.9483
 -0.5708   1.8410  -2.2749  -2.9421
 -0.5708   1.8441  -2.2361  -2.9359
 -0.5702   1.8472  -2.1958  -2.9295
 -0.5690   1.8504  -2.1540  -2.9231
 -0.5672   1.8536  -2.1107  -2.9166
 -0.5647   1.8568  -2.0660  -2.9100
 -0.5616   1.8600  -2.0197  -2.9033
 -0.5579   1.8633  -1.9719  -2.8964
 -0.5534   1.8666  -1.9225  -2.8894
 -0.5481   1.8699  -1.8715  -2.8822
 -0.5422   1.8731  -1.8189  -2.8748
 -0.5354   1.8763  -1.7646  -2.8671
 -0.5278   1.8794  -1.7086  -2.8591
 -0.5194   1.8823  -1.6510  -2.8506
 -0.5101   1.8849  -1.5915  -2.8416
 -0.4999   1.8872  -1.5303  -2.8320
 -0.4887   1.8889  -1.4673  -2.8214
 -0.4766   1.8899  -1.4023  -2.8097
 -0.4634   1.8898  -1.3355  -2.7965
 -0.4491   1.8884  -1.2667  -2.7812
 -0.4337   1.8849  -1.1959  -2.7631
 -0.4171   1.8788  -1.1231  -2.7415
 -0.3992   1.8691  -1.0483  -2.7149
 -0.3799   1.8545  -0.9713  -2.6816
 -0.3592   1.8332  -0.8923  -2.6395
 -0.3368   1.8029  -0.8111  -2.5853
 -0.3125   1.7605  -0.7278  -2.5148
 -0.2863   1.7017  -0.6424  -2.4222
 -0.2576   1.6208  -0.5549  -2.2999
 -0.2263   1.5101  -0.4656  -2.1372
 -0.1916   1.3594  -0.3744  -1.9198
 -0.1530   1.1548  -0.2817  -1.6284
 -0.1096   0.8780  -0.1879  -1.2370
 -0.0602   0.5041  -0.0934  -0.7101
 -0.0033   0.0003   0.0009  -0.0001
  6.5711  -5.3303  -0.0825   0.0140
  6.5489  -4.9842   0.1660  -0.4450
  6.5231  -4.6421   0.4051  -0.8354
  6.4938  -4.3040   0.6353  -1.1653
  6.4609  -3.9697   0.8568  -1.4429
  6.4243  -3.6391   1.0699  -1.6757
  6.3840  -3.3121   1.2749  -1.8702
  6.3399  -2.9886   1.4721  -2.0321
  6.2919  -2.6684   1.6617  -2.1662
  6.2402  -2.3516   1.8439  -2.2766
  6.1845  -2.0381   2.0189  -2.3668
  6.1250  -1.7278   2.1870  -2.4398
  6.0616  -1.4206   2.3481  -2.4981
  5.9943  -1.1165   2.5026  -2.5439
  5.9232  -0.8154   2.6505  -2.5790
  5.8482  -0.5173   2.7920  -2.6050
  5.7695  -0.2221   2.9271  -2.6233
  5.6869   0.0701   3.0560  -2.6350
  5.6007   0.3595   3.1786  -2.6410
  5.5108   0.6461   3.2952  -2.6423
  5.4172   0.9299   3.4057  -2.6396
  5.3202   1.2110   3.5103  -2.6333
  5.2197   1.4893   3.6089  -2.6242
  5.1158   1.7650   3.7016  -2.6126
  5.0087   2.0380   3.7884  -2.5989
  4.8983   2.3085   3.8694  -2.5835
  4.7849   2.5764   3.9446  -2.5666
  4.6684   2.8418   4.0140  -2.5484
  4.5491   3.1047   4.0775  -2.5292
  4.4269   3.3652   4.1353  -2.5091
  4.3020   3.6234   4.1873  -2.4883
  4.1746   3.8792   4.2334  -2.4668
  4.0447   4.1327   4.2737  -2.4448
  3.9123   4.3840   4.3081  -2.4224
  3.7778   4.6332   4.3367  -2.3996
  3.6410   4.8802   4.3593  -2.3763
  3.5022   5.1252   4.3759  -2.3527
  3.3614   5.3683   4.3865  -2.3286
  3.2187   5.6094   4.3910  -2.3041
  3.0743   5.8486   4.3893  -2.2791
  2.9281   6.0861   4.3814  -2.2533
  2.7803   6.3218   4.3670  -2.2264
  2.6308   6.5554   4.3451  -2.1974
  2.4838   6.7889   4.3258  -2.1729
  2.3340   7.0229   4.2995  -2.1470
  2.1835   7.2565   4.2690  -2.1218
  2.0326   7.4898   4.2344  -2.0967
  1.8838   7.7257   4.2034  -2.0765
  1.7342   7.9581   4.1639  -2.0539
  1.5827   8.1928   4.1195  -2.0317
  1.4308   8.4279   4.0707  -2.0105
  1.2788   8.6636   4.0181  -1.9898
  1.1262   8.8981   3.9584  -1.9669
  0.9738   9.1311   3.8926  -1.9432
  0.8208   9.3665   3.8228  -1.9198
  0.6673   9.6041   3.7489  -1.8968
  0.5144   9.8392   3.6678  -1.8719
  0.3602  10.0789   3.5829  -1.8474
  0.2062  10.3168   3.4901  -1.8202
  0.0510  10.5597   3.3939  -1.7940
 -0.1043  10.8025   3.2907  -1.7651
 -0.2596  11.0441   3.1790  -1.7323
 -0.4158  11.2882   3.0608  -1.6983
 -0.5723  11.5312   2.9337  -1.6601
 -0.7310  11.7853   2.8059  -1.6226
 -0.8889  12.0311   2.6633  -1.5735
 -1.0391  12.3022   2.5550  -1.5490
 -1.2000  12.5582   2.4013  -1.4917
 -1.3617  12.8204   2.2439  -1.4348
 -1.5238  13.0947   2.0900  -1.3837
 -1.6900  13.3698   1.9195  -1.3186
 -1.8425  13.6681   1.7931  -1.2883
 -2.0128  13.9521   1.6059  -1.2020
 -2.1850  14.2393   1.4091  -1.0995
 -2.3566  14.5225   1.1997  -0.9769
 -2.5295  14.8019   0.9743  -0.8284
 -2.7066  15.1024   0.7515  -0.6704
 -2.8839  15.3985   0.5146  -0.4804
 -3.0654  15.6963   0.2610  -0.2548
 -3.2497  16.0005  -0.0020   0.0002
 -3.2497  16.0005  -0.0020   0.0002
 -2.3176   9.3426  -1.0881  -0.9367
 -1.5495   4.3124  -2.0982  -1.6501
 -0.9221   0.5447  -3.0404  -2.1879
 -0.4102  -2.2621  -3.9214  -2.5866
  0.0094  -4.3445  -4.7461  -2.8741
  0.3558  -5.8833  -5.5187  -3.0719
  0.6442  -7.0149  -6.2424  -3.1965
  0.8865  -7.8420  -6.9200  -3.2608
  1.0920  -8.4414  -7.5539  -3.2748
  1.2677  -8.8709  -8.1459  -3.2465
  1.4188  -9.1740  -8.6979  -3.1822
  1.5495  -9.3831  -9.2114  -3.0871
  1.6630  -9.5228  -9.6879  -2.9653
  1.7615  -9.6116 -10.1286  -2.8203
  1.8469  -9.6632 -10.5349  -2.6550
  1.9207  -9.6880 -10.9079  -2.4717
  1.9838  -9.6937 -11.2486  -2.2726
  2.0372  -9.6862 -11.5582  -2.0594
  2.0815  -9.6697 -11.8377  -1.8338
  2.1173  -9.6474 -12.0880  -1.5970
  2.1450  -9.6216 -12.3101  -1.3504
  2.1649  -9.5939 -12.5050  -1.0950
  2.1774  -9.5657 -12.6735  -0.8319
  2.1827  -9.5376 -12.8165  -0.5621
  2.1810  -9.5103 -12.9349  -0.2862
  2.1726  -9.4842 -13.0296  -0.0052
  2.1576  -9.4594 -13.1012   0.2803
  2.1362  -9.4360 -13.1508   0.5696
  2.1086  -9.4141 -13.1790   0.8620
  2.0749  -9.3936 -13.1866   1.1570
  2.0352  -9.3744 -13.1743   1.4540
  1.9897  -9.3564 -13.1430   1.7526
  1.9386  -9.3394 -13.0934   2.0522
  1.8820  -9.3232 -13.0261   2.3524
  1.8200  -9.3078 -12.9419   2.6528
  1.7527  -9.2928 -12.8415   2.9529
  1.6803  -9.2781 -12.7255   3.2525
  1.6030  -9.2635 -12.5945   3.5511
  1.5208  -9.2488 -12.4494   3.8484
  1.4339  -9.2338 -12.2906   4.1441
  1.3425  -9.2184 -12.1188   4.4380
  1.2467  -9.2022 -11.9346   4.7296
  1.1467  -9.1853 -11.7387   5.0188
  1.0425  -9.1673 -11.5317   5.3053
  0.9344  -9.1481 -11.3140   5.5889
  0.8225  -9.1276 -11.0864   5.8693
  0.7070  -9.1055 -10.8493   6.1463
  0.5881  -9.0818 -10.6034   6.4197
  0.4658  -9.0562 -10.3492   6.6893
  0.3405  -9.0287 -10.0873   6.9549
  0.2122  -8.9991  -9.8181   7.2163
  0.0811  -8.9672  -9.5424   7.4734
 -0.0525  -8.9329  -9.2604   7.7260
 -0.1885  -8.8962  -8.9729   7.9740
 -0.3266  -8.8569  -8.6804   8.2171
 -0.4667  -8.8149  -8.3832   8.4553
 -0.6086  -8.7701  -8.0821   8.6885
 -0.7520  -8.7224  -7.7774   8.9164
 -0.8967  -8.6717  -7.4697   9.1391
 -1.0425  -8.6180  -7.1595   9.3563
 -1.1891  -8.5612  -6.8472   9.5680
 -1.3363  -8.5012  -6.5335   9.7741
 -1.4839  -8.4379  -6.2187   9.9746
 -1.6316  -8.3714  -5.9034  10.1693
 -1.7792  -8.3015  -5.5881  10.3582
 -1.9263  -8.2283  -5.2732  10.5412
 -2.0728  -8.1518  -4.9592  10.7183
 -2.2183  -8.0718  -4.6466  10.8895
 -2.3625  -7.9884  -4.3359  11.0547
 -2.5052  -7.9016  -4.0276  11.2139
 -2.6461  -7.8115  -3.7220  11.3672
 -2.7848  -7.7179  -3.4198  11.5145
 -2.9211  -7.6210  -3.1214  11.6559
 -3.0546  -7.5208  -2.8271  11.7913
 -3.1851  -7.4174  -2.5376  11.9209
 -3.3121  -7.3107  -2.2532  12.0447
 -3.4354  -7.2009  -1.9745  12.1627
 -3.5547  -7.0880  -1.7018  12.2751
 -3.6695  -6.9721  -1.4357  12.3820
 -3.7796  -6.8533  -1.1766  12.4834
 -3.8846  -6.7317  -0.9249  12.5794
 -3.9841  -6.6074  -0.6812  12.6703
 -4.0778  -6.4805  -0.4458  12.7561
 -4.1653  -6.3513  -0.2193  12.8369
 -4.2462  -6.2197  -0.0021  12.9131
 -4.3202  -6.0860   0.2053  12.9846
 -4.3868  -5.9503   0.4025  13.0518
 -4.4458  -5.8129   0.5890  13.1148
 -4.4966  -5.6738   0.7643  13.1737
 -4.5389  -5.5334   0.9280  13.2289
 -4.5723  -5.3917   1.0795  13.2804
 -4.5964  -5.2491   1.2185  13.3286
 -4.6108  -5.1057   1.3443  13.3734
 -4.6151  -4.9617   1.4566  13.4152
 -4.6088  -4.8175   1.5549  13.4541
 -4.5915  -4.6732   1.6386  13.4902
 -4.5628  -4.5291   1.7072  13.5235
 -4.5222  -4.3854   1.7604  13.5540
 -4.4693  -4.2424   1.7976  13.5815
 -4.4037  -4.1001   1.8183  13.6057
 -4.3249  -3.9589   1.8222  13.6262
 -4.2324  -3.8188   1.8087  13.6419
 -4.1257  -3.6798   1.7776  13.6516
 -4.0044  -3.5420   1.7285  13.6533
 -3.8679  -3.4050   1.6612  13.6443
 -3.7158  -3.2685   1.5757  13.6205
 -3.5475  -3.1318   1.4720  13.5762
 -3.3625  -2.9939   1.3506  13.5034
 -3.1601  -2.8533   1.2123  13.3908
 -2.9397  -2.7077   1.0585  13.2223
 -2.7007  -2.5543   0.8913  12.9758
 -2.4423  -2.3885   0.7139  12.6198
 -2.1637  -2.2046   0.5312  12.1107
 -1.8640  -1.9945   0.3501  11.3869
 -1.5419  -1.7473   0.1806  10.3625
 -1.1963  -1.4480   0.0370   8.9168
 -0.8254  -1.0767  -0.0611   6.8809
 -0.4272  -0.6062  -0.0861   4.0185
 -0.4099  -0.5883  11.7298 -12.0940
 -0.4435  -0.1626  11.6463 -11.8738
 -0.4747   0.2051  11.5645 -11.6570
 -0.5035   0.5222  11.4843 -11.4435
 -0.5303   0.7961  11.4055 -11.2330
 -0.5551   1.0323  11.3281 -11.0253
 -0.5781   1.2357  11.2518 -10.8202
 -0.5994   1.4112  11.1768 -10.6175
 -0.6190   1.5622  11.1027 -10.4171
 -0.6371   1.6922  11.0296 -10.2186
 -0.6537   1.8040  10.9572 -10.0220
 -0.6688   1.9003  10.8856  -9.8271
 -0.6827   1.9828  10.8145  -9.6336
 -0.6952   2.0536  10.7439  -9.4415
 -0.7064   2.1145  10.6736  -9.2506
 -0.7164   2.1665  10.6035  -9.0608
 -0.7253   2.2110  10.5336  -8.8718
 -0.7330   2.2489  10.4636  -8.6837
 -0.7396   2.2813  10.3936  -8.4961
 -0.7451   2.3086  10.3232  -8.3091
 -0.7496   2.3316  10.2525  -8.1225
 -0.7530   2.3508  10.1814  -7.9363
 -0.7555   2.3667  10.1096  -7.7502
 -0.7570   2.3798  10.0371  -7.5643
 -0.7576   2.3904   9.9637  -7.3783
 -0.7573   2.3988   9.8894  -7.1922
 -0.7561   2.4053   9.8139  -7.0059
 -0.7540   2.4101   9.7373  -6.8194
 -0.7511   2.4137   9.6593  -6.6323
 -0.7474   2.4159   9.5799  -6.4448
 -0.7429   2.4168   9.4989  -6.2568
 -0.7376   2.4167   9.4162  -6.0681
 -0.7315   2.4155   9.3317  -5.8788
 -0.7247   2.4134   9.2451  -5.6888
 -0.7172   2.4104   9.1565  -5.4978
 -0.7090   2.4067   9.0657  -5.3060
 -0.7002   2.4022   8.9725  -5.1132
 -0.6907   2.3971   8.8769  -4.9193
 -0.6805   2.3912   8.7787  -4.7243
 -0.6698   2.3847   8.6778  -4.5282
 -0.6584   2.3776   8.5740  -4.3309
 -0.6466   2.3698   8.4672  -4.1323
 -0.6341   2.3615   8.3574  -3.9323
 -0.6212   2.3524   8.2444  -3.7310
 -0.6077   2.3426   8.1280  -3.5284
 -0.5938   2.3321   8.0082  -3.3242
 -0.5794   2.3207   7.8848  -3.1186
 -0.5646   2.3086   7.7577  -2.9114
 -0.5494   2.2957   7.6269  -2.7026
 -0.5338   2.2819   7.4921  -2.4922
 -0.5179   2.2671   7.3533  -2.2801
 -0.5016   2.2512   7.2104  -2.0664
 -0.4851   2.2343   7.0632  -1.8509
 -0.4682   2.2161   6.9118  -1.6337
 -0.4511   2.1967   6.7559  -1.4146
 -0.4338   2.1757   6.5955  -1.1938
 -0.4164   2.1531   6.4305  -0.9711
 -0.3987   2.1288   6.2608  -0.7465
 -0.3809   2.1025   6.0864  -0.5200
 -0.3630   2.0739   5.9072  -0.2915
 -0.3450   2.0429   5.7230  -0.0611
 -0.3269   2.0090   5.5340   0.1714
 -0.3088   1.9720   5.3398   0.4058
 -0.2906   1.9314   5.1407   0.6423
 -0.2725   1.8868   4.9364   0.8810
 -0.2544   1.8375   4.7269   1.1217
 -0.2363   1.7830   4.5122   1.3646
 -0.2183   1.7224   4.2923   1.6096
 -0.2003   1.6549   4.0672   1.8569
 -0.1824   1.5794   3.8367   2.1065
 -0.1645   1.4948   3.6010   2.3583
 -0.1467   1.3997   3.3600   2.6125
 -0.1289   1.2925   3.1136   2.8691
 -0.1111   1.1713   2.8618   3.1281
 -0.0932   1.0339   2.6048   3.3895
 -0.0753   0.8778   2.3423   3.6535
 -0.0571   0.7001   2.0746   3.9201
 -0.0388   0.4973   1.8014   4.1894
 -0.0201   0.2656   1.5229   4.4614
 -0.0009   0.0002   1.2390   4.7362
 -0.0009   0.0002   1.2390   4.7362
  0.0117   0.4419   1.1657   2.5770
  0.0238   0.7601   1.0621   0.9828
  0.0350   0.9896   0.9364  -0.1947
  0.0454   1.1554   0.7956  -1.0642
  0.0547   1.2755   0.6449  -1.7058
  0.0631   1.3628   0.4886  -2.1787
  0.0704   1.4265   0.3295  -2.5266
  0.0768   1.4735   0.1701  -2.7816
  0.0823   1.5084   0.0121  -2.9678
  0.0868   1.5346  -0.1434  -3.1028
  0.0905   1.5546  -0.2954  -3.1998
  0.0932   1.5702  -0.4434  -3.2686
  0.0951   1.5827  -0.5869  -3.3165
  0.0962   1.5928  -0.7257  -3.3488
  0.0965   1.6013  -0.8596  -3.3696
  0.0960   1.6086  -0.9885  -3.3818
  0.0948   1.6151  -1.1124  -3.3876
  0.0928   1.6210  -1.2313  -3.3888
  0.0902   1.6264  -1.3454  -3.3865
  0.0868   1.6315  -1.4545  -3.3817
  0.0828   1.6364  -1.5589  -3.3751
  0.0782   1.6412  -1.6586  -3.3671
  0.0729   1.6458  -1.7538  -3.3582
  0.0671   1.6504  -1.8445  -3.3486
  0.0606   1.6548  -1.9308  -3.3385
  0.0536   1.6592  -2.0129  -3.3282
  0.0461   1.6636  -2.0908  -3.3177
  0.0380   1.6680  -2.1648  -3.3071
  0.0294   1.6723  -2.2348  -3.2964
  0.0203   1.6766  -2.3010  -3.2858
  0.0108   1.6809  -2.3635  -3.2753
  0.0008   1.6852  -2.4224  -3.2648
 -0.0096   1.6895  -2.4778  -3.2544
 -0.0204   1.6937  -2.5297  -3.2442
 -0.0316   1.6979  -2.5784  -3.2341
 -0.0431   1.7021  -2.6238  -3.2241
 -0.0551   1.7063  -2.6661  -3.2142
 -0.0673   1.7105  -2.7054  -3.2045
 -0.0799   1.7147  -2.7417  -3.1950
 -0.0928   1.7188  -2.7751  -3.1855
 -0.1059   1.7230  -2.8057  -3.1763
 -0.1193   1.7271  -2.8336  -3.1671
 -0.1330   1.7312  -2.8588  -3.1581
 -0.1468   1.7353  -2.8814  -3.1492
 -0.1609   1.7393  -2.9016  -3.1404
 -0.1751   1.7434  -2.9193  -3.1318
 -0.1895   1.7474  -2.9346  -3.1233
 -0.2041   1.7515  -2.9476  -3.1149
 -0.2187   1.7555  -2.9583  -3.1066
 -0.2335   1.7595  -2.9668  -3.0984
 -0.2484   1.7635  -2.9733  -3.0904
 -0.2633   1.7675  -2.9776  -3.0824
 -0.2783   1.7714  -2.9799  -3.0745
 -0.2933   1.7754  -2.9802  -3.0667
 -0.3083   1.7793  -2.9786  -3.0590
 -0.3232   1.7833  -2.9751  -3.0514
 -0.3382   1.7872  -2.9698  -3.0438
 -0.3531   1.7911  -2.9626  -3.0364
 -0.3679   1.7950  -2.9538  -3.0290
 -0.3826   1.7990  -2.9432  -3.0216
 -0.3972   1.8029  -2.9309  -3.0143
 -0.4116   1.8068  -2.9171  -3.0071
 -0.4259   1.8107  -2.9016  -2.9999
 -0.4400   1.8146  -2.8846  -2.9928
 -0.4539   1.8186  -2.8660  -2.9856
 -0.4676   1.8225  -2.8460  -2.9786
 -0.4810   1.8265  -2.8244  -2.9715
 -0.4941   1.8304  -2.8015  -2.9645
 -0.5069   1.8344  -2.7771  -2.9575
 -0.5194   1.8384  -2.7513  -2.9505
 -0.5316   1.8424  -2.7242  -2.9435
 -0.5433   1.8464  -2.6958  -2.9366
 -0.5547   1.8505  -2.6660  -2.9296
 -0.5657   1.8546  -2.6349  -2.9226
 -0.5762   1.8587  -2.6026  -2.9156
 -0.5862   1.8628  -2.5690  -2.9087
 -0.5958   1.8670  -2.5341  -2.9016
 -0.6048   1.8713  -2.4980  -2.8946
 -0.6132   1.8755  -2.4607  -2.8875
 -0.6211   1.8798  -2.4222  -2.8804
 -0.6283   1.8842  -2.3825  -2.8733
 -0.6349   1.8886  -2.3416  -2.8661
 -0.6409   1.8931  -2.2995  -2.8589
 -0.6461   1.8976  -2.2563  -2.8516
 -0.6506   1.9023  -2.2119  -2.8442
 -0.6543   1.9069  -2.1663  -2.8368
 -0.6573   1.9117  -2.1196  -2.8293
 -0.6594   1.9165  -2.0717  -2.8217
 -0.6607   1.9213  -2.0227  -2.8141
 -0.6610   1.9263  -1.9725  -2.8063
 -0.6605   1.9313  -1.9211  -2.7984
 -0.6589   1.9363  -1.8686  -2.7904
 -0.6564   1.9414  -1.8149  -2.7822
 -0.6528   1.9466  -1.7600  -2.7738
 -0.6482   1.9517  -1.7039  -2.7652
 -0.6424   1.9568  -1.6467  -2.7564
 -0.6355   1.9619  -1.5882  -2.7472
 -0.6274   1.9668  -1.5285  -2.7376
 -0.6180   1.9715  -1.4676  -2.7275
 -0.6074   1.9758  -1.4055  -2.7167
 -0.5953   1.9796  -1.3421  -2.7051
 -0.5819   1.9827  -1.2774  -2.6923
 -0.5671   1.9847  -1.2115  -2.6781
 -0.5507   1.9853  -1.1442  -2.6619
 -0.5327   1.9839  -1.0757  -2.6432
 -0.5131   1.9796  -1.0058  -2.6209
 -0.4917   1.9716  -0.9346  -2.5940
 -0.4683   1.9583  -0.8621  -2.5607
 -0.4430   1.9380  -0.7882  -2.5190
 -0.4155   1.9081  -0.7131  -2.4659
 -0.3856   1.8653  -0.6367  -2.3973
 -0.3530   1.8049  -0.5592  -2.3078
 -0.3174   1.7210  -0.4805  -2.1901
 -0.2783   1.6052  -0.4009  -2.0341
 -0.2352   1.4464  -0.3205  -1.8263
 -0.1873   1.2300  -0.2396  -1.5485
 -0.1336   0.9360  -0.1587  -1.1758
 -0.0728   0.5379  -0.0782  -0.6747
 -0.0033   0.0003   0.0009  -0.0001
 -0.0034   0.0003   0.0008  -0.0002
 -0.0036   0.0003   0.0008  -0.0002
  6.6165  -5.3371  -0.0822   0.0140
  6.5868  -4.9957   0.1534  -0.4881
  6.5537  -4.6583   0.3805  -0.9124
  6.5172  -4.3248   0.5992  -1.2702
  6.4772  -3.9950   0.8099  -1.5712
  6.4336  -3.6689   1.0129  -1.8237
  6.3864  -3.3463   1.2084  -2.0347
  6.3356  -3.0271   1.3967  -2.2103
  6.2811  -2.7113   1.5779  -2.3555
  6.2230  -2.3988   1.7524  -2.4747
  6.1611  -2.0894   1.9201  -2.5718
  6.0956  -1.7832   2.0814  -2.6498
  6.0264  -1.4800   2.2363  -2.7116
  5.9535  -1.1799   2.3850  -2.7595
  5.8769  -0.8827   2.5275  -2.7955
  5.7967  -0.5884   2.6641  -2.8212
  5.7129  -0.2970   2.7947  -2.8383
  5.6256  -0.0084   2.9195  -2.8478
  5.5348   0.2774   3.0386  -2.8509
  5.4405   0.5605   3.1519  -2.8485
  5.3429   0.8409   3.2596  -2.8413
  5.2419   1.1187   3.3617  -2.8301
  5.1378   1.3939   3.4583  -2.8154
  5.0305   1.6666   3.5494  -2.7978
  4.9202   1.9367   3.6351  -2.7775
  4.8070   2.2045   3.7153  -2.7549
  4.6909   2.4699   3.7903  -2.7305
  4.5721   2.7329   3.8599  -2.7044
  4.4507   2.9938   3.9242  -2.6768
  4.3269   3.2524   3.9834  -2.6479
  4.2006   3.5090   4.0374  -2.6180
  4.0721   3.7635   4.0863  -2.5871
  3.9415   4.0161   4.1302  -2.5553
  3.8089   4.2669   4.1691  -2.5229
  3.6744   4.5160   4.2031  -2.4898
  3.5383   4.7635   4.2324  -2.4563
  3.4005   5.0095   4.2569  -2.4223
  3.2613   5.2542   4.2769  -2.3880
  3.1208   5.4976   4.2923  -2.3535
  2.9791   5.7399   4.3033  -2.3188
  2.8364   5.9813   4.3099  -2.2839
  2.6926   6.2218   4.3121  -2.2490
  2.5480   6.4616   4.3099  -2.2141
  2.4026   6.7008   4.3034  -2.1792
  2.2564   6.9396   4.2925  -2.1443
  2.1096   7.1780   4.2772  -2.1094
  1.9623   7.4162   4.2573  -2.0746
  1.8143   7.6543   4.2328  -2.0399
  1.6658   7.8924   4.2036  -2.0052
  1.5169   8.1306   4.1695  -1.9705
  1.3675   8.3691   4.1304  -1.9359
  1.2176   8.6080   4.0862  -1.9013
  1.0672   8.8473   4.0367  -1.8667
  0.9164   9.0874   3.9817  -1.8320
  0.7652   9.3282   3.9211  -1.7973
  0.6134   9.5699   3.8546  -1.7624
  0.4612   9.8126   3.7822  -1.7274
  0.3084  10.0566   3.7035  -1.6921
  0.1550  10.3020   3.6184  -1.6564
  0.0010  10.5488   3.5267  -1.6203
 -0.1537  10.7974   3.4282  -1.5836
 -0.3092  11.0479   3.3227  -1.5462
 -0.4654  11.3005   3.2100  -1.5077
 -0.6225  11.5553   3.0898  -1.4680
 -0.7806  11.8126   2.9620  -1.4267
 -0.9397  12.0726   2.8264  -1.3834
 -1.1001  12.3356   2.6827  -1.3377
 -1.2616  12.6018   2.5307  -1.2890
 -1.4246  12.8714   2.3703  -1.2365
 -1.5891  13.1448   2.2012  -1.1794
 -1.7553  13.4222   2.0233  -1.1168
 -1.9233  13.7039   1.8364  -1.0474
 -2.0933  13.9904   1.6403  -0.9697
 -2.2655  14.2819   1.4348  -0.8821
 -2.4401  14.5788   1.2197  -0.7824
 -2.6173  14.8816   0.9950  -0.6683
 -2.7973  15.1908   0.7605  -0.5367
 -2.9803  15.5067   0.5161  -0.3844
 -3.1668  15.8300   0.2617  -0.2070
 -3.3569  16.1611  -0.0028   0.0001
 -3.3569  16.1611  -0.0028   0.0001
 -2.3831   9.3188  -1.1563  -1.1586
 -1.5800   4.1735  -2.2278  -2.0370
 -0.9234   0.3398  -3.2266  -2.6968
 -0.3865  -2.4992  -4.1598  -3.1848
  0.0546  -4.5914  -5.0330  -3.5367
  0.4201  -6.1257  -5.8508  -3.7796
  0.7259  -7.2447  -6.6165  -3.9345
  0.9843  -8.0547  -7.3333  -4.0175
  1.2047  -8.6354  -8.0034  -4.0412
  1.3945  -9.0461  -8.6289  -4.0152
  1.5591  -9.3313  -9.2118  -3.9475
  1.7026  -9.5241  -9.7536  -3.8442
  1.8281  -9.6493 -10.2558  -3.7103
  1.9381  -9.7253 -10.7198  -3.5500
  2.0343  -9.7659 -11.1469  -3.3665
  2.1183  -9.7814 -11.5383  -3.1629
  2.1910  -9.7795 -11.8952  -2.9414
  2.2533  -9.7658 -12.2186  -2.7043
  2.3059  -9.7443 -12.5096  -2.4532
  2.3493  -9.7182 -12.7694  -2.1898
  2.3840  -9.6897 -12.9988  -1.9155
  2.4102  -9.6603 -13.1989  -1.6317
  2.4284  -9.6311 -13.3706  -1.3393
  2.4388  -9.6029 -13.5149  -1.0396
  2.4416  -9.5762 -13.6327  -0.7334
  2.4369  -9.5512 -13.7249  -0.4216
  2.4252  -9.5281 -13.7924  -0.1051
  2.4063  -9.5070 -13.8360   0.2154
  2.3807  -9.4877 -13.8567   0.5392
  2.3483  -9.4702 -13.8552   0.8656
  2.3095  -9.4543 -13.8323   1.1941
  2.2642  -9.4399 -13.7890   1.5240
  2.2127  -9.4267 -13.7259   1.8548
  2.1551  -9.4146 -13.6438   2.1860
  2.0916  -9.4033 -13.5436   2.5171
  2.0223  -9.3926 -13.4259   2.8477
  1.9473  -9.3823 -13.2915   3.1774
  1.8668  -9.3721 -13.1411   3.5058
  1.7810  -9.3618 -12.9755   3.8324
  1.6899  -9.3511 -12.7952   4.1570
  1.5938  -9.3400 -12.6011   4.4792
  1.4928  -9.3281 -12.3938   4.7987
  1.3870  -9.3152 -12.1739   5.1152
  1.2767  -9.3011 -11.9421   5.4283
  1.1619  -9.2857 -11.6991   5.7380
  1.0429  -9.2687 -11.4454   6.0438
  0.9198  -9.2499 -11.1818   6.3455
  0.7928  -9.2292 -10.9088   6.6429
  0.6621  -9.2064 -10.6270   6.9358
  0.5278  -9.1813 -10.3371   7.2240
  0.3903  -9.1537 -10.0396   7.5072
  0.2495  -9.1236  -9.7352   7.7853
  0.1059  -9.0907  -9.4244   8.0580
 -0.0404  -9.0549  -9.1078   8.3253
 -0.1893  -9.0162  -8.7860   8.5869
 -0.3404  -8.9743  -8.4595   8.8427
 -0.4936  -8.9291  -8.1290   9.0925
 -0.6486  -8.8806  -7.7949   9.3363
 -0.8052  -8.8287  -7.4579   9.5737
 -0.9630  -8.7732  -7.1185   9.8049
 -1.1220  -8.7141  -6.7772  10.0296
 -1.2817  -8.6513  -6.4345  10.2477
 -1.4419  -8.5848  -6.0911  10.4591
 -1.6024  -8.5144  -5.7475  10.6638
 -1.7629  -8.4402  -5.4042  10.8617
 -1.9230  -8.3621  -5.0617  11.0527
 -2.0825  -8.2800  -4.7206  11.2368
 -2.2410  -8.1940  -4.3813  11.4140
 -2.3983  -8.1040  -4.0444  11.5842
 -2.5540  -8.0100  -3.7105  11.7475
 -2.7078  -7.9121  -3.3800  11.9037
 -2.8594  -7.8103  -3.0535  12.0530
 -3.0085  -7.7045  -2.7314  12.1954
 -3.1546  -7.5949  -2.4143  12.3309
 -3.2974  -7.4814  -2.1027  12.4597
 -3.4367  -7.3642  -1.7970  12.5816
 -3.5719  -7.2433  -1.4979  12.6970
 -3.7028  -7.1188  -1.2057  12.8058
 -3.8290  -6.9908  -0.9210  12.9082
 -3.9500  -6.8593  -0.6443  13.0043
 -4.0656  -6.7246  -0.3760  13.0943
 -4.1753  -6.5866  -0.1168  13.1783
 -4.2787  -6.4457   0.1330  13.2566
 -4.3754  -6.3019   0.3728  13.3293
 -4.4651  -6.1553   0.6021  13.3966
 -4.5472  -6.0063   0.8204  13.4587
 -4.6215  -5.8549   1.0272  13.5159
 -4.6874  -5.7013   1.2220  13.5684
 -4.7446  -5.5458   1.4043  13.6165
 -4.7926  -5.3887   1.5736  13.6604
 -4.8310  -5.2300   1.7293  13.7004
 -4.8593  -5.0702   1.8709  13.7367
 -4.8772  -4.9094   1.9979  13.7695
 -4.8841  -4.7480   2.1098  13.7991
 -4.8797  -4.5862   2.2060  13.8257
 -4.8635  -4.4243   2.2860  13.8495
 -4.8349  -4.2626   2.3492  13.8705
 -4.7936  -4.1014   2.3952  13.8889
 -4.7391  -3.9411   2.4233  13.9044
 -4.6708  -3.7819   2.4331  13.9169
 -4.5884  -3.6240   2.4240  13.9258
 -4.4913  -3.4678   2.3956  13.9304
 -4.3791  -3.3134   2.3475  13.9294
 -4.2511  -3.1609   2.2793  13.9210
 -4.1069  -3.0104   2.1907  13.9022
 -3.9460  -2.8618   2.0816  13.8693
 -3.7678  -2.7147   1.9521  13.8164
 -3.5716  -2.5685   1.8025  13.7356
 -3.3570  -2.4224   1.6336  13.6154
 -3.1232  -2.2748   1.4467  13.4399
 -2.8695  -2.1236   1.2440  13.1864
 -2.5952  -1.9658   1.0287  12.8232
 -2.2993  -1.7969   0.8057  12.3058
 -1.9809  -1.6110   0.5821  11.5718
 -1.6388  -1.3997   0.3682  10.5334
 -1.2716  -1.1516   0.1783   9.0672
 -0.8774  -0.8510   0.0330   7.0004
 -0.4543  -0.4768  -0.0395   4.0907
