  0.6500  -1.5690   0.6000  -1.8000
  0.6500  -1.5690   0.6000  -1.8000
  0.6500  -1.5689   0.6001  -1.8000
  0.6501  -1.5688   0.6002  -1.8001
  0.6502  -1.5686   0.6005  -1.8002
  0.6503  -1.5683   0.6008  -1.8004
  0.6505  -1.5679   0.6012  -1.8006
  0.6507  -1.5674   0.6017  -1.8009
  0.6510  -1.5669   0.6023  -1.8011
  0.6513  -1.5663   0.6030  -1.8015
  0.6516  -1.5656   0.6037  -1.8019
  0.6519  -1.5648   0.6046  -1.8023
  0.6523  -1.5640   0.6055  -1.8027
  0.6528  -1.5631   0.6065  -1.8032
  0.6532  -1.5621   0.6076  -1.8038
  0.6537  -1.5611   0.6087  -1.8043
  0.6542  -1.5600   0.6099  -1.8049
  0.6548  -1.5589   0.6112  -1.8056
  0.6553  -1.5576   0.6125  -1.8062
  0.6559  -1.5564   0.6140  -1.8069
  0.6566  -1.5550   0.6154  -1.8076
  0.6572  -1.5537   0.6170  -1.8084
  0.6579  -1.5522   0.6186  -1.8091
  0.6586  -1.5507   0.6202  -1.8099
  0.6593  -1.5492   0.6219  -1.8107
  0.6600  -1.5476   0.6237  -1.8116
  0.6608  -1.5460   0.6255  -1.8124
  0.6616  -1.5443   0.6274  -1.8133
  0.6624  -1.5426   0.6293  -1.8142
  0.6632  -1.5408   0.6312  -1.8151
  0.6640  -1.5390   0.6333  -1.8160
  0.6649  -1.5372   0.6353  -1.8169
  0.6658  -1.5353   0.6374  -1.8179
  0.6666  -1.5334   0.6395  -1.8188
  0.6675  -1.5315   0.6417  -1.8198
  0.6684  -1.5295   0.6439  -1.8208
  0.6694  -1.5275   0.6462  -1.8217
  0.6703  -1.5254   0.6484  -1.8227
  0.6712  -1.5234   0.6507  -1.8237
  0.6722  -1.5213   0.6531  -1.8247
  0.6731  -1.5192   0.6555  -1.8257
  0.6741  -1.5170   0.6579  -1.8267
  0.6751  -1.5149   0.6603  -1.8277
  0.6761  -1.5127   0.6627  -1.8287
  0.6771  -1.5105   0.6652  -1.8297
  0.6780  -1.5082   0.6677  -1.8307
  0.6790  -1.5060   0.6702  -1.8317
  0.6800  -1.5037   0.6727  -1.8327
  0.6811  -1.5015   0.6752  -1.8337
  0.6821  -1.4992   0.6778  -1.8347
  0.6831  -1.4969   0.6804  -1.8357
  0.6841  -1.4946   0.6830  -1.8366
  0.6851  -1.4923   0.6855  -1.8376
  0.6861  -1.4899   0.6881  -1.8385
  0.6871  -1.4876   0.6907  -1.8394
  0.6882  -1.4853   0.6934  -1.8403
  0.6892  -1.4829   0.6960  -1.8412
  0.6902  -1.4806   0.6986  -1.8421
  0.6912  -1.4783   0.7012  -1.8430
  0.6922  -1.4759   0.7038  -1.8439
  0.6932  -1.4736   0.7064  -1.8447
  0.6942  -1.4713   0.7090  -1.8455
  0.6952  -1.4689   0.7117  -1.8463
  0.6962  -1.4666   0.7143  -1.8471
  0.6972  -1.4643   0.7168  -1.8478
  0.6982  -1.4620   0.7194  -1.8486
  0.6992  -1.4597   0.7220  -1.8493
  0.7002  -1.4574   0.7245  -1.8499
  0.7012  -1.4552   0.7271  -1.8506
  0.7021  -1.4529   0.7296  -1.8512
  0.7031  -1.4507   0.7321  -1.8518
  0.7040  -1.4484   0.7346  -1.8524
  0.7050  -1.4462   0.7371  -1.8529
  0.7059  -1.4439   0.7396  -1.8535
  0.7068  -1.4417   0.7420  -1.8539
  0.7078  -1.4395   0.7445  -1.8544
  0.7087  -1.4373   0.7469  -1.8548
  0.7096  -1.4352   0.7493  -1.8552
  0.7105  -1.4330   0.7517  -1.8556
  0.7114  -1.4309   0.7540  -1.8559
  0.7123  -1.4287   0.7564  -1.8563
  0.7131  -1.4266   0.7587  -1.8565
  0.7140  -1.4245   0.7610  -1.8568
  0.7148  -1.4224   0.7632  -1.8570
  0.7157  -1.4204   0.7655  -1.8572
  0.7165  -1.4183   0.7677  -1.8573
  0.7174  -1.4163   0.7699  -1.8574
  0.7182  -1.4143   0.7720  -1.8575
  0.7190  -1.4123   0.7741  -1.8575
  0.7198  -1.4103   0.7762  -1.8575
  0.7206  -1.4084   0.7783  -1.8575
  0.7214  -1.4064   0.7804  -1.8574
  0.7221  -1.4045   0.7824  -1.8573
  0.7229  -1.4026   0.7843  -1.8572
  0.7236  -1.4008   0.7863  -1.8570
  0.7244  -1.3989   0.7882  -1.8567
  0.7251  -1.3971   0.7901  -1.8565
  0.7258  -1.3953   0.7919  -1.8562
  0.7265  -1.3936   0.7937  -1.8558
  0.7272  -1.3919   0.7955  -1.8554
  0.7279  -1.3902   0.7972  -1.8550
  0.7286  -1.3885   0.7989  -1.8545
  0.7293  -1.3869   0.8005  -1.8540
  0.7299  -1.3853   0.8021  -1.8535
  0.7306  -1.3838   0.8036  -1.8529
  0.7312  -1.3823   0.8051  -1.8522
  0.7318  -1.3808   0.8066  -1.8516
  0.7325  -1.3794   0.8080  -1.8508
  0.7331  -1.3780   0.8094  -1.8501
  0.7337  -1.3766   0.8107  -1.8492
  0.7343  -1.3753   0.8120  -1.8484
  0.7348  -1.3740   0.8132  -1.8474
  0.7354  -1.3728   0.8143  -1.8465
  0.7360  -1.3716   0.8154  -1.8455
  0.7365  -1.3705   0.8165  -1.8444
  0.7370  -1.3694   0.8175  -1.8433
  0.7375  -1.3683   0.8184  -1.8421
  0.7381  -1.3673   0.8193  -1.8409
  0.7386  -1.3664   0.8201  -1.8396
  0.7390  -1.3655   0.8209  -1.8383
  0.7390  -1.3655   0.8209  -1.8383
  0.7395  -1.3646   0.8216  -1.8369
  0.7403  -1.3652   0.8223  -1.8356
  0.7413  -1.3671   0.8231  -1.8342
  0.7426  -1.3703   0.8238  -1.8329
  0.7442  -1.3747   0.8246  -1.8316
  0.7460  -1.3800   0.8255  -1.8304
  0.7480  -1.3862   0.8263  -1.8291
  0.7502  -1.3932   0.8272  -1.8279
  0.7526  -1.4009   0.8281  -1.8267
  0.7552  -1.4092   0.8290  -1.8255
  0.7580  -1.4181   0.8299  -1.8243
  0.7609  -1.4274   0.8309  -1.8232
  0.7640  -1.4371   0.8319  -1.8221
  0.7671  -1.4471   0.8330  -1.8210
  0.7705  -1.4575   0.8340  -1.8199
  0.7739  -1.4682   0.8351  -1.8188
  0.7775  -1.4790   0.8363  -1.8177
  0.7811  -1.4901   0.8374  -1.8167
  0.7849  -1.5014   0.8386  -1.8156
  0.7888  -1.5127   0.8398  -1.8146
  0.7927  -1.5243   0.8410  -1.8136
  0.7967  -1.5358   0.8423  -1.8126
  0.8009  -1.5475   0.8436  -1.8117
  0.8051  -1.5592   0.8449  -1.8107
  0.8094  -1.5710   0.8462  -1.8098
  0.8137  -1.5828   0.8476  -1.8088
  0.8181  -1.5946   0.8490  -1.8079
  0.8226  -1.6064   0.8504  -1.8070
  0.8271  -1.6183   0.8519  -1.8061
  0.8317  -1.6300   0.8533  -1.8052
  0.8364  -1.6418   0.8548  -1.8043
  0.8411  -1.6536   0.8564  -1.8034
  0.8458  -1.6653   0.8579  -1.8025
  0.8506  -1.6769   0.8595  -1.8016
  0.8554  -1.6885   0.8610  -1.8007
  0.8603  -1.7001   0.8626  -1.7999
  0.8652  -1.7116   0.8643  -1.7990
  0.8701  -1.7230   0.8659  -1.7981
  0.8750  -1.7344   0.8676  -1.7973
  0.8800  -1.7456   0.8693  -1.7964
  0.8850  -1.7569   0.8710  -1.7955
  0.8900  -1.7680   0.8727  -1.7947
  0.8951  -1.7790   0.8744  -1.7938
  0.9001  -1.7900   0.8761  -1.7929
  0.9051  -1.8009   0.8779  -1.7920
  0.9102  -1.8117   0.8797  -1.7911
  0.9153  -1.8224   0.8815  -1.7902
  0.9203  -1.8330   0.8833  -1.7893
  0.9254  -1.8435   0.8851  -1.7884
  0.9304  -1.8540   0.8869  -1.7875
  0.9355  -1.8643   0.8888  -1.7866
  0.9405  -1.8746   0.8906  -1.7856
  0.9455  -1.8847   0.8925  -1.7847
  0.9505  -1.8947   0.8944  -1.7837
  0.9555  -1.9047   0.8962  -1.7827
  0.9604  -1.9145   0.8981  -1.7817
  0.9654  -1.9243   0.9000  -1.7807
  0.9702  -1.9339   0.9019  -1.7797
  0.9751  -1.9435   0.9038  -1.7786
  0.9799  -1.9529   0.9057  -1.7776
  0.9847  -1.9622   0.9076  -1.7765
  0.9894  -1.9715   0.9096  -1.7754
  0.9940  -1.9806   0.9115  -1.7742
  0.9987  -1.9896   0.9134  -1.7731
  1.0032  -1.9985   0.9153  -1.7719
  1.0077  -2.0073   0.9172  -1.7707
  1.0121  -2.0160   0.9192  -1.7695
  1.0165  -2.0246   0.9211  -1.7682
  1.0208  -2.0331   0.9230  -1.7670
  1.0250  -2.0415   0.9249  -1.7657
  1.0291  -2.0497   0.9268  -1.7643
  1.0331  -2.0578   0.9287  -1.7629
  1.0371  -2.0658   0.9306  -1.7615
  1.0410  -2.0737   0.9325  -1.7601
  1.0447  -2.0815   0.9344  -1.7586
  1.0484  -2.0891   0.9363  -1.7571
  1.0519  -2.0966   0.9381  -1.7556
  1.0554  -2.1039   0.9400  -1.7540
  1.0587  -2.1111   0.9418  -1.7524
  1.0620  -2.1182   0.9436  -1.7507
  1.0651  -2.1251   0.9454  -1.7490
  1.0680  -2.1318   0.9472  -1.7473
  1.0709  -2.1383   0.9490  -1.7455
  1.0736  -2.1446   0.9508  -1.7436
  1.0762  -2.1508   0.9525  -1.7418
  1.0786  -2.1567   0.9542  -1.7398
  1.0809  -2.1624   0.9559  -1.7378
  1.0831  -2.1678   0.9576  -1.7358
  1.0851  -2.1730   0.9592  -1.7337
  1.0869  -2.1778   0.9609  -1.7316
  1.0886  -2.1824   0.9625  -1.7294
  1.0901  -2.1866   0.9640  -1.7272
  1.0914  -2.1904   0.9656  -1.7249
  1.0926  -2.1938   0.9671  -1.7225
  1.0936  -2.1968   0.9686  -1.7201
  1.0944  -2.1993   0.9700  -1.7176
  1.0950  -2.2012   0.9715  -1.7151
  1.0954  -2.2026   0.9729  -1.7125
  1.0957  -2.2033   0.9742  -1.7098
  1.0957  -2.2033   0.9742  -1.7098
  1.0957  -2.2033   0.9755  -1.7071
  1.0958  -2.2029   0.9768  -1.7043
  1.0958  -2.2020   0.9782  -1.7015
  1.0958  -2.2008   0.9795  -1.6987
  1.0958  -2.1993   0.9808  -1.6958
  1.0958  -2.1976   0.9820  -1.6929
  1.0958  -2.1956   0.9833  -1.6899
  1.0958  -2.1934   0.9846  -1.6869
  1.0958  -2.1911   0.9858  -1.6839
  1.0958  -2.1886   0.9871  -1.6808
  1.0958  -2.1861   0.9883  -1.6777
  1.0957  -2.1835   0.9895  -1.6746
  1.0957  -2.1808   0.9907  -1.6714
  1.0957  -2.1780   0.9918  -1.6681
  1.0957  -2.1752   0.9930  -1.6648
  1.0957  -2.1724   0.9941  -1.6615
  1.0958  -2.1696   0.9952  -1.6581
  1.0958  -2.1667   0.9963  -1.6547
  1.0958  -2.1638   0.9973  -1.6512
  1.0959  -2.1610   0.9984  -1.6477
  1.0959  -2.1581   0.9994  -1.6441
  1.0960  -2.1552   1.0003  -1.6405
  1.0961  -2.1524   1.0013  -1.6368
  1.0962  -2.1495   1.0022  -1.6330
  1.0963  -2.1467   1.0031  -1.6292
  1.0964  -2.1439   1.0039  -1.6254
  1.0965  -2.1411   1.0047  -1.6214
  1.0967  -2.1383   1.0055  -1.6175
  1.0969  -2.1356   1.0062  -1.6134
  1.0970  -2.1329   1.0068  -1.6092
  1.0972  -2.1302   1.0074  -1.6050
  1.0974  -2.1275   1.0080  -1.6008
  1.0977  -2.1248   1.0085  -1.5964
  1.0979  -2.1222   1.0089  -1.5920
  1.0982  -2.1196   1.0094  -1.5875
  1.0985  -2.1170   1.0097  -1.5830
  1.0987  -2.1145   1.0100  -1.5783
  1.0990  -2.1120   1.0103  -1.5736
  1.0994  -2.1095   1.0105  -1.5688
  1.0997  -2.1070   1.0106  -1.5639
  1.1001  -2.1046   1.0107  -1.5590
  1.1004  -2.1023   1.0107  -1.5539
  1.1008  -2.0999   1.0106  -1.5488
  1.1012  -2.0976   1.0105  -1.5436
  1.1016  -2.0954   1.0104  -1.5383
  1.1020  -2.0932   1.0101  -1.5330
  1.1025  -2.0910   1.0098  -1.5275
  1.1029  -2.0889   1.0095  -1.5220
  1.1034  -2.0868   1.0090  -1.5163
  1.1038  -2.0847   1.0085  -1.5106
  1.1043  -2.0827   1.0079  -1.5047
  1.1048  -2.0808   1.0073  -1.4988
  1.1053  -2.0789   1.0065  -1.4927
  1.1058  -2.0770   1.0057  -1.4866
  1.1062  -2.0752   1.0047  -1.4803
  1.1067  -2.0735   1.0037  -1.4739
  1.1072  -2.0718   1.0026  -1.4674
  1.1077  -2.0701   1.0014  -1.4608
  1.1082  -2.0685   1.0002  -1.4541
  1.1087  -2.0670   0.9988  -1.4472
  1.1092  -2.0655   0.9973  -1.4403
  1.1097  -2.0641   0.9958  -1.4332
  1.1102  -2.0628   0.9941  -1.4260
  1.1107  -2.0615   0.9923  -1.4186
  1.1111  -2.0603   0.9904  -1.4111
  1.1116  -2.0591   0.9884  -1.4035
  1.1120  -2.0580   0.9863  -1.3957
  1.1124  -2.0570   0.9841  -1.3878
  1.1128  -2.0561   0.9817  -1.3797
  1.1132  -2.0552   0.9793  -1.3715
  1.1136  -2.0544   0.9767  -1.3632
  1.1139  -2.0536   0.9740  -1.3546
  1.1142  -2.0530   0.9711  -1.3459
  1.1145  -2.0525   0.9681  -1.3371
  1.1147  -2.0520   0.9650  -1.3280
  1.1149  -2.0517   0.9618  -1.3188
  1.1151  -2.0515   0.9584  -1.3094
  1.1152  -2.0514   0.9548  -1.2998
  1.1152  -2.0514   0.9511  -1.2900
  1.1152  -2.0514   0.9511  -1.2900
  1.1152  -2.0514   0.9472  -1.2800
  1.1152  -2.0505   0.9439  -1.2747
  1.1152  -2.0490   0.9411  -1.2731
  1.1151  -2.0471   0.9385  -1.2742
  1.1151  -2.0448   0.9361  -1.2773
  1.1149  -2.0424   0.9338  -1.2818
  1.1148  -2.0398   0.9316  -1.2876
  1.1147  -2.0371   0.9294  -1.2941
  1.1145  -2.0342   0.9271  -1.3013
  1.1143  -2.0314   0.9249  -1.3089
  1.1140  -2.0285   0.9226  -1.3169
  1.1137  -2.0255   0.9203  -1.3251
  1.1134  -2.0226   0.9179  -1.3335
  1.1131  -2.0196   0.9155  -1.3421
  1.1127  -2.0166   0.9130  -1.3508
  1.1123  -2.0136   0.9105  -1.3595
  1.1118  -2.0106   0.9079  -1.3683
  1.1113  -2.0076   0.9053  -1.3771
  1.1107  -2.0046   0.9026  -1.3859
  1.1102  -2.0016   0.8999  -1.3948
  1.1095  -1.9985   0.8971  -1.4036
  1.1089  -1.9955   0.8943  -1.4125
  1.1081  -1.9925   0.8915  -1.4214
  1.1074  -1.9894   0.8886  -1.4302
  1.1066  -1.9864   0.8858  -1.4391
  1.1057  -1.9833   0.8829  -1.4479
  1.1049  -1.9803   0.8800  -1.4568
  1.1039  -1.9772   0.8771  -1.4656
  1.1029  -1.9742   0.8742  -1.4744
  1.1019  -1.9712   0.8712  -1.4832
  1.1008  -1.9681   0.8683  -1.4921
  1.0997  -1.9650   0.8654  -1.5008
  1.0985  -1.9620   0.8625  -1.5096
  1.0973  -1.9589   0.8596  -1.5184
  1.0960  -1.9559   0.8567  -1.5272
  1.0947  -1.9528   0.8539  -1.5359
  1.0934  -1.9498   0.8510  -1.5446
  1.0920  -1.9467   0.8482  -1.5534
  1.0905  -1.9437   0.8454  -1.5621
  1.0890  -1.9406   0.8427  -1.5708
  1.0874  -1.9376   0.8399  -1.5795
  1.0858  -1.9345   0.8372  -1.5882
  1.0842  -1.9315   0.8346  -1.5968
  1.0825  -1.9284   0.8320  -1.6055
  1.0808  -1.9254   0.8294  -1.6142
  1.0790  -1.9223   0.8269  -1.6228
  1.0771  -1.9193   0.8244  -1.6314
  1.0753  -1.9162   0.8220  -1.6400
  1.0733  -1.9132   0.8196  -1.6487
  1.0714  -1.9101   0.8173  -1.6573
  1.0694  -1.9071   0.8150  -1.6658
  1.0673  -1.9041   0.8128  -1.6744
  1.0652  -1.9010   0.8106  -1.6830
  1.0631  -1.8980   0.8085  -1.6915
  1.0609  -1.8950   0.8065  -1.7001
  1.0586  -1.8919   0.8045  -1.7086
  1.0564  -1.8889   0.8026  -1.7171
  1.0541  -1.8859   0.8007  -1.7256
  1.0517  -1.8829   0.7989  -1.7341
  1.0494  -1.8799   0.7972  -1.7426
  1.0469  -1.8769   0.7955  -1.7511
  1.0445  -1.8738   0.7940  -1.7595
  1.0420  -1.8708   0.7924  -1.7680
  1.0395  -1.8678   0.7910  -1.7764
  1.0369  -1.8648   0.7896  -1.7848
  1.0344  -1.8618   0.7883  -1.7932
  1.0318  -1.8588   0.7871  -1.8016
  1.0291  -1.8558   0.7859  -1.8100
  1.0265  -1.8528   0.7848  -1.8184
  1.0238  -1.8498   0.7838  -1.8267
  1.0211  -1.8469   0.7828  -1.8351
  1.0184  -1.8439   0.7819  -1.8434
  1.0156  -1.8409   0.7811  -1.8517
  1.0129  -1.8379   0.7804  -1.8600
  1.0101  -1.8349   0.7797  -1.8683
  1.0073  -1.8319   0.7791  -1.8766
  1.0045  -1.8289   0.7786  -1.8848
  1.0017  -1.8259   0.7781  -1.8931
  0.9989  -1.8230   0.7777  -1.9013
  0.9960  -1.8200   0.7774  -1.9095
  0.9932  -1.8170   0.7771  -1.9178
  0.9904  -1.8140   0.7769  -1.9259
  0.9876  -1.8110   0.7768  -1.9341
  0.9847  -1.8080   0.7767  -1.9423
  0.9819  -1.8050   0.7767  -1.9504
  0.9791  -1.8020   0.7767  -1.9586
  0.9763  -1.7990   0.7768  -1.9667
  0.9735  -1.7960   0.7770  -1.9748
  0.9708  -1.7930   0.7772  -1.9829
  0.9680  -1.7900   0.7774  -1.9910
  0.9653  -1.7869   0.7778  -1.9990
  0.9626  -1.7839   0.7781  -2.0071
  0.9600  -1.7808   0.7785  -2.0151
  0.9574  -1.7778   0.7790  -2.0231
  0.9548  -1.7747   0.7794  -2.0311
  0.9522  -1.7717   0.7800  -2.0391
  0.9497  -1.7686   0.7805  -2.0471
  0.9473  -1.7655   0.7811  -2.0551
  0.9449  -1.7624   0.7817  -2.0630
  0.9425  -1.7592   0.7824  -2.0709
  0.9403  -1.7561   0.7830  -2.0789
  0.9380  -1.7530   0.7837  -2.0867
  0.9359  -1.7498   0.7844  -2.0946
  0.9338  -1.7466   0.7851  -2.1024
  0.9318  -1.7434   0.7858  -2.1102
  0.9299  -1.7403   0.7864  -2.1180
  0.9281  -1.7371   0.7871  -2.1257
  0.9263  -1.7339   0.7878  -2.1334
  0.9247  -1.7307   0.7885  -2.1410
  0.9232  -1.7275   0.7891  -2.1484
  0.9217  -1.7243   0.7897  -2.1557
  0.9204  -1.7213   0.7903  -2.1629
  0.9193  -1.7182   0.7908  -2.1698
  0.9182  -1.7154   0.7913  -2.1763
  0.9173  -1.7126   0.7917  -2.1824
  0.9165  -1.7102   0.7921  -2.1879
  0.9159  -1.7081   0.7923  -2.1926
  0.9159  -1.7081   0.7923  -2.1926
  0.9220  -1.7128   0.7925  -2.1961
  0.9280  -1.7173   0.7929  -2.1996
  0.9340  -1.7214   0.7934  -2.2030
  0.9400  -1.7253   0.7942  -2.2063
  0.9459  -1.7290   0.7951  -2.2096
  0.9518  -1.7323   0.7962  -2.2128
  0.9576  -1.7354   0.7975  -2.2160
  0.9634  -1.7382   0.7990  -2.2191
  0.9692  -1.7407   0.8006  -2.2223
  0.9749  -1.7430   0.8024  -2.2253
  0.9806  -1.7450   0.8043  -2.2283
  0.9862  -1.7468   0.8064  -2.2313
  0.9918  -1.7482   0.8087  -2.2343
  0.9973  -1.7495   0.8111  -2.2372
  1.0027  -1.7504   0.8136  -2.2400
  1.0081  -1.7511   0.8162  -2.2428
  1.0134  -1.7516   0.8190  -2.2456
  1.0187  -1.7518   0.8219  -2.2484
  1.0238  -1.7517   0.8249  -2.2511
  1.0289  -1.7514   0.8280  -2.2537
  1.0340  -1.7508   0.8312  -2.2564
  1.0389  -1.7500   0.8345  -2.2589
  1.0438  -1.7489   0.8379  -2.2615
  1.0486  -1.7476   0.8414  -2.2640
  1.0533  -1.7461   0.8449  -2.2665
  1.0579  -1.7442   0.8486  -2.2689
  1.0624  -1.7422   0.8523  -2.2713
  1.0668  -1.7399   0.8561  -2.2736
  1.0712  -1.7373   0.8599  -2.2759
  1.0754  -1.7345   0.8638  -2.2782
  1.0795  -1.7315   0.8678  -2.2804
  1.0835  -1.7282   0.8718  -2.2826
  1.0875  -1.7247   0.8758  -2.2848
  1.0913  -1.7209   0.8798  -2.2869
  1.0950  -1.7169   0.8839  -2.2890
  1.0986  -1.7127   0.8880  -2.2910
  1.1020  -1.7082   0.8922  -2.2930
  1.1054  -1.7035   0.8963  -2.2950
  1.1086  -1.6986   0.9005  -2.2969
  1.1117  -1.6934   0.9046  -2.2988
  1.1147  -1.6879   0.9088  -2.3007
  1.1176  -1.6823   0.9129  -2.3025
  1.1203  -1.6764   0.9170  -2.3043
  1.1229  -1.6702   0.9211  -2.3060
  1.1254  -1.6638   0.9251  -2.3077
  1.1277  -1.6572   0.9292  -2.3094
  1.1299  -1.6503   0.9332  -2.3110
  1.1320  -1.6432   0.9372  -2.3126
  1.1339  -1.6359   0.9411  -2.3142
  1.1357  -1.6282   0.9450  -2.3158
  1.1374  -1.6204   0.9489  -2.3173
  1.1389  -1.6122   0.9527  -2.3188
  1.1403  -1.6038   0.9564  -2.3204
  1.1416  -1.5952   0.9601  -2.3218
  1.1427  -1.5863   0.9638  -2.3233
  1.1436  -1.5772   0.9673  -2.3247
  1.1444  -1.5677   0.9708  -2.3261
  1.1451  -1.5581   0.9742  -2.3275
  1.1456  -1.5481   0.9775  -2.3288
  1.1459  -1.5379   0.9807  -2.3302
  1.1461  -1.5274   0.9837  -2.3315
  1.1461  -1.5166   0.9867  -2.3327
  1.1460  -1.5056   0.9896  -2.3339
  1.1457  -1.4942   0.9923  -2.3351
  1.1453  -1.4826   0.9949  -2.3363
  1.1447  -1.4706   0.9974  -2.3375
  1.1439  -1.4584   0.9998  -2.3386
  1.1430  -1.4458   1.0020  -2.3397
  1.1419  -1.4329   1.0041  -2.3408
  1.1406  -1.4197   1.0060  -2.3418
  1.1391  -1.4062   1.0078  -2.3428
  1.1375  -1.3923   1.0094  -2.3437
  1.1356  -1.3781   1.0108  -2.3446
  1.1336  -1.3635   1.0120  -2.3453
  1.1314  -1.3486   1.0130  -2.3460
  1.1290  -1.3332   1.0139  -2.3466
  1.1264  -1.3175   1.0145  -2.3471
  1.1235  -1.3014   1.0150  -2.3475
  1.1205  -1.2849   1.0152  -2.3476
  1.1205  -1.2849   1.0152  -2.3476
  1.1173  -1.2680   1.0152  -2.3476
  1.1152  -1.2581   1.0139  -2.3492
  1.1141  -1.2535   1.0113  -2.3519
  1.1139  -1.2529   1.0076  -2.3555
  1.1143  -1.2552   1.0028  -2.3597
  1.1153  -1.2597   0.9970  -2.3644
  1.1168  -1.2657   0.9903  -2.3695
  1.1186  -1.2729   0.9826  -2.3747
  1.1209  -1.2808   0.9742  -2.3801
  1.1234  -1.2893   0.9650  -2.3854
  1.1262  -1.2982   0.9550  -2.3908
  1.1292  -1.3074   0.9444  -2.3960
  1.1325  -1.3167   0.9332  -2.4012
  1.1360  -1.3262   0.9214  -2.4061
  1.1396  -1.3357   0.9091  -2.4109
  1.1434  -1.3452   0.8963  -2.4154
  1.1473  -1.3548   0.8830  -2.4196
  1.1514  -1.3644   0.8694  -2.4236
  1.1555  -1.3740   0.8554  -2.4273
  1.1598  -1.3835   0.8411  -2.4307
  1.1642  -1.3931   0.8265  -2.4337
  1.1686  -1.4026   0.8116  -2.4364
  1.1732  -1.4121   0.7966  -2.4387
  1.1777  -1.4216   0.7813  -2.4406
  1.1824  -1.4311   0.7660  -2.4422
  1.1870  -1.4406   0.7505  -2.4434
  1.1917  -1.4502   0.7349  -2.4442
  1.1964  -1.4597   0.7193  -2.4446
  1.2012  -1.4692   0.7037  -2.4446
  1.2059  -1.4788   0.6881  -2.4442
  1.2106  -1.4883   0.6725  -2.4434
  1.2153  -1.4979   0.6570  -2.4422
  1.2200  -1.5075   0.6415  -2.4406
  1.2246  -1.5172   0.6262  -2.4385
  1.2292  -1.5269   0.6110  -2.4361
  1.2337  -1.5366   0.5960  -2.4332
  1.2382  -1.5463   0.5811  -2.4300
  1.2426  -1.5561   0.5664  -2.4263
  1.2470  -1.5660   0.5520  -2.4223
  1.2512  -1.5758   0.5377  -2.4178
  1.2554  -1.5857   0.5238  -2.4130
  1.2594  -1.5957   0.5100  -2.4078
  1.2634  -1.6057   0.4966  -2.4021
  1.2672  -1.6157   0.4835  -2.3961
  1.2709  -1.6258   0.4706  -2.3898
  1.2745  -1.6359   0.4581  -2.3830
  1.2780  -1.6460   0.4460  -2.3759
  1.2813  -1.6562   0.4341  -2.3685
  1.2844  -1.6664   0.4227  -2.3606
  1.2875  -1.6767   0.4116  -2.3525
  1.2903  -1.6869   0.4008  -2.3440
  1.2930  -1.6972   0.3905  -2.3352
  1.2955  -1.7075   0.3805  -2.3260
  1.2979  -1.7179   0.3710  -2.3166
  1.3000  -1.7282   0.3618  -2.3068
  1.3020  -1.7386   0.3531  -2.2968
  1.3038  -1.7490   0.3447  -2.2864
  1.3054  -1.7593   0.3368  -2.2758
  1.3068  -1.7697   0.3293  -2.2649
  1.3080  -1.7801   0.3222  -2.2537
  1.3090  -1.7904   0.3156  -2.2423
  1.3098  -1.8008   0.3093  -2.2307
  1.3104  -1.8111   0.3035  -2.2188
  1.3108  -1.8214   0.2982  -2.2067
  1.3109  -1.8316   0.2932  -2.1944
  1.3109  -1.8418   0.2887  -2.1819
  1.3106  -1.8520   0.2846  -2.1691
  1.3101  -1.8621   0.2809  -2.1562
  1.3094  -1.8722   0.2776  -2.1432
  1.3085  -1.8822   0.2747  -2.1299
  1.3073  -1.8922   0.2723  -2.1165
  1.3060  -1.9020   0.2702  -2.1030
  1.3044  -1.9118   0.2685  -2.0893
  1.3026  -1.9215   0.2672  -2.0755
  1.3006  -1.9311   0.2663  -2.0616
  1.2984  -1.9406   0.2657  -2.0475
  1.2960  -1.9500   0.2655  -2.0334
  1.2934  -1.9593   0.2657  -2.0192
  1.2906  -1.9685   0.2662  -2.0049
  1.2876  -1.9776   0.2670  -1.9905
  1.2844  -1.9865   0.2682  -1.9761
  1.2811  -1.9953   0.2697  -1.9616
  1.2776  -2.0040   0.2714  -1.9470
  1.2739  -2.0125   0.2735  -1.9324
  1.2700  -2.0209   0.2758  -1.9178
  1.2660  -2.0291   0.2783  -1.9032
  1.2618  -2.0371   0.2811  -1.8885
  1.2575  -2.0450   0.2842  -1.8738
  1.2531  -2.0527   0.2874  -1.8591
  1.2486  -2.0603   0.2908  -1.8444
  1.2439  -2.0677   0.2945  -1.8297
  1.2392  -2.0748   0.2982  -1.8150
  1.2344  -2.0819   0.3021  -1.8003
  1.2295  -2.0887   0.3062  -1.7856
  1.2246  -2.0953   0.3103  -1.7709
  1.2197  -2.1018   0.3145  -1.7563
  1.2147  -2.1080   0.3188  -1.7416
  1.2097  -2.1141   0.3231  -1.7270
  1.2047  -2.1200   0.3274  -1.7124
  1.1997  -2.1256   0.3317  -1.6978
  1.1948  -2.1311   0.3360  -1.6833
  1.1899  -2.1364   0.3402  -1.6688
  1.1851  -2.1415   0.3444  -1.6543
  1.1804  -2.1464   0.3484  -1.6398
  1.1758  -2.1511   0.3523  -1.6254
  1.1713  -2.1556   0.3561  -1.6110
  1.1670  -2.1600   0.3596  -1.5967
  1.1629  -2.1641   0.3630  -1.5825
  1.1589  -2.1680   0.3661  -1.5683
  1.1552  -2.1718   0.3689  -1.5543
  1.1517  -2.1753   0.3715  -1.5405
  1.1485  -2.1787   0.3737  -1.5270
  1.1456  -2.1818   0.3757  -1.5138
  1.1431  -2.1846   0.3772  -1.5012
  1.1408  -2.1872   0.3785  -1.4893
  1.1390  -2.1894   0.3793  -1.4785
  1.1376  -2.1913   0.3799  -1.4692
  1.1366  -2.1927   0.3802  -1.4620
  1.1366  -2.1927   0.3802  -1.4620
  1.1361  -2.1934   0.3926  -1.4750
  1.1355  -2.1938   0.4049  -1.4878
  1.1349  -2.1937   0.4171  -1.5003
  1.1343  -2.1933   0.4291  -1.5126
  1.1337  -2.1926   0.4411  -1.5246
  1.1330  -2.1917   0.4530  -1.5364
  1.1323  -2.1906   0.4648  -1.5479
  1.1316  -2.1893   0.4765  -1.5592
  1.1308  -2.1878   0.4880  -1.5703
  1.1301  -2.1862   0.4995  -1.5812
  1.1293  -2.1845   0.5109  -1.5918
  1.1285  -2.1827   0.5222  -1.6023
  1.1277  -2.1808   0.5334  -1.6125
  1.1269  -2.1788   0.5446  -1.6224
  1.1260  -2.1767   0.5556  -1.6322
  1.1252  -2.1746   0.5665  -1.6418
  1.1243  -2.1725   0.5774  -1.6511
  1.1235  -2.1703   0.5881  -1.6603
  1.1226  -2.1680   0.5988  -1.6692
  1.1217  -2.1658   0.6094  -1.6779
  1.1209  -2.1635   0.6199  -1.6864
  1.1200  -2.1612   0.6303  -1.6948
  1.1191  -2.1588   0.6406  -1.7029
  1.1182  -2.1565   0.6508  -1.7108
  1.1173  -2.1541   0.6609  -1.7185
  1.1165  -2.1518   0.6709  -1.7260
  1.1156  -2.1494   0.6809  -1.7333
  1.1147  -2.1470   0.6907  -1.7404
  1.1138  -2.1446   0.7005  -1.7473
  1.1130  -2.1422   0.7101  -1.7540
  1.1121  -2.1398   0.7197  -1.7605
  1.1113  -2.1373   0.7291  -1.7667
  1.1104  -2.1349   0.7385  -1.7728
  1.1096  -2.1325   0.7477  -1.7787
  1.1087  -2.1301   0.7568  -1.7844
  1.1079  -2.1277   0.7659  -1.7899
  1.1071  -2.1252   0.7748  -1.7951
  1.1063  -2.1228   0.7836  -1.8002
  1.1055  -2.1204   0.7923  -1.8051
  1.1048  -2.1180   0.8009  -1.8097
  1.1040  -2.1156   0.8093  -1.8142
  1.1033  -2.1132   0.8176  -1.8184
  1.1025  -2.1108   0.8258  -1.8224
  1.1018  -2.1084   0.8339  -1.8262
  1.1011  -2.1060   0.8419  -1.8298
  1.1004  -2.1037   0.8497  -1.8332
  1.0998  -2.1013   0.8573  -1.8364
  1.0991  -2.0990   0.8649  -1.8394
  1.0985  -2.0966   0.8722  -1.8421
  1.0979  -2.0943   0.8795  -1.8446
  1.0973  -2.0920   0.8865  -1.8469
  1.0967  -2.0897   0.8935  -1.8490
  1.0961  -2.0874   0.9002  -1.8509
  1.0956  -2.0851   0.9068  -1.8525
  1.0951  -2.0829   0.9132  -1.8539
  1.0946  -2.0806   0.9195  -1.8551
  1.0941  -2.0784   0.9255  -1.8560
  1.0936  -2.0762   0.9314  -1.8568
  1.0932  -2.0741   0.9371  -1.8572
  1.0928  -2.0719   0.9426  -1.8575
  1.0924  -2.0698   0.9479  -1.8575
  1.0920  -2.0677   0.9530  -1.8573
  1.0917  -2.0657   0.9579  -1.8568
  1.0913  -2.0637   0.9626  -1.8561
  1.0910  -2.0618   0.9670  -1.8552
  1.0907  -2.0599   0.9713  -1.8540
  1.0904  -2.0580   0.9753  -1.8525
  1.0902  -2.0562   0.9791  -1.8508
  1.0900  -2.0545   0.9827  -1.8489
  1.0897  -2.0529   0.9860  -1.8466
  1.0896  -2.0513   0.9890  -1.8442
  1.0894  -2.0499   0.9918  -1.8415
  1.0892  -2.0486   0.9944  -1.8385
  1.0891  -2.0473   0.9967  -1.8352
  1.0890  -2.0463   0.9987  -1.8317
  1.0889  -2.0454   1.0005  -1.8279
  1.0889  -2.0446   1.0020  -1.8238
  1.0888  -2.0441   1.0032  -1.8195
  1.0888  -2.0439   1.0041  -1.8149
  1.0888  -2.0439   1.0041  -1.8149
  1.0888  -2.0439   1.0047  -1.8100
  1.0888  -2.0434   1.0053  -1.8073
  1.0888  -2.0426   1.0059  -1.8064
  1.0888  -2.0415   1.0064  -1.8067
  1.0888  -2.0403   1.0068  -1.8080
  1.0888  -2.0389   1.0070  -1.8099
  1.0889  -2.0374   1.0072  -1.8124
  1.0889  -2.0359   1.0072  -1.8152
  1.0889  -2.0343   1.0071  -1.8183
  1.0889  -2.0327   1.0069  -1.8217
  1.0889  -2.0311   1.0065  -1.8252
  1.0890  -2.0294   1.0060  -1.8287
  1.0890  -2.0277   1.0054  -1.8324
  1.0890  -2.0261   1.0046  -1.8362
  1.0890  -2.0243   1.0038  -1.8399
  1.0890  -2.0226   1.0028  -1.8437
  1.0890  -2.0209   1.0017  -1.8476
  1.0890  -2.0192   1.0005  -1.8514
  1.0890  -2.0175   0.9992  -1.8552
  1.0890  -2.0157   0.9978  -1.8591
  1.0890  -2.0140   0.9963  -1.8629
  1.0890  -2.0123   0.9947  -1.8668
  1.0890  -2.0105   0.9930  -1.8706
  1.0889  -2.0088   0.9912  -1.8744
  1.0889  -2.0070   0.9894  -1.8783
  1.0888  -2.0053   0.9875  -1.8821
  1.0888  -2.0035   0.9855  -1.8859
  1.0887  -2.0017   0.9834  -1.8897
  1.0887  -2.0000   0.9813  -1.8935
  1.0886  -1.9982   0.9791  -1.8973
  1.0885  -1.9964   0.9768  -1.9011
  1.0884  -1.9946   0.9745  -1.9048
  1.0883  -1.9929   0.9721  -1.9086
  1.0882  -1.9911   0.9697  -1.9124
  1.0881  -1.9893   0.9672  -1.9161
  1.0880  -1.9875   0.9647  -1.9199
  1.0878  -1.9857   0.9622  -1.9236
  1.0877  -1.9839   0.9596  -1.9273
  1.0875  -1.9821   0.9569  -1.9311
  1.0873  -1.9803   0.9543  -1.9348
  1.0872  -1.9785   0.9516  -1.9385
  1.0870  -1.9767   0.9488  -1.9422
  1.0868  -1.9749   0.9461  -1.9459
  1.0865  -1.9730   0.9433  -1.9496
  1.0863  -1.9712   0.9405  -1.9532
  1.0861  -1.9694   0.9377  -1.9569
  1.0858  -1.9676   0.9349  -1.9606
  1.0856  -1.9657   0.9320  -1.9642
  1.0853  -1.9639   0.9291  -1.9679
  1.0850  -1.9621   0.9262  -1.9715
  1.0847  -1.9602   0.9234  -1.9752
  1.0844  -1.9584   0.9205  -1.9788
  1.0841  -1.9565   0.9175  -1.9824
  1.0838  -1.9547   0.9146  -1.9860
  1.0834  -1.9528   0.9117  -1.9896
  1.0831  -1.9510   0.9088  -1.9932
  1.0827  -1.9491   0.9059  -1.9968
  1.0823  -1.9473   0.9030  -2.0004
  1.0820  -1.9454   0.9001  -2.0040
  1.0816  -1.9435   0.8972  -2.0076
  1.0811  -1.9417   0.8943  -2.0111
  1.0807  -1.9398   0.8914  -2.0147
  1.0803  -1.9379   0.8885  -2.0183
  1.0799  -1.9360   0.8857  -2.0218
  1.0794  -1.9342   0.8828  -2.0254
  1.0789  -1.9323   0.8800  -2.0289
  1.0785  -1.9304   0.8772  -2.0324
  1.0780  -1.9285   0.8744  -2.0359
  1.0775  -1.9266   0.8716  -2.0395
  1.0770  -1.9247   0.8688  -2.0430
  1.0765  -1.9228   0.8661  -2.0465
  1.0760  -1.9209   0.8634  -2.0500
  1.0754  -1.9190   0.8607  -2.0535
  1.0749  -1.9171   0.8580  -2.0570
  1.0744  -1.9151   0.8554  -2.0604
  1.0738  -1.9132   0.8527  -2.0639
  1.0733  -1.9113   0.8502  -2.0674
  1.0727  -1.9094   0.8476  -2.0708
  1.0721  -1.9075   0.8451  -2.0743
  1.0716  -1.9055   0.8426  -2.0777
  1.0710  -1.9036   0.8402  -2.0812
  1.0704  -1.9017   0.8377  -2.0846
  1.0698  -1.8997   0.8354  -2.0881
  1.0692  -1.8978   0.8330  -2.0915
  1.0686  -1.8958   0.8307  -2.0949
  1.0680  -1.8939   0.8285  -2.0983
  1.0674  -1.8919   0.8263  -2.1017
  1.0668  -1.8899   0.8241  -2.1051
  1.0662  -1.8880   0.8220  -2.1085
  1.0656  -1.8860   0.8199  -2.1119
  1.0650  -1.8840   0.8179  -2.1152
  1.0644  -1.8821   0.8159  -2.1186
  1.0639  -1.8801   0.8139  -2.1220
  1.0633  -1.8781   0.8121  -2.1253
  1.0627  -1.8761   0.8102  -2.1286
  1.0621  -1.8741   0.8085  -2.1320
  1.0615  -1.8721   0.8067  -2.1353
  1.0610  -1.8701   0.8051  -2.1386
  1.0604  -1.8681   0.8035  -2.1419
  1.0598  -1.8661   0.8019  -2.1452
  1.0593  -1.8641   0.8005  -2.1485
  1.0588  -1.8621   0.7991  -2.1518
  1.0583  -1.8601   0.7977  -2.1550
  1.0578  -1.8581   0.7964  -2.1583
  1.0573  -1.8561   0.7952  -2.1615
  1.0568  -1.8540   0.7941  -2.1647
  1.0563  -1.8520   0.7930  -2.1679
  1.0559  -1.8501   0.7920  -2.1711
  1.0555  -1.8481   0.7911  -2.1742
  1.0551  -1.8461   0.7902  -2.1772
  1.0547  -1.8442   0.7895  -2.1802
  1.0544  -1.8423   0.7888  -2.1832
  1.0541  -1.8405   0.7882  -2.1860
  1.0538  -1.8388   0.7876  -2.1886
  1.0535  -1.8372   0.7872  -2.1911
  1.0533  -1.8357   0.7869  -2.1934
  1.0532  -1.8345   0.7866  -2.1953
  1.0530  -1.8335   0.7864  -2.1967
  1.0530  -1.8330   0.7863  -2.1975
  1.0530  -1.8330   0.7863  -2.1975
  1.0530  -1.8330   0.7863  -2.1975
  1.0530  -1.8330   0.7863  -2.1975
  1.0597  -1.8387   0.7863  -2.1975
  1.0664  -1.8440   0.7864  -2.1980
  1.0731  -1.8490   0.7868  -2.1989
  1.0797  -1.8536   0.7874  -2.2002
  1.0863  -1.8579   0.7881  -2.2018
  1.0928  -1.8619   0.7891  -2.2036
  1.0993  -1.8656   0.7903  -2.2057
  1.1057  -1.8689   0.7916  -2.2079
  1.1121  -1.8719   0.7932  -2.2103
  1.1184  -1.8746   0.7949  -2.2128
  1.1246  -1.8769   0.7967  -2.2154
  1.1308  -1.8790   0.7987  -2.2181
  1.1369  -1.8807   0.8009  -2.2208
  1.1429  -1.8822   0.8032  -2.2236
  1.1489  -1.8833   0.8057  -2.2264
  1.1547  -1.8842   0.8083  -2.2293
  1.1605  -1.8847   0.8110  -2.2322
  1.1662  -1.8849   0.8138  -2.2351
  1.1717  -1.8849   0.8168  -2.2379
  1.1772  -1.8846   0.8198  -2.2408
  1.1826  -1.8840   0.8230  -2.2437
  1.1879  -1.8831   0.8263  -2.2466
  1.1931  -1.8819   0.8297  -2.2494
  1.1981  -1.8804   0.8331  -2.2523
  1.2031  -1.8787   0.8367  -2.2551
  1.2079  -1.8767   0.8403  -2.2579
  1.2126  -1.8745   0.8440  -2.2606
  1.2172  -1.8719   0.8478  -2.2634
  1.2217  -1.8691   0.8516  -2.2661
  1.2260  -1.8661   0.8555  -2.2687
  1.2302  -1.8628   0.8595  -2.2714
  1.2343  -1.8592   0.8635  -2.2740
  1.2383  -1.8554   0.8675  -2.2766
  1.2421  -1.8513   0.8716  -2.2791
  1.2458  -1.8469   0.8757  -2.2817
  1.2493  -1.8423   0.8799  -2.2841
  1.2527  -1.8375   0.8841  -2.2866
  1.2560  -1.8324   0.8884  -2.2890
  1.2591  -1.8270   0.8926  -2.2914
  1.2621  -1.8215   0.8969  -2.2937
  1.2649  -1.8156   0.9012  -2.2960
  1.2676  -1.8095   0.9055  -2.2983
  1.2702  -1.8032   0.9098  -2.3005
  1.2726  -1.7966   0.9141  -2.3027
  1.2748  -1.7898   0.9184  -2.3048
  1.2769  -1.7827   0.9227  -2.3070
  1.2789  -1.7754   0.9270  -2.3090
  1.2807  -1.7679   0.9313  -2.3111
  1.2824  -1.7601   0.9356  -2.3131
  1.2839  -1.7521   0.9398  -2.3151
  1.2853  -1.7438   0.9440  -2.3170
  1.2865  -1.7352   0.9482  -2.3189
  1.2876  -1.7265   0.9523  -2.3207
  1.2885  -1.7175   0.9564  -2.3226
  1.2893  -1.7082   0.9604  -2.3243
  1.2899  -1.6987   0.9644  -2.3261
  1.2904  -1.6889   0.9683  -2.3278
  1.2907  -1.6789   0.9721  -2.3295
  1.2908  -1.6687   0.9758  -2.3311
  1.2908  -1.6581   0.9795  -2.3327
  1.2907  -1.6474   0.9830  -2.3342
  1.2904  -1.6364   0.9865  -2.3357
  1.2899  -1.6251   0.9898  -2.3372
  1.2893  -1.6135   0.9931  -2.3386
  1.2885  -1.6017   0.9962  -2.3400
  1.2876  -1.5897   0.9991  -2.3414
  1.2865  -1.5773   1.0019  -2.3426
  1.2852  -1.5647   1.0046  -2.3439
  1.2838  -1.5518   1.0071  -2.3451
  1.2822  -1.5387   1.0094  -2.3462
  1.2804  -1.5252   1.0115  -2.3473
  1.2785  -1.5115   1.0135  -2.3483
  1.2764  -1.4975   1.0152  -2.3492
  1.2741  -1.4832   1.0167  -2.3500
  1.2717  -1.4686   1.0180  -2.3508
  1.2691  -1.4536   1.0191  -2.3514
  1.2663  -1.4384   1.0199  -2.3519
  1.2633  -1.4229   1.0204  -2.3523
  1.2601  -1.4070   1.0207  -2.3524
  1.2601  -1.4070   1.0207  -2.3524
  1.2567  -1.3907   1.0207  -2.3524
  1.2543  -1.3813   1.0196  -2.3535
  1.2527  -1.3770   1.0174  -2.3554
  1.2517  -1.3766   1.0142  -2.3580
  1.2513  -1.3789   1.0101  -2.3610
  1.2513  -1.3834   1.0051  -2.3643
  1.2517  -1.3894   0.9993  -2.3678
  1.2524  -1.3966   0.9928  -2.3715
  1.2533  -1.4045   0.9855  -2.3753
  1.2544  -1.4131   0.9776  -2.3791
  1.2557  -1.4221   0.9691  -2.3828
  1.2572  -1.4313   0.9600  -2.3865
  1.2589  -1.4408   0.9504  -2.3901
  1.2606  -1.4504   0.9402  -2.3936
  1.2625  -1.4601   0.9296  -2.3969
  1.2644  -1.4698   0.9186  -2.4000
  1.2664  -1.4796   0.9072  -2.4030
  1.2686  -1.4893   0.8955  -2.4057
  1.2707  -1.4990   0.8834  -2.4082
  1.2729  -1.5088   0.8710  -2.4104
  1.2752  -1.5185   0.8584  -2.4124
  1.2775  -1.5281   0.8456  -2.4141
  1.2798  -1.5377   0.8325  -2.4155
  1.2821  -1.5473   0.8193  -2.4167
  1.2845  -1.5569   0.8059  -2.4176
  1.2868  -1.5665   0.7924  -2.4181
  1.2891  -1.5760   0.7789  -2.4184
  1.2915  -1.5855   0.7652  -2.4184
  1.2938  -1.5950   0.7515  -2.4180
  1.2960  -1.6044   0.7378  -2.4174
  1.2983  -1.6138   0.7241  -2.4164
  1.3005  -1.6233   0.7105  -2.4151
  1.3027  -1.6327   0.6968  -2.4135
  1.3048  -1.6420   0.6832  -2.4115
  1.3068  -1.6514   0.6697  -2.4092
  1.3088  -1.6608   0.6563  -2.4067
  1.3108  -1.6701   0.6430  -2.4038
  1.3126  -1.6794   0.6299  -2.4005
  1.3144  -1.6888   0.6168  -2.3970
  1.3161  -1.6981   0.6040  -2.3931
  1.3177  -1.7073   0.5913  -2.3889
  1.3192  -1.7166   0.5788  -2.3845
  1.3206  -1.7259   0.5665  -2.3797
  1.3219  -1.7351   0.5545  -2.3745
  1.3231  -1.7444   0.5426  -2.3691
  1.3242  -1.7536   0.5310  -2.3634
  1.3251  -1.7628   0.5196  -2.3574
  1.3260  -1.7720   0.5085  -2.3511
  1.3267  -1.7811   0.4977  -2.3445
  1.3273  -1.7903   0.4871  -2.3376
  1.3277  -1.7994   0.4769  -2.3305
  1.3281  -1.8084   0.4669  -2.3230
  1.3283  -1.8175   0.4572  -2.3153
  1.3283  -1.8265   0.4478  -2.3074
  1.3282  -1.8355   0.4387  -2.2991
  1.3280  -1.8444   0.4300  -2.2907
  1.3276  -1.8533   0.4215  -2.2819
  1.3271  -1.8622   0.4134  -2.2729
  1.3264  -1.8710   0.4056  -2.2637
  1.3255  -1.8797   0.3982  -2.2543
  1.3245  -1.8884   0.3911  -2.2446
  1.3234  -1.8970   0.3843  -2.2347
  1.3221  -1.9056   0.3778  -2.2246
  1.3206  -1.9141   0.3717  -2.2143
  1.3190  -1.9226   0.3659  -2.2038
  1.3173  -1.9309   0.3605  -2.1931
  1.3153  -1.9392   0.3554  -2.1822
  1.3132  -1.9474   0.3506  -2.1711
  1.3110  -1.9555   0.3462  -2.1598
  1.3086  -1.9636   0.3420  -2.1484
  1.3061  -1.9715   0.3383  -2.1368
  1.3034  -1.9794   0.3348  -2.1251
  1.3006  -1.9871   0.3317  -2.1132
  1.2976  -1.9948   0.3289  -2.1012
  1.2944  -2.0023   0.3264  -2.0890
  1.2912  -2.0097   0.3242  -2.0767
  1.2878  -2.0171   0.3223  -2.0643
  1.2842  -2.0243   0.3206  -2.0518
  1.2806  -2.0313   0.3193  -2.0392
  1.2768  -2.0383   0.3183  -2.0264
  1.2729  -2.0451   0.3175  -2.0136
  1.2689  -2.0518   0.3170  -2.0007
  1.2648  -2.0584   0.3168  -1.9877
  1.2606  -2.0648   0.3168  -1.9746
  1.2563  -2.0711   0.3170  -1.9614
  1.2519  -2.0773   0.3175  -1.9482
  1.2474  -2.0833   0.3182  -1.9349
  1.2428  -2.0891   0.3190  -1.9215
  1.2382  -2.0949   0.3201  -1.9081
  1.2335  -2.1004   0.3214  -1.8946
  1.2288  -2.1058   0.3228  -1.8811
  1.2241  -2.1111   0.3244  -1.8676
  1.2193  -2.1162   0.3261  -1.8540
  1.2145  -2.1211   0.3279  -1.8403
  1.2097  -2.1259   0.3299  -1.8267
  1.2049  -2.1306   0.3320  -1.8130
  1.2001  -2.1350   0.3341  -1.7992
  1.1954  -2.1394   0.3363  -1.7855
  1.1907  -2.1435   0.3385  -1.7717
  1.1860  -2.1476   0.3408  -1.7579
  1.1814  -2.1514   0.3431  -1.7441
  1.1769  -2.1551   0.3454  -1.7303
  1.1725  -2.1587   0.3476  -1.7165
  1.1682  -2.1621   0.3499  -1.7026
  1.1640  -2.1654   0.3520  -1.6888
  1.1600  -2.1685   0.3541  -1.6750
  1.1561  -2.1714   0.3560  -1.6612
  1.1524  -2.1743   0.3579  -1.6475
  1.1489  -2.1769   0.3596  -1.6339
  1.1456  -2.1795   0.3611  -1.6203
  1.1425  -2.1819   0.3625  -1.6070
  1.1397  -2.1841   0.3636  -1.5939
  1.1371  -2.1862   0.3646  -1.5811
  1.1349  -2.1881   0.3653  -1.5689
  1.1329  -2.1898   0.3659  -1.5574
  1.1313  -2.1913   0.3662  -1.5469
  1.1301  -2.1925   0.3663  -1.5379
  1.1292  -2.1934   0.3664  -1.5310
  1.1292  -2.1934   0.3664  -1.5310
  1.1288  -2.1939   0.3782  -1.5432
  1.1283  -2.1940   0.3900  -1.5551
  1.1278  -2.1937   0.4017  -1.5669
  1.1273  -2.1932   0.4133  -1.5784
  1.1268  -2.1923   0.4248  -1.5897
  1.1262  -2.1913   0.4363  -1.6008
  1.1257  -2.1900   0.4477  -1.6116
  1.1251  -2.1886   0.4590  -1.6223
  1.1244  -2.1870   0.4702  -1.6328
  1.1238  -2.1853   0.4813  -1.6431
  1.1231  -2.1835   0.4924  -1.6531
  1.1225  -2.1816   0.5034  -1.6630
  1.1218  -2.1797   0.5143  -1.6727
  1.1211  -2.1776   0.5252  -1.6821
  1.1204  -2.1755   0.5359  -1.6914
  1.1197  -2.1734   0.5466  -1.7005
  1.1190  -2.1712   0.5572  -1.7094
  1.1183  -2.1690   0.5678  -1.7181
  1.1175  -2.1667   0.5783  -1.7266
  1.1168  -2.1645   0.5887  -1.7349
  1.1161  -2.1622   0.5990  -1.7431
  1.1153  -2.1598   0.6093  -1.7510
  1.1146  -2.1575   0.6194  -1.7588
  1.1138  -2.1551   0.6295  -1.7663
  1.1131  -2.1528   0.6396  -1.7737
  1.1123  -2.1504   0.6495  -1.7809
  1.1116  -2.1480   0.6594  -1.7879
  1.1108  -2.1456   0.6692  -1.7947
  1.1101  -2.1433   0.6789  -1.8013
  1.1093  -2.1409   0.6885  -1.8077
  1.1086  -2.1385   0.6980  -1.8139
  1.1078  -2.1361   0.7075  -1.8200
  1.1071  -2.1337   0.7168  -1.8258
  1.1064  -2.1313   0.7261  -1.8315
  1.1057  -2.1289   0.7353  -1.8369
  1.1050  -2.1265   0.7444  -1.8422
  1.1043  -2.1241   0.7533  -1.8473
  1.1036  -2.1218   0.7622  -1.8522
  1.1029  -2.1194   0.7710  -1.8568
  1.1022  -2.1170   0.7797  -1.8613
  1.1015  -2.1146   0.7882  -1.8656
  1.1009  -2.1123   0.7967  -1.8697
  1.1002  -2.1099   0.8050  -1.8735
  1.0996  -2.1076   0.8133  -1.8772
  1.0990  -2.1052   0.8214  -1.8807
  1.0984  -2.1029   0.8293  -1.8839
  1.0978  -2.1006   0.8372  -1.8870
  1.0972  -2.0983   0.8449  -1.8898
  1.0967  -2.0960   0.8525  -1.8925
  1.0961  -2.0937   0.8599  -1.8949
  1.0956  -2.0914   0.8673  -1.8971
  1.0951  -2.0892   0.8744  -1.8991
  1.0946  -2.0869   0.8814  -1.9009
  1.0941  -2.0847   0.8883  -1.9024
  1.0936  -2.0825   0.8950  -1.9038
  1.0932  -2.0803   0.9015  -1.9049
  1.0928  -2.0781   0.9078  -1.9058
  1.0924  -2.0760   0.9140  -1.9065
  1.0920  -2.0738   0.9200  -1.9069
  1.0916  -2.0717   0.9259  -1.9071
  1.0912  -2.0697   0.9315  -1.9071
  1.0909  -2.0676   0.9369  -1.9069
  1.0906  -2.0656   0.9422  -1.9064
  1.0903  -2.0637   0.9472  -1.9057
  1.0900  -2.0617   0.9521  -1.9047
  1.0897  -2.0599   0.9567  -1.9035
  1.0895  -2.0580   0.9611  -1.9021
  1.0892  -2.0563   0.9653  -1.9004
  1.0890  -2.0546   0.9693  -1.8984
  1.0888  -2.0530   0.9730  -1.8963
  1.0886  -2.0514   0.9765  -1.8938
  1.0885  -2.0500   0.9797  -1.8912
  1.0883  -2.0487   0.9827  -1.8882
  1.0882  -2.0475   0.9855  -1.8850
  1.0881  -2.0464   0.9880  -1.8816
  1.0880  -2.0455   0.9902  -1.8778
  1.0880  -2.0448   0.9922  -1.8739
  1.0879  -2.0443   0.9939  -1.8696
  1.0879  -2.0440   0.9953  -1.8651
  1.0879  -2.0440   0.9953  -1.8651
  1.0879  -2.0440   0.9964  -1.8603
  1.0879  -2.0436   0.9975  -1.8577
  1.0879  -2.0428   0.9985  -1.8566
  1.0879  -2.0418   0.9994  -1.8568
  1.0879  -2.0406   1.0001  -1.8578
  1.0879  -2.0393   1.0008  -1.8594
  1.0879  -2.0379   1.0013  -1.8615
  1.0879  -2.0364   1.0017  -1.8640
  1.0879  -2.0349   1.0019  -1.8667
  1.0879  -2.0333   1.0020  -1.8696
  1.0878  -2.0318   1.0019  -1.8727
  1.0878  -2.0302   1.0017  -1.8758
  1.0878  -2.0286   1.0014  -1.8791
  1.0877  -2.0269   1.0009  -1.8824
  1.0877  -2.0253   1.0003  -1.8857
  1.0877  -2.0237   0.9996  -1.8890
  1.0876  -2.0220   0.9988  -1.8924
  1.0876  -2.0204   0.9978  -1.8957
  1.0875  -2.0187   0.9967  -1.8991
  1.0875  -2.0171   0.9956  -1.9025
  1.0874  -2.0154   0.9943  -1.9058
  1.0873  -2.0137   0.9929  -1.9092
  1.0872  -2.0121   0.9915  -1.9126
  1.0871  -2.0104   0.9899  -1.9159
  1.0870  -2.0087   0.9883  -1.9193
  1.0869  -2.0070   0.9866  -1.9226
  1.0868  -2.0053   0.9848  -1.9260
  1.0867  -2.0036   0.9829  -1.9293
  1.0866  -2.0020   0.9809  -1.9327
  1.0865  -2.0003   0.9789  -1.9360
  1.0863  -1.9986   0.9768  -1.9393
  1.0862  -1.9969   0.9747  -1.9426
  1.0860  -1.9952   0.9725  -1.9459
  1.0858  -1.9934   0.9702  -1.9492
  1.0857  -1.9917   0.9679  -1.9525
  1.0855  -1.9900   0.9656  -1.9557
  1.0853  -1.9883   0.9631  -1.9590
  1.0851  -1.9866   0.9607  -1.9623
  1.0849  -1.9849   0.9582  -1.9655
  1.0846  -1.9831   0.9557  -1.9688
  1.0844  -1.9814   0.9531  -1.9720
  1.0842  -1.9797   0.9505  -1.9753
  1.0839  -1.9779   0.9478  -1.9785
  1.0837  -1.9762   0.9452  -1.9817
  1.0834  -1.9745   0.9425  -1.9849
  1.0831  -1.9727   0.9398  -1.9881
  1.0828  -1.9710   0.9370  -1.9913
  1.0825  -1.9692   0.9343  -1.9945
  1.0822  -1.9675   0.9315  -1.9977
  1.0819  -1.9657   0.9287  -2.0009
  1.0815  -1.9640   0.9259  -2.0041
  1.0812  -1.9622   0.9230  -2.0072
  1.0808  -1.9604   0.9202  -2.0104
  1.0805  -1.9587   0.9174  -2.0136
  1.0801  -1.9569   0.9145  -2.0167
  1.0797  -1.9551   0.9116  -2.0199
  1.0793  -1.9534   0.9088  -2.0230
  1.0789  -1.9516   0.9059  -2.0261
  1.0785  -1.9498   0.9031  -2.0293
  1.0781  -1.9480   0.9002  -2.0324
  1.0777  -1.9463   0.8973  -2.0355
  1.0772  -1.9445   0.8945  -2.0386
  1.0768  -1.9427   0.8916  -2.0417
  1.0763  -1.9409   0.8888  -2.0448
  1.0759  -1.9391   0.8860  -2.0479
  1.0754  -1.9373   0.8832  -2.0510
  1.0749  -1.9355   0.8803  -2.0541
  1.0744  -1.9337   0.8776  -2.0571
  1.0739  -1.9319   0.8748  -2.0602
  1.0734  -1.9301   0.8720  -2.0633
  1.0729  -1.9283   0.8693  -2.0663
  1.0724  -1.9265   0.8665  -2.0694
  1.0719  -1.9246   0.8638  -2.0724
  1.0714  -1.9228   0.8612  -2.0755
  1.0708  -1.9210   0.8585  -2.0785
  1.0703  -1.9192   0.8559  -2.0815
  1.0697  -1.9173   0.8533  -2.0845
  1.0692  -1.9155   0.8507  -2.0876
  1.0686  -1.9137   0.8482  -2.0906
  1.0681  -1.9118   0.8456  -2.0936
  1.0675  -1.9100   0.8432  -2.0966
  1.0669  -1.9082   0.8407  -2.0996
  1.0663  -1.9063   0.8383  -2.1025
  1.0658  -1.9045   0.8359  -2.1055
  1.0652  -1.9026   0.8336  -2.1085
  1.0646  -1.9007   0.8313  -2.1115
  1.0640  -1.8989   0.8290  -2.1144
  1.0635  -1.8970   0.8268  -2.1174
  1.0629  -1.8952   0.8246  -2.1203
  1.0623  -1.8933   0.8225  -2.1233
  1.0617  -1.8914   0.8204  -2.1262
  1.0612  -1.8895   0.8183  -2.1291
  1.0606  -1.8877   0.8163  -2.1320
  1.0600  -1.8858   0.8144  -2.1349
  1.0595  -1.8839   0.8125  -2.1379
  1.0589  -1.8820   0.8107  -2.1407
  1.0584  -1.8801   0.8089  -2.1436
  1.0579  -1.8782   0.8072  -2.1465
  1.0573  -1.8763   0.8055  -2.1494
  1.0568  -1.8744   0.8039  -2.1523
  1.0563  -1.8725   0.8024  -2.1551
  1.0558  -1.8706   0.8009  -2.1580
  1.0553  -1.8687   0.7995  -2.1608
  1.0548  -1.8668   0.7982  -2.1636
  1.0544  -1.8649   0.7969  -2.1664
  1.0539  -1.8630   0.7957  -2.1692
  1.0535  -1.8611   0.7946  -2.1719
  1.0531  -1.8592   0.7935  -2.1747
  1.0527  -1.8573   0.7925  -2.1774
  1.0523  -1.8554   0.7916  -2.1800
  1.0520  -1.8536   0.7908  -2.1826
  1.0517  -1.8518   0.7901  -2.1852
  1.0514  -1.8501   0.7895  -2.1876
  1.0511  -1.8485   0.7889  -2.1899
  1.0509  -1.8470   0.7884  -2.1921
  1.0507  -1.8456   0.7881  -2.1940
  1.0505  -1.8444   0.7878  -2.1957
  1.0504  -1.8435   0.7876  -2.1969
  1.0503  -1.8430   0.7875  -2.1976
  1.0503  -1.8430   0.7875  -2.1976
  1.0503  -1.8430   0.7875  -2.1976
  1.0503  -1.8430   0.7875  -2.1976
  1.0570  -1.8484   0.7874  -2.1976
  1.0635  -1.8534   0.7876  -2.1980
  1.0701  -1.8581   0.7880  -2.1989
  1.0766  -1.8625   0.7886  -2.2000
  1.0831  -1.8665   0.7894  -2.2014
  1.0896  -1.8702   0.7905  -2.2030
  1.0960  -1.8735   0.7918  -2.2048
  1.1023  -1.8765   0.7932  -2.2068
  1.1087  -1.8792   0.7948  -2.2089
  1.1149  -1.8816   0.7967  -2.2112
  1.1211  -1.8837   0.7987  -2.2135
  1.1273  -1.8854   0.8008  -2.2159
  1.1333  -1.8868   0.8031  -2.2183
  1.1393  -1.8880   0.8056  -2.2208
  1.1453  -1.8888   0.8082  -2.2233
  1.1511  -1.8893   0.8110  -2.2259
  1.1569  -1.8896   0.8139  -2.2285
  1.1626  -1.8895   0.8169  -2.2311
  1.1682  -1.8892   0.8200  -2.2337
  1.1737  -1.8885   0.8233  -2.2363
  1.1791  -1.8876   0.8266  -2.2389
  1.1844  -1.8864   0.8301  -2.2415
  1.1896  -1.8849   0.8337  -2.2441
  1.1948  -1.8831   0.8373  -2.2466
  1.1998  -1.8811   0.8411  -2.2492
  1.2046  -1.8788   0.8449  -2.2518
  1.2094  -1.8762   0.8488  -2.2543
  1.2141  -1.8733   0.8528  -2.2568
  1.2186  -1.8702   0.8568  -2.2593
  1.2230  -1.8669   0.8609  -2.2618
  1.2273  -1.8632   0.8650  -2.2643
  1.2315  -1.8593   0.8692  -2.2668
  1.2355  -1.8552   0.8734  -2.2692
  1.2394  -1.8508   0.8777  -2.2716
  1.2431  -1.8462   0.8820  -2.2740
  1.2467  -1.8413   0.8863  -2.2764
  1.2502  -1.8361   0.8906  -2.2787
  1.2535  -1.8308   0.8950  -2.2811
  1.2567  -1.8251   0.8993  -2.2834
  1.2598  -1.8193   0.9037  -2.2857
  1.2627  -1.8132   0.9080  -2.2879
  1.2654  -1.8068   0.9123  -2.2902
  1.2680  -1.8003   0.9166  -2.2924
  1.2705  -1.7935   0.9209  -2.2945
  1.2728  -1.7864   0.9252  -2.2967
  1.2749  -1.7792   0.9294  -2.2989
  1.2769  -1.7716   0.9336  -2.3010
  1.2788  -1.7639   0.9378  -2.3031
  1.2805  -1.7559   0.9419  -2.3051
  1.2820  -1.7477   0.9460  -2.3072
  1.2834  -1.7393   0.9501  -2.3092
  1.2846  -1.7306   0.9541  -2.3112
  1.2857  -1.7216   0.9580  -2.3132
  1.2867  -1.7125   0.9619  -2.3152
  1.2874  -1.7031   0.9657  -2.3171
  1.2881  -1.6934   0.9695  -2.3191
  1.2885  -1.6836   0.9732  -2.3210
  1.2889  -1.6735   0.9767  -2.3228
  1.2890  -1.6631   0.9803  -2.3247
  1.2890  -1.6525   0.9837  -2.3265
  1.2889  -1.6416   0.9870  -2.3283
  1.2886  -1.6306   0.9902  -2.3301
  1.2881  -1.6192   0.9933  -2.3318
  1.2875  -1.6076   0.9962  -2.3335
  1.2868  -1.5958   0.9991  -2.3352
  1.2858  -1.5837   1.0018  -2.3368
  1.2847  -1.5713   1.0044  -2.3384
  1.2835  -1.5587   1.0068  -2.3399
  1.2821  -1.5458   1.0090  -2.3414
  1.2805  -1.5326   1.0111  -2.3428
  1.2787  -1.5192   1.0131  -2.3441
  1.2768  -1.5055   1.0148  -2.3454
  1.2747  -1.4915   1.0164  -2.3466
  1.2725  -1.4772   1.0177  -2.3476
  1.2701  -1.4627   1.0189  -2.3486
  1.2675  -1.4478   1.0198  -2.3494
  1.2647  -1.4326   1.0205  -2.3501
  1.2617  -1.4171   1.0210  -2.3505
  1.2586  -1.4013   1.0213  -2.3508
  1.2586  -1.4013   1.0213  -2.3508
  1.2552  -1.3852   1.0213  -2.3508
  1.2529  -1.3759   1.0201  -2.3519
  1.2513  -1.3716   1.0179  -2.3540
  1.2504  -1.3712   1.0147  -2.3567
  1.2500  -1.3736   1.0105  -2.3598
  1.2501  -1.3781   1.0055  -2.3634
  1.2505  -1.3841   0.9996  -2.3672
  1.2512  -1.3913   0.9930  -2.3711
  1.2522  -1.3993   0.9856  -2.3752
  1.2535  -1.4080   0.9776  -2.3792
  1.2549  -1.4170   0.9690  -2.3833
  1.2564  -1.4263   0.9598  -2.3873
  1.2581  -1.4358   0.9500  -2.3912
  1.2600  -1.4455   0.9397  -2.3949
  1.2619  -1.4552   0.9290  -2.3985
  1.2640  -1.4650   0.9178  -2.4019
  1.2661  -1.4748   0.9063  -2.4051
  1.2683  -1.4846   0.8944  -2.4081
  1.2706  -1.4944   0.8821  -2.4109
  1.2729  -1.5042   0.8696  -2.4134
  1.2752  -1.5139   0.8568  -2.4156
  1.2776  -1.5237   0.8437  -2.4176
  1.2800  -1.5333   0.8305  -2.4193
  1.2824  -1.5430   0.8171  -2.4207
  1.2849  -1.5526   0.8035  -2.4218
  1.2873  -1.5623   0.7899  -2.4226
  1.2898  -1.5718   0.7761  -2.4231
  1.2922  -1.5814   0.7622  -2.4232
  1.2946  -1.5909   0.7484  -2.4231
  1.2970  -1.6005   0.7344  -2.4226
  1.2993  -1.6100   0.7205  -2.4218
  1.3016  -1.6195   0.7066  -2.4207
  1.3039  -1.6289   0.6928  -2.4192
  1.3061  -1.6384   0.6790  -2.4174
  1.3083  -1.6478   0.6653  -2.4153
  1.3103  -1.6573   0.6517  -2.4128
  1.3124  -1.6667   0.6382  -2.4100
  1.3143  -1.6761   0.6248  -2.4069
  1.3162  -1.6855   0.6116  -2.4035
  1.3179  -1.6949   0.5985  -2.3997
  1.3196  -1.7043   0.5857  -2.3956
  1.3212  -1.7137   0.5730  -2.3912
  1.3227  -1.7230   0.5605  -2.3864
  1.3241  -1.7324   0.5482  -2.3814
  1.3254  -1.7417   0.5362  -2.3760
  1.3265  -1.7510   0.5244  -2.3703
  1.3275  -1.7603   0.5129  -2.3643
  1.3285  -1.7696   0.5016  -2.3580
  1.3293  -1.7788   0.4906  -2.3514
  1.3299  -1.7881   0.4799  -2.3446
  1.3304  -1.7973   0.4694  -2.3374
  1.3308  -1.8065   0.4593  -2.3299
  1.3311  -1.8156   0.4495  -2.3222
  1.3312  -1.8247   0.4399  -2.3142
  1.3311  -1.8338   0.4307  -2.3059
  1.3309  -1.8429   0.4219  -2.2973
  1.3306  -1.8519   0.4133  -2.2885
  1.3301  -1.8608   0.4051  -2.2795
  1.3294  -1.8697   0.3972  -2.2702
  1.3286  -1.8786   0.3896  -2.2607
  1.3276  -1.8874   0.3824  -2.2509
  1.3265  -1.8961   0.3755  -2.2409
  1.3252  -1.9048   0.3689  -2.2307
  1.3238  -1.9134   0.3628  -2.2203
  1.3222  -1.9220   0.3569  -2.2096
  1.3204  -1.9305   0.3514  -2.1988
  1.3185  -1.9388   0.3462  -2.1878
  1.3164  -1.9472   0.3414  -2.1766
  1.3142  -1.9554   0.3369  -2.1652
  1.3118  -1.9635   0.3328  -2.1536
  1.3092  -1.9716   0.3289  -2.1419
  1.3065  -1.9795   0.3255  -2.1300
  1.3036  -1.9873   0.3223  -2.1180
  1.3006  -1.9951   0.3195  -2.1058
  1.2975  -2.0027   0.3169  -2.0935
  1.2942  -2.0102   0.3147  -2.0811
  1.2907  -2.0176   0.3128  -2.0685
  1.2872  -2.0249   0.3112  -2.0558
  1.2835  -2.0320   0.3099  -2.0430
  1.2796  -2.0391   0.3089  -2.0301
  1.2757  -2.0459   0.3082  -2.0172
  1.2716  -2.0527   0.3077  -2.0041
  1.2675  -2.0593   0.3075  -1.9909
  1.2632  -2.0658   0.3075  -1.9776
  1.2588  -2.0721   0.3078  -1.9643
  1.2543  -2.0783   0.3083  -1.9509
  1.2498  -2.0844   0.3090  -1.9375
  1.2452  -2.0902   0.3100  -1.9239
  1.2405  -2.0960   0.3111  -1.9104
  1.2358  -2.1016   0.3124  -1.8968
  1.2310  -2.1070   0.3139  -1.8831
  1.2261  -2.1123   0.3156  -1.8694
  1.2213  -2.1174   0.3174  -1.8556
  1.2164  -2.1223   0.3193  -1.8418
  1.2115  -2.1271   0.3213  -1.8280
  1.2067  -2.1317   0.3234  -1.8142
  1.2018  -2.1362   0.3256  -1.8003
  1.1970  -2.1405   0.3279  -1.7864
  1.1922  -2.1446   0.3302  -1.7725
  1.1874  -2.1486   0.3326  -1.7586
  1.1828  -2.1524   0.3350  -1.7447
  1.1782  -2.1561   0.3373  -1.7307
  1.1737  -2.1596   0.3397  -1.7167
  1.1693  -2.1630   0.3419  -1.7028
  1.1651  -2.1662   0.3442  -1.6888
  1.1610  -2.1692   0.3463  -1.6749
  1.1570  -2.1721   0.3483  -1.6610
  1.1533  -2.1749   0.3502  -1.6471
  1.1497  -2.1775   0.3520  -1.6334
  1.1464  -2.1800   0.3536  -1.6197
  1.1432  -2.1823   0.3550  -1.6062
  1.1404  -2.1844   0.3562  -1.5930
  1.1378  -2.1865   0.3572  -1.5801
  1.1355  -2.1883   0.3580  -1.5678
  1.1335  -2.1899   0.3585  -1.5562
  1.1319  -2.1914   0.3589  -1.5456
  1.1306  -2.1926   0.3590  -1.5366
  1.1297  -2.1934   0.3591  -1.5295
  1.1297  -2.1934   0.3591  -1.5295
  1.1293  -2.1939   0.3708  -1.5417
  1.1288  -2.1940   0.3825  -1.5536
  1.1283  -2.1937   0.3941  -1.5654
  1.1278  -2.1931   0.4056  -1.5769
  1.1273  -2.1923   0.4171  -1.5882
  1.1267  -2.1912   0.4284  -1.5992
  1.1261  -2.1900   0.4397  -1.6101
  1.1255  -2.1885   0.4509  -1.6208
  1.1249  -2.1870   0.4621  -1.6313
  1.1242  -2.1853   0.4731  -1.6416
  1.1236  -2.1835   0.4841  -1.6516
  1.1229  -2.1816   0.4951  -1.6615
  1.1222  -2.1797   0.5059  -1.6712
  1.1215  -2.1776   0.5167  -1.6807
  1.1208  -2.1755   0.5274  -1.6900
  1.1201  -2.1734   0.5380  -1.6991
  1.1194  -2.1712   0.5486  -1.7080
  1.1186  -2.1690   0.5591  -1.7168
  1.1179  -2.1668   0.5695  -1.7253
  1.1172  -2.1645   0.5799  -1.7337
  1.1164  -2.1622   0.5901  -1.7418
  1.1157  -2.1599   0.6003  -1.7498
  1.1149  -2.1575   0.6105  -1.7576
  1.1141  -2.1552   0.6205  -1.7652
  1.1134  -2.1528   0.6305  -1.7726
  1.1126  -2.1505   0.6404  -1.7798
  1.1119  -2.1481   0.6503  -1.7869
  1.1111  -2.1457   0.6600  -1.7937
  1.1104  -2.1433   0.6697  -1.8004
  1.1096  -2.1410   0.6793  -1.8069
  1.1089  -2.1386   0.6888  -1.8131
  1.1081  -2.1362   0.6982  -1.8192
  1.1074  -2.1338   0.7076  -1.8251
  1.1066  -2.1314   0.7168  -1.8309
  1.1059  -2.1290   0.7260  -1.8364
  1.1052  -2.1266   0.7351  -1.8417
  1.1045  -2.1242   0.7440  -1.8468
  1.1038  -2.1218   0.7529  -1.8518
  1.1031  -2.1195   0.7617  -1.8565
  1.1024  -2.1171   0.7704  -1.8611
  1.1018  -2.1147   0.7789  -1.8654
  1.1011  -2.1124   0.7874  -1.8696
  1.1005  -2.1100   0.7958  -1.8735
  1.0998  -2.1076   0.8040  -1.8773
  1.0992  -2.1053   0.8121  -1.8808
  1.0986  -2.1030   0.8201  -1.8841
  1.0980  -2.1006   0.8280  -1.8873
  1.0974  -2.0983   0.8357  -1.8902
  1.0969  -2.0960   0.8434  -1.8929
  1.0963  -2.0937   0.8508  -1.8954
  1.0958  -2.0915   0.8582  -1.8977
  1.0953  -2.0892   0.8654  -1.8998
  1.0948  -2.0869   0.8724  -1.9017
  1.0943  -2.0847   0.8793  -1.9033
  1.0938  -2.0825   0.8861  -1.9047
  1.0934  -2.0803   0.8926  -1.9059
  1.0930  -2.0781   0.8991  -1.9069
  1.0925  -2.0760   0.9053  -1.9077
  1.0921  -2.0738   0.9114  -1.9082
  1.0918  -2.0717   0.9173  -1.9085
  1.0914  -2.0696   0.9230  -1.9086
  1.0911  -2.0676   0.9285  -1.9084
  1.0907  -2.0656   0.9338  -1.9080
  1.0904  -2.0636   0.9389  -1.9074
  1.0902  -2.0617   0.9438  -1.9065
  1.0899  -2.0598   0.9485  -1.9054
  1.0896  -2.0580   0.9530  -1.9041
  1.0894  -2.0562   0.9573  -1.9025
  1.0892  -2.0546   0.9613  -1.9007
  1.0890  -2.0529   0.9652  -1.8986
  1.0888  -2.0514   0.9687  -1.8962
  1.0887  -2.0500   0.9721  -1.8936
  1.0886  -2.0487   0.9752  -1.8908
  1.0884  -2.0474   0.9780  -1.8877
  1.0883  -2.0464   0.9806  -1.8843
  1.0883  -2.0455   0.9829  -1.8807
  1.0882  -2.0448   0.9850  -1.8768
  1.0882  -2.0443   0.9868  -1.8726
  1.0881  -2.0440   0.9883  -1.8682
  1.0881  -2.0440   0.9883  -1.8682
  1.0881  -2.0440   0.9895  -1.8635
  1.0881  -2.0435   0.9907  -1.8609
  1.0881  -2.0428   0.9918  -1.8599
  1.0881  -2.0417   0.9928  -1.8600
  1.0881  -2.0406   0.9936  -1.8610
  1.0881  -2.0392   0.9944  -1.8627
  1.0881  -2.0378   0.9950  -1.8648
  1.0880  -2.0364   0.9954  -1.8672
  1.0880  -2.0349   0.9958  -1.8699
  1.0880  -2.0333   0.9959  -1.8728
  1.0879  -2.0318   0.9960  -1.8758
  1.0879  -2.0302   0.9959  -1.8789
  1.0878  -2.0286   0.9956  -1.8821
  1.0878  -2.0269   0.9953  -1.8853
  1.0877  -2.0253   0.9948  -1.8886
  1.0877  -2.0237   0.9942  -1.8919
  1.0876  -2.0220   0.9934  -1.8952
  1.0875  -2.0204   0.9926  -1.8985
  1.0874  -2.0187   0.9916  -1.9019
  1.0873  -2.0171   0.9906  -1.9052
  1.0872  -2.0154   0.9894  -1.9085
  1.0871  -2.0138   0.9881  -1.9118
  1.0870  -2.0121   0.9868  -1.9152
  1.0869  -2.0104   0.9853  -1.9185
  1.0868  -2.0087   0.9838  -1.9218
  1.0866  -2.0071   0.9822  -1.9251
  1.0865  -2.0054   0.9805  -1.9284
  1.0864  -2.0037   0.9787  -1.9317
  1.0862  -2.0020   0.9769  -1.9350
  1.0860  -2.0003   0.9750  -1.9383
  1.0859  -1.9986   0.9730  -1.9416
  1.0857  -1.9969   0.9709  -1.9448
  1.0855  -1.9952   0.9688  -1.9481
  1.0853  -1.9935   0.9667  -1.9514
  1.0851  -1.9918   0.9645  -1.9546
  1.0849  -1.9901   0.9622  -1.9579
  1.0846  -1.9884   0.9599  -1.9611
  1.0844  -1.9867   0.9575  -1.9643
  1.0842  -1.9850   0.9551  -1.9675
  1.0839  -1.9833   0.9527  -1.9708
  1.0837  -1.9815   0.9502  -1.9740
  1.0834  -1.9798   0.9477  -1.9772
  1.0831  -1.9781   0.9451  -1.9804
  1.0828  -1.9764   0.9426  -1.9836
  1.0825  -1.9746   0.9400  -1.9867
  1.0822  -1.9729   0.9373  -1.9899
  1.0819  -1.9712   0.9347  -1.9931
  1.0816  -1.9694   0.9320  -1.9962
  1.0812  -1.9677   0.9293  -1.9994
  1.0809  -1.9659   0.9266  -2.0026
  1.0805  -1.9642   0.9238  -2.0057
  1.0802  -1.9624   0.9211  -2.0088
  1.0798  -1.9607   0.9183  -2.0120
  1.0794  -1.9589   0.9156  -2.0151
  1.0790  -1.9572   0.9128  -2.0182
  1.0786  -1.9554   0.9100  -2.0213
  1.0782  -1.9536   0.9072  -2.0244
  1.0778  -1.9519   0.9044  -2.0276
  1.0774  -1.9501   0.9017  -2.0307
  1.0770  -1.9483   0.8989  -2.0337
  1.0765  -1.9466   0.8961  -2.0368
  1.0761  -1.9448   0.8933  -2.0399
  1.0756  -1.9430   0.8905  -2.0430
  1.0751  -1.9412   0.8877  -2.0461
  1.0747  -1.9394   0.8850  -2.0491
  1.0742  -1.9377   0.8822  -2.0522
  1.0737  -1.9359   0.8794  -2.0552
  1.0732  -1.9341   0.8767  -2.0583
  1.0727  -1.9323   0.8740  -2.0613
  1.0722  -1.9305   0.8713  -2.0644
  1.0717  -1.9287   0.8686  -2.0674
  1.0711  -1.9269   0.8659  -2.0704
  1.0706  -1.9251   0.8633  -2.0734
  1.0701  -1.9233   0.8606  -2.0764
  1.0695  -1.9215   0.8580  -2.0794
  1.0690  -1.9197   0.8554  -2.0824
  1.0684  -1.9178   0.8529  -2.0854
  1.0679  -1.9160   0.8503  -2.0884
  1.0673  -1.9142   0.8478  -2.0914
  1.0668  -1.9124   0.8454  -2.0944
  1.0662  -1.9106   0.8429  -2.0974
  1.0656  -1.9087   0.8405  -2.1003
  1.0651  -1.9069   0.8381  -2.1033
  1.0645  -1.9051   0.8358  -2.1062
  1.0639  -1.9032   0.8334  -2.1092
  1.0634  -1.9014   0.8312  -2.1121
  1.0628  -1.8995   0.8289  -2.1151
  1.0622  -1.8977   0.8267  -2.1180
  1.0617  -1.8958   0.8246  -2.1209
  1.0611  -1.8940   0.8225  -2.1238
  1.0605  -1.8921   0.8204  -2.1268
  1.0600  -1.8903   0.8184  -2.1297
  1.0594  -1.8884   0.8164  -2.1326
  1.0588  -1.8865   0.8145  -2.1354
  1.0583  -1.8847   0.8126  -2.1383
  1.0578  -1.8828   0.8108  -2.1412
  1.0572  -1.8809   0.8090  -2.1441
  1.0567  -1.8790   0.8073  -2.1469
  1.0562  -1.8772   0.8057  -2.1498
  1.0557  -1.8753   0.8041  -2.1526
  1.0552  -1.8734   0.8026  -2.1555
  1.0547  -1.8715   0.8011  -2.1583
  1.0542  -1.8696   0.7997  -2.1611
  1.0537  -1.8677   0.7984  -2.1639
  1.0533  -1.8658   0.7971  -2.1667
  1.0529  -1.8639   0.7959  -2.1694
  1.0524  -1.8621   0.7948  -2.1722
  1.0520  -1.8602   0.7937  -2.1749
  1.0517  -1.8583   0.7928  -2.1776
  1.0513  -1.8565   0.7919  -2.1802
  1.0510  -1.8547   0.7910  -2.1828
  1.0506  -1.8529   0.7903  -2.1853
  1.0504  -1.8512   0.7897  -2.1877
  1.0501  -1.8496   0.7891  -2.1900
  1.0499  -1.8481   0.7887  -2.1922
  1.0497  -1.8468   0.7883  -2.1941
  1.0495  -1.8456   0.7880  -2.1957
  1.0494  -1.8447   0.7878  -2.1969
  1.0494  -1.8442   0.7877  -2.1977
  1.0494  -1.8442   0.7877  -2.1977
  1.0559  -1.8495   0.7876  -2.1976
  1.0625  -1.8545   0.7878  -2.1981
  1.0690  -1.8592   0.7882  -2.1989
  1.0755  -1.8635   0.7888  -2.2001
  1.0820  -1.8674   0.7897  -2.2015
  1.0884  -1.8711   0.7908  -2.2032
  1.0948  -1.8744   0.7920  -2.2051
  1.1011  -1.8774   0.7935  -2.2071
  1.1074  -1.8801   0.7952  -2.2093
  1.1136  -1.8824   0.7970  -2.2116
  1.1198  -1.8844   0.7990  -2.2139
  1.1260  -1.8862   0.8012  -2.2164
  1.1320  -1.8876   0.8036  -2.2189
  1.1380  -1.8887   0.8061  -2.2214
  1.1439  -1.8895   0.8087  -2.2240
  1.1498  -1.8900   0.8115  -2.2266
  1.1555  -1.8903   0.8144  -2.2292
  1.1612  -1.8902   0.8175  -2.2318
  1.1668  -1.8898   0.8207  -2.2345
  1.1723  -1.8892   0.8240  -2.2371
  1.1778  -1.8883   0.8274  -2.2398
  1.1831  -1.8870   0.8309  -2.2424
  1.1883  -1.8856   0.8345  -2.2450
  1.1934  -1.8838   0.8382  -2.2476
  1.1984  -1.8818   0.8420  -2.2502
  1.2033  -1.8794   0.8459  -2.2528
  1.2081  -1.8769   0.8498  -2.2554
  1.2128  -1.8740   0.8538  -2.2579
  1.2173  -1.8709   0.8579  -2.2605
  1.2218  -1.8676   0.8620  -2.2630
  1.2261  -1.8639   0.8662  -2.2655
  1.2302  -1.8601   0.8705  -2.2679
  1.2343  -1.8559   0.8747  -2.2704
  1.2382  -1.8515   0.8790  -2.2728
  1.2420  -1.8469   0.8834  -2.2752
  1.2456  -1.8420   0.8877  -2.2776
  1.2491  -1.8369   0.8921  -2.2799
  1.2525  -1.8315   0.8965  -2.2822
  1.2557  -1.8259   0.9009  -2.2846
  1.2588  -1.8201   0.9053  -2.2868
  1.2617  -1.8140   0.9097  -2.2891
  1.2645  -1.8077   0.9140  -2.2913
  1.2671  -1.8011   0.9184  -2.2935
  1.2696  -1.7943   0.9227  -2.2957
  1.2719  -1.7873   0.9270  -2.2978
  1.2741  -1.7800   0.9313  -2.3000
  1.2761  -1.7726   0.9355  -2.3020
  1.2780  -1.7648   0.9397  -2.3041
  1.2798  -1.7569   0.9439  -2.3062
  1.2813  -1.7487   0.9480  -2.3082
  1.2828  -1.7402   0.9521  -2.3102
  1.2840  -1.7316   0.9561  -2.3122
  1.2852  -1.7227   0.9600  -2.3142
  1.2861  -1.7136   0.9639  -2.3161
  1.2870  -1.7042   0.9677  -2.3180
  1.2876  -1.6946   0.9715  -2.3199
  1.2881  -1.6847   0.9752  -2.3218
  1.2885  -1.6747   0.9787  -2.3237
  1.2887  -1.6644   0.9822  -2.3255
  1.2888  -1.6538   0.9856  -2.3273
  1.2887  -1.6430   0.9889  -2.3290
  1.2884  -1.6319   0.9921  -2.3308
  1.2880  -1.6207   0.9952  -2.3325
  1.2874  -1.6091   0.9981  -2.3341
  1.2867  -1.5973   1.0009  -2.3357
  1.2858  -1.5853   1.0036  -2.3373
  1.2848  -1.5730   1.0061  -2.3389
  1.2836  -1.5604   1.0085  -2.3404
  1.2822  -1.5476   1.0108  -2.3418
  1.2807  -1.5345   1.0129  -2.3432
  1.2790  -1.5212   1.0148  -2.3445
  1.2771  -1.5075   1.0166  -2.3458
  1.2751  -1.4935   1.0182  -2.3470
  1.2729  -1.4793   1.0196  -2.3481
  1.2706  -1.4648   1.0208  -2.3491
  1.2681  -1.4500   1.0218  -2.3499
  1.2653  -1.4349   1.0225  -2.3506
  1.2625  -1.4195   1.0230  -2.3510
  1.2594  -1.4038   1.0233  -2.3513
  1.2594  -1.4038   1.0233  -2.3513
  1.2561  -1.3878   1.0233  -2.3513
  1.2538  -1.3784   1.0222  -2.3522
  1.2523  -1.3741   1.0201  -2.3539
  1.2514  -1.3736   1.0171  -2.3561
  1.2509  -1.3758   1.0131  -2.3587
  1.2510  -1.3802   1.0084  -2.3615
  1.2513  -1.3861   1.0029  -2.3646
  1.2520  -1.3931   0.9966  -2.3678
  1.2528  -1.4009   0.9897  -2.3711
  1.2539  -1.4094   0.9822  -2.3743
  1.2552  -1.4182   0.9740  -2.3776
  1.2566  -1.4274   0.9653  -2.3808
  1.2582  -1.4368   0.9561  -2.3839
  1.2598  -1.4463   0.9464  -2.3868
  1.2616  -1.4559   0.9363  -2.3896
  1.2634  -1.4656   0.9257  -2.3923
  1.2654  -1.4753   0.9148  -2.3948
  1.2673  -1.4850   0.9036  -2.3970
  1.2694  -1.4947   0.8920  -2.3991
  1.2715  -1.5043   0.8802  -2.4009
  1.2736  -1.5140   0.8681  -2.4025
  1.2757  -1.5236   0.8558  -2.4039
  1.2779  -1.5332   0.8433  -2.4050
  1.2801  -1.5428   0.8306  -2.4058
  1.2823  -1.5523   0.8178  -2.4064
  1.2844  -1.5618   0.8049  -2.4067
  1.2866  -1.5713   0.7918  -2.4067
  1.2888  -1.5808   0.7787  -2.4064
  1.2909  -1.5902   0.7656  -2.4058
  1.2930  -1.5996   0.7524  -2.4050
  1.2951  -1.6090   0.7392  -2.4038
  1.2971  -1.6184   0.7260  -2.4023
  1.2991  -1.6277   0.7129  -2.4006
  1.3010  -1.6371   0.6998  -2.3985
  1.3029  -1.6464   0.6868  -2.3962
  1.3048  -1.6557   0.6738  -2.3935
  1.3065  -1.6650   0.6610  -2.3906
  1.3082  -1.6743   0.6483  -2.3873
  1.3098  -1.6835   0.6357  -2.3838
  1.3113  -1.6928   0.6232  -2.3799
  1.3127  -1.7020   0.6109  -2.3758
  1.3141  -1.7112   0.5988  -2.3713
  1.3153  -1.7204   0.5869  -2.3666
  1.3165  -1.7296   0.5751  -2.3616
  1.3175  -1.7388   0.5636  -2.3563
  1.3185  -1.7479   0.5523  -2.3507
  1.3193  -1.7571   0.5412  -2.3448
  1.3200  -1.7662   0.5304  -2.3387
  1.3206  -1.7753   0.5198  -2.3323
  1.3210  -1.7843   0.5094  -2.3256
  1.3214  -1.7933   0.4993  -2.3186
  1.3216  -1.8023   0.4895  -2.3114
  1.3217  -1.8113   0.4800  -2.3039
  1.3216  -1.8202   0.4707  -2.2962
  1.3214  -1.8291   0.4617  -2.2882
  1.3211  -1.8380   0.4531  -2.2800
  1.3206  -1.8468   0.4447  -2.2716
  1.3200  -1.8556   0.4366  -2.2629
  1.3193  -1.8643   0.4288  -2.2540
  1.3184  -1.8730   0.4213  -2.2448
  1.3173  -1.8816   0.4142  -2.2355
  1.3161  -1.8901   0.4073  -2.2259
  1.3148  -1.8986   0.4008  -2.2161
  1.3133  -1.9071   0.3946  -2.2061
  1.3117  -1.9155   0.3887  -2.1960
  1.3099  -1.9238   0.3831  -2.1856
  1.3080  -1.9320   0.3778  -2.1751
  1.3059  -1.9401   0.3729  -2.1644
  1.3037  -1.9482   0.3682  -2.1535
  1.3013  -1.9562   0.3639  -2.1424
  1.2988  -1.9641   0.3598  -2.1312
  1.2962  -1.9719   0.3561  -2.1198
  1.2934  -1.9796   0.3527  -2.1083
  1.2905  -1.9873   0.3496  -2.0967
  1.2874  -1.9948   0.3468  -2.0849
  1.2842  -2.0022   0.3442  -2.0729
  1.2809  -2.0095   0.3420  -2.0609
  1.2775  -2.0167   0.3400  -2.0487
  1.2739  -2.0238   0.3383  -2.0365
  1.2703  -2.0308   0.3369  -2.0241
  1.2665  -2.0376   0.3357  -2.0116
  1.2626  -2.0443   0.3348  -1.9990
  1.2586  -2.0510   0.3341  -1.9863
  1.2545  -2.0574   0.3336  -1.9736
  1.2504  -2.0638   0.3334  -1.9608
  1.2461  -2.0700   0.3334  -1.9478
  1.2418  -2.0761   0.3336  -1.9349
  1.2374  -2.0820   0.3340  -1.9218
  1.2330  -2.0879   0.3346  -1.9087
  1.2285  -2.0935   0.3354  -1.8955
  1.2239  -2.0991   0.3363  -1.8823
  1.2194  -2.1045   0.3374  -1.8690
  1.2148  -2.1097   0.3386  -1.8557
  1.2102  -2.1148   0.3399  -1.8423
  1.2055  -2.1198   0.3414  -1.8289
  1.2009  -2.1246   0.3429  -1.8154
  1.1963  -2.1293   0.3446  -1.8019
  1.1918  -2.1338   0.3463  -1.7884
  1.1873  -2.1382   0.3481  -1.7749
  1.1828  -2.1424   0.3498  -1.7613
  1.1784  -2.1465   0.3517  -1.7477
  1.1741  -2.1505   0.3535  -1.7341
  1.1698  -2.1543   0.3553  -1.7204
  1.1657  -2.1580   0.3571  -1.7068
  1.1617  -2.1615   0.3588  -1.6931
  1.1578  -2.1649   0.3605  -1.6795
  1.1541  -2.1682   0.3620  -1.6658
  1.1506  -2.1713   0.3635  -1.6523
  1.1472  -2.1743   0.3649  -1.6388
  1.1440  -2.1772   0.3661  -1.6254
  1.1411  -2.1799   0.3671  -1.6122
  1.1384  -2.1824   0.3680  -1.5992
  1.1360  -2.1848   0.3687  -1.5866
  1.1338  -2.1870   0.3693  -1.5744
  1.1319  -2.1890   0.3696  -1.5631
  1.1304  -2.1908   0.3698  -1.5527
  1.1292  -2.1922   0.3698  -1.5438
  1.1284  -2.1933   0.3698  -1.5369
  1.1284  -2.1933   0.3698  -1.5369
  1.1280  -2.1939   0.3815  -1.5490
  1.1275  -2.1940   0.3932  -1.5609
  1.1270  -2.1938   0.4047  -1.5725
  1.1265  -2.1933   0.4162  -1.5840
  1.1260  -2.1925   0.4276  -1.5952
  1.1255  -2.1915   0.4389  -1.6062
  1.1249  -2.1903   0.4502  -1.6170
  1.1243  -2.1888   0.4614  -1.6277
  1.1237  -2.1873   0.4725  -1.6381
  1.1230  -2.1856   0.4835  -1.6483
  1.1224  -2.1838   0.4945  -1.6583
  1.1217  -2.1819   0.5053  -1.6681
  1.1210  -2.1799   0.5162  -1.6778
  1.1203  -2.1778   0.5269  -1.6872
  1.1196  -2.1757   0.5376  -1.6965
  1.1189  -2.1736   0.5482  -1.7055
  1.1182  -2.1714   0.5587  -1.7144
  1.1174  -2.1691   0.5692  -1.7231
  1.1167  -2.1668   0.5796  -1.7316
  1.1160  -2.1645   0.5899  -1.7399
  1.1152  -2.1622   0.6001  -1.7480
  1.1145  -2.1598   0.6103  -1.7560
  1.1137  -2.1575   0.6204  -1.7637
  1.1129  -2.1551   0.6305  -1.7713
  1.1122  -2.1527   0.6404  -1.7786
  1.1114  -2.1503   0.6503  -1.7858
  1.1107  -2.1479   0.6601  -1.7928
  1.1099  -2.1455   0.6699  -1.7997
  1.1092  -2.1431   0.6795  -1.8063
  1.1084  -2.1407   0.6891  -1.8127
  1.1077  -2.1382   0.6986  -1.8190
  1.1069  -2.1358   0.7080  -1.8251
  1.1062  -2.1334   0.7174  -1.8309
  1.1055  -2.1310   0.7266  -1.8366
  1.1048  -2.1286   0.7358  -1.8421
  1.1041  -2.1262   0.7448  -1.8474
  1.1034  -2.1238   0.7538  -1.8526
  1.1027  -2.1214   0.7627  -1.8575
  1.1020  -2.1190   0.7715  -1.8622
  1.1013  -2.1166   0.7801  -1.8667
  1.1007  -2.1142   0.7887  -1.8711
  1.1000  -2.1118   0.7972  -1.8752
  1.0994  -2.1095   0.8055  -1.8791
  1.0988  -2.1071   0.8138  -1.8828
  1.0981  -2.1048   0.8219  -1.8864
  1.0976  -2.1025   0.8299  -1.8897
  1.0970  -2.1001   0.8378  -1.8928
  1.0964  -2.0978   0.8456  -1.8957
  1.0959  -2.0955   0.8532  -1.8984
  1.0953  -2.0933   0.8607  -1.9009
  1.0948  -2.0910   0.8680  -1.9032
  1.0943  -2.0887   0.8752  -1.9053
  1.0938  -2.0865   0.8823  -1.9071
  1.0934  -2.0843   0.8892  -1.9088
  1.0929  -2.0821   0.8960  -1.9102
  1.0925  -2.0799   0.9026  -1.9114
  1.0921  -2.0778   0.9090  -1.9123
  1.0917  -2.0756   0.9153  -1.9131
  1.0913  -2.0735   0.9213  -1.9136
  1.0909  -2.0715   0.9272  -1.9139
  1.0906  -2.0694   0.9330  -1.9140
  1.0902  -2.0674   0.9385  -1.9138
  1.0899  -2.0654   0.9438  -1.9134
  1.0896  -2.0635   0.9490  -1.9127
  1.0894  -2.0616   0.9539  -1.9119
  1.0891  -2.0598   0.9586  -1.9107
  1.0889  -2.0580   0.9632  -1.9094
  1.0887  -2.0563   0.9675  -1.9078
  1.0885  -2.0546   0.9715  -1.9059
  1.0883  -2.0530   0.9754  -1.9038
  1.0881  -2.0515   0.9790  -1.9014
  1.0880  -2.0501   0.9823  -1.8988
  1.0878  -2.0488   0.9854  -1.8960
  1.0877  -2.0477   0.9883  -1.8928
  1.0876  -2.0466   0.9909  -1.8894
  1.0876  -2.0458   0.9932  -1.8858
  1.0875  -2.0451   0.9953  -1.8819
  1.0875  -2.0446   0.9971  -1.8777
  1.0874  -2.0443   0.9986  -1.8732
  1.0874  -2.0443   0.9986  -1.8732
  1.0874  -2.0443   0.9999  -1.8685
  1.0874  -2.0439   1.0010  -1.8659
  1.0875  -2.0431   1.0021  -1.8649
  1.0875  -2.0421   1.0030  -1.8651
  1.0876  -2.0410   1.0038  -1.8662
  1.0876  -2.0397   1.0045  -1.8679
  1.0877  -2.0383   1.0050  -1.8701
  1.0877  -2.0369   1.0053  -1.8726
  1.0878  -2.0354   1.0055  -1.8754
  1.0879  -2.0339   1.0055  -1.8783
  1.0880  -2.0324   1.0053  -1.8814
  1.0881  -2.0308   1.0050  -1.8846
  1.0882  -2.0292   1.0046  -1.8879
  1.0883  -2.0277   1.0040  -1.8912
  1.0884  -2.0261   1.0033  -1.8946
  1.0885  -2.0245   1.0024  -1.8979
  1.0886  -2.0229   1.0014  -1.9013
  1.0887  -2.0212   1.0003  -1.9047
  1.0887  -2.0196   0.9991  -1.9081
  1.0888  -2.0180   0.9978  -1.9115
  1.0889  -2.0164   0.9963  -1.9149
  1.0890  -2.0147   0.9947  -1.9182
  1.0891  -2.0131   0.9931  -1.9216
  1.0892  -2.0114   0.9913  -1.9250
  1.0892  -2.0098   0.9895  -1.9283
  1.0893  -2.0081   0.9876  -1.9317
  1.0893  -2.0065   0.9855  -1.9350
  1.0894  -2.0048   0.9834  -1.9383
  1.0894  -2.0031   0.9813  -1.9416
  1.0894  -2.0015   0.9790  -1.9449
  1.0895  -1.9998   0.9767  -1.9482
  1.0895  -1.9981   0.9744  -1.9515
  1.0895  -1.9964   0.9720  -1.9547
  1.0895  -1.9947   0.9695  -1.9580
  1.0895  -1.9931   0.9670  -1.9612
  1.0894  -1.9914   0.9644  -1.9645
  1.0894  -1.9897   0.9618  -1.9677
  1.0893  -1.9879   0.9591  -1.9709
  1.0893  -1.9862   0.9564  -1.9741
  1.0892  -1.9845   0.9536  -1.9773
  1.0891  -1.9828   0.9509  -1.9805
  1.0890  -1.9811   0.9481  -1.9837
  1.0889  -1.9794   0.9452  -1.9868
  1.0887  -1.9776   0.9424  -1.9900
  1.0886  -1.9759   0.9395  -1.9931
  1.0884  -1.9741   0.9366  -1.9963
  1.0882  -1.9724   0.9337  -1.9994
  1.0881  -1.9707   0.9307  -2.0025
  1.0878  -1.9689   0.9278  -2.0057
  1.0876  -1.9671   0.9248  -2.0088
  1.0874  -1.9654   0.9219  -2.0119
  1.0871  -1.9636   0.9189  -2.0149
  1.0869  -1.9619   0.9159  -2.0180
  1.0866  -1.9601   0.9129  -2.0211
  1.0863  -1.9583   0.9099  -2.0242
  1.0860  -1.9565   0.9070  -2.0272
  1.0857  -1.9547   0.9040  -2.0303
  1.0853  -1.9530   0.9010  -2.0333
  1.0850  -1.9512   0.8981  -2.0364
  1.0846  -1.9494   0.8951  -2.0394
  1.0842  -1.9476   0.8922  -2.0424
  1.0838  -1.9458   0.8892  -2.0454
  1.0834  -1.9440   0.8863  -2.0484
  1.0830  -1.9422   0.8834  -2.0514
  1.0826  -1.9403   0.8805  -2.0544
  1.0821  -1.9385   0.8777  -2.0574
  1.0816  -1.9367   0.8748  -2.0604
  1.0812  -1.9349   0.8720  -2.0634
  1.0807  -1.9330   0.8692  -2.0663
  1.0802  -1.9312   0.8664  -2.0693
  1.0796  -1.9294   0.8637  -2.0722
  1.0791  -1.9275   0.8609  -2.0752
  1.0786  -1.9257   0.8582  -2.0781
  1.0780  -1.9238   0.8556  -2.0810
  1.0774  -1.9220   0.8529  -2.0840
  1.0769  -1.9201   0.8503  -2.0869
  1.0763  -1.9183   0.8478  -2.0898
  1.0757  -1.9164   0.8452  -2.0927
  1.0751  -1.9145   0.8427  -2.0956
  1.0745  -1.9126   0.8403  -2.0985
  1.0738  -1.9108   0.8379  -2.1014
  1.0732  -1.9089   0.8355  -2.1042
  1.0726  -1.9070   0.8331  -2.1071
  1.0719  -1.9051   0.8308  -2.1100
  1.0713  -1.9032   0.8286  -2.1128
  1.0706  -1.9013   0.8264  -2.1156
  1.0700  -1.8994   0.8242  -2.1185
  1.0693  -1.8975   0.8221  -2.1213
  1.0687  -1.8956   0.8200  -2.1241
  1.0680  -1.8936   0.8180  -2.1269
  1.0674  -1.8917   0.8160  -2.1298
  1.0667  -1.8898   0.8141  -2.1326
  1.0660  -1.8878   0.8122  -2.1353
  1.0654  -1.8859   0.8104  -2.1381
  1.0647  -1.8840   0.8086  -2.1409
  1.0641  -1.8820   0.8069  -2.1437
  1.0634  -1.8800   0.8053  -2.1464
  1.0628  -1.8781   0.8037  -2.1492
  1.0622  -1.8761   0.8022  -2.1519
  1.0616  -1.8741   0.8007  -2.1546
  1.0609  -1.8722   0.7993  -2.1574
  1.0604  -1.8702   0.7980  -2.1601
  1.0598  -1.8682   0.7967  -2.1627
  1.0592  -1.8662   0.7955  -2.1654
  1.0587  -1.8642   0.7943  -2.1681
  1.0581  -1.8623   0.7933  -2.1707
  1.0576  -1.8603   0.7922  -2.1734
  1.0571  -1.8583   0.7913  -2.1759
  1.0566  -1.8563   0.7905  -2.1785
  1.0562  -1.8544   0.7897  -2.1810
  1.0558  -1.8525   0.7889  -2.1835
  1.0554  -1.8506   0.7883  -2.1859
  1.0550  -1.8488   0.7878  -2.1882
  1.0547  -1.8471   0.7873  -2.1904
  1.0545  -1.8455   0.7869  -2.1924
  1.0542  -1.8441   0.7866  -2.1942
  1.0540  -1.8428   0.7863  -2.1958
  1.0539  -1.8419   0.7862  -2.1970
  1.0538  -1.8414   0.7861  -2.1976
  1.0538  -1.8414   0.7861  -2.1976
  1.0538  -1.8414   0.7861  -2.1976
  1.0538  -1.8414   0.7861  -2.1976
  1.0604  -1.8467   0.7860  -2.1976
  1.0670  -1.8517   0.7861  -2.1981
  1.0736  -1.8563   0.7865  -2.1990
  1.0801  -1.8607   0.7871  -2.2003
  1.0866  -1.8647   0.7879  -2.2019
  1.0930  -1.8683   0.7890  -2.2037
  1.0994  -1.8717   0.7902  -2.2057
  1.1057  -1.8747   0.7916  -2.2079
  1.1120  -1.8774   0.7931  -2.2103
  1.1182  -1.8798   0.7949  -2.2128
  1.1244  -1.8819   0.7968  -2.2153
  1.1305  -1.8837   0.7989  -2.2180
  1.1365  -1.8852   0.8011  -2.2207
  1.1425  -1.8863   0.8035  -2.2235
  1.1483  -1.8872   0.8060  -2.2263
  1.1541  -1.8878   0.8087  -2.2291
  1.1599  -1.8881   0.8115  -2.2319
  1.1655  -1.8881   0.8144  -2.2348
  1.1710  -1.8878   0.8175  -2.2376
  1.1765  -1.8873   0.8206  -2.2405
  1.1818  -1.8864   0.8239  -2.2433
  1.1870  -1.8853   0.8272  -2.2461
  1.1922  -1.8839   0.8307  -2.2490
  1.1972  -1.8823   0.8342  -2.2518
  1.2021  -1.8803   0.8379  -2.2545
  1.2069  -1.8781   0.8416  -2.2573
  1.2116  -1.8757   0.8454  -2.2600
  1.2162  -1.8729   0.8492  -2.2627
  1.2206  -1.8699   0.8532  -2.2654
  1.2250  -1.8667   0.8571  -2.2680
  1.2292  -1.8632   0.8612  -2.2707
  1.2332  -1.8594   0.8653  -2.2733
  1.2372  -1.8554   0.8694  -2.2758
  1.2410  -1.8511   0.8736  -2.2783
  1.2447  -1.8466   0.8778  -2.2808
  1.2482  -1.8418   0.8820  -2.2833
  1.2516  -1.8368   0.8863  -2.2857
  1.2549  -1.8316   0.8905  -2.2881
  1.2580  -1.8261   0.8948  -2.2904
  1.2610  -1.8203   0.8991  -2.2928
  1.2638  -1.8144   0.9034  -2.2950
  1.2665  -1.8081   0.9078  -2.2973
  1.2690  -1.8017   0.9121  -2.2995
  1.2715  -1.7950   0.9164  -2.3017
  1.2737  -1.7880   0.9207  -2.3038
  1.2758  -1.7809   0.9249  -2.3059
  1.2778  -1.7734   0.9292  -2.3080
  1.2796  -1.7658   0.9334  -2.3101
  1.2813  -1.7579   0.9376  -2.3121
  1.2828  -1.7498   0.9418  -2.3140
  1.2841  -1.7414   0.9459  -2.3160
  1.2854  -1.7328   0.9500  -2.3179
  1.2864  -1.7239   0.9541  -2.3197
  1.2873  -1.7149   0.9580  -2.3216
  1.2881  -1.7055   0.9620  -2.3234
  1.2887  -1.6960   0.9658  -2.3251
  1.2892  -1.6861   0.9696  -2.3269
  1.2895  -1.6761   0.9733  -2.3285
  1.2896  -1.6658   0.9769  -2.3302
  1.2896  -1.6552   0.9804  -2.3318
  1.2895  -1.6444   0.9839  -2.3334
  1.2892  -1.6334   0.9872  -2.3349
  1.2887  -1.6221   0.9904  -2.3365
  1.2881  -1.6105   0.9935  -2.3379
  1.2873  -1.5987   0.9965  -2.3394
  1.2864  -1.5866   0.9993  -2.3407
  1.2853  -1.5743   1.0020  -2.3421
  1.2840  -1.5617   1.0045  -2.3434
  1.2826  -1.5488   1.0069  -2.3446
  1.2810  -1.5357   1.0091  -2.3458
  1.2792  -1.5223   1.0111  -2.3469
  1.2773  -1.5086   1.0129  -2.3479
  1.2752  -1.4946   1.0146  -2.3489
  1.2730  -1.4803   1.0160  -2.3498
  1.2705  -1.4657   1.0172  -2.3506
  1.2679  -1.4508   1.0182  -2.3512
  1.2651  -1.4356   1.0190  -2.3518
  1.2621  -1.4201   1.0195  -2.3522
  1.2590  -1.4043   1.0198  -2.3524
  1.2590  -1.4043   1.0198  -2.3524
  1.2556  -1.3881   1.0197  -2.3524
  1.2532  -1.3788   1.0186  -2.3535
  1.2516  -1.3747   1.0164  -2.3556
  1.2507  -1.3743   1.0131  -2.3583
  1.2503  -1.3768   1.0090  -2.3615
  1.2504  -1.3814   1.0039  -2.3650
  1.2508  -1.3875   0.9981  -2.3688
  1.2515  -1.3948   0.9915  -2.3727
  1.2525  -1.4028   0.9841  -2.3767
  1.2537  -1.4115   0.9761  -2.3808
  1.2551  -1.4205   0.9675  -2.3848
  1.2567  -1.4298   0.9583  -2.3887
  1.2584  -1.4394   0.9485  -2.3926
  1.2602  -1.4490   0.9383  -2.3963
  1.2621  -1.4587   0.9276  -2.3998
  1.2642  -1.4685   0.9164  -2.4032
  1.2663  -1.4783   0.9049  -2.4064
  1.2685  -1.4881   0.8930  -2.4093
  1.2707  -1.4978   0.8808  -2.4120
  1.2730  -1.5076   0.8683  -2.4145
  1.2754  -1.5173   0.8555  -2.4166
  1.2778  -1.5270   0.8425  -2.4186
  1.2802  -1.5366   0.8293  -2.4202
  1.2826  -1.5463   0.8159  -2.4215
  1.2851  -1.5559   0.8024  -2.4226
  1.2875  -1.5655   0.7888  -2.4233
  1.2899  -1.5750   0.7751  -2.4237
  1.2924  -1.5845   0.7613  -2.4238
  1.2948  -1.5940   0.7474  -2.4236
  1.2971  -1.6035   0.7336  -2.4231
  1.2995  -1.6130   0.7197  -2.4222
  1.3018  -1.6225   0.7059  -2.4210
  1.3041  -1.6319   0.6921  -2.4195
  1.3063  -1.6413   0.6784  -2.4176
  1.3084  -1.6507   0.6647  -2.4155
  1.3105  -1.6601   0.6512  -2.4129
  1.3126  -1.6695   0.6378  -2.4101
  1.3145  -1.6789   0.6245  -2.4069
  1.3164  -1.6883   0.6113  -2.4034
  1.3181  -1.6976   0.5983  -2.3996
  1.3198  -1.7070   0.5855  -2.3954
  1.3214  -1.7163   0.5729  -2.3909
  1.3229  -1.7257   0.5606  -2.3861
  1.3243  -1.7350   0.5484  -2.3810
  1.3256  -1.7443   0.5364  -2.3756
  1.3268  -1.7536   0.5247  -2.3699
  1.3278  -1.7628   0.5133  -2.3638
  1.3287  -1.7721   0.5021  -2.3575
  1.3295  -1.7813   0.4912  -2.3508
  1.3302  -1.7905   0.4806  -2.3439
  1.3307  -1.7997   0.4702  -2.3367
  1.3311  -1.8089   0.4602  -2.3292
  1.3313  -1.8180   0.4505  -2.3214
  1.3314  -1.8271   0.4410  -2.3133
  1.3314  -1.8361   0.4319  -2.3050
  1.3312  -1.8451   0.4231  -2.2964
  1.3309  -1.8541   0.4147  -2.2876
  1.3304  -1.8630   0.4066  -2.2785
  1.3297  -1.8719   0.3988  -2.2691
  1.3289  -1.8808   0.3913  -2.2596
  1.3280  -1.8895   0.3842  -2.2498
  1.3268  -1.8982   0.3774  -2.2397
  1.3256  -1.9069   0.3710  -2.2295
  1.3241  -1.9155   0.3649  -2.2190
  1.3225  -1.9240   0.3591  -2.2084
  1.3208  -1.9324   0.3537  -2.1975
  1.3188  -1.9408   0.3487  -2.1864
  1.3167  -1.9491   0.3439  -2.1752
  1.3145  -1.9573   0.3396  -2.1638
  1.3121  -1.9654   0.3355  -2.1522
  1.3096  -1.9734   0.3318  -2.1405
  1.3068  -1.9813   0.3284  -2.1285
  1.3040  -1.9891   0.3254  -2.1165
  1.3010  -1.9968   0.3226  -2.1043
  1.2978  -2.0044   0.3202  -2.0920
  1.2945  -2.0119   0.3181  -2.0795
  1.2911  -2.0193   0.3163  -2.0669
  1.2875  -2.0265   0.3148  -2.0542
  1.2838  -2.0336   0.3136  -2.0414
  1.2800  -2.0406   0.3127  -2.0285
  1.2760  -2.0475   0.3121  -2.0155
  1.2720  -2.0542   0.3117  -2.0024
  1.2678  -2.0608   0.3116  -1.9892
  1.2635  -2.0672   0.3117  -1.9760
  1.2591  -2.0735   0.3121  -1.9627
  1.2547  -2.0797   0.3127  -1.9493
  1.2501  -2.0857   0.3135  -1.9358
  1.2455  -2.0915   0.3145  -1.9223
  1.2408  -2.0972   0.3158  -1.9087
  1.2361  -2.1028   0.3172  -1.8951
  1.2313  -2.1082   0.3187  -1.8814
  1.2264  -2.1134   0.3205  -1.8677
  1.2216  -2.1185   0.3223  -1.8540
  1.2167  -2.1234   0.3243  -1.8402
  1.2118  -2.1281   0.3264  -1.8264
  1.2069  -2.1327   0.3286  -1.8126
  1.2021  -2.1371   0.3309  -1.7988
  1.1973  -2.1414   0.3333  -1.7849
  1.1925  -2.1455   0.3357  -1.7710
  1.1877  -2.1494   0.3381  -1.7571
  1.1830  -2.1532   0.3405  -1.7432
  1.1785  -2.1569   0.3430  -1.7293
  1.1740  -2.1603   0.3453  -1.7153
  1.1696  -2.1636   0.3477  -1.7014
  1.1653  -2.1668   0.3500  -1.6875
  1.1612  -2.1698   0.3522  -1.6736
  1.1573  -2.1727   0.3542  -1.6597
  1.1535  -2.1754   0.3562  -1.6459
  1.1499  -2.1780   0.3580  -1.6321
  1.1466  -2.1804   0.3596  -1.6185
  1.1435  -2.1826   0.3611  -1.6051
  1.1406  -2.1848   0.3623  -1.5919
  1.1380  -2.1867   0.3634  -1.5791
  1.1357  -2.1885   0.3642  -1.5668
  1.1337  -2.1901   0.3647  -1.5552
  1.1321  -2.1915   0.3651  -1.5447
  1.1308  -2.1927   0.3653  -1.5356
  1.1299  -2.1935   0.3653  -1.5286
