  0.0000   0.0000   0.0000
  0.0058   0.0025  -0.0430
  0.0118   0.0071  -0.0820
  0.0179   0.0118  -0.1232
  0.0240   0.0166  -0.1691
  0.0308   0.0207  -0.2180
  0.0375   0.0247  -0.2646
  0.0441   0.0287  -0.3097
  0.0506   0.0327  -0.3535
  0.0570   0.0366  -0.3960
  0.0635   0.0403  -0.4372
  0.0697   0.0441  -0.4770
  0.0758   0.0478  -0.5156
  0.0819   0.0515  -0.5529
  0.0879   0.0552  -0.5889
  0.0939   0.0586  -0.6238
  0.0997   0.0621  -0.6573
  0.1056   0.0655  -0.6897
  0.1113   0.0689  -0.7208
  0.1168   0.0723  -0.7507
  0.1224   0.0755  -0.7794
  0.1274   0.0792  -0.8067
  0.1325   0.0827  -0.8329
  0.1377   0.0859  -0.8580
  0.1429   0.0890  -0.8819
  0.1481   0.0920  -0.9047
  0.1532   0.0949  -0.9264
  0.1581   0.0979  -0.9469
  0.1630   0.1009  -0.9663
  0.1679   0.1037  -0.9847
  0.1727   0.1064  -1.0019
  0.1774   0.1091  -1.0181
  0.1820   0.1119  -1.0331
  0.1866   0.1145  -1.0470
  0.1910   0.1172  -1.0599
  0.1955   0.1197  -1.0718
  0.1998   0.1222  -1.0826
  0.2041   0.1247  -1.0924
  0.2084   0.1271  -1.1011
  0.2125   0.1295  -1.1089
  0.2166   0.1319  -1.1156
  0.2205   0.1343  -1.1214
  0.2241   0.1369  -1.1260
  0.2279   0.1391  -1.1298
  0.2318   0.1413  -1.1326
  0.2355   0.1434  -1.1345
  0.2392   0.1455  -1.1354
  0.2428   0.1475  -1.1353
  0.2464   0.1495  -1.1343
  0.2499   0.1515  -1.1324
  0.2533   0.1534  -1.1295
  0.2567   0.1553  -1.1257
  0.2600   0.1571  -1.1210
  0.2633   0.1589  -1.1153
  0.2665   0.1607  -1.1088
  0.2697   0.1624  -1.1014
  0.2727   0.1641  -1.0930
  0.2757   0.1657  -1.0838
  0.2787   0.1674  -1.0737
  0.2816   0.1690  -1.0627
  0.2843   0.1705  -1.0509
  0.2871   0.1721  -1.0381
  0.2897   0.1736  -1.0245
  0.2923   0.1751  -1.0101
  0.2948   0.1766  -0.9948
  0.2973   0.1781  -0.9787
  0.2997   0.1796  -0.9623
  0.3021   0.1810  -0.9462
  0.3045   0.1825  -0.9298
  0.3068   0.1840  -0.9131
  0.3090   0.1856  -0.8968
  0.3112   0.1872  -0.8799
  0.3134   0.1888  -0.8625
  0.3156   0.1903  -0.8446
  0.3177   0.1918  -0.8262
  0.3198   0.1934  -0.8077
  0.3218   0.1948  -0.7885
  0.3239   0.1963  -0.7689
  0.3258   0.1977  -0.7489
  0.3278   0.1991  -0.7285
  0.3297   0.2005  -0.7078
  0.3317   0.2019  -0.6866
  0.3335   0.2033  -0.6651
  0.3354   0.2047  -0.6431
  0.3372   0.2060  -0.6208
  0.3390   0.2074  -0.5981
  0.3407   0.2087  -0.5750
  0.3425   0.2100  -0.5515
  0.3442   0.2112  -0.5276
  0.3459   0.2125  -0.5033
  0.3467   0.2154  -0.4853
  0.3484   0.2165  -0.4600
  0.3500   0.2176  -0.4344
  0.3516   0.2187  -0.4083
  0.3532   0.2198  -0.3818
  0.3548   0.2208  -0.3546
  0.3564   0.2217  -0.3270
  0.3580   0.2226  -0.2989
  0.3595   0.2235  -0.2697
  0.3610   0.2243  -0.2398
  0.3625   0.2251  -0.2102
  0.3639   0.2259  -0.1793
  0.3653   0.2266  -0.1479
  0.3667   0.2274  -0.1163
  0.3680   0.2281  -0.0845
  0.3693   0.2288  -0.0524
  0.3706   0.2295  -0.0201
  0.3719   0.2302   0.0125
  0.3732   0.2309   0.0454
  0.3744   0.2316   0.0785
  0.3748   0.2334   0.1106
  0.3759   0.2339   0.1473
  0.3771   0.2345   0.1822
  0.3781   0.2349   0.2195
  0.3792   0.2354   0.2571
  0.3802   0.2359   0.2944
  0.3812   0.2364   0.3325
  0.3822   0.2369   0.3703
  0.3831   0.2373   0.4097
  0.3840   0.2378   0.4497
  0.3840   0.2378   0.4497
  0.3883   0.2333   0.4529
  0.3935   0.2297   0.4526
  0.3986   0.2266   0.4528
  0.4039   0.2236   0.4509
  0.4090   0.2208   0.4498
  0.4141   0.2182   0.4481
  0.4192   0.2157   0.4460
  0.4243   0.2133   0.4435
  0.4294   0.2111   0.4405
  0.4345   0.2089   0.4363
  0.4397   0.2068   0.4311
  0.4449   0.2047   0.4254
  0.4500   0.2028   0.4209
  0.4551   0.2011   0.4171
  0.4603   0.1993   0.4110
  0.4655   0.1975   0.4050
  0.4705   0.1960   0.4010
  0.4755   0.1945   0.3970
  0.4806   0.1932   0.3930
  0.4856   0.1918   0.3891
  0.4908   0.1904   0.3832
  0.4960   0.1891   0.3776
  0.5011   0.1879   0.3722
  0.5063   0.1867   0.3672
  0.5114   0.1856   0.3624
  0.5166   0.1846   0.3579
  0.5217   0.1836   0.3536
  0.5268   0.1827   0.3496
  0.5319   0.1819   0.3459
  0.5370   0.1811   0.3424
  0.5421   0.1804   0.3391
  0.5472   0.1797   0.3361
  0.5523   0.1791   0.3334
  0.5574   0.1785   0.3309
  0.5625   0.1780   0.3286
  0.5676   0.1776   0.3266
  0.5727   0.1772   0.3249
  0.5778   0.1769   0.3233
  0.5829   0.1766   0.3220
  0.5880   0.1764   0.3210
  0.5931   0.1762   0.3201
  0.5982   0.1761   0.3196
  0.6034   0.1761   0.3192
  0.6085   0.1761   0.3191
  0.6136   0.1761   0.3193
  0.6187   0.1763   0.3196
  0.6238   0.1764   0.3203
  0.6290   0.1767   0.3211
  0.6341   0.1770   0.3223
  0.6392   0.1773   0.3236
  0.6444   0.1777   0.3253
  0.6495   0.1782   0.3271
  0.6547   0.1787   0.3293
  0.6599   0.1793   0.3317
  0.6650   0.1799   0.3343
  0.6702   0.1806   0.3373
  0.6754   0.1814   0.3404
  0.6806   0.1822   0.3439
  0.6857   0.1831   0.3476
  0.6909   0.1841   0.3516
  0.6961   0.1851   0.3559
  0.7014   0.1861   0.3605
  0.7066   0.1873   0.3653
  0.7118   0.1885   0.3704
  0.7170   0.1897   0.3759
  0.7223   0.1911   0.3816
  0.7275   0.1925   0.3876
  0.7328   0.1939   0.3938
  0.7381   0.1954   0.4004
  0.7433   0.1970   0.4073
  0.7486   0.1987   0.4145
  0.7539   0.2004   0.4220
  0.7592   0.2022   0.4298
  0.7645   0.2040   0.4379
  0.7698   0.2060   0.4463
  0.7752   0.2080   0.4550
  0.7805   0.2100   0.4641
  0.7859   0.2122   0.4734
  0.7912   0.2144   0.4831
  0.7966   0.2167   0.4930
  0.8020   0.2190   0.5033
  0.8074   0.2215   0.5138
  0.8128   0.2240   0.5247
  0.8182   0.2265   0.5359
  0.8236   0.2292   0.5474
  0.8291   0.2319   0.5591
  0.8345   0.2348   0.5711
  0.8400   0.2377   0.5835
  0.8455   0.2407   0.5960
  0.8510   0.2437   0.6089
  0.8565   0.2469   0.6220
  0.8620   0.2501   0.6353
  0.8676   0.2535   0.6488
  0.8731   0.2569   0.6626
  0.8787   0.2605   0.6765
  0.8843   0.2641   0.6905
  0.8899   0.2678   0.7047
  0.8955   0.2717   0.7190
  0.9011   0.2756   0.7333
  0.9011   0.2756   0.7333
  0.9075   0.2768   0.7344
  0.9139   0.2780   0.7372
  0.9201   0.2793   0.7425
  0.9265   0.2804   0.7456
  0.9328   0.2815   0.7513
  0.9391   0.2825   0.7563
  0.9455   0.2834   0.7613
  0.9518   0.2845   0.7686
  0.9581   0.2853   0.7747
  0.9645   0.2863   0.7824
  0.9708   0.2871   0.7896
  0.9772   0.2880   0.7974
  0.9835   0.2888   0.8054
  0.9899   0.2895   0.8134
  0.9963   0.2903   0.8223
  1.0027   0.2911   0.8316
  1.0089   0.2922   0.8457
  1.0153   0.2930   0.8555
  1.0217   0.2938   0.8667
  1.0281   0.2946   0.8778
  1.0344   0.2954   0.8899
  1.0408   0.2962   0.9016
  1.0472   0.2969   0.9141
  1.0536   0.2978   0.9280
  1.0600   0.2986   0.9414
  1.0664   0.2993   0.9546
  1.0728   0.3001   0.9686
  1.0784   0.3031   1.0108
  1.0849   0.3039   1.0252
  1.0913   0.3048   1.0410
  1.0978   0.3056   1.0565
  1.1042   0.3065   1.0733
  1.1106   0.3074   1.0903
  1.1171   0.3082   1.1072
  1.1235   0.3091   1.1246
  1.1295   0.3115   1.1611
  1.1360   0.3124   1.1794
  1.1424   0.3134   1.1993
  1.1489   0.3144   1.2196
  1.1554   0.3154   1.2400
  1.1619   0.3163   1.2604
  1.1683   0.3174   1.2817
  1.1748   0.3185   1.3044
  1.1813   0.3195   1.3267
  1.1878   0.3205   1.3492
  1.1943   0.3217   1.3730
  1.2008   0.3228   1.3970
  1.2073   0.3240   1.4220
  1.2139   0.3252   1.4470
  1.2203   0.3271   1.4808
  1.2268   0.3283   1.5066
  1.2334   0.3296   1.5334
  1.2398   0.3316   1.5692
  1.2464   0.3330   1.5970
  1.2530   0.3344   1.6256
  1.2595   0.3358   1.6547
  1.2661   0.3372   1.6846
  1.2727   0.3387   1.7153
  1.2794   0.3403   1.7463
  1.2860   0.3419   1.7785
  1.2926   0.3437   1.8129
  1.2992   0.3456   1.8491
  1.3059   0.3473   1.8830
  1.3126   0.3491   1.9176
  1.3193   0.3509   1.9526
  1.3260   0.3529   1.9891
  1.3327   0.3548   2.0261
  1.3394   0.3568   2.0636
  1.3462   0.3589   2.1020
  1.3529   0.3610   2.1412
  1.3596   0.3632   2.1816
  1.3664   0.3654   2.2229
  1.3731   0.3677   2.2652
  1.3799   0.3701   2.3077
  1.3867   0.3725   2.3511
  1.3934   0.3749   2.3955
  1.4002   0.3775   2.4408
  1.4070   0.3801   2.4873
  1.4138   0.3830   2.5347
  1.4138   0.3830   2.5347
  1.4125   0.3698   2.5001
  1.4114   0.3575   2.4771
  1.4104   0.3460   2.4624
  1.4095   0.3351   2.4536
  1.4087   0.3245   2.4492
  1.4080   0.3143   2.4478
  1.4074   0.3042   2.4485
  1.4067   0.2943   2.4506
  1.4062   0.2845   2.4537
  1.4056   0.2749   2.4574
  1.4051   0.2652   2.4614
  1.4047   0.2557   2.4655
  1.4042   0.2461   2.4696
  1.4038   0.2366   2.4736
  1.4034   0.2270   2.4774
  1.4031   0.2175   2.4810
  1.4027   0.2080   2.4842
  1.4024   0.1984   2.4872
  1.4021   0.1889   2.4898
  1.4019   0.1793   2.4922
  1.4016   0.1698   2.4941
  1.4014   0.1602   2.4958
  1.4012   0.1506   2.4971
  1.4010   0.1410   2.4982
  1.4008   0.1314   2.4989
  1.4006   0.1218   2.4993
  1.4005   0.1122   2.4994
  1.4003   0.1026   2.4992
  1.4002   0.0929   2.4987
  1.4001   0.0833   2.4980
  1.4000   0.0736   2.4971
  1.3999   0.0639   2.4958
  1.3999   0.0542   2.4944
  1.3998   0.0445   2.4927
  1.3998   0.0348   2.4908
  1.3998   0.0251   2.4887
  1.3998   0.0154   2.4863
  1.3998   0.0057   2.4838
  1.3998  -0.0041   2.4812
  1.3999  -0.0138   2.4783
  1.3999  -0.0236   2.4753
  1.4000  -0.0334   2.4721
  1.4000  -0.0431   2.4687
  1.4001  -0.0529   2.4653
  1.4002  -0.0627   2.4617
  1.4003  -0.0725   2.4579
  1.4004  -0.0823   2.4541
  1.4005  -0.0921   2.4501
  1.4006  -0.1020   2.4460
  1.4008  -0.1118   2.4418
  1.4009  -0.1216   2.4376
  1.4011  -0.1315   2.4332
  1.4012  -0.1413   2.4288
  1.4014  -0.1512   2.4243
  1.4016  -0.1610   2.4197
  1.4017  -0.1709   2.4151
  1.4019  -0.1808   2.4104
  1.4021  -0.1907   2.4057
  1.4023  -0.2006   2.4009
  1.4025  -0.2105   2.3961
  1.4027  -0.2204   2.3912
  1.4029  -0.2303   2.3863
  1.4032  -0.2403   2.3814
  1.4034  -0.2502   2.3765
  1.4036  -0.2601   2.3715
  1.4038  -0.2701   2.3666
  1.4041  -0.2800   2.3616
  1.4043  -0.2900   2.3567
  1.4045  -0.3000   2.3517
  1.4048  -0.3099   2.3468
  1.4050  -0.3199   2.3418
  1.4053  -0.3299   2.3369
  1.4055  -0.3399   2.3320
  1.4058  -0.3499   2.3272
  1.4060  -0.3600   2.3223
  1.4063  -0.3700   2.3175
  1.4065  -0.3800   2.3127
  1.4068  -0.3901   2.3080
  1.4071  -0.4001   2.3034
  1.4073  -0.4102   2.2987
  1.4076  -0.4202   2.2942
  1.4079  -0.4303   2.2897
  1.4081  -0.4404   2.2852
  1.4084  -0.4505   2.2809
  1.4086  -0.4606   2.2766
  1.4089  -0.4707   2.2724
  1.4092  -0.4808   2.2682
  1.4094  -0.4909   2.2642
  1.4097  -0.5011   2.2602
  1.4100  -0.5112   2.2564
  1.4102  -0.5214   2.2527
  1.4105  -0.5315   2.2490
  1.4108  -0.5417   2.2455
  1.4110  -0.5518   2.2422
  1.4113  -0.5620   2.2389
  1.4116  -0.5722   2.2358
  1.4119  -0.5824   2.2329
  1.4121  -0.5926   2.2301
  1.4124  -0.6028   2.2274
  1.4127  -0.6130   2.2250
  1.4129  -0.6232   2.2227
  1.4132  -0.6334   2.2207
  1.4135  -0.6437   2.2189
  1.4137  -0.6539   2.2173
  1.4140  -0.6641   2.2160
  1.4143  -0.6744   2.2151
  1.4146  -0.6846   2.2145
  1.4149  -0.6948   2.2143
  1.4151  -0.7050   2.2146
  1.4154  -0.7152   2.2155
  1.4157  -0.7254   2.2172
  1.4160  -0.7356   2.2197
  1.4163  -0.7457   2.2235
  1.4166  -0.7558   2.2286
  1.4170  -0.7658   2.2357
  1.4173  -0.7758   2.2452
  1.4177  -0.7856   2.2580
  1.4146  -0.7896   2.2919
  1.4140  -0.7758   2.1950
  1.4134  -0.7619   2.0988
  1.4128  -0.7479   2.0032
  1.4122  -0.7338   1.9083
  1.4116  -0.7194   1.8141
  1.4110  -0.7049   1.7206
  1.4105  -0.6903   1.6280
  1.4099  -0.6755   1.5360
  1.4094  -0.6606   1.4448
  1.4089  -0.6454   1.3544
  1.4084  -0.6302   1.2648
  1.4079  -0.6148   1.1759
  1.4075  -0.5992   1.0879
  1.4070  -0.5834   1.0006
  1.4066  -0.5676   0.9141
  1.4062  -0.5515   0.8285
  1.4059  -0.5353   0.7436
  1.4056  -0.5190   0.6595
  1.4053  -0.5025   0.5763
  1.4050  -0.4858   0.4939
  1.4048  -0.4690   0.4124
  1.4046  -0.4521   0.3317
  1.4044  -0.4350   0.2518
  1.4043  -0.4177   0.1728
  1.4042  -0.4003   0.0947
  1.4041  -0.3828   0.0174
  1.4041  -0.3651  -0.0589
  1.4042  -0.3472  -0.1344
  1.4043  -0.3292  -0.2090
  1.4044  -0.3111  -0.2827
  1.4045  -0.2928  -0.3554
  1.4048  -0.2744  -0.4272
  1.4050  -0.2558  -0.4981
  1.4053  -0.2371  -0.5681
  1.4057  -0.2183  -0.6371
  1.4061  -0.1993  -0.7052
  1.4066  -0.1802  -0.7723
  1.4071  -0.1609  -0.8384
  1.4076  -0.1415  -0.9036
  1.4083  -0.1220  -0.9677
  1.4089  -0.1024  -1.0309
  1.4097  -0.0826  -1.0930
  1.4105  -0.0626  -1.1541
  1.4115  -0.0427  -1.2164
  1.4128  -0.0227  -1.2787
  1.4144  -0.0027  -1.3434
  1.4160   0.0174  -1.4064
  1.4178   0.0375  -1.4702
  1.4199   0.0577  -1.5346
  1.4222   0.0780  -1.5991
  1.4246   0.0983  -1.6634
  1.4271   0.1186  -1.7275
  1.4292   0.1394  -1.7853
  1.4314   0.1602  -1.8426
  1.4347   0.1807  -1.9086
  1.4373   0.2016  -1.9668
  1.4400   0.2225  -2.0239
  1.4430   0.2435  -2.0814
  1.4461   0.2645  -2.1389
  1.4493   0.2856  -2.1963
  1.4527   0.3066  -2.2530
  1.4563   0.3278  -2.3104
  1.4601   0.3490  -2.3676
  1.4641   0.3701  -2.4253
  1.4692   0.3909  -2.4933
  1.4735   0.4122  -2.5511
  1.4779   0.4336  -2.6081
  1.4824   0.4549  -2.6639
  1.4875   0.4763  -2.7250
  1.4922   0.4975  -2.7796
  1.4972   0.5191  -2.8361
  1.5024   0.5407  -2.8923
  1.5077   0.5625  -2.9483
  1.5131   0.5841  -3.0043
  1.5187   0.6059  -3.0595
  1.5245   0.6278  -3.1150
  1.5310   0.6488  -3.1780
  1.5370   0.6708  -3.2323
  1.5431   0.6928  -3.2861
  1.5431   0.6928  -3.2861
  1.5357   0.6796  -3.1735
  1.5298   0.6678  -3.0751
  1.5250   0.6569  -2.9884
  1.5211   0.6468  -2.9113
  1.5178   0.6372  -2.8423
  1.5149   0.6279  -2.7802
  1.5123   0.6188  -2.7241
  1.5100   0.6098  -2.6733
  1.5078   0.6008  -2.6272
  1.5057   0.5918  -2.5854
  1.5037   0.5828  -2.5477
  1.5018   0.5737  -2.5136
  1.4999   0.5645  -2.4831
  1.4980   0.5552  -2.4558
  1.4962   0.5458  -2.4316
  1.4944   0.5363  -2.4105
  1.4925   0.5266  -2.3922
  1.4908   0.5168  -2.3766
  1.4890   0.5069  -2.3636
  1.4872   0.4968  -2.3531
  1.4855   0.4867  -2.3450
  1.4838   0.4764  -2.3392
  1.4822   0.4661  -2.3356
  1.4806   0.4556  -2.3340
  1.4791   0.4451  -2.3344
  1.4776   0.4344  -2.3367
  1.4762   0.4237  -2.3407
  1.4748   0.4129  -2.3464
  1.4736   0.4021  -2.3537
  1.4724   0.3912  -2.3625
  1.4713   0.3803  -2.3727
  1.4703   0.3694  -2.3842
  1.4694   0.3584  -2.3968
  1.4686   0.3474  -2.4106
  1.4679   0.3364  -2.4254
  1.4673   0.3254  -2.4412
  1.4668   0.3145  -2.4578
  1.4664   0.3035  -2.4753
  1.4662   0.2925  -2.4934
  1.4660   0.2816  -2.5122
  1.4659   0.2708  -2.5315
  1.4660   0.2599  -2.5514
  1.4662   0.2492  -2.5717
  1.4664   0.2384  -2.5923
  1.4668   0.2278  -2.6133
  1.4673   0.2172  -2.6345
  1.4678   0.2067  -2.6560
  1.4685   0.1962  -2.6776
  1.4692   0.1858  -2.6994
  1.4701   0.1755  -2.7212
  1.4710   0.1653  -2.7431
  1.4720   0.1551  -2.7650
  1.4731   0.1451  -2.7868
  1.4742   0.1351  -2.8086
  1.4755   0.1252  -2.8303
  1.4767   0.1153  -2.8519
  1.4781   0.1056  -2.8734
  1.4795   0.0959  -2.8947
  1.4809   0.0863  -2.9159
  1.4824   0.0768  -2.9369
  1.4839   0.0673  -2.9577
  1.4855   0.0579  -2.9782
  1.4871   0.0486  -2.9986
  1.4887   0.0393  -3.0187
  1.4903   0.0301  -3.0385
  1.4919   0.0210  -3.0582
  1.4936   0.0118  -3.0775
  1.4952   0.0028  -3.0966
  1.4969  -0.0063  -3.1155
  1.4985  -0.0153  -3.1340
  1.5002  -0.0242  -3.1523
  1.5018  -0.0332  -3.1702
  1.5034  -0.0421  -3.1879
  1.5050  -0.0511  -3.2052
  1.5065  -0.0600  -3.2222
  1.5081  -0.0689  -3.2389
  1.5096  -0.0779  -3.2552
  1.5110  -0.0868  -3.2712
  1.5125  -0.0958  -3.2868
  1.5138  -0.1048  -3.3019
  1.5152  -0.1138  -3.3167
  1.5164  -0.1228  -3.3310
  1.5177  -0.1319  -3.3449
  1.5189  -0.1410  -3.3582
  1.5200  -0.1502  -3.3711
  1.5210  -0.1594  -3.3833
  1.5220  -0.1687  -3.3951
  1.5229  -0.1780  -3.4061
  1.5238  -0.1874  -3.4166
  1.5246  -0.1969  -3.4263
  1.5253  -0.2064  -3.4353
  1.5259  -0.2160  -3.4435
  1.5265  -0.2256  -3.4509
  1.5270  -0.2353  -3.4575
  1.5274  -0.2451  -3.4631
  1.5277  -0.2550  -3.4677
  1.5280  -0.2649  -3.4713
  1.5282  -0.2750  -3.4739
  1.5283  -0.2851  -3.4753
  1.5283  -0.2952  -3.4755
  1.5282  -0.3055  -3.4745
  1.5281  -0.3158  -3.4722
  1.5278  -0.3262  -3.4686
  1.5275  -0.3367  -3.4636
  1.5271  -0.3473  -3.4573
  1.5266  -0.3580  -3.4495
  1.5261  -0.3687  -3.4403
  1.5254  -0.3796  -3.4296
  1.5247  -0.3906  -3.4177
  1.5240  -0.4017  -3.4044
  1.5232  -0.4130  -3.3901
  1.5223  -0.4244  -3.3749
  1.5215  -0.4360  -3.3593
  1.5206  -0.4479  -3.3436
  1.5199  -0.4602  -3.3288
  1.5192  -0.4729  -3.3158
  1.5188  -0.4862  -3.3063
  1.5186  -0.5003  -3.3025
  1.5239  -0.4963  -3.2795
  1.5221  -0.4845  -3.2311
  1.5204  -0.4729  -3.1821
  1.5188  -0.4614  -3.1326
  1.5172  -0.4500  -3.0825
  1.5157  -0.4387  -3.0319
  1.5143  -0.4274  -2.9808
  1.5129  -0.4163  -2.9292
  1.5116  -0.4052  -2.8771
  1.5104  -0.3942  -2.8245
  1.5092  -0.3832  -2.7713
  1.5082  -0.3723  -2.7177
  1.5072  -0.3614  -2.6636
  1.5062  -0.3506  -2.6089
  1.5053  -0.3398  -2.5536
  1.5045  -0.3290  -2.4978
  1.5037  -0.3184  -2.4415
  1.5030  -0.3077  -2.3845
  1.5024  -0.2971  -2.3270
  1.5018  -0.2864  -2.2688
  1.5012  -0.2758  -2.2100
  1.5008  -0.2653  -2.1505
  1.5003  -0.2548  -2.0904
  1.4999  -0.2443  -2.0296
  1.4996  -0.2339  -1.9681
  1.4993  -0.2234  -1.9059
  1.4990  -0.2130  -1.8429
  1.4988  -0.2026  -1.7791
  1.4986  -0.1922  -1.7146
  1.4984  -0.1819  -1.6493
  1.4983  -0.1715  -1.5831
  1.4983  -0.1612  -1.5161
  1.4982  -0.1509  -1.4482
  1.4982  -0.1406  -1.3795
  1.4982  -0.1302  -1.3098
  1.4983  -0.1200  -1.2393
  1.4984  -0.1097  -1.1678
  1.4985  -0.0994  -1.0953
  1.4986  -0.0891  -1.0219
  1.4987  -0.0788  -0.9474
  1.4989  -0.0685  -0.8720
  1.4991  -0.0583  -0.7955
  1.4993  -0.0480  -0.7179
  1.4996  -0.0377  -0.6393
  1.4998  -0.0275  -0.5597
  1.5001  -0.0172  -0.4789
  1.5004  -0.0069  -0.3969
  1.5007   0.0034  -0.3139
  1.5010   0.0137  -0.2297
  1.5014   0.0240  -0.1443
  1.5017   0.0343  -0.0577
  1.5021   0.0446   0.0301
  1.5025   0.0550   0.1191
  1.5029   0.0653   0.2093
  1.5033   0.0757   0.3008
  1.5037   0.0861   0.3935
  1.5041   0.0965   0.4876
  1.5045   0.1069   0.5829
  1.5050   0.1174   0.6796
  1.5054   0.1278   0.7775
  1.5059   0.1383   0.8769
  1.5063   0.1488   0.9775
  1.5068   0.1594   1.0795
  1.5073   0.1699   1.1829
  1.5078   0.1805   1.2877
  1.5083   0.1911   1.3939
  1.5088   0.2018   1.5015
  1.5093   0.2124   1.6105
  1.5099   0.2231   1.7209
  1.5104   0.2338   1.8328
  1.5109   0.2445   1.9462
  1.5115   0.2553   2.0610
  1.5120   0.2661   2.1773
  1.5126   0.2768   2.2951
  1.5131   0.2876   2.4144
  1.5137   0.2984   2.5353
  1.5142   0.3092   2.6577
  1.5148   0.3201   2.7818
  1.5153   0.3309   2.9074
  1.5159   0.3417   3.0347
  1.5159   0.3417   3.0347
  1.5148   0.3304   3.0270
  1.5138   0.3195   3.0246
  1.5129   0.3091   3.0261
  1.5119   0.2989   3.0302
  1.5111   0.2889   3.0362
  1.5103   0.2790   3.0435
  1.5095   0.2693   3.0517
  1.5087   0.2596   3.0604
  1.5080   0.2500   3.0694
  1.5073   0.2404   3.0785
  1.5067   0.2309   3.0876
  1.5060   0.2214   3.0967
  1.5054   0.2119   3.1056
  1.5049   0.2023   3.1142
  1.5043   0.1928   3.1227
  1.5038   0.1833   3.1308
  1.5033   0.1738   3.1387
  1.5028   0.1643   3.1464
  1.5023   0.1548   3.1537
  1.5018   0.1452   3.1608
  1.5014   0.1357   3.1676
  1.5010   0.1261   3.1741
  1.5006   0.1166   3.1803
  1.5002   0.1070   3.1863
  1.4998   0.0974   3.1920
  1.4995   0.0878   3.1974
  1.4991   0.0782   3.2026
  1.4988   0.0686   3.2076
  1.4985   0.0590   3.2123
  1.4982   0.0494   3.2167
  1.4979   0.0397   3.2210
  1.4976   0.0301   3.2250
  1.4974   0.0205   3.2288
  1.4971   0.0108   3.2324
  1.4969   0.0011   3.2358
  1.4966  -0.0085   3.2390
  1.4964  -0.0182   3.2420
  1.4962  -0.0279   3.2448
  1.4960  -0.0376   3.2474
  1.4958  -0.0473   3.2499
  1.4956  -0.0570   3.2521
  1.4955  -0.0667   3.2542
  1.4953  -0.0764   3.2562
  1.4952  -0.0862   3.2580
  1.4950  -0.0959   3.2596
  1.4949  -0.1056   3.2611
  1.4948  -0.1154   3.2624
  1.4946  -0.1251   3.2636
  1.4945  -0.1349   3.2647
  1.4944  -0.1447   3.2656
  1.4943  -0.1544   3.2664
  1.4943  -0.1642   3.2670
  1.4942  -0.1740   3.2675
  1.4941  -0.1838   3.2680
  1.4941  -0.1936   3.2682
  1.4940  -0.2034   3.2684
  1.4940  -0.2132   3.2685
  1.4939  -0.2230   3.2684
  1.4939  -0.2328   3.2683
  1.4939  -0.2426   3.2680
  1.4938  -0.2525   3.2676
  1.4938  -0.2623   3.2672
  1.4938  -0.2721   3.2666
  1.4938  -0.2820   3.2659
  1.4938  -0.2918   3.2652
  1.4938  -0.3017   3.2643
  1.4939  -0.3115   3.2633
  1.4939  -0.3214   3.2623
  1.4939  -0.3313   3.2612
  1.4940  -0.3411   3.2600
  1.4940  -0.3510   3.2586
  1.4940  -0.3609   3.2572
  1.4941  -0.3708   3.2558
  1.4942  -0.3807   3.2542
  1.4942  -0.3906   3.2525
  1.4943  -0.4005   3.2508
  1.4944  -0.4104   3.2490
  1.4945  -0.4203   3.2471
  1.4946  -0.4303   3.2451
  1.4947  -0.4402   3.2430
  1.4948  -0.4501   3.2409
  1.4949  -0.4601   3.2386
  1.4950  -0.4700   3.2363
  1.4952  -0.4800   3.2339
  1.4953  -0.4900   3.2314
  1.4954  -0.4999   3.2289
  1.4956  -0.5099   3.2262
  1.4957  -0.5199   3.2235
  1.4959  -0.5299   3.2207
  1.4961  -0.5399   3.2177
  1.4962  -0.5499   3.2147
  1.4964  -0.5600   3.2117
  1.4966  -0.5700   3.2085
  1.4968  -0.5801   3.2052
  1.4970  -0.5901   3.2018
  1.4972  -0.6002   3.1984
  1.4974  -0.6103   3.1948
  1.4976  -0.6203   3.1912
  1.4979  -0.6304   3.1874
  1.4981  -0.6405   3.1836
  1.4984  -0.6507   3.1797
  1.4986  -0.6608   3.1756
  1.4989  -0.6709   3.1715
  1.4991  -0.6811   3.1673
  1.4994  -0.6913   3.1630
  1.4997  -0.7015   3.1586
  1.5000  -0.7117   3.1542
  1.5003  -0.7219   3.1497
  1.5006  -0.7321   3.1452
  1.5009  -0.7423   3.1407
  1.5012  -0.7526   3.1364
  1.5015  -0.7628   3.1321
  1.5018  -0.7731   3.1281
  1.5022  -0.7833   3.1245
  1.5025  -0.7936   3.1215
  1.5028  -0.8039   3.1192
  1.5031  -0.8141   3.1181
  1.5035  -0.8243   3.1186
  1.5038  -0.8345   3.1213
  1.5037  -0.8443   3.1213
  1.5036  -0.8542   3.1213
  1.4963  -0.8596   3.1696
  1.4949  -0.8409   3.0423
  1.4935  -0.8220   2.9170
  1.4921  -0.8029   2.7938
  1.4908  -0.7837   2.6724
  1.4894  -0.7643   2.5530
  1.4880  -0.7448   2.4353
  1.4867  -0.7252   2.3193
  1.4854  -0.7054   2.2051
  1.4841  -0.6855   2.0924
  1.4828  -0.6655   1.9814
  1.4815  -0.6454   1.8720
  1.4802  -0.6251   1.7642
  1.4790  -0.6048   1.6578
  1.4777  -0.5843   1.5530
  1.4765  -0.5637   1.4497
  1.4753  -0.5431   1.3479
  1.4742  -0.5223   1.2475
  1.4731  -0.5014   1.1485
  1.4720  -0.4805   1.0510
  1.4709  -0.4594   0.9549
  1.4699  -0.4383   0.8601
  1.4689  -0.4171   0.7668
  1.4680  -0.3958   0.6748
  1.4671  -0.3745   0.5841
  1.4663  -0.3530   0.4947
  1.4655  -0.3315   0.4066
  1.4648  -0.3100   0.3197
  1.4641  -0.2884   0.2341
  1.4636  -0.2667   0.1496
  1.4631  -0.2450   0.0662
  1.4627  -0.2232  -0.0161
  1.4624  -0.2015  -0.0974
  1.4623  -0.1797  -0.1778
  1.4622  -0.1579  -0.2573
  1.4622  -0.1361  -0.3358
  1.4624  -0.1143  -0.4136
  1.4627  -0.0924  -0.4904
  1.4632  -0.0707  -0.5667
  1.4638  -0.0489  -0.6422
  1.4645  -0.0271  -0.7171
  1.4654  -0.0054  -0.7913
  1.4664   0.0163  -0.8648
  1.4676   0.0379  -0.9376
  1.4690   0.0595  -1.0098
  1.4705   0.0811  -1.0813
  1.4721   0.1026  -1.1521
  1.4739   0.1241  -1.2222
  1.4758   0.1455  -1.2916
  1.4779   0.1669  -1.3602
  1.4801   0.1883  -1.4282
  1.4824   0.2096  -1.4954
  1.4849   0.2309  -1.5619
  1.4876   0.2521  -1.6275
  1.4904   0.2733  -1.6924
  1.4933   0.2944  -1.7565
  1.4963   0.3155  -1.8197
  1.4995   0.3365  -1.8821
  1.5027   0.3576  -1.9437
  1.5062   0.3785  -2.0043
  1.5097   0.3995  -2.0641
  1.5133   0.4203  -2.1230
  1.5171   0.4412  -2.1809
  1.5210   0.4620  -2.2378
  1.5250   0.4828  -2.2938
  1.5291   0.5036  -2.3489
  1.5333   0.5243  -2.4029
  1.5376   0.5450  -2.4559
  1.5420   0.5657  -2.5079
  1.5464   0.5863  -2.5588
  1.5510   0.6070  -2.6086
  1.5557   0.6276  -2.6574
  1.5605   0.6482  -2.7051
  1.5653   0.6688  -2.7516
  1.5703   0.6894  -2.7970
  1.5753   0.7100  -2.8413
  1.5804   0.7305  -2.8844
  1.5855   0.7511  -2.9262
  1.5908   0.7717  -2.9669
  1.5961   0.7923  -3.0063
  1.5961   0.7923  -3.0063
  1.5882   0.7797  -2.9040
  1.5819   0.7682  -2.8146
  1.5767   0.7576  -2.7358
  1.5724   0.7476  -2.6657
  1.5688   0.7381  -2.6029
  1.5657   0.7288  -2.5463
  1.5629   0.7197  -2.4951
  1.5604   0.7107  -2.4486
  1.5581   0.7018  -2.4063
  1.5559   0.6929  -2.3678
  1.5539   0.6839  -2.3328
  1.5519   0.6749  -2.3011
  1.5501   0.6658  -2.2724
  1.5483   0.6567  -2.2465
  1.5465   0.6474  -2.2234
  1.5448   0.6381  -2.2028
  1.5431   0.6286  -2.1846
  1.5415   0.6191  -2.1688
  1.5399   0.6094  -2.1552
  1.5383   0.5997  -2.1437
  1.5368   0.5899  -2.1343
  1.5354   0.5800  -2.1268
  1.5339   0.5700  -2.1212
  1.5326   0.5599  -2.1173
  1.5312   0.5498  -2.1151
  1.5300   0.5396  -2.1146
  1.5288   0.5293  -2.1156
  1.5276   0.5190  -2.1180
  1.5266   0.5086  -2.1218
  1.5255   0.4982  -2.1270
  1.5246   0.4877  -2.1333
  1.5237   0.4772  -2.1409
  1.5230   0.4666  -2.1495
  1.5222   0.4561  -2.1591
  1.5216   0.4455  -2.1697
  1.5211   0.4349  -2.1812
  1.5206   0.4243  -2.1935
  1.5202   0.4137  -2.2065
  1.5199   0.4032  -2.2203
  1.5197   0.3926  -2.2347
  1.5196   0.3820  -2.2497
  1.5195   0.3715  -2.2652
  1.5195   0.3609  -2.2813
  1.5197   0.3504  -2.2977
  1.5198   0.3400  -2.3145
  1.5201   0.3295  -2.3317
  1.5204   0.3191  -2.3491
  1.5209   0.3087  -2.3668
  1.5213   0.2984  -2.3847
  1.5219   0.2881  -2.4028
  1.5225   0.2779  -2.4210
  1.5232   0.2677  -2.4393
  1.5239   0.2576  -2.4577
  1.5247   0.2475  -2.4762
  1.5256   0.2374  -2.4946
  1.5265   0.2274  -2.5131
  1.5275   0.2175  -2.5315
  1.5285   0.2075  -2.5498
  1.5295   0.1977  -2.5681
  1.5306   0.1879  -2.5863
  1.5317   0.1781  -2.6044
  1.5328   0.1684  -2.6223
  1.5340   0.1587  -2.6401
  1.5352   0.1491  -2.6577
  1.5364   0.1395  -2.6751
  1.5376   0.1299  -2.6924
  1.5388   0.1203  -2.7094
  1.5401   0.1108  -2.7263
  1.5413   0.1014  -2.7429
  1.5426   0.0919  -2.7592
  1.5438   0.0825  -2.7754
  1.5451   0.0730  -2.7912
  1.5463   0.0636  -2.8068
  1.5476   0.0542  -2.8222
  1.5488   0.0448  -2.8372
  1.5500   0.0354  -2.8519
  1.5512   0.0261  -2.8663
  1.5524   0.0167  -2.8804
  1.5536   0.0073  -2.8942
  1.5547  -0.0022  -2.9076
  1.5558  -0.0116  -2.9206
  1.5569  -0.0210  -2.9333
  1.5579  -0.0305  -2.9455
  1.5589  -0.0400  -2.9573
  1.5599  -0.0495  -2.9687
  1.5609  -0.0591  -2.9797
  1.5618  -0.0686  -2.9902
  1.5626  -0.0783  -3.0002
  1.5635  -0.0879  -3.0096
  1.5642  -0.0976  -3.0185
  1.5650  -0.1074  -3.0269
  1.5657  -0.1172  -3.0347
  1.5663  -0.1270  -3.0418
  1.5669  -0.1369  -3.0483
  1.5675  -0.1468  -3.0541
  1.5680  -0.1568  -3.0592
  1.5685  -0.1669  -3.0635
  1.5689  -0.1770  -3.0671
  1.5692  -0.1872  -3.0698
  1.5695  -0.1974  -3.0717
  1.5698  -0.2077  -3.0728
  1.5700  -0.2180  -3.0729
  1.5701  -0.2284  -3.0721
  1.5703  -0.2389  -3.0704
  1.5703  -0.2495  -3.0677
  1.5703  -0.2601  -3.0640
  1.5703  -0.2708  -3.0594
  1.5702  -0.2817  -3.0539
  1.5700  -0.2926  -3.0475
  1.5699  -0.3036  -3.0404
  1.5697  -0.3148  -3.0326
  1.5695  -0.3261  -3.0245
  1.5693  -0.3377  -3.0164
  1.5692  -0.3495  -3.0088
  1.5691  -0.3616  -3.0023
  1.5693  -0.3742  -2.9981
  1.5696  -0.3874  -2.9976
  1.5703  -0.4013  -3.0027
  1.5746  -0.4013  -3.0074
  1.5725  -0.3901  -2.9646
  1.5704  -0.3791  -2.9212
  1.5684  -0.3682  -2.8772
  1.5665  -0.3574  -2.8325
  1.5646  -0.3466  -2.7872
  1.5628  -0.3359  -2.7413
  1.5611  -0.3252  -2.6948
  1.5595  -0.3147  -2.6477
  1.5579  -0.3041  -2.6000
  1.5564  -0.2937  -2.5517
  1.5549  -0.2832  -2.5028
  1.5535  -0.2728  -2.4533
  1.5522  -0.2625  -2.4033
  1.5509  -0.2522  -2.3525
  1.5497  -0.2419  -2.3012
  1.5485  -0.2316  -2.2492
  1.5474  -0.2214  -2.1966
  1.5464  -0.2112  -2.1433
  1.5453  -0.2010  -2.0893
  1.5444  -0.1909  -2.0346
  1.5435  -0.1808  -1.9792
  1.5426  -0.1707  -1.9231
  1.5418  -0.1606  -1.8662
  1.5410  -0.1506  -1.8086
  1.5403  -0.1406  -1.7502
  1.5396  -0.1306  -1.6910
  1.5390  -0.1206  -1.6310
  1.5383  -0.1106  -1.5702
  1.5378  -0.1006  -1.5086
  1.5372  -0.0907  -1.4460
  1.5367  -0.0808  -1.3827
  1.5362  -0.0708  -1.3184
  1.5358  -0.0609  -1.2532
  1.5354  -0.0510  -1.1871
  1.5350  -0.0412  -1.1200
  1.5346  -0.0313  -1.0520
  1.5342  -0.0214  -0.9830
  1.5339  -0.0116  -0.9131
  1.5336  -0.0017  -0.8421
  1.5333   0.0081  -0.7701
  1.5331   0.0180  -0.6970
  1.5328   0.0278  -0.6229
  1.5326   0.0377  -0.5477
  1.5324   0.0475  -0.4715
  1.5322   0.0573  -0.3941
  1.5320   0.0672  -0.3156
  1.5319   0.0770  -0.2360
  1.5317   0.0869  -0.1552
  1.5316   0.0967  -0.0732
  1.5315   0.1066   0.0099
  1.5314   0.1165   0.0943
  1.5313   0.1263   0.1798
  1.5312   0.1362   0.2666
  1.5311   0.1461   0.3546
  1.5311   0.1561   0.4439
  1.5310   0.1660   0.5344
  1.5310   0.1759   0.6262
  1.5309   0.1859   0.7193
  1.5309   0.1959   0.8137
  1.5309   0.2059   0.9094
  1.5309   0.2159   1.0065
  1.5309   0.2259   1.1048
  1.5309   0.2359   1.2045
  1.5309   0.2460   1.3056
  1.5309   0.2561   1.4080
  1.5310   0.2662   1.5118
  1.5310   0.2763   1.6170
  1.5310   0.2864   1.7236
  1.5311   0.2966   1.8315
  1.5311   0.3067   1.9409
  1.5312   0.3169   2.0517
  1.5312   0.3270   2.1639
  1.5313   0.3372   2.2776
  1.5314   0.3474   2.3927
  1.5314   0.3576   2.5094
  1.5315   0.3678   2.6275
  1.5316   0.3780   2.7471
  1.5316   0.3881   2.8683
  1.5317   0.3983   2.9911
  1.5317   0.3983   2.9911
  1.5306   0.3871   2.9852
  1.5295   0.3764   2.9843
  1.5285   0.3661   2.9870
  1.5276   0.3559   2.9922
  1.5267   0.3460   2.9992
  1.5258   0.3362   3.0073
  1.5249   0.3266   3.0162
  1.5241   0.3169   3.0256
  1.5234   0.3074   3.0352
  1.5226   0.2978   3.0448
  1.5219   0.2883   3.0545
  1.5213   0.2788   3.0640
  1.5206   0.2693   3.0733
  1.5200   0.2599   3.0824
  1.5194   0.2504   3.0913
  1.5188   0.2409   3.0999
  1.5183   0.2314   3.1082
  1.5178   0.2219   3.1162
  1.5173   0.2124   3.1240
  1.5168   0.2029   3.1314
  1.5163   0.1934   3.1386
  1.5159   0.1838   3.1455
  1.5154   0.1743   3.1521
  1.5150   0.1647   3.1584
  1.5146   0.1552   3.1645
  1.5142   0.1456   3.1703
  1.5139   0.1360   3.1759
  1.5135   0.1264   3.1812
  1.5132   0.1168   3.1862
  1.5129   0.1072   3.1911
  1.5125   0.0976   3.1957
  1.5122   0.0880   3.2000
  1.5120   0.0784   3.2042
  1.5117   0.0687   3.2081
  1.5114   0.0591   3.2119
  1.5112   0.0494   3.2154
  1.5109   0.0398   3.2187
  1.5107   0.0301   3.2219
  1.5105   0.0204   3.2249
  1.5103   0.0107   3.2276
  1.5101   0.0010   3.2303
  1.5099  -0.0087   3.2327
  1.5097  -0.0184   3.2350
  1.5096  -0.0281   3.2371
  1.5094  -0.0378   3.2390
  1.5093  -0.0476   3.2408
  1.5091  -0.0573   3.2425
  1.5090  -0.0670   3.2440
  1.5089  -0.0768   3.2454
  1.5088  -0.0865   3.2466
  1.5087  -0.0963   3.2477
  1.5086  -0.1061   3.2487
  1.5085  -0.1159   3.2495
  1.5084  -0.1256   3.2502
  1.5083  -0.1354   3.2508
  1.5082  -0.1452   3.2513
  1.5082  -0.1550   3.2516
  1.5081  -0.1648   3.2519
  1.5081  -0.1746   3.2520
  1.5081  -0.1844   3.2520
  1.5080  -0.1942   3.2519
  1.5080  -0.2041   3.2517
  1.5080  -0.2139   3.2514
  1.5080  -0.2237   3.2510
  1.5080  -0.2336   3.2506
  1.5080  -0.2434   3.2500
  1.5080  -0.2533   3.2493
  1.5080  -0.2631   3.2485
  1.5080  -0.2730   3.2476
  1.5080  -0.2829   3.2466
  1.5081  -0.2927   3.2455
  1.5081  -0.3026   3.2444
  1.5082  -0.3125   3.2431
  1.5082  -0.3224   3.2418
  1.5083  -0.3323   3.2403
  1.5083  -0.3422   3.2388
  1.5084  -0.3521   3.2372
  1.5085  -0.3620   3.2355
  1.5086  -0.3720   3.2337
  1.5087  -0.3819   3.2318
  1.5088  -0.3918   3.2299
  1.5089  -0.4018   3.2278
  1.5090  -0.4117   3.2257
  1.5091  -0.4217   3.2234
  1.5092  -0.4317   3.2211
  1.5094  -0.4416   3.2187
  1.5095  -0.4516   3.2162
  1.5097  -0.4616   3.2136
  1.5098  -0.4716   3.2109
  1.5100  -0.4816   3.2081
  1.5101  -0.4916   3.2052
  1.5103  -0.5017   3.2022
  1.5105  -0.5117   3.1991
  1.5107  -0.5217   3.1959
  1.5109  -0.5318   3.1926
  1.5111  -0.5419   3.1892
  1.5113  -0.5519   3.1857
  1.5115  -0.5620   3.1820
  1.5118  -0.5721   3.1783
  1.5120  -0.5822   3.1745
  1.5122  -0.5923   3.1705
  1.5125  -0.6025   3.1664
  1.5128  -0.6126   3.1623
  1.5130  -0.6228   3.1580
  1.5133  -0.6330   3.1536
  1.5136  -0.6431   3.1491
  1.5139  -0.6533   3.1446
  1.5142  -0.6636   3.1400
  1.5145  -0.6738   3.1353
  1.5148  -0.6840   3.1306
  1.5151  -0.6943   3.1260
  1.5155  -0.7046   3.1214
  1.5158  -0.7148   3.1170
  1.5161  -0.7251   3.1130
  1.5165  -0.7354   3.1094
  1.5168  -0.7457   3.1065
  1.5171  -0.7560   3.1046
  1.5175  -0.7663   3.1041
  1.5178  -0.7765   3.1055
  1.5177  -0.7864   3.1055
  1.5176  -0.7962   3.1055
  1.5102  -0.8016   3.1541
  1.5097  -0.7841   3.0199
  1.5093  -0.7664   2.8878
  1.5088  -0.7485   2.7578
  1.5084  -0.7305   2.6299
  1.5079  -0.7123   2.5039
  1.5074  -0.6940   2.3798
  1.5069  -0.6756   2.2576
  1.5064  -0.6570   2.1372
  1.5059  -0.6384   2.0185
  1.5054  -0.6196   1.9017
  1.5049  -0.6007   1.7865
  1.5044  -0.5816   1.6731
  1.5039  -0.5625   1.5614
  1.5034  -0.5433   1.4513
  1.5028  -0.5239   1.3428
  1.5023  -0.5045   1.2361
  1.5018  -0.4849   1.1309
  1.5013  -0.4653   1.0274
  1.5008  -0.4456   0.9254
  1.5004  -0.4257   0.8251
  1.4999  -0.4058   0.7264
  1.4994  -0.3858   0.6293
  1.4990  -0.3657   0.5338
  1.4985  -0.3455   0.4399
  1.4981  -0.3252   0.3475
  1.4977  -0.3048   0.2568
  1.4973  -0.2843   0.1677
  1.4969  -0.2638   0.0801
  1.4966  -0.2432  -0.0058
  1.4962  -0.2225  -0.0902
  1.4959  -0.2017  -0.1729
  1.4956  -0.1808  -0.2540
  1.4953  -0.1599  -0.3336
  1.4951  -0.1389  -0.4115
  1.4949  -0.1178  -0.4878
  1.4947  -0.0966  -0.5625
  1.4945  -0.0754  -0.6355
  1.4944  -0.0541  -0.7069
  1.4943  -0.0327  -0.7767
  1.4942  -0.0113  -0.8449
  1.4941   0.0102  -0.9112
  1.4942   0.0317  -0.9769
  1.4945   0.0530  -1.0428
  1.4950   0.0744  -1.1081
  1.4956   0.0957  -1.1728
  1.4964   0.1170  -1.2368
  1.4973   0.1382  -1.3002
  1.4984   0.1593  -1.3636
  1.4998   0.1805  -1.4264
  1.5012   0.2015  -1.4888
  1.5028   0.2224  -1.5496
  1.5045   0.2434  -1.6097
  1.5064   0.2642  -1.6697
  1.5084   0.2850  -1.7285
  1.5105   0.3057  -1.7862
  1.5127   0.3264  -1.8439
  1.5151   0.3471  -1.9006
  1.5177   0.3677  -1.9566
  1.5204   0.3882  -2.0124
  1.5232   0.4087  -2.0662
  1.5261   0.4291  -2.1198
  1.5291   0.4496  -2.1728
  1.5322   0.4698  -2.2236
  1.5356   0.4901  -2.2755
  1.5389   0.5103  -2.3251
  1.5424   0.5305  -2.3740
  1.5459   0.5505  -2.4218
  1.5497   0.5704  -2.4695
  1.5534   0.5904  -2.5148
  1.5577   0.6104  -2.5637
  1.5617   0.6302  -2.6089
  1.5660   0.6504  -2.6536
  1.5702   0.6703  -2.6963
  1.5744   0.6902  -2.7366
  1.5789   0.7100  -2.7787
  1.5837   0.7293  -2.8212
  1.5880   0.7489  -2.8567
  1.5926   0.7689  -2.8935
  1.5977   0.7880  -2.9335
  1.5977   0.7880  -2.9335
  1.5898   0.7754  -2.8310
  1.5835   0.7638  -2.7412
  1.5783   0.7532  -2.6619
  1.5740   0.7432  -2.5914
  1.5704   0.7336  -2.5281
  1.5672   0.7243  -2.4710
  1.5644   0.7152  -2.4193
  1.5619   0.7063  -2.3723
  1.5595   0.6973  -2.3295
  1.5574   0.6884  -2.2905
  1.5553   0.6794  -2.2551
  1.5534   0.6704  -2.2229
  1.5515   0.6613  -2.1938
  1.5497   0.6521  -2.1676
  1.5479   0.6429  -2.1441
  1.5461   0.6335  -2.1232
  1.5445   0.6241  -2.1047
  1.5428   0.6146  -2.0886
  1.5412   0.6049  -2.0748
  1.5396   0.5952  -2.0631
  1.5381   0.5854  -2.0534
  1.5366   0.5755  -2.0458
  1.5351   0.5655  -2.0400
  1.5338   0.5554  -2.0360
  1.5324   0.5452  -2.0338
  1.5311   0.5350  -2.0331
  1.5299   0.5248  -2.0341
  1.5288   0.5144  -2.0365
  1.5277   0.5040  -2.0403
  1.5266   0.4936  -2.0454
  1.5257   0.4831  -2.0518
  1.5248   0.4726  -2.0594
  1.5240   0.4621  -2.0681
  1.5233   0.4515  -2.0778
  1.5227   0.4409  -2.0885
  1.5221   0.4303  -2.1001
  1.5216   0.4197  -2.1125
  1.5213   0.4091  -2.1257
  1.5210   0.3985  -2.1396
  1.5207   0.3879  -2.1542
  1.5206   0.3774  -2.1694
  1.5206   0.3668  -2.1851
  1.5206   0.3563  -2.2013
  1.5207   0.3458  -2.2179
  1.5209   0.3353  -2.2349
  1.5212   0.3249  -2.2523
  1.5216   0.3145  -2.2699
  1.5220   0.3041  -2.2878
  1.5225   0.2938  -2.3060
  1.5231   0.2836  -2.3243
  1.5237   0.2733  -2.3427
  1.5244   0.2632  -2.3612
  1.5252   0.2530  -2.3798
  1.5260   0.2430  -2.3985
  1.5269   0.2329  -2.4172
  1.5278   0.2230  -2.4358
  1.5288   0.2130  -2.4544
  1.5298   0.2032  -2.4730
  1.5309   0.1933  -2.4915
  1.5320   0.1836  -2.5099
  1.5332   0.1738  -2.5281
  1.5343   0.1641  -2.5463
  1.5355   0.1545  -2.5643
  1.5367   0.1449  -2.5821
  1.5380   0.1353  -2.5997
  1.5392   0.1258  -2.6171
  1.5405   0.1163  -2.6344
  1.5418   0.1068  -2.6514
  1.5431   0.0974  -2.6682
  1.5444   0.0880  -2.6848
  1.5457   0.0786  -2.7011
  1.5470   0.0692  -2.7171
  1.5482   0.0599  -2.7329
  1.5495   0.0505  -2.7484
  1.5508   0.0412  -2.7636
  1.5520   0.0318  -2.7785
  1.5533   0.0225  -2.7931
  1.5545   0.0131  -2.8074
  1.5557   0.0038  -2.8213
  1.5568  -0.0056  -2.8349
  1.5579  -0.0150  -2.8481
  1.5591  -0.0244  -2.8609
  1.5601  -0.0338  -2.8733
  1.5612  -0.0433  -2.8853
  1.5622  -0.0528  -2.8969
  1.5632  -0.0623  -2.9080
  1.5641  -0.0718  -2.9186
  1.5650  -0.0814  -2.9288
  1.5658  -0.0911  -2.9384
  1.5666  -0.1007  -2.9475
  1.5674  -0.1105  -2.9560
  1.5681  -0.1202  -2.9639
  1.5688  -0.1301  -2.9712
  1.5694  -0.1399  -2.9778
  1.5700  -0.1499  -2.9837
  1.5705  -0.1599  -2.9889
  1.5710  -0.1699  -2.9933
  1.5714  -0.1800  -2.9970
  1.5718  -0.1902  -2.9998
  1.5721  -0.2004  -3.0018
  1.5723  -0.2107  -3.0029
  1.5726  -0.2210  -3.0031
  1.5727  -0.2315  -3.0023
  1.5728  -0.2419  -3.0006
  1.5729  -0.2525  -2.9978
  1.5729  -0.2632  -2.9941
  1.5728  -0.2739  -2.9895
  1.5727  -0.2847  -2.9839
  1.5726  -0.2957  -2.9774
  1.5724  -0.3067  -2.9701
  1.5722  -0.3179  -2.9622
  1.5720  -0.3293  -2.9539
  1.5718  -0.3409  -2.9455
  1.5717  -0.3527  -2.9377
  1.5716  -0.3649  -2.9310
  1.5717  -0.3775  -2.9265
  1.5721  -0.3908  -2.9256
  1.5728  -0.4048  -2.9305
  1.5771  -0.4047  -2.9347
  1.5749  -0.3936  -2.8936
  1.5729  -0.3826  -2.8519
  1.5709  -0.3717  -2.8094
  1.5691  -0.3608  -2.7664
  1.5672  -0.3501  -2.7227
  1.5655  -0.3394  -2.6784
  1.5638  -0.3287  -2.6336
  1.5622  -0.3182  -2.5881
  1.5606  -0.3076  -2.5420
  1.5591  -0.2972  -2.4954
  1.5577  -0.2867  -2.4481
  1.5563  -0.2763  -2.4003
  1.5550  -0.2660  -2.3518
  1.5538  -0.2557  -2.3027
  1.5526  -0.2454  -2.2529
  1.5515  -0.2351  -2.2025
  1.5504  -0.2249  -2.1514
  1.5494  -0.2147  -2.0997
  1.5484  -0.2045  -2.0472
  1.5475  -0.1944  -1.9941
  1.5466  -0.1843  -1.9402
  1.5458  -0.1742  -1.8856
  1.5450  -0.1641  -1.8302
  1.5442  -0.1540  -1.7741
  1.5435  -0.1440  -1.7172
  1.5429  -0.1340  -1.6594
  1.5423  -0.1240  -1.6009
  1.5417  -0.1140  -1.5415
  1.5411  -0.1040  -1.4812
  1.5406  -0.0941  -1.4201
  1.5401  -0.0841  -1.3581
  1.5396  -0.0742  -1.2952
  1.5392  -0.0642  -1.2313
  1.5388  -0.0543  -1.1665
  1.5384  -0.0444  -1.1008
  1.5381  -0.0345  -1.0340
  1.5377  -0.0246  -0.9663
  1.5374  -0.0147  -0.8976
  1.5372  -0.0049  -0.8278
  1.5369   0.0050  -0.7570
  1.5366   0.0149  -0.6851
  1.5364   0.0248  -0.6122
  1.5362   0.0346  -0.5381
  1.5360   0.0445  -0.4629
  1.5358   0.0544  -0.3867
  1.5357   0.0642  -0.3092
  1.5355   0.0741  -0.2306
  1.5354   0.0840  -0.1508
  1.5352   0.0939  -0.0699
  1.5351   0.1038   0.0123
  1.5350   0.1137   0.0957
  1.5349   0.1236   0.1803
  1.5348   0.1335   0.2662
  1.5347   0.1434   0.3534
  1.5346   0.1534   0.4418
  1.5346   0.1634   0.5315
  1.5345   0.1733   0.6226
  1.5344   0.1833   0.7149
  1.5344   0.1933   0.8086
  1.5344   0.2034   0.9036
  1.5343   0.2134   1.0000
  1.5343   0.2235   1.0978
  1.5343   0.2336   1.1969
  1.5342   0.2437   1.2974
  1.5342   0.2538   1.3994
  1.5342   0.2639   1.5027
  1.5342   0.2741   1.6074
  1.5342   0.2843   1.7136
  1.5342   0.2945   1.8212
  1.5342   0.3047   1.9303
  1.5342   0.3149   2.0408
  1.5342   0.3251   2.1528
  1.5342   0.3354   2.2663
  1.5342   0.3456   2.3813
  1.5342   0.3559   2.4978
  1.5343   0.3661   2.6159
  1.5343   0.3764   2.7355
  1.5343   0.3867   2.8567
  1.5343   0.3969   2.9796
  1.5343   0.3969   2.9796
  1.5332   0.3858   2.9738
  1.5321   0.3751   2.9729
  1.5311   0.3647   2.9756
  1.5302   0.3546   2.9808
  1.5292   0.3447   2.9877
  1.5284   0.3349   2.9957
  1.5275   0.3253   3.0045
  1.5267   0.3156   3.0138
  1.5259   0.3061   3.0233
  1.5252   0.2965   3.0329
  1.5245   0.2870   3.0425
  1.5238   0.2775   3.0519
  1.5232   0.2680   3.0612
  1.5226   0.2586   3.0702
  1.5220   0.2491   3.0790
  1.5214   0.2396   3.0875
  1.5208   0.2301   3.0958
  1.5203   0.2206   3.1038
  1.5198   0.2111   3.1115
  1.5193   0.2016   3.1189
  1.5188   0.1921   3.1261
  1.5184   0.1825   3.1330
  1.5179   0.1730   3.1396
  1.5175   0.1634   3.1459
  1.5171   0.1539   3.1520
  1.5167   0.1443   3.1578
  1.5164   0.1347   3.1633
  1.5160   0.1251   3.1686
  1.5157   0.1155   3.1737
  1.5153   0.1059   3.1786
  1.5150   0.0963   3.1832
  1.5147   0.0867   3.1876
  1.5144   0.0771   3.1918
  1.5142   0.0674   3.1958
  1.5139   0.0578   3.1996
  1.5136   0.0481   3.2031
  1.5134   0.0385   3.2065
  1.5132   0.0288   3.2097
  1.5130   0.0191   3.2128
  1.5128   0.0094   3.2156
  1.5126  -0.0003   3.2183
  1.5124  -0.0100   3.2208
  1.5122  -0.0197   3.2231
  1.5120  -0.0294   3.2253
  1.5119  -0.0391   3.2273
  1.5117  -0.0488   3.2292
  1.5116  -0.0586   3.2309
  1.5114  -0.0683   3.2325
  1.5113  -0.0781   3.2340
  1.5112  -0.0878   3.2353
  1.5111  -0.0976   3.2365
  1.5110  -0.1073   3.2375
  1.5109  -0.1171   3.2385
  1.5108  -0.1269   3.2393
  1.5107  -0.1367   3.2399
  1.5107  -0.1465   3.2405
  1.5106  -0.1563   3.2410
  1.5105  -0.1661   3.2413
  1.5105  -0.1759   3.2415
  1.5104  -0.1857   3.2416
  1.5104  -0.1955   3.2416
  1.5104  -0.2053   3.2415
  1.5104  -0.2151   3.2413
  1.5103  -0.2250   3.2410
  1.5103  -0.2348   3.2406
  1.5103  -0.2447   3.2401
  1.5103  -0.2545   3.2395
  1.5104  -0.2644   3.2389
  1.5104  -0.2742   3.2381
  1.5104  -0.2841   3.2372
  1.5104  -0.2940   3.2362
  1.5105  -0.3039   3.2352
  1.5105  -0.3137   3.2340
  1.5106  -0.3236   3.2328
  1.5106  -0.3335   3.2314
  1.5107  -0.3434   3.2300
  1.5107  -0.3533   3.2285
  1.5108  -0.3633   3.2269
  1.5109  -0.3732   3.2252
  1.5110  -0.3831   3.2234
  1.5111  -0.3931   3.2215
  1.5112  -0.4030   3.2196
  1.5113  -0.4129   3.2175
  1.5114  -0.4229   3.2154
  1.5115  -0.4329   3.2131
  1.5117  -0.4428   3.2108
  1.5118  -0.4528   3.2084
  1.5119  -0.4628   3.2059
  1.5121  -0.4728   3.2032
  1.5123  -0.4828   3.2005
  1.5124  -0.4928   3.1977
  1.5126  -0.5029   3.1948
  1.5128  -0.5129   3.1918
  1.5130  -0.5229   3.1887
  1.5131  -0.5330   3.1854
  1.5133  -0.5430   3.1821
  1.5136  -0.5531   3.1787
  1.5138  -0.5632   3.1751
  1.5140  -0.5733   3.1715
  1.5142  -0.5834   3.1677
  1.5145  -0.5935   3.1638
  1.5147  -0.6037   3.1598
  1.5150  -0.6138   3.1557
  1.5152  -0.6240   3.1515
  1.5155  -0.6341   3.1471
  1.5158  -0.6443   3.1427
  1.5161  -0.6545   3.1382
  1.5164  -0.6647   3.1336
  1.5167  -0.6749   3.1290
  1.5170  -0.6852   3.1244
  1.5173  -0.6954   3.1197
  1.5176  -0.7057   3.1152
  1.5180  -0.7160   3.1109
  1.5183  -0.7262   3.1068
  1.5186  -0.7365   3.1032
  1.5190  -0.7468   3.1003
  1.5193  -0.7571   3.0984
  1.5196  -0.7674   3.0978
  1.5199  -0.7776   3.0992
  1.5126  -0.7830   3.1477
  1.5122  -0.7660   3.0135
  1.5117  -0.7488   2.8815
  1.5113  -0.7314   2.7516
  1.5108  -0.7138   2.6238
  1.5103  -0.6961   2.4978
  1.5098  -0.6783   2.3738
  1.5093  -0.6603   2.2516
  1.5088  -0.6422   2.1313
  1.5083  -0.6239   2.0126
  1.5077  -0.6055   1.8958
  1.5072  -0.5871   1.7806
  1.5067  -0.5684   1.6671
  1.5061  -0.5497   1.5553
  1.5056  -0.5309   1.4451
  1.5050  -0.5119   1.3366
  1.5045  -0.4928   1.2297
  1.5039  -0.4736   1.1243
  1.5034  -0.4544   1.0206
  1.5028  -0.4350   0.9185
  1.5023  -0.4155   0.8180
  1.5017  -0.3959   0.7191
  1.5012  -0.3762   0.6217
  1.5007  -0.3564   0.5260
  1.5002  -0.3365   0.4318
  1.4997  -0.3165   0.3391
  1.4992  -0.2964   0.2481
  1.4987  -0.2763   0.1587
  1.4983  -0.2560   0.0708
  1.4978  -0.2357  -0.0155
  1.4974  -0.2152  -0.1002
  1.4970  -0.1947  -0.1834
  1.4967  -0.1741  -0.2649
  1.4963  -0.1534  -0.3448
  1.4960  -0.1326  -0.4232
  1.4956  -0.1118  -0.4999
  1.4954  -0.0909  -0.5751
  1.4951  -0.0698  -0.6486
  1.4948  -0.0488  -0.7205
  1.4946  -0.0276  -0.7908
  1.4944  -0.0064  -0.8594
  1.4943   0.0150  -0.9263
  1.4941   0.0364  -0.9912
  1.4943   0.0573  -1.0573
  1.4946   0.0785  -1.1220
  1.4949   0.0998  -1.1860
  1.4954   0.1211  -1.2493
  1.4965   0.1419  -1.3147
  1.4974   0.1627  -1.3773
  1.4985   0.1838  -1.4397
  1.4997   0.2048  -1.5014
  1.5011   0.2258  -1.5627
  1.5026   0.2467  -1.6223
  1.5041   0.2673  -1.6802
  1.5058   0.2881  -1.7382
  1.5077   0.3089  -1.7962
  1.5097   0.3293  -1.8520
  1.5118   0.3500  -1.9084
  1.5141   0.3704  -1.9627
  1.5165   0.3910  -2.0179
  1.5191   0.4114  -2.0716
  1.5216   0.4315  -2.1230
  1.5243   0.4517  -2.1738
  1.5269   0.4717  -2.2223
  1.5301   0.4921  -2.2739
  1.5329   0.5119  -2.3196
  1.5376   0.5307  -2.3821
  1.5408   0.5506  -2.4280
  1.5443   0.5705  -2.4749
  1.5484   0.5904  -2.5263
  1.5522   0.6106  -2.5732
  1.5583   0.6284  -2.6396
  1.5623   0.6486  -2.6844
  1.5664   0.6687  -2.7275
  1.5702   0.6882  -2.7661
  1.5737   0.7072  -2.7992
  1.5779   0.7268  -2.8386
  1.5819   0.7457  -2.8727
  1.5856   0.7648  -2.9021
  1.5893   0.7838  -2.9303
  1.5893   0.7838  -2.9303
  1.5817   0.7711  -2.8310
  1.5757   0.7597  -2.7444
  1.5707   0.7490  -2.6680
  1.5666   0.7390  -2.6002
  1.5630   0.7294  -2.5394
  1.5600   0.7201  -2.4847
  1.5573   0.7110  -2.4351
  1.5548   0.7020  -2.3901
  1.5526   0.6930  -2.3491
  1.5505   0.6840  -2.3118
  1.5485   0.6751  -2.2779
  1.5467   0.6660  -2.2470
  1.5449   0.6569  -2.2191
  1.5431   0.6478  -2.1939
  1.5414   0.6385  -2.1712
  1.5398   0.6292  -2.1510
  1.5382   0.6198  -2.1331
  1.5366   0.6103  -2.1174
  1.5351   0.6007  -2.1038
  1.5336   0.5910  -2.0923
  1.5322   0.5812  -2.0826
  1.5307   0.5714  -2.0749
  1.5294   0.5614  -2.0688
  1.5281   0.5514  -2.0645
  1.5268   0.5414  -2.0618
  1.5256   0.5312  -2.0606
  1.5244   0.5210  -2.0608
  1.5233   0.5108  -2.0625
  1.5223   0.5005  -2.0655
  1.5213   0.4901  -2.0697
  1.5204   0.4797  -2.0751
  1.5196   0.4693  -2.0816
  1.5188   0.4589  -2.0892
  1.5181   0.4484  -2.0977
  1.5175   0.4379  -2.1072
  1.5169   0.4274  -2.1175
  1.5164   0.4169  -2.1286
  1.5160   0.4064  -2.1405
  1.5157   0.3958  -2.1530
  1.5155   0.3853  -2.1662
  1.5153   0.3748  -2.1800
  1.5152   0.3643  -2.1943
  1.5152   0.3539  -2.2091
  1.5152   0.3434  -2.2243
  1.5154   0.3330  -2.2399
  1.5156   0.3226  -2.2559
  1.5158   0.3122  -2.2721
  1.5162   0.3019  -2.2887
  1.5166   0.2916  -2.3054
  1.5170   0.2814  -2.3224
  1.5176   0.2711  -2.3395
  1.5181   0.2609  -2.3567
  1.5188   0.2508  -2.3740
  1.5195   0.2407  -2.3914
  1.5202   0.2306  -2.4089
  1.5210   0.2206  -2.4263
  1.5219   0.2107  -2.4437
  1.5228   0.2007  -2.4612
  1.5237   0.1908  -2.4785
  1.5246   0.1810  -2.4958
  1.5256   0.1712  -2.5130
  1.5267   0.1614  -2.5301
  1.5277   0.1517  -2.5471
  1.5288   0.1420  -2.5639
  1.5299   0.1323  -2.5806
  1.5310   0.1227  -2.5971
  1.5321   0.1131  -2.6134
  1.5332   0.1035  -2.6296
  1.5344   0.0939  -2.6455
  1.5355   0.0844  -2.6612
  1.5367   0.0749  -2.6767
  1.5378   0.0654  -2.6920
  1.5390   0.0559  -2.7070
  1.5401   0.0465  -2.7217
  1.5413   0.0370  -2.7362
  1.5424   0.0275  -2.7504
  1.5435   0.0181  -2.7643
  1.5446   0.0086  -2.7779
  1.5457  -0.0009  -2.7912
  1.5468  -0.0103  -2.8041
  1.5478  -0.0198  -2.8168
  1.5488  -0.0293  -2.8290
  1.5498  -0.0388  -2.8409
  1.5508  -0.0484  -2.8524
  1.5517  -0.0580  -2.8634
  1.5526  -0.0676  -2.8741
  1.5535  -0.0772  -2.8843
  1.5543  -0.0868  -2.8940
  1.5551  -0.0965  -2.9033
  1.5559  -0.1063  -2.9120
  1.5566  -0.1160  -2.9203
  1.5573  -0.1259  -2.9279
  1.5580  -0.1357  -2.9350
  1.5586  -0.1456  -2.9415
  1.5592  -0.1556  -2.9474
  1.5597  -0.1656  -2.9526
  1.5602  -0.1756  -2.9571
  1.5606  -0.1857  -2.9609
  1.5610  -0.1959  -2.9640
  1.5614  -0.2061  -2.9663
  1.5617  -0.2163  -2.9678
  1.5620  -0.2267  -2.9684
  1.5622  -0.2371  -2.9683
  1.5624  -0.2475  -2.9673
  1.5625  -0.2581  -2.9654
  1.5626  -0.2687  -2.9626
  1.5627  -0.2793  -2.9590
  1.5627  -0.2901  -2.9546
  1.5627  -0.3010  -2.9495
  1.5626  -0.3119  -2.9437
  1.5626  -0.3230  -2.9374
  1.5625  -0.3343  -2.9309
  1.5625  -0.3458  -2.9246
  1.5625  -0.3575  -2.9189
  1.5627  -0.3695  -2.9145
  1.5630  -0.3820  -2.9125
  1.5635  -0.3950  -2.9144
  1.5644  -0.4088  -2.9221
  1.5686  -0.4091  -2.9293
  1.5665  -0.3980  -2.8875
  1.5644  -0.3870  -2.8451
  1.5625  -0.3761  -2.8021
  1.5606  -0.3652  -2.7586
  1.5588  -0.3544  -2.7145
  1.5571  -0.3438  -2.6699
  1.5554  -0.3331  -2.6247
  1.5538  -0.3225  -2.5791
  1.5523  -0.3120  -2.5328
  1.5509  -0.3016  -2.4861
  1.5495  -0.2911  -2.4388
  1.5482  -0.2807  -2.3909
  1.5469  -0.2704  -2.3425
  1.5458  -0.2601  -2.2935
  1.5447  -0.2498  -2.2439
  1.5436  -0.2395  -2.1937
  1.5426  -0.2293  -2.1429
  1.5417  -0.2191  -2.0915
  1.5408  -0.2089  -2.0394
  1.5400  -0.1987  -1.9866
  1.5392  -0.1886  -1.9331
  1.5385  -0.1785  -1.8789
  1.5378  -0.1684  -1.8240
  1.5372  -0.1583  -1.7683
  1.5366  -0.1483  -1.7119
  1.5360  -0.1382  -1.6547
  1.5355  -0.1282  -1.5967
  1.5350  -0.1181  -1.5378
  1.5346  -0.1081  -1.4781
  1.5342  -0.0981  -1.4176
  1.5339  -0.0881  -1.3562
  1.5335  -0.0781  -1.2939
  1.5332  -0.0681  -1.2306
  1.5329  -0.0581  -1.1664
  1.5327  -0.0481  -1.1013
  1.5325  -0.0382  -1.0351
  1.5323  -0.0282  -0.9680
  1.5321  -0.0182  -0.8999
  1.5320  -0.0082  -0.8307
  1.5318   0.0017  -0.7604
  1.5317   0.0117  -0.6891
  1.5317   0.0217  -0.6168
  1.5316   0.0317  -0.5433
  1.5315   0.0417  -0.4687
  1.5315   0.0517  -0.3929
  1.5315   0.0617  -0.3160
  1.5315   0.0718  -0.2379
  1.5315   0.0818  -0.1586
  1.5315   0.0918  -0.0781
  1.5315   0.1019   0.0036
  1.5316   0.1120   0.0866
  1.5316   0.1221   0.1708
  1.5317   0.1322   0.2563
  1.5318   0.1423   0.3431
  1.5319   0.1524   0.4311
  1.5319   0.1626   0.5205
  1.5320   0.1728   0.6112
  1.5322   0.1830   0.7033
  1.5323   0.1932   0.7966
  1.5324   0.2034   0.8914
  1.5325   0.2137   0.9875
  1.5327   0.2240   1.0850
  1.5328   0.2343   1.1839
  1.5329   0.2446   1.2842
  1.5331   0.2550   1.3859
  1.5333   0.2654   1.4891
  1.5334   0.2758   1.5937
  1.5336   0.2862   1.6997
  1.5338   0.2967   1.8072
  1.5339   0.3071   1.9161
  1.5341   0.3176   2.0265
  1.5343   0.3281   2.1384
  1.5345   0.3387   2.2518
  1.5347   0.3492   2.3668
  1.5349   0.3597   2.4832
  1.5351   0.3703   2.6012
  1.5353   0.3809   2.7208
  1.5355   0.3914   2.8420
  1.5357   0.4020   2.9648
  1.5357   0.4020   2.9648
  1.5346   0.3908   2.9605
  1.5335   0.3801   2.9612
  1.5325   0.3697   2.9654
  1.5315   0.3597   2.9720
  1.5305   0.3497   2.9803
  1.5296   0.3400   2.9897
  1.5287   0.3303   2.9998
  1.5279   0.3207   3.0103
  1.5271   0.3112   3.0209
  1.5264   0.3016   3.0316
  1.5256   0.2921   3.0422
  1.5249   0.2827   3.0526
  1.5243   0.2732   3.0628
  1.5236   0.2637   3.0727
  1.5230   0.2543   3.0823
  1.5224   0.2448   3.0916
  1.5219   0.2353   3.1006
  1.5213   0.2258   3.1092
  1.5208   0.2163   3.1175
  1.5203   0.2068   3.1254
  1.5198   0.1973   3.1330
  1.5194   0.1878   3.1403
  1.5189   0.1783   3.1473
  1.5185   0.1687   3.1539
  1.5181   0.1592   3.1603
  1.5177   0.1496   3.1663
  1.5173   0.1400   3.1721
  1.5170   0.1305   3.1775
  1.5166   0.1209   3.1827
  1.5163   0.1113   3.1876
  1.5160   0.1017   3.1923
  1.5157   0.0921   3.1966
  1.5154   0.0824   3.2008
  1.5151   0.0728   3.2047
  1.5149   0.0631   3.2084
  1.5146   0.0535   3.2118
  1.5144   0.0438   3.2150
  1.5141   0.0342   3.2180
  1.5139   0.0245   3.2208
  1.5137   0.0148   3.2234
  1.5135   0.0051   3.2258
  1.5133  -0.0046   3.2280
  1.5132  -0.0143   3.2300
  1.5130  -0.0240   3.2319
  1.5129  -0.0337   3.2335
  1.5127  -0.0435   3.2350
  1.5126  -0.0532   3.2364
  1.5124  -0.0629   3.2375
  1.5123  -0.0727   3.2385
  1.5122  -0.0824   3.2394
  1.5121  -0.0922   3.2401
  1.5120  -0.1020   3.2407
  1.5119  -0.1117   3.2412
  1.5119  -0.1215   3.2415
  1.5118  -0.1313   3.2416
  1.5117  -0.1411   3.2417
  1.5117  -0.1509   3.2416
  1.5116  -0.1607   3.2414
  1.5116  -0.1705   3.2411
  1.5116  -0.1803   3.2407
  1.5116  -0.1901   3.2401
  1.5115  -0.1999   3.2395
  1.5115  -0.2098   3.2387
  1.5115  -0.2196   3.2379
  1.5115  -0.2294   3.2369
  1.5116  -0.2393   3.2359
  1.5116  -0.2491   3.2347
  1.5116  -0.2590   3.2335
  1.5116  -0.2688   3.2321
  1.5117  -0.2787   3.2307
  1.5117  -0.2886   3.2292
  1.5118  -0.2985   3.2276
  1.5118  -0.3083   3.2259
  1.5119  -0.3182   3.2241
  1.5120  -0.3281   3.2223
  1.5121  -0.3380   3.2203
  1.5122  -0.3479   3.2183
  1.5123  -0.3579   3.2162
  1.5124  -0.3678   3.2140
  1.5125  -0.3777   3.2117
  1.5126  -0.3876   3.2094
  1.5127  -0.3976   3.2070
  1.5128  -0.4075   3.2045
  1.5130  -0.4175   3.2019
  1.5131  -0.4275   3.1992
  1.5132  -0.4374   3.1965
  1.5134  -0.4474   3.1937
  1.5136  -0.4574   3.1908
  1.5137  -0.4674   3.1878
  1.5139  -0.4774   3.1848
  1.5141  -0.4874   3.1817
  1.5143  -0.4974   3.1785
  1.5145  -0.5075   3.1752
  1.5147  -0.5175   3.1718
  1.5149  -0.5276   3.1684
  1.5151  -0.5376   3.1648
  1.5153  -0.5477   3.1612
  1.5155  -0.5578   3.1575
  1.5158  -0.5679   3.1538
  1.5160  -0.5780   3.1499
  1.5163  -0.5881   3.1460
  1.5165  -0.5982   3.1419
  1.5168  -0.6084   3.1379
  1.5170  -0.6185   3.1337
  1.5173  -0.6287   3.1294
  1.5176  -0.6389   3.1251
  1.5179  -0.6491   3.1208
  1.5182  -0.6593   3.1164
  1.5185  -0.6695   3.1121
  1.5188  -0.6798   3.1077
  1.5191  -0.6900   3.1035
  1.5194  -0.7003   3.0993
  1.5198  -0.7106   3.0954
  1.5201  -0.7209   3.0919
  1.5204  -0.7312   3.0889
  1.5207  -0.7415   3.0866
  1.5210  -0.7518   3.0854
  1.5213  -0.7621   3.0856
  1.5215  -0.7724   3.0877
  1.5214  -0.7823   3.0878
  1.5213  -0.7921   3.0878
  1.5140  -0.7975   3.1360
  1.5129  -0.7800   3.0079
  1.5117  -0.7622   2.8820
  1.5105  -0.7443   2.7580
  1.5094  -0.7262   2.6359
  1.5082  -0.7080   2.5157
  1.5071  -0.6896   2.3973
  1.5059  -0.6711   2.2806
  1.5048  -0.6524   2.1656
  1.5037  -0.6336   2.0523
  1.5025  -0.6147   1.9406
  1.5014  -0.5957   1.8304
  1.5003  -0.5765   1.7218
  1.4992  -0.5572   1.6148
  1.4981  -0.5378   1.5093
  1.4971  -0.5183   1.4052
  1.4960  -0.4987   1.3027
  1.4950  -0.4790   1.2016
  1.4940  -0.4592   1.1021
  1.4930  -0.4393   1.0039
  1.4920  -0.4193   0.9072
  1.4911  -0.3992   0.8119
  1.4902  -0.3790   0.7181
  1.4893  -0.3587   0.6256
  1.4885  -0.3384   0.5346
  1.4877  -0.3179   0.4449
  1.4869  -0.2974   0.3566
  1.4862  -0.2768   0.2697
  1.4855  -0.2561   0.1841
  1.4849  -0.2353   0.0998
  1.4843  -0.2145   0.0168
  1.4838  -0.1936  -0.0649
  1.4834  -0.1727  -0.1454
  1.4830  -0.1517  -0.2247
  1.4827  -0.1307  -0.3029
  1.4825  -0.1096  -0.3799
  1.4824  -0.0885  -0.4559
  1.4824  -0.0674  -0.5309
  1.4825  -0.0463  -0.6049
  1.4827  -0.0251  -0.6780
  1.4830  -0.0040  -0.7502
  1.4835   0.0172  -0.8216
  1.4841   0.0383  -0.8922
  1.4848   0.0594  -0.9621
  1.4857   0.0805  -1.0311
  1.4867   0.1016  -1.0995
  1.4878   0.1227  -1.1671
  1.4891   0.1437  -1.2340
  1.4905   0.1647  -1.3002
  1.4920   0.1856  -1.3657
  1.4937   0.2065  -1.4305
  1.4956   0.2274  -1.4945
  1.4976   0.2483  -1.5578
  1.4997   0.2691  -1.6204
  1.5019   0.2899  -1.6822
  1.5043   0.3106  -1.7433
  1.5068   0.3313  -1.8036
  1.5095   0.3519  -1.8631
  1.5122   0.3726  -1.9218
  1.5151   0.3931  -1.9796
  1.5182   0.4137  -2.0367
  1.5213   0.4342  -2.0929
  1.5246   0.4547  -2.1482
  1.5279   0.4751  -2.2027
  1.5314   0.4956  -2.2563
  1.5350   0.5160  -2.3090
  1.5387   0.5363  -2.3608
  1.5426   0.5567  -2.4116
  1.5465   0.5770  -2.4615
  1.5505   0.5973  -2.5104
  1.5546   0.6175  -2.5584
  1.5588   0.6378  -2.6053
  1.5631   0.6580  -2.6513
  1.5675   0.6783  -2.6962
  1.5720   0.6985  -2.7400
  1.5766   0.7187  -2.7828
  1.5812   0.7389  -2.8245
  1.5859   0.7592  -2.8651
  1.5908   0.7794  -2.9045
  1.5956   0.7997  -2.9428
  1.5956   0.7997  -2.9428
  1.5877   0.7869  -2.8399
  1.5813   0.7753  -2.7499
  1.5762   0.7647  -2.6707
  1.5719   0.7546  -2.6002
  1.5682   0.7450  -2.5370
  1.5651   0.7357  -2.4801
  1.5623   0.7266  -2.4285
  1.5598   0.7176  -2.3817
  1.5574   0.7087  -2.3391
  1.5553   0.6997  -2.3003
  1.5533   0.6908  -2.2651
  1.5513   0.6817  -2.2331
  1.5494   0.6727  -2.2042
  1.5476   0.6635  -2.1781
  1.5459   0.6542  -2.1548
  1.5441   0.6449  -2.1340
  1.5425   0.6354  -2.1157
  1.5408   0.6258  -2.0998
  1.5392   0.6162  -2.0861
  1.5376   0.6064  -2.0746
  1.5361   0.5966  -2.0651
  1.5346   0.5867  -2.0576
  1.5332   0.5767  -2.0519
  1.5318   0.5666  -2.0481
  1.5305   0.5564  -2.0460
  1.5292   0.5462  -2.0455
  1.5280   0.5359  -2.0466
  1.5269   0.5256  -2.0491
  1.5258   0.5152  -2.0530
  1.5248   0.5047  -2.0583
  1.5239   0.4942  -2.0648
  1.5230   0.4837  -2.0724
  1.5222   0.4732  -2.0812
  1.5215   0.4626  -2.0910
  1.5209   0.4520  -2.1018
  1.5204   0.4414  -2.1134
  1.5199   0.4308  -2.1259
  1.5196   0.4202  -2.1392
  1.5193   0.4097  -2.1532
  1.5191   0.3991  -2.1678
  1.5190   0.3885  -2.1830
  1.5189   0.3780  -2.1988
  1.5190   0.3674  -2.2150
  1.5191   0.3569  -2.2316
  1.5193   0.3465  -2.2487
  1.5196   0.3361  -2.2661
  1.5200   0.3257  -2.2837
  1.5205   0.3153  -2.3016
  1.5210   0.3050  -2.3198
  1.5216   0.2948  -2.3381
  1.5222   0.2845  -2.3565
  1.5229   0.2744  -2.3750
  1.5237   0.2643  -2.3937
  1.5245   0.2542  -2.4123
  1.5254   0.2442  -2.4310
  1.5264   0.2342  -2.4496
  1.5274   0.2243  -2.4682
  1.5284   0.2144  -2.4868
  1.5295   0.2046  -2.5052
  1.5306   0.1949  -2.5236
  1.5317   0.1851  -2.5418
  1.5329   0.1755  -2.5600
  1.5341   0.1658  -2.5779
  1.5353   0.1562  -2.5957
  1.5366   0.1467  -2.6133
  1.5378   0.1371  -2.6308
  1.5391   0.1277  -2.6480
  1.5404   0.1182  -2.6650
  1.5417   0.1088  -2.6818
  1.5430   0.0994  -2.6983
  1.5443   0.0900  -2.7146
  1.5455   0.0806  -2.7307
  1.5468   0.0712  -2.7464
  1.5481   0.0619  -2.7619
  1.5494   0.0525  -2.7771
  1.5506   0.0432  -2.7920
  1.5518   0.0339  -2.8066
  1.5530   0.0245  -2.8209
  1.5542   0.0152  -2.8348
  1.5554   0.0058  -2.8483
  1.5565  -0.0036  -2.8615
  1.5576  -0.0130  -2.8743
  1.5587  -0.0224  -2.8868
  1.5597  -0.0319  -2.8988
  1.5607  -0.0414  -2.9103
  1.5617  -0.0509  -2.9214
  1.5626  -0.0604  -2.9320
  1.5635  -0.0700  -2.9422
  1.5643  -0.0797  -2.9518
  1.5651  -0.0894  -2.9608
  1.5659  -0.0991  -2.9693
  1.5666  -0.1089  -2.9771
  1.5672  -0.1187  -2.9844
  1.5679  -0.1286  -2.9909
  1.5684  -0.1385  -2.9968
  1.5689  -0.1485  -3.0019
  1.5694  -0.1585  -3.0063
  1.5698  -0.1686  -3.0099
  1.5702  -0.1788  -3.0126
  1.5705  -0.1890  -3.0145
  1.5707  -0.1993  -3.0155
  1.5709  -0.2097  -3.0155
  1.5710  -0.2201  -3.0146
  1.5711  -0.2306  -3.0127
  1.5712  -0.2411  -3.0099
  1.5712  -0.2518  -3.0060
  1.5711  -0.2625  -3.0011
  1.5710  -0.2733  -2.9953
  1.5708  -0.2843  -2.9886
  1.5706  -0.2953  -2.9810
  1.5704  -0.3065  -2.9729
  1.5702  -0.3179  -2.9643
  1.5700  -0.3295  -2.9556
  1.5698  -0.3413  -2.9474
  1.5697  -0.3535  -2.9404
  1.5698  -0.3661  -2.9355
  1.5701  -0.3793  -2.9342
  1.5708  -0.3934  -2.9386
